AL012017,             ARLENE,     27,
20170416, 0600,  , EX, 35.8N,  50.3W,  55,  992,  180,  180,  360,  360,   90,   90,  180,  180,    0,    0,    0,    0, -999,  17.52,  17.78,  17.96,  17.76,  17.48,  17.73,  17.57,  17.41,  16.98,  17.18,  17.88,  18.04,  18.15,  18.38,  16.92,  17.96,  17.57,  18.02,  17.72,  17.72,  18.50,  18.43,  18.84,  18.43,  18.89,  18.88,  18.71,  18.75,  18.54,  18.35,  18.73
20170416, 1200,  , EX, 35.1N,  49.5W,  55,  989,  180,  180,  360,  360,   90,   90,  180,  180,    0,    0,    0,    0, -999,  18.02,  18.05,  18.19,  17.90,  17.77,  18.01,  18.12,  18.26,  18.30,  18.48,  18.84,  18.87,  18.33,  18.42,  18.14,  18.96,  18.90,  19.16,  19.18,  19.25,  19.07,  18.80,  19.37,  19.54,  19.43,  19.10,  18.56,  18.67,  18.49,  17.76,  18.67
20170416, 1800,  , EX, 34.4N,  48.7W,  55,  986,  180,  180,  360,  300,    0,    0,  180,  150,    0,    0,    0,    0, -999,  19.11,  19.21,  19.06,  19.39,  19.07,  19.24,  19.20,  19.58,  19.84,  19.71,  19.99,  19.73,  19.47,  19.79,  19.57,  19.24,  18.73,  19.22,  19.30,  19.35,  19.32,  18.91,  19.37,  19.75,  19.64,  19.76,  19.27,  19.39,  19.52,  18.88,  19.55
20170417, 0000,  , EX, 33.7N,  47.8W,  50,  987,  180,  180,  360,  300,    0,    0,  180,  150,    0,    0,    0,    0, -999,  19.10,  19.38,  19.58,  19.37,  19.64,  19.16,  19.27,  19.09,  18.84,  19.24,  19.09,  19.11,  19.36,  19.13,  19.11,  18.88,  19.51,  19.72,  19.46,  19.22,  19.43,  19.70,  20.14,  19.98,  20.26,  19.61,  19.56,  19.52,  19.48,  19.48,  19.88
20170417, 0600,  , EX, 33.2N,  47.0W,  45,  988,  150,  150,  300,  270,    0,    0,    0,    0,    0,    0,    0,    0, -999,  18.77,  18.69,  19.22,  19.01,  19.14,  18.93,  18.98,  18.73,  18.59,  18.92,  19.24,  19.30,  19.26,  19.21,  19.38,  19.21,  19.35,  19.73,  19.30,  19.40,  19.06,  19.35,  19.71,  19.68,  19.88,  18.99,  18.97,  19.73,  19.00,  19.47,  19.89
20170417, 1200,  , EX, 32.7N,  46.1W,  45,  989,  150,  150,  270,  240,    0,    0,    0,    0,    0,    0,    0,    0, -999,  18.83,  18.09,  18.77,  18.38,  18.65,  18.44,  18.43,  18.22,  17.91,  18.01,  17.94,  18.91,  19.05,  18.90,  18.71,  19.15,  18.67,  19.07,  18.80,  19.02,  18.97,  18.57,  19.17,  18.88,  19.41,  18.97,  18.35,  18.84,  18.88,  19.03,  20.10
20170417, 1800,  , EX, 32.3N,  45.3W,  40,  991,  150,  150,  240,  210,    0,    0,    0,    0,    0,    0,    0,    0, -999,  19.56,  19.96,  19.61,  19.66,  19.26,  19.42,  19.64,  19.18,  19.71,  19.83,  19.23,  20.06,  20.42,  20.14,  20.24,  20.31,  20.25,  20.39,  20.20,  20.25,  19.73,  19.87,  19.96,  20.11,  20.05,  19.93,  19.28,  19.59,  19.42,  19.34,  20.21
20170418, 0000,  , EX, 32.1N,  44.7W,  40,  993,  150,  150,  240,  210,    0,    0,    0,    0,    0,    0,    0,    0, -999,  18.94,  20.06,  19.98,  19.81,  19.92,  19.66,  19.78,  20.06,  19.87,  19.06,  19.99,  20.17,  20.26,  20.07,  20.42,  19.95,  19.92,  20.09,  20.20,  20.16,  19.95,  20.17,  20.20,  19.85,  19.82,  19.82,  20.00,  20.09,  20.20,  20.17,  19.70
20170418, 0600,  , EX, 31.9N,  44.4W,  35,  994,  150,  150,  240,  210,    0,    0,    0,    0,    0,    0,    0,    0, -999,  18.77,  19.95,  19.99,  19.78,  19.91,  19.53,  19.74,  20.05,  19.97,  19.00,  19.85,  19.94,  20.12,  19.89,  20.50,  19.97,  19.80,  20.17,  20.18,  20.14,  19.97,  20.04,  20.16,  19.93,  19.90,  19.67,  19.95,  20.08,  20.49,  20.22,  20.00
20170418, 1200,  , EX, 31.6N,  44.1W,  35,  995,  150,  150,  240,  210,    0,    0,    0,    0,    0,    0,    0,    0, -999,  19.00,  19.88,  19.96,  19.80,  19.88,  19.53,  20.12,  20.24,  20.17,  19.26,  19.86,  20.10,  19.91,  19.86,  20.31,  19.85,  20.01,  20.17,  20.30,  20.11,  20.63,  20.72,  21.36,  21.14,  20.58,  20.01,  20.44,  20.50,  21.17,  21.04,  20.70
20170418, 1800,  , EX, 31.1N,  43.5W,  30,  996,    0,    0,    0,    0,    0,    0,    0,    0,    0,    0,    0,    0, -999,  19.23,  19.82,  19.91,  20.12,  19.98,  19.65,  20.77,  21.53,  20.77,  19.84,  20.06,  20.95,  20.90,  20.98,  20.81,  20.21,  19.97,  20.30,  20.44,  20.09,  21.02,  20.85,  21.68,  21.68,  21.10,  20.64,  21.23,  20.88,  20.93,  20.69,  20.76
20170419, 0000,  , SD, 31.1N,  42.6W,  30,  996,    0,    0,    0,    0,    0,    0,    0,    0,    0,    0,    0,    0, -999,  21.60,  21.25,  20.96,  21.23,  20.10,  21.66,  21.83,  20.88,  20.40,  20.56,  20.95,  21.37,  21.64,  21.37,  20.63,  20.66,  20.87,  21.11,  20.87,  20.89,  20.83,  21.70,  21.48,  21.17,  20.64,  20.76,  20.88,  21.11,  21.03,  20.49,  20.64
20170419, 0600,  , SD, 31.3N,  41.8W,  30,  996,    0,    0,    0,    0,    0,    0,    0,    0,    0,    0,    0,    0, -999,  20.93,  21.06,  20.61,  20.69,  19.96,  20.33,  20.29,  20.03,  19.18,  19.68,  20.77,  20.58,  20.44,  20.91,  20.32,  20.46,  20.19,  20.33,  20.02,  19.59,  20.08,  20.73,  20.77,  20.46,  20.03,  20.18,  20.27,  20.59,  19.82,  19.64,  20.17
20170419, 1200,  , SD, 31.7N,  41.1W,  30,  996,    0,    0,    0,    0,    0,    0,    0,    0,    0,    0,    0,    0, -999,  19.89,  19.90,  19.79,  19.79,  19.54,  19.65,  19.49,  19.97,  19.27,  19.40,  19.72,  19.68,  19.30,  19.57,  19.83,  20.02,  19.27,  19.92,  19.72,  19.62,  19.89,  20.46,  19.92,  20.48,  19.93,  19.89,  20.11,  20.83,  19.88,  19.93,  19.70
20170419, 1800,  , SD, 32.1N,  40.4W,  30,  996,    0,    0,    0,    0,    0,    0,    0,    0,    0,    0,    0,    0, -999,  19.53,  19.29,  18.96,  18.67,  18.77,  19.13,  19.47,  19.46,  18.85,  18.81,  18.91,  18.99,  17.87,  18.44,  19.45,  19.48,  19.12,  19.53,  19.56,  19.61,  19.50,  19.63,  19.63,  19.76,  19.63,  20.00,  19.98,  20.21,  19.86,  19.54,  19.71
20170420, 0000,  , TD, 32.8N,  39.6W,  30,  996,    0,    0,    0,    0,    0,    0,    0,    0,    0,    0,    0,    0, -999,  19.33,  19.19,  18.93,  19.00,  19.21,  19.47,  19.13,  19.17,  19.17,  19.11,  19.18,  18.59,  18.87,  19.22,  19.05,  18.97,  19.00,  19.23,  19.24,  19.10,  19.36,  19.29,  19.39,  19.21,  19.51,  19.04,  19.61,  19.24,  19.20,  19.41,  19.15
20170420, 0600,  , TS, 33.8N,  39.2W,  35,  994,   60,   60,    0,    0,    0,    0,    0,    0,    0,    0,    0,    0, -999,  19.73,  19.21,  18.92,  19.03,  19.24,  19.41,  19.25,  18.77,  19.20,  19.41,  19.82,  18.70,  18.63,  19.06,  19.15,  19.04,  19.26,  19.01,  18.96,  19.08,  19.56,  19.56,  19.68,  19.59,  19.56,  19.64,  19.58,  19.42,  19.41,  19.52,  19.38
20170420, 1200,  , TS, 35.4N,  39.6W,  35,  994,   60,   60,    0,    0,    0,    0,    0,    0,    0,    0,    0,    0, -999,  18.24,  18.00,  17.59,  17.82,  18.02,  18.03,  18.07,  17.30,  17.96,  18.09,  18.21,  17.48,  17.77,  18.21,  18.02,  17.93,  18.55,  18.31,  18.31,  18.17,  18.29,  18.65,  18.66,  18.88,  18.59,  18.75,  18.83,  19.08,  18.95,  18.96,  19.00
20170420, 1800,  , TS, 37.3N,  40.7W,  40,  992,   90,   90,    0,    0,    0,    0,    0,    0,    0,    0,    0,    0, -999,  17.82,  17.73,  17.54,  17.26,  17.64,  17.94,  17.98,  17.05,  17.23,  18.43,  18.34,  17.90,  17.98,  17.71,  17.97,  18.11,  17.99,  17.87,  18.39,  17.59,  17.63,  18.12,  19.07,  17.85,  17.79,  17.96,  17.86,  17.86,  17.50,  18.07,  18.08
20170421, 0000,  , TS, 39.0N,  43.0W,  45,  990,  120,   90,    0,    0,    0,    0,    0,    0,    0,    0,    0,    0, -999,  17.41,  17.25,  17.82,  17.61,  17.32,  17.35,  17.95,  17.73,  17.62,  17.10,  17.93,  17.64,  17.61,  18.00,  17.60,  17.28,  17.58,  17.86,  17.92,  18.11,  18.15,  17.48,  17.80,  17.91,  18.36,  18.21,  17.70,  17.84,  17.96,  18.05,  17.62
20170421, 0600,  , TS, 40.0N,  46.3W,  45,  990,  120,   90,    0,  120,    0,    0,    0,    0,    0,    0,    0,    0, -999,  16.72,  16.75,  16.67,  17.03,  16.72,  16.77,  17.22,  16.66,  17.91,  17.10,  16.96,  16.16,  17.47,  17.30,  17.46,  17.70,  17.61,  17.40,  16.94,  16.95,  17.27,  17.38,  17.59,  16.67,  17.43,  17.19,  16.91,  17.47,  16.78,  16.54,  16.50
20170421, 1200,  , EX, 39.9N,  49.3W,  45,  990,   90,   90,   90,  120,    0,    0,    0,    0,    0,    0,    0,    0, -999,  17.06,  18.13,  17.86,  18.20,  18.11,  18.99,  19.83,  18.92,  17.86,  17.70,  17.17,  16.63,  17.22,  16.77,  17.10,  17.51,  17.24,  18.19,  18.39,  18.14,  18.07,  17.77,  18.13,  17.96,  18.39,  19.02,  18.73,  18.30,  18.73,  18.39,  17.53
20170421, 1800,  , EX, 38.5N,  50.8W,  40,  992,   90,   90,  120,  120,    0,    0,    0,    0,    0,    0,    0,    0, -999,  18.05,  17.97,  18.05,  18.17,  18.37,  18.49,  17.82,  17.99,  17.85,  17.34,  17.54,  17.84,  18.17,  17.22,  18.09,  18.01,  18.03,  17.97,  18.45,  17.91,  19.26,  18.60,  17.87,  18.31,  18.95,  18.75,  18.31,  18.53,  18.30,  19.34,  19.43
20170422, 0000,  , EX, 36.3N,  51.2W,  40,  994,    0,   90,  120,  120,    0,    0,    0,    0,    0,    0,    0,    0, -999,  17.71,  17.85,  17.73,  18.08,  18.53,  18.15,  18.32,  18.27,  17.46,  17.52,  17.10,  17.47,  17.48,  17.45,  17.41,  17.57,  18.14,  18.18,  18.23,  18.03,  17.84,  18.08,  17.73,  18.69,  18.60,  18.41,  18.19,  18.56,  18.63,  18.73,  18.53
20170422, 0600,  , EX, 34.7N,  50.0W,  40,  996,    0,   90,  120,   90,    0,    0,    0,    0,    0,    0,    0,    0, -999,  18.60,  18.84,  18.60,  18.57,  18.83,  19.03,  19.31,  19.50,  18.95,  19.34,  18.60,  18.66,  18.86,  18.73,  18.54,  18.83,  18.70,  18.41,  18.52,  18.85,  18.41,  18.39,  17.87,  17.96,  18.61,  18.59,  18.83,  18.59,  18.68,  18.69,  18.53
20170422, 1200,  , EX, 32.8N,  48.7W,  35,  999,    0,   90,  120,    0,    0,    0,    0,    0,    0,    0,    0,    0, -999,  19.30,  19.71,  19.65,  19.44,  19.66,  19.82,  19.74,  19.81,  18.99,  19.21,  19.12,  19.50,  19.58,  19.63,  19.67,  19.82,  20.09,  20.03,  19.56,  20.12,  19.26,  19.33,  19.43,  19.13,  19.75,  20.59,  20.28,  19.35,  19.47,  20.08,  19.32
20170422, 1800,  , EX, 31.9N,  46.4W,  30, 1001,    0,    0,    0,    0,    0,    0,    0,    0,    0,    0,    0,    0, -999,  19.16,  19.11,  19.13,  18.67,  19.34,  19.30,  19.72,  20.00,  19.49,  19.43,  19.31,  19.09,  19.14,  18.94,  19.01,  18.52,  18.88,  19.03,  19.17,  18.97,  18.96,  19.22,  19.18,  18.69,  19.25,  20.14,  19.42,  19.32,  18.75,  19.03,  18.82
