AL012013,             ANDREA,     14,
20130605, 1800,  , TS, 25.1N,  86.6W,  35, 1006,   50,  120,    0,    0,    0,    0,    0,    0,    0,    0,    0,    0, -999,  27.04,  26.79,  26.91,  27.33,  27.63,  27.95,  28.08,  28.24,  27.95,  27.74,  27.61,  27.15,  27.11,  27.48,  27.01,  27.11,  27.41,  26.98,  27.32,  27.30,  27.07,  27.08,  26.94,  26.90,  27.22,  27.11,  26.89,  27.23,  27.67,  27.79,  28.36
20130606, 0000,  , TS, 25.6N,  86.5W,  40, 1002,   60,  120,    0,    0,    0,    0,    0,    0,    0,    0,    0,    0, -999,  26.50,  26.31,  26.25,  26.57,  27.03,  27.47,  27.18,  26.85,  26.59,  26.80,  27.20,  26.95,  26.13,  26.42,  26.53,  26.70,  26.83,  27.05,  27.00,  26.82,  26.87,  26.71,  26.45,  27.03,  26.71,  26.64,  27.21,  27.89,  28.20,  28.81,  28.16
20130606, 0600,  , TS, 26.7N,  86.1W,  50,  999,   90,  120,    0,    0,   50,   70,    0,    0,    0,    0,    0,    0, -999,  24.04,  24.09,  23.91,  23.91,  26.16,  25.95,  25.79,  26.41,  26.80,  26.85,  26.75,  27.54,  27.19,  27.98,  27.42,  26.37,  26.63,  26.47,  26.82,  26.49,  26.98,  27.19,  26.60,  26.77,  27.78,  27.29,  27.03,  27.12,  27.86,  27.82,  26.73
20130606, 1200,  , TS, 27.8N,  84.9W,  55,  995,   90,  120,    0,    0,   50,   70,    0,    0,    0,    0,    0,    0, -999,  22.63,  22.90,  22.51,  23.45,  25.57,  25.71,  26.02,  26.77,  26.52,  26.27,  26.26,  26.24,  26.33,  26.96,  26.98,  26.59,  26.30,  26.32,  26.79,  26.39,  26.11,  25.82,  25.02,  25.12,  25.76,  26.06,  26.37,  25.97,  25.80,  25.49,  25.57
20130606, 1800,  , TS, 28.9N,  83.9W,  55,  993,   80,  120,   60,   60,   30,   30,    0,    0,    0,    0,    0,    0, -999,  21.69,  22.83,  23.35,  24.24,  24.55,  24.61,  24.47,  24.27,  24.34,  24.49,  24.50,  24.47,  24.43,  24.53,  24.77,  24.93,  25.14,  25.28,  25.47,  25.09,  25.28,  24.50,  24.85,  25.55,  26.08,  26.42,  26.67,  26.22,  27.23,  27.60,  27.84
20130606, 2200, L, TS, 29.5N,  83.4W,  50,  992,   80,  120,   60,   60,   30,   30,    0,    0,    0,    0,    0,    0, -999,  25.02,  25.32,  25.66,  26.25,  26.38,  26.17,  26.25,  26.19,  26.37,  26.44,  26.55,  26.58,  26.63,  26.97,  27.15,  27.16,  27.05,  27.08,  27.31,  27.39,  27.76,  27.66,  28.09,  28.84,  28.95,  28.77,  28.66,  28.67,  29.35,  29.40,  29.37
20130607, 0000,  , TS, 29.8N,  83.0W,  40,  993,  120,  120,    0,    0,    0,    0,    0,    0,    0,    0,    0,    0, -999,    nan,    nan,    nan,    nan,    nan,    nan,    nan,    nan,    nan,    nan,    nan,    nan,    nan,    nan,    nan,    nan,    nan,    nan,    nan,    nan,    nan,    nan,    nan,    nan,    nan,    nan,    nan,    nan,    nan,    nan,    nan
20130607, 0600,  , TS, 31.6N,  81.4W,  40,  996,  100,  120,    0,    0,    0,    0,    0,    0,    0,    0,    0,    0, -999,    nan,    nan,    nan,    nan,    nan,    nan,    nan,    nan,    nan,    nan,    nan,    nan,    nan,    nan,    nan,    nan,    nan,    nan,    nan,    nan,    nan,    nan,    nan,    nan,    nan,    nan,    nan,    nan,    nan,    nan,    nan
20130607, 1200,  , TS, 33.5N,  80.2W,  40,  996,  100,  180,    0,    0,    0,    0,    0,    0,    0,    0,    0,    0, -999,    nan,    nan,    nan,    nan,    nan,    nan,    nan,    nan,    nan,    nan,    nan,    nan,    nan,    nan,    nan,    nan,    nan,    nan,    nan,    nan,    nan,    nan,    nan,    nan,    nan,    nan,    nan,    nan,    nan,    nan,    nan
20130607, 1800,  , EX, 35.2N,  78.6W,  40,  996,    0,  200,    0,    0,    0,    0,    0,    0,    0,    0,    0,    0, -999,    nan,    nan,    nan,    nan,    nan,    nan,    nan,    nan,    nan,    nan,    nan,    nan,    nan,    nan,    nan,    nan,    nan,    nan,    nan,    nan,    nan,    nan,    nan,    nan,    nan,    nan,    nan,    nan,    nan,    nan,    nan
20130608, 0000,  , EX, 37.4N,  76.2W,  40,  997,    0,  200,    0,    0,    0,    0,    0,    0,    0,    0,    0,    0, -999,    nan,    nan,    nan,    nan,    nan,    nan,    nan,    nan,    nan,    nan,    nan,    nan,    nan,    nan,    nan,    nan,    nan,    nan,    nan,    nan,    nan,    nan,    nan,    nan,    nan,    nan,    nan,    nan,    nan,    nan,    nan
20130608, 0600,  , EX, 39.9N,  73.6W,  40,  997,    0,  200,    0,    0,    0,    0,    0,    0,    0,    0,    0,    0, -999,  14.34,  14.29,  13.26,  12.57,  11.60,  12.29,  12.88,  14.05,  14.23,  15.35,  15.79,  15.58,  15.27,  15.42,  16.26,  15.95,  16.24,  14.84,  15.91,  16.70,  16.95,  17.38,  16.14,  16.17,  16.24,  14.44,  15.10,  15.86,  15.37,  15.83,  16.63
20130608, 1200,  , EX, 42.4N,  70.4W,  40,  999,    0,  220,    0,    0,    0,    0,    0,    0,    0,    0,    0,    0, -999,  11.53,  11.36,  10.59,   9.74,   9.93,   9.53,   9.52,   9.47,   7.90,   9.47,  12.57,  13.16,  12.54,  11.30,  12.07,  12.30,  12.52,  12.71,  12.54,  12.70,  12.81,  11.46,  11.92,  13.89,  12.47,  13.48,  12.51,  13.37,  12.91,  13.81,  14.99
20130608, 1800,  , EX, 44.5N,  67.0W,  40, 1002,    0,  220,    0,    0,    0,    0,    0,    0,    0,    0,    0,    0, -999,   6.80,   6.84,   7.08,   7.36,   6.87,   6.05,   7.09,   6.85,   6.83,   7.38,   7.46,   7.49,   8.21,   7.38,   7.18,   7.64,   7.68,   7.00,   5.64,   6.68,   6.79,   8.24,   7.96,   7.07,   7.82,   8.78,   9.08,   7.17,   9.76,   9.70,  10.32
