AL012007,             ANDREA,     31,
20070506, 1200,  , EX, 35.5N,  74.0W,  35, 1012,    0,    0,    0,  120,    0,    0,    0,    0,    0,    0,    0,    0, -999,  20.54,  21.29,  20.70,  19.93,  18.79,  22.18,  21.85,  21.39,  21.14,  20.32,  23.05,  22.77,  22.50,  22.90,  23.23,  22.30,  22.59,  22.20,  20.26,  19.85,  20.71,  20.97,  21.16,  20.90,  21.50,  21.86,  21.00,  21.79,  21.27,  20.81,  20.63
20070506, 1800,  , EX, 35.0N,  73.0W,  40, 1009,  120,    0,  120,  180,    0,    0,    0,    0,    0,    0,    0,    0, -999,  20.43,  20.44,  20.41,  20.52,  20.62,  20.89,  20.68,  20.44,  20.48,  21.73,  23.02,  22.50,  22.69,  21.12,  20.58,  20.64,  21.33,  21.14,  20.78,  20.55,  20.12,  20.40,  20.78,  20.58,  20.58,  20.50,  20.64,  20.54,  20.59,  20.87,  20.52
20070507, 0000,  , EX, 34.3N,  71.7W,  50, 1005,  420,   60,  200,  300,  300,   50,   50,  180,    0,    0,    0,    0, -999,  18.97,  19.01,  19.20,  19.55,  19.47,  19.21,  19.12,  19.05,  19.28,  19.76,  20.46,  21.19,  20.59,  19.90,  20.45,  20.16,  20.04,  21.35,  21.80,  20.85,  20.36,  19.85,  19.51,  19.89,  19.62,  20.26,  19.31,  19.14,  19.31,  19.38,  19.87
20070507, 0600,  , EX, 33.3N,  72.3W,  65,  998,  420,   60,  200,  360,  300,   50,   50,  180,  180,    0,    0,    0, -999,  19.33,  19.20,  19.55,  19.18,  18.87,  18.74,  18.94,  18.83,  19.41,  19.44,  19.12,  19.09,  19.78,  19.97,  20.28,  20.44,  20.38,  19.63,  19.64,  19.61,  19.04,  19.23,  19.16,  18.96,  19.47,  19.01,  19.77,  19.96,  19.86,  19.79,  19.16
20070507, 1200,  , EX, 32.3N,  73.1W,  65,  998,  420,   60,  200,  360,  300,    0,   90,  180,  180,    0,    0,    0, -999,  19.36,  19.48,  19.72,  19.39,  19.18,  18.20,  19.35,  18.91,  19.81,  20.47,  19.59,  20.25,  20.00,  20.41,  19.98,  20.23,  19.18,  18.79,  19.44,  19.09,  19.90,  19.88,  20.09,  20.60,  21.02,  21.03,  20.66,  21.21,  21.30,  20.91,  21.10
20070507, 1800,  , EX, 31.5N,  74.0W,  65,  998,  480,   30,  240,  360,  300,    0,  120,  180,  120,    0,    0,    0, -999,  19.48,  19.80,  19.80,  19.61,  19.35,  19.15,  19.02,  18.94,  19.28,  19.98,  19.91,  19.84,  19.90,  19.92,  20.10,  20.10,  19.83,  19.90,  19.50,  19.20,  19.18,  19.41,  19.18,  19.91,  21.07,  20.89,  20.68,  20.26,  20.67,  21.54,  22.07
20070508, 0000,  , EX, 31.0N,  74.9W,  55, 1000,  480,    0,  280,  300,  320,    0,  175,  240,    0,    0,    0,    0, -999,  19.93,  20.22,  20.56,  19.78,  20.14,  20.32,  19.57,  18.96,  19.84,  20.00,  19.70,  19.60,  19.98,  20.02,  19.57,  19.25,  19.30,  19.36,  19.15,  18.95,  19.20,  19.40,  19.81,  19.42,  19.86,  19.48,  20.49,  20.63,  20.88,  20.73,  20.86
20070508, 0600,  , EX, 30.7N,  76.0W,  50, 1001,  300,  180,  150,  240,  150,    0,    0,  180,    0,    0,    0,    0, -999,  21.71,  20.59,  19.89,  19.84,  20.07,  19.71,  19.58,  19.47,  19.76,  19.93,  20.56,  20.38,  20.17,  20.82,  21.50,  20.84,  19.64,  19.52,  18.99,  19.32,  20.02,  20.18,  19.31,  20.32,  20.41,  20.36,  20.50,  20.25,  20.49,  20.63,  20.31
20070508, 1200,  , EX, 30.4N,  77.2W,  50, 1001,  200,  180,  150,  240,  120,    0,    0,  120,    0,    0,    0,    0, -999,  22.33,  22.45,  22.78,  23.26,  23.24,  23.31,  22.85,  22.84,  22.85,  23.63,  23.18,  22.85,  22.77,  23.01,  22.91,  23.94,  23.58,  23.78,  23.40,  22.89,  22.55,  22.44,  22.54,  22.22,  21.98,  22.13,  21.52,  19.76,  19.86,  19.40,  19.77
20070508, 1800,  , EX, 30.4N,  77.9W,  50, 1001,  150,  120,  120,  150,  120,    0,    0,  120,    0,    0,    0,    0, -999,  22.53,  23.02,  23.67,  22.95,  22.97,  22.42,  22.69,  23.36,  23.58,  23.21,  23.14,  23.87,  24.11,  23.91,  24.38,  24.41,  23.97,  24.03,  23.84,  23.48,  23.56,  23.64,  22.51,  22.94,  22.89,  22.50,  22.35,  22.24,  21.61,  20.89,  20.73
20070509, 0000,  , EX, 30.6N,  78.3W,  50, 1001,  150,  120,  110,  140,   75,    0,    0,   75,    0,    0,    0,    0, -999,  23.58,  23.43,  22.48,  22.40,  22.57,  22.63,  22.40,  22.95,  22.52,  22.69,  23.14,  23.43,  23.54,  24.05,  23.83,  23.82,  23.80,  23.43,  23.22,  23.63,  23.62,  23.24,  23.14,  22.70,  22.57,  22.48,  22.44,  22.66,  22.63,  22.43,  22.95
20070509, 0600,  , SS, 30.8N,  78.7W,  50, 1001,  175,  120,  110,  120,   75,    0,    0,   75,    0,    0,    0,    0, -999,  23.87,  22.82,  22.07,  22.59,  22.61,  22.62,  23.80,  23.89,  23.73,  22.80,  22.35,  22.43,  22.27,  22.54,  22.85,  22.20,  22.51,  22.60,  22.91,  22.85,  22.98,  22.75,  22.32,  22.19,  21.92,  22.57,  23.17,  23.12,  22.76,  23.26,  23.55
20070509, 1200,  , SS, 30.9N,  79.2W,  45, 1003,  120,  100,   90,   60,    0,    0,    0,    0,    0,    0,    0,    0, -999,  23.58,  22.67,  21.95,  21.94,  23.42,  23.46,  23.37,  23.76,  24.31,  23.66,  23.12,  23.59,  22.80,  22.16,  22.27,  23.66,  24.36,  23.50,  22.59,  22.11,  22.42,  21.69,  21.72,  21.12,  22.56,  24.47,  22.28,  22.76,  22.97,  23.87,  24.10
20070509, 1800,  , SS, 30.9N,  79.6W,  40, 1003,  100,  100,    0,    0,    0,    0,    0,    0,    0,    0,    0,    0, -999,  24.29,  23.11,  22.51,  22.54,  22.85,  22.37,  22.75,  22.99,  23.46,  23.85,  23.72,  24.07,  23.79,  23.57,  25.00,  25.00,  24.91,  24.78,  21.91,  21.34,  22.02,  22.29,  21.11,  21.97,  23.86,  23.27,  22.56,  22.28,  22.57,  23.21,  22.81
20070510, 0000,  , SS, 30.7N,  79.8W,  40, 1003,   90,   90,    0,    0,    0,    0,    0,    0,    0,    0,    0,    0, -999,  21.58,  21.62,  21.71,  22.23,  21.21,  21.29,  21.25,  21.54,  22.64,  22.39,  22.87,  23.44,  22.77,  23.24,  25.22,  24.65,  22.54,  21.22,  20.90,  22.35,  22.94,  22.98,  23.55,  23.45,  22.90,  22.74,  22.15,  22.02,  22.09,  22.22,  23.11
20070510, 0600,  , SS, 30.5N,  79.9W,  35, 1003,   90,   90,    0,    0,    0,    0,    0,    0,    0,    0,    0,    0, -999,  22.20,  21.99,  22.72,  22.58,  21.74,  21.84,  22.02,  23.07,  23.43,  23.27,  23.63,  23.62,  22.97,  23.44,  24.97,  24.73,  21.72,  20.40,  21.16,  22.81,  23.25,  23.68,  23.99,  23.64,  23.02,  22.43,  22.02,  22.18,  22.04,  22.76,  23.43
20070510, 1200,  , SD, 30.1N,  79.9W,  30, 1003,    0,    0,    0,    0,    0,    0,    0,    0,    0,    0,    0,    0, -999,  22.50,  22.43,  22.93,  22.45,  22.72,  22.85,  23.68,  24.16,  23.90,  23.95,  24.00,  23.61,  22.67,  22.45,  24.56,  22.42,  20.81,  21.24,  23.10,  23.36,  23.58,  23.71,  22.87,  22.95,  22.23,  22.20,  22.66,  22.56,  22.35,  24.31,  23.71
20070510, 1800,  , SD, 29.7N,  79.8W,  30, 1003,    0,    0,    0,    0,    0,    0,    0,    0,    0,    0,    0,    0, -999,  22.59,  22.80,  22.74,  22.84,  23.03,  23.60,  24.35,  24.39,  24.19,  24.33,  23.94,  22.90,  22.04,  22.48,  23.62,  22.21,  22.61,  22.94,  23.50,  22.87,  22.55,  22.16,  22.65,  22.66,  23.06,  23.18,  23.01,  22.64,  24.84,  24.55,  24.65
20070511, 0000,  , SD, 29.4N,  79.8W,  30, 1004,    0,    0,    0,    0,    0,    0,    0,    0,    0,    0,    0,    0, -999,  22.76,  22.46,  22.80,  23.34,  23.86,  24.47,  24.21,  24.30,  24.35,  23.44,  21.86,  21.99,  22.12,  23.58,  24.10,  23.72,  23.31,  23.11,  22.45,  22.17,  22.64,  22.90,  23.13,  23.12,  23.07,  23.39,  24.32,  24.69,  24.68,  24.25,  24.79
20070511, 0600,  , LO, 29.1N,  79.8W,  30, 1004,    0,    0,    0,    0,    0,    0,    0,    0,    0,    0,    0,    0, -999,  22.58,  22.56,  22.91,  23.43,  24.26,  24.41,  24.09,  24.24,  24.02,  22.42,  21.62,  21.65,  21.34,  23.37,  24.87,  23.93,  23.63,  23.04,  22.17,  22.56,  22.50,  23.17,  23.19,  23.12,  23.41,  22.97,  24.83,  24.17,  24.78,  24.84,  24.87
20070511, 1200,  , LO, 28.8N,  79.7W,  25, 1005,    0,    0,    0,    0,    0,    0,    0,    0,    0,    0,    0,    0, -999,  22.84,  22.86,  23.35,  24.30,  24.71,  24.41,  24.28,  24.39,  23.91,  23.11,  22.41,  22.13,  22.87,  24.02,  24.20,  23.82,  23.09,  22.87,  22.71,  23.05,  23.29,  22.95,  22.44,  23.35,  24.59,  25.21,  24.81,  24.68,  24.85,  24.87,  24.64
20070511, 1800,  , LO, 28.5N,  79.5W,  25, 1005,    0,    0,    0,    0,    0,    0,    0,    0,    0,    0,    0,    0, -999,  23.83,  23.25,  23.68,  24.76,  24.84,  24.37,  24.33,  24.23,  24.09,  23.63,  22.87,  22.81,  23.57,  23.71,  24.10,  23.74,  23.08,  22.97,  22.95,  23.53,  23.25,  22.08,  22.86,  24.02,  24.68,  25.03,  24.85,  24.85,  25.02,  24.68,  24.53
20070512, 0000,  , LO, 28.5N,  79.1W,  25, 1006,    0,    0,    0,    0,    0,    0,    0,    0,    0,    0,    0,    0, -999,  22.55,  23.45,  24.29,  23.93,  23.70,  23.70,  23.43,  23.38,  23.47,  23.98,  23.84,  23.36,  23.16,  23.55,  24.00,  23.78,  23.39,  23.50,  23.84,  23.70,  23.46,  23.38,  23.94,  24.35,  24.48,  24.20,  24.24,  24.15,  23.71,  23.41,  23.79
20070512, 0600,  , LO, 28.8N,  78.8W,  25, 1006,    0,    0,    0,    0,    0,    0,    0,    0,    0,    0,    0,    0, -999,  21.50,  21.57,  21.69,  21.74,  21.96,  21.67,  21.89,  22.25,  22.35,  22.33,  23.11,  22.95,  22.66,  22.70,  22.57,  22.58,  23.40,  23.94,  23.97,  23.90,  23.31,  23.28,  23.73,  23.61,  23.64,  23.75,  23.51,  23.68,  23.51,  23.39,  23.62
20070512, 1200,  , LO, 29.1N,  78.5W,  25, 1006,    0,    0,    0,    0,    0,    0,    0,    0,    0,    0,    0,    0, -999,  22.05,  22.08,  22.28,  22.31,  22.23,  21.99,  21.42,  22.25,  22.37,  22.15,  22.91,  22.66,  21.56,  21.57,  21.83,  21.75,  21.89,  21.98,  22.57,  23.47,  23.52,  23.31,  23.47,  23.39,  23.60,  23.51,  22.89,  22.32,  22.01,  21.79,  22.05
20070512, 1800,  , LO, 29.4N,  78.0W,  25, 1006,    0,    0,    0,    0,    0,    0,    0,    0,    0,    0,    0,    0, -999,  22.70,  22.71,  22.67,  22.67,  22.62,  22.60,  22.45,  22.65,  22.87,  22.46,  22.62,  22.47,  22.28,  22.08,  21.76,  21.96,  22.50,  22.67,  22.37,  22.27,  21.68,  21.73,  21.73,  21.60,  21.29,  21.73,  21.80,  22.07,  21.93,  22.07,  22.31
20070513, 0000,  , LO, 29.7N,  77.2W,  25, 1006,    0,    0,    0,    0,    0,    0,    0,    0,    0,    0,    0,    0, -999,  23.03,  23.84,  23.06,  23.22,  23.09,  23.61,  22.97,  22.79,  22.77,  22.95,  22.78,  22.47,  22.64,  22.04,  22.06,  21.28,  21.82,  21.69,  21.47,  20.92,  21.09,  20.57,  20.18,  20.12,  20.27,  20.30,  20.24,  20.16,  20.92,  21.82,  22.93
20070513, 0600,  , LO, 30.1N,  76.0W,  25, 1006,    0,    0,    0,    0,    0,    0,    0,    0,    0,    0,    0,    0, -999,  20.13,  20.26,  19.86,  19.86,  19.92,  19.84,  19.66,  19.91,  19.95,  20.39,  20.56,  19.94,  19.82,  19.53,  18.62,  20.03,  21.21,  21.65,  21.75,  20.98,  21.33,  21.15,  21.56,  21.65,  20.36,  20.11,  20.20,  20.12,  20.14,  20.45,  20.20
20070513, 1200,  , LO, 30.8N,  74.2W,  25, 1007,    0,    0,    0,    0,    0,    0,    0,    0,    0,    0,    0,    0, -999,  19.50,  19.18,  19.22,  19.82,  19.76,  20.33,  20.93,  20.93,  20.65,  20.72,  20.86,  20.58,  20.17,  19.69,  20.34,  20.52,  20.69,  20.97,  21.30,  21.56,  20.72,  21.74,  21.97,  22.34,  22.31,  22.09,  21.71,  22.20,  22.09,  21.91,  21.89
20070513, 1800,  , LO, 31.4N,  71.9W,  25, 1007,    0,    0,    0,    0,    0,    0,    0,    0,    0,    0,    0,    0, -999,  18.86,  18.91,  19.08,  19.67,  19.93,  19.66,  19.79,  19.75,  19.73,  19.55,  19.69,  20.05,  20.09,  20.23,  19.69,  20.00,  19.40,  19.19,  18.89,  19.56,  19.74,  20.55,  20.68,  20.03,  19.23,  19.24,  19.85,  19.79,  19.45,  19.17,  19.06
20070514, 0000,  , LO, 31.8N,  69.4W,  25, 1007,    0,    0,    0,    0,    0,    0,    0,    0,    0,    0,    0,    0, -999,  19.75,  19.20,  19.39,  19.36,  19.15,  19.03,  19.33,  19.29,  19.31,  19.54,  19.29,  19.54,  19.96,  20.46,  19.98,  19.79,  19.41,  19.10,  19.32,  19.70,  19.41,  19.36,  18.98,  19.12,  19.11,  19.18,  19.14,  19.09,  19.42,  19.61,  19.77
