AL012018,            ALBERTO,     26,
20180525, 1200,  , SD, 18.8N,  87.1W,  30, 1006,    0,    0,    0,    0,    0,    0,    0,    0,    0,    0,    0,    0, -999,  27.61,  27.25,  27.04,  27.55,  26.93,  27.05,  26.77,  26.75,  27.44,  27.50,  27.27,  27.33,  27.19,  27.28,  26.83,  27.16,  26.59,  27.16,  26.72,  26.68,  27.30,  27.23,  27.47,  27.46,  27.58,  27.66,  27.84,  27.35,  27.32,  27.35,  27.78
20180525, 1800,  , SD, 18.7N,  86.5W,  30, 1006,    0,    0,    0,    0,    0,    0,    0,    0,    0,    0,    0,    0, -999,  27.37,  27.00,  26.67,  27.36,  27.11,  27.19,  27.06,  27.62,  28.03,  28.28,  28.18,  28.12,  27.91,  27.84,  27.20,  27.23,  26.78,  27.60,  27.58,  27.29,  27.64,  27.46,  27.63,  27.25,  27.53,  27.86,  27.61,  27.71,  27.29,  27.17,  27.12
20180526, 0000,  , SD, 18.9N,  85.9W,  30, 1006,    0,    0,    0,    0,    0,    0,    0,    0,    0,    0,    0,    0, -999,  27.34,  27.01,  27.38,  27.58,  27.42,  27.70,  28.10,  28.20,  28.39,  28.58,  28.35,  28.25,  28.38,  28.40,  28.32,  28.29,  27.94,  28.33,  27.86,  27.92,  27.71,  27.35,  27.84,  27.96,  27.88,  27.70,  27.76,  27.55,  27.13,  27.02,  27.16
20180526, 0600,  , SD, 19.6N,  85.7W,  30, 1005,    0,    0,    0,    0,    0,    0,    0,    0,    0,    0,    0,    0, -999,  26.92,  27.08,  27.38,  27.18,  27.08,  27.81,  28.02,  27.66,  27.84,  27.65,  27.74,  27.09,  27.73,  28.54,  28.43,  28.10,  27.76,  27.08,  27.45,  27.52,  26.95,  27.67,  28.23,  27.87,  27.81,  28.02,  27.90,  27.71,  27.72,  27.70,  27.82
20180526, 1200,  , SD, 21.3N,  85.6W,  30, 1004,    0,    0,    0,    0,    0,    0,    0,    0,    0,    0,    0,    0, -999,  27.34,  27.56,  27.28,  27.57,  26.90,  27.00,  26.85,  26.87,  27.54,  27.98,  27.84,  27.61,  27.55,  27.94,  28.10,  27.43,  26.91,  27.56,  27.48,  27.18,  27.20,  27.58,  28.12,  27.39,  28.18,  27.53,  27.69,  27.94,  27.94,  27.60,  28.04
20180526, 1800,  , SS, 22.6N,  85.3W,  35, 1002,  120,  100,    0,    0,    0,    0,    0,    0,    0,    0,    0,    0, -999,  26.67,  26.84,  26.80,  26.80,  26.43,  26.28,  26.09,  26.20,  26.57,  26.98,  27.33,  27.49,  27.49,  27.87,  27.79,  27.52,  26.62,  27.17,  27.46,  27.31,  26.98,  27.23,  27.40,  27.23,  26.90,  26.84,  26.79,  26.88,  26.72,  27.41,  27.04
20180527, 0000,  , SS, 23.6N,  84.8W,  35, 1000,  120,  100,    0,    0,    0,    0,    0,    0,    0,    0,    0,    0, -999,  25.58,  25.48,  23.63,  24.55,  25.34,  25.85,  25.89,  26.21,  27.23,  26.89,  27.19,  27.02,  26.97,  27.16,  26.57,  26.52,  26.71,  27.02,  27.07,  26.99,  26.76,  26.49,  26.16,  25.39,  24.73,  24.72,  24.42,  23.61,  25.45,  24.50,  23.81
20180527, 0600,  , SS, 24.9N,  84.3W,  35,  998,  120,  100,    0,    0,    0,    0,    0,    0,    0,    0,    0,    0, -999,  22.98,  23.19,  25.04,  25.51,  25.49,  26.15,  26.60,  26.59,  26.75,  26.85,  26.90,  26.97,  26.84,  26.85,  26.93,  27.09,  26.69,  26.51,  26.18,  25.77,  25.80,  24.89,  24.79,  24.58,  23.91,  23.29,  23.54,  23.39,  22.96,  23.60,  23.68
20180527, 1200,  , SS, 26.6N,  84.4W,  40,  995,  110,   90,    0,   60,    0,    0,    0,    0,    0,    0,    0,    0, -999,  24.37,  22.43,  22.53,  23.14,  22.95,  22.95,  22.82,  22.86,  22.78,  22.94,  23.03,  23.06,  23.20,  23.41,  23.44,  23.55,  23.68,  23.85,  23.40,  23.38,  23.23,  23.32,  24.12,  23.93,  23.76,  23.74,  23.68,  23.72,  23.09,  23.40,  23.63
20180527, 1800,  , SS, 27.6N,  85.0W,  45,  992,  100,   80,   40,   70,    0,    0,    0,    0,    0,    0,    0,    0, -999,  22.79,  22.74,  22.79,  22.71,  22.67,  22.96,  22.84,  23.00,  22.85,  22.84,  22.72,  22.87,  23.09,  23.27,  23.06,  23.06,  22.93,  22.38,  22.60,  21.86,  22.81,  23.79,  23.20,  22.93,  22.77,  22.85,  23.08,  22.78,  22.50,  22.12,  22.22
20180528, 0000,  , TS, 28.2N,  85.8W,  55,  991,  100,   70,   40,   80,   40,   40,    0,    0,    0,    0,    0,    0, -999,  23.32,  23.55,  23.61,  23.51,  23.54,  23.12,  23.22,  23.46,  23.65,  23.78,  23.52,  22.47,  23.10,  23.10,  22.75,  22.49,  21.65,  21.47,  21.16,  21.64,  21.70,  22.09,  22.43,  21.98,  22.10,  22.26,  22.21,  21.42,  21.26,  21.61,  21.56
20180528, 0600,  , TS, 28.6N,  86.0W,  55,  990,   90,   70,   50,   90,   40,   40,    0,    0,    0,    0,    0,    0, -999,  22.72,  22.63,  22.84,  22.62,  22.66,  22.41,  22.76,  22.84,  23.01,  23.07,  22.69,  22.44,  22.94,  22.97,  22.44,  22.53,  21.69,  21.53,  21.30,  21.45,  21.45,  22.09,  22.23,  22.21,  22.22,  22.16,  22.34,  21.81,  21.86,  21.70,  21.91
20180528, 1200,  , TS, 29.1N,  85.9W,  50,  991,   90,   70,   50,   80,   40,   40,    0,    0,    0,    0,    0,    0, -999,  23.16,  22.85,  22.92,  22.73,  22.77,  22.73,  22.78,  22.75,  22.63,  22.70,  22.63,  22.61,  22.89,  22.73,  21.72,  22.40,  22.43,  21.89,  21.76,  21.60,  21.70,  21.89,  22.18,  22.50,  22.84,  23.25,  23.75,  23.17,  23.34,  23.62,  23.12
20180528, 1800,  , TS, 29.8N,  85.9W,  45,  991,   80,   60,   40,   70,    0,    0,    0,    0,    0,    0,    0,    0, -999,    nan,    nan,    nan,    nan,    nan,    nan,    nan,    nan,    nan,    nan,    nan,    nan,    nan,    nan,    nan,    nan,    nan,    nan,    nan,    nan,    nan,    nan,    nan,    nan,    nan,    nan,    nan,    nan,    nan,    nan,    nan
20180528, 2100, L, TS, 30.3N,  86.0W,  40,  992,   80,   60,   40,   60,    0,    0,    0,    0,    0,    0,    0,    0, -999,    nan,    nan,    nan,    nan,    nan,    nan,    nan,    nan,    nan,    nan,    nan,    nan,    nan,    nan,    nan,    nan,    nan,    nan,    nan,    nan,    nan,    nan,    nan,    nan,    nan,    nan,    nan,    nan,    nan,    nan,    nan
20180529, 0000,  , TD, 30.9N,  86.1W,  30,  993,    0,    0,    0,    0,    0,    0,    0,    0,    0,    0,    0,    0, -999,    nan,    nan,    nan,    nan,    nan,    nan,    nan,    nan,    nan,    nan,    nan,    nan,    nan,    nan,    nan,    nan,    nan,    nan,    nan,    nan,    nan,    nan,    nan,    nan,    nan,    nan,    nan,    nan,    nan,    nan,    nan
20180529, 0600,  , TD, 31.9N,  86.6W,  30,  994,    0,    0,    0,    0,    0,    0,    0,    0,    0,    0,    0,    0, -999,    nan,    nan,    nan,    nan,    nan,    nan,    nan,    nan,    nan,    nan,    nan,    nan,    nan,    nan,    nan,    nan,    nan,    nan,    nan,    nan,    nan,    nan,    nan,    nan,    nan,    nan,    nan,    nan,    nan,    nan,    nan
20180529, 1200,  , TD, 33.0N,  87.0W,  30,  996,    0,    0,    0,    0,    0,    0,    0,    0,    0,    0,    0,    0, -999,    nan,    nan,    nan,    nan,    nan,    nan,    nan,    nan,    nan,    nan,    nan,    nan,    nan,    nan,    nan,    nan,    nan,    nan,    nan,    nan,    nan,    nan,    nan,    nan,    nan,    nan,    nan,    nan,    nan,    nan,    nan
20180529, 1800,  , TD, 34.2N,  87.3W,  30,  997,    0,    0,    0,    0,    0,    0,    0,    0,    0,    0,    0,    0, -999,    nan,    nan,    nan,    nan,    nan,    nan,    nan,    nan,    nan,    nan,    nan,    nan,    nan,    nan,    nan,    nan,    nan,    nan,    nan,    nan,    nan,    nan,    nan,    nan,    nan,    nan,    nan,    nan,    nan,    nan,    nan
20180530, 0000,  , TD, 35.4N,  87.6W,  30,  998,    0,    0,    0,    0,    0,    0,    0,    0,    0,    0,    0,    0, -999,    nan,    nan,    nan,    nan,    nan,    nan,    nan,    nan,    nan,    nan,    nan,    nan,    nan,    nan,    nan,    nan,    nan,    nan,    nan,    nan,    nan,    nan,    nan,    nan,    nan,    nan,    nan,    nan,    nan,    nan,    nan
20180530, 0600,  , TD, 36.7N,  87.9W,  30,  998,    0,    0,    0,    0,    0,    0,    0,    0,    0,    0,    0,    0, -999,    nan,    nan,    nan,    nan,    nan,    nan,    nan,    nan,    nan,    nan,    nan,    nan,    nan,    nan,    nan,    nan,    nan,    nan,    nan,    nan,    nan,    nan,    nan,    nan,    nan,    nan,    nan,    nan,    nan,    nan,    nan
20180530, 1200,  , TD, 38.2N,  87.7W,  30,  998,    0,    0,    0,    0,    0,    0,    0,    0,    0,    0,    0,    0, -999,    nan,    nan,    nan,    nan,    nan,    nan,    nan,    nan,    nan,    nan,    nan,    nan,    nan,    nan,    nan,    nan,    nan,    nan,    nan,    nan,    nan,    nan,    nan,    nan,    nan,    nan,    nan,    nan,    nan,    nan,    nan
20180530, 1800,  , TD, 39.9N,  87.0W,  30,  998,    0,    0,    0,    0,    0,    0,    0,    0,    0,    0,    0,    0, -999,    nan,    nan,    nan,    nan,    nan,    nan,    nan,    nan,    nan,    nan,    nan,    nan,    nan,    nan,    nan,    nan,    nan,    nan,    nan,    nan,    nan,    nan,    nan,    nan,    nan,    nan,    nan,    nan,    nan,    nan,    nan
20180531, 0000,  , TD, 41.5N,  86.0W,  30,  997,    0,    0,    0,    0,    0,    0,    0,    0,    0,    0,    0,    0, -999,    nan,    nan,    nan,    nan,    nan,    nan,    nan,    nan,    nan,    nan,    nan,    nan,    nan,    nan,    nan,    nan,    nan,    nan,    nan,    nan,    nan,    nan,    nan,    nan,    nan,    nan,    nan,    nan,    nan,    nan,    nan
20180531, 0600,  , LO, 43.5N,  84.6W,  30,  995,    0,    0,    0,    0,    0,    0,    0,    0,    0,    0,    0,    0, -999,    nan,    nan,    nan,    nan,    nan,    nan,    nan,    nan,    nan,    nan,    nan,    nan,    nan,    nan,    nan,    nan,    nan,    nan,    nan,    nan,    nan,    nan,    nan,    nan,    nan,    nan,    nan,    nan,    nan,    nan,    nan
20180531, 1200,  , LO, 46.0N,  83.3W,  30,  995,    0,    0,    0,    0,    0,    0,    0,    0,    0,    0,    0,    0, -999,    nan,    nan,    nan,    nan,    nan,    nan,    nan,    nan,    nan,    nan,    nan,    nan,    nan,    nan,    nan,    nan,    nan,    nan,    nan,    nan,    nan,    nan,    nan,    nan,    nan,    nan,    nan,    nan,    nan,    nan,    nan
