AL022007,              BARRY,     24,
20070531, 0000,  , LO, 18.1N,  87.0W,  25, 1008,    0,    0,    0,    0,    0,    0,    0,    0,    0,    0,    0,    0, -999,  36.13,  36.13,  36.14,  36.15,  36.16,  36.16,  36.16,  36.15,  36.15,  36.16,  36.17,  36.17,  36.17,  36.17,  36.17,  36.16,  36.13,  36.12,  36.15,  36.14,  36.13,  36.11,  36.14,  36.12,  36.10,  36.09,  36.13,  36.14,  36.13,  36.14,  36.13
20070531, 0600,  , LO, 18.7N,  86.9W,  25, 1007,    0,    0,    0,    0,    0,    0,    0,    0,    0,    0,    0,    0, -999,  36.15,  36.14,  36.13,  36.14,  36.15,  36.17,  36.16,  36.16,  36.16,  36.15,  36.16,  36.17,  36.17,  36.17,  36.17,  36.16,  36.12,  36.16,  36.15,  36.12,  36.11,  36.13,  36.18,  36.16,  36.11,  36.13,  36.13,  36.14,  36.14,  36.14,  36.13
20070531, 1200,  , LO, 19.1N,  86.8W,  25, 1006,    0,    0,    0,    0,    0,    0,    0,    0,    0,    0,    0,    0, -999,  36.16,  36.11,  36.13,  36.13,  36.14,  36.17,  36.18,  36.17,  36.16,  36.17,  36.16,  36.16,  36.17,  36.17,  36.17,  36.17,  36.14,  36.13,  36.17,  36.14,  36.12,  36.11,  36.16,  36.15,  36.15,  36.12,  36.14,  36.13,  36.11,  36.12,  36.13
20070531, 1800,  , LO, 19.6N,  86.6W,  25, 1005,    0,    0,    0,    0,    0,    0,    0,    0,    0,    0,    0,    0, -999,  36.21,  36.21,  36.20,  36.17,  36.14,  36.15,  36.15,  36.16,  36.18,  36.17,  36.17,  36.17,  36.16,  36.16,  36.17,  36.17,  36.17,  36.15,  36.13,  36.13,  36.13,  36.13,  36.15,  36.16,  36.15,  36.10,  36.15,  36.12,  36.08,  36.09,  36.08
20070601, 0000,  , LO, 20.1N,  86.0W,  25, 1005,    0,    0,    0,    0,    0,    0,    0,    0,    0,    0,    0,    0, -999,  36.16,  36.16,  36.16,  36.16,  36.17,  36.18,  36.18,  36.19,  36.19,  36.18,  36.16,  36.17,  36.16,  36.17,  36.16,  36.16,  36.16,  36.16,  36.16,  36.15,  36.14,  36.13,  36.13,  36.12,  36.12,  36.12,  36.10,  36.10,  36.07,  36.07,  36.11
20070601, 0600,  , LO, 21.2N,  85.8W,  25, 1005,    0,    0,    0,    0,    0,    0,    0,    0,    0,    0,    0,    0, -999,  36.18,  36.18,  36.17,  36.16,  36.15,  36.16,  36.16,  36.17,  36.17,  36.16,  36.17,  36.17,  36.17,  36.17,  36.18,  36.17,  36.17,  36.17,  36.17,  36.16,  36.14,  36.13,  36.12,  36.11,  36.12,  36.12,  36.11,  36.12,  36.11,  36.11,  36.07
20070601, 1200,  , TD, 22.3N,  85.8W,  30, 1004,    0,    0,    0,    0,    0,    0,    0,    0,    0,    0,    0,    0, -999,  36.17,  36.17,  36.16,  36.21,  36.25,  36.21,  36.19,  36.16,  36.16,  36.18,  36.17,  36.16,  36.15,  36.17,  36.17,  36.17,  36.17,  36.17,  36.17,  36.16,  36.16,  36.16,  36.14,  36.14,  36.12,  36.12,  36.12,  36.14,  36.14,  36.13,  36.12
20070601, 1800,  , TS, 23.6N,  85.7W,  40, 1000,   80,   40,   30,   30,    0,    0,    0,    0,    0,    0,    0,    0, -999,  36.27,  36.26,  36.23,  36.22,  36.22,  36.22,  36.24,  36.25,  36.27,  36.28,  36.26,  36.27,  36.25,  36.23,  36.24,  36.23,  36.21,  36.18,  36.21,  36.23,  36.26,  36.25,  36.15,  36.11,  36.11,  36.16,  36.21,  36.21,  36.17,  36.16,  36.20
20070602, 0000,  , TS, 24.3N,  85.2W,  50,  997,   80,   40,   30,   50,   20,    0,    0,   20,    0,    0,    0,    0, -999,  36.23,  36.27,  36.27,  36.25,  36.24,  36.22,  36.23,  36.27,  36.28,  36.27,  36.27,  36.29,  36.30,  36.26,  36.24,  36.23,  36.24,  36.22,  36.17,  36.14,  36.14,  36.12,  36.11,  36.13,  36.12,  36.12,  36.13,  36.13,  36.14,  36.12,  36.12
20070602, 0600,  , TS, 25.1N,  84.6W,  45,  998,   80,   40,   30,   80,    0,    0,    0,    0,    0,    0,    0,    0, -999,  36.18,  36.16,  36.17,  36.18,  36.19,  36.21,  36.23,  36.22,  36.23,  36.14,  36.18,  36.20,  36.21,  36.22,  36.22,  36.22,  36.17,  36.17,  36.16,  36.15,  36.16,  36.14,  36.18,  36.20,  36.26,  36.25,  36.24,  36.23,  36.18,  36.17,  36.18
20070602, 1200,  , TS, 27.0N,  83.2W,  40, 1000,   80,   40,   30,   80,    0,    0,    0,    0,    0,    0,    0,    0, -999,    nan,    nan,    nan,    nan,    nan,    nan,    nan,    nan,    nan,    nan,    nan,    nan,    nan,    nan,    nan,    nan,    nan,    nan,    nan,    nan,    nan,    nan,    nan,    nan,    nan,    nan,    nan,    nan,    nan,    nan,    nan
20070602, 1400, L, TD, 27.5N,  82.7W,  30, 1000,    0,    0,    0,    0,    0,    0,    0,    0,    0,    0,    0,    0, -999,    nan,    nan,    nan,    nan,    nan,    nan,    nan,    nan,    nan,    nan,    nan,    nan,    nan,    nan,    nan,    nan,    nan,    nan,    nan,    nan,    nan,    nan,    nan,    nan,    nan,    nan,    nan,    nan,    nan,    nan,    nan
20070602, 1800,  , TD, 29.7N,  82.1W,  30, 1001,    0,    0,    0,    0,    0,    0,    0,    0,    0,    0,    0,    0, -999,    nan,    nan,    nan,    nan,    nan,    nan,    nan,    nan,    nan,    nan,    nan,    nan,    nan,    nan,    nan,    nan,    nan,    nan,    nan,    nan,    nan,    nan,    nan,    nan,    nan,    nan,    nan,    nan,    nan,    nan,    nan
20070603, 0000,  , EX, 31.4N,  81.4W,  35,  997,  120,    0,    0,    0,    0,    0,    0,    0,    0,    0,    0,    0, -999,    nan,    nan,    nan,    nan,    nan,    nan,    nan,    nan,    nan,    nan,    nan,    nan,    nan,    nan,    nan,    nan,    nan,    nan,    nan,    nan,    nan,    nan,    nan,    nan,    nan,    nan,    nan,    nan,    nan,    nan,    nan
20070603, 0600,  , EX, 32.1N,  81.0W,  40,  994,  120,  120,    0,    0,    0,    0,    0,    0,    0,    0,    0,    0, -999,    nan,    nan,    nan,    nan,    nan,    nan,    nan,    nan,    nan,    nan,    nan,    nan,    nan,    nan,    nan,    nan,    nan,    nan,    nan,    nan,    nan,    nan,    nan,    nan,    nan,    nan,    nan,    nan,    nan,    nan,    nan
20070603, 1200,  , EX, 32.8N,  80.0W,  40,  994,  125,  150,  125,    0,    0,    0,    0,    0,    0,    0,    0,    0, -999,    nan,    nan,    nan,    nan,    nan,    nan,    nan,    nan,    nan,    nan,    nan,    nan,    nan,    nan,    nan,    nan,    nan,    nan,    nan,    nan,    nan,    nan,    nan,    nan,    nan,    nan,    nan,    nan,    nan,    nan,    nan
20070603, 1800,  , EX, 33.7N,  78.4W,  40,  994,  150,  150,  150,    0,    0,    0,    0,    0,    0,    0,    0,    0, -999,    nan,    nan,    nan,    nan,    nan,    nan,    nan,    nan,    nan,    nan,    nan,    nan,    nan,    nan,    nan,    nan,    nan,    nan,    nan,    nan,    nan,    nan,    nan,    nan,    nan,    nan,    nan,    nan,    nan,    nan,    nan
20070604, 0000,  , EX, 35.3N,  76.0W,  40,  992,  150,  150,  150,    0,    0,    0,    0,    0,    0,    0,    0,    0, -999,    nan,    nan,    nan,    nan,    nan,    nan,    nan,    nan,    nan,    nan,    nan,    nan,    nan,    nan,    nan,    nan,    nan,    nan,    nan,    nan,    nan,    nan,    nan,    nan,    nan,    nan,    nan,    nan,    nan,    nan,    nan
20070604, 0600,  , EX, 37.2N,  74.6W,  40,  990,  150,  150,  150,    0,    0,    0,    0,    0,    0,    0,    0,    0, -999,  34.05,  34.04,  34.02,  33.91,  33.54,  33.68,  33.43,  33.66,  33.66,  33.70,  33.70,  33.71,  33.70,  33.72,  33.71,  33.70,  33.74,  33.84,  33.73,  33.71,  33.85,  33.97,  33.93,  33.88,  33.66,  33.54,  33.37,  33.42,  33.63,  33.66,  33.74
20070604, 1200,  , EX, 39.0N,  73.2W,  40,  990,  150,  150,  150,    0,    0,    0,    0,    0,    0,    0,    0,    0, -999,  33.43,  33.36,  33.27,  33.18,  33.13,  33.09,  33.15,  33.21,  33.23,  33.22,  33.18,  33.17,  33.15,  33.05,  33.03,  33.04,  33.12,  33.19,  33.28,  33.31,  33.22,  33.14,  32.98,  33.04,  33.03,  32.89,  32.85,  32.81,  32.78,  32.78,  32.77
20070604, 1800,  , EX, 40.7N,  72.1W,  35,  991,  150,  150,  150,    0,    0,    0,    0,    0,    0,    0,    0,    0, -999,    nan,    nan,    nan,    nan,    nan,    nan,    nan,    nan,    nan,    nan,    nan,    nan,    nan,    nan,    nan,    nan,    nan,    nan,    nan,    nan,    nan,    nan,    nan,    nan,    nan,    nan,    nan,    nan,    nan,    nan,    nan
20070605, 0000,  , EX, 42.4N,  70.8W,  35,  992,  150,  150,  150,    0,    0,    0,    0,    0,    0,    0,    0,    0, -999,  32.21,  32.19,  32.15,  32.15,  32.19,  32.19,  32.19,  32.19,  32.23,  32.23,  32.23,  32.23,  32.24,  32.24,  32.25,  32.30,  32.21,  32.18,  32.10,  32.13,  32.15,  32.15,  32.18,  32.19,  32.18,  32.23,  32.23,  32.30,  32.08,  32.02,  32.04
20070605, 0600,  , EX, 44.6N,  69.5W,  30,  992,    0,    0,    0,    0,    0,    0,    0,    0,    0,    0,    0,    0, -999,    nan,    nan,    nan,    nan,    nan,    nan,    nan,    nan,    nan,    nan,    nan,    nan,    nan,    nan,    nan,    nan,    nan,    nan,    nan,    nan,    nan,    nan,    nan,    nan,    nan,    nan,    nan,    nan,    nan,    nan,    nan
20070605, 1200,  , EX, 47.5N,  68.5W,  30,  992,    0,    0,    0,    0,    0,    0,    0,    0,    0,    0,    0,    0, -999,    nan,    nan,    nan,    nan,    nan,    nan,    nan,    nan,    nan,    nan,    nan,    nan,    nan,    nan,    nan,    nan,    nan,    nan,    nan,    nan,    nan,    nan,    nan,    nan,    nan,    nan,    nan,    nan,    nan,    nan,    nan
