AL032017,              CINDY,     20,
20170619, 1800,  , DB, 23.6N,  88.6W,  35, 1003,  180,    0,    0,    0,    0,    0,    0,    0,    0,    0,    0,    0, -999,  25.71,  26.06,  26.29,  26.78,  26.62,  26.72,  26.53,  26.59,  27.22,  27.09,  27.26,  27.36,  27.15,  27.15,  27.26,  27.34,  27.08,  27.02,  26.85,  26.38,  26.20,  25.90,  25.30,  25.40,  25.69,  25.62,  25.67,  25.82,  26.09,  26.24,  26.51
20170620, 0000,  , DB, 24.0N,  89.2W,  35, 1000,  180,    0,    0,    0,    0,    0,    0,    0,    0,    0,    0,    0, -999,  22.88,  22.82,  22.92,  23.07,  22.88,  22.81,  22.69,  22.98,  23.01,  23.09,  23.21,  22.99,  22.96,  23.09,  23.19,  22.98,  22.90,  22.89,  23.34,  23.27,  23.21,  22.45,  22.72,  22.60,  22.88,  22.77,  22.72,  22.75,  22.77,  22.76,  23.44
20170620, 0600,  , DB, 24.4N,  89.8W,  35,  999,  180,    0,    0,    0,    0,    0,    0,    0,    0,    0,    0,    0, -999,  24.02,  23.98,  23.97,  24.20,  23.86,  23.80,  23.74,  23.58,  23.29,  23.30,  23.29,  23.19,  23.20,  23.36,  23.32,  23.34,  23.37,  23.48,  23.52,  23.23,  23.45,  23.27,  23.48,  23.23,  23.54,  23.53,  22.79,  23.07,  23.21,  22.95,  23.42
20170620, 1200,  , DB, 25.0N,  90.3W,  40,  997,  180,  180,    0,    0,    0,    0,    0,    0,    0,    0,    0,    0, -999,  23.43,  23.72,  23.43,  23.59,  23.91,  24.32,  23.49,  23.82,  24.75,  24.91,  25.34,  25.19,  25.09,  24.88,  24.50,  24.54,  24.55,  24.33,  24.39,  23.96,  23.67,  23.42,  23.20,  23.74,  23.91,  23.95,  23.96,  24.25,  24.57,  24.55,  24.85
20170620, 1800,  , TS, 25.6N,  90.6W,  45,  996,  210,  150,    0,   60,    0,    0,    0,    0,    0,    0,    0,    0, -999,  22.82,  23.05,  23.07,  23.06,  23.06,  22.99,  22.48,  22.41,  22.70,  23.47,  22.98,  22.73,  23.26,  23.73,  24.04,  24.29,  24.70,  25.11,  25.22,  25.05,  25.25,  24.32,  24.06,  23.75,  23.75,  23.60,  23.14,  23.33,  23.60,  23.91,  23.64
20170621, 0000,  , TS, 26.2N,  90.9W,  50,  995,  240,  120,   50,  120,    0,    0,    0,   80,    0,    0,    0,    0, -999,  24.16,  23.41,  23.48,  23.35,  23.31,  22.80,  23.00,  23.04,  23.51,  21.88,  22.49,  22.83,  23.12,  23.26,  23.59,  23.48,  23.55,  23.97,  23.67,  23.84,  23.24,  23.14,  23.20,  22.93,  22.80,  23.14,  22.94,  23.12,  23.06,  23.71,  23.51
20170621, 0600,  , TS, 26.8N,  91.5W,  50,  994,  240,  120,   50,  120,    0,    0,    0,   80,    0,    0,    0,    0, -999,  23.87,  24.02,  24.11,  24.22,  23.96,  22.81,  22.06,  21.53,  22.07,  22.35,  22.57,  22.43,  22.53,  22.80,  22.97,  23.38,  23.74,  23.52,  22.59,  22.59,  22.84,  22.85,  23.32,  23.34,  23.46,  23.42,  22.57,  22.52,  22.01,  22.79,  22.90
20170621, 1200,  , TS, 27.3N,  92.3W,  50,  993,  180,  100,   50,  100,    0,    0,    0,   60,    0,    0,    0,    0, -999,  21.02,  20.88,  20.90,  21.12,  21.27,  21.87,  22.18,  21.47,  20.26,  20.60,  20.57,  20.57,  20.85,  21.40,  21.67,  21.81,  22.05,  22.72,  22.78,  22.90,  22.78,  22.99,  23.02,  23.03,  23.12,  23.26,  22.89,  22.74,  22.44,  22.69,  22.86
20170621, 1800,  , TS, 27.8N,  93.0W,  45,  993,  120,  100,   50,  100,    0,    0,    0,    0,    0,    0,    0,    0, -999,  24.95,  24.65,  25.05,  24.98,  24.54,  24.86,  25.22,  24.57,  22.68,  23.98,  23.73,  23.37,  23.45,  23.49,  23.46,  23.48,  22.98,  23.10,  23.26,  23.38,  23.44,  23.54,  23.20,  22.94,  22.13,  22.54,  22.69,  22.73,  22.44,  22.84,  22.62
20170622, 0000,  , TS, 28.5N,  93.4W,  45,  992,  100,  100,   50,  100,    0,    0,    0,    0,    0,    0,    0,    0, -999,    nan,    nan,    nan,    nan,    nan,    nan,    nan,    nan,    nan,    nan,    nan,    nan,    nan,    nan,    nan,    nan,    nan,    nan,    nan,    nan,    nan,    nan,    nan,    nan,    nan,    nan,    nan,    nan,    nan,    nan,    nan
20170622, 0600,  , TS, 29.4N,  93.6W,  45,  991,  100,  100,   60,   60,    0,    0,    0,    0,    0,    0,    0,    0, -999,    nan,    nan,    nan,    nan,    nan,    nan,    nan,    nan,    nan,    nan,    nan,    nan,    nan,    nan,    nan,    nan,    nan,    nan,    nan,    nan,    nan,    nan,    nan,    nan,    nan,    nan,    nan,    nan,    nan,    nan,    nan
20170622, 0700, L, TS, 29.8N,  93.7W,  45,  991,   80,  100,   60,   50,    0,    0,    0,    0,    0,    0,    0,    0, -999,    nan,    nan,    nan,    nan,    nan,    nan,    nan,    nan,    nan,    nan,    nan,    nan,    nan,    nan,    nan,    nan,    nan,    nan,    nan,    nan,    nan,    nan,    nan,    nan,    nan,    nan,    nan,    nan,    nan,    nan,    nan
20170622, 1200,  , TS, 30.5N,  93.8W,  40,  993,    0,   60,   80,    0,    0,    0,    0,    0,    0,    0,    0,    0, -999,    nan,    nan,    nan,    nan,    nan,    nan,    nan,    nan,    nan,    nan,    nan,    nan,    nan,    nan,    nan,    nan,    nan,    nan,    nan,    nan,    nan,    nan,    nan,    nan,    nan,    nan,    nan,    nan,    nan,    nan,    nan
20170622, 1800,  , TS, 31.6N,  93.8W,  35,  996,    0,   30,   50,    0,    0,    0,    0,    0,    0,    0,    0,    0, -999,    nan,    nan,    nan,    nan,    nan,    nan,    nan,    nan,    nan,    nan,    nan,    nan,    nan,    nan,    nan,    nan,    nan,    nan,    nan,    nan,    nan,    nan,    nan,    nan,    nan,    nan,    nan,    nan,    nan,    nan,    nan
20170623, 0000,  , TD, 32.8N,  93.6W,  30,  999,    0,    0,    0,    0,    0,    0,    0,    0,    0,    0,    0,    0, -999,    nan,    nan,    nan,    nan,    nan,    nan,    nan,    nan,    nan,    nan,    nan,    nan,    nan,    nan,    nan,    nan,    nan,    nan,    nan,    nan,    nan,    nan,    nan,    nan,    nan,    nan,    nan,    nan,    nan,    nan,    nan
20170623, 0600,  , TD, 34.2N,  92.8W,  30, 1000,    0,    0,    0,    0,    0,    0,    0,    0,    0,    0,    0,    0, -999,    nan,    nan,    nan,    nan,    nan,    nan,    nan,    nan,    nan,    nan,    nan,    nan,    nan,    nan,    nan,    nan,    nan,    nan,    nan,    nan,    nan,    nan,    nan,    nan,    nan,    nan,    nan,    nan,    nan,    nan,    nan
20170623, 1200,  , TD, 35.5N,  90.8W,  30, 1001,    0,    0,    0,    0,    0,    0,    0,    0,    0,    0,    0,    0, -999,    nan,    nan,    nan,    nan,    nan,    nan,    nan,    nan,    nan,    nan,    nan,    nan,    nan,    nan,    nan,    nan,    nan,    nan,    nan,    nan,    nan,    nan,    nan,    nan,    nan,    nan,    nan,    nan,    nan,    nan,    nan
20170623, 1800,  , LO, 36.7N,  88.1W,  25, 1002,    0,    0,    0,    0,    0,    0,    0,    0,    0,    0,    0,    0, -999,    nan,    nan,    nan,    nan,    nan,    nan,    nan,    nan,    nan,    nan,    nan,    nan,    nan,    nan,    nan,    nan,    nan,    nan,    nan,    nan,    nan,    nan,    nan,    nan,    nan,    nan,    nan,    nan,    nan,    nan,    nan
20170624, 0000,  , LO, 37.7N,  84.4W,  25, 1003,    0,    0,    0,    0,    0,    0,    0,    0,    0,    0,    0,    0, -999,    nan,    nan,    nan,    nan,    nan,    nan,    nan,    nan,    nan,    nan,    nan,    nan,    nan,    nan,    nan,    nan,    nan,    nan,    nan,    nan,    nan,    nan,    nan,    nan,    nan,    nan,    nan,    nan,    nan,    nan,    nan
20170624, 0600,  , LO, 38.9N,  78.5W,  25, 1003,    0,    0,    0,    0,    0,    0,    0,    0,    0,    0,    0,    0, -999,    nan,    nan,    nan,    nan,    nan,    nan,    nan,    nan,    nan,    nan,    nan,    nan,    nan,    nan,    nan,    nan,    nan,    nan,    nan,    nan,    nan,    nan,    nan,    nan,    nan,    nan,    nan,    nan,    nan,    nan,    nan
