AL032001,              BARRY,     25,
20010802, 1200,  , TD, 25.7N,  84.8W,  30, 1011, -999, -999, -999, -999, -999, -999, -999, -999, -999, -999, -999, -999, -999,  29.24,  29.18,  29.20,  29.22,  29.10,  28.59,  27.88,  27.67,  28.39,  28.70,  28.55,  28.90,  29.24,  29.27,  29.27,  29.28,  29.08,  29.11,  29.14,  28.87,  28.83,  28.69,  29.05,  29.00,  29.12,  28.88,  28.99,  28.95,  29.31,  29.43,  29.55
20010802, 1800,  , TS, 26.2N,  84.9W,  45, 1010, -999, -999, -999, -999, -999, -999, -999, -999, -999, -999, -999, -999, -999,  29.20,  29.25,  29.46,  29.75,  29.83,  29.61,  28.67,  28.30,  28.69,  28.85,  28.43,  28.52,  28.72,  29.02,  29.37,  29.35,  28.66,  28.43,  28.41,  27.74,  27.84,  27.96,  28.36,  28.67,  28.89,  29.31,  29.51,  29.37,  29.42,  29.35,  29.45
20010803, 0000,  , TS, 26.4N,  85.6W,  40, 1007, -999, -999, -999, -999, -999, -999, -999, -999, -999, -999, -999, -999, -999,  28.94,  29.17,  29.28,  29.18,  29.12,  28.39,  27.76,  28.17,  28.62,  28.58,  28.64,  28.72,  29.06,  29.33,  29.00,  28.62,  28.76,  28.52,  27.84,  27.88,  28.13,  28.97,  29.40,  29.03,  28.91,  29.13,  29.21,  29.27,  29.44,  29.16,  29.41
20010803, 0600,  , TS, 26.6N,  86.3W,  35, 1008, -999, -999, -999, -999, -999, -999, -999, -999, -999, -999, -999, -999, -999,  28.90,  29.32,  29.79,  30.25,  30.14,  29.47,  29.14,  29.23,  29.17,  29.01,  29.64,  29.83,  29.54,  29.55,  29.61,  29.02,  29.08,  28.85,  28.81,  28.85,  29.04,  29.31,  29.32,  29.34,  28.98,  29.48,  29.18,  29.24,  29.24,  29.44,  29.67
20010803, 1200,  , TS, 26.9N,  87.0W,  35, 1007, -999, -999, -999, -999, -999, -999, -999, -999, -999, -999, -999, -999, -999,  29.16,  29.41,  29.65,  30.29,  30.01,  29.35,  29.27,  29.19,  29.05,  29.30,  29.58,  29.03,  29.08,  29.41,  29.22,  29.08,  28.95,  29.26,  28.89,  28.88,  29.16,  29.07,  29.18,  29.25,  29.44,  29.30,  29.10,  29.48,  29.33,  29.71,  29.49
20010803, 1800,  , TS, 26.8N,  87.2W,  35, 1007, -999, -999, -999, -999, -999, -999, -999, -999, -999, -999, -999, -999, -999,  29.01,  29.63,  29.95,  30.23,  30.25,  29.49,  29.36,  29.48,  29.39,  29.71,  29.84,  29.47,  29.37,  29.44,  29.30,  29.25,  29.25,  29.49,  29.00,  28.92,  28.89,  28.89,  29.09,  29.11,  29.18,  29.13,  29.10,  29.20,  29.44,  29.81,  29.68
20010804, 0000,  , TD, 26.7N,  87.5W,  30, 1005, -999, -999, -999, -999, -999, -999, -999, -999, -999, -999, -999, -999, -999,  29.58,  29.94,  30.23,  30.10,  29.51,  29.37,  29.37,  29.19,  29.66,  29.69,  29.32,  29.41,  29.36,  29.29,  29.24,  29.32,  29.48,  29.08,  28.85,  28.98,  28.94,  29.05,  29.07,  29.16,  29.10,  29.11,  29.28,  29.53,  29.85,  29.65,  29.75
20010804, 0600,  , TD, 26.6N,  87.8W,  30, 1005, -999, -999, -999, -999, -999, -999, -999, -999, -999, -999, -999, -999, -999,  29.78,  30.15,  30.36,  29.94,  29.64,  29.57,  29.60,  29.63,  29.86,  29.61,  29.46,  29.55,  29.33,  29.42,  29.45,  29.35,  29.26,  28.96,  29.16,  29.34,  29.41,  28.84,  28.96,  29.12,  29.05,  29.13,  29.22,  29.52,  29.69,  29.45,  29.80
20010804, 1200,  , TD, 26.9N,  87.7W,  30, 1006, -999, -999, -999, -999, -999, -999, -999, -999, -999, -999, -999, -999, -999,  29.78,  30.19,  30.20,  29.67,  29.36,  28.89,  28.77,  28.68,  29.30,  28.95,  28.81,  29.10,  29.21,  29.25,  29.14,  29.31,  29.30,  29.12,  28.88,  29.01,  29.09,  29.01,  29.16,  29.26,  29.14,  29.27,  29.41,  29.57,  29.66,  29.58,  29.38
20010804, 1800,  , TS, 27.1N,  87.5W,  35, 1005, -999, -999, -999, -999, -999, -999, -999, -999, -999, -999, -999, -999, -999,  29.67,  29.90,  30.08,  29.93,  29.53,  28.89,  28.79,  28.58,  29.05,  29.09,  28.67,  28.67,  29.07,  28.93,  29.09,  29.13,  29.15,  28.94,  28.92,  29.21,  29.13,  28.99,  29.20,  29.37,  29.27,  29.12,  29.41,  29.55,  29.66,  29.65,  29.61
20010805, 0000,  , TS, 27.3N,  87.3W,  35, 1003, -999, -999, -999, -999, -999, -999, -999, -999, -999, -999, -999, -999, -999,  30.14,  30.26,  29.69,  29.41,  28.75,  28.80,  28.49,  28.93,  29.22,  29.06,  28.71,  28.82,  29.05,  28.68,  28.96,  28.98,  28.77,  28.87,  29.24,  29.11,  29.04,  29.21,  29.44,  29.37,  29.29,  29.50,  29.51,  29.58,  29.47,  29.67,  29.87
20010805, 0600,  , TS, 27.5N,  86.7W,  40, 1004, -999, -999, -999, -999, -999, -999, -999, -999, -999, -999, -999, -999, -999,  29.23,  29.39,  29.07,  29.18,  28.93,  28.54,  28.76,  28.44,  28.80,  28.98,  29.15,  29.21,  29.26,  28.90,  28.92,  28.80,  28.57,  28.80,  28.89,  28.60,  28.34,  28.75,  28.88,  29.04,  28.89,  29.01,  29.07,  29.27,  29.52,  29.62,  29.23
20010805, 1200,  , TS, 28.1N,  86.4W,  50,  990, -999, -999, -999, -999, -999, -999, -999, -999, -999, -999, -999, -999, -999,  28.90,  28.73,  28.68,  28.65,  28.34,  28.51,  28.61,  28.56,  28.68,  28.81,  29.04,  29.12,  29.38,  28.75,  28.55,  28.49,  28.35,  28.63,  28.91,  28.69,  28.54,  28.59,  28.62,  28.59,  28.41,  28.35,  28.27,  28.23,  28.51,  29.00,  29.16
20010805, 1800,  , TS, 28.6N,  86.4W,  60,  991, -999, -999, -999, -999, -999, -999, -999, -999, -999, -999, -999, -999, -999,  28.66,  28.98,  29.07,  29.06,  28.91,  28.58,  28.50,  28.60,  28.70,  28.91,  29.27,  29.41,  29.57,  29.14,  28.86,  28.80,  28.70,  28.59,  28.57,  28.60,  28.35,  28.42,  28.76,  28.99,  28.91,  29.09,  28.88,  28.88,  28.94,  28.97,  29.03
20010806, 0000,  , TS, 29.5N,  86.3W,  60,  992, -999, -999, -999, -999, -999, -999, -999, -999, -999, -999, -999, -999, -999,  29.09,  28.90,  29.00,  29.28,  29.02,  29.16,  29.02,  28.80,  28.70,  29.04,  29.39,  28.61,  28.08,  27.71,  27.77,  28.02,  27.97,  27.84,  28.25,  28.49,  28.69,  28.96,  28.87,  28.70,  28.76,  28.25,  28.44,  28.55,  28.77,  28.95,  29.14
20010806, 0500, L, TS, 30.4N,  86.3W,  60,  990, -999, -999, -999, -999, -999, -999, -999, -999, -999, -999, -999, -999, -999,  28.79,  28.71,  28.72,  28.85,  29.13,  29.17,  29.25,  29.36,  29.33,  29.37,  29.39,  29.17,  28.99,  29.12,  29.16,  29.12,  29.06,  29.07,  29.17,  29.12,  29.16,  29.21,  29.15,  29.05,  28.94,  28.72,  28.63,  28.56,  28.56,  28.50,  28.44
20010806, 0600,  , TS, 30.6N,  86.4W,  60,  991, -999, -999, -999, -999, -999, -999, -999, -999, -999, -999, -999, -999, -999,    nan,    nan,    nan,    nan,    nan,    nan,    nan,    nan,    nan,    nan,    nan,    nan,    nan,    nan,    nan,    nan,    nan,    nan,    nan,    nan,    nan,    nan,    nan,    nan,    nan,    nan,    nan,    nan,    nan,    nan,    nan
20010806, 1200,  , TD, 31.8N,  86.9W,  25, 1007, -999, -999, -999, -999, -999, -999, -999, -999, -999, -999, -999, -999, -999,    nan,    nan,    nan,    nan,    nan,    nan,    nan,    nan,    nan,    nan,    nan,    nan,    nan,    nan,    nan,    nan,    nan,    nan,    nan,    nan,    nan,    nan,    nan,    nan,    nan,    nan,    nan,    nan,    nan,    nan,    nan
20010806, 1800,  , TD, 32.7N,  87.7W,  20, 1009, -999, -999, -999, -999, -999, -999, -999, -999, -999, -999, -999, -999, -999,    nan,    nan,    nan,    nan,    nan,    nan,    nan,    nan,    nan,    nan,    nan,    nan,    nan,    nan,    nan,    nan,    nan,    nan,    nan,    nan,    nan,    nan,    nan,    nan,    nan,    nan,    nan,    nan,    nan,    nan,    nan
20010807, 0000,  , TD, 33.3N,  88.5W,  15, 1012, -999, -999, -999, -999, -999, -999, -999, -999, -999, -999, -999, -999, -999,    nan,    nan,    nan,    nan,    nan,    nan,    nan,    nan,    nan,    nan,    nan,    nan,    nan,    nan,    nan,    nan,    nan,    nan,    nan,    nan,    nan,    nan,    nan,    nan,    nan,    nan,    nan,    nan,    nan,    nan,    nan
20010807, 0600,  , LO, 34.0N,  89.1W,  15, 1015, -999, -999, -999, -999, -999, -999, -999, -999, -999, -999, -999, -999, -999,    nan,    nan,    nan,    nan,    nan,    nan,    nan,    nan,    nan,    nan,    nan,    nan,    nan,    nan,    nan,    nan,    nan,    nan,    nan,    nan,    nan,    nan,    nan,    nan,    nan,    nan,    nan,    nan,    nan,    nan,    nan
20010807, 1200,  , LO, 34.7N,  89.7W,  10, 1017, -999, -999, -999, -999, -999, -999, -999, -999, -999, -999, -999, -999, -999,    nan,    nan,    nan,    nan,    nan,    nan,    nan,    nan,    nan,    nan,    nan,    nan,    nan,    nan,    nan,    nan,    nan,    nan,    nan,    nan,    nan,    nan,    nan,    nan,    nan,    nan,    nan,    nan,    nan,    nan,    nan
20010807, 1800,  , LO, 35.6N,  89.8W,  10, 1018, -999, -999, -999, -999, -999, -999, -999, -999, -999, -999, -999, -999, -999,    nan,    nan,    nan,    nan,    nan,    nan,    nan,    nan,    nan,    nan,    nan,    nan,    nan,    nan,    nan,    nan,    nan,    nan,    nan,    nan,    nan,    nan,    nan,    nan,    nan,    nan,    nan,    nan,    nan,    nan,    nan
20010808, 0000,  , LO, 36.6N,  89.9W,  10, 1016, -999, -999, -999, -999, -999, -999, -999, -999, -999, -999, -999, -999, -999,    nan,    nan,    nan,    nan,    nan,    nan,    nan,    nan,    nan,    nan,    nan,    nan,    nan,    nan,    nan,    nan,    nan,    nan,    nan,    nan,    nan,    nan,    nan,    nan,    nan,    nan,    nan,    nan,    nan,    nan,    nan
20010808, 0600,  , LO, 37.5N,  90.0W,  10, 1017, -999, -999, -999, -999, -999, -999, -999, -999, -999, -999, -999, -999, -999,    nan,    nan,    nan,    nan,    nan,    nan,    nan,    nan,    nan,    nan,    nan,    nan,    nan,    nan,    nan,    nan,    nan,    nan,    nan,    nan,    nan,    nan,    nan,    nan,    nan,    nan,    nan,    nan,    nan,    nan,    nan
