AL032006,              BERYL,     18,
20060718, 1200,  , TD, 32.3N,  73.3W,  30, 1010,    0,    0,    0,    0,    0,    0,    0,    0,    0,    0,    0,    0, -999,  36.50,  36.58,  36.69,  36.77,  36.85,  36.88,  36.76,  36.78,  36.68,  36.71,  36.65,  36.63,  36.72,  36.75,  36.70,  36.70,  36.73,  36.75,  36.74,  36.65,  36.64,  36.66,  36.58,  36.56,  36.63,  36.59,  36.58,  36.55,  36.62,  36.57,  36.53
20060718, 1800,  , TS, 33.0N,  73.3W,  35, 1008,   40,   40,    0,    0,    0,    0,    0,    0,    0,    0,    0,    0, -999,  36.68,  36.59,  36.66,  36.68,  36.71,  36.55,  36.55,  36.55,  36.61,  36.50,  36.47,  36.52,  36.58,  36.58,  36.64,  36.64,  36.63,  36.67,  36.43,  36.50,  36.53,  36.53,  36.61,  36.61,  36.42,  36.46,  36.42,  36.49,  36.56,  36.60,  36.45
20060719, 0000,  , TS, 33.8N,  73.5W,  35, 1006,   40,   60,    0,    0,    0,    0,    0,    0,    0,    0,    0,    0, -999,  36.63,  36.61,  36.54,  36.59,  36.49,  36.61,  36.49,  36.43,  36.37,  36.42,  36.45,  36.45,  36.45,  36.48,  36.50,  36.53,  36.61,  36.64,  36.64,  36.62,  36.56,  36.51,  36.54,  36.53,  36.54,  36.57,  36.60,  36.74,  36.80,  36.67,  36.51
20060719, 0600,  , TS, 34.5N,  73.7W,  35, 1005,   60,   60,    0,    0,    0,    0,    0,    0,    0,    0,    0,    0, -999,  36.52,  36.58,  36.46,  36.41,  36.39,  36.52,  36.53,  36.47,  36.44,  36.49,  36.48,  36.42,  36.40,  36.40,  36.38,  36.39,  36.47,  36.45,  36.55,  36.53,  36.53,  36.50,  36.51,  36.44,  36.49,  36.50,  36.63,  36.40,  36.49,  36.56,  36.58
20060719, 1200,  , TS, 35.2N,  73.6W,  40, 1004,   85,   85,   35,   35,    0,    0,    0,    0,    0,    0,    0,    0, -999,  36.38,  36.46,  36.40,  36.31,  36.31,  36.27,  36.38,  36.65,  36.64,  36.51,  36.43,  36.49,  36.49,  36.49,  36.41,  36.44,  36.51,  36.50,  36.55,  36.51,  36.57,  36.21,  36.20,  36.40,  36.36,  36.45,  36.36,  36.53,  36.55,  36.61,  36.54
20060719, 1800,  , TS, 35.9N,  73.5W,  50, 1003,   85,   85,   40,   40,   15,   15,   10,   10,    0,    0,    0,    0, -999,  36.28,  36.23,  36.17,  36.18,  36.03,  36.27,  36.22,  36.24,  36.11,  35.83,  35.75,  35.79,  35.47,  35.78,  36.06,  36.08,  36.04,  36.02,  35.91,  35.79,  36.02,  36.16,  36.19,  36.00,  35.97,  35.88,  36.00,  35.96,  36.04,  36.07,  35.92
20060720, 0000,  , TS, 36.6N,  73.2W,  50, 1002,  120,   85,   50,   50,   35,   35,   20,   20,    0,    0,    0,    0, -999,  35.04,  35.08,  35.41,  35.68,  35.54,  35.52,  35.62,  35.77,  35.84,  36.03,  36.04,  36.09,  36.08,  36.04,  35.95,  35.94,  36.06,  36.11,  36.01,  35.77,  35.56,  35.32,  34.86,  34.98,  35.12,  35.35,  35.47,  35.44,  35.66,  35.93,  36.01
20060720, 0600,  , TS, 37.4N,  73.2W,  50, 1001,  120,   90,   60,   50,   40,   40,   20,   20,    0,    0,    0,    0, -999,  35.27,  34.26,  33.44,  33.22,  33.07,  33.12,  33.31,  33.77,  34.04,  34.47,  34.90,  34.86,  34.95,  34.97,  35.18,  35.03,  35.27,  34.82,  34.94,  34.81,  34.93,  34.94,  34.64,  34.80,  34.82,  35.09,  35.29,  35.66,  35.68,  35.59,  35.16
20060720, 1200,  , TS, 38.3N,  73.0W,  50, 1002,  120,   90,   60,   50,   40,   40,   20,   20,    0,    0,    0,    0, -999,  35.22,  35.19,  35.09,  35.28,  35.18,  35.36,  35.22,  35.21,  35.05,  35.12,  35.26,  35.33,  35.14,  34.80,  34.74,  34.75,  34.92,  34.89,  34.57,  34.50,  34.52,  34.64,  34.73,  34.91,  34.89,  34.95,  34.98,  34.84,  34.75,  34.57,  34.64
20060720, 1800,  , TS, 39.1N,  72.5W,  45, 1002,  120,   90,   60,   50,    0,    0,    0,    0,    0,    0,    0,    0, -999,  35.12,  35.42,  35.38,  35.36,  35.37,  35.42,  35.30,  35.32,  35.32,  35.28,  35.47,  35.47,  35.42,  35.11,  34.97,  34.89,  35.56,  35.66,  35.78,  35.75,  35.64,  35.71,  35.65,  35.73,  35.64,  35.79,  35.61,  35.38,  35.31,  35.64,  35.56
20060721, 0000,  , TS, 39.8N,  71.8W,  45, 1003,   90,   75,   50,   40,    0,    0,    0,    0,    0,    0,    0,    0, -999,  34.23,  34.18,  33.95,  33.83,  33.78,  33.63,  33.78,  34.10,  34.17,  33.95,  34.38,  34.52,  34.65,  34.82,  34.66,  34.57,  34.74,  35.01,  34.95,  34.65,  34.35,  33.87,  33.83,  33.84,  33.81,  33.86,  34.04,  33.51,  33.90,  34.09,  34.52
20060721, 0600,  , TS, 41.0N,  70.5W,  45, 1000,   75,   75,   50,    0,    0,    0,    0,    0,    0,    0,    0,    0, -999,  31.90,  31.90,  31.89,  31.88,  31.88,  31.88,  31.88,  31.89,  31.89,  31.89,  31.89,  31.88,  31.88,  31.88,  31.88,  31.88,  31.89,  31.89,  31.89,  31.89,  31.90,  31.91,  31.91,  31.91,  31.92,  31.92,  31.92,  31.93,  31.93,  31.93,  31.91
20060721, 0645, L, TS, 41.3N,  70.1W,  45, 1000, -999, -999, -999, -999, -999, -999, -999, -999, -999, -999, -999, -999, -999,    nan,    nan,    nan,    nan,    nan,    nan,    nan,    nan,    nan,    nan,    nan,    nan,    nan,    nan,    nan,    nan,    nan,    nan,    nan,    nan,    nan,    nan,    nan,    nan,    nan,    nan,    nan,    nan,    nan,    nan,    nan
20060721, 1200,  , TS, 42.4N,  68.4W,  40, 1002,   75,  100,  100,    0,    0,    0,    0,    0,    0,    0,    0,    0, -999,  31.89,  31.94,  31.97,  32.01,  32.03,  32.02,  32.00,  32.00,  31.99,  31.96,  31.95,  31.92,  31.89,  31.85,  31.82,  31.80,  31.77,  31.75,  31.73,  31.71,  31.71,  31.70,  31.71,  31.74,  31.72,  31.75,  31.71,  31.70,  31.70,  31.71,  31.73
20060721, 1800,  , EX, 43.8N,  66.3W,  35, 1000,  100,  150,  150,    0,    0,    0,    0,    0,    0,    0,    0,    0, -999,    nan,    nan,    nan,    nan,    nan,    nan,    nan,    nan,    nan,    nan,    nan,    nan,    nan,    nan,    nan,    nan,    nan,    nan,    nan,    nan,    nan,    nan,    nan,    nan,    nan,    nan,    nan,    nan,    nan,    nan,    nan
20060722, 0000,  , EX, 45.5N,  63.3W,  35, 1002,  150,  200,  200,    0,    0,    0,    0,    0,    0,    0,    0,    0, -999,    nan,    nan,    nan,    nan,    nan,    nan,    nan,    nan,    nan,    nan,    nan,    nan,    nan,    nan,    nan,    nan,    nan,    nan,    nan,    nan,    nan,    nan,    nan,    nan,    nan,    nan,    nan,    nan,    nan,    nan,    nan
20060722, 0600,  , EX, 47.2N,  60.0W,  35, 1003,  150,  200,  200,    0,    0,    0,    0,    0,    0,    0,    0,    0, -999,  31.66,  31.69,  31.70,  31.74,  31.75,  31.76,  31.76,  31.83,  31.80,  31.79,  31.79,  31.81,  31.84,  31.89,  31.94,  32.00,  32.06,  32.13,  32.20,  32.23,  32.22,  32.22,  32.21,  32.20,  32.19,  32.19,  32.18,  32.16,  32.15,  32.17,  32.12
20060722, 1200,  , EX, 48.5N,  56.5W,  30, 1004,    0,    0,    0,    0,    0,    0,    0,    0,    0,    0,    0,    0, -999,    nan,    nan,    nan,    nan,    nan,    nan,    nan,    nan,    nan,    nan,    nan,    nan,    nan,    nan,    nan,    nan,    nan,    nan,    nan,    nan,    nan,    nan,    nan,    nan,    nan,    nan,    nan,    nan,    nan,    nan,    nan
