AL031996,              CESAR,     18,
19960724, 1800,  , TD, 11.8N,  62.6W,  25, 1009, -999, -999, -999, -999, -999, -999, -999, -999, -999, -999, -999, -999, -999,  36.20,  36.13,  36.19,  36.15,  36.28,  36.19,  36.13,  36.04,  35.83,  35.92,  36.13,  36.00,  36.01,  36.09,  36.32,  36.36,  36.47,  36.36,  36.12,  36.42,  36.42,  36.18,  36.11,  35.99,  35.84,  35.99,  35.97,  35.92,  36.00,  36.00,  36.15
19960725, 0000,  , TD, 11.9N,  64.7W,  25, 1009, -999, -999, -999, -999, -999, -999, -999, -999, -999, -999, -999, -999, -999,  36.16,  36.17,  36.16,  36.16,  36.16,  36.16,  36.18,  36.16,  36.14,  36.13,  36.13,  36.11,  36.14,  36.16,  36.16,  36.16,  36.15,  36.19,  36.18,  36.20,  36.20,  36.17,  36.29,  36.34,  36.34,  36.34,  36.35,  36.35,  36.30,  36.32,  36.20
19960725, 0600,  , TD, 11.9N,  66.5W,  30, 1007, -999, -999, -999, -999, -999, -999, -999, -999, -999, -999, -999, -999, -999,  36.00,  36.02,  36.14,  36.09,  36.17,  36.20,  36.24,  36.26,  36.23,  36.21,  36.25,  36.22,  36.20,  36.07,  35.99,  35.95,  36.08,  35.99,  36.01,  36.01,  35.96,  35.88,  35.91,  36.02,  35.89,  36.09,  35.87,  35.96,  35.93,  36.03,  35.93
19960725, 1200,  , TS, 12.1N,  68.1W,  40, 1004, -999, -999, -999, -999, -999, -999, -999, -999, -999, -999, -999, -999, -999,  36.13,  36.11,  36.13,  36.17,  36.15,  36.11,  36.13,  36.12,  36.05,  36.03,  36.09,  36.08,  36.05,  36.02,  36.05,  36.16,  36.20,  36.13,  35.98,  36.00,  35.99,  35.84,  35.71,  35.74,  35.59,  35.80,  35.98,  35.84,  35.88,  35.86,  35.84
19960725, 1800,  , TS, 12.3N,  69.6W,  40, 1002, -999, -999, -999, -999, -999, -999, -999, -999, -999, -999, -999, -999, -999,  36.20,  36.20,  36.15,  36.09,  36.18,  36.26,  36.21,  36.16,  36.18,  36.16,  36.12,  36.09,  36.12,  36.08,  36.10,  36.11,  36.11,  36.11,  36.08,  36.07,  36.14,  36.12,  36.16,  36.13,  36.14,  36.09,  36.14,  36.12,  36.08,  36.06,  36.00
19960726, 0000,  , TS, 12.4N,  71.0W,  40, 1002, -999, -999, -999, -999, -999, -999, -999, -999, -999, -999, -999, -999, -999,  36.33,  36.29,  36.19,  36.23,  36.24,  36.27,  36.29,  36.31,  36.33,  36.35,  36.36,  36.41,  36.41,  36.45,  36.48,  36.50,  36.39,  36.39,  36.41,  36.43,  36.43,  36.43,  36.43,  36.42,  36.41,  36.43,  36.44,  36.45,  36.46,  36.45,  36.44
19960726, 0600,  , TS, 12.4N,  72.7W,  40, 1002, -999, -999, -999, -999, -999, -999, -999, -999, -999, -999, -999, -999, -999,  36.39,  36.40,  36.40,  36.37,  36.28,  36.26,  36.26,  36.25,  36.21,  36.18,  36.28,  36.35,  36.38,  36.42,  36.46,  36.45,  36.50,  36.52,  36.51,  36.57,  36.52,  36.49,  36.47,  36.47,  36.45,  36.44,  36.41,  36.40,  36.43,  36.41,  36.38
19960726, 1200,  , TS, 12.3N,  74.5W,  45, 1002, -999, -999, -999, -999, -999, -999, -999, -999, -999, -999, -999, -999, -999,  36.26,  36.26,  36.23,  36.16,  36.15,  36.13,  36.17,  36.29,  36.39,  36.46,  36.34,  36.15,  35.99,  36.01,  35.95,  36.08,  36.22,  36.33,  36.36,  36.39,  36.42,  36.36,  36.33,  36.30,  36.28,  36.34,  36.37,  36.39,  36.39,  36.39,  36.39
19960726, 1800,  , TS, 11.9N,  76.1W,  50, 1002, -999, -999, -999, -999, -999, -999, -999, -999, -999, -999, -999, -999, -999,  36.42,  36.40,  36.40,  36.42,  36.41,  36.41,  36.40,  36.38,  36.37,  36.41,  36.44,  36.53,  36.55,  36.49,  36.42,  36.36,  36.37,  36.45,  36.45,  36.36,  36.33,  36.34,  36.33,  36.31,  36.28,  36.27,  36.21,  36.27,  36.23,  36.30,  36.31
19960727, 0000,  , TS, 11.7N,  77.2W,  50, 1000, -999, -999, -999, -999, -999, -999, -999, -999, -999, -999, -999, -999, -999,  36.39,  36.32,  36.28,  36.34,  36.36,  36.38,  36.40,  36.40,  36.40,  36.41,  36.40,  36.39,  36.39,  36.38,  36.37,  36.33,  36.31,  36.29,  36.30,  36.26,  36.27,  36.23,  36.27,  36.30,  36.39,  36.34,  36.29,  36.30,  36.30,  36.31,  36.34
19960727, 0600,  , TS, 11.6N,  78.1W,  60,  992, -999, -999, -999, -999, -999, -999, -999, -999, -999, -999, -999, -999, -999,  36.41,  36.38,  36.33,  36.36,  36.35,  36.37,  36.41,  36.43,  36.46,  36.44,  36.39,  36.31,  36.32,  36.32,  36.33,  36.32,  36.33,  36.25,  36.26,  36.28,  36.29,  36.27,  36.27,  36.30,  36.31,  36.32,  36.33,  36.35,  36.37,  36.39,  36.38
19960727, 1200,  , HU, 11.6N,  79.5W,  70,  992, -999, -999, -999, -999, -999, -999, -999, -999, -999, -999, -999, -999, -999,  36.42,  36.42,  36.39,  36.37,  36.36,  36.35,  36.37,  36.37,  36.39,  36.39,  36.44,  36.48,  36.49,  36.41,  36.33,  36.31,  36.29,  36.35,  36.39,  36.42,  36.42,  36.42,  36.41,  36.40,  36.39,  36.38,  36.37,  36.37,  36.36,  36.36,  36.35
19960727, 1800,  , HU, 11.8N,  81.0W,  65,  994, -999, -999, -999, -999, -999, -999, -999, -999, -999, -999, -999, -999, -999,  36.28,  36.31,  36.28,  36.28,  36.28,  36.30,  36.30,  36.33,  36.35,  36.35,  36.37,  36.37,  36.38,  36.38,  36.35,  36.32,  36.32,  36.34,  36.32,  36.31,  36.24,  36.29,  36.36,  36.33,  36.32,  36.32,  36.31,  36.30,  36.30,  36.32,  36.32
19960728, 0000,  , HU, 12.0N,  82.6W,  70,  992, -999, -999, -999, -999, -999, -999, -999, -999, -999, -999, -999, -999, -999,  36.22,  36.26,  36.29,  36.40,  36.42,  36.39,  36.31,  36.33,  36.33,  36.31,  36.27,  36.22,  36.27,  36.28,  36.29,  36.33,  36.34,  36.24,  36.19,  36.14,  36.14,  36.11,  36.15,  36.18,  36.19,  36.23,  36.27,  36.27,  36.27,  36.26,  36.21
19960728, 0400, L, HU, 12.2N,  83.9W,  75,  985, -999, -999, -999, -999, -999, -999, -999, -999, -999, -999, -999, -999, -999,    nan,    nan,    nan,    nan,    nan,    nan,    nan,    nan,    nan,    nan,    nan,    nan,    nan,    nan,    nan,    nan,    nan,    nan,    nan,    nan,    nan,    nan,    nan,    nan,    nan,    nan,    nan,    nan,    nan,    nan,    nan
19960728, 0600,  , HU, 12.3N,  84.2W,  70,  990, -999, -999, -999, -999, -999, -999, -999, -999, -999, -999, -999, -999, -999,    nan,    nan,    nan,    nan,    nan,    nan,    nan,    nan,    nan,    nan,    nan,    nan,    nan,    nan,    nan,    nan,    nan,    nan,    nan,    nan,    nan,    nan,    nan,    nan,    nan,    nan,    nan,    nan,    nan,    nan,    nan
19960728, 1200,  , TS, 12.7N,  86.2W,  50,  995, -999, -999, -999, -999, -999, -999, -999, -999, -999, -999, -999, -999, -999,    nan,    nan,    nan,    nan,    nan,    nan,    nan,    nan,    nan,    nan,    nan,    nan,    nan,    nan,    nan,    nan,    nan,    nan,    nan,    nan,    nan,    nan,    nan,    nan,    nan,    nan,    nan,    nan,    nan,    nan,    nan
19960728, 1800,  , TS, 13.1N,  87.9W,  35, 1004, -999, -999, -999, -999, -999, -999, -999, -999, -999, -999, -999, -999, -999,    nan,    nan,    nan,    nan,    nan,    nan,    nan,    nan,    nan,    nan,    nan,    nan,    nan,    nan,    nan,    nan,    nan,    nan,    nan,    nan,    nan,    nan,    nan,    nan,    nan,    nan,    nan,    nan,    nan,    nan,    nan
