AL042012,              DEBBY,     18,
20120623, 1200,  , TS, 25.5N,  87.6W,  35, 1002,  150,  150,    0,    0,    0,    0,    0,    0,    0,    0,    0,    0, -999,  27.73,  27.53,  27.57,  27.70,  27.95,  28.06,  28.13,  28.21,  28.22,  28.41,  28.41,  28.26,  27.94,  27.86,  27.81,  27.70,  27.34,  27.50,  27.68,  27.89,  27.91,  28.00,  27.96,  27.97,  27.72,  27.99,  28.64,  29.02,  28.71,  28.30,  28.71
20120623, 1800,  , TS, 26.0N,  87.5W,  40, 1001,  150,  150,    0,    0,    0,    0,    0,    0,    0,    0,    0,    0, -999,  27.53,  27.37,  27.21,  27.50,  27.75,  27.99,  27.98,  28.08,  28.17,  28.34,  28.44,  28.44,  28.38,  28.10,  27.79,  27.95,  27.81,  27.95,  28.09,  27.95,  28.13,  28.07,  27.75,  27.79,  28.12,  28.46,  29.28,  29.39,  29.35,  29.21,  29.34
20120624, 0000,  , TS, 26.5N,  87.4W,  45,  998,  150,  150,    0,    0,    0,    0,    0,    0,    0,    0,    0,    0, -999,  27.24,  27.08,  27.11,  27.40,  27.38,  27.63,  27.63,  27.70,  27.74,  27.96,  28.26,  28.34,  27.80,  27.65,  27.74,  27.58,  27.69,  27.67,  27.56,  27.55,  27.76,  27.64,  27.30,  27.13,  27.27,  28.34,  29.36,  29.16,  29.34,  29.12,  28.34
20120624, 0600,  , TS, 27.0N,  87.2W,  50,  995,  150,  150,    0,   80,   70,    0,    0,   70,    0,    0,    0,    0, -999,  25.47,  25.70,  25.02,  25.91,  25.89,  25.82,  25.93,  26.13,  26.07,  26.16,  26.22,  26.89,  26.95,  27.06,  27.45,  27.55,  26.80,  25.62,  24.69,  25.40,  25.27,  24.83,  25.04,  25.07,  25.71,  26.34,  26.17,  26.53,  26.01,  26.34,  26.02
20120624, 1200,  , TS, 27.6N,  86.8W,  55,  994,  200,  200,   60,   80,   70,    0,    0,   70,    0,    0,    0,    0, -999,  21.08,  21.42,  21.62,  21.90,  22.25,  22.82,  22.86,  23.07,  23.02,  23.02,  23.35,  23.02,  22.62,  22.37,  23.10,  23.51,  23.57,  24.28,  24.57,  23.12,  22.16,  21.00,  20.73,  20.86,  19.82,  19.62,  19.62,  20.22,  21.50,  21.93,  22.47
20120624, 1800,  , TS, 28.0N,  86.3W,  55,  992,  200,  200,   60,   90,    0,    0,    0,   70,    0,    0,    0,    0, -999,  19.73,  19.83,  19.99,  20.04,  20.03,  20.01,  20.08,  20.14,  20.15,  20.07,  20.06,  20.06,  20.11,  20.05,  20.43,  20.91,  20.45,  20.09,  20.36,  20.54,  20.34,  19.48,  19.36,  19.74,  19.34,  19.87,  19.70,  20.02,  20.44,  20.61,  20.74
20120625, 0000,  , TS, 28.3N,  86.0W,  50,  990,  175,  200,   80,  110,    0,    0,    0,   70,    0,    0,    0,    0, -999,  20.50,  20.68,  20.73,  20.66,  20.58,  20.42,  20.54,  20.40,  20.48,  20.36,  20.35,  20.02,  19.81,  20.01,  20.39,  20.37,  19.99,  20.11,  20.22,  19.99,  19.48,  19.64,  19.86,  19.97,  19.87,  20.20,  20.00,  20.13,  20.06,  20.11,  19.80
20120625, 0600,  , TS, 28.6N,  85.8W,  45,  993,  150,  200,   80,  110,    0,    0,    0,    0,    0,    0,    0,    0, -999,  20.43,  20.86,  20.82,  20.77,  20.74,  20.82,  20.80,  20.58,  20.59,  20.65,  20.58,  20.17,  19.92,  20.38,  20.94,  20.89,  20.69,  20.68,  20.89,  20.34,  19.96,  20.23,  20.07,  19.79,  19.48,  19.60,  19.95,  20.03,  20.07,  20.11,  19.96
20120625, 1200,  , TS, 28.8N,  85.6W,  40,  994,  100,  200,   60,   90,    0,    0,    0,    0,    0,    0,    0,    0, -999,  20.59,  20.98,  21.35,  21.06,  20.94,  20.90,  20.91,  20.89,  20.97,  21.07,  21.21,  21.40,  21.65,  21.91,  22.28,  22.64,  22.03,  21.68,  21.63,  21.64,  21.43,  21.54,  21.38,  21.39,  21.07,  21.16,  21.43,  21.43,  21.37,  21.54,  21.59
20120625, 1800,  , TS, 29.0N,  85.3W,  40,  992,  100,  220,    0,   90,    0,    0,    0,    0,    0,    0,    0,    0, -999,  20.66,  21.63,  21.59,  21.46,  21.99,  21.39,  21.27,  21.00,  21.20,  21.89,  22.69,  23.22,  23.81,  23.88,  23.49,  26.40,  26.27,  26.07,  23.54,  22.16,  21.97,  21.79,  21.52,  21.71,  21.34,  20.70,  21.25,  21.00,  20.90,  20.98,  21.40
20120626, 0000,  , TS, 29.0N,  85.0W,  45,  991,  100,  220,    0,   70,    0,    0,    0,    0,    0,    0,    0,    0, -999,    nan,    nan,    nan,    nan,    nan,    nan,    nan,    nan,    nan,    nan,    nan,    nan,    nan,    nan,    nan,    nan,    nan,    nan,    nan,    nan,    nan,    nan,    nan,    nan,    nan,    nan,    nan,    nan,    nan,    nan,    nan
20120626, 0600,  , TS, 28.9N,  84.7W,  40,  991,  100,  220,    0,   50,    0,    0,    0,    0,    0,    0,    0,    0, -999,    nan,    nan,    nan,    nan,    nan,    nan,    nan,    nan,    nan,    nan,    nan,    nan,    nan,    nan,    nan,    nan,    nan,    nan,    nan,    nan,    nan,    nan,    nan,    nan,    nan,    nan,    nan,    nan,    nan,    nan,    nan
20120626, 1200,  , TS, 28.9N,  84.3W,  40,  992,   80,  180,    0,   50,    0,    0,    0,    0,    0,    0,    0,    0, -999,    nan,    nan,    nan,    nan,    nan,    nan,    nan,    nan,    nan,    nan,    nan,    nan,    nan,    nan,    nan,    nan,    nan,    nan,    nan,    nan,    nan,    nan,    nan,    nan,    nan,    nan,    nan,    nan,    nan,    nan,    nan
20120626, 1800,  , TS, 29.2N,  83.7W,  35,  995,   50,  150,    0,   30,    0,    0,    0,    0,    0,    0,    0,    0, -999,    nan,    nan,    nan,    nan,    nan,    nan,    nan,    nan,    nan,    nan,    nan,    nan,    nan,    nan,    nan,    nan,    nan,    nan,    nan,    nan,    nan,    nan,    nan,    nan,    nan,    nan,    nan,    nan,    nan,    nan,    nan
20120626, 2100, L, TS, 29.3N,  83.2W,  35,  995,   50,  150,    0,   30,    0,    0,    0,    0,    0,    0,    0,    0, -999,    nan,    nan,    nan,    nan,    nan,    nan,    nan,    nan,    nan,    nan,    nan,    nan,    nan,    nan,    nan,    nan,    nan,    nan,    nan,    nan,    nan,    nan,    nan,    nan,    nan,    nan,    nan,    nan,    nan,    nan,    nan
20120627, 0000,  , TD, 29.4N,  82.7W,  30,  997,    0,    0,    0,    0,    0,    0,    0,    0,    0,    0,    0,    0, -999,    nan,    nan,    nan,    nan,    nan,    nan,    nan,    nan,    nan,    nan,    nan,    nan,    nan,    nan,    nan,    nan,    nan,    nan,    nan,    nan,    nan,    nan,    nan,    nan,    nan,    nan,    nan,    nan,    nan,    nan,    nan
20120627, 0600,  , TD, 29.5N,  81.5W,  30,  998,    0,    0,    0,    0,    0,    0,    0,    0,    0,    0,    0,    0, -999,    nan,    nan,    nan,    nan,    nan,    nan,    nan,    nan,    nan,    nan,    nan,    nan,    nan,    nan,    nan,    nan,    nan,    nan,    nan,    nan,    nan,    nan,    nan,    nan,    nan,    nan,    nan,    nan,    nan,    nan,    nan
20120627, 1200,  , TD, 29.5N,  80.3W,  30, 1001,    0,    0,    0,    0,    0,    0,    0,    0,    0,    0,    0,    0, -999,  21.97,  22.49,  21.75,  21.18,  21.26,  22.80,  23.45,  23.15,  23.08,  22.46,  21.80,  21.83,  19.84,  19.59,  21.15,  21.05,  21.73,  23.35,  20.15,  19.86,  19.96,  19.78,  19.31,  18.25,  17.34,  17.37,  17.45,  17.79,  18.03,  18.66,  18.47
