AL052018,            ERNESTO,     18,
20180815, 0000,  , LO, 36.9N,  45.5W,  30, 1011,    0,    0,    0,    0,    0,    0,    0,    0,    0,    0,    0,    0, -999,  36.57,  36.56,  36.52,  36.48,  36.46,  36.45,  36.41,  36.34,  36.33,  36.30,  36.35,  36.43,  36.41,  36.43,  36.45,  36.42,  36.35,  36.33,  36.25,  36.19,  36.15,  36.10,  36.19,  36.18,  36.17,  36.17,  36.21,  36.24,  36.22,  36.15,  36.14
20180815, 0600,  , SD, 37.4N,  45.7W,  30, 1009,    0,    0,    0,    0,    0,    0,    0,    0,    0,    0,    0,    0, -999,  36.33,  36.13,  36.17,  36.07,  36.16,  36.35,  36.32,  36.30,  36.36,  36.38,  36.41,  36.43,  36.47,  36.39,  36.37,  36.33,  36.17,  36.19,  35.95,  35.68,  36.19,  35.92,  35.97,  36.00,  36.01,  36.10,  36.22,  36.31,  36.61,  36.67,  35.96
20180815, 1200,  , SS, 37.8N,  45.9W,  35, 1008,  120,  140,    0,    0,    0,    0,    0,    0,    0,    0,    0,    0, -999,  36.07,  36.09,  36.12,  36.17,  36.23,  36.23,  36.30,  36.35,  36.38,  36.36,  36.34,  36.48,  36.35,  36.34,  36.32,  36.25,  36.24,  36.00,  35.94,  35.88,  35.81,  36.14,  35.90,  35.94,  36.13,  36.19,  36.60,  36.87,  36.47,  35.34,  35.63
20180815, 1800,  , SS, 38.5N,  45.8W,  35, 1008,  120,  140,    0,    0,    0,    0,    0,    0,    0,    0,    0,    0, -999,  36.12,  36.12,  36.22,  36.07,  35.93,  36.26,  36.24,  36.12,  36.12,  36.22,  35.79,  35.75,  35.92,  35.96,  35.94,  35.91,  35.94,  35.84,  35.96,  35.98,  36.14,  36.25,  36.00,  35.86,  35.94,  36.08,  35.73,  35.92,  35.42,  35.36,  35.04
20180816, 0000,  , SS, 39.3N,  45.4W,  35, 1008,  120,  140,    0,    0,    0,    0,    0,    0,    0,    0,    0,    0, -999,  35.63,  35.83,  35.51,  35.52,  35.38,  35.38,  35.11,  35.62,  35.59,  35.81,  35.50,  35.17,  35.37,  35.39,  35.77,  35.69,  36.03,  36.09,  36.07,  36.18,  35.95,  36.15,  36.17,  35.80,  35.70,  35.95,  35.94,  35.94,  36.00,  35.84,  35.88
20180816, 0600,  , SS, 40.3N,  44.7W,  35, 1008,  120,  140,    0,    0,    0,    0,    0,    0,    0,    0,    0,    0, -999,  35.95,  36.04,  35.97,  36.22,  35.91,  35.87,  35.90,  35.89,  35.51,  35.82,  35.94,  36.13,  36.22,  36.08,  35.96,  36.03,  36.02,  36.01,  36.04,  36.02,  36.00,  35.99,  35.94,  35.94,  36.17,  36.17,  36.16,  36.09,  36.09,  36.05,  36.16
20180816, 1200,  , SS, 41.5N,  43.8W,  40, 1007,   90,  140,    0,    0,    0,    0,    0,    0,    0,    0,    0,    0, -999,  36.05,  35.94,  36.00,  36.00,  35.92,  35.96,  35.96,  35.94,  36.01,  36.06,  36.02,  35.92,  35.89,  36.07,  36.06,  36.05,  36.09,  35.99,  35.98,  35.98,  35.96,  36.03,  35.99,  35.99,  36.03,  35.97,  35.96,  35.96,  35.98,  35.97,  36.02
20180816, 1800,  , TS, 42.4N,  42.1W,  40, 1007,   90,  140,    0,    0,    0,    0,    0,    0,    0,    0,    0,    0, -999,  35.45,  35.23,  35.38,  35.58,  35.59,  35.72,  35.38,  34.54,  35.26,  35.62,  35.65,  35.61,  35.63,  35.61,  35.60,  35.66,  35.56,  35.49,  35.38,  35.91,  35.73,  35.52,  35.73,  35.95,  35.59,  35.59,  35.65,  35.68,  35.73,  35.64,  35.70
20180817, 0000,  , TS, 43.5N,  40.2W,  40, 1007,   90,  140,    0,    0,    0,    0,    0,    0,    0,    0,    0,    0, -999,  34.94,  35.21,  35.14,  35.28,  35.25,  34.74,  34.63,  34.44,  34.66,  34.88,  34.73,  34.83,  34.99,  34.96,  35.11,  35.24,  35.22,  35.20,  35.20,  35.37,  35.17,  35.25,  35.57,  35.55,  35.39,  35.36,  35.63,  35.70,  35.57,  35.51,  35.48
20180817, 0600,  , TS, 44.9N,  37.9W,  40, 1006,   90,  140,    0,    0,    0,    0,    0,    0,    0,    0,    0,    0, -999,  35.55,  35.50,  35.51,  35.55,  35.63,  35.51,  35.58,  35.57,  35.42,  35.52,  35.53,  35.57,  35.50,  35.38,  35.43,  35.28,  35.47,  35.42,  35.31,  35.26,  35.21,  35.16,  35.23,  35.29,  35.30,  35.32,  35.26,  35.11,  35.08,  35.30,  35.17
20180817, 1200,  , TS, 46.6N,  35.1W,  40, 1005,   70,  140,   60,    0,    0,    0,    0,    0,    0,    0,    0,    0, -999,  35.75,  35.70,  35.68,  35.51,  35.46,  35.45,  35.53,  35.52,  35.55,  35.60,  35.21,  35.24,  35.46,  35.49,  35.31,  35.36,  35.35,  35.15,  35.23,  35.13,  35.19,  35.22,  35.32,  35.51,  35.22,  35.23,  35.26,  35.34,  35.14,  35.13,  35.14
20180817, 1800,  , TS, 48.3N,  31.8W,  40, 1003,    0,  160,  100,    0,    0,    0,    0,    0,    0,    0,    0,    0, -999,  35.05,  35.24,  35.21,  35.30,  35.27,  35.40,  35.31,  35.17,  35.18,  35.21,  35.05,  35.12,  35.09,  34.79,  35.01,  35.18,  35.26,  35.33,  35.33,  35.32,  35.02,  34.99,  35.23,  35.22,  35.18,  34.99,  34.79,  35.40,  35.29,  35.24,  35.29
20180818, 0000,  , LO, 49.8N,  27.7W,  40,  999,    0,  150,  130,    0,    0,    0,    0,    0,    0,    0,    0,    0, -999,  35.32,  35.31,  35.24,  35.31,  35.38,  35.34,  35.35,  35.35,  35.38,  35.38,  35.37,  35.33,  35.29,  35.28,  35.32,  35.33,  35.32,  35.33,  35.35,  35.37,  35.35,  35.34,  35.33,  35.33,  35.28,  35.17,  35.20,  35.23,  35.26,  35.24,  35.27
20180818, 0600,  , EX, 51.3N,  22.6W,  35, 1002,    0,  150,  130,    0,    0,    0,    0,    0,    0,    0,    0,    0, -999,  35.27,  35.26,  35.29,  35.27,  35.26,  35.24,  35.24,  35.28,  35.26,  35.28,  35.29,  35.27,  35.12,  35.08,  35.10,  35.19,  35.17,  35.19,  35.21,  35.24,  35.25,  35.18,  35.10,  35.19,  35.16,  35.25,  35.22,  35.14,  35.05,  35.05,  35.11
20180818, 1200,  , EX, 52.3N,  18.2W,  35, 1003,    0,  150,  130,    0,    0,    0,    0,    0,    0,    0,    0,    0, -999,  35.45,  35.43,  35.48,  35.46,  35.47,  35.47,  35.45,  35.44,  35.52,  35.52,  35.50,  35.42,  35.42,  35.42,  35.45,  35.45,  35.54,  35.43,  35.49,  35.48,  35.52,  35.51,  35.49,  35.37,  35.29,  35.29,  35.29,  35.30,  35.40,  35.51,  35.47
20180818, 1800,  , EX, 53.4N,  13.8W,  35, 1004,    0,  150,  130,    0,    0,    0,    0,    0,    0,    0,    0,    0, -999,  35.38,  35.38,  35.38,  35.38,  35.38,  35.38,  35.38,  35.38,  35.38,  35.38,  35.38,  35.38,  35.38,  35.38,  35.38,  35.38,  35.37,  35.36,  35.36,  35.36,  35.35,  35.36,  35.36,  35.36,  35.36,  35.36,  35.36,  35.36,  35.36,  35.36,  35.36
20180819, 0000,  , EX, 54.2N,   9.6W,  35, 1005,    0,  180,    0,    0,    0,    0,    0,    0,    0,    0,    0,    0, -999,    nan,    nan,    nan,    nan,    nan,    nan,    nan,    nan,    nan,    nan,    nan,    nan,    nan,    nan,    nan,    nan,    nan,    nan,    nan,    nan,    nan,    nan,    nan,    nan,    nan,    nan,    nan,    nan,    nan,    nan,    nan
20180819, 0600,  , EX, 55.0N,   4.5W,  35, 1007,    0,  180,    0,    0,    0,    0,    0,    0,    0,    0,    0,    0, -999,    nan,    nan,    nan,    nan,    nan,    nan,    nan,    nan,    nan,    nan,    nan,    nan,    nan,    nan,    nan,    nan,    nan,    nan,    nan,    nan,    nan,    nan,    nan,    nan,    nan,    nan,    nan,    nan,    nan,    nan,    nan
