AL051997,              DANNY,     47,
19970716, 1200,  , TD, 27.4N,  92.6W,  25, 1013, -999, -999, -999, -999, -999, -999, -999, -999, -999, -999, -999, -999, -999,  19.19,  19.40,  19.42,  19.66,  19.95,  20.04,  20.02,  20.25,  20.45,  20.60,  20.53,  20.50,  20.41,  20.61,  20.80,  21.02,  20.86,  20.73,  21.04,  21.14,  21.19,  21.21,  21.16,  20.89,  20.94,  20.82,  20.73,  20.77,  20.68,  20.79,  20.89
19970716, 1800,  , TD, 27.5N,  92.5W,  30, 1013, -999, -999, -999, -999, -999, -999, -999, -999, -999, -999, -999, -999, -999,  19.40,  19.22,  19.15,  19.21,  19.38,  19.60,  19.75,  19.96,  20.20,  20.46,  20.55,  20.63,  20.35,  20.39,  20.43,  20.52,  20.37,  20.21,  20.60,  20.77,  20.83,  20.87,  20.93,  20.67,  20.67,  20.55,  20.57,  20.75,  20.63,  20.77,  20.91
19970717, 0000,  , TD, 27.7N,  92.3W,  30, 1011, -999, -999, -999, -999, -999, -999, -999, -999, -999, -999, -999, -999, -999,  19.68,  19.68,  19.70,  19.76,  19.62,  19.69,  19.85,  20.32,  20.29,  20.34,  20.48,  20.53,  20.62,  20.64,  20.52,  20.33,  20.05,  20.51,  20.64,  20.77,  20.68,  20.71,  20.66,  20.70,  20.63,  20.58,  20.58,  20.62,  20.78,  20.86,  20.78
19970717, 0600,  , TD, 27.9N,  92.0W,  30, 1007, -999, -999, -999, -999, -999, -999, -999, -999, -999, -999, -999, -999, -999,  20.06,  20.04,  20.14,  20.27,  20.06,  20.14,  20.17,  20.20,  20.13,  20.31,  20.41,  20.27,  20.18,  20.31,  20.11,  19.96,  19.88,  20.38,  20.72,  20.79,  20.62,  20.53,  20.50,  20.60,  20.59,  20.65,  20.66,  20.77,  20.60,  20.63,  20.45
19970717, 1200,  , TS, 28.3N,  91.4W,  40, 1003, -999, -999, -999, -999, -999, -999, -999, -999, -999, -999, -999, -999, -999,    nan,    nan,    nan,    nan,    nan,    nan,    nan,    nan,    nan,    nan,    nan,    nan,    nan,    nan,    nan,    nan,    nan,    nan,    nan,    nan,    nan,    nan,    nan,    nan,    nan,    nan,    nan,    nan,    nan,    nan,    nan
19970717, 1800,  , TS, 28.6N,  91.0W,  50, 1002, -999, -999, -999, -999, -999, -999, -999, -999, -999, -999, -999, -999, -999,    nan,    nan,    nan,    nan,    nan,    nan,    nan,    nan,    nan,    nan,    nan,    nan,    nan,    nan,    nan,    nan,    nan,    nan,    nan,    nan,    nan,    nan,    nan,    nan,    nan,    nan,    nan,    nan,    nan,    nan,    nan
19970718, 0000,  , TS, 28.9N,  90.2W,  55,  997, -999, -999, -999, -999, -999, -999, -999, -999, -999, -999, -999, -999, -999,    nan,    nan,    nan,    nan,    nan,    nan,    nan,    nan,    nan,    nan,    nan,    nan,    nan,    nan,    nan,    nan,    nan,    nan,    nan,    nan,    nan,    nan,    nan,    nan,    nan,    nan,    nan,    nan,    nan,    nan,    nan
19970718, 0600,  , HU, 29.2N,  89.9W,  65,  992, -999, -999, -999, -999, -999, -999, -999, -999, -999, -999, -999, -999, -999,    nan,    nan,    nan,    nan,    nan,    nan,    nan,    nan,    nan,    nan,    nan,    nan,    nan,    nan,    nan,    nan,    nan,    nan,    nan,    nan,    nan,    nan,    nan,    nan,    nan,    nan,    nan,    nan,    nan,    nan,    nan
19970718, 0900, L, HU, 29.3N,  89.7W,  65,  989, -999, -999, -999, -999, -999, -999, -999, -999, -999, -999, -999, -999,   10,    nan,    nan,    nan,    nan,    nan,    nan,    nan,    nan,    nan,    nan,    nan,    nan,    nan,    nan,    nan,    nan,    nan,    nan,    nan,    nan,    nan,    nan,    nan,    nan,    nan,    nan,    nan,    nan,    nan,    nan,    nan
19970718, 1200,  , HU, 29.5N,  89.4W,  70,  990, -999, -999, -999, -999, -999, -999, -999, -999, -999, -999, -999, -999, -999,    nan,    nan,    nan,    nan,    nan,    nan,    nan,    nan,    nan,    nan,    nan,    nan,    nan,    nan,    nan,    nan,    nan,    nan,    nan,    nan,    nan,    nan,    nan,    nan,    nan,    nan,    nan,    nan,    nan,    nan,    nan
19970718, 1800,  , HU, 29.7N,  89.0W,  70,  988, -999, -999, -999, -999, -999, -999, -999, -999, -999, -999, -999, -999, -999,    nan,    nan,    nan,    nan,    nan,    nan,    nan,    nan,    nan,    nan,    nan,    nan,    nan,    nan,    nan,    nan,    nan,    nan,    nan,    nan,    nan,    nan,    nan,    nan,    nan,    nan,    nan,    nan,    nan,    nan,    nan
19970719, 0000,  , HU, 29.8N,  88.4W,  70,  984, -999, -999, -999, -999, -999, -999, -999, -999, -999, -999, -999, -999, -999,    nan,    nan,    nan,    nan,    nan,    nan,    nan,    nan,    nan,    nan,    nan,    nan,    nan,    nan,    nan,    nan,    nan,    nan,    nan,    nan,    nan,    nan,    nan,    nan,    nan,    nan,    nan,    nan,    nan,    nan,    nan
19970719, 0600,  , HU, 30.1N,  88.1W,  65,  987, -999, -999, -999, -999, -999, -999, -999, -999, -999, -999, -999, -999, -999,    nan,    nan,    nan,    nan,    nan,    nan,    nan,    nan,    nan,    nan,    nan,    nan,    nan,    nan,    nan,    nan,    nan,    nan,    nan,    nan,    nan,    nan,    nan,    nan,    nan,    nan,    nan,    nan,    nan,    nan,    nan
19970719, 1000, L, HU, 30.2N,  88.1W,  70,  984, -999, -999, -999, -999, -999, -999, -999, -999, -999, -999, -999, -999,   10,    nan,    nan,    nan,    nan,    nan,    nan,    nan,    nan,    nan,    nan,    nan,    nan,    nan,    nan,    nan,    nan,    nan,    nan,    nan,    nan,    nan,    nan,    nan,    nan,    nan,    nan,    nan,    nan,    nan,    nan,    nan
19970719, 1200,  , HU, 30.3N,  88.0W,  70,  984, -999, -999, -999, -999, -999, -999, -999, -999, -999, -999, -999, -999, -999,    nan,    nan,    nan,    nan,    nan,    nan,    nan,    nan,    nan,    nan,    nan,    nan,    nan,    nan,    nan,    nan,    nan,    nan,    nan,    nan,    nan,    nan,    nan,    nan,    nan,    nan,    nan,    nan,    nan,    nan,    nan
19970719, 1800, L, HU, 30.4N,  87.9W,  65,  986, -999, -999, -999, -999, -999, -999, -999, -999, -999, -999, -999, -999,   10,    nan,    nan,    nan,    nan,    nan,    nan,    nan,    nan,    nan,    nan,    nan,    nan,    nan,    nan,    nan,    nan,    nan,    nan,    nan,    nan,    nan,    nan,    nan,    nan,    nan,    nan,    nan,    nan,    nan,    nan,    nan
19970720, 0000,  , TS, 30.3N,  87.6W,  60,  991, -999, -999, -999, -999, -999, -999, -999, -999, -999, -999, -999, -999, -999,    nan,    nan,    nan,    nan,    nan,    nan,    nan,    nan,    nan,    nan,    nan,    nan,    nan,    nan,    nan,    nan,    nan,    nan,    nan,    nan,    nan,    nan,    nan,    nan,    nan,    nan,    nan,    nan,    nan,    nan,    nan
19970720, 0600,  , TS, 30.4N,  87.5W,  45,  998, -999, -999, -999, -999, -999, -999, -999, -999, -999, -999, -999, -999, -999,    nan,    nan,    nan,    nan,    nan,    nan,    nan,    nan,    nan,    nan,    nan,    nan,    nan,    nan,    nan,    nan,    nan,    nan,    nan,    nan,    nan,    nan,    nan,    nan,    nan,    nan,    nan,    nan,    nan,    nan,    nan
19970720, 1200,  , TS, 30.6N,  87.4W,  35, 1001, -999, -999, -999, -999, -999, -999, -999, -999, -999, -999, -999, -999, -999,    nan,    nan,    nan,    nan,    nan,    nan,    nan,    nan,    nan,    nan,    nan,    nan,    nan,    nan,    nan,    nan,    nan,    nan,    nan,    nan,    nan,    nan,    nan,    nan,    nan,    nan,    nan,    nan,    nan,    nan,    nan
19970720, 1800,  , TD, 30.8N,  87.4W,  30, 1004, -999, -999, -999, -999, -999, -999, -999, -999, -999, -999, -999, -999, -999,    nan,    nan,    nan,    nan,    nan,    nan,    nan,    nan,    nan,    nan,    nan,    nan,    nan,    nan,    nan,    nan,    nan,    nan,    nan,    nan,    nan,    nan,    nan,    nan,    nan,    nan,    nan,    nan,    nan,    nan,    nan
19970721, 0000,  , TD, 31.0N,  87.5W,  25, 1006, -999, -999, -999, -999, -999, -999, -999, -999, -999, -999, -999, -999, -999,    nan,    nan,    nan,    nan,    nan,    nan,    nan,    nan,    nan,    nan,    nan,    nan,    nan,    nan,    nan,    nan,    nan,    nan,    nan,    nan,    nan,    nan,    nan,    nan,    nan,    nan,    nan,    nan,    nan,    nan,    nan
19970721, 0600,  , TD, 31.3N,  87.6W,  20, 1009, -999, -999, -999, -999, -999, -999, -999, -999, -999, -999, -999, -999, -999,    nan,    nan,    nan,    nan,    nan,    nan,    nan,    nan,    nan,    nan,    nan,    nan,    nan,    nan,    nan,    nan,    nan,    nan,    nan,    nan,    nan,    nan,    nan,    nan,    nan,    nan,    nan,    nan,    nan,    nan,    nan
19970721, 1200,  , TD, 31.7N,  87.6W,  20, 1010, -999, -999, -999, -999, -999, -999, -999, -999, -999, -999, -999, -999, -999,    nan,    nan,    nan,    nan,    nan,    nan,    nan,    nan,    nan,    nan,    nan,    nan,    nan,    nan,    nan,    nan,    nan,    nan,    nan,    nan,    nan,    nan,    nan,    nan,    nan,    nan,    nan,    nan,    nan,    nan,    nan
19970721, 1800,  , TD, 32.1N,  87.2W,  20, 1011, -999, -999, -999, -999, -999, -999, -999, -999, -999, -999, -999, -999, -999,    nan,    nan,    nan,    nan,    nan,    nan,    nan,    nan,    nan,    nan,    nan,    nan,    nan,    nan,    nan,    nan,    nan,    nan,    nan,    nan,    nan,    nan,    nan,    nan,    nan,    nan,    nan,    nan,    nan,    nan,    nan
19970722, 0000,  , TD, 32.9N,  87.1W,  20, 1011, -999, -999, -999, -999, -999, -999, -999, -999, -999, -999, -999, -999, -999,    nan,    nan,    nan,    nan,    nan,    nan,    nan,    nan,    nan,    nan,    nan,    nan,    nan,    nan,    nan,    nan,    nan,    nan,    nan,    nan,    nan,    nan,    nan,    nan,    nan,    nan,    nan,    nan,    nan,    nan,    nan
19970722, 0600,  , TD, 33.2N,  86.8W,  20, 1012, -999, -999, -999, -999, -999, -999, -999, -999, -999, -999, -999, -999, -999,    nan,    nan,    nan,    nan,    nan,    nan,    nan,    nan,    nan,    nan,    nan,    nan,    nan,    nan,    nan,    nan,    nan,    nan,    nan,    nan,    nan,    nan,    nan,    nan,    nan,    nan,    nan,    nan,    nan,    nan,    nan
19970722, 1200,  , TD, 33.4N,  86.6W,  20, 1013, -999, -999, -999, -999, -999, -999, -999, -999, -999, -999, -999, -999, -999,    nan,    nan,    nan,    nan,    nan,    nan,    nan,    nan,    nan,    nan,    nan,    nan,    nan,    nan,    nan,    nan,    nan,    nan,    nan,    nan,    nan,    nan,    nan,    nan,    nan,    nan,    nan,    nan,    nan,    nan,    nan
19970722, 1800,  , TD, 33.7N,  86.3W,  20, 1013, -999, -999, -999, -999, -999, -999, -999, -999, -999, -999, -999, -999, -999,    nan,    nan,    nan,    nan,    nan,    nan,    nan,    nan,    nan,    nan,    nan,    nan,    nan,    nan,    nan,    nan,    nan,    nan,    nan,    nan,    nan,    nan,    nan,    nan,    nan,    nan,    nan,    nan,    nan,    nan,    nan
19970723, 0000,  , TD, 34.0N,  86.0W,  20, 1012, -999, -999, -999, -999, -999, -999, -999, -999, -999, -999, -999, -999, -999,    nan,    nan,    nan,    nan,    nan,    nan,    nan,    nan,    nan,    nan,    nan,    nan,    nan,    nan,    nan,    nan,    nan,    nan,    nan,    nan,    nan,    nan,    nan,    nan,    nan,    nan,    nan,    nan,    nan,    nan,    nan
19970723, 0600,  , TD, 34.1N,  85.2W,  20, 1012, -999, -999, -999, -999, -999, -999, -999, -999, -999, -999, -999, -999, -999,    nan,    nan,    nan,    nan,    nan,    nan,    nan,    nan,    nan,    nan,    nan,    nan,    nan,    nan,    nan,    nan,    nan,    nan,    nan,    nan,    nan,    nan,    nan,    nan,    nan,    nan,    nan,    nan,    nan,    nan,    nan
19970723, 1200,  , TD, 34.2N,  84.5W,  20, 1012, -999, -999, -999, -999, -999, -999, -999, -999, -999, -999, -999, -999, -999,    nan,    nan,    nan,    nan,    nan,    nan,    nan,    nan,    nan,    nan,    nan,    nan,    nan,    nan,    nan,    nan,    nan,    nan,    nan,    nan,    nan,    nan,    nan,    nan,    nan,    nan,    nan,    nan,    nan,    nan,    nan
19970723, 1800,  , TD, 34.3N,  83.7W,  20, 1012, -999, -999, -999, -999, -999, -999, -999, -999, -999, -999, -999, -999, -999,    nan,    nan,    nan,    nan,    nan,    nan,    nan,    nan,    nan,    nan,    nan,    nan,    nan,    nan,    nan,    nan,    nan,    nan,    nan,    nan,    nan,    nan,    nan,    nan,    nan,    nan,    nan,    nan,    nan,    nan,    nan
19970724, 0000,  , TD, 34.4N,  82.4W,  20, 1012, -999, -999, -999, -999, -999, -999, -999, -999, -999, -999, -999, -999, -999,    nan,    nan,    nan,    nan,    nan,    nan,    nan,    nan,    nan,    nan,    nan,    nan,    nan,    nan,    nan,    nan,    nan,    nan,    nan,    nan,    nan,    nan,    nan,    nan,    nan,    nan,    nan,    nan,    nan,    nan,    nan
19970724, 0600,  , TD, 34.6N,  80.7W,  20, 1010, -999, -999, -999, -999, -999, -999, -999, -999, -999, -999, -999, -999, -999,    nan,    nan,    nan,    nan,    nan,    nan,    nan,    nan,    nan,    nan,    nan,    nan,    nan,    nan,    nan,    nan,    nan,    nan,    nan,    nan,    nan,    nan,    nan,    nan,    nan,    nan,    nan,    nan,    nan,    nan,    nan
19970724, 1200,  , TD, 35.2N,  79.2W,  30, 1004, -999, -999, -999, -999, -999, -999, -999, -999, -999, -999, -999, -999, -999,    nan,    nan,    nan,    nan,    nan,    nan,    nan,    nan,    nan,    nan,    nan,    nan,    nan,    nan,    nan,    nan,    nan,    nan,    nan,    nan,    nan,    nan,    nan,    nan,    nan,    nan,    nan,    nan,    nan,    nan,    nan
19970724, 1800,  , TS, 36.4N,  76.7W,  40, 1000, -999, -999, -999, -999, -999, -999, -999, -999, -999, -999, -999, -999, -999,    nan,    nan,    nan,    nan,    nan,    nan,    nan,    nan,    nan,    nan,    nan,    nan,    nan,    nan,    nan,    nan,    nan,    nan,    nan,    nan,    nan,    nan,    nan,    nan,    nan,    nan,    nan,    nan,    nan,    nan,    nan
19970725, 0000,  , TS, 37.5N,  73.5W,  50,  996, -999, -999, -999, -999, -999, -999, -999, -999, -999, -999, -999, -999, -999,  16.08,  16.07,  16.09,  14.66,  14.18,  14.87,  14.47,  13.64,  13.73,  14.09,  13.31,  12.35,  12.89,  14.20,  14.13,  13.78,  12.93,  12.23,  12.46,  12.54,  12.50,  12.59,  12.60,  13.28,  13.33,  13.39,  13.56,  12.68,  12.07,  12.31,  13.48
19970725, 0600,  , TS, 38.6N,  71.6W,  50,  995, -999, -999, -999, -999, -999, -999, -999, -999, -999, -999, -999, -999, -999,  13.81,  14.57,  14.76,  15.35,  15.15,  15.75,  15.61,  16.72,  15.65,  15.80,  16.04,  16.15,  16.21,  16.43,  16.03,  16.23,  16.27,  16.00,  16.21,  16.46,  15.89,  16.38,  15.95,  15.56,  16.83,  17.27,  17.76,  18.25,  17.87,  17.75,  17.81
19970725, 1200,  , TS, 40.0N,  70.4W,  50,  995, -999, -999, -999, -999, -999, -999, -999, -999, -999, -999, -999, -999, -999,  11.60,  11.63,  11.72,  11.71,  11.74,  11.70,  11.88,  12.12,  12.04,  12.04,  12.02,  12.09,  12.30,  12.21,  12.57,  12.96,  12.80,  12.48,  12.85,  12.51,  12.24,  12.44,  12.59,  12.83,  12.75,  12.84,  12.85,  12.93,  13.19,  13.18,  13.25
19970725, 1800,  , TS, 40.7N,  69.9W,  50,  994, -999, -999, -999, -999, -999, -999, -999, -999, -999, -999, -999, -999, -999,    nan,    nan,    nan,    nan,    nan,    nan,    nan,    nan,    nan,    nan,    nan,    nan,    nan,    nan,    nan,    nan,    nan,    nan,    nan,    nan,    nan,    nan,    nan,    nan,    nan,    nan,    nan,    nan,    nan,    nan,    nan
19970726, 0000,  , TS, 40.7N,  69.6W,  45,  995, -999, -999, -999, -999, -999, -999, -999, -999, -999, -999, -999, -999, -999,    nan,    nan,    nan,    nan,    nan,    nan,    nan,    nan,    nan,    nan,    nan,    nan,    nan,    nan,    nan,    nan,    nan,    nan,    nan,    nan,    nan,    nan,    nan,    nan,    nan,    nan,    nan,    nan,    nan,    nan,    nan
19970726, 0600,  , EX, 40.4N,  68.0W,  45,  998, -999, -999, -999, -999, -999, -999, -999, -999, -999, -999, -999, -999, -999,  13.94,  13.13,  12.60,  12.60,  12.63,  13.19,  13.44,  14.17,  14.04,  14.49,  14.13,  13.47,  13.58,  12.37,  12.38,  11.53,  12.10,  11.53,  11.75,  12.08,  12.77,  13.62,  13.91,  14.10,  14.07,  14.35,  14.46,  14.37,  14.64,  14.25,  13.59
19970726, 1200,  , EX, 40.6N,  65.6W,  40, 1003, -999, -999, -999, -999, -999, -999, -999, -999, -999, -999, -999, -999, -999,  15.71,  14.96,  16.11,  17.01,  16.78,  16.20,  16.00,  15.59,  15.79,  16.06,  16.16,  15.82,  15.61,  13.95,  14.70,  16.27,  16.81,  16.71,  14.95,  15.75,  15.88,  15.59,  14.21,  12.96,  13.89,  14.61,  14.49,  14.44,  14.42,  14.27,  12.68
19970726, 1800,  , EX, 41.0N,  63.0W,  40, 1004, -999, -999, -999, -999, -999, -999, -999, -999, -999, -999, -999, -999, -999,  16.37,  17.27,  16.71,  16.66,  17.12,  16.13,  15.91,  14.81,  17.08,  19.17,  19.91,  19.92,  19.59,  19.36,  19.02,  16.73,  14.81,  16.08,  15.27,  14.89,  15.91,  17.74,  19.15,  19.28,  19.61,  19.77,  19.71,  19.80,  19.71,  20.02,  19.63
19970727, 0000,  , EX, 41.7N,  60.4W,  40, 1004, -999, -999, -999, -999, -999, -999, -999, -999, -999, -999, -999, -999, -999,  12.06,  12.79,  13.05,  13.47,  14.01,  14.79,  14.18,  14.06,  13.70,  13.56,  13.23,  12.34,  12.47,  12.61,  12.50,  12.22,  11.74,  10.58,  11.46,  11.43,  11.10,  11.02,  11.20,  11.61,  11.32,   9.30,   9.55,  10.88,  11.08,  10.23,   9.82
19970727, 0600,  , EX, 42.8N,  56.0W,  40, 1004, -999, -999, -999, -999, -999, -999, -999, -999, -999, -999, -999, -999, -999,   5.98,   6.06,   5.37,   5.40,   5.76,   5.60,   5.59,   5.73,   5.63,   4.75,   4.95,   5.11,   5.17,   5.21,   5.10,   5.23,   4.44,   4.81,   4.52,   4.70,   5.21,   5.24,   4.97,   4.32,   4.92,   5.54,   5.58,   5.32,   6.41,   5.98,   6.45
19970727, 1200,  , EX, 44.0N,  48.0W,  30, 1005, -999, -999, -999, -999, -999, -999, -999, -999, -999, -999, -999, -999, -999,   5.11,   4.41,   4.91,   5.02,   4.83,   4.94,   3.85,   2.76,   3.53,   4.53,   5.08,   6.63,   7.26,   5.70,   5.09,   3.44,   3.15,   3.28,   3.13,   3.29,   6.28,   7.61,   8.68,   7.42,   5.51,   2.07,   1.22,   2.77,   4.07,   5.00,   4.83
