AL062009,              ERIKA,     12,
20090901, 1800,  , TS, 16.7N,  57.3W,  45, 1007,  105,   90,    0,    0,    0,    0,    0,    0,    0,    0,    0,    0, -999,  27.96,  28.04,  28.17,  28.14,  28.09,  28.11,  27.92,  28.15,  28.51,  28.52,  28.59,  28.70,  28.76,  28.89,  28.96,  28.66,  28.49,  28.34,  27.96,  28.09,  28.21,  28.34,  28.47,  28.60,  28.61,  28.39,  28.12,  28.01,  28.11,  28.31,  28.49
20090902, 0000,  , TS, 16.8N,  58.0W,  45, 1004,  105,   90,    0,   50,    0,    0,    0,    0,    0,    0,    0,    0, -999,  28.07,  28.15,  28.12,  28.00,  28.13,  28.34,  28.55,  28.47,  28.42,  28.64,  28.58,  28.71,  28.67,  28.88,  28.79,  28.64,  28.58,  28.17,  28.04,  28.05,  28.27,  28.06,  28.33,  28.56,  28.54,  28.32,  28.35,  28.58,  28.62,  28.69,  28.81
20090902, 0600,  , TS, 16.5N,  58.9W,  45, 1005,  105,   90,    0,   50,    0,    0,    0,    0,    0,    0,    0,    0, -999,  27.80,  28.53,  28.61,  28.59,  28.63,  28.71,  28.55,  28.83,  28.71,  28.64,  28.55,  28.55,  28.53,  28.54,  28.54,  28.48,  28.42,  28.30,  28.23,  28.16,  28.28,  28.27,  28.27,  28.35,  28.24,  28.35,  28.50,  28.62,  28.81,  28.60,  28.70
20090902, 1200,  , TS, 16.4N,  59.9W,  35, 1008,  125,   90,    0,    0,    0,    0,    0,    0,    0,    0,    0,    0, -999,  28.07,  28.36,  28.67,  28.66,  28.77,  28.52,  28.40,  28.41,  28.47,  28.29,  28.32,  28.43,  28.28,  28.56,  28.84,  28.98,  28.93,  28.70,  28.37,  28.34,  28.54,  28.70,  28.70,  28.62,  28.71,  28.81,  28.91,  28.73,  28.66,  29.02,  28.75
20090902, 1800,  , TS, 16.3N,  61.0W,  35, 1008,  150,  120,    0,    0,    0,    0,    0,    0,    0,    0,    0,    0, -999,  28.05,  28.08,  28.18,  28.29,  28.37,  28.48,  28.38,  28.23,  28.22,  28.00,  27.98,  28.11,  28.02,  28.01,  27.99,  28.11,  28.18,  27.94,  27.71,  27.75,  27.77,  27.91,  27.95,  28.04,  28.29,  28.27,  28.33,  28.20,  28.20,  28.35,  28.11
20090902, 1830, L, TS, 16.3N,  61.3W,  35, 1008, -999, -999, -999, -999, -999, -999, -999, -999, -999, -999, -999, -999, -999,    nan,    nan,    nan,    nan,    nan,    nan,    nan,    nan,    nan,    nan,    nan,    nan,    nan,    nan,    nan,    nan,    nan,    nan,    nan,    nan,    nan,    nan,    nan,    nan,    nan,    nan,    nan,    nan,    nan,    nan,    nan
20090903, 0000,  , TS, 16.3N,  61.9W,  35, 1009,  200,  150,    0,    0,    0,    0,    0,    0,    0,    0,    0,    0, -999,  28.63,  28.87,  28.77,  28.93,  28.82,  28.96,  28.97,  29.06,  28.92,  28.77,  28.84,  28.70,  28.68,  28.73,  28.85,  28.94,  29.02,  28.62,  28.86,  28.90,  28.91,  29.06,  29.10,  29.14,  29.14,  29.10,  29.19,  29.23,  29.29,  29.23,  29.24
20090903, 0600,  , TS, 16.4N,  62.7W,  40, 1008,  200,  150,    0,    0,    0,    0,    0,    0,    0,    0,    0,    0, -999,  28.62,  28.54,  28.59,  28.61,  28.66,  28.66,  28.56,  28.62,  28.52,  28.54,  28.52,  28.31,  28.34,  28.50,  28.57,  28.49,  28.51,  28.68,  28.69,  28.92,  28.93,  28.80,  28.84,  28.80,  29.00,  28.67,  28.77,  28.54,  28.93,  28.75,  28.88
20090903, 1200,  , TS, 16.5N,  63.5W,  40, 1008,  150,  150,    0,    0,    0,    0,    0,    0,    0,    0,    0,    0, -999,  28.72,  28.53,  28.57,  28.67,  28.83,  28.82,  28.80,  28.86,  28.97,  28.97,  28.80,  28.69,  28.70,  28.85,  28.95,  28.73,  28.62,  28.54,  28.15,  28.28,  28.37,  28.13,  28.51,  28.52,  28.74,  28.92,  29.17,  29.24,  29.30,  29.25,  29.21
20090903, 1800,  , TD, 16.6N,  64.5W,  30, 1008,    0,    0,    0,    0,    0,    0,    0,    0,    0,    0,    0,    0, -999,  28.68,  28.49,  28.57,  28.63,  28.84,  28.82,  28.73,  28.93,  29.05,  29.02,  28.97,  28.83,  28.98,  29.01,  29.10,  28.99,  28.98,  28.97,  28.98,  28.99,  28.93,  28.91,  28.94,  29.12,  29.19,  29.08,  29.16,  29.02,  29.05,  29.02,  29.02
20090904, 0000,  , LO, 16.8N,  65.5W,  25, 1009,    0,    0,    0,    0,    0,    0,    0,    0,    0,    0,    0,    0, -999,  28.86,  28.82,  28.81,  28.77,  28.73,  28.62,  28.78,  28.79,  28.87,  28.94,  28.88,  28.95,  29.11,  29.21,  29.17,  29.09,  29.09,  29.06,  29.07,  29.10,  29.11,  29.10,  29.21,  29.21,  29.11,  29.12,  29.22,  29.33,  29.26,  29.18,  29.17
20090904, 0600,  , LO, 17.0N,  66.5W,  25, 1010,    0,    0,    0,    0,    0,    0,    0,    0,    0,    0,    0,    0, -999,  28.80,  28.76,  28.77,  28.92,  28.82,  28.79,  28.86,  28.96,  29.11,  29.06,  29.11,  29.17,  29.20,  29.33,  29.36,  29.38,  29.24,  29.25,  29.32,  29.34,  29.33,  29.17,  29.34,  29.33,  29.27,  29.26,  29.30,  29.41,  29.33,  29.36,  29.31
