AL062012,           FLORENCE,     21,
20120803, 0600,  , LO, 12.2N,  23.1W,  25, 1011,    0,    0,    0,    0,    0,    0,    0,    0,    0,    0,    0,    0, -999,  23.58,  22.59,  22.52,  23.32,  23.24,  24.19,  23.63,  23.53,  22.25,  23.47,  23.50,  24.18,  23.37,  24.84,  23.91,  24.15,  24.21,  24.67,  23.03,  24.72,  22.66,  24.31,  22.64,  23.48,  24.25,  22.41,  22.81,  21.70,  23.18,  21.68,  22.81
20120803, 1200,  , LO, 12.5N,  24.5W,  30, 1010,    0,    0,    0,    0,    0,    0,    0,    0,    0,    0,    0,    0, -999,  24.98,  25.86,  24.96,  24.65,  24.73,  24.71,  25.00,  24.16,  24.85,  23.32,  23.72,  22.93,  23.01,  23.08,  23.14,  21.83,  23.05,  20.84,  22.79,  22.51,  23.30,  22.75,  23.50,  22.32,  24.15,  20.77,  24.10,  21.90,  22.28,  21.64,  22.37
20120803, 1800,  , TD, 13.0N,  25.9W,  30, 1009,    0,    0,    0,    0,    0,    0,    0,    0,    0,    0,    0,    0, -999,  25.63,  25.35,  25.93,  23.87,  25.61,  25.22,  25.16,  24.06,  25.22,  23.47,  22.29,  23.77,  23.66,  22.29,  22.45,  21.37,  21.79,  16.28,  18.46,  18.95,  20.94,  19.43,  25.04,  20.29,  23.24,  22.08,  24.90,  23.10,  24.01,  22.94,  25.42
20120804, 0000,  , TD, 13.5N,  27.3W,  30, 1009,    0,    0,    0,    0,    0,    0,    0,    0,    0,    0,    0,    0, -999,  24.87,  25.46,  25.05,  25.35,  25.49,  25.01,  25.76,  25.69,  23.83,  24.51,  22.97,  24.88,  24.26,  23.93,  23.50,  24.68,  22.59,  26.07,  22.70,  24.80,  25.31,  24.34,  24.17,  24.95,  22.87,  25.20,  25.08,  24.83,  22.60,  21.50,  25.40
20120804, 0600,  , TS, 14.1N,  28.6W,  35, 1007,   40,    0,    0,   30,    0,    0,    0,    0,    0,    0,    0,    0, -999,  24.79,  23.77,  25.03,  23.38,  23.82,  22.93,  24.45,  23.30,  25.12,  22.45,  24.14,  22.96,  24.03,  22.02,  24.86,  22.39,  25.14,  21.94,  23.99,  23.56,  24.14,  24.15,  25.19,  25.47,  23.51,  25.45,  26.08,  26.13,  24.33,  25.06,  22.39
20120804, 1200,  , TS, 14.7N,  29.9W,  40, 1005,   50,   30,    0,   40,    0,    0,    0,    0,    0,    0,    0,    0, -999,  25.09,  23.80,  24.14,  23.42,  23.19,  23.30,  24.00,  24.13,  24.95,  24.18,  24.69,  23.32,  22.00,  23.81,  24.29,  25.25,  25.98,  25.59,  23.95,  24.84,  23.66,  25.32,  25.12,  24.60,  25.49,  25.36,  25.56,  24.46,  25.17,  23.37,  22.56
20120804, 1800,  , TS, 15.3N,  31.2W,  45, 1003,   60,   40,    0,   50,    0,    0,    0,    0,    0,    0,    0,    0, -999,  25.48,  25.61,  24.55,  24.05,  24.98,  24.56,  24.97,  25.16,  24.93,  24.98,  25.02,  25.71,  24.83,  25.38,  25.62,  25.73,  25.82,  26.01,  25.28,  25.27,  23.79,  25.65,  23.22,  25.38,  25.76,  25.78,  25.36,  26.24,  26.13,  26.48,  26.69
20120805, 0000,  , TS, 15.8N,  32.5W,  50, 1002,   70,   50,   20,   60,   30,   20,    0,   30,    0,    0,    0,    0, -999,  24.71,  24.62,  24.57,  24.94,  25.14,  25.12,  25.61,  25.96,  25.97,  26.02,  26.31,  25.50,  25.24,  26.15,  25.91,  26.29,  25.78,  26.36,  26.27,  25.97,  24.06,  25.63,  25.09,  26.32,  25.09,  25.95,  24.43,  25.87,  26.45,  26.39,  26.61
20120805, 0600,  , TS, 16.1N,  33.8W,  50, 1002,   70,   50,   20,   60,   30,   20,    0,   30,    0,    0,    0,    0, -999,  24.70,  24.92,  24.84,  24.40,  24.29,  24.59,  24.96,  25.69,  25.46,  24.36,  23.27,  24.17,  24.05,  25.00,  25.23,  25.47,  25.61,  26.33,  26.57,  26.47,  25.73,  25.98,  25.59,  25.92,  26.03,  25.50,  25.89,  24.95,  24.60,  24.79,  25.10
20120805, 1200,  , TS, 16.2N,  35.0W,  45, 1004,   60,   40,   20,   50,    0,    0,    0,    0,    0,    0,    0,    0, -999,  23.96,  24.05,  24.71,  25.10,  25.18,  25.24,  24.95,  25.11,  25.15,  24.88,  24.87,  24.61,  24.40,  24.27,  24.83,  25.19,  24.91,  25.68,  25.66,  26.17,  25.56,  25.40,  25.29,  24.73,  25.23,  25.69,  25.92,  25.85,  25.91,  25.44,  24.52
20120805, 1800,  , TS, 16.2N,  36.2W,  45, 1005,   50,   30,   20,   40,    0,    0,    0,    0,    0,    0,    0,    0, -999,  24.28,  24.24,  24.40,  24.33,  24.35,  24.59,  24.71,  24.80,  25.28,  25.49,  25.11,  25.55,  25.43,  25.16,  25.38,  25.51,  25.55,  26.02,  26.27,  26.73,  26.35,  26.25,  26.21,  26.22,  26.38,  26.20,  26.24,  25.97,  26.15,  26.54,  26.50
20120806, 0000,  , TS, 16.2N,  37.3W,  35, 1008,   40,    0,    0,   40,    0,    0,    0,    0,    0,    0,    0,    0, -999,  24.57,  24.46,  24.44,  24.69,  25.00,  25.20,  25.38,  25.63,  25.25,  25.46,  25.18,  25.07,  25.23,  25.42,  25.52,  25.69,  26.03,  26.04,  26.45,  26.33,  26.17,  26.02,  26.05,  26.17,  26.10,  26.00,  25.73,  25.43,  25.87,  25.41,  25.68
20120806, 0600,  , TD, 16.3N,  38.4W,  30, 1009,    0,    0,    0,    0,    0,    0,    0,    0,    0,    0,    0,    0, -999,  24.48,  24.41,  24.43,  24.68,  25.04,  25.18,  25.15,  25.55,  25.28,  25.62,  25.44,  25.36,  25.38,  25.65,  25.81,  25.95,  25.91,  25.91,  25.96,  25.95,  26.20,  26.27,  26.23,  26.50,  26.63,  26.62,  26.31,  25.44,  26.09,  26.25,  26.48
20120806, 1200,  , LO, 16.4N,  39.6W,  30, 1009,    0,    0,    0,    0,    0,    0,    0,    0,    0,    0,    0,    0, -999,  25.31,  25.22,  25.31,  25.35,  25.53,  25.60,  25.74,  25.86,  25.63,  25.69,  25.75,  25.45,  25.65,  25.81,  25.83,  25.93,  25.95,  25.85,  26.03,  26.14,  26.30,  26.57,  26.51,  26.34,  26.07,  25.97,  25.92,  25.36,  25.76,  25.90,  26.29
20120806, 1800,  , LO, 16.5N,  40.9W,  30, 1009,    0,    0,    0,    0,    0,    0,    0,    0,    0,    0,    0,    0, -999,  25.14,  25.04,  24.92,  25.20,  25.36,  25.38,  25.42,  25.60,  25.24,  25.78,  25.84,  25.85,  25.94,  26.00,  25.94,  25.83,  25.85,  25.94,  25.97,  26.22,  26.54,  26.83,  26.97,  26.93,  26.55,  26.07,  26.22,  25.93,  26.39,  26.40,  26.73
20120807, 0000,  , LO, 16.7N,  42.5W,  25, 1010,    0,    0,    0,    0,    0,    0,    0,    0,    0,    0,    0,    0, -999,  25.60,  25.94,  26.19,  26.16,  26.17,  26.16,  26.37,  25.98,  25.94,  26.28,  26.32,  26.40,  26.07,  26.02,  26.17,  26.21,  25.90,  25.76,  25.80,  25.87,  26.18,  26.74,  26.66,  26.53,  26.40,  26.32,  26.35,  26.54,  26.24,  26.56,  26.74
20120807, 0600,  , LO, 16.9N,  44.3W,  25, 1010,    0,    0,    0,    0,    0,    0,    0,    0,    0,    0,    0,    0, -999,  25.97,  26.00,  26.20,  26.26,  26.34,  26.55,  26.68,  26.54,  26.34,  26.30,  26.40,  26.16,  26.08,  26.15,  26.23,  26.41,  26.48,  26.43,  26.47,  26.41,  26.52,  26.65,  26.57,  26.27,  26.41,  26.36,  26.57,  26.68,  26.84,  26.94,  26.88
20120807, 1200,  , LO, 17.2N,  46.3W,  25, 1010,    0,    0,    0,    0,    0,    0,    0,    0,    0,    0,    0,    0, -999,  26.03,  26.20,  26.41,  26.70,  26.28,  26.33,  26.35,  25.93,  25.96,  26.22,  26.09,  25.80,  25.84,  25.84,  25.92,  25.93,  26.38,  26.54,  26.40,  26.52,  26.65,  26.89,  26.75,  26.51,  26.63,  26.68,  26.72,  26.96,  27.09,  27.06,  27.16
20120807, 1800,  , LO, 17.6N,  48.5W,  25, 1011,    0,    0,    0,    0,    0,    0,    0,    0,    0,    0,    0,    0, -999,  25.61,  25.70,  25.93,  26.27,  26.55,  26.76,  26.83,  26.80,  26.80,  26.99,  27.01,  26.93,  26.90,  26.69,  27.00,  26.78,  26.80,  26.90,  26.91,  26.99,  27.16,  27.38,  27.29,  27.30,  27.24,  27.07,  27.04,  27.24,  27.27,  27.11,  27.44
20120808, 0000,  , LO, 18.0N,  50.7W,  25, 1011,    0,    0,    0,    0,    0,    0,    0,    0,    0,    0,    0,    0, -999,  26.61,  26.77,  26.84,  26.84,  26.96,  27.14,  27.01,  26.75,  26.85,  26.89,  26.98,  26.72,  26.69,  26.82,  26.82,  26.85,  26.95,  26.94,  26.93,  27.14,  27.27,  26.82,  27.26,  27.18,  27.11,  27.17,  27.40,  27.72,  27.56,  27.47,  27.40
20120808, 0600,  , LO, 18.4N,  52.9W,  25, 1011,    0,    0,    0,    0,    0,    0,    0,    0,    0,    0,    0,    0, -999,  27.38,  27.14,  27.20,  27.27,  27.41,  27.52,  27.60,  27.57,  27.49,  27.54,  27.52,  27.06,  27.14,  27.31,  27.40,  27.45,  27.52,  27.75,  27.67,  27.68,  27.85,  27.87,  28.10,  28.29,  28.06,  27.83,  27.79,  27.88,  27.99,  27.97,  28.00
