AL072004,             GASTON,     28,
20040827, 1200,  , TD, 31.8N,  78.1W,  25, 1015,    0,    0,    0,    0,    0,    0,    0,    0,    0,    0,    0,    0, -999,  27.36,  25.19,  24.72,  24.85,  25.71,  26.66,  26.47,  26.88,  27.79,  28.84,  28.25,  28.77,  29.43,  29.21,  29.43,  29.06,  28.72,  29.37,  28.26,  29.34,  29.51,  28.14,  29.28,  29.61,  29.44,  29.30,  28.86,  26.36,  26.53,  27.40,  27.89
20040827, 1800,  , TD, 31.6N,  78.0W,  25, 1014,    0,    0,    0,    0,    0,    0,    0,    0,    0,    0,    0,    0, -999,  28.29,  26.51,  24.58,  26.56,  27.51,  28.03,  27.86,  28.77,  29.05,  29.30,  28.71,  28.68,  29.24,  29.02,  28.73,  29.25,  29.35,  29.15,  28.77,  28.92,  29.41,  29.19,  29.62,  29.46,  28.84,  28.54,  29.03,  26.81,  27.05,  27.94,  28.51
20040828, 0000,  , TD, 31.4N,  78.0W,  30, 1011,    0,    0,    0,    0,    0,    0,    0,    0,    0,    0,    0,    0, -999,  27.80,  25.63,  27.64,  27.80,  27.69,  27.94,  28.89,  28.40,  29.24,  28.92,  28.67,  28.79,  28.59,  28.21,  28.68,  28.91,  28.71,  28.51,  28.59,  29.03,  29.57,  29.66,  29.06,  28.59,  28.34,  29.12,  27.44,  27.79,  28.18,  28.82,  28.40
20040828, 0600,  , TS, 31.3N,  78.2W,  35, 1005,    0,   50,    0,    0,    0,    0,    0,    0,    0,    0,    0,    0, -999,  27.64,  26.23,  28.03,  28.08,  27.49,  27.63,  28.69,  28.20,  28.14,  28.34,  28.39,  28.72,  28.00,  28.14,  28.63,  28.83,  28.44,  28.31,  28.23,  28.15,  29.55,  29.51,  28.69,  28.51,  28.26,  29.09,  27.74,  27.90,  28.16,  28.95,  28.50
20040828, 1200,  , TS, 31.3N,  78.5W,  45, 1000,   50,   50,    0,    0,    0,    0,    0,    0,    0,    0,    0,    0, -999,  25.24,  26.04,  27.98,  27.75,  27.84,  28.64,  28.16,  27.82,  28.17,  28.68,  28.79,  28.98,  28.17,  28.58,  28.87,  28.89,  28.38,  28.46,  28.56,  28.88,  29.58,  29.51,  28.52,  28.25,  29.34,  27.95,  27.53,  27.47,  27.70,  27.93,  28.30
20040828, 1800,  , TS, 31.3N,  78.8W,  50,  997,   75,   75,   40,   40,    0,   25,    0,    0,    0,    0,    0,    0, -999,  23.99,  25.96,  27.75,  27.93,  27.68,  28.19,  28.28,  28.62,  28.41,  28.50,  28.72,  28.88,  28.72,  28.29,  28.46,  28.82,  28.64,  28.12,  28.95,  27.64,  28.43,  29.21,  28.88,  28.67,  29.19,  27.21,  26.28,  26.37,  27.19,  28.06,  27.97
20040829, 0000,  , TS, 31.5N,  79.1W,  55,  994,   50,   50,   50,   50,   25,   25,   25,   25,    0,    0,    0,    0, -999,  23.93,  24.12,  24.71,  24.43,  24.32,  26.67,  26.90,  26.80,  27.26,  26.62,  27.41,  26.80,  26.24,  25.14,  25.34,  25.80,  25.10,  26.26,  24.33,  23.23,  23.89,  26.55,  27.57,  26.64,  26.59,  25.85,  26.10,  26.27,  25.09,  24.76,  25.48
20040829, 0600,  , TS, 32.1N,  79.4W,  60,  991,   50,   50,   40,   50,   25,   25,   25,   25,    0,    0,    0,    0, -999,  21.44,  19.08,  18.10,  19.21,  19.41,  20.01,  20.43,  19.87,  19.60,  19.13,  19.12,  19.62,  19.88,  20.04,  20.44,  20.75,  19.45,  19.84,  19.92,  19.61,  19.76,  20.36,  20.84,  21.17,  21.20,  21.14,  21.27,  21.20,  21.22,  20.98,  20.82
20040829, 1200,  , HU, 32.8N,  79.5W,  65,  986,   50,   50,   30,   30,   25,   25,   20,   20,   10,   10,    0,    0, -999,    nan,    nan,    nan,    nan,    nan,    nan,    nan,    nan,    nan,    nan,    nan,    nan,    nan,    nan,    nan,    nan,    nan,    nan,    nan,    nan,    nan,    nan,    nan,    nan,    nan,    nan,    nan,    nan,    nan,    nan,    nan
20040829, 1400, L, HU, 33.0N,  79.6W,  65,  985, -999, -999, -999, -999, -999, -999, -999, -999, -999, -999, -999, -999,   10,    nan,    nan,    nan,    nan,    nan,    nan,    nan,    nan,    nan,    nan,    nan,    nan,    nan,    nan,    nan,    nan,    nan,    nan,    nan,    nan,    nan,    nan,    nan,    nan,    nan,    nan,    nan,    nan,    nan,    nan,    nan
20040829, 1800,  , TS, 33.5N,  79.6W,  45,  992,    0,   60,    0,    0,    0,    0,    0,    0,    0,    0,    0,    0, -999,    nan,    nan,    nan,    nan,    nan,    nan,    nan,    nan,    nan,    nan,    nan,    nan,    nan,    nan,    nan,    nan,    nan,    nan,    nan,    nan,    nan,    nan,    nan,    nan,    nan,    nan,    nan,    nan,    nan,    nan,    nan
20040830, 0000,  , TD, 34.2N,  79.4W,  30,  995,    0,    0,    0,    0,    0,    0,    0,    0,    0,    0,    0,    0, -999,    nan,    nan,    nan,    nan,    nan,    nan,    nan,    nan,    nan,    nan,    nan,    nan,    nan,    nan,    nan,    nan,    nan,    nan,    nan,    nan,    nan,    nan,    nan,    nan,    nan,    nan,    nan,    nan,    nan,    nan,    nan
20040830, 0600,  , TD, 34.9N,  79.1W,  30,  998,    0,    0,    0,    0,    0,    0,    0,    0,    0,    0,    0,    0, -999,    nan,    nan,    nan,    nan,    nan,    nan,    nan,    nan,    nan,    nan,    nan,    nan,    nan,    nan,    nan,    nan,    nan,    nan,    nan,    nan,    nan,    nan,    nan,    nan,    nan,    nan,    nan,    nan,    nan,    nan,    nan
20040830, 1200,  , TD, 35.6N,  78.7W,  25, 1000,    0,    0,    0,    0,    0,    0,    0,    0,    0,    0,    0,    0, -999,    nan,    nan,    nan,    nan,    nan,    nan,    nan,    nan,    nan,    nan,    nan,    nan,    nan,    nan,    nan,    nan,    nan,    nan,    nan,    nan,    nan,    nan,    nan,    nan,    nan,    nan,    nan,    nan,    nan,    nan,    nan
20040830, 1800,  , TD, 36.4N,  77.8W,  30, 1002,    0,    0,    0,    0,    0,    0,    0,    0,    0,    0,    0,    0, -999,    nan,    nan,    nan,    nan,    nan,    nan,    nan,    nan,    nan,    nan,    nan,    nan,    nan,    nan,    nan,    nan,    nan,    nan,    nan,    nan,    nan,    nan,    nan,    nan,    nan,    nan,    nan,    nan,    nan,    nan,    nan
20040831, 0000,  , TS, 37.2N,  76.6W,  35, 1001,    0,   45,    0,    0,    0,    0,    0,    0,    0,    0,    0,    0, -999,    nan,    nan,    nan,    nan,    nan,    nan,    nan,    nan,    nan,    nan,    nan,    nan,    nan,    nan,    nan,    nan,    nan,    nan,    nan,    nan,    nan,    nan,    nan,    nan,    nan,    nan,    nan,    nan,    nan,    nan,    nan
20040831, 0600,  , TS, 38.1N,  74.8W,  35, 1001,    0,   45,    0,    0,    0,    0,    0,    0,    0,    0,    0,    0, -999,    nan,    nan,    nan,    nan,    nan,    nan,    nan,    nan,    nan,    nan,    nan,    nan,    nan,    nan,    nan,    nan,    nan,    nan,    nan,    nan,    nan,    nan,    nan,    nan,    nan,    nan,    nan,    nan,    nan,    nan,    nan
20040831, 1200,  , TS, 39.1N,  72.9W,  35, 1001,    0,   45,    0,    0,    0,    0,    0,    0,    0,    0,    0,    0, -999,   8.43,   7.38,   7.47,   7.65,   7.98,   9.18,   9.02,  10.15,  10.59,  11.19,  12.43,  13.71,  13.07,  14.73,  14.68,  14.77,  15.11,  14.75,  14.73,  15.29,  14.92,  14.75,  14.31,  15.12,  14.20,  13.82,  13.92,  13.29,  12.18,  12.67,  12.04
20040831, 1800,  , TS, 40.2N,  70.5W,  35,  999,    0,  120,   90,    0,    0,    0,    0,    0,    0,    0,    0,    0, -999,  14.03,  13.97,  14.85,  13.29,  13.84,  13.26,  14.33,  13.00,  11.95,  12.06,  13.26,  14.58,  14.90,  14.77,  15.05,  15.44,  15.92,  15.27,  15.65,  15.60,  14.53,  15.43,  16.25,  16.21,  15.98,  15.81,  16.63,  16.74,  16.50,  16.93,  14.08
20040901, 0000,  , TS, 41.0N,  67.5W,  40,  999,   60,  120,   90,    0,    0,    0,    0,    0,    0,    0,    0,    0, -999,   4.46,   4.09,   3.68,   3.75,   3.54,   3.71,   3.28,   4.76,   4.49,   5.91,   5.45,   5.88,   7.12,   9.10,   9.52,  10.37,   9.81,  11.21,  12.34,  10.84,  11.12,  11.37,  11.00,  10.97,  10.88,  10.62,  11.07,  10.45,   9.01,   6.87,   3.85
20040901, 0600,  , TS, 41.7N,  63.5W,  45,  999,  120,  120,   60,    0,    0,    0,    0,    0,    0,    0,    0,    0, -999,  15.69,  15.57,  16.08,  16.15,  15.39,  15.39,  16.08,  14.28,  15.43,  15.61,  16.56,  15.38,  15.67,  15.31,  17.01,  16.45,  16.58,  16.95,  17.29,  18.22,  18.20,  17.98,  17.20,  17.73,  18.27,  17.82,  18.33,  18.09,  18.93,  17.63,  16.58
20040901, 1200,  , EX, 43.0N,  59.6W,  45,  999,  120,  120,   60,    0,    0,    0,    0,    0,    0,    0,    0,    0, -999,  12.60,  12.84,  13.20,  14.65,  13.63,  14.38,  14.58,  13.91,  13.14,  12.99,  13.48,  13.16,  12.73,  12.02,  11.82,  12.17,  11.03,  12.13,  11.08,  12.18,  10.82,  10.80,  10.34,   9.53,  11.35,  11.71,  13.75,  13.43,  13.74,  16.16,  15.69
20040901, 1800,  , EX, 45.0N,  55.0W,  45,  998,   90,  240,  240,    0,    0,    0,    0,    0,    0,    0,    0,    0, -999,   1.54,   1.20,   1.81,   1.84,   1.77,   2.82,   3.21,   2.98,   3.09,   2.94,   3.10,   2.38,   3.35,   4.00,   5.68,   6.24,   5.65,   4.72,   4.29,   4.25,   5.08,   6.14,   5.35,   5.26,   4.22,   4.89,   5.14,   5.59,   8.24,   9.86,  10.40
20040902, 0000,  , EX, 47.0N,  50.0W,  45,  997,    0,  240,  240,    0,    0,    0,    0,    0,    0,    0,    0,    0, -999,   4.08,   4.10,   3.46,   3.48,   3.84,   3.84,   4.01,   4.06,   4.01,   3.84,   4.21,   4.12,   4.27,   4.13,   4.62,   4.21,   4.64,   4.63,   4.88,   4.27,   4.06,   3.88,   4.72,   4.21,   4.08,   3.93,   4.24,   4.81,   4.18,   4.20,   3.88
20040902, 0600,  , EX, 48.5N,  44.0W,  45,  996,    0,  240,  240,    0,    0,    0,    0,    0,    0,    0,    0,    0, -999,   6.71,   6.54,   7.03,   6.55,   7.82,   8.22,   7.06,   7.35,   4.51,   4.00,   3.82,   3.54,   5.11,   5.59,   5.96,   6.09,   7.89,   4.66,   6.18,   7.27,  10.14,   4.80,   5.89,   4.94,   7.51,   6.89,   9.31,   7.30,   7.03,   6.25,   6.62
20040902, 1200,  , EX, 50.0N,  38.0W,  45,  994,    0,  240,  240,    0,    0,    0,    0,    0,    0,    0,    0,    0, -999,  14.05,  13.77,  13.16,  13.73,  13.54,  14.64,  13.66,  11.82,  12.10,  12.89,  13.76,  14.36,  14.50,  13.70,  13.17,  13.82,  13.41,  12.52,  12.55,  13.72,  13.76,  13.56,  13.47,  14.07,  14.66,  14.24,  13.83,  13.72,  13.46,  13.25,  13.64
20040902, 1800,  , EX, 51.1N,  32.0W,  40,  994,    0,  240,  240,    0,    0,    0,    0,    0,    0,    0,    0,    0, -999,  12.19,  12.65,  12.38,  12.91,  13.03,  12.92,  13.38,  13.06,  13.20,  12.91,  12.60,  12.76,  12.79,  12.91,  13.55,  13.36,  13.25,  13.25,  13.63,  13.72,  13.73,  13.54,  13.61,  13.62,  13.63,  13.56,  13.34,  13.31,  13.09,  12.93,  12.75
20040903, 0000,  , EX, 52.0N,  28.9W,  35,  998,    0,  240,  240,    0,    0,    0,    0,    0,    0,    0,    0,    0, -999,  12.39,  12.37,  12.33,  12.68,  13.34,  13.34,  13.20,  13.09,  12.98,  13.51,  13.44,  13.61,  13.80,  13.68,  13.67,  13.58,  13.72,  13.80,  13.87,  13.88,  13.72,  13.86,  13.85,  13.64,  13.63,  13.39,  13.19,  13.35,  12.95,  12.89,  12.68
