AL072008,             GUSTAV,     50,
20080825, 0000,  , TD, 13.5N,  67.4W,  25, 1008,    0,    0,    0,    0,    0,    0,    0,    0,    0,    0,    0,    0, -999,  35.90,  35.87,  35.84,  35.81,  35.80,  35.79,  35.77,  35.80,  35.80,  35.79,  35.77,  35.79,  35.77,  35.77,  35.77,  35.74,  35.73,  35.72,  35.72,  35.72,  35.91,  36.07,  35.92,  35.78,  35.70,  35.80,  35.73,  35.70,  35.66,  35.66,  35.65
20080825, 0600,  , TD, 14.4N,  68.5W,  30, 1005,    0,    0,    0,    0,    0,    0,    0,    0,    0,    0,    0,    0, -999,  36.34,  36.32,  36.38,  36.27,  36.02,  35.93,  35.94,  35.86,  35.75,  35.64,  35.40,  35.39,  35.42,  35.44,  35.82,  35.78,  35.73,  35.39,  35.54,  35.67,  35.69,  35.76,  35.72,  35.71,  35.71,  35.71,  35.76,  36.06,  35.94,  35.87,  35.78
20080825, 1200,  , TS, 15.1N,  69.6W,  35, 1002,   30,   20,   30,   30,    0,    0,    0,    0,    0,    0,    0,    0, -999,  36.34,  36.19,  36.31,  36.29,  36.29,  35.96,  35.81,  35.50,  35.26,  35.10,  34.95,  35.09,  35.06,  34.74,  34.67,  35.04,  35.18,  34.88,  34.32,  34.05,  34.10,  34.20,  34.38,  34.04,  33.58,  33.87,  33.80,  34.03,  33.98,  34.13,  34.60
20080825, 1800,  , TS, 15.8N,  70.5W,  50,  996,   45,   30,   30,   30,   20,   15,    0,    0,    0,    0,    0,    0, -999,  35.97,  35.93,  36.01,  35.99,  36.06,  36.07,  36.09,  35.96,  35.91,  35.83,  35.78,  35.75,  35.55,  35.42,  35.20,  35.18,  34.84,  34.77,  34.29,  34.31,  34.37,  34.35,  34.37,  34.54,  34.77,  34.58,  34.42,  34.73,  34.48,  34.65,  34.68
20080826, 0000,  , TS, 16.4N,  71.2W,  60,  991,   45,   30,   30,   30,   20,   15,    0,    0,    0,    0,    0,    0, -999,  36.05,  36.05,  36.02,  36.03,  36.02,  36.02,  35.97,  35.94,  35.95,  35.95,  36.00,  35.98,  35.97,  35.92,  35.89,  35.70,  35.66,  35.34,  35.23,  34.93,  34.56,  34.71,  34.65,  34.70,  34.97,  35.11,  34.90,  34.41,  34.38,  34.62,  34.68
20080826, 0600,  , HU, 16.9N,  71.7W,  75,  986,   60,   45,   30,   30,   20,   20,   15,   15,   15,   15,   10,   10, -999,  36.05,  36.04,  36.07,  36.06,  36.09,  36.11,  36.11,  36.09,  36.11,  36.11,  36.12,  36.12,  36.15,  36.16,  36.08,  36.01,  35.88,  35.79,  35.77,  35.83,  35.78,  35.88,  35.86,  35.85,  36.02,  36.05,  36.07,  35.95,  35.94,  35.89,  35.84
20080826, 1200,  , HU, 17.5N,  72.1W,  80,  981,   60,   45,   30,   30,   25,   20,   15,   15,   15,   15,   10,   10, -999,  36.13,  36.13,  36.14,  36.14,  36.14,  36.14,  36.13,  36.15,  36.13,  36.12,  36.11,  36.09,  36.06,  36.05,  36.04,  36.05,  35.99,  35.85,  35.87,  35.78,  35.75,  35.76,  35.76,  35.75,  35.74,  35.77,  35.79,  35.84,  35.80,  35.80,  35.73
20080826, 1800, L, HU, 18.1N,  72.8W,  70,  992,   45,   45,   30,   30,   25,   20,   15,   15,   15,    0,    0,   10, -999,    nan,    nan,    nan,    nan,    nan,    nan,    nan,    nan,    nan,    nan,    nan,    nan,    nan,    nan,    nan,    nan,    nan,    nan,    nan,    nan,    nan,    nan,    nan,    nan,    nan,    nan,    nan,    nan,    nan,    nan,    nan
20080827, 0000,  , TS, 18.4N,  73.1W,  50,  995,   45,   45,   30,   30,   20,    0,    0,    0,    0,    0,    0,    0, -999,    nan,    nan,    nan,    nan,    nan,    nan,    nan,    nan,    nan,    nan,    nan,    nan,    nan,    nan,    nan,    nan,    nan,    nan,    nan,    nan,    nan,    nan,    nan,    nan,    nan,    nan,    nan,    nan,    nan,    nan,    nan
20080827, 0600,  , TS, 18.6N,  73.4W,  45,  999,   45,   45,   30,   30,    0,    0,    0,    0,    0,    0,    0,    0, -999,  36.14,  36.14,  36.16,  36.16,  36.18,  36.16,  36.17,  36.17,  36.18,  36.18,  36.18,  36.18,  36.18,  36.18,  36.17,  36.16,  36.14,  36.14,  36.13,  36.11,  36.13,  36.13,  36.14,  36.13,  36.15,  36.16,  36.16,  36.17,  36.17,  36.18,  36.19
20080827, 1200,  , TS, 18.7N,  73.7W,  45,  998,   45,   45,    0,    0,    0,    0,    0,    0,    0,    0,    0,    0, -999,  36.16,  36.15,  36.16,  36.16,  36.17,  36.15,  36.17,  36.17,  36.17,  36.17,  36.17,  36.17,  36.17,  36.18,  36.16,  36.17,  36.10,  36.07,  36.10,  36.11,  36.11,  36.12,  36.15,  36.16,  36.16,  36.15,  36.16,  36.16,  36.17,  36.19,  36.22
20080827, 1800,  , TS, 18.9N,  74.0W,  45,  999,   45,   45,    0,    0,    0,    0,    0,    0,    0,    0,    0,    0, -999,  36.21,  36.22,  36.22,  36.22,  36.22,  36.17,  36.19,  36.18,  36.20,  36.21,  36.20,  36.21,  36.22,  36.22,  36.22,  36.20,  36.10,  36.12,  36.13,  36.14,  36.16,  36.18,  36.26,  36.25,  36.23,  36.23,  36.22,  36.21,  36.22,  36.22,  36.22
20080828, 0000,  , TS, 18.8N,  75.1W,  40,  999,   30,   30,    0,   30,    0,    0,    0,    0,    0,    0,    0,    0, -999,  36.22,  36.22,  36.20,  36.23,  36.23,  36.10,  36.11,  36.12,  36.13,  36.14,  36.16,  36.20,  36.22,  36.23,  36.23,  36.19,  36.11,  36.14,  36.16,  36.17,  36.17,  36.14,  36.12,  36.13,  36.14,  36.23,  36.28,  36.27,  36.30,  36.25,  36.16
20080828, 0600,  , TS, 18.1N,  75.4W,  45,  995,   45,   30,   30,   30,    0,    0,    0,    0,    0,    0,    0,    0, -999,  36.24,  36.24,  36.24,  36.24,  36.22,  36.19,  36.18,  36.17,  36.15,  36.14,  36.19,  36.21,  36.21,  36.21,  36.20,  36.21,  36.13,  36.17,  36.17,  36.14,  36.12,  36.15,  36.15,  36.09,  36.12,  36.12,  36.12,  36.12,  36.14,  36.16,  36.16
20080828, 1200,  , TS, 17.9N,  75.7W,  60,  984,   60,   45,   40,   40,   20,    0,    0,    0,    0,    0,    0,    0, -999,  36.23,  36.23,  36.23,  36.23,  36.23,  36.20,  36.20,  36.20,  36.19,  36.19,  36.19,  36.21,  36.22,  36.22,  36.22,  36.21,  36.01,  36.06,  36.09,  36.05,  36.08,  36.11,  36.11,  36.11,  36.10,  36.12,  36.14,  36.18,  36.19,  36.18,  36.17
20080828, 1800, L, TS, 18.0N,  76.2W,  60,  984,   60,   40,   40,   40,   20,   20,    0,    0,    0,    0,    0,    0, -999,  36.24,  36.24,  36.23,  36.23,  36.23,  36.21,  36.20,  36.20,  36.20,  36.20,  36.20,  36.20,  36.20,  36.20,  36.20,  36.20,  36.07,  36.18,  36.17,  36.12,  36.16,  36.17,  36.18,  36.17,  36.17,  36.17,  36.17,  36.16,  36.16,  36.14,  36.13
20080829, 0000,  , TS, 17.8N,  77.0W,  60,  987,   90,   80,   40,   50,   30,   20,    0,    0,    0,    0,    0,    0, -999,  36.26,  36.26,  36.25,  36.25,  36.25,  36.24,  36.24,  36.24,  36.23,  36.24,  36.23,  36.23,  36.23,  36.23,  36.22,  36.22,  36.16,  36.16,  36.16,  36.16,  36.16,  36.17,  36.16,  36.15,  36.13,  36.10,  36.02,  35.96,  35.91,  35.81,  35.86
20080829, 0200, L, TS, 17.9N,  77.2W,  60,  987,   90,   80,   40,   50,   30,   20,    0,    0,    0,    0,    0,    0, -999,    nan,    nan,    nan,    nan,    nan,    nan,    nan,    nan,    nan,    nan,    nan,    nan,    nan,    nan,    nan,    nan,    nan,    nan,    nan,    nan,    nan,    nan,    nan,    nan,    nan,    nan,    nan,    nan,    nan,    nan,    nan
20080829, 0600,  , TS, 18.0N,  77.7W,  55,  990,  120,  120,   40,   60,   40,   20,    0,   20,    0,    0,    0,    0, -999,    nan,    nan,    nan,    nan,    nan,    nan,    nan,    nan,    nan,    nan,    nan,    nan,    nan,    nan,    nan,    nan,    nan,    nan,    nan,    nan,    nan,    nan,    nan,    nan,    nan,    nan,    nan,    nan,    nan,    nan,    nan
20080829, 1200,  , TS, 18.3N,  78.4W,  50,  989,  120,  120,   40,   60,   50,   30,    0,   30,    0,    0,    0,    0, -999,  36.21,  36.22,  36.22,  36.22,  36.21,  36.21,  36.21,  36.21,  36.21,  36.21,  36.21,  36.21,  36.21,  36.21,  36.21,  36.21,  36.17,  36.16,  36.17,  36.17,  36.16,  36.16,  36.15,  36.15,  36.14,  36.15,  36.15,  36.15,  36.15,  36.12,  36.10
20080829, 1800,  , HU, 18.8N,  79.2W,  65,  984,  130,  120,   70,  100,   60,   40,   25,   40,   25,    0,    0,    0, -999,  36.21,  36.21,  36.21,  36.21,  36.19,  36.19,  36.19,  36.19,  36.18,  36.17,  36.18,  36.19,  36.20,  36.19,  36.18,  36.19,  36.15,  36.12,  36.14,  36.14,  36.14,  36.14,  36.14,  36.14,  36.13,  36.10,  36.08,  36.07,  36.09,  36.08,  36.06
20080830, 0000,  , HU, 19.2N,  80.0W,  75,  975,  140,  120,   90,  120,   75,   50,   35,   50,   50,    0,    0,    0, -999,  36.20,  36.21,  36.21,  36.19,  36.16,  36.19,  36.19,  36.19,  36.18,  36.19,  36.19,  36.20,  36.20,  36.21,  36.20,  36.17,  36.14,  36.16,  36.16,  36.14,  36.14,  36.15,  36.14,  36.16,  36.13,  36.11,  36.09,  36.09,  36.09,  36.07,  36.14
20080830, 0600,  , HU, 19.7N,  80.8W,  85,  968,  140,  120,   75,  120,   75,   60,   40,   60,   50,   30,    0,   30, -999,  36.21,  36.22,  36.21,  36.19,  36.16,  36.18,  36.17,  36.18,  36.20,  36.21,  36.18,  36.20,  36.20,  36.19,  36.20,  36.17,  36.13,  36.12,  36.13,  36.12,  36.11,  36.11,  36.12,  36.13,  36.15,  36.12,  36.08,  36.07,  36.07,  36.07,  36.10
20080830, 1200,  , HU, 20.7N,  81.6W, 110,  955,  140,  120,   75,  120,   90,   90,   45,   60,   50,   30,   25,   30, -999,  36.21,  36.22,  36.22,  36.21,  36.20,  36.20,  36.20,  36.20,  36.20,  36.20,  36.21,  36.22,  36.22,  36.21,  36.20,  36.20,  36.21,  36.20,  36.21,  36.22,  36.20,  36.17,  36.14,  36.14,  36.12,  36.13,  36.09,  36.11,  36.10,  36.09,  36.09
20080830, 1800, L, HU, 21.6N,  82.5W, 125,  943,  150,  120,   90,  120,  100,   90,   45,   60,   60,   40,   25,   30, -999,  36.26,  36.30,  36.31,  36.28,  36.26,  36.26,  36.25,  36.25,  36.25,  36.25,  36.25,  36.25,  36.25,  36.25,  36.25,  36.26,  36.19,  36.20,  36.22,  36.21,  36.20,  36.21,  36.23,  36.22,  36.21,  36.20,  36.10,  36.06,  36.00,  36.03,  36.08
20080830, 2200, L, HU, 22.4N,  83.1W, 135,  941,  155,  120,   95,  125,  100,   90,   50,   65,   60,   45,   20,   30, -999,    nan,    nan,    nan,    nan,    nan,    nan,    nan,    nan,    nan,    nan,    nan,    nan,    nan,    nan,    nan,    nan,    nan,    nan,    nan,    nan,    nan,    nan,    nan,    nan,    nan,    nan,    nan,    nan,    nan,    nan,    nan
20080831, 0000,  , HU, 22.7N,  83.5W, 120,  950,  160,  120,  100,  135,  100,   90,   60,   75,   60,   40,   30,   35, -999,    nan,    nan,    nan,    nan,    nan,    nan,    nan,    nan,    nan,    nan,    nan,    nan,    nan,    nan,    nan,    nan,    nan,    nan,    nan,    nan,    nan,    nan,    nan,    nan,    nan,    nan,    nan,    nan,    nan,    nan,    nan
20080831, 0600,  , HU, 23.6N,  84.4W, 105,  960,  175,  135,  120,  135,  120,   75,   60,   75,   45,   30,   30,   30, -999,  36.23,  36.21,  36.18,  36.17,  36.18,  36.23,  36.27,  36.24,  36.23,  36.25,  36.25,  36.19,  36.21,  36.21,  36.21,  36.16,  36.19,  36.18,  36.18,  36.17,  36.19,  36.15,  36.16,  36.19,  36.18,  36.12,  36.11,  36.08,  36.10,  36.13,  36.20
20080831, 1200,  , HU, 24.8N,  85.5W, 100,  961,  190,  150,  120,  150,  120,   90,   60,   90,   45,   30,   25,   30, -999,  36.20,  36.21,  36.22,  36.28,  36.28,  36.29,  36.24,  36.23,  36.19,  36.20,  36.25,  36.22,  36.25,  36.22,  36.19,  36.25,  36.26,  36.25,  36.25,  36.21,  36.23,  36.20,  36.23,  36.24,  36.25,  36.24,  36.24,  36.24,  36.23,  36.23,  36.27
20080831, 1800,  , HU, 25.9N,  86.7W,  95,  960,  200,  175,  130,  165,  120,   90,   60,   90,   60,   40,   25,   40, -999,  36.17,  36.17,  36.18,  36.18,  36.20,  36.21,  36.20,  36.20,  36.21,  36.20,  36.19,  36.17,  36.20,  36.18,  36.23,  36.27,  36.18,  36.16,  36.22,  36.22,  36.23,  36.25,  36.24,  36.23,  36.23,  36.23,  36.24,  36.11,  36.03,  36.16,  36.16
20080901, 0000,  , HU, 26.9N,  87.7W,  95,  953,  200,  180,  140,  180,  130,   90,   60,  120,   70,   40,   30,   60, -999,  35.91,  35.92,  35.94,  35.95,  35.94,  35.93,  35.95,  35.95,  35.94,  35.93,  35.92,  35.91,  35.89,  35.88,  35.86,  35.74,  35.76,  35.74,  35.75,  35.75,  35.81,  35.76,  35.70,  35.67,  35.64,  35.81,  36.08,  36.04,  36.00,  35.86,  35.75
20080901, 0600,  , HU, 27.9N,  89.0W,  95,  954,  220,  200,  140,  160,  130,  100,   60,  100,   70,   40,   30,   50, -999,  36.02,  35.97,  35.86,  35.75,  35.69,  35.67,  35.70,  35.76,  35.83,  35.78,  35.78,  35.83,  35.88,  35.91,  35.98,  35.41,  35.38,  35.08,  35.25,  35.10,  35.24,  35.36,  34.94,  34.52,  34.48,  33.84,  35.48,  35.22,  35.14,  35.15,  35.06
20080901, 1200,  , HU, 28.8N,  90.3W,  95,  955,  200,  200,  140,  150,  130,  100,   60,   90,   70,   50,   40,   40, -999,  34.17,  34.23,  34.21,  34.15,  34.12,  34.05,  33.99,  33.78,  33.53,  32.74,  33.34,  33.58,  33.77,  33.87,  33.81,  33.80,  33.69,  33.84,  33.54,  33.59,  33.74,  33.58,  33.33,  33.23,  33.01,  33.30,  34.27,  34.34,  34.45,  34.51,  34.54
20080901, 1500, L, HU, 29.2N,  90.7W,  90,  954,  175,  175,  140,  135,  130,  100,   70,   75,   35,   50,   40,   30,   25,    nan,    nan,    nan,    nan,    nan,    nan,    nan,    nan,    nan,    nan,    nan,    nan,    nan,    nan,    nan,    nan,    nan,    nan,    nan,    nan,    nan,    nan,    nan,    nan,    nan,    nan,    nan,    nan,    nan,    nan,    nan
20080901, 1800,  , HU, 29.8N,  91.4W,  85,  958,  150,  160,  140,   75,   45,   75,   70,   50,   25,   30,   30,   25, -999,    nan,    nan,    nan,    nan,    nan,    nan,    nan,    nan,    nan,    nan,    nan,    nan,    nan,    nan,    nan,    nan,    nan,    nan,    nan,    nan,    nan,    nan,    nan,    nan,    nan,    nan,    nan,    nan,    nan,    nan,    nan
20080902, 0000,  , TS, 30.7N,  92.3W,  60,  971,  100,  100,   75,   60,   35,   35,    0,   35,    0,    0,    0,    0, -999,    nan,    nan,    nan,    nan,    nan,    nan,    nan,    nan,    nan,    nan,    nan,    nan,    nan,    nan,    nan,    nan,    nan,    nan,    nan,    nan,    nan,    nan,    nan,    nan,    nan,    nan,    nan,    nan,    nan,    nan,    nan
20080902, 0600,  , TS, 31.4N,  93.1W,  40,  981,   60,   40,    0,   40,    0,    0,    0,    0,    0,    0,    0,    0, -999,    nan,    nan,    nan,    nan,    nan,    nan,    nan,    nan,    nan,    nan,    nan,    nan,    nan,    nan,    nan,    nan,    nan,    nan,    nan,    nan,    nan,    nan,    nan,    nan,    nan,    nan,    nan,    nan,    nan,    nan,    nan
20080902, 1200,  , TD, 32.1N,  93.5W,  30,  989,    0,    0,    0,    0,    0,    0,    0,    0,    0,    0,    0,    0, -999,    nan,    nan,    nan,    nan,    nan,    nan,    nan,    nan,    nan,    nan,    nan,    nan,    nan,    nan,    nan,    nan,    nan,    nan,    nan,    nan,    nan,    nan,    nan,    nan,    nan,    nan,    nan,    nan,    nan,    nan,    nan
20080902, 1800,  , TD, 32.7N,  93.9W,  20,  993,    0,    0,    0,    0,    0,    0,    0,    0,    0,    0,    0,    0, -999,    nan,    nan,    nan,    nan,    nan,    nan,    nan,    nan,    nan,    nan,    nan,    nan,    nan,    nan,    nan,    nan,    nan,    nan,    nan,    nan,    nan,    nan,    nan,    nan,    nan,    nan,    nan,    nan,    nan,    nan,    nan
20080903, 0000,  , TD, 33.2N,  93.9W,  20,  995,    0,    0,    0,    0,    0,    0,    0,    0,    0,    0,    0,    0, -999,    nan,    nan,    nan,    nan,    nan,    nan,    nan,    nan,    nan,    nan,    nan,    nan,    nan,    nan,    nan,    nan,    nan,    nan,    nan,    nan,    nan,    nan,    nan,    nan,    nan,    nan,    nan,    nan,    nan,    nan,    nan
20080903, 0600,  , TD, 33.7N,  94.3W,  20,  997,    0,    0,    0,    0,    0,    0,    0,    0,    0,    0,    0,    0, -999,    nan,    nan,    nan,    nan,    nan,    nan,    nan,    nan,    nan,    nan,    nan,    nan,    nan,    nan,    nan,    nan,    nan,    nan,    nan,    nan,    nan,    nan,    nan,    nan,    nan,    nan,    nan,    nan,    nan,    nan,    nan
20080903, 1200,  , TD, 33.8N,  94.4W,  20,  997,    0,    0,    0,    0,    0,    0,    0,    0,    0,    0,    0,    0, -999,    nan,    nan,    nan,    nan,    nan,    nan,    nan,    nan,    nan,    nan,    nan,    nan,    nan,    nan,    nan,    nan,    nan,    nan,    nan,    nan,    nan,    nan,    nan,    nan,    nan,    nan,    nan,    nan,    nan,    nan,    nan
20080903, 1800,  , TD, 34.0N,  94.4W,  20,  998,    0,    0,    0,    0,    0,    0,    0,    0,    0,    0,    0,    0, -999,    nan,    nan,    nan,    nan,    nan,    nan,    nan,    nan,    nan,    nan,    nan,    nan,    nan,    nan,    nan,    nan,    nan,    nan,    nan,    nan,    nan,    nan,    nan,    nan,    nan,    nan,    nan,    nan,    nan,    nan,    nan
20080904, 0000,  , TD, 34.3N,  94.1W,  15,  998,    0,    0,    0,    0,    0,    0,    0,    0,    0,    0,    0,    0, -999,    nan,    nan,    nan,    nan,    nan,    nan,    nan,    nan,    nan,    nan,    nan,    nan,    nan,    nan,    nan,    nan,    nan,    nan,    nan,    nan,    nan,    nan,    nan,    nan,    nan,    nan,    nan,    nan,    nan,    nan,    nan
20080904, 0600,  , TD, 34.8N,  93.4W,  15,  999,    0,    0,    0,    0,    0,    0,    0,    0,    0,    0,    0,    0, -999,    nan,    nan,    nan,    nan,    nan,    nan,    nan,    nan,    nan,    nan,    nan,    nan,    nan,    nan,    nan,    nan,    nan,    nan,    nan,    nan,    nan,    nan,    nan,    nan,    nan,    nan,    nan,    nan,    nan,    nan,    nan
20080904, 1200,  , EX, 36.2N,  92.3W,  15, 1000,    0,    0,    0,    0,    0,    0,    0,    0,    0,    0,    0,    0, -999,    nan,    nan,    nan,    nan,    nan,    nan,    nan,    nan,    nan,    nan,    nan,    nan,    nan,    nan,    nan,    nan,    nan,    nan,    nan,    nan,    nan,    nan,    nan,    nan,    nan,    nan,    nan,    nan,    nan,    nan,    nan
20080904, 1800,  , EX, 38.5N,  90.7W,  20, 1000,    0,    0,    0,    0,    0,    0,    0,    0,    0,    0,    0,    0, -999,    nan,    nan,    nan,    nan,    nan,    nan,    nan,    nan,    nan,    nan,    nan,    nan,    nan,    nan,    nan,    nan,    nan,    nan,    nan,    nan,    nan,    nan,    nan,    nan,    nan,    nan,    nan,    nan,    nan,    nan,    nan
20080905, 0000,  , EX, 40.2N,  88.7W,  20, 1002,    0,    0,    0,    0,    0,    0,    0,    0,    0,    0,    0,    0, -999,    nan,    nan,    nan,    nan,    nan,    nan,    nan,    nan,    nan,    nan,    nan,    nan,    nan,    nan,    nan,    nan,    nan,    nan,    nan,    nan,    nan,    nan,    nan,    nan,    nan,    nan,    nan,    nan,    nan,    nan,    nan
20080905, 0600,  , EX, 42.2N,  86.5W,  20, 1002,    0,    0,    0,    0,    0,    0,    0,    0,    0,    0,    0,    0, -999,    nan,    nan,    nan,    nan,    nan,    nan,    nan,    nan,    nan,    nan,    nan,    nan,    nan,    nan,    nan,    nan,    nan,    nan,    nan,    nan,    nan,    nan,    nan,    nan,    nan,    nan,    nan,    nan,    nan,    nan,    nan
20080905, 1200,  , EX, 43.7N,  83.8W,  20, 1004,    0,    0,    0,    0,    0,    0,    0,    0,    0,    0,    0,    0, -999,    nan,    nan,    nan,    nan,    nan,    nan,    nan,    nan,    nan,    nan,    nan,    nan,    nan,    nan,    nan,    nan,    nan,    nan,    nan,    nan,    nan,    nan,    nan,    nan,    nan,    nan,    nan,    nan,    nan,    nan,    nan
