AL072004,             GASTON,     28,
20040827, 1200,  , TD, 31.8N,  78.1W,  25, 1015,    0,    0,    0,    0,    0,    0,    0,    0,    0,    0,    0,    0, -999,  28.59,  26.75,  26.68,  25.70,  26.00,  27.34,  28.03,  28.16,  28.76,  29.34,  28.57,  29.36,  29.46,  29.22,  29.58,  29.30,  29.41,  29.39,  28.93,  29.59,  29.67,  29.50,  29.79,  29.76,  29.44,  29.30,  28.87,  26.37,  26.63,  27.53,  27.95
20040827, 1800,  , TD, 31.6N,  78.0W,  25, 1014,    0,    0,    0,    0,    0,    0,    0,    0,    0,    0,    0,    0, -999,  28.99,  27.95,  26.37,  26.67,  27.57,  28.20,  28.64,  29.12,  29.25,  29.31,  28.88,  29.05,  29.38,  29.02,  29.08,  29.37,  29.44,  29.33,  29.04,  29.18,  29.44,  29.56,  29.94,  29.47,  28.90,  28.57,  29.04,  26.84,  27.14,  27.99,  28.59
20040828, 0000,  , TD, 31.4N,  78.0W,  30, 1011,    0,    0,    0,    0,    0,    0,    0,    0,    0,    0,    0,    0, -999,  28.93,  27.07,  27.71,  27.80,  27.70,  28.07,  29.05,  28.60,  29.44,  29.23,  29.08,  29.11,  28.99,  28.55,  29.11,  29.34,  29.12,  28.70,  28.90,  29.51,  29.62,  29.79,  29.14,  28.89,  28.42,  29.12,  27.48,  27.82,  28.18,  28.95,  28.72
20040828, 0600,  , TS, 31.3N,  78.2W,  35, 1005,    0,   50,    0,    0,    0,    0,    0,    0,    0,    0,    0,    0, -999,  29.10,  27.58,  28.05,  28.16,  27.55,  27.84,  28.95,  28.46,  28.51,  28.62,  28.79,  29.14,  28.49,  28.51,  28.98,  29.17,  28.88,  28.47,  28.69,  29.15,  29.56,  29.58,  28.95,  28.86,  28.32,  29.10,  27.75,  27.91,  28.16,  29.12,  28.68
20040828, 1200,  , TS, 31.3N,  78.5W,  45, 1000,   50,   50,    0,    0,    0,    0,    0,    0,    0,    0,    0,    0, -999,  26.90,  26.97,  28.06,  27.75,  27.89,  29.31,  28.26,  28.32,  28.87,  29.24,  29.14,  29.27,  28.54,  29.20,  29.33,  29.39,  28.80,  28.92,  29.40,  29.58,  29.71,  29.55,  28.88,  28.62,  29.35,  27.95,  27.55,  27.53,  27.84,  28.23,  28.88
20040828, 1800,  , TS, 31.3N,  78.8W,  50,  997,   75,   75,   40,   40,    0,   25,    0,    0,    0,    0,    0,    0, -999,  25.55,  27.15,  27.99,  27.99,  28.43,  29.15,  28.80,  29.39,  29.32,  28.99,  29.41,  29.28,  29.42,  29.38,  29.47,  29.44,  29.30,  29.13,  29.54,  29.27,  29.64,  29.79,  29.35,  29.41,  29.19,  27.22,  26.31,  26.45,  27.75,  28.70,  28.60
20040829, 0000,  , TS, 31.5N,  79.1W,  55,  994,   50,   50,   50,   50,   25,   25,   25,   25,    0,    0,    0,    0, -999,  25.89,  25.46,  26.34,  26.33,  26.20,  28.40,  28.48,  27.89,  28.93,  28.61,  29.14,  28.96,  28.25,  27.63,  27.61,  28.39,  27.54,  29.18,  26.63,  25.47,  26.10,  28.85,  29.51,  28.81,  27.38,  26.00,  26.44,  26.94,  26.53,  26.31,  27.40
20040829, 0600,  , TS, 32.1N,  79.4W,  60,  991,   50,   50,   40,   50,   25,   25,   25,   25,    0,    0,    0,    0, -999,  24.31,  20.38,  20.10,  22.52,  22.14,  21.98,  22.99,  22.12,  21.41,  20.82,  20.50,  21.08,  20.79,  20.70,  21.28,  21.36,  20.41,  21.06,  21.61,  21.12,  21.60,  21.33,  22.39,  23.18,  22.81,  24.03,  23.36,  24.57,  26.68,  26.18,  23.44
20040829, 1200,  , HU, 32.8N,  79.5W,  65,  986,   50,   50,   30,   30,   25,   25,   20,   20,   10,   10,    0,    0, -999,    nan,    nan,    nan,    nan,    nan,    nan,    nan,    nan,    nan,    nan,    nan,    nan,    nan,    nan,    nan,    nan,    nan,    nan,    nan,    nan,    nan,    nan,    nan,    nan,    nan,    nan,    nan,    nan,    nan,    nan,    nan
20040829, 1400, L, HU, 33.0N,  79.6W,  65,  985, -999, -999, -999, -999, -999, -999, -999, -999, -999, -999, -999, -999,   10,    nan,    nan,    nan,    nan,    nan,    nan,    nan,    nan,    nan,    nan,    nan,    nan,    nan,    nan,    nan,    nan,    nan,    nan,    nan,    nan,    nan,    nan,    nan,    nan,    nan,    nan,    nan,    nan,    nan,    nan,    nan
20040829, 1800,  , TS, 33.5N,  79.6W,  45,  992,    0,   60,    0,    0,    0,    0,    0,    0,    0,    0,    0,    0, -999,    nan,    nan,    nan,    nan,    nan,    nan,    nan,    nan,    nan,    nan,    nan,    nan,    nan,    nan,    nan,    nan,    nan,    nan,    nan,    nan,    nan,    nan,    nan,    nan,    nan,    nan,    nan,    nan,    nan,    nan,    nan
20040830, 0000,  , TD, 34.2N,  79.4W,  30,  995,    0,    0,    0,    0,    0,    0,    0,    0,    0,    0,    0,    0, -999,    nan,    nan,    nan,    nan,    nan,    nan,    nan,    nan,    nan,    nan,    nan,    nan,    nan,    nan,    nan,    nan,    nan,    nan,    nan,    nan,    nan,    nan,    nan,    nan,    nan,    nan,    nan,    nan,    nan,    nan,    nan
20040830, 0600,  , TD, 34.9N,  79.1W,  30,  998,    0,    0,    0,    0,    0,    0,    0,    0,    0,    0,    0,    0, -999,    nan,    nan,    nan,    nan,    nan,    nan,    nan,    nan,    nan,    nan,    nan,    nan,    nan,    nan,    nan,    nan,    nan,    nan,    nan,    nan,    nan,    nan,    nan,    nan,    nan,    nan,    nan,    nan,    nan,    nan,    nan
20040830, 1200,  , TD, 35.6N,  78.7W,  25, 1000,    0,    0,    0,    0,    0,    0,    0,    0,    0,    0,    0,    0, -999,    nan,    nan,    nan,    nan,    nan,    nan,    nan,    nan,    nan,    nan,    nan,    nan,    nan,    nan,    nan,    nan,    nan,    nan,    nan,    nan,    nan,    nan,    nan,    nan,    nan,    nan,    nan,    nan,    nan,    nan,    nan
20040830, 1800,  , TD, 36.4N,  77.8W,  30, 1002,    0,    0,    0,    0,    0,    0,    0,    0,    0,    0,    0,    0, -999,    nan,    nan,    nan,    nan,    nan,    nan,    nan,    nan,    nan,    nan,    nan,    nan,    nan,    nan,    nan,    nan,    nan,    nan,    nan,    nan,    nan,    nan,    nan,    nan,    nan,    nan,    nan,    nan,    nan,    nan,    nan
20040831, 0000,  , TS, 37.2N,  76.6W,  35, 1001,    0,   45,    0,    0,    0,    0,    0,    0,    0,    0,    0,    0, -999,    nan,    nan,    nan,    nan,    nan,    nan,    nan,    nan,    nan,    nan,    nan,    nan,    nan,    nan,    nan,    nan,    nan,    nan,    nan,    nan,    nan,    nan,    nan,    nan,    nan,    nan,    nan,    nan,    nan,    nan,    nan
20040831, 0600,  , TS, 38.1N,  74.8W,  35, 1001,    0,   45,    0,    0,    0,    0,    0,    0,    0,    0,    0,    0, -999,    nan,    nan,    nan,    nan,    nan,    nan,    nan,    nan,    nan,    nan,    nan,    nan,    nan,    nan,    nan,    nan,    nan,    nan,    nan,    nan,    nan,    nan,    nan,    nan,    nan,    nan,    nan,    nan,    nan,    nan,    nan
20040831, 1200,  , TS, 39.1N,  72.9W,  35, 1001,    0,   45,    0,    0,    0,    0,    0,    0,    0,    0,    0,    0, -999,  12.17,  12.46,  13.56,  12.28,  12.71,  16.30,  18.25,  21.66,  22.01,  21.29,  21.10,  20.27,  17.31,  18.38,  17.55,  16.74,  16.87,  16.36,  16.09,  16.96,  16.06,  16.16,  16.27,  17.83,  16.12,  15.58,  15.82,  15.53,  14.22,  14.53,  14.21
20040831, 1800,  , TS, 40.2N,  70.5W,  35,  999,    0,  120,   90,    0,    0,    0,    0,    0,    0,    0,    0,    0, -999,  16.38,  16.20,  17.71,  15.49,  16.04,  16.16,  18.10,  16.91,  14.65,  15.22,  16.49,  17.93,  17.45,  17.11,  17.40,  18.32,  18.70,  17.89,  18.28,  18.29,  17.11,  18.75,  19.61,  18.91,  18.47,  18.07,  18.93,  19.55,  18.52,  19.10,  16.44
20040901, 0000,  , TS, 41.0N,  67.5W,  40,  999,   60,  120,   90,    0,    0,    0,    0,    0,    0,    0,    0,    0, -999,   5.19,   4.56,   4.86,   5.25,   5.13,   5.28,   4.98,   7.01,   7.18,   9.59,   9.34,   9.74,  10.31,  12.52,  12.29,  12.94,  11.93,  12.98,  14.29,  13.00,  13.08,  13.15,  12.48,  12.50,  12.53,  12.30,  12.93,  12.07,   9.84,   7.95,   7.33
20040901, 0600,  , TS, 41.7N,  63.5W,  45,  999,  120,  120,   60,    0,    0,    0,    0,    0,    0,    0,    0,    0, -999,  18.33,  17.92,  18.27,  18.30,  17.43,  17.22,  18.68,  16.41,  17.65,  17.82,  18.68,  17.61,  18.16,  17.53,  19.24,  18.51,  18.65,  19.56,  19.26,  20.05,  19.98,  19.78,  18.99,  19.32,  19.70,  19.45,  20.21,  19.77,  20.57,  19.60,  18.78
20040901, 1200,  , EX, 43.0N,  59.6W,  45,  999,  120,  120,   60,    0,    0,    0,    0,    0,    0,    0,    0,    0, -999,  15.41,  15.33,  15.84,  17.76,  15.82,  16.59,  16.95,  16.66,  15.91,  15.80,  16.73,  16.68,  16.43,  15.80,  15.97,  16.18,  15.09,  17.16,  15.05,  17.32,  14.34,  13.66,  14.09,  13.28,  15.57,  15.32,  16.96,  16.52,  16.93,  19.05,  18.50
20040901, 1800,  , EX, 45.0N,  55.0W,  45,  998,   90,  240,  240,    0,    0,    0,    0,    0,    0,    0,    0,    0, -999,   3.72,   3.38,   3.93,   4.04,   3.71,   5.33,   6.42,   6.22,   6.29,   5.97,   6.42,   5.52,   6.48,   6.50,   8.07,   9.10,   7.95,   6.79,   5.78,   6.26,   7.94,   9.23,   7.92,   8.37,   7.84,   8.71,   8.96,   7.93,  11.59,  12.88,  12.96
20040902, 0000,  , EX, 47.0N,  50.0W,  45,  997,    0,  240,  240,    0,    0,    0,    0,    0,    0,    0,    0,    0, -999,   6.24,   6.14,   5.17,   5.14,   5.91,   5.79,   6.54,   6.47,   6.34,   5.95,   6.51,   6.57,   6.79,   6.69,   7.46,   7.98,   8.93,   8.72,   8.82,   8.14,   8.92,   9.58,   9.39,   9.40,   7.62,   9.43,   9.17,  10.71,   9.03,  10.41,   9.11
20040902, 0600,  , EX, 48.5N,  44.0W,  45,  996,    0,  240,  240,    0,    0,    0,    0,    0,    0,    0,    0,    0, -999,   9.77,   9.86,  10.85,   8.09,  10.56,  10.69,   9.72,  10.72,   6.67,   7.07,   6.26,   6.19,   7.99,   9.51,  10.10,  12.22,  11.59,   9.77,  10.94,  11.90,  12.07,   8.98,   9.96,   6.42,  11.16,  10.35,  11.63,   9.91,   9.29,   8.56,  10.31
20040902, 1200,  , EX, 50.0N,  38.0W,  45,  994,    0,  240,  240,    0,    0,    0,    0,    0,    0,    0,    0,    0, -999,  14.80,  14.87,  14.84,  14.89,  14.55,  14.95,  14.45,  13.65,  13.79,  14.49,  15.24,  15.61,  15.34,  15.12,  15.01,  15.01,  14.96,  14.69,  13.99,  13.84,  13.89,  13.89,  13.66,  14.59,  15.22,  14.54,  13.86,  13.79,  13.59,  13.55,  13.68
20040902, 1800,  , EX, 51.1N,  32.0W,  40,  994,    0,  240,  240,    0,    0,    0,    0,    0,    0,    0,    0,    0, -999,  12.82,  12.92,  12.94,  13.12,  13.25,  13.20,  13.51,  13.42,  13.52,  13.53,  13.55,  13.63,  13.68,  13.88,  13.86,  13.69,  13.65,  13.87,  13.85,  13.93,  13.80,  13.59,  13.67,  13.71,  13.68,  13.59,  13.36,  13.34,  13.14,  12.95,  12.76
20040903, 0000,  , EX, 52.0N,  28.9W,  35,  998,    0,  240,  240,    0,    0,    0,    0,    0,    0,    0,    0,    0, -999,  12.90,  12.95,  12.95,  13.50,  13.52,  13.39,  13.30,  13.49,  13.65,  13.64,  13.77,  13.88,  14.05,  13.88,  13.68,  13.58,  13.76,  13.87,  13.91,  13.90,  13.73,  13.97,  13.91,  13.73,  13.66,  13.45,  13.21,  13.31,  13.07,  12.88,  12.67
