AL082008,              HANNA,     49,
20080828, 0000,  , TD, 19.4N,  57.3W,  30, 1007,    0,    0,    0,    0,    0,    0,    0,    0,    0,    0,    0,    0, -999,  26.21,  26.43,  26.73,  26.51,  26.70,  26.89,  26.97,  27.16,  27.34,  27.52,  27.52,  27.80,  27.81,  27.71,  27.80,  27.73,  27.65,  27.48,  27.44,  27.46,  27.47,  27.08,  27.46,  27.03,  26.82,  26.48,  26.10,  25.86,  25.90,  26.42,  26.35
20080828, 0600,  , TD, 19.7N,  57.8W,  30, 1004,    0,    0,    0,    0,    0,    0,    0,    0,    0,    0,    0,    0, -999,  25.99,  26.12,  26.32,  25.83,  26.36,  26.88,  26.65,  26.62,  26.79,  26.97,  26.94,  27.16,  27.33,  27.44,  27.66,  27.64,  27.51,  27.26,  27.03,  27.14,  27.24,  26.98,  27.08,  26.73,  26.35,  26.27,  26.06,  26.08,  26.11,  26.09,  26.30
20080828, 1200,  , TS, 20.1N,  58.6W,  35, 1003,   50,   50,    0,    0,    0,    0,    0,    0,    0,    0,    0,    0, -999,  26.27,  26.50,  26.68,  26.36,  25.95,  26.24,  26.94,  27.18,  27.12,  27.28,  27.30,  27.32,  27.49,  27.16,  26.65,  26.78,  27.13,  26.64,  26.82,  27.00,  27.13,  26.58,  26.63,  26.71,  26.77,  26.55,  26.87,  27.14,  27.31,  27.29,  27.39
20080828, 1800,  , TS, 20.5N,  59.6W,  35, 1003,   50,   50,    0,    0,    0,    0,    0,    0,    0,    0,    0,    0, -999,  25.98,  25.97,  26.11,  25.96,  26.09,  26.39,  26.34,  26.52,  26.53,  26.45,  26.35,  26.27,  26.50,  26.54,  26.67,  26.47,  26.74,  26.20,  26.41,  26.16,  25.66,  25.74,  26.06,  25.88,  26.44,  26.55,  26.62,  26.77,  26.98,  26.96,  26.81
20080829, 0000,  , TS, 20.8N,  60.5W,  40, 1001,   50,   50,    0,   30,    0,    0,    0,    0,    0,    0,    0,    0, -999,  26.32,  25.96,  25.87,  26.03,  25.77,  25.94,  26.54,  26.60,  26.54,  26.41,  26.23,  26.37,  26.57,  26.61,  26.89,  27.50,  27.52,  27.60,  27.17,  26.98,  27.19,  26.91,  27.15,  27.19,  26.86,  26.79,  27.54,  28.00,  27.94,  28.02,  27.57
20080829, 0600,  , TS, 20.9N,  61.5W,  45, 1000,   60,   60,    0,   30,    0,    0,    0,    0,    0,    0,    0,    0, -999,  26.76,  26.77,  26.74,  26.49,  26.39,  26.50,  26.72,  26.91,  26.97,  26.60,  26.46,  26.39,  26.30,  26.22,  26.10,  26.16,  25.99,  25.50,  25.45,  25.75,  26.14,  26.51,  26.03,  25.99,  26.07,  25.95,  26.12,  26.17,  26.18,  26.21,  25.97
20080829, 1200,  , TS, 21.1N,  62.4W,  45, 1000,   75,   75,    0,   30,    0,    0,    0,    0,    0,    0,    0,    0, -999,  26.39,  26.50,  26.46,  26.24,  26.03,  26.01,  25.82,  25.88,  25.68,  26.14,  26.05,  25.71,  26.03,  26.16,  26.07,  26.03,  25.81,  25.73,  25.53,  25.73,  25.83,  25.96,  25.66,  25.59,  25.66,  25.63,  25.90,  25.94,  25.98,  25.85,  25.89
20080829, 1800,  , TS, 21.5N,  63.4W,  45, 1000,  100,  100,    0,   50,    0,    0,    0,    0,    0,    0,    0,    0, -999,  25.33,  25.41,  25.80,  25.60,  25.56,  25.70,  25.75,  25.21,  25.08,  25.26,  25.35,  25.39,  25.68,  25.88,  25.64,  25.42,  25.51,  25.41,  25.44,  25.46,  25.65,  25.70,  25.39,  25.59,  25.92,  25.63,  25.58,  25.68,  25.78,  26.14,  26.31
20080830, 0000,  , TS, 21.7N,  64.5W,  45, 1000,  125,  125,    0,   75,    0,    0,    0,    0,    0,    0,    0,    0, -999,  25.80,  26.12,  26.13,  25.72,  25.32,  25.23,  25.10,  25.55,  25.75,  25.55,  25.24,  25.21,  25.43,  25.63,  25.80,  25.79,  25.77,  26.05,  26.16,  26.01,  26.20,  26.11,  26.11,  26.02,  26.06,  26.13,  26.19,  26.07,  25.86,  26.23,  26.34
20080830, 0600,  , TS, 21.8N,  65.5W,  45, 1000,  150,  125,    0,   75,    0,    0,    0,    0,    0,    0,    0,    0, -999,  25.59,  25.89,  25.65,  25.54,  25.43,  25.41,  25.45,  25.21,  24.90,  24.74,  24.52,  24.09,  24.02,  24.13,  24.60,  24.88,  25.21,  25.56,  25.64,  25.60,  25.64,  25.65,  25.53,  25.40,  25.60,  26.46,  26.24,  25.55,  25.35,  25.80,  26.34
20080830, 1200,  , TS, 21.9N,  66.2W,  45, 1000,  160,  140,    0,   75,    0,    0,    0,    0,    0,    0,    0,    0, -999,  26.89,  27.10,  27.37,  27.63,  27.38,  27.12,  27.05,  26.88,  26.36,  26.33,  26.08,  25.28,  24.96,  25.04,  24.54,  24.66,  24.66,  24.68,  24.77,  24.76,  24.77,  24.47,  24.43,  24.33,  24.66,  24.73,  24.47,  24.57,  24.46,  24.53,  24.57
20080830, 1800,  , TS, 22.2N,  66.9W,  45, 1000,  160,  140,    0,  100,    0,    0,    0,    0,    0,    0,    0,    0, -999,  27.46,  27.58,  27.94,  28.01,  27.42,  27.13,  27.55,  27.62,  27.49,  27.57,  27.34,  27.36,  27.56,  27.78,  27.15,  26.83,  26.75,  27.03,  27.12,  26.96,  28.24,  28.04,  27.71,  26.20,  27.61,  28.21,  28.12,  26.75,  25.94,  26.25,  26.72
20080831, 0000,  , TS, 22.6N,  67.5W,  50,  999,  160,  150,    0,  130,   75,    0,    0,   75,    0,    0,    0,    0, -999,  27.31,  27.11,  27.29,  27.33,  27.42,  27.48,  27.73,  27.50,  27.39,  27.85,  27.83,  27.46,  27.54,  27.48,  27.27,  27.19,  26.66,  26.34,  25.63,  25.51,  25.63,  25.19,  24.47,  25.48,  25.79,  25.48,  25.20,  25.05,  25.47,  25.58,  25.55
20080831, 0600,  , TS, 23.1N,  68.5W,  45,  999,  140,  140,    0,  130,    0,    0,    0,    0,    0,    0,    0,    0, -999,  26.66,  26.73,  26.88,  26.52,  26.33,  26.04,  25.94,  26.11,  25.56,  25.91,  26.31,  26.50,  26.91,  27.26,  27.56,  27.50,  26.98,  26.91,  27.21,  27.38,  26.70,  26.08,  26.68,  27.88,  28.03,  27.39,  27.31,  27.51,  28.03,  27.98,  27.25
20080831, 1200,  , TS, 23.5N,  69.8W,  40,  999,  120,  120,    0,  120,    0,    0,    0,    0,    0,    0,    0,    0, -999,  24.62,  24.66,  24.99,  25.34,  25.42,  25.05,  24.13,  23.81,  23.65,  23.50,  24.00,  24.02,  23.74,  24.16,  24.44,  24.23,  23.61,  23.57,  24.02,  26.65,  26.66,  26.36,  26.19,  27.41,  27.20,  27.12,  27.14,  26.64,  26.78,  26.88,  26.44
20080831, 1800,  , TS, 23.6N,  71.0W,  40,  997,  100,  100,   75,  100,    0,    0,    0,    0,    0,    0,    0,    0, -999,  24.10,  24.21,  24.17,  23.96,  23.81,  23.76,  23.66,  23.87,  23.84,  24.21,  24.30,  23.99,  23.77,  23.29,  23.26,  23.77,  23.22,  22.65,  23.21,  25.81,  22.92,  23.04,  23.87,  26.44,  25.93,  25.76,  26.36,  26.19,  25.68,  25.19,  25.03
20080901, 0000,  , TS, 23.5N,  71.7W,  45,  997,  100,  100,   75,  100,    0,    0,    0,    0,    0,    0,    0,    0, -999,  24.13,  23.86,  23.61,  23.70,  23.52,  23.17,  23.22,  23.50,  24.15,  24.32,  24.32,  24.18,  24.18,  24.05,  24.37,  24.32,  23.76,  24.84,  26.98,  23.81,  23.16,  23.59,  25.39,  25.67,  25.44,  25.33,  24.94,  24.34,  24.43,  24.10,  24.27
20080901, 0600,  , TS, 23.2N,  72.0W,  50,  996,  120,  120,   75,  100,   60,   60,   40,   50,    0,    0,    0,    0, -999,  25.75,  25.62,  25.28,  25.13,  24.67,  23.99,  23.95,  24.26,  24.49,  24.77,  24.94,  24.46,  24.32,  24.41,  24.37,  24.35,  24.35,  25.12,  25.16,  24.59,  23.76,  24.58,  27.15,  26.73,  26.36,  26.34,  25.91,  25.81,  25.52,  25.44,  25.23
20080901, 1200,  , TS, 22.8N,  72.2W,  60,  990,  120,  140,   75,  100,   60,   60,   40,   50,    0,    0,    0,    0, -999,  27.05,  27.01,  26.70,  26.49,  26.52,  26.05,  25.83,  25.32,  24.93,  25.20,  25.44,  25.29,  25.62,  25.70,  25.65,  25.37,  24.93,  26.95,  27.24,  25.25,  25.08,  25.24,  27.24,  26.76,  26.78,  26.85,  26.48,  26.02,  25.81,  25.88,  26.01
20080901, 1800,  , HU, 22.3N,  72.4W,  70,  985,  130,  140,   75,  100,   90,   90,   40,   50,   40,    0,    0,    0, -999,  27.12,  27.25,  27.36,  27.54,  27.43,  27.35,  27.27,  27.07,  26.88,  27.33,  27.63,  27.35,  27.55,  27.55,  27.52,  27.37,  26.64,  25.33,  25.11,  26.68,  27.04,  26.81,  25.47,  25.26,  25.51,  25.88,  26.08,  26.15,  26.04,  26.61,  26.57
20080902, 0000, L, HU, 21.8N,  72.3W,  75,  977,  150,  150,  100,  100,   90,   90,   60,   60,   40,    0,    0,   40, -999,  28.30,  28.30,  28.54,  28.53,  28.12,  28.08,  27.88,  27.53,  27.75,  28.27,  28.12,  27.94,  27.89,  27.76,  27.62,  26.99,  27.94,  25.91,  24.94,  25.65,  25.48,  26.89,  26.73,  25.63,  26.75,  26.62,  26.27,  25.93,  25.88,  26.15,  26.26
20080902, 0600,  , HU, 21.4N,  72.7W,  65,  980,  150,  150,  100,  100,   90,   90,   60,   60,   30,   30,   20,   30, -999,  27.69,  27.68,  27.99,  27.89,  27.69,  27.94,  27.75,  27.11,  26.92,  26.88,  26.95,  27.38,  27.57,  27.60,  27.49,  27.52,  27.50,  25.81,  25.76,  25.54,  25.45,  26.47,  25.59,  25.42,  25.44,  25.13,  25.87,  25.79,  26.02,  26.28,  26.31
20080902, 1200,  , TS, 21.0N,  73.0W,  60,  983,  150,  150,  100,   75,   75,   75,   50,   30,    0,    0,    0,    0, -999,  27.81,  27.71,  27.61,  27.90,  27.67,  27.95,  27.92,  27.52,  27.06,  27.08,  26.90,  27.41,  27.41,  27.47,  27.25,  26.69,  28.24,  27.46,  25.25,  25.53,  25.62,  28.20,  25.42,  24.32,  24.32,  24.66,  25.86,  25.54,  25.49,  25.55,  25.58
20080902, 1800,  , TS, 20.6N,  72.9W,  55,  985,  150,  150,  100,   75,   75,   75,   50,   30,    0,    0,    0,    0, -999,  27.47,  27.51,  27.70,  27.87,  27.85,  28.20,  28.01,  27.37,  27.20,  27.19,  26.95,  27.21,  27.24,  27.33,  27.37,  27.49,  27.75,  26.80,  26.76,  27.25,  27.38,  27.03,  27.36,  27.21,  27.15,  27.26,  26.96,  26.80,  26.54,  26.61,  26.67
20080903, 0000,  , TS, 20.4N,  72.6W,  55,  988,  200,  175,   75,   75,   60,   60,   30,   30,    0,    0,    0,    0, -999,  28.25,  28.27,  27.98,  27.58,  27.86,  27.76,  27.44,  27.34,  27.37,  27.22,  27.51,  27.57,  27.68,  27.73,  27.96,  28.29,  27.59,  27.77,  27.83,  27.82,  28.08,  28.03,  28.00,  27.91,  27.89,  27.80,  27.77,  27.84,  27.84,  27.94,  28.14
20080903, 0600,  , TS, 20.2N,  72.4W,  50,  991,  225,  175,   50,  150,   60,   60,   30,   30,    0,    0,    0,    0, -999,  28.52,  28.45,  28.12,  27.77,  28.03,  27.57,  27.35,  27.32,  27.22,  27.19,  27.62,  27.54,  27.59,  27.62,  27.76,  28.28,  28.04,  28.31,  28.21,  28.20,  28.36,  28.37,  28.27,  28.32,  28.50,  28.34,  28.32,  28.19,  28.26,  28.25,  28.27
20080903, 1200,  , TS, 20.6N,  71.9W,  45,  996,  250,  200,    0,  200,    0,    0,    0,    0,    0,    0,    0,    0, -999,  27.56,  27.88,  27.91,  27.74,  27.92,  27.78,  27.34,  27.34,  27.57,  27.80,  28.20,  28.17,  28.17,  27.99,  28.02,  27.74,  27.56,  27.84,  27.83,  27.72,  27.86,  27.82,  27.97,  27.47,  28.00,  28.02,  27.66,  27.16,  27.30,  27.23,  27.28
20080903, 1800,  , TS, 21.6N,  71.8W,  50,  994,  250,  200,    0,  200,   85,    0,    0,   75,    0,    0,    0,    0, -999,  28.39,  28.34,  28.39,  28.12,  28.10,  27.64,  27.50,  27.91,  28.13,  28.16,  28.13,  28.19,  28.05,  27.95,  27.49,  26.82,  26.13,  24.77,  25.98,  25.64,  27.01,  25.67,  26.30,  25.96,  26.02,  25.53,  25.78,  26.28,  26.00,  25.80,  26.01
20080903, 1900, L, TS, 21.7N,  71.8W,  50,  994,  250,  200,    0,  200,   85,    0,    0,   75,    0,    0,    0,    0, -999,  28.23,  28.09,  28.26,  27.64,  27.70,  27.37,  27.20,  27.45,  27.81,  27.82,  27.97,  28.07,  27.66,  27.57,  27.21,  27.16,  26.14,  24.28,  24.97,  24.69,  26.75,  24.55,  25.65,  25.29,  25.75,  25.15,  25.43,  26.31,  25.80,  25.50,  25.74
20080904, 0000,  , TS, 22.7N,  71.8W,  55,  989,  250,  200,   30,  230,   85,    0,    0,   75,    0,    0,    0,    0, -999,  26.29,  25.94,  25.19,  24.86,  24.55,  24.42,  24.75,  25.21,  24.88,  25.05,  25.08,  25.06,  24.68,  24.42,  26.76,  26.48,  25.84,  25.34,  25.49,  26.80,  26.62,  26.84,  27.04,  26.64,  25.93,  25.53,  25.58,  25.50,  25.81,  26.38,  26.54
20080904, 0600,  , TS, 23.4N,  72.4W,  60,  990,  250,  200,   30,  230,   90,    0,    0,   90,    0,    0,    0,    0, -999,  26.01,  26.08,  25.48,  24.81,  24.84,  25.09,  25.37,  25.31,  24.94,  25.12,  25.21,  25.06,  25.03,  24.71,  25.25,  25.61,  24.73,  25.43,  25.18,  27.29,  27.00,  26.78,  26.57,  26.23,  25.57,  25.51,  25.14,  24.88,  24.64,  24.70,  24.76
20080904, 1200,  , TS, 24.1N,  73.2W,  55,  989,  275,  200,   30,  230,   90,    0,    0,   90,    0,    0,    0,    0, -999,  26.83,  26.92,  26.96,  26.99,  26.67,  26.16,  25.82,  26.09,  26.45,  26.21,  26.73,  27.32,  27.69,  27.95,  28.78,  28.58,  27.08,  27.11,  27.33,  27.52,  27.59,  27.46,  27.47,  27.25,  27.39,  27.56,  27.46,  26.88,  26.52,  26.26,  26.19
20080904, 1800,  , TS, 25.1N,  74.3W,  55,  989,  275,  225,   30,  200,   90,    0,    0,   90,    0,    0,    0,    0, -999,  26.17,  26.25,  26.17,  26.36,  26.07,  25.89,  25.34,  25.18,  24.64,  25.49,  25.61,  26.13,  26.26,  26.45,  26.61,  27.23,  25.81,  26.53,  26.50,  26.75,  26.42,  26.50,  26.96,  26.86,  26.96,  26.55,  26.65,  26.56,  26.97,  27.13,  27.24
20080905, 0000,  , TS, 26.1N,  75.8W,  55,  987,  275,  225,   60,  150,   90,    0,   20,   90,    0,    0,    0,    0, -999,  26.62,  25.71,  24.61,  24.66,  25.38,  25.86,  26.14,  25.90,  25.97,  25.95,  26.58,  26.76,  26.44,  26.37,  26.46,  26.50,  27.04,  26.45,  26.36,  26.22,  26.33,  26.54,  26.94,  27.19,  27.34,  27.43,  27.27,  26.90,  26.64,  26.93,  26.99
20080905, 0600,  , TS, 27.2N,  77.3W,  55,  984,  275,  225,   60,  120,   90,    0,   20,   90,    0,    0,    0,    0, -999,  28.80,  28.39,  28.22,  28.07,  28.18,  28.10,  27.83,  27.61,  27.61,  27.55,  27.66,  28.08,  27.56,  27.87,  27.62,  27.68,  27.68,  27.77,  27.77,  26.93,  26.82,  26.86,  27.19,  27.03,  26.87,  26.69,  26.63,  26.51,  26.20,  26.17,  26.06
20080905, 1200,  , TS, 28.2N,  78.5W,  55,  980,  250,  225,   75,  120,   90,   90,   20,   90,    0,    0,    0,    0, -999,  26.46,  27.92,  27.88,  28.12,  28.20,  28.18,  27.71,  27.91,  27.78,  26.90,  26.15,  26.50,  26.52,  26.48,  26.63,  26.70,  26.26,  26.86,  28.01,  27.62,  27.42,  27.04,  27.06,  26.87,  26.89,  26.97,  27.01,  26.77,  26.59,  26.66,  26.44
20080905, 1800,  , TS, 29.9N,  78.7W,  60,  980,  250,  200,   75,  120,   90,   90,   20,   50,    0,    0,    0,    0, -999,  27.02,  27.38,  27.47,  27.71,  27.46,  28.11,  27.87,  27.49,  27.02,  26.62,  26.89,  26.98,  26.85,  26.55,  26.53,  26.94,  27.07,  27.35,  27.01,  27.02,  26.79,  27.07,  27.06,  26.80,  27.08,  27.14,  27.27,  27.22,  27.30,  26.98,  27.00
20080906, 0000,  , TS, 31.5N,  79.3W,  60,  980,  200,  175,   75,   75,   60,   60,   20,   50,    0,    0,    0,    0, -999,  27.79,  25.72,  23.59,  22.99,  22.39,  20.99,  20.50,  20.44,  21.49,  22.50,  22.13,  21.30,  21.54,  21.80,  22.06,  22.06,  22.08,  23.74,  24.47,  26.95,  27.55,  25.81,  26.31,  27.35,  27.66,  27.64,  27.47,  26.77,  25.65,  22.33,  20.68
20080906, 0600,  , TS, 33.4N,  78.8W,  60,  981,  175,  175,   75,    0,   60,   60,   20,    0,    0,    0,    0,    0, -999,    nan,    nan,    nan,    nan,    nan,    nan,    nan,    nan,    nan,    nan,    nan,    nan,    nan,    nan,    nan,    nan,    nan,    nan,    nan,    nan,    nan,    nan,    nan,    nan,    nan,    nan,    nan,    nan,    nan,    nan,    nan
20080906, 0700, L, TS, 33.8N,  78.7W,  60,  981,  175,  175,   75,    0,   60,   60,   20,    0,    0,    0,    0,    0, -999,    nan,    nan,    nan,    nan,    nan,    nan,    nan,    nan,    nan,    nan,    nan,    nan,    nan,    nan,    nan,    nan,    nan,    nan,    nan,    nan,    nan,    nan,    nan,    nan,    nan,    nan,    nan,    nan,    nan,    nan,    nan
20080906, 1200,  , TS, 35.7N,  78.1W,  45,  985,  175,  175,    0,    0,    0,    0,    0,    0,    0,    0,    0,    0, -999,    nan,    nan,    nan,    nan,    nan,    nan,    nan,    nan,    nan,    nan,    nan,    nan,    nan,    nan,    nan,    nan,    nan,    nan,    nan,    nan,    nan,    nan,    nan,    nan,    nan,    nan,    nan,    nan,    nan,    nan,    nan
20080906, 1800,  , TS, 37.8N,  76.7W,  45,  993,  160,  175,    0,    0,    0,    0,    0,    0,    0,    0,    0,    0, -999,    nan,    nan,    nan,    nan,    nan,    nan,    nan,    nan,    nan,    nan,    nan,    nan,    nan,    nan,    nan,    nan,    nan,    nan,    nan,    nan,    nan,    nan,    nan,    nan,    nan,    nan,    nan,    nan,    nan,    nan,    nan
20080907, 0000,  , TS, 40.0N,  74.5W,  45,  994,  160,  175,    0,    0,    0,    0,    0,    0,    0,    0,    0,    0, -999,    nan,    nan,    nan,    nan,    nan,    nan,    nan,    nan,    nan,    nan,    nan,    nan,    nan,    nan,    nan,    nan,    nan,    nan,    nan,    nan,    nan,    nan,    nan,    nan,    nan,    nan,    nan,    nan,    nan,    nan,    nan
20080907, 0600,  , EX, 41.9N,  71.7W,  45,  995,    0,  175,  150,    0,    0,    0,    0,    0,    0,    0,    0,    0, -999,    nan,    nan,    nan,    nan,    nan,    nan,    nan,    nan,    nan,    nan,    nan,    nan,    nan,    nan,    nan,    nan,    nan,    nan,    nan,    nan,    nan,    nan,    nan,    nan,    nan,    nan,    nan,    nan,    nan,    nan,    nan
20080907, 1200,  , EX, 43.8N,  68.0W,  45,  995,    0,  210,   75,    0,    0,    0,    0,    0,    0,    0,    0,    0, -999,   6.52,   6.68,   6.78,   7.31,   7.58,   7.64,   7.83,   8.04,   8.33,   8.43,   8.44,   8.38,   8.40,   8.46,   8.67,   8.75,   8.85,   8.75,   8.46,   8.44,   8.51,   8.58,   8.45,   8.65,   8.55,   8.56,   8.60,   8.49,   8.73,   8.62,   8.71
20080907, 1800,  , EX, 45.7N,  63.7W,  45,  995,    0,  210,    0,    0,    0,    0,    0,    0,    0,    0,    0,    0, -999,    nan,    nan,    nan,    nan,    nan,    nan,    nan,    nan,    nan,    nan,    nan,    nan,    nan,    nan,    nan,    nan,    nan,    nan,    nan,    nan,    nan,    nan,    nan,    nan,    nan,    nan,    nan,    nan,    nan,    nan,    nan
20080908, 0000,  , EX, 47.0N,  59.1W,  40,  996,    0,  210,    0,    0,    0,    0,    0,    0,    0,    0,    0,    0, -999,   2.48,   2.43,   2.42,   2.22,   2.26,   2.40,   2.05,   1.90,   1.77,   1.29,   1.36,   1.37,   1.44,   1.60,   1.52,   1.47,   1.43,   1.50,   1.55,   1.87,   1.88,   2.02,   2.06,   2.34,   2.69,   2.54,   2.60,   2.55,   2.14,   2.59,   2.21
20080908, 0600,  , EX, 47.5N,  55.4W,  40,  996,    0,  210,    0,    0,    0,    0,    0,    0,    0,    0,    0,    0, -999,   4.85,   4.80,   4.58,   4.62,   3.57,   2.86,   2.16,   2.51,   3.23,   3.66,   3.58,   3.83,   4.19,   5.22,   5.44,   5.78,   5.21,   5.62,   7.52,   6.26,   5.44,   5.79,   5.08,   5.04,   5.32,   5.28,   5.65,   5.69,   6.08,   7.05,   5.97
20080908, 1200,  , EX, 47.8N,  52.1W,  35,  996,  120,  240,    0,   90,    0,    0,    0,    0,    0,    0,    0,    0, -999,  -2.84,  -2.91,  -2.74,  -2.67,  -2.18,  -1.89,  -1.79,  -1.62,  -1.76,  -2.09,  -2.38,  -2.50,  -2.54,  -2.49,  -2.28,  -2.13,  -1.96,  -1.91,  -1.70,  -1.61,  -1.51,  -1.52,  -1.48,  -1.40,  -1.39,  -1.36,  -1.27,  -1.19,  -1.15,  -0.75,  -0.39
