AL082001,          GABRIELLE,     41,
20010911, 1800,  , TD, 25.8N,  84.1W,  25, 1010, -999, -999, -999, -999, -999, -999, -999, -999, -999, -999, -999, -999, -999,  19.07,  19.11,  19.29,  19.24,  19.53,  19.57,  19.67,  19.49,  19.60,  19.66,  19.57,  19.47,  19.36,  19.79,  19.48,  19.43,  19.15,  18.57,  18.39,  17.65,  17.78,  17.97,  17.80,  18.15,  18.15,  18.40,    nan,  18.22,  18.40,  18.44,  18.59
20010912, 0000,  , TD, 25.7N,  84.6W,  25, 1009, -999, -999, -999, -999, -999, -999, -999, -999, -999, -999, -999, -999, -999,  18.80,  18.72,  18.67,  18.52,  19.16,  19.37,  19.28,  19.46,  19.45,  19.87,  19.82,  19.80,  19.89,  20.60,  20.61,  20.02,  19.37,  18.25,  18.11,  18.67,  19.41,  19.09,  19.09,  18.57,  18.53,    nan,  18.47,  18.44,  18.28,  19.57,  19.79
20010912, 0600,  , TD, 25.7N,  85.0W,  25, 1008, -999, -999, -999, -999, -999, -999, -999, -999, -999, -999, -999, -999, -999,  18.57,  18.78,  18.87,  18.47,  18.89,  19.18,  19.43,  19.76,  19.93,  20.13,  20.18,  19.88,  20.30,  21.15,  22.07,  22.30,  20.98,  20.13,  20.02,  19.89,  19.73,  19.73,  20.05,  19.79,  19.92,    nan,  20.07,  19.81,  19.87,  21.97,  22.57
20010912, 1200,  , TD, 25.6N,  85.3W,  25, 1008, -999, -999, -999, -999, -999, -999, -999, -999, -999, -999, -999, -999, -999,  19.67,  19.62,  19.40,  18.62,  19.30,  19.78,  20.31,  20.63,  20.75,  20.99,  21.02,  20.89,  21.15,  22.36,  23.10,  23.31,  22.44,  21.83,  21.38,  21.28,  21.46,  20.98,  21.57,  20.51,  20.29,    nan,  20.96,  21.33,  21.25,  23.82,  24.36
20010912, 1800,  , TD, 25.4N,  85.4W,  30, 1007, -999, -999, -999, -999, -999, -999, -999, -999, -999, -999, -999, -999, -999,  20.55,  20.02,  19.74,  19.32,  20.21,  20.60,  20.68,  21.20,  21.65,  22.25,  22.44,  22.43,  22.08,  23.24,  24.52,  25.01,  24.68,  24.51,  23.89,  23.05,  22.94,  23.28,  23.15,  22.64,  21.55,    nan,  22.14,  23.18,  22.97,  24.78,  25.06
20010913, 0000,  , TD, 25.1N,  85.7W,  30, 1005, -999, -999, -999, -999, -999, -999, -999, -999, -999, -999, -999, -999, -999,  21.99,  21.58,  20.93,  22.09,  22.87,  23.23,  23.56,  24.27,  24.69,  24.33,  23.79,  24.56,  26.21,  27.30,  27.05,  26.53,  26.23,  25.98,  26.11,  25.47,  25.48,  25.54,  24.06,  23.19,    nan,  22.61,  23.41,  24.00,  25.28,  25.74,  25.96
20010913, 0600,  , TD, 25.2N,  85.3W,  30, 1005, -999, -999, -999, -999, -999, -999, -999, -999, -999, -999, -999, -999, -999,  20.79,  20.92,  20.68,  21.78,  22.55,  22.97,  23.18,  23.57,  23.98,  24.30,  23.69,  23.74,  25.48,  26.71,  26.67,  25.83,  25.88,  25.49,  25.31,  24.18,  23.35,  22.90,  21.30,  19.79,    nan,  19.57,  19.43,  20.14,  22.22,  24.10,  24.57
20010913, 1200,  , TS, 25.3N,  84.9W,  35, 1003, -999, -999, -999, -999, -999, -999, -999, -999, -999, -999, -999, -999, -999,  19.15,  19.14,  19.03,  19.70,  20.00,  20.06,  20.67,  20.86,  21.16,  21.04,  20.81,  21.28,  22.21,  22.61,  22.44,  21.87,  20.89,  20.62,  20.61,  20.18,  19.36,  18.94,  18.84,  18.61,    nan,  18.62,  18.76,  18.97,  20.65,  21.64,  22.38
20010913, 1800,  , TS, 25.4N,  84.5W,  40,  998, -999, -999, -999, -999, -999, -999, -999, -999, -999, -999, -999, -999, -999,  18.77,  18.64,  18.81,  19.61,  19.90,  19.68,  19.80,  19.89,  20.16,  20.39,  20.30,  20.44,  21.13,  21.19,  20.67,  20.29,  19.55,  19.07,  19.28,  19.74,  19.45,  19.19,  18.19,  17.76,    nan,  18.12,  17.98,  17.82,  19.14,  19.68,  20.00
20010914, 0000,  , TS, 25.4N,  84.1W,  45,  997, -999, -999, -999, -999, -999, -999, -999, -999, -999, -999, -999, -999, -999,  18.77,  18.99,  19.50,  19.81,  19.85,  19.96,  20.03,  20.00,  19.90,  19.97,  19.94,  19.83,  19.90,  19.65,  19.49,  18.33,  17.32,  17.63,  17.81,  17.92,  17.66,  17.72,  17.50,    nan,  17.44,  17.61,  17.61,  17.77,  17.93,  18.37,  17.93
20010914, 0600,  , TS, 25.8N,  83.6W,  50,  992, -999, -999, -999, -999, -999, -999, -999, -999, -999, -999, -999, -999, -999,    nan,    nan,    nan,    nan,    nan,    nan,    nan,    nan,    nan,    nan,    nan,    nan,    nan,    nan,    nan,    nan,    nan,    nan,    nan,    nan,    nan,    nan,    nan,    nan,    nan,    nan,    nan,    nan,    nan,    nan,    nan
20010914, 1200, L, TS, 27.1N,  82.6W,  60,  983, -999, -999, -999, -999, -999, -999, -999, -999, -999, -999, -999, -999, -999,    nan,    nan,    nan,    nan,    nan,    nan,    nan,    nan,    nan,    nan,    nan,    nan,    nan,    nan,    nan,    nan,    nan,    nan,    nan,    nan,    nan,    nan,    nan,    nan,    nan,    nan,    nan,    nan,    nan,    nan,    nan
20010914, 1800,  , TS, 28.0N,  81.8W,  45,  994, -999, -999, -999, -999, -999, -999, -999, -999, -999, -999, -999, -999, -999,    nan,    nan,    nan,    nan,    nan,    nan,    nan,    nan,    nan,    nan,    nan,    nan,    nan,    nan,    nan,    nan,    nan,    nan,    nan,    nan,    nan,    nan,    nan,    nan,    nan,    nan,    nan,    nan,    nan,    nan,    nan
20010915, 0000,  , TS, 28.6N,  81.4W,  40,  995, -999, -999, -999, -999, -999, -999, -999, -999, -999, -999, -999, -999, -999,    nan,    nan,    nan,    nan,    nan,    nan,    nan,    nan,    nan,    nan,    nan,    nan,    nan,    nan,    nan,    nan,    nan,    nan,    nan,    nan,    nan,    nan,    nan,    nan,    nan,    nan,    nan,    nan,    nan,    nan,    nan
20010915, 0600,  , TS, 28.6N,  80.9W,  40,  995, -999, -999, -999, -999, -999, -999, -999, -999, -999, -999, -999, -999, -999,    nan,    nan,    nan,    nan,    nan,    nan,    nan,    nan,    nan,    nan,    nan,    nan,    nan,    nan,    nan,    nan,    nan,    nan,    nan,    nan,    nan,    nan,    nan,    nan,    nan,    nan,    nan,    nan,    nan,    nan,    nan
20010915, 1200,  , TS, 28.9N,  80.1W,  40,  998, -999, -999, -999, -999, -999, -999, -999, -999, -999, -999, -999, -999, -999,  18.12,  18.72,  19.14,  18.55,  20.02,  18.23,  17.70,  16.36,  17.08,  18.00,  18.86,  19.33,  19.89,  20.63,  21.03,  21.59,  22.42,  25.27,  25.30,  24.50,  22.12,  20.45,    nan,  20.52,  20.38,  19.01,  19.06,  18.71,  19.15,  19.80,  20.35
20010915, 1800,  , TS, 29.8N,  79.0W,  45,  999, -999, -999, -999, -999, -999, -999, -999, -999, -999, -999, -999, -999, -999,  25.32,  25.11,  25.34,  25.43,  25.89,  25.82,  25.88,  25.34,  24.82,  24.17,  24.45,  24.82,  25.00,  25.38,  25.36,  24.64,  24.66,  24.35,  24.56,  24.50,  24.52,  24.54,    nan,  23.91,  23.93,  24.22,  24.06,  23.76,  23.43,  23.54,  22.88
20010916, 0000,  , TS, 30.4N,  77.9W,  50,  998, -999, -999, -999, -999, -999, -999, -999, -999, -999, -999, -999, -999, -999,  26.51,  26.62,  26.47,  26.57,  26.64,  26.21,  25.23,  25.03,  25.26,  25.62,  25.20,  25.33,  25.05,  25.12,  24.63,  24.00,  23.49,  23.51,  23.36,  24.07,  24.42,    nan,  24.62,  24.73,  24.53,  24.46,  24.19,  24.16,  23.62,  23.39,  23.27
20010916, 0600,  , TS, 30.8N,  76.8W,  50,  998, -999, -999, -999, -999, -999, -999, -999, -999, -999, -999, -999, -999, -999,  23.74,  24.08,  24.33,  24.49,  24.66,  24.44,  23.52,  22.86,  21.09,  21.07,  22.89,  24.02,  24.17,  24.03,  23.80,  23.70,  23.79,  23.28,  22.80,  22.52,  22.46,    nan,  22.36,  22.37,  22.38,  22.14,  21.49,  21.31,  20.94,  21.20,  21.37
20010916, 1200,  , TS, 31.6N,  74.9W,  55,  995, -999, -999, -999, -999, -999, -999, -999, -999, -999, -999, -999, -999, -999,  23.00,  22.87,  22.59,  22.57,  23.06,  23.34,  23.11,  23.23,  23.13,  23.03,  23.12,  23.31,  22.80,  22.63,  22.63,  22.45,  22.22,  21.96,  22.67,  22.36,  21.56,    nan,  21.82,  21.70,  21.38,  21.21,  21.48,  22.15,  22.05,  22.28,  21.99
20010916, 1800,  , TS, 32.3N,  72.8W,  55,  995, -999, -999, -999, -999, -999, -999, -999, -999, -999, -999, -999, -999, -999,  20.25,  19.91,  19.52,  19.45,  19.93,  19.17,  19.34,  19.48,  19.43,  19.72,  19.60,  19.71,  19.72,  19.82,  19.87,  19.39,  19.10,  19.17,  19.89,  20.20,  20.38,    nan,  20.07,  18.80,  19.88,  20.42,  20.46,  19.63,  19.34,  19.44,  19.46
20010917, 0000,  , HU, 33.1N,  70.7W,  65,  991, -999, -999, -999, -999, -999, -999, -999, -999, -999, -999, -999, -999, -999,  20.34,  20.29,  20.21,  20.32,  20.44,  20.03,  19.94,  19.88,  19.75,  19.73,  19.57,  20.27,  20.90,  20.75,  20.59,  20.51,  20.60,  21.05,  20.22,  19.83,    nan,  20.35,  19.93,  20.32,  20.46,  20.35,  21.01,  21.32,  21.38,  21.40,  21.36
20010917, 0600,  , HU, 34.0N,  68.5W,  65,  991, -999, -999, -999, -999, -999, -999, -999, -999, -999, -999, -999, -999, -999,  21.38,  21.73,  21.99,  22.17,  22.02,  22.50,  21.50,  21.11,  21.81,  22.12,  21.94,  21.62,  21.46,  20.97,  20.36,  20.49,  19.81,  20.43,  20.99,  20.92,    nan,  20.20,  19.33,  20.05,  20.71,  21.29,  20.65,  20.71,  21.07,  21.26,  20.04
20010917, 1200,  , HU, 35.3N,  66.6W,  70,  983, -999, -999, -999, -999, -999, -999, -999, -999, -999, -999, -999, -999, -999,  19.99,  19.74,  19.52,  18.89,  19.65,  19.63,  19.59,  19.30,  20.15,  20.17,  20.48,  20.22,  20.67,  20.68,  20.81,  20.36,  19.74,  20.55,  20.77,  20.60,    nan,  21.30,  21.45,  22.14,  22.21,  22.62,  22.39,  22.16,  22.11,  22.48,  22.75
20010917, 1800,  , HU, 36.2N,  64.7W,  70,  983, -999, -999, -999, -999, -999, -999, -999, -999, -999, -999, -999, -999, -999,  22.52,  23.37,  23.39,  24.02,  23.64,  23.35,  22.71,  23.09,  22.80,  22.66,  23.16,  23.70,  23.24,  23.02,  22.95,  23.09,  22.36,  22.73,  22.59,  22.61,    nan,  22.98,  23.24,  23.56,  23.10,  23.98,  23.65,  22.97,  22.70,  22.62,  23.01
20010918, 0000,  , TS, 36.9N,  62.9W,  60,  987, -999, -999, -999, -999, -999, -999, -999, -999, -999, -999, -999, -999, -999,  24.61,  24.35,  25.17,  25.20,  24.77,  25.10,  24.50,  23.93,  23.39,  23.94,  22.27,  24.79,  24.73,  24.85,  25.21,  24.77,  24.68,  24.30,  23.99,    nan,  23.57,  22.85,  23.00,  23.02,  23.30,  23.53,  22.99,  23.00,  22.66,  23.03,  22.83
20010918, 0600,  , TS, 37.9N,  61.8W,  55,  990, -999, -999, -999, -999, -999, -999, -999, -999, -999, -999, -999, -999, -999,  24.01,  24.38,  23.66,  24.36,  23.84,  23.45,  23.76,  24.30,  24.78,  24.02,  22.18,  22.16,  18.75,  18.51,  19.92,  21.30,  21.68,  23.23,  24.88,    nan,  24.26,  24.59,  25.22,  24.79,  24.41,  23.21,  22.56,  23.92,  23.34,  21.81,  21.82
20010918, 1200,  , TS, 39.0N,  60.4W,  55,  990, -999, -999, -999, -999, -999, -999, -999, -999, -999, -999, -999, -999, -999,  23.16,  22.12,  22.13,  21.94,  21.78,  22.16,  20.87,  19.89,  19.10,  19.76,  21.00,  19.86,  19.03,  18.63,  18.97,  18.06,  17.38,  16.64,  16.48,    nan,  15.38,  15.61,  16.93,  16.35,  16.78,  16.79,  16.75,  17.40,  18.74,  18.00,  18.33
20010918, 1800,  , TS, 40.2N,  58.9W,  60,  980, -999, -999, -999, -999, -999, -999, -999, -999, -999, -999, -999, -999, -999,  21.14,  20.50,  19.38,  19.86,  18.54,  17.12,  16.51,  16.13,  15.70,  15.54,  16.10,  17.91,  17.25,  16.87,  17.66,  17.03,  16.38,  15.66,  15.74,    nan,  17.93,  18.73,  20.09,  20.66,  20.55,  19.64,  19.27,  18.63,  19.23,  20.09,  19.71
20010919, 0000,  , TS, 41.5N,  57.5W,  60,  975, -999, -999, -999, -999, -999, -999, -999, -999, -999, -999, -999, -999, -999,  14.21,  13.56,  13.69,  13.32,  14.33,  15.04,  16.21,  18.20,  18.56,  17.07,  14.83,  13.83,  14.63,  17.96,  17.40,  17.37,  16.68,  14.23,    nan,  13.45,  12.12,  11.97,  10.83,  10.36,  10.08,  12.71,  15.15,  15.24,  16.26,  16.76,  16.70
20010919, 0600,  , EX, 42.8N,  55.5W,  55,  976, -999, -999, -999, -999, -999, -999, -999, -999, -999, -999, -999, -999, -999,  11.14,  11.68,  11.93,  13.58,  13.09,  10.80,  10.70,  12.88,  12.34,  10.73,  11.06,  11.81,  13.14,  14.07,  13.57,  13.49,  12.38,  11.81,    nan,   8.94,   9.10,  10.76,  12.62,  13.46,  13.43,  13.14,  13.21,  13.51,  12.38,  12.20,  12.27
20010919, 1200,  , EX, 43.5N,  54.0W,  60,  978, -999, -999, -999, -999, -999, -999, -999, -999, -999, -999, -999, -999, -999,  10.13,   9.99,   9.87,  12.62,  13.31,  13.04,  12.79,  11.26,  10.99,  11.26,  11.48,  11.77,  11.97,  12.50,  13.18,  13.22,  12.51,  11.38,    nan,  12.27,  11.54,  10.97,  10.78,  10.78,  10.04,   9.73,   9.23,  10.81,  11.07,  10.87,  10.92
20010919, 1800,  , EX, 46.5N,  52.0W,  60,  986, -999, -999, -999, -999, -999, -999, -999, -999, -999, -999, -999, -999, -999,   0.06,   0.17,   0.19,   0.18,   0.09,   0.12,   0.10,   0.13,   0.16,   0.15,   0.12,   0.25,  -0.01,  -0.14,  -0.25,  -0.29,  -0.46,  -0.54,    nan,  -0.47,  -0.46,  -0.40,  -0.32,  -0.40,  -0.40,  -0.62,  -0.70,  -0.63,  -0.63,  -0.68,  -0.66
20010920, 0000,  , EX, 48.5N,  48.5W,  60,  988, -999, -999, -999, -999, -999, -999, -999, -999, -999, -999, -999, -999, -999,   2.60,   2.81,   3.25,   3.27,   3.12,   2.99,   3.42,   3.83,   3.74,   3.17,   3.04,   2.58,   3.04,   3.25,   3.34,   3.31,   3.63,    nan,   3.16,   3.15,   3.17,   3.38,   3.43,   3.45,   3.40,   3.38,   3.59,   3.03,   3.18,   3.19,   3.27
20010920, 0600,  , EX, 50.0N,  46.0W,  60,  986, -999, -999, -999, -999, -999, -999, -999, -999, -999, -999, -999, -999, -999,   4.20,   3.94,   4.09,   4.59,   4.83,   4.97,   5.23,   5.09,   4.97,   5.14,   5.15,   4.82,   4.45,   4.44,   4.35,   4.34,   4.13,    nan,   3.90,   3.49,   3.74,   3.35,   3.42,   3.40,   3.62,   3.88,   3.94,   4.65,   5.48,   5.05,   4.65
20010920, 1200,  , EX, 52.0N,  43.0W,  60,  984, -999, -999, -999, -999, -999, -999, -999, -999, -999, -999, -999, -999, -999,   9.54,   9.28,   9.14,   8.77,   8.30,   8.39,   9.03,   9.77,  10.68,  10.50,   8.84,   9.23,   9.33,  10.44,  11.29,  11.69,  11.65,    nan,  11.32,  10.78,   9.09,   8.44,   7.86,   7.56,   7.27,   6.60,   6.60,   6.77,   6.56,   6.12,   4.51
20010920, 1800,  , EX, 54.0N,  40.0W,  65,  981, -999, -999, -999, -999, -999, -999, -999, -999, -999, -999, -999, -999, -999,   6.08,   6.14,   6.16,   6.22,   6.28,   6.31,   6.22,   6.25,   6.13,   6.03,   6.20,   6.21,   6.28,   6.31,   6.18,   6.48,   6.46,    nan,   6.50,   6.34,   6.14,   6.37,   6.21,   6.13,   6.12,   6.02,   6.16,   6.13,   5.87,   5.85,   5.41
20010921, 0000,  , EX, 55.0N,  37.5W,  65,  981, -999, -999, -999, -999, -999, -999, -999, -999, -999, -999, -999, -999, -999,   6.45,   6.27,   6.26,   6.30,   6.46,   6.47,   6.52,   6.41,   6.52,   6.60,   6.50,   6.54,   6.58,   6.54,   6.74,   6.66,    nan,   6.68,   6.71,   6.53,   6.75,   6.65,   6.44,   6.67,   6.58,   6.34,   6.41,   6.44,   6.49,   6.54,   6.50
20010921, 0600,  , EX, 55.0N,  35.0W,  65,  981, -999, -999, -999, -999, -999, -999, -999, -999, -999, -999, -999, -999, -999,   7.12,   7.01,   6.83,   6.75,   7.01,   6.91,   7.11,   7.11,   6.93,   7.00,   6.96,   7.00,   7.14,   7.19,   7.17,   7.11,    nan,   7.03,   7.20,   7.01,   7.06,   7.07,   7.05,   7.01,   6.95,   6.95,   7.09,   7.03,   6.86,   6.82,   6.59
20010921, 1200,  , EX, 56.0N,  32.5W,  60,  984, -999, -999, -999, -999, -999, -999, -999, -999, -999, -999, -999, -999, -999,   7.95,   7.88,   8.31,   8.83,   8.92,   9.23,   8.94,   8.91,   8.77,   8.99,   9.01,   9.04,   9.07,   8.99,   8.95,   8.91,    nan,   9.14,   9.13,   9.22,   8.78,   9.45,   9.61,   9.54,   9.58,   9.54,   9.38,   9.37,   9.26,   9.19,   9.18
20010921, 1800,  , EX, 57.5N,  31.0W,  55,  987, -999, -999, -999, -999, -999, -999, -999, -999, -999, -999, -999, -999, -999,   8.63,   8.63,   8.60,   8.79,   8.96,   9.06,   8.80,   8.74,   8.75,   8.93,   8.72,   8.66,   8.78,   8.91,   9.01,   9.15,    nan,   9.04,   9.04,   8.90,   8.96,   9.15,   9.17,   8.97,   9.01,   8.63,   8.90,   8.75,   8.94,   9.48,   9.29
