AL082016,              EIGHT,     21,
20160827, 0000,  , LO, 30.7N,  65.0W,  20, 1012,    0,    0,    0,    0,    0,    0,    0,    0,    0,    0,    0,    0, -999,  21.94,  22.06,  22.15,  22.15,  22.00,  22.21,  22.08,  22.02,  21.98,  21.41,  20.87,  20.89,  21.19,  21.90,  21.97,  21.78,  21.33,  21.59,  21.96,  22.53,  22.81,  23.06,  23.16,  22.45,  22.57,  22.44,  22.50,  22.84,  23.15,  23.58,  23.52
20160827, 0600,  , LO, 30.8N,  65.6W,  25, 1011,    0,    0,    0,    0,    0,    0,    0,    0,    0,    0,    0,    0, -999,  20.72,  21.07,  20.80,  20.88,  21.07,  20.84,  21.25,  20.93,  20.93,  20.36,  20.21,  20.15,  19.91,  19.93,  20.14,  19.81,  19.96,  19.97,  20.27,  20.32,  20.77,  20.91,  21.10,  21.19,  20.95,  20.16,  20.48,  21.61,  21.99,  22.41,  22.58
20160827, 1200,  , LO, 30.9N,  66.2W,  25, 1011,    0,    0,    0,    0,    0,    0,    0,    0,    0,    0,    0,    0, -999,  21.31,  21.73,  21.66,  21.27,  21.33,  21.04,  21.09,  21.19,  21.07,  20.93,  21.15,  20.95,  20.64,  20.51,  20.71,  20.56,  20.94,  21.30,  21.61,  21.56,  21.66,  21.66,  21.88,  21.61,  21.91,  21.17,  21.23,  21.57,  21.49,  21.23,  21.26
20160827, 1800,  , LO, 31.0N,  66.9W,  25, 1011,    0,    0,    0,    0,    0,    0,    0,    0,    0,    0,    0,    0, -999,  21.75,  21.95,  22.36,  22.77,  22.65,  21.69,  21.92,  22.13,  22.31,  22.47,  22.40,  22.11,  21.98,  21.86,  22.20,  22.17,  22.29,  22.42,  22.64,  22.65,  22.69,  22.25,  22.01,  21.54,  21.61,  21.20,  20.69,  20.45,  20.87,  20.49,  21.04
20160828, 0000,  , LO, 31.1N,  67.8W,  25, 1011,    0,    0,    0,    0,    0,    0,    0,    0,    0,    0,    0,    0, -999,  21.67,  22.02,  22.37,  22.32,  22.23,  21.96,  22.19,  22.00,  22.48,  22.59,  22.76,  22.27,  22.05,  22.04,  22.05,  22.30,  22.64,  22.65,  22.55,  22.30,  22.14,  22.50,  22.32,  22.10,  22.57,  22.43,  22.18,  21.65,  21.51,  21.61,  21.93
20160828, 0600,  , LO, 31.3N,  68.7W,  25, 1011,    0,    0,    0,    0,    0,    0,    0,    0,    0,    0,    0,    0, -999,  22.52,  22.38,  22.19,  22.51,  21.95,  22.07,  21.96,  22.20,  22.78,  22.66,  23.17,  23.40,  23.79,  23.25,  23.41,  23.40,  23.17,  23.39,  23.36,  22.97,  23.11,  23.29,  23.56,  24.30,  23.84,  22.89,  22.43,  22.76,  22.85,  22.57,  22.30
20160828, 1200,  , TD, 31.5N,  69.6W,  30, 1010,    0,    0,    0,    0,    0,    0,    0,    0,    0,    0,    0,    0, -999,  23.10,  22.65,  22.59,  23.20,  23.80,  23.47,  22.62,  22.49,  22.93,  23.04,  23.21,  23.48,  23.91,  23.81,  23.59,  23.61,  22.61,  24.11,  23.92,  23.32,  23.27,  24.21,  24.65,  24.38,  24.16,  23.86,  24.53,  24.87,  24.92,  24.54,  24.51
20160828, 1800,  , TD, 31.7N,  70.6W,  30, 1010,    0,    0,    0,    0,    0,    0,    0,    0,    0,    0,    0,    0, -999,  23.43,  22.59,  23.16,  22.95,  23.03,  23.69,  23.15,  23.05,  23.39,  22.99,  23.25,  23.29,  23.26,  22.79,  23.01,  23.05,  22.78,  23.16,  22.49,  22.98,  23.22,  23.03,  23.22,  23.43,  23.97,  23.35,  23.57,  24.69,  24.35,  24.47,  24.79
20160829, 0000,  , TD, 32.0N,  71.7W,  30, 1010,    0,    0,    0,    0,    0,    0,    0,    0,    0,    0,    0,    0, -999,  23.76,  23.51,  24.09,  24.11,  24.13,  23.42,  23.60,  23.60,  23.91,  23.98,  24.20,  24.41,  24.39,  24.17,  24.31,  25.49,  25.32,  24.41,  24.27,  23.92,  23.14,  22.33,  22.78,  22.63,  22.91,  23.03,  22.78,  22.72,  22.99,  22.95,  22.48
20160829, 0600,  , TD, 32.4N,  72.6W,  30, 1010,    0,    0,    0,    0,    0,    0,    0,    0,    0,    0,    0,    0, -999,  23.56,  23.99,  23.81,  23.81,  24.03,  24.01,  24.69,  25.59,  25.69,  26.33,  26.94,  27.62,  28.01,  28.21,  27.77,  27.43,  26.69,  25.92,  25.95,  25.79,  25.94,  24.86,  25.11,  23.86,  22.55,  22.69,  24.09,  23.54,  24.00,  23.98,  23.60
20160829, 1200,  , TD, 32.9N,  73.2W,  30, 1011,    0,    0,    0,    0,    0,    0,    0,    0,    0,    0,    0,    0, -999,  24.27,  24.76,  25.07,  25.48,  25.28,  25.88,  26.74,  27.10,  27.23,  26.07,  25.48,  25.56,  25.52,  25.25,  25.19,  25.74,  25.60,  26.96,  26.87,  26.80,  26.90,  25.90,  25.10,  24.86,  24.90,  24.83,  24.79,  25.03,  24.83,  25.10,  24.76
20160829, 1800,  , TD, 33.4N,  73.8W,  30, 1012,    0,    0,    0,    0,    0,    0,    0,    0,    0,    0,    0,    0, -999,  24.90,  25.73,  25.53,  24.67,  24.67,  25.07,  25.37,  26.00,  26.37,  26.83,  26.71,  26.34,  25.79,  25.64,  24.77,  24.62,  23.91,  25.32,  24.71,  24.36,  24.78,  25.80,  24.20,  25.22,  25.97,  25.82,  26.29,  26.41,  26.19,  26.37,  25.98
20160830, 0000,  , TD, 33.7N,  74.5W,  30, 1012,    0,    0,    0,    0,    0,    0,    0,    0,    0,    0,    0,    0, -999,  25.39,  24.97,  25.20,  25.30,  25.14,  24.72,  25.69,  24.82,  24.19,  23.22,  22.75,  22.01,  22.33,  23.14,  23.78,  23.10,  23.46,  23.78,  23.82,  23.82,  24.47,  25.32,  25.51,  24.67,  24.28,  24.45,  24.52,  23.70,  23.60,  23.69,    nan
20160830, 0600,  , TD, 33.9N,  75.0W,  30, 1011,    0,    0,    0,    0,    0,    0,    0,    0,    0,    0,    0,    0, -999,  26.19,  25.80,  25.75,  25.25,  24.12,  24.37,  24.94,  24.70,  23.74,  24.71,  26.67,  23.68,  22.04,  22.57,  23.16,  24.62,  25.48,  22.34,  23.84,  23.27,  22.48,  23.23,  24.62,  26.21,  25.80,  24.44,  22.61,  24.11,  24.65,  24.39,    nan
20160830, 1200,  , TD, 34.2N,  75.0W,  30, 1011,    0,    0,    0,    0,    0,    0,    0,    0,    0,    0,    0,    0, -999,  27.44,  26.26,  26.24,  25.79,  24.91,  24.07,  25.25,  24.88,  24.80,  23.08,  26.03,  25.96,  24.12,  21.80,  23.61,  25.60,  26.67,  25.78,  25.36,  23.59,  22.38,  23.87,  25.61,  26.35,  26.12,  26.00,  25.38,  24.78,  25.78,  25.27,    nan
20160830, 1800,  , TD, 34.4N,  74.9W,  30, 1011,    0,    0,    0,    0,    0,    0,    0,    0,    0,    0,    0,    0, -999,  27.13,  26.63,  26.59,  26.01,  25.03,  24.21,  25.76,  25.25,  25.12,  23.70,  24.36,  25.68,  26.16,  21.90,  22.26,  24.57,  26.57,  26.02,  24.84,  24.79,  22.37,  23.63,  24.88,  26.30,  25.82,  26.09,  26.35,  25.59,  25.73,  25.57,    nan
20160831, 0000,  , TD, 34.6N,  74.7W,  30, 1011,    0,    0,    0,    0,    0,    0,    0,    0,    0,    0,    0,    0, -999,  27.33,  27.15,  26.20,  25.59,  24.27,  26.23,  24.78,  25.29,  24.81,  22.77,  24.75,  25.90,  23.68,  22.18,  22.50,  26.23,  26.71,  26.68,  26.36,  23.80,  25.48,  26.20,  26.38,  26.03,  26.23,  26.34,  27.28,  26.15,  25.73,    nan,  25.79
20160831, 0600,  , TD, 34.8N,  74.5W,  30, 1011,    0,    0,    0,    0,    0,    0,    0,    0,    0,    0,    0,    0, -999,  27.27,  27.46,  26.12,  26.08,  24.92,  26.31,  25.54,  25.32,  25.79,  23.67,  25.03,  26.04,  25.85,  22.49,  22.49,  24.72,  25.98,  26.88,  26.59,  26.99,  24.97,  25.98,  26.34,  26.22,  25.71,  25.82,  26.99,  27.31,  25.55,    nan,  25.33
20160831, 1200,  , TD, 35.2N,  73.8W,  30, 1010,    0,    0,    0,    0,    0,    0,    0,    0,    0,    0,    0,    0, -999,  27.82,  27.86,  28.21,  27.38,  26.97,  26.70,  25.76,  25.76,  26.00,  25.85,  26.43,  25.91,  25.87,  25.90,  24.66,  24.23,  23.54,  23.62,  26.52,  27.53,  25.77,  24.39,  25.88,  25.70,  25.47,  26.01,  26.41,  27.18,  27.39,    nan,  25.88
20160831, 1800,  , TD, 35.9N,  72.7W,  30, 1010,    0,    0,    0,    0,    0,    0,    0,    0,    0,    0,    0,    0, -999,  27.95,  27.72,  27.82,  27.60,  27.08,  25.87,  23.13,  20.35,  20.18,  20.33,  20.73,  20.79,  24.24,  24.95,  24.05,  22.24,  22.00,  24.17,  23.90,  24.64,  24.62,  24.14,  27.29,  26.95,  26.73,  26.43,  24.58,  24.98,  23.06,    nan,  25.00
20160901, 0000,  , TD, 36.8N,  71.2W,  30, 1010,    0,    0,    0,    0,    0,    0,    0,    0,    0,    0,    0,    0, -999,  26.20,  27.69,  27.63,  26.78,  26.55,  26.79,  26.68,  26.19,  26.21,  26.11,  26.60,  26.61,  26.66,  26.83,  27.09,  27.04,  27.75,  26.03,  26.32,  25.72,  26.03,  26.82,  25.60,  25.80,  25.93,  25.82,  25.91,  24.48,    nan,  22.30,  23.89
