AL092019,           HUMBERTO,     34,
20190912, 1200,  , LO, 23.0N,  74.2W,  25, 1010,    0,    0,    0,    0,    0,    0,    0,    0,    0,    0,    0,    0, -999,  26.06,  25.84,  25.60,  25.49,  25.29,  25.63,  26.37,  26.58,  25.75,  25.73,  25.96,  25.75,  25.94,  25.84,  26.08,  26.20,  26.20,  26.47,  25.83,  25.93,  25.32,  25.46,  25.38,  25.56,  25.16,  25.43,  26.02,  26.24,  25.99,  26.02,  25.54
20190912, 1800,  , LO, 23.4N,  74.3W,  25, 1010,    0,    0,    0,    0,    0,    0,    0,    0,    0,    0,    0,    0, -999,  26.09,  25.42,  25.79,  25.46,  25.55,  26.05,  26.06,  25.83,  26.26,  25.82,  25.85,  25.68,  25.52,  25.64,  25.50,  25.78,  25.76,  25.59,  25.35,  25.21,  25.22,  25.33,  25.80,  25.34,  25.66,  25.32,  25.41,  25.30,  25.30,  25.25,  25.43
20190913, 0000,  , LO, 23.8N,  74.3W,  25, 1009,    0,    0,    0,    0,    0,    0,    0,    0,    0,    0,    0,    0, -999,  25.58,  25.54,  25.04,  25.10,  26.01,  26.06,  25.71,  25.92,  25.51,  25.56,  25.73,  26.05,  26.18,  26.02,  26.19,  25.88,  25.85,  25.88,  25.54,  25.71,  26.23,  26.33,  25.70,  26.07,  25.66,  25.42,  24.72,  24.99,  25.18,  25.36,  24.72
20190913, 0600,  , LO, 24.2N,  74.4W,  25, 1009,    0,    0,    0,    0,    0,    0,    0,    0,    0,    0,    0,    0, -999,  25.82,  25.46,  25.82,  25.82,  26.10,  26.43,  26.45,  25.86,  25.81,  26.30,  26.58,  26.51,  26.34,  26.75,  26.32,  26.54,  26.28,  26.52,  26.36,  25.88,  26.24,  26.59,  26.05,  26.20,  25.23,  25.01,  24.68,  24.83,  25.07,  25.30,  25.28
20190913, 1200,  , LO, 24.7N,  74.5W,  30, 1008,    0,    0,    0,    0,    0,    0,    0,    0,    0,    0,    0,    0, -999,  24.93,  24.71,  24.61,  24.85,  25.37,  25.28,  25.29,  25.01,  25.11,  25.21,  25.07,  25.07,  25.12,  25.16,  24.91,  24.58,  24.29,  24.13,  24.28,  24.03,  25.05,  24.76,  24.31,  24.06,  23.54,  23.66,  23.07,  23.85,  24.00,  24.04,  24.33
20190913, 1800,  , TD, 25.2N,  74.7W,  30, 1008,    0,    0,    0,    0,    0,    0,    0,    0,    0,    0,    0,    0, -999,  24.91,  24.61,  24.82,  24.97,  25.02,  25.70,  25.58,  25.08,  24.93,  24.90,  24.93,  24.86,  24.54,  24.28,  23.85,  23.78,  23.96,  24.09,  24.48,  24.21,  25.10,  24.76,  24.65,  24.43,  23.84,  23.95,  23.83,  23.81,  24.11,  24.28,  24.59
20190914, 0000,  , TS, 25.6N,  75.2W,  35, 1007,   60,   80,    0,   60,    0,    0,    0,    0,    0,    0,    0,    0, -999,  24.32,  24.30,  24.63,  24.73,  25.76,  25.53,  24.89,  24.51,  24.21,  24.20,  24.54,  24.48,  24.92,  24.72,  24.49,  24.49,  24.65,  24.75,  24.81,  24.98,  25.10,  24.91,  24.66,  24.52,  24.57,  24.30,  24.47,  24.23,  23.85,  24.27,  23.75
20190914, 0600,  , TS, 26.0N,  75.9W,  35, 1006,   70,   90,    0,   60,    0,    0,    0,    0,    0,    0,    0,    0, -999,  25.16,  24.96,  24.96,  24.39,  23.79,  24.34,  24.38,  24.40,  24.77,  24.81,  24.81,  25.03,  25.01,  24.64,  24.34,  24.36,  24.66,  24.77,  24.66,  24.81,  25.02,  25.01,  25.09,  25.20,  25.07,  24.70,  24.46,  24.40,  25.04,  25.05,  24.80
20190914, 1200,  , TS, 26.5N,  76.5W,  40, 1004,   80,  100,    0,   60,    0,    0,    0,    0,    0,    0,    0,    0, -999,  24.47,  24.11,  24.33,  23.74,  24.79,  26.77,  25.96,  24.51,  24.40,  24.26,  24.15,  24.32,  24.72,  25.01,  25.00,  24.58,  24.29,  24.27,  24.35,  24.58,  24.44,  24.31,  24.13,  24.30,  24.54,  25.27,  24.96,  24.59,  24.76,  24.75,  24.71
20190914, 1800,  , TS, 27.0N,  77.0W,  45, 1003,   90,  110,    0,   60,    0,    0,    0,    0,    0,    0,    0,    0, -999,  24.38,  24.17,  24.14,  23.39,  22.72,  22.14,  23.40,  23.52,  22.64,  24.00,  24.32,  24.52,  23.69,  23.79,  25.02,  25.63,  25.31,  25.44,  25.28,  25.79,  25.63,  25.66,  25.29,  24.52,  24.46,  25.33,  25.18,  25.77,  25.54,  25.59,  25.68
20190915, 0000,  , TS, 27.5N,  77.3W,  50,  998,  100,  110,    0,   60,    0,   50,    0,    0,    0,    0,    0,    0, -999,  24.06,  23.80,  24.19,  22.98,  22.70,  24.68,  23.94,  24.90,  25.07,  24.30,  23.98,  23.58,  23.39,  23.23,  23.14,  22.91,  24.48,  24.81,  24.87,  23.85,  23.61,  23.80,  24.13,  24.73,  24.67,  23.71,  23.95,  24.40,  24.37,  25.25,  25.35
20190915, 0600,  , TS, 28.0N,  77.6W,  50,  997,  100,  120,    0,   60,   50,   50,    0,    0,    0,    0,    0,    0, -999,  24.21,  23.83,  24.10,  25.44,  25.91,  23.80,  23.34,  23.59,  24.16,  24.77,  24.91,  24.44,  25.00,  24.70,  24.47,  24.14,  23.80,  24.16,  23.70,  23.77,  23.08,  23.44,  23.95,  23.58,  23.93,  23.12,  24.43,  24.61,  24.19,  23.99,  23.37
20190915, 1200,  , TS, 28.6N,  77.9W,  55,  995,  100,  120,    0,   60,   60,   60,    0,   30,    0,    0,    0,    0, -999,  23.10,  23.64,  24.29,  25.30,  26.05,  27.09,  25.41,  24.64,  24.50,  24.65,  24.36,  24.14,  24.07,  24.31,  24.32,  24.40,  23.84,  23.12,  23.70,  23.36,  23.67,  24.12,  23.82,  23.36,  22.80,  23.73,  23.23,  23.34,  23.63,  23.70,  23.39
20190915, 1800,  , TS, 29.1N,  78.1W,  60,  993,  100,  130,   40,   60,   60,   60,    0,   30,    0,    0,    0,    0, -999,  23.59,  23.45,  23.54,  22.88,  22.88,  24.87,  25.89,  26.13,  26.02,  25.40,  25.14,  25.08,  25.08,  25.17,  25.30,  25.10,  24.41,  23.68,  23.76,  23.85,  24.27,  24.25,  24.54,  24.62,  24.30,  24.38,  24.48,  24.87,  24.35,  23.99,  23.87
20190916, 0000,  , HU, 29.2N,  77.8W,  65,  987,  100,  130,   40,   60,   60,   60,    0,   30,   25,   25,    0,    0, -999,  22.53,  22.10,  22.39,  22.61,  22.94,  22.90,  23.45,  24.50,  24.64,  25.14,  24.68,  24.32,  24.47,  24.55,  24.57,  23.93,  23.89,  23.51,  23.44,  23.67,  23.74,  23.71,  23.86,  24.53,  23.84,  24.06,  23.58,  23.65,  23.94,  23.80,  23.80
20190916, 0600,  , HU, 29.5N,  77.3W,  70,  982,  110,  130,   50,   70,   60,   60,   20,   30,   25,   25,    0,   15, -999,  22.64,  22.87,  22.30,  22.54,  23.28,  23.64,  24.19,  24.17,  24.14,  22.91,  22.85,  23.01,  23.55,  24.76,  25.02,  25.13,  23.55,  24.02,  23.30,  24.02,  24.32,  24.46,  24.63,  24.02,  23.59,  22.80,  23.17,  23.39,  23.29,  22.38,  22.33
20190916, 1200,  , HU, 29.8N,  76.7W,  75,  979,  110,  130,   50,   70,   60,   60,   30,   40,   25,   25,    0,   20, -999,  21.78,  21.52,  21.41,  21.60,  21.53,  21.83,  21.77,  21.85,  22.07,  21.98,  22.12,  22.45,  22.69,  22.93,  23.05,  22.66,  22.49,  22.24,  22.13,  21.90,  22.02,  21.95,  21.89,  21.48,  22.02,  21.59,  21.75,  21.73,  21.67,  21.73,  21.93
20190916, 1800,  , HU, 30.1N,  76.1W,  75,  975,  120,  140,   60,   70,   60,   60,   30,   40,   25,   25,   20,   20, -999,  20.76,  20.52,  20.60,  20.90,  20.76,  21.11,  20.76,  20.82,  21.42,  21.38,  21.32,  21.09,  21.36,  21.84,  21.82,  21.61,  21.29,  20.64,  20.39,  20.34,  20.54,  20.56,  20.82,  21.09,  21.44,  20.69,  20.81,  20.64,  21.56,  21.79,  21.76
20190917, 0000,  , HU, 30.3N,  75.4W,  80,  966,  120,  140,   60,   80,   70,   70,   40,   50,   30,   30,   20,   20, -999,  20.53,  20.66,  20.79,  20.47,  20.61,  20.66,  20.76,  21.40,  21.40,  21.60,  21.66,  21.02,  21.19,  21.54,  21.28,  21.37,  20.73,  20.59,  20.88,  20.82,  20.46,  20.71,  20.87,  20.77,  21.02,  20.71,  20.84,  21.50,  21.47,  21.33,  21.53
20190917, 0600,  , HU, 30.5N,  74.7W,  85,  964,  120,  140,   70,   90,   70,   70,   50,   60,   30,   30,   20,   30, -999,  20.00,  20.13,  20.15,  20.19,  20.18,  20.29,  20.27,  20.44,  20.31,  20.52,  20.16,  20.10,  20.34,  20.51,  20.70,  20.89,  20.23,  20.27,  20.00,  20.34,  20.45,  20.64,  20.74,  20.56,  20.95,  21.41,  21.00,  21.42,  20.93,  21.21,  21.34
20190917, 1200,  , HU, 30.7N,  73.8W,  90,  961,  130,  150,   80,  100,   80,   80,   60,   70,   40,   40,   30,   40, -999,  20.84,  20.90,  20.75,  20.60,  20.63,  20.85,  20.74,  20.74,  20.43,  20.84,  20.77,  21.36,  20.71,  21.16,  21.12,  21.47,  20.31,  20.12,  19.80,  20.17,  20.56,  20.62,  20.54,  20.69,  20.64,  21.18,  21.34,  21.09,  20.60,  20.90,  21.28
20190917, 1800,  , HU, 30.9N,  72.9W,  95,  956,  130,  150,  110,  120,   80,   80,   60,   80,   40,   50,   40,   40, -999,  20.55,  20.62,  20.60,  20.62,  20.60,  20.97,  20.86,  20.72,  20.72,  20.55,  20.76,  21.60,  21.80,  21.65,  21.34,  21.81,  20.52,  20.13,  20.05,  20.67,  21.17,  21.73,  21.83,  21.97,  21.73,  22.07,  23.05,  23.07,  23.01,  23.22,  23.26
20190918, 0000,  , HU, 31.2N,  71.6W, 100,  952,  140,  160,  120,  120,   90,   90,   70,   80,   50,   60,   50,   50, -999,  20.86,  20.75,  20.93,  21.24,  21.49,  21.61,  21.52,  21.41,  21.13,  20.86,  20.55,  21.02,  21.24,  21.25,  21.09,  21.25,  20.48,  20.33,  21.27,  21.51,  21.01,  21.39,  20.55,  20.70,  20.84,  21.46,  21.66,  21.89,  21.62,  21.86,  22.04
20190918, 0600,  , HU, 31.5N,  70.3W, 105,  951,  140,  160,  130,  130,   90,   90,   80,   80,   50,   60,   60,   50, -999,  20.31,  20.31,  20.13,  20.38,  20.41,  20.19,  20.23,  20.12,  20.30,  20.10,  20.09,  20.15,  20.15,  20.93,  20.97,  20.76,  20.24,  20.32,  20.26,  19.86,  19.98,  20.42,  20.46,  20.32,  20.32,  20.07,  20.20,  20.36,  20.50,  20.56,  20.48
20190918, 1200,  , HU, 32.0N,  68.8W, 105,  951,  150,  170,  150,  140,  100,  100,   90,   90,   60,   70,   70,   60, -999,  20.76,  20.76,  20.61,  20.63,  20.31,  20.29,  19.98,  20.39,  20.78,  20.88,  20.91,  20.80,  20.38,  21.07,  21.78,  21.37,  20.46,  20.68,  21.01,  20.60,  20.44,  22.17,  21.35,  21.14,  20.66,  20.51,  20.53,  20.86,  20.69,  20.89,  21.15
20190918, 1800,  , HU, 32.5N,  67.2W, 110,  950,  150,  170,  150,  140,  100,  100,   90,   90,   60,   70,   70,   60, -999,  21.41,  21.52,  21.58,  21.13,  21.50,  21.63,  21.60,  21.49,  21.31,  21.05,  21.06,  21.62,  21.90,  22.01,  21.94,  22.16,  21.77,  21.54,  21.75,  21.69,  21.19,  21.19,  20.77,  20.50,  21.18,  21.37,  21.56,  21.37,  20.81,  21.19,  21.24
20190919, 0000,  , HU, 33.2N,  65.0W, 110,  950,  170,  180,  150,  160,  100,  120,  100,  100,   60,   80,   70,   60, -999,  20.17,  20.50,  20.55,  20.01,  20.35,  20.48,  20.39,  19.64,  20.00,  21.02,  21.83,  21.93,  21.04,  20.96,  21.40,  21.35,  20.54,  20.16,  19.87,  20.87,  20.26,  20.65,  20.77,  19.57,  19.57,  19.56,  19.48,  19.96,  19.87,  19.88,  20.17
20190919, 0300, T, HU, 33.8N,  64.0W, 110,  950,  200,  190,  150,  180,  100,  120,  100,  100,   60,   80,   70,   60, -999,  20.04,  20.11,  20.12,  19.63,  20.12,  20.10,  20.08,  19.89,  20.34,  20.50,  20.44,  20.55,  20.40,  20.64,  20.21,  21.18,  22.52,  22.87,  24.56,  23.06,  20.63,  22.02,  22.63,  21.73,  21.02,  22.07,  23.09,  22.72,  21.42,  21.23,  22.32
20190919, 0600,  , HU, 34.5N,  62.9W, 105,  951,  220,  200,  160,  200,  120,  120,  100,  100,   60,   80,   70,   60, -999,  21.51,  21.74,  21.24,  21.38,  21.14,  21.54,  21.55,  22.02,  21.72,  21.98,  22.77,  22.01,  22.62,  21.99,  21.84,  21.54,  21.27,  22.46,  23.43,  22.55,  21.89,  21.24,  21.80,  21.82,  23.47,  22.41,  22.25,  22.42,  22.71,  23.12,  21.73
20190919, 1200,  , HU, 36.0N,  60.8W,  95,  955,  250,  220,  170,  250,  140,  120,  110,  110,   60,   80,   70,   60, -999,  18.62,  19.44,  19.95,  18.56,  18.77,  19.07,  19.69,  18.53,  18.50,  18.29,  19.18,  19.21,  18.90,  19.02,  18.82,  20.54,  20.44,  21.88,  21.64,  20.01,  20.13,  20.45,  19.68,  19.00,  19.41,  20.14,  20.61,  19.85,  19.84,  20.92,  21.35
20190919, 1800,  , HU, 37.7N,  59.3W,  80,  961,  290,  240,  180,  290,  140,  120,  120,  120,   60,   70,   70,   60, -999,  19.64,  19.49,  20.02,  20.95,  22.78,  22.42,  23.26,  22.73,  22.08,  21.90,  22.73,  22.73,  22.62,  23.44,  22.67,  22.64,  22.70,  21.91,  21.75,  22.67,  21.80,  22.34,  22.20,  22.32,  23.58,  23.02,  23.22,  21.59,  23.32,  22.15,  22.45
20190920, 0000,  , EX, 39.1N,  58.5W,  70,  967,  310,  240,  180,  310,  130,  120,  120,  120,   60,   70,   70,   60, -999,  21.41,  22.48,  21.94,  22.20,  21.83,  21.99,  22.08,  21.28,  22.11,  21.36,  20.67,  21.77,  22.13,  20.91,  21.02,  21.25,  20.06,  20.26,  22.14,  22.77,  21.39,  22.33,  24.18,  24.06,  22.93,  23.88,  24.22,  23.16,  23.18,  24.23,  24.35
20190920, 0600,  , EX, 40.4N,  58.0W,  60,  972,  330,  240,  180,  330,  120,  120,  120,  110,    0,    0,    0,    0, -999,  20.64,  21.50,  20.25,  18.91,  20.72,  20.00,  21.24,  18.76,  21.73,  20.90,  17.56,  14.30,  16.67,  15.67,  15.40,  16.57,  15.20,  15.97,  16.38,  18.71,  20.92,  20.73,  19.04,  16.88,  15.60,  13.71,  14.45,  14.74,  16.59,  17.84,  16.68
20190920, 1200,  , EX, 41.5N,  57.5W,  50,  977,  330,  240,  180,  330,  100,    0,    0,  100,    0,    0,    0,    0, -999,  14.82,  15.86,  15.15,  15.14,  14.68,  15.86,  18.43,  18.67,  17.83,  18.42,  18.05,  17.89,  20.61,  19.89,  20.10,  20.17,  19.37,  19.68,  18.93,  18.03,  19.07,  17.77,  18.61,  18.66,  20.10,  18.15,  18.35,  18.17,  18.42,  17.58,  17.71
