AL092009,              GRACE,     37,
20090927, 1800,  , EX, 46.0N,  43.2W,  55,  995,    0,    0,  285,  195,    0,    0,  120,  105,    0,    0,    0,    0, -999,   9.37,   7.11,   9.42,  13.22,  12.38,  13.71,  12.70,  12.54,  12.69,  12.30,  10.58,  12.93,  14.12,  14.57,  12.51,  11.78,  11.94,  11.49,  12.59,  12.02,  12.59,  11.45,  10.65,  12.70,  12.70,   8.96,   9.76,   7.58,   8.16,  10.21,  10.63
20090928, 0000,  , EX, 45.3N,  42.9W,  50,  994,    0,    0,  285,  195,    0,    0,  120,  105,    0,    0,    0,    0, -999,  16.72,  16.34,  16.47,  17.09,  16.50,  16.74,  15.60,  14.55,  14.74,  16.60,  15.16,  15.79,  16.61,  16.15,  16.30,  16.40,  13.64,  13.64,  13.43,  13.30,  11.40,  10.89,  13.06,  11.18,  14.14,  14.80,  14.70,  15.78,  15.30,  14.18,  13.23
20090928, 0600,  , EX, 44.7N,  42.0W,  45,  992,    0,  180,  270,  180,    0,    0,    0,    0,    0,    0,    0,    0, -999,  17.18,  17.19,  16.87,  16.60,  16.16,  16.59,  17.14,  17.11,  16.98,  16.93,  17.62,  17.29,  17.32,  17.37,  17.70,  17.05,  16.66,  16.03,  17.20,  17.80,  17.50,  16.63,  16.51,  16.21,  16.45,  16.63,  16.71,  16.21,  16.50,  16.88,  16.77
20090928, 1200,  , EX, 44.0N,  40.3W,  45,  992,    0,  180,  270,  180,    0,    0,    0,    0,    0,    0,    0,    0, -999,  15.71,  15.86,  15.57,  15.65,  16.12,  16.00,  15.76,  15.48,  15.41,  15.50,  15.77,  15.82,  15.94,  15.61,  15.75,  15.71,  16.08,  16.59,  15.59,  15.09,  14.98,  15.67,  15.90,  15.67,  15.46,  16.03,  16.41,  15.77,  16.10,  16.69,  16.74
20090928, 1800,  , EX, 43.8N,  38.7W,  40,  994,    0,  180,  255,    0,    0,    0,    0,    0,    0,    0,    0,    0, -999,  15.40,  15.35,  15.59,  15.55,  15.33,  15.20,  15.38,  14.95,  15.41,  15.73,  15.94,  16.11,  15.95,  15.86,  16.32,  16.04,  15.63,  15.67,  15.73,  16.11,  16.28,  16.54,  16.53,  16.83,  16.57,  16.31,  16.31,  16.28,  16.31,  16.38,  16.84
20090929, 0000,  , EX, 43.6N,  37.1W,  40,  996,    0,    0,  150,    0,    0,    0,    0,    0,    0,    0,    0,    0, -999,  15.74,  16.09,  16.31,  16.24,  16.18,  15.75,  15.86,  16.01,  15.61,  15.66,  15.77,  15.56,  16.13,  15.84,  15.68,  15.75,  15.36,  15.72,  15.60,  15.54,  15.63,  15.91,  15.65,  15.82,  15.94,  15.97,  15.40,  15.68,  15.78,  15.51,  16.10
20090929, 0600,  , EX, 43.4N,  35.8W,  35,  998,    0,    0,   60,    0,    0,    0,    0,    0,    0,    0,    0,    0, -999,  15.16,  15.34,  15.65,  15.27,  15.64,  15.36,  15.08,  14.89,  14.57,  14.65,  14.88,  14.65,  14.64,  14.82,  14.42,  14.04,  13.86,  13.77,  13.71,  13.66,  13.79,  14.10,  14.42,  14.47,  14.50,  14.64,  14.56,  14.44,  14.45,  14.16,  14.17
20090929, 1200,  , EX, 42.9N,  35.3W,  35, 1000,    0,    0,   60,    0,    0,    0,    0,    0,    0,    0,    0,    0, -999,  15.85,  16.14,  16.48,  16.17,  15.92,  16.80,  16.81,  15.94,  15.87,  16.04,  16.09,  14.98,  14.96,  14.88,  14.28,  14.70,  15.15,  15.64,  15.88,  15.78,  15.41,  15.06,  15.01,  15.06,  14.91,  15.45,  15.73,  15.33,  15.27,  15.70,  15.48
20090929, 1800,  , EX, 42.3N,  35.2W,  35,  999,    0,    0,   60,    0,    0,    0,    0,    0,    0,    0,    0,    0, -999,  15.57,  16.48,  17.01,  17.29,  17.24,  17.43,  17.64,  17.77,  17.77,  17.59,  17.49,  17.16,  16.90,  16.67,  16.64,  16.69,  16.77,  16.71,  16.49,  15.99,  16.34,  16.54,  16.83,  16.64,  16.88,  16.63,  16.47,  16.24,  16.79,  16.47,  16.73
20090930, 0000,  , EX, 41.4N,  35.4W,  35,  998,    0,    0,   60,   45,    0,    0,    0,    0,    0,    0,    0,    0, -999,  16.70,  16.74,  16.81,  16.99,  16.97,  17.20,  17.27,  17.25,  17.51,  17.48,  17.67,  17.83,  17.92,  17.50,  17.35,  17.20,  16.93,  16.59,  16.40,  16.13,  16.21,  16.59,  16.60,  16.82,  16.76,  16.88,  16.76,  16.71,  16.75,  16.89,  16.94
20090930, 0600,  , EX, 40.3N,  35.3W,  35,  997,    0,    0,   60,   45,    0,    0,    0,    0,    0,    0,    0,    0, -999,  15.54,  15.75,  15.28,  15.30,  15.68,  15.35,  15.58,  15.64,  15.29,  15.30,  15.63,  15.58,  15.55,  15.92,  16.45,  16.46,  16.48,  16.54,  16.66,  16.44,  16.61,  16.50,  16.39,  16.11,  16.06,  16.00,  15.82,  15.45,  15.42,  15.52,  15.33
20090930, 1200,  , EX, 38.7N,  34.6W,  40,  996,    0,    0,   45,   45,    0,    0,    0,    0,    0,    0,    0,    0, -999,  15.40,  15.52,  15.40,  15.45,  15.46,  15.33,  15.33,  14.93,  14.97,  15.01,  15.24,  15.41,  16.04,  16.49,  16.55,  16.47,  16.20,  16.15,  16.15,  16.06,  16.18,  16.33,  16.36,  16.27,  16.24,  16.16,  16.13,  16.01,  16.21,  16.36,  16.18
20090930, 1800,  , EX, 37.4N,  33.2W,  40,  995,    0,    0,   45,   45,    0,    0,    0,    0,    0,    0,    0,    0, -999,  17.13,  17.50,  17.17,  17.40,  17.33,  17.18,  17.54,  17.63,  17.46,  17.27,  17.39,  17.50,  17.62,  17.44,  17.50,  18.47,  18.22,  18.11,  17.63,  17.30,  16.93,  17.10,  17.17,  17.29,  16.88,  17.29,  17.30,  17.18,  17.41,  17.43,  17.90
20091001, 0000,  , EX, 36.6N,  31.5W,  40,  995,    0,   45,   45,    0,    0,    0,    0,    0,    0,    0,    0,    0, -999,  15.88,  16.05,  15.56,  15.69,  15.52,  15.56,  15.10,  14.57,  14.75,  15.02,  15.13,  15.35,  15.29,  15.16,  15.30,  15.36,  15.42,  15.14,  15.25,  14.94,  15.10,  15.05,  15.27,  15.54,  15.91,  16.11,  16.45,  16.56,  16.30,  15.83,  15.57
20091001, 0600,  , EX, 36.7N,  29.7W,  40,  995,    0,   45,   45,    0,    0,    0,    0,    0,    0,    0,    0,    0, -999,  16.66,  17.05,  16.98,  16.69,  16.57,  16.72,  16.63,  16.56,  15.80,  15.65,  15.96,  16.23,  16.10,  16.02,  16.11,  16.13,  15.96,  15.57,  15.06,  15.01,  14.55,  14.70,  15.10,  15.13,  15.33,  15.62,  16.34,  16.61,  16.71,  16.70,  16.62
20091001, 1200,  , EX, 37.7N,  28.7W,  40,  996,   30,   30,    0,    0,    0,    0,    0,    0,    0,    0,    0,    0, -999,  16.30,  16.59,  16.08,  15.58,  15.30,  15.46,  15.51,  15.67,  15.93,  15.81,  15.80,  15.98,  15.81,  15.96,  15.92,  15.73,  15.34,  15.05,  14.90,  14.53,  14.62,  14.67,  14.80,  14.72,  14.65,  14.69,  14.58,  14.36,  14.31,  14.34,  14.35
20091001, 1800,  , EX, 38.6N,  28.5W,  40,  996,   30,   30,    0,    0,    0,    0,    0,    0,    0,    0,    0,    0, -999,  15.71,  15.93,  16.02,  16.09,  16.09,  16.07,  16.08,  16.25,  16.31,  16.42,  16.37,  16.29,  16.49,  16.43,  16.36,  16.28,  16.16,  15.28,  15.13,  14.17,  14.85,  14.92,  15.41,  15.17,  15.34,  15.26,  15.50,  14.70,  15.09,  14.97,  15.29
20091002, 0000,  , EX, 39.3N,  28.8W,  35,  997,   30,    0,    0,   30,    0,    0,    0,    0,    0,    0,    0,    0, -999,  16.03,  15.73,  16.01,  15.66,  15.30,  15.48,  15.92,  16.55,  16.10,  15.85,  15.83,  15.63,  15.73,  16.14,  16.33,  16.18,  15.30,  14.94,  15.37,  15.33,  15.52,  15.37,  15.50,  15.52,  15.27,  15.06,  15.11,  15.05,  15.06,  15.10,  15.12
20091002, 0600,  , EX, 39.7N,  29.4W,  35,  997,   30,    0,    0,   30,    0,    0,    0,    0,    0,    0,    0,    0, -999,  15.55,  14.90,  15.24,  15.90,  15.62,  15.39,  15.71,  15.57,  15.35,  15.41,  15.23,  15.51,  15.60,  15.51,  15.55,  16.05,  15.91,  15.71,  15.51,  15.56,  15.40,  15.45,  15.59,  15.64,  15.50,  15.30,  15.31,  15.17,  15.15,  15.14,  15.23
20091002, 1200,  , EX, 40.2N,  30.0W,  35,  997,    0,    0,   30,   30,    0,    0,    0,    0,    0,    0,    0,    0, -999,  14.59,  14.60,  14.96,  15.16,  14.83,  15.11,  15.04,  15.42,  15.34,  15.18,  14.52,  14.24,  14.37,  14.57,  14.81,  15.17,  15.02,  14.62,  15.22,  15.14,  15.50,  15.41,  15.70,  15.84,  15.95,  15.12,  14.75,  15.19,  15.44,  15.12,  15.57
20091002, 1800,  , EX, 40.9N,  30.4W,  40,  996,    0,    0,   30,   30,    0,    0,    0,    0,    0,    0,    0,    0, -999,  14.76,  14.24,  13.96,  14.24,  14.23,  14.29,  14.79,  14.93,  15.04,  15.29,  15.68,  15.85,  15.86,  15.72,  15.38,  15.18,  15.09,  15.10,  15.11,  15.29,  14.95,  15.20,  15.11,  15.58,  15.40,  15.59,  15.34,  15.38,  15.44,  15.38,  15.99
20091003, 0000,  , EX, 41.4N,  31.0W,  40,  996,    0,   30,   30,    0,    0,    0,    0,    0,    0,    0,    0,    0, -999,  14.98,  14.84,  15.12,  15.77,  15.77,  16.12,  15.56,  15.59,  15.49,  15.39,  14.87,  14.64,  14.58,  14.49,  14.38,  14.43,  14.52,  14.66,  14.61,  14.90,  14.96,  14.86,  14.87,  14.80,  14.71,  14.80,  14.77,  14.82,  14.68,  14.84,  15.20
20091003, 0600,  , EX, 41.4N,  31.9W,  35,  996,    0,   30,    0,    0,    0,    0,    0,    0,    0,    0,    0,    0, -999,  15.11,  16.04,  16.48,  16.75,  16.07,  15.59,  15.34,  15.50,  15.54,  15.78,  15.48,  15.32,  15.58,  15.08,  14.59,  14.67,  14.51,  14.46,  14.36,  14.55,  15.09,  15.37,  15.31,  15.13,  15.30,  15.32,  15.34,  15.35,  15.47,  15.55,  15.75
20091003, 1200,  , EX, 40.8N,  32.5W,  35,  996,   30,    0,   30,   30,    0,    0,    0,    0,    0,    0,    0,    0, -999,  14.84,  15.17,  15.25,  15.01,  14.31,  14.02,  14.82,  14.80,  15.08,  14.92,  14.79,  14.72,  14.77,  14.91,  14.56,  15.04,  14.79,  15.33,  14.79,  14.80,  14.62,  14.70,  14.69,  14.47,  14.84,  15.04,  15.21,  15.11,  14.78,  14.78,  14.75
20091003, 1800,  , LO, 39.9N,  32.3W,  40,  995,    0,    0,   45,   45,    0,    0,    0,    0,    0,    0,    0,    0, -999,  14.88,  14.89,  14.53,  14.75,  14.79,  14.89,  14.85,  14.70,  14.74,  14.75,  14.72,  14.78,  14.81,  14.95,  15.12,  15.04,  15.08,  14.92,  14.78,  14.66,  14.71,  14.78,  14.81,  14.92,  15.25,  15.01,  15.11,  15.26,  15.00,  15.15,  15.33
20091004, 0000,  , LO, 39.1N,  31.3W,  40,  994,    0,   45,   45,   45,    0,    0,    0,    0,    0,    0,    0,    0, -999,  16.44,  16.51,  16.40,  16.41,  16.30,  15.96,  15.99,  15.82,  15.85,  15.43,  15.29,  15.18,  15.19,  15.27,  14.75,  14.51,  14.54,  14.52,  14.74,  14.71,  15.06,  14.99,  15.01,  15.02,  15.35,  15.61,  15.69,  15.54,  15.72,  15.66,  15.47
20091004, 0600,  , TS, 38.5N,  29.5W,  40,  993,    0,   45,   45,    0,    0,    0,    0,    0,    0,    0,    0,    0, -999,  15.12,  15.22,  15.42,  15.44,  15.58,  15.90,  15.76,  15.84,  15.75,  15.96,  16.07,  16.18,  16.20,  15.87,  15.55,  15.60,  15.34,  15.16,  15.08,  14.75,  15.37,  15.35,  14.99,  15.32,  15.26,  15.28,  15.23,  15.37,  15.40,  15.49,  15.37
20091004, 1200,  , TS, 38.3N,  26.8W,  45,  992,    0,   45,   45,    0,    0,    0,    0,    0,    0,    0,    0,    0, -999,  15.27,  15.02,  15.16,  15.20,  15.30,  15.16,  15.15,  14.94,  14.87,  14.84,  14.74,  14.82,  14.90,  14.65,  14.65,  14.72,  14.97,  15.14,  15.23,  15.35,  15.30,  15.26,  15.27,  15.28,  15.25,  15.38,  15.04,  15.06,  15.04,  15.45,  15.50
20091004, 1800,  , TS, 38.8N,  23.9W,  50,  991,   45,   45,   45,    0,    0,   20,    0,    0,    0,    0,    0,    0, -999,  15.13,  15.39,  15.74,  15.62,  15.65,  15.56,  15.03,  14.50,  14.37,  14.25,  14.94,  15.19,  14.86,  15.28,  15.49,  15.25,  15.36,  15.39,  15.42,  15.51,  15.37,  15.39,  15.67,  15.57,  15.31,  15.06,  15.07,  14.94,  15.01,  14.95,  14.83
20091005, 0000,  , TS, 40.2N,  21.3W,  55,  989,   45,   45,   45,    0,    0,   20,    0,    0,    0,    0,    0,    0, -999,  14.41,  14.62,  14.68,  14.75,  14.75,  14.54,  14.45,  14.36,  14.25,  14.32,  14.29,  14.27,  14.22,  14.50,  14.46,  14.37,  14.36,  14.40,  14.42,  14.57,  14.62,  14.60,  14.79,  14.65,  14.64,  14.70,  14.90,  14.82,  14.80,  14.52,  14.21
20091005, 0600,  , TS, 42.0N,  19.0W,  55,  988,   45,   45,   45,    0,    0,   20,    0,    0,    0,    0,    0,    0, -999,  13.24,  13.30,  13.59,  13.85,  14.12,  14.30,  14.27,  14.34,  14.12,  13.89,  13.93,  13.96,  13.90,  13.93,  13.72,  13.53,  13.45,  13.63,  13.76,  13.77,  13.71,  13.72,  13.68,  13.75,  13.93,  13.95,  13.97,  14.12,  14.02,  14.12,  13.98
20091005, 1200,  , TS, 44.3N,  17.1W,  55,  987,   45,   45,   45,    0,    0,   30,    0,    0,    0,    0,    0,    0, -999,  12.81,  12.72,  12.55,  12.57,  12.57,  12.54,  12.53,  12.55,  12.54,  12.56,  12.57,  12.55,  12.57,  12.58,  12.43,  12.44,  12.57,  12.54,  12.46,  12.45,  13.13,  13.50,  13.40,  13.65,  13.28,  13.14,  13.15,  13.12,  13.24,  13.23,  13.14
20091005, 1800,  , TS, 46.6N,  15.5W,  50,  986,   45,   45,   45,    0,    0,   30,    0,    0,    0,    0,    0,    0, -999,  12.02,  11.92,  11.95,  12.12,  11.90,  11.84,  11.77,  11.80,  11.81,  11.75,  11.72,  11.69,  11.77,  11.87,  11.89,  11.83,  11.78,  11.75,  11.78,  11.80,  11.85,  11.86,  11.92,  12.00,  12.13,  12.16,  12.18,  11.85,  11.85,  12.02,  12.07
20091006, 0000,  , TS, 48.8N,  14.3W,  45,  986,   45,   45,   45,    0,    0,    0,    0,    0,    0,    0,    0,    0, -999,  12.37,  12.22,  12.13,  12.05,  12.09,  11.98,  12.20,  12.12,  12.14,  12.22,  12.11,  11.89,  12.05,  12.20,  12.35,  12.58,  12.71,  12.72,  12.93,  13.08,  13.25,  13.56,  13.62,  13.35,  13.03,  12.75,  12.61,  12.61,  12.20,  12.28,  12.29
20091006, 0600,  , EX, 50.0N,  12.7W,  40,  989,   30,   30,   45,    0,    0,    0,    0,    0,    0,    0,    0,    0, -999,  11.47,  11.49,  11.68,  11.92,  12.14,  12.16,  12.13,  12.07,  11.77,  11.62,  11.56,  11.56,  11.31,  11.06,  11.12,  11.25,  11.37,  11.46,  11.47,  11.54,  11.64,  11.98,  11.97,  11.79,  11.87,  11.90,  12.13,  12.24,  12.08,  11.77,  11.70
20091006, 1200,  , EX, 50.4N,  10.6W,  35,  993,   30,   30,   45,    0,    0,    0,    0,    0,    0,    0,    0,    0, -999,  10.78,  10.80,  10.86,  10.93,  11.00,  11.02,  11.01,  11.04,  11.04,  11.05,  11.06,  11.05,  11.04,  11.07,  11.11,  11.10,  11.09,  11.10,  11.03,  11.16,  11.25,  11.26,  11.34,  11.36,  11.42,  11.22,  11.21,  11.19,  11.19,  11.12,  11.20
20091006, 1800,  , EX, 50.8N,   7.7W,  30,  997,    0,    0,    0,    0,    0,    0,    0,    0,    0,    0,    0,    0, -999,   9.36,   9.36,   9.37,   9.38,   9.41,   9.47,   9.45,   9.44,   9.43,   9.43,   9.45,   9.46,   9.41,   9.40,   9.41,   9.38,   9.38,   9.48,   9.48,   9.46,   9.48,   9.52,   9.47,   9.47,   9.40,   9.35,   9.40,   9.40,   9.41,   9.43,   9.43
