AL092008,                IKE,     62,
20080901, 0600,  , TD, 17.2N,  37.0W,  30, 1006,    0,    0,    0,    0,    0,    0,    0,    0,    0,    0,    0,    0, -999,  24.38,  24.00,  23.81,  23.74,  24.02,  23.77,  22.70,  23.22,  23.24,  22.46,  22.82,  22.98,  22.56,  22.92,  23.62,  23.80,  23.10,  23.25,  23.07,  22.93,  23.18,  22.72,  21.58,  21.91,  21.17,  21.69,  22.19,  22.64,  22.39,  22.37,  22.56
20080901, 1200,  , TS, 17.3N,  38.4W,  35, 1005,  120,   75,    0,   60,    0,    0,    0,    0,    0,    0,    0,    0, -999,  22.56,  23.10,  23.03,  22.90,  22.94,  23.72,  24.32,  23.75,  23.93,  24.30,  24.40,  23.52,  22.87,  22.88,  22.79,  22.18,  22.77,  23.02,  23.99,  24.01,  23.04,  22.95,  22.36,  23.02,  23.54,  22.93,  23.37,  24.47,  24.16,  24.03,  23.82
20080901, 1800,  , TS, 17.5N,  39.9W,  45, 1003,  130,  110,    0,   75,    0,    0,    0,    0,    0,    0,    0,    0, -999,  23.48,  23.29,  23.57,  23.54,  24.18,  24.60,  24.05,  23.87,  23.89,  23.92,  23.93,  23.56,  23.44,  23.53,  23.16,  23.46,  23.64,  23.87,  23.88,  24.27,  24.35,  24.71,  24.16,  24.95,  24.65,  23.54,  22.52,  21.88,  23.04,  23.43,  23.06
20080902, 0000,  , TS, 17.8N,  41.3W,  45, 1002,  140,  120,    0,   90,    0,    0,    0,    0,    0,    0,    0,    0, -999,  24.51,  24.52,  24.67,  24.77,  25.12,  24.44,  24.03,  23.94,  23.80,  23.82,  24.02,  23.42,  23.83,  24.17,  24.74,  24.30,  23.63,  23.59,  23.75,  23.82,  24.21,  24.29,  24.16,  24.38,  24.34,  24.82,  25.17,  24.69,  24.66,  24.35,  25.02
20080902, 0600,  , TS, 18.2N,  42.8W,  45, 1000,  145,  120,    0,  120,    0,    0,    0,    0,    0,    0,    0,    0, -999,  23.90,  23.76,  23.59,  23.59,  23.74,  23.54,  23.52,  23.34,  23.16,  23.55,  23.89,  23.81,  23.79,  23.70,  24.28,  24.61,  24.42,  24.43,  24.28,  24.12,  24.03,  23.77,  23.72,  23.94,  23.82,  23.84,  23.82,  24.28,  24.00,  24.20,  24.72
20080902, 1200,  , TS, 18.7N,  44.3W,  50,  999,  150,  120,    0,  120,   90,    0,    0,    0,    0,    0,    0,    0, -999,  25.25,  25.34,  25.14,  25.04,  25.23,  25.27,  25.15,  25.14,  24.94,  25.28,  25.29,  25.07,  24.97,  24.91,  25.02,  24.97,  24.80,  25.00,  25.07,  24.80,  24.66,  24.75,  24.14,  24.82,  24.80,  24.51,  24.89,  24.68,  24.55,  24.88,  24.99
20080902, 1800,  , TS, 19.3N,  45.8W,  55,  996,  150,  120,   45,  120,   90,    0,    0,    0,    0,    0,    0,    0, -999,  24.64,  24.45,  24.06,  23.75,  23.99,  24.09,  24.07,  24.55,  24.34,  24.12,  24.02,  24.28,  24.37,  24.11,  24.23,  24.45,  24.56,  24.42,  23.76,  23.78,  23.90,  24.32,  24.45,  24.51,  24.40,  24.40,  24.62,  24.67,  24.67,  25.09,  25.35
20080903, 0000,  , TS, 19.8N,  47.3W,  55,  994,  150,  115,   45,  120,   75,    0,    0,   30,    0,    0,    0,    0, -999,  25.52,  25.23,  25.03,  24.76,  24.79,  24.72,  24.40,  24.15,  24.27,  24.43,  24.58,  24.55,  24.70,  24.83,  25.07,  25.04,  24.80,  25.10,  24.94,  24.83,  24.91,  24.71,  24.31,  24.31,  24.32,  24.48,  24.18,  24.03,  24.43,  24.31,  24.03
20080903, 0600,  , TS, 20.2N,  48.8W,  55,  992,  145,  110,   45,  120,   75,    0,    0,   30,    0,    0,    0,    0, -999,  25.16,  24.70,  25.08,  25.05,  25.07,  25.31,  25.38,  25.14,  25.02,  24.92,  24.36,  24.60,  24.75,  24.84,  24.72,  24.67,  24.33,  24.46,  24.41,  24.45,  24.48,  24.68,  24.50,  24.37,  24.44,  24.60,  24.38,  24.09,  24.20,  24.44,  24.74
20080903, 1200,  , TS, 20.6N,  50.3W,  60,  989,  135,  105,   50,  120,   75,    0,    0,   40,    0,    0,    0,    0, -999,  24.77,  24.67,  24.45,  24.30,  24.26,  24.36,  24.65,  24.61,  24.68,  24.56,  24.49,  24.59,  24.86,  24.97,  24.86,  24.73,  24.59,  24.97,  24.75,  25.04,  25.03,  24.84,  24.84,  24.44,  24.46,  24.50,  24.76,  24.22,  24.87,  25.08,  25.23
20080903, 1800,  , HU, 21.1N,  51.9W,  75,  979,  130,  100,   60,  120,   75,   50,   30,   50,   30,    0,    0,    0, -999,  25.26,  25.41,  25.44,  25.31,  25.69,  25.54,  25.41,  25.11,  25.09,  25.14,  25.24,  24.82,  24.96,  25.01,  24.93,  24.87,  24.41,  24.54,  24.73,  24.85,  24.78,  24.57,  24.55,  24.89,  24.77,  24.34,  24.42,  24.60,  24.57,  24.55,  24.50
20080904, 0000,  , HU, 21.8N,  53.5W, 105,  956,  120,  100,   75,  120,   75,   50,   40,   50,   30,   25,   20,   25, -999,  25.38,  25.22,  24.99,  24.84,  24.88,  24.83,  24.57,  24.45,  24.50,  24.54,  24.20,  23.90,  23.69,  23.98,  23.78,  23.58,  23.56,  23.54,  23.64,  23.82,  23.96,  23.92,  23.90,  24.14,  24.15,  24.19,  24.13,  24.23,  24.11,  23.92,  23.99
20080904, 0600,  , HU, 22.4N,  55.0W, 125,  935,  115,  100,   90,  120,   75,   50,   40,   60,   30,   25,   20,   25, -999,  24.09,  24.19,  24.56,  24.13,  24.32,  24.34,  24.26,  24.16,  23.85,  24.02,  23.92,  23.94,  23.77,  23.71,  23.70,  23.81,  23.72,  23.52,  23.81,  23.96,  24.47,  24.62,  24.32,  24.41,  24.88,  24.86,  25.06,  25.28,  25.50,  25.41,  25.25
20080904, 1200,  , HU, 23.0N,  56.4W, 120,  937,  110,   95,   90,   90,   60,   55,   40,   50,   40,   30,   25,   30, -999,  23.71,  23.62,  23.65,  23.45,  23.63,  23.44,  23.48,  23.51,  23.46,  23.47,  23.43,  23.48,  23.20,  23.34,  23.35,  23.29,  23.39,  23.59,  23.57,  23.42,  23.06,  23.13,  23.00,  23.44,  23.53,  23.75,  24.43,  24.52,  24.31,  24.26,  24.51
20080904, 1800,  , HU, 23.4N,  57.7W, 115,  940,  105,   95,   90,   85,   60,   55,   40,   50,   40,   30,   25,   30, -999,  23.02,  23.22,  23.63,  23.82,  24.21,  23.87,  23.49,  23.53,  23.99,  24.48,  24.59,  24.55,  24.41,  24.75,  24.67,  24.62,  24.57,  24.38,  23.55,  23.44,  23.63,  23.57,  23.67,  24.05,  23.87,  23.67,  23.77,  24.23,  24.31,  24.45,  24.37
20080905, 0000,  , HU, 23.6N,  59.0W, 115,  944,  105,   95,   90,   80,   50,   50,   40,   50,   40,   30,   25,   30, -999,  22.72,  22.57,  22.57,  22.64,  22.78,  22.90,  23.14,  23.45,  23.46,  23.80,  24.21,  24.45,  24.45,  24.01,  23.85,  23.41,  23.17,  23.15,  23.38,  23.88,  23.75,  23.46,  23.59,  23.75,  24.00,  23.68,  23.66,  23.71,  23.80,  23.82,  23.75
20080905, 0600,  , HU, 23.6N,  60.4W, 115,  949,  105,   90,   90,   85,   50,   50,   45,   50,   40,   30,   30,   30, -999,  21.63,  21.91,  21.92,  22.01,  22.39,  22.70,  22.80,  23.19,  23.12,  23.19,  22.74,  22.57,  23.06,  23.92,  24.10,  23.63,  23.03,  23.06,  22.83,  22.85,  22.92,  22.95,  22.91,  22.86,  23.32,  23.66,  23.95,  24.16,  24.69,  24.83,  24.58
20080905, 1200,  , HU, 23.5N,  61.9W, 105,  954,  105,   90,   90,   90,   50,   50,   45,   50,   40,   30,   30,   30, -999,  25.19,  25.40,  25.38,  25.27,  25.54,  25.87,  26.01,  25.91,  25.74,  25.58,  26.00,  26.10,  25.73,  25.53,  25.63,  25.15,  24.87,  25.27,  25.52,  25.47,  24.79,  24.57,  24.28,  24.19,  24.14,  24.31,  24.46,  24.13,  23.81,  23.61,  23.97
20080905, 1800,  , HU, 23.2N,  63.4W, 100,  959,  105,   90,   90,  105,   50,   50,   45,   50,   40,   35,   30,   35, -999,  24.45,  24.04,  23.88,  23.95,  24.05,  24.34,  24.72,  24.36,  24.57,  24.52,  23.83,  24.43,  25.02,  25.45,  25.53,  25.35,  25.73,  26.08,  25.79,  25.76,  25.62,  25.33,  25.33,  25.56,  25.85,  25.97,  25.73,  25.68,  25.39,  25.71,  25.57
20080906, 0000,  , HU, 22.8N,  64.9W, 100,  962,  105,   90,   90,  110,   50,   50,   45,   50,   40,   35,   30,   35, -999,  23.17,  23.39,  23.39,  23.12,  23.60,  23.65,  23.58,  23.66,  23.57,  22.79,  23.29,  23.76,  23.69,  23.51,  23.31,  22.98,  22.85,  22.63,  22.70,  22.79,  22.90,  22.75,  22.97,  23.05,  23.38,  23.40,  23.44,  22.99,  22.99,  23.13,  23.30
20080906, 0600,  , HU, 22.4N,  66.3W, 100,  964,  105,   90,   90,  115,   60,   50,   45,   50,   40,   35,   30,   35, -999,  23.09,  22.82,  22.79,  22.64,  23.09,  23.31,  23.39,  23.45,  23.51,  23.55,  24.01,  24.11,  24.39,  24.51,  24.51,  24.54,  24.40,  24.24,  24.18,  24.16,  23.86,  23.65,  23.33,  23.44,  23.49,  23.35,  23.95,  24.10,  24.20,  23.92,  24.31
20080906, 1200,  , HU, 21.9N,  67.7W,  95,  965,  110,   90,   90,  120,   60,   60,   45,   50,   40,   35,   30,   35, -999,  27.44,  27.48,  27.29,  27.36,  27.31,  27.17,  27.03,  26.83,  27.10,  27.24,  27.04,  26.96,  27.12,  28.22,  27.42,  26.22,  26.49,  28.02,  27.91,  27.40,  27.63,  27.79,  27.96,  27.56,  27.10,  26.81,  26.73,  26.36,  26.27,  26.47,  26.59
20080906, 1800,  , HU, 21.5N,  69.0W, 115,  950,  115,   95,  100,  125,   60,   70,   45,   60,   40,   35,   30,   35, -999,  26.70,  26.46,  26.43,  26.41,  26.27,  26.31,  26.32,  26.47,  26.79,  26.73,  26.67,  26.85,  27.20,  28.15,  26.52,  26.62,  26.73,  27.91,  26.04,  26.37,  28.03,  28.06,  27.88,  27.89,  26.62,  26.48,  25.88,  26.16,  26.41,  26.80,  26.30
20080907, 0000,  , HU, 21.2N,  70.3W, 115,  947,  120,  100,  100,  125,   75,   75,   50,   60,   40,   40,   30,   35, -999,  26.61,  26.35,  26.09,  26.52,  26.69,  26.70,  26.76,  26.89,  26.78,  26.91,  27.06,  26.86,  27.06,  28.03,  27.75,  25.47,  23.95,  24.04,  24.65,  25.39,  25.42,  25.52,  25.91,  25.84,  25.91,  26.03,  25.56,  25.83,  25.71,  25.63,  25.69
20080907, 0600,  , HU, 21.1N,  71.6W, 115,  947,  130,  110,  100,  125,   75,   75,   50,   75,   40,   40,   30,   40, -999,  27.00,  26.94,  26.80,  26.84,  27.05,  27.01,  26.99,  27.04,  26.93,  27.04,  27.23,  26.79,  26.65,  27.11,  26.98,  26.46,  24.13,  25.16,  25.23,  24.96,  24.56,  25.59,  25.31,  25.28,  24.87,  25.52,  25.65,  25.64,  25.23,  25.20,  25.32
20080907, 1200,  , HU, 21.0N,  72.8W, 110,  947,  140,  120,  100,  125,   90,   75,   50,   75,   50,   40,   30,   50, -999,  27.59,  27.43,  26.73,  26.41,  26.43,  26.18,  26.69,  26.70,  26.70,  26.78,  26.43,  27.30,  24.99,  24.34,  24.48,  24.69,  25.49,  24.99,  24.28,  24.36,  24.27,  24.76,  24.88,  24.66,  24.68,  24.65,  25.12,  25.37,  25.46,  25.40,  25.46
20080907, 1300, L, HU, 21.0N,  73.2W, 110,  947,  140,  120,  100,  125,   90,   75,   50,   75,   50,   40,   30,   50, -999,    nan,    nan,    nan,    nan,    nan,    nan,    nan,    nan,    nan,    nan,    nan,    nan,    nan,    nan,    nan,    nan,    nan,    nan,    nan,    nan,    nan,    nan,    nan,    nan,    nan,    nan,    nan,    nan,    nan,    nan,    nan
20080907, 1800,  , HU, 21.0N,  74.0W, 105,  946,  145,  125,  100,  125,   90,   90,   50,   75,   50,   40,   30,   50, -999,  27.91,  27.89,  27.49,  26.87,  26.56,  26.02,  25.91,  25.87,  26.07,  25.98,  25.93,  24.52,  25.90,  25.22,  25.19,  25.11,  23.15,  25.48,  26.40,  25.88,  25.32,  25.66,  25.55,  25.25,  25.40,  25.69,  25.93,  25.50,  25.53,  25.57,  25.79
20080908, 0000,  , HU, 21.1N,  75.2W, 115,  945,  150,  140,  100,  125,   90,  105,   50,   75,   50,   40,   30,   50, -999,  27.21,  26.82,  26.76,  26.79,  26.48,  26.60,  26.42,  26.73,  26.85,  27.29,  28.31,  28.00,  27.65,  28.23,  28.05,  28.43,  26.03,  25.09,  26.16,  25.51,  25.86,  25.87,  25.53,  25.63,  25.66,  25.45,  25.19,  25.24,  25.42,  25.32,  25.18
20080908, 0200, L, HU, 21.1N,  75.7W, 115,  945,  150,  140,  100,  125,   90,  105,   50,   75,   50,   40,   30,   50, -999,    nan,    nan,    nan,    nan,    nan,    nan,    nan,    nan,    nan,    nan,    nan,    nan,    nan,    nan,    nan,    nan,    nan,    nan,    nan,    nan,    nan,    nan,    nan,    nan,    nan,    nan,    nan,    nan,    nan,    nan,    nan
20080908, 0600,  , HU, 21.1N,  76.5W, 100,  950,  155,  175,  100,  125,   90,  120,   50,   75,   50,   40,   30,   50, -999,    nan,    nan,    nan,    nan,    nan,    nan,    nan,    nan,    nan,    nan,    nan,    nan,    nan,    nan,    nan,    nan,    nan,    nan,    nan,    nan,    nan,    nan,    nan,    nan,    nan,    nan,    nan,    nan,    nan,    nan,    nan
20080908, 1200,  , HU, 21.1N,  77.8W,  85,  960,  155,  180,  100,  125,   90,  120,   50,   60,   40,   40,   30,   45, -999,    nan,    nan,    nan,    nan,    nan,    nan,    nan,    nan,    nan,    nan,    nan,    nan,    nan,    nan,    nan,    nan,    nan,    nan,    nan,    nan,    nan,    nan,    nan,    nan,    nan,    nan,    nan,    nan,    nan,    nan,    nan
20080908, 1800,  , HU, 21.2N,  79.1W,  75,  964,  155,  180,  100,  125,   90,  120,   30,   45,   30,   30,    0,   30, -999,    nan,    nan,    nan,    nan,    nan,    nan,    nan,    nan,    nan,    nan,    nan,    nan,    nan,    nan,    nan,    nan,    nan,    nan,    nan,    nan,    nan,    nan,    nan,    nan,    nan,    nan,    nan,    nan,    nan,    nan,    nan
20080909, 0000,  , HU, 21.5N,  80.3W,  70,  965,  155,  180,  100,  150,   90,   90,   30,   60,   30,   30,    0,   30, -999,  27.63,  27.54,  27.47,  27.07,  26.83,  26.91,  28.58,  28.46,  28.44,  28.46,  28.41,  28.77,  28.70,  28.59,  28.77,  27.52,  28.23,  27.78,  27.74,  27.99,  28.27,  28.45,  28.05,  28.05,  28.10,  27.96,  27.74,  27.79,  27.54,  27.46,  27.33
20080909, 0600,  , HU, 22.0N,  81.4W,  70,  965,  155,  160,  100,  170,   90,   75,   30,   75,   30,   30,    0,   30, -999,  28.81,  28.67,  28.59,  28.34,  28.20,  28.19,  29.15,  29.26,  29.26,  29.14,  29.17,  29.27,  29.24,  28.93,  28.73,  28.24,  28.71,  28.67,  28.64,  28.58,  28.73,  28.70,  28.48,  28.30,  28.23,  28.07,  27.94,  27.90,  28.01,  28.07,  28.03
20080909, 1200,  , HU, 22.4N,  82.4W,  70,  965,  155,  155,  100,  170,   90,   75,   30,   90,   30,    0,    0,   30, -999,    nan,    nan,    nan,    nan,    nan,    nan,    nan,    nan,    nan,    nan,    nan,    nan,    nan,    nan,    nan,    nan,    nan,    nan,    nan,    nan,    nan,    nan,    nan,    nan,    nan,    nan,    nan,    nan,    nan,    nan,    nan
20080909, 1400, L, HU, 22.6N,  82.9W,  70,  965,  155,  155,  100,  170,   90,   75,   30,   90,   30,    0,    0,   30, -999,    nan,    nan,    nan,    nan,    nan,    nan,    nan,    nan,    nan,    nan,    nan,    nan,    nan,    nan,    nan,    nan,    nan,    nan,    nan,    nan,    nan,    nan,    nan,    nan,    nan,    nan,    nan,    nan,    nan,    nan,    nan
20080909, 1800,  , HU, 22.7N,  83.3W,  65,  966,  155,  150,  105,  170,  100,   75,   30,   90,   20,    0,    0,   30, -999,    nan,    nan,    nan,    nan,    nan,    nan,    nan,    nan,    nan,    nan,    nan,    nan,    nan,    nan,    nan,    nan,    nan,    nan,    nan,    nan,    nan,    nan,    nan,    nan,    nan,    nan,    nan,    nan,    nan,    nan,    nan
20080910, 0000,  , HU, 23.1N,  84.0W,  65,  968,  160,  150,  110,  180,  100,   75,   30,   90,   30,    0,    0,   20, -999,  27.00,  26.70,  26.39,  26.61,  26.24,  25.85,  27.19,  26.67,  25.41,  25.68,  26.22,  27.13,  26.24,  25.78,  25.89,  25.43,  24.27,  26.70,  26.35,  26.85,  26.48,  27.21,  27.52,  26.15,  26.26,  26.22,  25.93,  25.37,  26.17,  25.98,  25.35
20080910, 0600,  , HU, 23.4N,  84.6W,  70,  964,  170,  150,  115,  180,  110,   75,   45,   90,   45,    0,    0,   20, -999,  28.00,  27.36,  27.73,  28.18,  28.19,  26.71,  27.51,  27.11,  27.10,  27.69,  27.64,  27.07,  26.91,  26.82,  27.07,  27.63,  27.20,  27.20,  27.25,  28.10,  28.10,  28.20,  28.07,  27.09,  27.08,  26.80,  25.92,  26.81,  26.68,  26.98,  26.84
20080910, 1200,  , HU, 23.8N,  85.2W,  80,  959,  180,  155,  120,  180,  120,   80,   60,  100,   75,   20,   15,   45, -999,  29.68,  29.67,  29.40,  29.42,  29.20,  29.29,  28.28,  28.14,  28.78,  28.50,  28.28,  27.81,  28.14,  28.50,  28.75,  29.09,  28.31,  28.45,  28.48,  28.84,  28.43,  28.30,  27.98,  26.69,  26.60,  26.42,  26.53,  27.27,  27.60,  27.61,  27.91
20080910, 1800,  , HU, 24.2N,  85.8W,  85,  958,  195,  160,  120,  180,  130,   90,   75,  110,   90,   40,   30,   60, -999,  29.32,  29.24,  28.99,  28.96,  28.85,  28.90,  28.73,  29.12,  28.70,  28.96,  29.12,  28.79,  28.94,  29.16,  29.05,  29.60,  28.74,  28.70,  28.79,  28.71,  28.54,  28.47,  28.33,  27.60,  27.22,  26.62,  26.41,  26.86,  27.95,  28.65,  28.56
20080911, 0000,  , HU, 24.7N,  86.4W,  85,  944,  210,  170,  120,  180,  140,  105,   90,  125,  100,   60,   30,   75, -999,  28.65,  28.96,  28.68,  28.75,  28.95,  28.63,  29.01,  29.42,  29.23,  29.00,  28.74,  28.84,  28.84,  29.12,  28.95,  29.02,  28.21,  28.42,  28.51,  28.62,  28.54,  28.52,  28.26,  27.95,  27.55,  26.95,  26.39,  27.66,  28.29,  28.56,  28.52
20080911, 0600,  , HU, 25.1N,  87.1W,  85,  945,  220,  190,  130,  180,  150,  120,   90,  140,  100,   75,   30,   75, -999,  26.12,  27.34,  27.99,  27.55,  27.22,  27.89,  28.23,  28.04,  27.58,  28.34,  28.05,  28.39,  28.61,  28.48,  28.18,  28.56,  23.98,  25.72,  28.04,  26.94,  27.15,  27.77,  27.77,  28.00,  27.95,  27.58,  27.47,  27.25,  27.27,  27.69,  27.91
20080911, 1200,  , HU, 25.5N,  88.0W,  85,  946,  230,  240,  150,  180,  150,  135,   90,  140,  100,   75,   30,   60, -999,  22.67,  22.71,  22.23,  21.48,  20.82,  20.87,  21.14,  21.39,  22.05,  22.12,  21.93,  22.71,  23.07,  23.23,  23.27,  21.44,  17.70,  19.28,  18.57,  19.06,  19.33,  20.60,  21.46,  21.84,  22.56,  22.59,  22.46,  22.67,  23.41,  24.00,  23.88
20080911, 1800,  , HU, 25.8N,  88.9W,  85,  952,  240,  240,  150,  180,  150,  150,   90,  140,  100,   75,   30,   60, -999,  22.98,  22.64,  22.68,  22.43,  22.17,  22.32,  22.54,  22.79,  21.68,  21.83,  22.58,  23.16,  22.43,  22.72,  22.38,  22.28,  20.77,  24.52,  23.59,  22.24,  22.53,  22.27,  21.83,  21.94,  22.19,  22.01,  21.70,  21.62,  21.90,  22.11,  21.78
20080912, 0000,  , HU, 26.1N,  90.0W,  85,  954,  240,  230,  150,  180,  150,  150,  100,  140,  100,   75,   60,   60, -999,  23.94,  23.64,  23.58,  23.27,  22.85,  22.45,  22.08,  21.59,  21.43,  21.40,  21.39,  21.91,  21.63,  22.39,  23.00,  22.79,  24.01,  23.69,  23.87,  22.70,  21.58,  21.74,  21.85,  22.56,  23.00,  23.23,  23.57,  23.82,  23.85,  24.05,  23.22
20080912, 0600,  , HU, 26.4N,  91.1W,  90,  954,  240,  215,  150,  180,  150,  150,  100,  140,  105,   75,   60,   60, -999,  22.83,  22.74,  22.67,  22.43,  22.22,  22.21,  21.86,  21.15,  21.91,  22.30,  22.59,  22.80,  22.78,  22.50,  22.44,  22.96,  21.29,  21.67,  21.21,  21.78,  22.41,  24.13,  23.88,  22.91,  21.14,  20.10,  20.05,  20.49,  22.24,  23.14,  22.50
20080912, 1200,  , HU, 26.9N,  92.2W,  95,  954,  240,  210,  150,  180,  150,  150,  100,  140,  105,   75,   60,   60, -999,  21.20,  21.47,  21.77,  22.06,  22.36,  22.74,  22.77,  21.56,  21.09,  20.32,  19.78,  19.84,  19.73,  19.76,  20.03,  21.34,  20.88,  20.65,  22.26,  22.91,  23.40,  23.23,  24.18,  25.35,  24.82,  24.50,  23.39,  22.89,  22.89,  23.09,  23.34
20080912, 1800,  , HU, 27.5N,  93.2W,  95,  954,  240,  205,  150,  175,  150,  150,   90,  105,  105,   90,   60,   75, -999,  21.69,  22.22,  22.57,  22.67,  23.41,  23.39,  23.70,  23.16,  22.89,  23.09,  22.76,  22.78,  22.64,  22.62,  22.89,  23.07,  21.82,  22.41,  21.32,  20.20,  21.23,  22.91,  22.47,  22.42,  21.48,  21.33,  21.22,  21.02,  20.84,  21.62,  22.06
20080913, 0000,  , HU, 28.3N,  94.0W,  95,  952,  240,  200,  150,  170,  150,  160,   80,   90,  110,   90,   60,   75, -999,    nan,    nan,    nan,    nan,    nan,    nan,    nan,    nan,    nan,    nan,    nan,    nan,    nan,    nan,    nan,    nan,    nan,    nan,    nan,    nan,    nan,    nan,    nan,    nan,    nan,    nan,    nan,    nan,    nan,    nan,    nan
20080913, 0600,  , HU, 29.1N,  94.6W,  95,  951,  225,  200,  125,  125,  150,  160,   80,   75,  110,   90,   55,   45, -999,    nan,    nan,    nan,    nan,    nan,    nan,    nan,    nan,    nan,    nan,    nan,    nan,    nan,    nan,    nan,    nan,    nan,    nan,    nan,    nan,    nan,    nan,    nan,    nan,    nan,    nan,    nan,    nan,    nan,    nan,    nan
20080913, 0700, L, HU, 29.3N,  94.7W,  95,  950,  225,  200,  125,  125,  150,  160,   80,   75,  110,   90,   55,   45,   30,    nan,    nan,    nan,    nan,    nan,    nan,    nan,    nan,    nan,    nan,    nan,    nan,    nan,    nan,    nan,    nan,    nan,    nan,    nan,    nan,    nan,    nan,    nan,    nan,    nan,    nan,    nan,    nan,    nan,    nan,    nan
20080913, 1200,  , HU, 30.3N,  95.2W,  85,  959,  125,  180,  125,   60,   75,   90,   60,   45,   50,   45,   30,   20, -999,    nan,    nan,    nan,    nan,    nan,    nan,    nan,    nan,    nan,    nan,    nan,    nan,    nan,    nan,    nan,    nan,    nan,    nan,    nan,    nan,    nan,    nan,    nan,    nan,    nan,    nan,    nan,    nan,    nan,    nan,    nan
20080913, 1800,  , TS, 31.7N,  95.3W,  50,  974,   75,  150,   60,   40,   40,   45,    0,    0,    0,    0,    0,    0, -999,    nan,    nan,    nan,    nan,    nan,    nan,    nan,    nan,    nan,    nan,    nan,    nan,    nan,    nan,    nan,    nan,    nan,    nan,    nan,    nan,    nan,    nan,    nan,    nan,    nan,    nan,    nan,    nan,    nan,    nan,    nan
20080914, 0000,  , TS, 33.5N,  94.9W,  35,  980,   60,   90,    0,    0,    0,    0,    0,    0,    0,    0,    0,    0, -999,    nan,    nan,    nan,    nan,    nan,    nan,    nan,    nan,    nan,    nan,    nan,    nan,    nan,    nan,    nan,    nan,    nan,    nan,    nan,    nan,    nan,    nan,    nan,    nan,    nan,    nan,    nan,    nan,    nan,    nan,    nan
20080914, 0600,  , TS, 35.5N,  93.7W,  35,  985,   45,   90,   20,    0,    0,    0,    0,    0,    0,    0,    0,    0, -999,    nan,    nan,    nan,    nan,    nan,    nan,    nan,    nan,    nan,    nan,    nan,    nan,    nan,    nan,    nan,    nan,    nan,    nan,    nan,    nan,    nan,    nan,    nan,    nan,    nan,    nan,    nan,    nan,    nan,    nan,    nan
20080914, 1200,  , EX, 37.6N,  91.0W,  40,  987,    0,   90,   40,    0,    0,    0,    0,    0,    0,    0,    0,    0, -999,    nan,    nan,    nan,    nan,    nan,    nan,    nan,    nan,    nan,    nan,    nan,    nan,    nan,    nan,    nan,    nan,    nan,    nan,    nan,    nan,    nan,    nan,    nan,    nan,    nan,    nan,    nan,    nan,    nan,    nan,    nan
20080914, 1800,  , EX, 40.3N,  87.2W,  50,  988,    0,  180,  150,    0,    0,  160,    0,    0,    0,    0,    0,    0, -999,    nan,    nan,    nan,    nan,    nan,    nan,    nan,    nan,    nan,    nan,    nan,    nan,    nan,    nan,    nan,    nan,    nan,    nan,    nan,    nan,    nan,    nan,    nan,    nan,    nan,    nan,    nan,    nan,    nan,    nan,    nan
20080915, 0000,  , EX, 43.3N,  81.5W,  50,  988,    0,  180,  150,    0,    0,  160,    0,    0,    0,    0,    0,    0, -999,    nan,    nan,    nan,    nan,    nan,    nan,    nan,    nan,    nan,    nan,    nan,    nan,    nan,    nan,    nan,    nan,    nan,    nan,    nan,    nan,    nan,    nan,    nan,    nan,    nan,    nan,    nan,    nan,    nan,    nan,    nan
20080915, 0600,  , EX, 45.8N,  75.3W,  40,  986,    0,  180,  150,    0,    0,    0,    0,    0,    0,    0,    0,    0, -999,    nan,    nan,    nan,    nan,    nan,    nan,    nan,    nan,    nan,    nan,    nan,    nan,    nan,    nan,    nan,    nan,    nan,    nan,    nan,    nan,    nan,    nan,    nan,    nan,    nan,    nan,    nan,    nan,    nan,    nan,    nan
20080915, 1200,  , EX, 47.2N,  71.1W,  35,  986,    0,  180,  150,    0,    0,    0,    0,    0,    0,    0,    0,    0, -999,    nan,    nan,    nan,    nan,    nan,    nan,    nan,    nan,    nan,    nan,    nan,    nan,    nan,    nan,    nan,    nan,    nan,    nan,    nan,    nan,    nan,    nan,    nan,    nan,    nan,    nan,    nan,    nan,    nan,    nan,    nan
