AL101996,          JOSEPHINE,     47,
19961004, 1800,  , TD, 22.7N,  96.2W,  25, 1003, -999, -999, -999, -999, -999, -999, -999, -999, -999, -999, -999, -999, -999,  22.22,  22.30,    nan,    nan,    nan,    nan,    nan,    nan,    nan,    nan,    nan,    nan,    nan,    nan,    nan,    nan,  21.93,    nan,    nan,    nan,    nan,    nan,    nan,    nan,    nan,  20.88,  20.73,  20.46,  20.28,  20.02,  20.02
19961005, 0000,  , TD, 23.0N,  96.1W,  30, 1003, -999, -999, -999, -999, -999, -999, -999, -999, -999, -999, -999, -999, -999,  22.26,    nan,    nan,    nan,    nan,    nan,    nan,    nan,    nan,    nan,    nan,    nan,    nan,    nan,    nan,  21.91,    nan,    nan,    nan,    nan,    nan,    nan,    nan,    nan,  21.15,  20.80,  20.34,  20.63,  20.83,  20.86,  20.77
19961005, 0600,  , TD, 23.3N,  96.0W,  30, 1003, -999, -999, -999, -999, -999, -999, -999, -999, -999, -999, -999, -999, -999,  22.41,    nan,    nan,    nan,    nan,    nan,    nan,    nan,    nan,    nan,    nan,    nan,    nan,    nan,    nan,  22.19,    nan,    nan,    nan,    nan,    nan,    nan,    nan,    nan,  22.48,  22.27,  21.89,  21.76,  21.39,  20.97,  20.87
19961005, 1200,  , TD, 23.6N,  95.8W,  30, 1003, -999, -999, -999, -999, -999, -999, -999, -999, -999, -999, -999, -999, -999,  22.92,    nan,    nan,    nan,    nan,    nan,    nan,    nan,    nan,    nan,    nan,    nan,    nan,    nan,    nan,  22.11,    nan,    nan,    nan,    nan,    nan,    nan,    nan,    nan,  22.46,  21.91,  21.77,  21.47,  20.86,  20.95,  21.09
19961005, 1800,  , TD, 24.3N,  95.5W,  30, 1003, -999, -999, -999, -999, -999, -999, -999, -999, -999, -999, -999, -999, -999,  24.60,    nan,    nan,    nan,    nan,    nan,    nan,    nan,    nan,    nan,    nan,    nan,    nan,    nan,    nan,  24.57,    nan,    nan,    nan,    nan,    nan,    nan,    nan,    nan,  24.64,  24.62,  24.58,  24.42,  23.94,  23.43,  23.04
19961006, 0000,  , TD, 24.8N,  95.0W,  30, 1002, -999, -999, -999, -999, -999, -999, -999, -999, -999, -999, -999, -999, -999,    nan,    nan,    nan,    nan,    nan,    nan,    nan,    nan,    nan,    nan,    nan,    nan,    nan,    nan,  23.56,    nan,    nan,    nan,    nan,    nan,    nan,    nan,    nan,  24.12,  24.03,  23.75,  23.46,  22.81,  22.53,  22.49,  22.55
19961006, 0600,  , TD, 25.0N,  94.5W,  30, 1002, -999, -999, -999, -999, -999, -999, -999, -999, -999, -999, -999, -999, -999,    nan,    nan,    nan,    nan,    nan,    nan,    nan,    nan,    nan,    nan,    nan,    nan,    nan,    nan,  22.69,    nan,    nan,    nan,    nan,    nan,    nan,    nan,    nan,  22.41,  22.30,  22.14,  21.83,  21.62,  21.61,  21.85,  22.05
19961006, 1200,  , TD, 25.1N,  93.5W,  30, 1003, -999, -999, -999, -999, -999, -999, -999, -999, -999, -999, -999, -999, -999,    nan,    nan,    nan,    nan,    nan,    nan,    nan,    nan,    nan,    nan,    nan,    nan,    nan,    nan,  21.81,    nan,    nan,    nan,    nan,    nan,    nan,    nan,    nan,  21.80,  21.64,  21.60,  21.29,  21.09,  21.16,  21.53,  21.83
19961006, 1800,  , TS, 25.1N,  91.8W,  35, 1001, -999, -999, -999, -999, -999, -999, -999, -999, -999, -999, -999, -999, -999,    nan,    nan,    nan,    nan,    nan,    nan,    nan,    nan,    nan,    nan,    nan,    nan,    nan,    nan,  23.43,    nan,    nan,    nan,    nan,    nan,    nan,    nan,    nan,  21.86,  21.98,  22.05,  21.62,  21.34,  21.23,  21.16,  21.36
19961007, 0000,  , TS, 25.5N,  90.4W,  40,  996, -999, -999, -999, -999, -999, -999, -999, -999, -999, -999, -999, -999, -999,    nan,    nan,    nan,    nan,    nan,    nan,    nan,    nan,    nan,    nan,    nan,    nan,    nan,  23.51,    nan,    nan,    nan,    nan,    nan,    nan,    nan,    nan,  23.28,  22.26,  21.87,  21.72,  21.70,  21.69,  21.91,  22.12,  22.10
19961007, 0600,  , TS, 25.9N,  88.9W,  50,  992, -999, -999, -999, -999, -999, -999, -999, -999, -999, -999, -999, -999, -999,    nan,    nan,    nan,    nan,    nan,    nan,    nan,    nan,    nan,    nan,    nan,    nan,    nan,  23.30,    nan,    nan,    nan,    nan,    nan,    nan,    nan,    nan,  21.55,  21.75,  22.49,  23.19,  23.71,  23.86,  21.97,  20.77,  20.22
19961007, 1200,  , TS, 26.9N,  87.3W,  60,  981, -999, -999, -999, -999, -999, -999, -999, -999, -999, -999, -999, -999, -999,    nan,    nan,    nan,    nan,    nan,    nan,    nan,    nan,    nan,    nan,    nan,    nan,    nan,  20.03,    nan,    nan,    nan,    nan,    nan,    nan,    nan,    nan,  20.44,  20.86,  20.75,  20.57,  20.32,  20.12,  20.36,  20.61,  21.03
19961007, 1800,  , TS, 28.2N,  86.0W,  60,  983, -999, -999, -999, -999, -999, -999, -999, -999, -999, -999, -999, -999, -999,    nan,    nan,    nan,    nan,    nan,    nan,    nan,    nan,    nan,    nan,    nan,    nan,    nan,  20.52,    nan,    nan,    nan,    nan,    nan,    nan,    nan,    nan,  21.07,  20.97,  20.91,  20.88,  20.81,  20.67,  20.36,  20.36,  20.25
19961008, 0000,  , TS, 29.3N,  84.5W,  60,  983, -999, -999, -999, -999, -999, -999, -999, -999, -999, -999, -999, -999, -999,    nan,    nan,    nan,    nan,    nan,    nan,    nan,    nan,    nan,    nan,    nan,    nan,    nan,    nan,    nan,    nan,    nan,    nan,    nan,    nan,    nan,    nan,    nan,    nan,    nan,    nan,    nan,    nan,    nan,    nan,    nan
19961008, 0330, L, TS, 30.0N,  83.9W,  60,  983, -999, -999, -999, -999, -999, -999, -999, -999, -999, -999, -999, -999, -999,    nan,    nan,    nan,    nan,    nan,    nan,    nan,    nan,    nan,    nan,    nan,    nan,    nan,    nan,    nan,    nan,    nan,    nan,    nan,    nan,    nan,    nan,    nan,    nan,    nan,    nan,    nan,    nan,    nan,    nan,    nan
19961008, 0600,  , EX, 30.9N,  82.3W,  45,  990, -999, -999, -999, -999, -999, -999, -999, -999, -999, -999, -999, -999, -999,    nan,    nan,    nan,    nan,    nan,    nan,    nan,    nan,    nan,    nan,    nan,    nan,    nan,    nan,    nan,    nan,    nan,    nan,    nan,    nan,    nan,    nan,    nan,    nan,    nan,    nan,    nan,    nan,    nan,    nan,    nan
19961008, 1200,  , EX, 34.0N,  79.0W,  45,  988, -999, -999, -999, -999, -999, -999, -999, -999, -999, -999, -999, -999, -999,    nan,    nan,    nan,    nan,    nan,    nan,    nan,    nan,    nan,    nan,    nan,    nan,    nan,    nan,    nan,    nan,    nan,    nan,    nan,    nan,    nan,    nan,    nan,    nan,    nan,    nan,    nan,    nan,    nan,    nan,    nan
19961008, 1800,  , EX, 36.0N,  76.0W,  45,  986, -999, -999, -999, -999, -999, -999, -999, -999, -999, -999, -999, -999, -999,    nan,    nan,    nan,    nan,    nan,    nan,    nan,    nan,    nan,    nan,    nan,    nan,    nan,    nan,    nan,    nan,    nan,    nan,    nan,    nan,    nan,    nan,    nan,    nan,    nan,    nan,    nan,    nan,    nan,    nan,    nan
19961009, 0000,  , EX, 38.0N,  73.5W,  45,  983, -999, -999, -999, -999, -999, -999, -999, -999, -999, -999, -999, -999, -999,    nan,    nan,    nan,    nan,    nan,    nan,    nan,    nan,    nan,    nan,    nan,  12.03,    nan,    nan,    nan,    nan,    nan,    nan,    nan,    nan,  11.58,  11.27,  11.28,  11.89,  11.43,  10.13,   9.95,   9.93,   9.84,  10.16,  10.74
19961009, 0600,  , EX, 41.0N,  71.0W,  45,  980, -999, -999, -999, -999, -999, -999, -999, -999, -999, -999, -999, -999, -999,    nan,    nan,    nan,    nan,    nan,    nan,    nan,    nan,    nan,    nan,    nan,    nan,    nan,    nan,    nan,    nan,    nan,    nan,    nan,    nan,    nan,    nan,    nan,    nan,    nan,    nan,    nan,    nan,    nan,    nan,    nan
19961009, 1200,  , EX, 42.5N,  68.0W,  45,  980, -999, -999, -999, -999, -999, -999, -999, -999, -999, -999, -999, -999, -999,    nan,    nan,    nan,    nan,    nan,    nan,    nan,    nan,    nan,    nan,    nan,   6.62,    nan,    nan,    nan,    nan,    nan,    nan,    nan,    nan,   7.23,   7.51,   7.57,   7.83,   8.07,   7.94,   7.69,   7.32,   7.16,   7.42,   7.46
19961009, 1800,  , EX, 44.5N,  65.5W,  45,  984, -999, -999, -999, -999, -999, -999, -999, -999, -999, -999, -999, -999, -999,    nan,    nan,    nan,    nan,    nan,    nan,    nan,    nan,    nan,    nan,    nan,    nan,    nan,    nan,    nan,    nan,    nan,    nan,    nan,    nan,    nan,    nan,    nan,    nan,    nan,    nan,    nan,    nan,    nan,    nan,    nan
19961010, 0000,  , EX, 46.5N,  62.5W,  45,  985, -999, -999, -999, -999, -999, -999, -999, -999, -999, -999, -999, -999, -999,    nan,    nan,    nan,    nan,    nan,    nan,    nan,    nan,    nan,    nan,    nan,    nan,    nan,    nan,    nan,    nan,    nan,    nan,    nan,    nan,    nan,    nan,    nan,    nan,    nan,    nan,    nan,    nan,    nan,    nan,    nan
19961010, 0600,  , EX, 48.5N,  58.0W,  45,  985, -999, -999, -999, -999, -999, -999, -999, -999, -999, -999, -999, -999, -999,    nan,    nan,    nan,    nan,    nan,    nan,    nan,    nan,    nan,    nan,    nan,    nan,    nan,    nan,    nan,    nan,    nan,    nan,    nan,    nan,    nan,    nan,    nan,    nan,    nan,    nan,    nan,    nan,    nan,    nan,    nan
19961010, 1200,  , EX, 49.5N,  55.0W,  45,  983, -999, -999, -999, -999, -999, -999, -999, -999, -999, -999, -999, -999, -999,    nan,    nan,    nan,    nan,    nan,    nan,    nan,    nan,    nan,    nan,   1.74,    nan,    nan,    nan,    nan,    nan,    nan,    nan,    nan,   2.18,   2.24,   2.68,   2.78,   2.75,   2.83,   3.65,   3.14,   3.24,   3.09,   3.27,   3.24
19961010, 1800,  , EX, 50.5N,  50.0W,  45,  984, -999, -999, -999, -999, -999, -999, -999, -999, -999, -999, -999, -999, -999,    nan,    nan,    nan,    nan,    nan,    nan,    nan,    nan,    nan,    nan,   3.33,    nan,    nan,    nan,    nan,    nan,    nan,    nan,    nan,   3.14,   3.24,   3.53,   3.51,   3.62,   3.43,   3.52,   3.60,   3.54,   3.77,   3.39,   3.65
19961011, 0000,  , EX, 51.0N,  44.0W,  45,  984, -999, -999, -999, -999, -999, -999, -999, -999, -999, -999, -999, -999, -999,    nan,    nan,    nan,    nan,    nan,    nan,    nan,    nan,    nan,  13.84,    nan,    nan,    nan,    nan,    nan,    nan,    nan,    nan,  12.42,  12.51,  12.37,  11.52,  11.59,  11.69,  11.96,  12.02,  10.97,   9.60,  10.96,  10.30,   7.88
19961011, 0600,  , EX, 51.0N,  38.0W,  45,  986, -999, -999, -999, -999, -999, -999, -999, -999, -999, -999, -999, -999, -999,    nan,    nan,    nan,    nan,    nan,    nan,    nan,    nan,    nan,   7.15,    nan,    nan,    nan,    nan,    nan,    nan,    nan,    nan,   8.30,   8.38,   7.95,   8.27,   8.46,   8.23,   7.78,   7.38,   7.29,   6.98,   7.17,   7.66,   7.88
19961011, 1200,  , EX, 51.0N,  32.0W,  45,  988, -999, -999, -999, -999, -999, -999, -999, -999, -999, -999, -999, -999, -999,    nan,    nan,    nan,    nan,    nan,    nan,    nan,    nan,    nan,   9.41,    nan,    nan,    nan,    nan,    nan,    nan,    nan,    nan,   9.61,   9.56,   9.07,   9.90,   9.02,   9.57,  10.11,   9.85,   9.39,  10.43,  10.19,   9.52,  10.07
19961011, 1800,  , EX, 51.0N,  26.0W,  45,  989, -999, -999, -999, -999, -999, -999, -999, -999, -999, -999, -999, -999, -999,    nan,    nan,    nan,    nan,    nan,    nan,    nan,    nan,    nan,  10.74,    nan,    nan,    nan,    nan,    nan,    nan,    nan,    nan,  10.15,  10.58,  10.87,  10.91,  11.04,  12.03,  11.69,  11.83,  11.25,  10.95,  11.33,  11.84,  11.82
19961012, 0000,  , EX, 51.0N,  21.0W,  45,  985, -999, -999, -999, -999, -999, -999, -999, -999, -999, -999, -999, -999, -999,    nan,    nan,    nan,    nan,    nan,    nan,    nan,    nan,  11.46,    nan,    nan,    nan,    nan,    nan,    nan,    nan,    nan,  11.74,  12.05,  11.97,  12.59,  12.72,  12.73,  12.76,  12.81,  12.80,  12.91,  13.12,  13.06,  13.06,  12.77
19961012, 0600,  , EX, 51.0N,  18.0W,  45,  980, -999, -999, -999, -999, -999, -999, -999, -999, -999, -999, -999, -999, -999,    nan,    nan,    nan,    nan,    nan,    nan,    nan,    nan,  12.36,    nan,    nan,    nan,    nan,    nan,    nan,    nan,    nan,  12.67,  12.53,  12.83,  13.16,  13.40,  13.23,  13.13,  13.04,  12.98,  13.62,  13.72,  13.80,  13.74,  13.72
19961012, 1200,  , EX, 51.5N,  16.5W,  45,  982, -999, -999, -999, -999, -999, -999, -999, -999, -999, -999, -999, -999, -999,    nan,    nan,    nan,    nan,    nan,    nan,    nan,    nan,  11.87,    nan,    nan,    nan,    nan,    nan,    nan,    nan,    nan,  12.38,  12.30,  12.83,  12.85,  12.70,  12.89,  12.97,  12.96,  12.98,  12.96,  12.88,  12.90,  12.96,  12.98
19961012, 1800,  , EX, 52.5N,  15.5W,  50,  977, -999, -999, -999, -999, -999, -999, -999, -999, -999, -999, -999, -999, -999,    nan,    nan,    nan,    nan,    nan,    nan,    nan,    nan,  12.54,    nan,    nan,    nan,    nan,    nan,    nan,    nan,    nan,  12.24,  12.17,  12.63,  12.60,  12.44,  12.79,  12.84,  12.95,  12.84,  13.01,  13.02,  13.02,  12.93,  12.87
19961013, 0000,  , EX, 53.0N,  15.5W,  55,  973, -999, -999, -999, -999, -999, -999, -999, -999, -999, -999, -999, -999, -999,    nan,    nan,    nan,    nan,    nan,    nan,    nan,  13.03,    nan,    nan,    nan,    nan,    nan,    nan,    nan,    nan,  12.32,  12.31,  12.70,  12.12,  12.58,  12.67,  12.74,  12.79,  12.60,  12.38,  12.50,  12.60,  12.54,  12.47,  12.40
19961013, 0600,  , EX, 53.5N,  15.5W,  60,  971, -999, -999, -999, -999, -999, -999, -999, -999, -999, -999, -999, -999, -999,    nan,    nan,    nan,    nan,    nan,    nan,    nan,  12.58,    nan,    nan,    nan,    nan,    nan,    nan,    nan,    nan,  11.86,  12.35,  12.46,  11.88,  12.32,  12.20,  12.38,  12.35,  12.13,  12.26,  12.24,  12.02,  11.99,  12.10,  12.23
19961013, 1200,  , EX, 54.0N,  15.5W,  55,  972, -999, -999, -999, -999, -999, -999, -999, -999, -999, -999, -999, -999, -999,    nan,    nan,    nan,    nan,    nan,    nan,    nan,  12.40,    nan,    nan,    nan,    nan,    nan,    nan,    nan,    nan,  12.26,  12.29,  12.38,  12.31,  12.26,  12.38,  12.37,  12.41,  12.30,  12.25,  12.38,  12.43,  12.48,  12.41,  12.40
19961013, 1800,  , EX, 55.5N,  15.5W,  50,  977, -999, -999, -999, -999, -999, -999, -999, -999, -999, -999, -999, -999, -999,    nan,    nan,    nan,    nan,    nan,    nan,    nan,  12.59,    nan,    nan,    nan,    nan,    nan,    nan,    nan,    nan,  12.55,  12.61,  12.48,  12.44,  12.39,  12.23,  12.09,  12.00,  11.93,  12.08,  12.10,  11.93,  11.93,  11.93,  11.98
19961014, 0000,  , EX, 57.5N,  16.0W,  45,  982, -999, -999, -999, -999, -999, -999, -999, -999, -999, -999, -999, -999, -999,    nan,    nan,    nan,    nan,    nan,    nan,  11.52,    nan,    nan,    nan,    nan,    nan,    nan,    nan,    nan,  11.21,  11.27,  11.16,  11.06,  11.06,  11.04,  11.01,  10.96,  11.03,  11.03,  11.03,  10.94,  10.85,  10.81,  10.82,  10.78
19961014, 0600,  , EX, 60.0N,  18.0W,  45,  977, -999, -999, -999, -999, -999, -999, -999, -999, -999, -999, -999, -999, -999,    nan,    nan,    nan,    nan,    nan,    nan,  10.25,    nan,    nan,    nan,    nan,    nan,    nan,    nan,    nan,  10.04,  10.29,  10.39,  10.37,  10.22,  10.08,  10.06,  10.15,  10.10,   9.96,  10.09,  10.06,  10.08,  10.24,  10.31,  10.22
19961014, 1200,  , EX, 61.0N,  20.0W,  45,  972, -999, -999, -999, -999, -999, -999, -999, -999, -999, -999, -999, -999, -999,    nan,    nan,    nan,    nan,    nan,    nan,   9.83,    nan,    nan,    nan,    nan,    nan,    nan,    nan,    nan,  10.11,  10.15,  10.12,  10.09,   9.85,   9.63,   9.38,   9.07,   9.10,   9.11,   9.06,   9.33,   9.65,   9.63,   9.59,   9.64
19961014, 1800,  , EX, 62.0N,  22.0W,  45,  970, -999, -999, -999, -999, -999, -999, -999, -999, -999, -999, -999, -999, -999,    nan,    nan,    nan,    nan,    nan,    nan,   9.28,    nan,    nan,    nan,    nan,    nan,    nan,    nan,    nan,   8.99,   8.95,   8.91,   8.92,   8.94,   8.94,   9.02,   8.98,   9.09,   9.25,   9.17,   9.03,   9.18,   9.21,   9.17,   9.12
19961015, 0000,  , EX, 62.5N,  24.0W,  45,  972, -999, -999, -999, -999, -999, -999, -999, -999, -999, -999, -999, -999, -999,    nan,    nan,    nan,    nan,    nan,   8.64,    nan,    nan,    nan,    nan,    nan,    nan,    nan,    nan,   8.48,   8.46,   8.27,   8.24,   8.41,   8.54,   8.73,   8.94,   8.89,   8.91,   8.81,   8.59,   8.37,   8.41,   8.34,   8.26,   8.20
19961015, 0600,  , EX, 63.0N,  26.0W,  45,  978, -999, -999, -999, -999, -999, -999, -999, -999, -999, -999, -999, -999, -999,    nan,    nan,    nan,    nan,    nan,   8.56,    nan,    nan,    nan,    nan,    nan,    nan,    nan,    nan,   8.15,   8.03,   8.19,   8.45,   8.58,   8.48,   8.37,   8.30,   8.23,   8.24,   8.24,   8.27,   8.23,   8.14,   7.94,   7.81,   7.74
19961015, 1200,  , EX, 63.0N,  28.0W,  40,  983, -999, -999, -999, -999, -999, -999, -999, -999, -999, -999, -999, -999, -999,    nan,    nan,    nan,    nan,    nan,   8.18,    nan,    nan,    nan,    nan,    nan,    nan,    nan,    nan,   8.42,   8.35,   8.36,   8.43,   8.55,   8.53,   8.43,   8.38,   8.27,   8.21,   8.19,   8.17,   8.11,   8.10,   8.12,   8.05,   7.95
19961015, 1800,  , EX, 63.0N,  29.5W,  35,  988, -999, -999, -999, -999, -999, -999, -999, -999, -999, -999, -999, -999, -999,    nan,    nan,    nan,    nan,    nan,   8.20,    nan,    nan,    nan,    nan,    nan,    nan,    nan,    nan,   7.88,   7.40,   7.27,   7.15,   7.14,   7.23,   7.29,   7.63,   7.85,   8.19,   8.21,   8.04,   7.86,   8.00,   8.01,   8.02,   8.04
19961016, 0000,  , EX, 63.0N,  30.5W,  30,  992, -999, -999, -999, -999, -999, -999, -999, -999, -999, -999, -999, -999, -999,    nan,    nan,    nan,    nan,   7.22,    nan,    nan,    nan,    nan,    nan,    nan,    nan,    nan,   8.17,   7.94,   7.52,   7.14,   7.25,   7.14,   7.16,   7.13,   7.32,   7.40,   7.19,   6.99,   7.05,   7.14,   7.12,   7.16,   7.20,   7.20
