AL102002,            ISIDORE,     55,
20020914, 1800,  , TD, 10.0N,  60.5W,  25, 1009, -999, -999, -999, -999, -999, -999, -999, -999, -999, -999, -999, -999, -999,    nan,    nan,    nan,    nan,    nan,    nan,    nan,    nan,    nan,    nan,    nan,    nan,    nan,    nan,    nan,    nan,    nan,    nan,    nan,    nan,    nan,    nan,    nan,    nan,    nan,    nan,    nan,    nan,    nan,    nan,    nan
20020915, 0000,  , TD, 10.2N,  62.4W,  25, 1009, -999, -999, -999, -999, -999, -999, -999, -999, -999, -999, -999, -999, -999,    nan,    nan,    nan,    nan,    nan,    nan,    nan,    nan,    nan,    nan,    nan,    nan,    nan,    nan,    nan,    nan,    nan,    nan,    nan,    nan,    nan,    nan,    nan,    nan,    nan,    nan,    nan,    nan,    nan,    nan,    nan
20020915, 0600,  , TD, 10.6N,  64.3W,  25, 1009, -999, -999, -999, -999, -999, -999, -999, -999, -999, -999, -999, -999, -999,  19.90,  19.96,  20.51,  20.87,  20.79,  21.25,  21.52,  21.62,  21.52,  21.62,  21.71,  21.89,  21.92,  21.98,  21.95,  22.14,  21.99,  22.08,  22.28,  22.50,  22.22,  22.39,  22.51,  22.11,  21.97,  22.39,  21.69,  22.03,  22.05,  22.52,  22.12
20020915, 1200,  , TD, 11.2N,  66.4W,  25, 1009, -999, -999, -999, -999, -999, -999, -999, -999, -999, -999, -999, -999, -999,  22.29,  22.65,  23.18,  23.45,  23.55,  23.26,  23.29,  22.72,  22.66,  22.58,  23.10,  23.17,  23.11,  23.35,  23.52,  23.58,  23.25,  23.42,  23.63,  23.62,  23.48,  23.73,  23.49,  23.48,  23.85,  23.87,  23.91,  23.96,  23.95,  23.91,  23.63
20020915, 1800,  , WV, 12.3N,  68.5W,  25, 1009, -999, -999, -999, -999, -999, -999, -999, -999, -999, -999, -999, -999, -999,  23.40,  23.71,  23.49,  23.54,  23.09,  22.87,  23.12,  23.52,  23.60,  23.60,  23.23,  22.71,  22.38,  22.84,  22.88,  22.90,  23.42,  22.64,  23.03,  22.97,  23.23,  23.64,  23.76,  23.97,  24.10,  24.27,  23.97,  23.48,  23.34,  23.55,  23.31
20020916, 0000,  , WV, 14.2N,  70.5W,  20, 1009, -999, -999, -999, -999, -999, -999, -999, -999, -999, -999, -999, -999, -999,  25.82,  25.84,  25.89,  25.80,  25.62,  25.48,  25.50,  25.42,  25.54,  25.51,  25.47,  25.46,  25.93,  25.11,  24.62,  24.54,  24.42,  24.43,  24.30,  23.84,  23.66,  23.53,  23.74,  23.91,  24.19,  24.51,  23.43,  24.27,  24.31,  24.24,  25.32
20020916, 0600,  , WV, 15.0N,  71.9W,  20, 1008, -999, -999, -999, -999, -999, -999, -999, -999, -999, -999, -999, -999, -999,  27.81,  27.50,  27.26,  26.47,  26.19,  25.49,  25.47,  25.18,  25.51,  25.33,  25.34,  24.93,  25.29,  25.41,  25.28,  25.24,  25.30,  25.20,  25.11,  25.10,  25.03,  25.03,  25.06,  25.16,  25.18,  25.12,  24.71,  24.74,  24.47,  23.70,  23.82
20020916, 1200,  , WV, 15.5N,  73.2W,  20, 1008, -999, -999, -999, -999, -999, -999, -999, -999, -999, -999, -999, -999, -999,  28.49,  28.61,  28.65,  28.60,  28.52,  28.50,  28.66,  28.64,  28.65,  28.62,  28.65,  28.80,  28.96,  28.99,  28.89,  28.88,  28.63,  28.54,  28.52,  28.64,  28.57,  28.60,  28.58,  28.57,  28.09,  27.70,  27.50,  26.23,  26.49,  26.00,  24.23
20020916, 1800,  , WV, 15.7N,  74.5W,  20, 1008, -999, -999, -999, -999, -999, -999, -999, -999, -999, -999, -999, -999, -999,  28.61,  28.58,  28.63,  28.54,  28.48,  28.52,  28.73,  28.75,  28.67,  28.63,  28.64,  28.69,  28.73,  28.82,  28.84,  28.83,  28.69,  28.63,  28.58,  28.66,  28.66,  28.65,  28.66,  28.66,  28.63,  28.66,  28.65,  28.27,  28.38,  28.15,  27.91
20020917, 0000,  , WV, 15.8N,  75.3W,  25, 1008, -999, -999, -999, -999, -999, -999, -999, -999, -999, -999, -999, -999, -999,  28.25,  28.63,  28.57,  28.47,  28.64,  28.62,  28.58,  28.51,  28.25,  28.23,  28.49,  28.65,  28.66,  28.87,  28.91,  28.82,  28.67,  28.56,  28.49,  28.44,  28.49,  28.51,  28.60,  28.59,  28.63,  28.51,  28.52,  28.34,  28.34,  28.28,  28.18
20020917, 0600,  , WV, 15.8N,  76.1W,  25, 1008, -999, -999, -999, -999, -999, -999, -999, -999, -999, -999, -999, -999, -999,  26.42,  26.39,  26.73,  27.79,  28.08,  28.18,  28.13,  28.28,  28.29,  28.33,  28.45,  28.61,  28.61,  28.64,  28.50,  28.59,  28.55,  28.58,  28.58,  28.61,  28.68,  28.65,  28.69,  28.58,  28.70,  28.47,  28.52,  28.40,  28.42,  28.45,  28.55
20020917, 1200,  , TD, 15.9N,  76.8W,  30, 1008, -999, -999, -999, -999, -999, -999, -999, -999, -999, -999, -999, -999, -999,  24.48,  24.82,  25.76,  26.16,  26.07,  25.64,  26.16,  26.70,  27.70,  28.51,  28.63,  28.65,  28.53,  28.63,  28.50,  28.57,  28.62,  28.71,  28.58,  28.62,  28.74,  28.67,  28.57,  28.49,  28.66,  28.45,  28.67,  28.73,  28.72,  28.76,  28.70
20020917, 1800,  , TD, 16.3N,  77.4W,  30, 1006, -999, -999, -999, -999, -999, -999, -999, -999, -999, -999, -999, -999, -999,  25.44,  25.29,  25.56,  25.68,  25.68,  25.23,  25.67,  25.42,  25.60,  26.01,  26.09,  26.48,  26.66,  26.67,  27.02,  27.85,  28.63,  28.63,  28.80,  28.80,  28.89,  29.09,  29.00,  28.70,  28.69,  28.37,  28.58,  28.65,  28.71,  28.71,  28.88
20020918, 0000,  , TD, 16.7N,  77.7W,  30, 1006, -999, -999, -999, -999, -999, -999, -999, -999, -999, -999, -999, -999, -999,  27.11,  26.92,  26.50,  26.05,  25.86,  25.84,  25.72,  25.91,  26.25,  26.14,  25.94,  26.30,  26.32,  26.34,  26.80,  27.68,  27.82,  28.75,  28.64,  28.69,  28.74,  28.75,  28.93,  28.95,  28.54,  28.60,  28.73,  28.77,  28.52,  28.56,  28.20
20020918, 0600,  , TS, 17.1N,  78.1W,  35, 1006, -999, -999, -999, -999, -999, -999, -999, -999, -999, -999, -999, -999, -999,  28.38,  28.43,  28.35,  28.25,  28.28,  28.27,  27.85,  27.60,  27.44,  27.78,  27.13,  27.73,  27.78,  27.89,  27.84,  27.86,  27.80,  27.86,  27.27,  28.04,  28.30,  28.27,  28.48,  28.84,  28.76,  28.28,  28.24,  28.45,  28.48,  28.41,  28.20
20020918, 1200,  , TS, 17.7N,  78.5W,  40, 1004, -999, -999, -999, -999, -999, -999, -999, -999, -999, -999, -999, -999, -999,  27.51,  27.45,  27.41,  27.37,  27.32,  27.51,  27.60,  27.52,  27.58,  27.77,  27.48,  27.86,  28.49,  28.71,  28.43,  28.07,  27.43,  26.73,  26.86,  26.94,  26.91,  27.14,  27.23,  27.51,  27.41,  27.46,  27.51,  27.53,  27.41,  27.39,  27.20
20020918, 1800,  , TS, 18.7N,  78.6W,  45, 1001, -999, -999, -999, -999, -999, -999, -999, -999, -999, -999, -999, -999, -999,  27.23,  27.05,  27.09,  27.21,  27.21,  27.14,  27.22,  27.22,  27.27,  27.50,  27.46,  27.74,  27.99,  27.81,  27.57,  27.61,  27.88,  28.09,  28.00,  28.70,  28.43,  28.66,  28.69,  28.36,  28.15,  28.25,  28.23,  28.26,  27.71,  27.86,  27.62
20020919, 0000,  , TS, 19.3N,  79.3W,  50,  998, -999, -999, -999, -999, -999, -999, -999, -999, -999, -999, -999, -999, -999,  27.36,  27.43,  27.48,  27.46,  27.44,  27.48,  27.28,  27.25,  27.62,  27.56,  27.50,  27.67,  27.59,  27.62,  27.66,  27.72,  27.30,  27.46,  27.87,  27.90,  28.07,  28.46,  28.22,  28.05,  28.13,  28.10,  27.93,  27.84,  28.27,  28.13,  28.11
20020919, 0600,  , TS, 19.7N,  80.4W,  50,  990, -999, -999, -999, -999, -999, -999, -999, -999, -999, -999, -999, -999, -999,  27.10,  27.26,  27.57,  28.00,  28.18,  28.05,  27.97,  27.76,  27.67,  27.78,  27.82,  27.74,  27.85,  28.07,  28.01,  27.91,  26.72,  27.86,  28.23,  28.25,  28.41,  28.43,  28.21,  28.46,  28.69,  28.67,  28.71,  28.62,  28.67,  27.86,  27.66
20020919, 1200,  , TS, 19.9N,  80.9W,  60,  990, -999, -999, -999, -999, -999, -999, -999, -999, -999, -999, -999, -999, -999,  27.88,  28.12,  28.28,  28.35,  28.25,  28.02,  27.92,  28.08,  28.15,  28.12,  28.10,  28.18,  28.19,  28.17,  28.12,  28.13,  27.16,  28.34,  28.25,  28.16,  28.44,  28.40,  28.25,  28.38,  28.54,  28.64,  28.58,  28.51,  28.27,  27.94,  27.86
20020919, 1800,  , HU, 20.4N,  81.7W,  65,  983, -999, -999, -999, -999, -999, -999, -999, -999, -999, -999, -999, -999, -999,  27.68,  27.80,  28.27,  28.37,  28.40,  28.29,  28.03,  27.83,  27.76,  27.89,  28.01,  28.12,  28.02,  27.88,  27.73,  27.94,  28.07,  28.29,  28.14,  28.12,  28.20,  28.27,  28.23,  28.30,  28.32,  28.29,  28.41,  28.33,  28.11,  28.13,  27.96
20020920, 0000,  , HU, 20.7N,  82.3W,  75,  979, -999, -999, -999, -999, -999, -999, -999, -999, -999, -999, -999, -999, -999,  27.59,  27.97,  27.85,  27.44,  27.25,  27.21,  26.89,  27.00,  26.98,  27.13,  27.31,  27.22,  27.18,  27.30,  27.32,  27.02,  27.98,  27.89,  27.55,  27.62,  27.85,  27.95,  28.06,  28.40,  28.57,  28.47,  28.40,  28.09,  28.17,  28.02,  27.98
20020920, 0600,  , HU, 21.1N,  83.0W,  90,  967, -999, -999, -999, -999, -999, -999, -999, -999, -999, -999, -999, -999, -999,  27.54,  27.73,  27.80,  27.70,  27.63,  27.62,  27.70,  27.88,  27.90,  27.92,  27.95,  27.89,  27.50,  27.37,  27.44,  27.59,  28.57,  28.53,  27.99,  27.60,  27.74,  27.71,  27.88,  28.17,  27.77,  27.87,  27.71,  27.58,  27.21,  26.74,  27.04
20020920, 1200,  , HU, 21.5N,  83.5W,  85,  966, -999, -999, -999, -999, -999, -999, -999, -999, -999, -999, -999, -999, -999,  27.71,  27.77,  27.75,  27.68,  27.53,  27.47,  27.47,  27.49,  27.39,  27.50,  27.52,  27.72,  27.70,  27.72,  27.84,  27.72,  28.39,  28.52,  28.58,  28.58,  28.53,  28.48,  28.41,  28.42,  28.03,  27.87,  27.98,  28.17,  28.24,  28.25,  28.29
20020920, 1800,  , HU, 21.8N,  84.0W,  75,  965, -999, -999, -999, -999, -999, -999, -999, -999, -999, -999, -999, -999, -999,  28.20,  28.20,  27.96,  27.72,  27.43,  27.29,  27.27,  27.41,  27.42,  27.48,  27.45,  27.82,  27.98,  27.91,  27.82,  27.85,  28.11,  28.77,  28.65,  28.60,  28.59,  28.54,  28.60,  28.65,  28.31,  28.19,  28.61,  28.95,  29.00,  28.47,  28.44
20020920, 2100, L, HU, 22.0N,  84.1W,  75,  964, -999, -999, -999, -999, -999, -999, -999, -999, -999, -999, -999, -999, -999,  28.37,  28.47,  28.36,  28.35,  28.08,  28.04,  28.05,  28.37,  28.50,  28.54,  28.61,  28.96,  29.03,  28.79,  28.47,  28.29,  29.75,  29.27,  29.04,  28.95,  28.93,  28.93,  28.92,  28.84,  28.77,  28.94,  29.31,  29.14,  29.03,  28.62,  28.67
20020921, 0000,  , HU, 22.1N,  84.3W,  75,  964, -999, -999, -999, -999, -999, -999, -999, -999, -999, -999, -999, -999, -999,    nan,    nan,    nan,    nan,    nan,    nan,    nan,    nan,    nan,    nan,    nan,    nan,    nan,    nan,    nan,    nan,    nan,    nan,    nan,    nan,    nan,    nan,    nan,    nan,    nan,    nan,    nan,    nan,    nan,    nan,    nan
20020921, 0600,  , HU, 22.3N,  85.1W,  85,  964, -999, -999, -999, -999, -999, -999, -999, -999, -999, -999, -999, -999, -999,  28.86,  29.15,  29.15,  29.03,  28.65,  28.26,  28.00,  27.68,  27.62,  27.62,  28.21,  28.42,  28.42,  28.44,  28.51,  28.56,  28.41,  28.47,  28.28,  28.30,  28.31,  28.19,  28.07,  28.23,  28.21,  28.26,  28.15,  27.96,  28.27,  28.24,  28.47
20020921, 1200,  , HU, 22.0N,  85.8W, 100,  955, -999, -999, -999, -999, -999, -999, -999, -999, -999, -999, -999, -999, -999,  27.55,  27.49,  26.80,  26.62,  26.40,  26.18,  26.14,  25.97,  26.40,  26.75,  27.09,  27.09,  26.96,  26.68,  27.04,  27.37,  26.10,  27.12,  28.04,  28.08,  27.09,  26.78,  24.18,  21.84,  26.14,  26.51,  27.07,  26.98,  27.42,  27.49,  27.27
20020921, 1800,  , HU, 21.9N,  86.1W, 110,  946, -999, -999, -999, -999, -999, -999, -999, -999, -999, -999, -999, -999, -999,  25.37,  26.14,  25.44,  25.76,  25.64,  25.03,  24.12,  23.47,  24.11,  24.57,  24.63,  25.19,  25.07,  25.13,  25.22,  25.32,  22.72,  22.40,  23.22,  21.84,  21.21,  19.98,  18.75,  21.01,  24.61,  25.07,  25.58,  25.70,  26.02,  26.75,  26.47
20020922, 0000,  , HU, 22.1N,  86.5W, 110,  947, -999, -999, -999, -999, -999, -999, -999, -999, -999, -999, -999, -999, -999,  21.62,  21.91,  21.86,  21.71,  21.09,  21.09,  21.21,  21.56,  21.93,  21.86,  21.78,  21.63,  21.31,  20.66,  20.65,  20.77,  19.05,  17.99,  16.24,  16.77,  18.31,  19.64,  20.88,  22.42,  22.46,  22.83,  24.15,  24.65,  25.17,  24.43,  24.23
20020922, 0600,  , HU, 22.0N,  87.4W, 110,  936, -999, -999, -999, -999, -999, -999, -999, -999, -999, -999, -999, -999, -999,    nan,    nan,    nan,    nan,    nan,    nan,    nan,    nan,    nan,    nan,    nan,    nan,    nan,    nan,    nan,    nan,    nan,    nan,    nan,    nan,    nan,    nan,    nan,    nan,    nan,    nan,    nan,    nan,    nan,    nan,    nan
20020922, 1200,  , HU, 21.9N,  88.2W, 110,  934, -999, -999, -999, -999, -999, -999, -999, -999, -999, -999, -999, -999, -999,    nan,    nan,    nan,    nan,    nan,    nan,    nan,    nan,    nan,    nan,    nan,    nan,    nan,    nan,    nan,    nan,    nan,    nan,    nan,    nan,    nan,    nan,    nan,    nan,    nan,    nan,    nan,    nan,    nan,    nan,    nan
20020922, 1800,  , HU, 21.6N,  88.9W, 110,  935, -999, -999, -999, -999, -999, -999, -999, -999, -999, -999, -999, -999, -999,    nan,    nan,    nan,    nan,    nan,    nan,    nan,    nan,    nan,    nan,    nan,    nan,    nan,    nan,    nan,    nan,    nan,    nan,    nan,    nan,    nan,    nan,    nan,    nan,    nan,    nan,    nan,    nan,    nan,    nan,    nan
20020922, 2100, L, HU, 21.3N,  89.3W, 110,  936, -999, -999, -999, -999, -999, -999, -999, -999, -999, -999, -999, -999, -999,    nan,    nan,    nan,    nan,    nan,    nan,    nan,    nan,    nan,    nan,    nan,    nan,    nan,    nan,    nan,    nan,    nan,    nan,    nan,    nan,    nan,    nan,    nan,    nan,    nan,    nan,    nan,    nan,    nan,    nan,    nan
20020923, 0000,  , HU, 21.0N,  89.4W, 100,  950, -999, -999, -999, -999, -999, -999, -999, -999, -999, -999, -999, -999, -999,    nan,    nan,    nan,    nan,    nan,    nan,    nan,    nan,    nan,    nan,    nan,    nan,    nan,    nan,    nan,    nan,    nan,    nan,    nan,    nan,    nan,    nan,    nan,    nan,    nan,    nan,    nan,    nan,    nan,    nan,    nan
20020923, 0600,  , HU, 20.6N,  89.6W,  70,  952, -999, -999, -999, -999, -999, -999, -999, -999, -999, -999, -999, -999, -999,    nan,    nan,    nan,    nan,    nan,    nan,    nan,    nan,    nan,    nan,    nan,    nan,    nan,    nan,    nan,    nan,    nan,    nan,    nan,    nan,    nan,    nan,    nan,    nan,    nan,    nan,    nan,    nan,    nan,    nan,    nan
20020923, 1200,  , TS, 20.1N,  89.6W,  60,  960, -999, -999, -999, -999, -999, -999, -999, -999, -999, -999, -999, -999, -999,    nan,    nan,    nan,    nan,    nan,    nan,    nan,    nan,    nan,    nan,    nan,    nan,    nan,    nan,    nan,    nan,    nan,    nan,    nan,    nan,    nan,    nan,    nan,    nan,    nan,    nan,    nan,    nan,    nan,    nan,    nan
20020923, 1800,  , TS, 20.3N,  89.4W,  50,  968, -999, -999, -999, -999, -999, -999, -999, -999, -999, -999, -999, -999, -999,    nan,    nan,    nan,    nan,    nan,    nan,    nan,    nan,    nan,    nan,    nan,    nan,    nan,    nan,    nan,    nan,    nan,    nan,    nan,    nan,    nan,    nan,    nan,    nan,    nan,    nan,    nan,    nan,    nan,    nan,    nan
20020924, 0000,  , TS, 20.5N,  89.3W,  35,  980, -999, -999, -999, -999, -999, -999, -999, -999, -999, -999, -999, -999, -999,    nan,    nan,    nan,    nan,    nan,    nan,    nan,    nan,    nan,    nan,    nan,    nan,    nan,    nan,    nan,    nan,    nan,    nan,    nan,    nan,    nan,    nan,    nan,    nan,    nan,    nan,    nan,    nan,    nan,    nan,    nan
20020924, 0600,  , TS, 21.0N,  89.5W,  45,  985, -999, -999, -999, -999, -999, -999, -999, -999, -999, -999, -999, -999, -999,    nan,    nan,    nan,    nan,    nan,    nan,    nan,    nan,    nan,    nan,    nan,    nan,    nan,    nan,    nan,    nan,    nan,    nan,    nan,    nan,    nan,    nan,    nan,    nan,    nan,    nan,    nan,    nan,    nan,    nan,    nan
20020924, 1200,  , TS, 21.7N,  89.7W,  50,  987, -999, -999, -999, -999, -999, -999, -999, -999, -999, -999, -999, -999, -999,    nan,    nan,    nan,    nan,    nan,    nan,    nan,    nan,    nan,    nan,    nan,    nan,    nan,    nan,    nan,    nan,    nan,    nan,    nan,    nan,    nan,    nan,    nan,    nan,    nan,    nan,    nan,    nan,    nan,    nan,    nan
20020924, 1800,  , TS, 22.1N,  89.8W,  50,  988, -999, -999, -999, -999, -999, -999, -999, -999, -999, -999, -999, -999, -999,    nan,    nan,    nan,    nan,    nan,    nan,    nan,    nan,    nan,    nan,    nan,    nan,    nan,    nan,    nan,    nan,    nan,    nan,    nan,    nan,    nan,    nan,    nan,    nan,    nan,    nan,    nan,    nan,    nan,    nan,    nan
20020925, 0000,  , TS, 23.0N,  89.7W,  50,  987, -999, -999, -999, -999, -999, -999, -999, -999, -999, -999, -999, -999, -999,  21.83,  21.96,  22.02,  22.03,  22.42,  22.63,  22.49,  22.34,  22.15,  22.40,  22.43,  22.39,  22.38,  22.14,  21.97,  21.60,  21.64,  21.68,  21.76,  22.31,  22.82,  22.30,  22.29,  22.56,  22.73,  22.84,  22.83,  22.91,  22.67,  22.68,  22.69
20020925, 0600,  , TS, 24.2N,  89.7W,  50,  987, -999, -999, -999, -999, -999, -999, -999, -999, -999, -999, -999, -999, -999,  19.98,  20.57,  21.05,  21.03,  21.09,  21.41,  21.51,  21.63,  21.62,  21.93,  22.16,  22.23,  22.21,  22.39,  22.70,  22.43,  22.33,  22.14,  22.06,  21.89,  22.05,  22.30,  22.58,  22.55,  22.81,  22.94,  22.64,  22.60,  22.53,  22.60,  22.47
20020925, 1200,  , TS, 25.4N,  90.2W,  50,  990, -999, -999, -999, -999, -999, -999, -999, -999, -999, -999, -999, -999, -999,  19.49,  18.91,  18.53,  18.92,  19.31,  20.02,  20.71,  20.55,  20.66,  20.24,  20.07,  20.52,  21.02,  21.42,  21.41,  21.32,  20.84,  20.75,  20.64,  20.65,  21.25,  21.53,  21.58,  21.49,  21.10,  20.76,  20.10,  20.15,  19.98,  20.46,  20.39
20020925, 1800,  , TS, 26.3N,  90.4W,  55,  988, -999, -999, -999, -999, -999, -999, -999, -999, -999, -999, -999, -999, -999,  19.25,  19.35,  19.80,  20.68,  21.02,  21.29,  21.30,  21.12,  21.28,  21.75,  21.89,  21.91,  21.78,  21.84,  21.89,  21.96,  21.29,  20.53,  20.07,  19.91,  19.99,  20.20,  20.45,  20.95,  20.56,  20.71,  21.08,  21.03,  21.11,  21.60,  21.66
20020926, 0000,  , TS, 27.5N,  90.3W,  55,  989, -999, -999, -999, -999, -999, -999, -999, -999, -999, -999, -999, -999, -999,  22.72,  23.04,  22.71,  22.34,  22.62,  22.93,  22.38,  21.89,  21.75,  22.03,  22.20,  22.40,  22.62,  22.69,  22.73,  22.22,  21.82,  21.30,  21.07,  20.64,  20.15,  19.93,  19.97,  18.96,  19.09,  19.52,  19.11,  18.86,  18.82,  19.58,  19.29
20020926, 0600, L, TS, 29.1N,  90.3W,  55,  984, -999, -999, -999, -999, -999, -999, -999, -999, -999, -999, -999, -999, -999,    nan,    nan,    nan,    nan,    nan,    nan,    nan,    nan,    nan,    nan,    nan,    nan,    nan,    nan,    nan,    nan,    nan,    nan,    nan,    nan,    nan,    nan,    nan,    nan,    nan,    nan,    nan,    nan,    nan,    nan,    nan
20020926, 1200,  , TS, 30.0N,  89.9W,  55,  985, -999, -999, -999, -999, -999, -999, -999, -999, -999, -999, -999, -999, -999,    nan,    nan,    nan,    nan,    nan,    nan,    nan,    nan,    nan,    nan,    nan,    nan,    nan,    nan,    nan,    nan,    nan,    nan,    nan,    nan,    nan,    nan,    nan,    nan,    nan,    nan,    nan,    nan,    nan,    nan,    nan
20020926, 1800,  , TS, 32.2N,  89.8W,  40,  988, -999, -999, -999, -999, -999, -999, -999, -999, -999, -999, -999, -999, -999,    nan,    nan,    nan,    nan,    nan,    nan,    nan,    nan,    nan,    nan,    nan,    nan,    nan,    nan,    nan,    nan,    nan,    nan,    nan,    nan,    nan,    nan,    nan,    nan,    nan,    nan,    nan,    nan,    nan,    nan,    nan
20020927, 0000,  , TD, 33.0N,  89.0W,  20,  992, -999, -999, -999, -999, -999, -999, -999, -999, -999, -999, -999, -999, -999,    nan,    nan,    nan,    nan,    nan,    nan,    nan,    nan,    nan,    nan,    nan,    nan,    nan,    nan,    nan,    nan,    nan,    nan,    nan,    nan,    nan,    nan,    nan,    nan,    nan,    nan,    nan,    nan,    nan,    nan,    nan
20020927, 0600,  , TD, 35.0N,  86.5W,  20,  995, -999, -999, -999, -999, -999, -999, -999, -999, -999, -999, -999, -999, -999,    nan,    nan,    nan,    nan,    nan,    nan,    nan,    nan,    nan,    nan,    nan,    nan,    nan,    nan,    nan,    nan,    nan,    nan,    nan,    nan,    nan,    nan,    nan,    nan,    nan,    nan,    nan,    nan,    nan,    nan,    nan
20020927, 1200,  , TD, 39.1N,  82.9W,  20,  998, -999, -999, -999, -999, -999, -999, -999, -999, -999, -999, -999, -999, -999,    nan,    nan,    nan,    nan,    nan,    nan,    nan,    nan,    nan,    nan,    nan,    nan,    nan,    nan,    nan,    nan,    nan,    nan,    nan,    nan,    nan,    nan,    nan,    nan,    nan,    nan,    nan,    nan,    nan,    nan,    nan
20020927, 1800,  , EX, 40.9N,  79.5W,  20,  999, -999, -999, -999, -999, -999, -999, -999, -999, -999, -999, -999, -999, -999,    nan,    nan,    nan,    nan,    nan,    nan,    nan,    nan,    nan,    nan,    nan,    nan,    nan,    nan,    nan,    nan,    nan,    nan,    nan,    nan,    nan,    nan,    nan,    nan,    nan,    nan,    nan,    nan,    nan,    nan,    nan
