AL102000,           FLORENCE,     29,
20000910, 1800,  , SD, 30.9N,  70.9W,  30, 1007, -999, -999, -999, -999, -999, -999, -999, -999, -999, -999, -999, -999, -999,  20.43,  20.36,  20.46,  20.47,  20.33,  19.91,  19.86,  19.79,  19.62,  19.68,  20.46,  20.98,  22.02,  22.03,  22.19,  21.66,  21.50,  21.18,  21.12,  20.81,  20.39,  20.34,  20.20,  20.78,  21.85,  22.35,  22.04,  21.65,  21.53,  21.30,  21.54
20000911, 0000,  , SD, 30.8N,  71.3W,  30, 1007, -999, -999, -999, -999, -999, -999, -999, -999, -999, -999, -999, -999, -999,  21.18,  21.17,  20.90,  20.87,  20.77,  20.32,  20.18,  20.12,  20.12,  20.56,  20.95,  21.22,  21.17,  21.32,  21.40,  21.83,  21.75,  21.85,  21.60,  21.05,  20.40,  19.68,  20.57,  21.29,  22.07,  22.19,  21.85,  21.57,  21.25,  21.16,  21.89
20000911, 0600,  , TD, 30.7N,  71.8W,  30, 1006, -999, -999, -999, -999, -999, -999, -999, -999, -999, -999, -999, -999, -999,  19.86,  19.82,  19.95,  20.13,  19.70,  19.74,  20.07,  20.18,  20.29,  21.17,  21.23,  20.93,  20.43,  20.98,  20.95,  21.09,  21.66,  22.21,  22.22,  21.73,  21.39,  21.32,  22.07,  22.10,  21.92,  20.82,  20.83,  21.00,  21.26,  21.41,  21.82
20000911, 1200,  , TS, 30.4N,  72.2W,  45, 1002, -999, -999, -999, -999, -999, -999, -999, -999, -999, -999, -999, -999, -999,  20.44,  19.99,  19.98,  19.51,  19.59,  20.24,  20.29,  20.37,  20.03,  20.66,  20.21,  19.80,  19.52,  20.12,  20.36,  20.23,  20.74,  21.57,  21.81,  21.91,  21.48,  21.08,  21.68,  22.32,  22.05,  20.88,  20.84,  20.75,  20.83,  20.60,  20.72
20000911, 1800,  , HU, 30.1N,  72.6W,  65,  998, -999, -999, -999, -999, -999, -999, -999, -999, -999, -999, -999, -999, -999,  21.37,  21.22,  20.73,  20.52,  20.52,  20.21,  20.52,  20.38,  20.98,  21.03,  20.89,  20.19,  19.57,  19.32,  20.22,  20.55,  20.50,  20.48,  20.67,  20.36,  20.42,  20.26,  20.52,  20.65,  20.68,  20.70,  20.48,  20.41,  20.43,  20.19,  20.28
20000912, 0000,  , HU, 30.1N,  72.7W,  65,  992, -999, -999, -999, -999, -999, -999, -999, -999, -999, -999, -999, -999, -999,  21.77,  21.40,  21.13,  20.74,  20.27,  20.21,  20.54,  21.20,  22.41,  22.22,  21.65,  21.04,  20.67,  20.00,  19.33,  19.13,  19.71,  19.91,  19.91,  19.65,  19.47,  19.41,  19.69,  20.18,  20.20,  20.76,  20.80,  20.66,  20.52,  20.76,  20.60
20000912, 0600,  , TS, 30.2N,  72.8W,  60,  993, -999, -999, -999, -999, -999, -999, -999, -999, -999, -999, -999, -999, -999,  21.66,  21.29,  21.09,  20.80,  20.27,  20.48,  20.89,  21.47,  22.07,  21.47,  20.82,  20.27,  20.34,  20.16,  19.96,  19.29,  19.39,  19.88,  19.67,  19.40,  19.12,  18.68,  18.69,  19.00,  19.27,  20.47,  20.85,  20.76,  20.71,  20.79,  21.16
20000912, 1200,  , TS, 30.3N,  73.1W,  60,  991, -999, -999, -999, -999, -999, -999, -999, -999, -999, -999, -999, -999, -999,  21.43,  21.36,  21.41,  21.11,  20.71,  20.71,  20.45,  20.93,  21.27,  21.29,  21.37,  20.93,  20.82,  20.31,  20.28,  20.11,  20.11,  20.47,  20.09,  19.93,  19.87,  19.74,  19.58,  19.29,  19.29,  19.93,  20.38,  20.94,  21.20,  21.47,  21.33
20000912, 1800,  , HU, 30.6N,  73.3W,  65,  987, -999, -999, -999, -999, -999, -999, -999, -999, -999, -999, -999, -999, -999,  21.23,  21.28,  21.56,  21.83,  21.18,  21.17,  20.96,  21.04,  21.34,  21.16,  21.69,  21.69,  21.45,  20.80,  20.48,  20.30,  20.38,  20.70,  20.39,  20.47,  20.48,  20.70,  20.33,  20.16,  20.18,  20.30,  20.28,  20.64,  21.20,  22.26,  21.75
20000913, 0000,  , HU, 30.8N,  73.7W,  65,  986, -999, -999, -999, -999, -999, -999, -999, -999, -999, -999, -999, -999, -999,  20.94,  20.72,  20.40,  19.84,  19.54,  19.42,  20.56,  21.05,  21.58,  22.41,  22.35,  21.51,  21.21,  21.03,  20.88,  20.23,  20.49,  20.59,  21.14,  21.21,  21.31,  21.31,  21.38,  21.44,  21.44,  21.17,  21.01,  20.63,  20.55,  21.10,  22.19
20000913, 0600,  , HU, 30.7N,  74.0W,  65,  986, -999, -999, -999, -999, -999, -999, -999, -999, -999, -999, -999, -999, -999,  20.71,  20.63,  20.36,  19.96,  19.95,  20.02,  21.15,  21.34,  21.41,  22.01,  22.34,  22.34,  21.81,  20.97,  20.91,  20.50,  20.54,  20.27,  20.50,  20.56,  21.31,  21.28,  21.40,  21.27,  21.45,  21.39,  21.05,  20.38,  20.49,  20.58,  22.14
20000913, 1200,  , TS, 30.7N,  73.8W,  60,  987, -999, -999, -999, -999, -999, -999, -999, -999, -999, -999, -999, -999, -999,  20.94,  20.72,  20.40,  19.84,  19.54,  19.42,  20.56,  21.05,  21.58,  22.41,  22.35,  21.51,  21.21,  21.03,  20.88,  20.23,  20.49,  20.59,  21.14,  21.21,  21.31,  21.31,  21.38,  21.44,  21.44,  21.17,  21.01,  20.63,  20.55,  21.10,  22.19
20000913, 1800,  , TS, 30.5N,  73.7W,  55,  989, -999, -999, -999, -999, -999, -999, -999, -999, -999, -999, -999, -999, -999,  20.91,  20.49,  20.36,  19.81,  19.61,  19.19,  19.81,  20.66,  21.21,  21.63,  21.92,  21.52,  21.25,  21.18,  21.30,  20.69,  20.49,  20.25,  20.72,  20.83,  20.67,  20.72,  20.67,  20.71,  20.81,  20.28,  20.06,  19.77,  20.12,  20.64,  21.79
20000914, 0000,  , TS, 30.2N,  73.6W,  50,  991, -999, -999, -999, -999, -999, -999, -999, -999, -999, -999, -999, -999, -999,  20.67,  20.84,  20.59,  20.80,  20.31,  20.48,  20.55,  20.96,  21.21,  21.39,  21.46,  21.36,  21.25,  21.02,  21.06,  21.48,  21.13,  20.71,  20.52,  20.04,  20.06,  19.62,  18.89,  18.98,  19.09,  19.45,  19.47,  20.33,  20.47,  20.41,  20.81
20000914, 0600,  , TS, 29.6N,  73.6W,  45,  993, -999, -999, -999, -999, -999, -999, -999, -999, -999, -999, -999, -999, -999,  20.30,  20.66,  20.72,  20.86,  20.65,  20.86,  21.46,  21.77,  21.23,  21.36,  21.11,  21.28,  21.33,  21.12,  21.02,  20.95,  20.70,  20.52,  20.23,  19.81,  19.59,  19.96,  19.86,  20.12,  20.06,  20.08,  20.09,  20.56,  21.10,  20.86,  20.45
20000914, 1200,  , TS, 29.5N,  73.4W,  45,  994, -999, -999, -999, -999, -999, -999, -999, -999, -999, -999, -999, -999, -999,  21.62,  21.52,  21.34,  21.18,  21.46,  21.84,  22.55,  22.70,  22.67,  22.21,  21.82,  21.14,  21.40,  21.28,  21.33,  20.91,  20.99,  21.02,  20.62,  20.36,  20.11,  20.20,  19.82,  19.92,  20.00,  20.02,  20.15,  20.77,  21.44,  21.25,  20.95
20000914, 1800,  , TS, 29.3N,  73.1W,  45,  995, -999, -999, -999, -999, -999, -999, -999, -999, -999, -999, -999, -999, -999,  22.02,  22.13,  21.85,  21.06,  21.19,  21.62,  22.66,  23.21,  22.25,  21.06,  20.64,  20.71,  20.80,  21.05,  21.19,  21.27,  21.26,  21.11,  20.66,  20.45,  20.72,  20.50,  20.51,  20.59,  20.44,  20.23,  20.08,  20.22,  20.41,  20.18,  19.56
20000915, 0000,  , TS, 29.2N,  72.8W,  45,  995, -999, -999, -999, -999, -999, -999, -999, -999, -999, -999, -999, -999, -999,  22.07,  21.64,  20.94,  21.11,  22.42,  23.22,  22.42,  21.57,  21.08,  20.63,  20.63,  21.15,  21.43,  21.31,  21.19,  21.02,  20.81,  20.43,  20.58,  20.78,  20.85,  20.43,  20.84,  20.59,  19.98,  19.92,  20.28,  20.64,  20.22,  19.27,  19.48
20000915, 0600,  , TS, 29.1N,  72.4W,  45,  996, -999, -999, -999, -999, -999, -999, -999, -999, -999, -999, -999, -999, -999,  21.22,  21.14,  20.64,  20.39,  20.04,  19.81,  20.22,  20.34,  20.24,  20.19,  19.97,  20.32,  20.69,  20.43,  20.72,  20.79,  20.75,  20.12,  20.08,  20.28,  20.43,  20.57,  20.80,  21.04,  21.37,  21.75,  22.10,  22.09,  21.60,  21.16,  20.80
20000915, 1200,  , TS, 29.8N,  71.2W,  50,  997, -999, -999, -999, -999, -999, -999, -999, -999, -999, -999, -999, -999, -999,  21.32,  21.55,  21.42,  20.69,  20.89,  21.43,  21.11,  21.33,  22.06,  22.36,  22.78,  23.21,  23.07,  22.47,  22.33,  22.47,  22.12,  21.73,  22.16,  22.18,  22.80,  22.50,  22.70,  22.40,  21.88,  21.78,  22.14,  22.07,  22.16,  22.45,  22.32
20000915, 1800,  , TS, 30.1N,  69.7W,  60,  997, -999, -999, -999, -999, -999, -999, -999, -999, -999, -999, -999, -999, -999,  21.95,  22.08,  21.58,  21.43,  21.75,  21.94,  22.32,  22.43,  22.41,  22.34,  22.34,  22.38,  22.44,  22.67,  22.54,  22.16,  22.04,  21.93,  22.11,  21.49,  21.69,  21.90,  22.03,  22.05,  21.94,  22.04,  22.50,  22.57,  22.49,  22.44,  22.10
20000916, 0000,  , HU, 30.8N,  67.5W,  65,  994, -999, -999, -999, -999, -999, -999, -999, -999, -999, -999, -999, -999, -999,  21.52,  21.64,  21.61,  21.67,  21.80,  21.65,  21.56,  21.99,  22.00,  21.96,  21.70,  21.94,  21.59,  21.45,  21.49,  21.97,  21.75,  21.51,  21.33,  21.31,  21.22,  21.12,  21.22,  21.88,  21.75,  21.95,  21.86,  22.18,  22.55,  22.22,  21.91
20000916, 0600,  , HU, 32.6N,  66.1W,  65,  988, -999, -999, -999, -999, -999, -999, -999, -999, -999, -999, -999, -999, -999,  22.36,  22.12,  22.08,  21.85,  21.91,  22.43,  22.25,  22.41,  21.78,  22.22,  21.47,  21.67,  21.22,  21.20,  21.23,  21.45,  21.72,  21.54,  21.59,  22.77,  19.93,  20.56,  20.63,  20.15,  20.85,  21.12,  21.62,  21.20,  22.02,  22.16,  22.39
20000916, 1200,  , HU, 34.3N,  64.2W,  65,  987, -999, -999, -999, -999, -999, -999, -999, -999, -999, -999, -999, -999, -999,  20.96,  20.92,  20.91,  21.75,  21.59,  20.88,  19.82,  20.30,  21.09,  20.49,  20.84,  20.76,  19.81,  20.12,  20.92,  22.20,  22.22,  21.04,  21.65,  22.18,  21.76,  21.42,  21.14,  21.77,  22.33,  21.40,  22.01,  22.44,  21.43,  21.20,  22.62
20000916, 1800,  , HU, 36.1N,  61.8W,  70,  985, -999, -999, -999, -999, -999, -999, -999, -999, -999, -999, -999, -999, -999,  22.92,  23.24,  23.31,  23.41,  24.00,  23.63,  22.13,  22.16,  22.15,  22.74,  23.22,  24.38,  24.40,  23.93,  22.42,  21.88,  20.84,  20.46,  20.35,  19.88,  19.93,  20.46,  20.82,  20.57,  20.67,  21.05,  21.14,  21.24,  21.32,  21.26,  21.62
20000917, 0000,  , TS, 37.9N,  59.5W,  60,  990, -999, -999, -999, -999, -999, -999, -999, -999, -999, -999, -999, -999, -999,  20.98,  21.12,  21.30,  21.42,  21.96,  21.80,  22.26,  23.55,  23.95,  24.37,  23.96,  24.18,  22.19,  21.43,  20.83,  20.04,  19.74,  19.55,  19.76,  20.36,  20.99,  20.85,  21.60,  21.55,  21.62,  20.86,  20.34,  20.37,  20.79,  21.21,  20.79
20000917, 0600,  , TS, 40.1N,  57.4W,  55,  995, -999, -999, -999, -999, -999, -999, -999, -999, -999, -999, -999, -999, -999,  24.20,  24.07,  23.24,  23.78,  23.58,  24.58,  24.63,  24.76,  24.78,  24.72,  24.41,  24.09,  23.97,  24.55,  24.42,  24.75,  24.63,  24.84,  25.02,  25.12,  25.02,  25.08,  24.96,  24.70,  24.92,  24.63,  24.14,  23.47,  23.66,  23.65,  23.38
20000917, 1200,  , TS, 42.5N,  55.0W,  50, 1000, -999, -999, -999, -999, -999, -999, -999, -999, -999, -999, -999, -999, -999,  17.14,  16.61,  16.52,  15.82,  16.70,  17.72,  17.57,  16.45,  16.91,  18.07,  18.32,  17.86,  17.10,  15.70,  15.43,  15.17,  13.97,  14.18,  13.88,  13.46,  14.50,  16.12,  16.72,  16.89,  16.53,  15.96,  17.32,  16.85,  15.44,  15.22,  14.77
20000917, 1800,  , TS, 45.5N,  53.0W,  50, 1002, -999, -999, -999, -999, -999, -999, -999, -999, -999, -999, -999, -999, -999,   4.89,   4.46,   4.27,   4.20,   4.17,   4.14,   4.12,   4.05,   4.00,   3.96,   4.11,   4.47,   4.63,   4.74,   4.54,   4.34,   4.33,   4.18,   4.06,   4.07,   4.11,   4.15,   4.11,   4.20,   4.33,   4.99,   5.18,   5.36,   5.45,   5.42,   5.28
