AL102021,               KATE,     21,
20210827, 1200,  , LO, 13.1N,  47.3W,  25, 1009,    0,    0,    0,    0,    0,    0,    0,    0,    0,    0,    0,    0,   70,  36.70,  36.70,  36.70,  36.72,  36.72,  36.72,  36.71,  36.70,  36.67,  36.68,  36.67,  36.67,  36.71,  36.74,  36.84,  36.92,  37.01,  37.09,  37.03,  37.06,  37.03,  37.04,  37.02,  37.00,  36.92,  36.89,  36.80,  36.79,  36.89,  36.95,  36.95
20210827, 1800,  , LO, 13.3N,  48.4W,  25, 1009,    0,    0,    0,    0,    0,    0,    0,    0,    0,    0,    0,    0,   60,  36.63,  36.63,  36.65,  36.72,  36.78,  36.80,  36.81,  36.80,  36.78,  36.79,  36.75,  36.76,  36.76,  36.76,  36.78,  36.82,  36.80,  36.90,  36.82,  36.94,  36.87,  36.87,  36.82,  36.77,  36.77,  36.78,  36.84,  36.86,  36.86,  36.90,  36.95
20210828, 0000,  , LO, 13.5N,  49.5W,  25, 1009,    0,    0,    0,    0,    0,    0,    0,    0,    0,    0,    0,    0,   50,  36.64,  36.63,  36.64,  36.63,  36.65,  36.67,  36.69,  36.65,  36.72,  36.74,  36.76,  36.78,  36.80,  36.76,  36.77,  36.76,  36.81,  36.81,  36.85,  36.86,  36.87,  36.91,  36.91,  36.89,  36.91,  36.95,  36.91,  36.74,  36.78,  36.82,  36.83
20210828, 0600,  , TD, 13.7N,  49.8W,  30, 1008,    0,    0,    0,    0,    0,    0,    0,    0,    0,    0,    0,    0,   40,  36.75,  36.70,  36.68,  36.64,  36.64,  36.64,  36.65,  36.67,  36.72,  36.71,  36.77,  36.72,  36.74,  36.75,  36.75,  36.80,  36.79,  36.75,  36.78,  36.82,  36.86,  36.91,  36.93,  36.95,  36.96,  37.00,  36.98,  36.88,  36.83,  36.87,  36.89
20210828, 1200,  , TD, 14.5N,  50.0W,  30, 1008,    0,    0,    0,    0,    0,    0,    0,    0,    0,    0,    0,    0,   40,  36.73,  36.71,  36.70,  36.69,  36.72,  36.73,  36.72,  36.73,  36.77,  36.77,  36.71,  36.75,  36.73,  36.73,  36.70,  36.70,  36.71,  36.77,  36.87,  36.89,  37.00,  37.12,  37.14,  37.10,  37.09,  37.06,  37.03,  36.98,  37.00,  37.05,  37.05
20210828, 1800,  , TD, 15.2N,  50.0W,  30, 1008,    0,    0,    0,    0,    0,    0,    0,    0,    0,    0,    0,    0,   40,  36.83,  36.82,  36.81,  36.79,  36.76,  36.78,  36.70,  36.75,  36.74,  36.74,  36.75,  36.74,  36.72,  36.73,  36.68,  36.70,  36.77,  36.82,  36.79,  36.85,  36.96,  37.01,  37.02,  37.09,  37.12,  37.12,  37.05,  37.00,  36.95,  36.99,  37.02
20210829, 0000,  , TD, 16.2N,  49.9W,  30, 1008,    0,    0,    0,    0,    0,    0,    0,    0,    0,    0,    0,    0,   40,  36.79,  36.77,  36.78,  36.75,  36.77,  36.82,  36.86,  36.84,  36.85,  36.84,  36.88,  36.87,  36.89,  36.85,  36.86,  36.88,  36.89,  36.90,  36.94,  36.91,  36.93,  36.96,  36.94,  36.97,  37.00,  37.02,  37.02,  37.06,  37.05,  37.07,  37.08
20210829, 0600,  , TD, 17.3N,  50.0W,  30, 1008,    0,    0,    0,    0,    0,    0,    0,    0,    0,    0,    0,    0,   35,  37.00,  37.01,  37.05,  37.07,  37.07,  37.08,  37.06,  37.09,  37.11,  37.11,  37.09,  37.08,  37.10,  37.08,  37.10,  37.09,  37.09,  37.05,  37.02,  37.01,  37.01,  37.00,  37.00,  36.96,  37.01,  37.02,  36.95,  36.97,  37.01,  36.97,  37.00
20210829, 1200,  , TD, 18.4N,  50.2W,  30, 1008,    0,    0,    0,    0,    0,    0,    0,    0,    0,    0,    0,    0,   35,  37.09,  37.14,  37.15,  37.20,  37.22,  37.18,  37.16,  37.16,  37.19,  37.23,  37.27,  37.28,  37.28,  37.27,  37.26,  37.23,  37.20,  37.18,  37.16,  37.17,  37.17,  37.22,  37.21,  37.19,  37.23,  37.24,  37.22,  37.27,  37.24,  37.16,  37.13
20210829, 1800,  , TD, 19.2N,  50.3W,  30, 1008,    0,    0,    0,    0,    0,    0,    0,    0,    0,    0,    0,    0,   35,  37.13,  37.25,  37.25,  37.24,  37.22,  37.22,  37.22,  37.21,  37.18,  37.14,  37.11,  37.10,  37.14,  37.16,  37.17,  37.18,  37.21,  37.23,  37.22,  37.16,  37.11,  37.16,  37.16,  37.16,  37.11,  37.10,  37.09,  37.09,  37.09,  37.11,  37.14
20210830, 0000,  , TD, 19.8N,  50.5W,  30, 1008,    0,    0,    0,    0,    0,    0,    0,    0,    0,    0,    0,    0,   30,  37.28,  37.28,  37.23,  37.20,  37.20,  37.19,  37.21,  37.24,  37.27,  37.29,  37.27,  37.25,  37.20,  37.16,  37.15,  37.14,  37.14,  37.15,  37.14,  37.12,  37.14,  37.13,  37.13,  37.13,  37.12,  37.17,  37.25,  37.26,  37.27,  37.27,  37.30
20210830, 0600,  , TS, 20.5N,  50.6W,  35, 1006,   30,   30,    0,    0,    0,    0,    0,    0,    0,    0,    0,    0,   30,  37.32,  37.28,  37.26,  37.25,  37.25,  37.25,  37.25,  37.25,  37.24,  37.21,  37.18,  37.20,  37.23,  37.24,  37.25,  37.25,  37.24,  37.24,  37.21,  37.20,  37.22,  37.23,  37.21,  37.25,  37.17,  37.17,  37.19,  37.19,  37.22,  37.23,  37.25
20210830, 1200,  , TS, 21.3N,  50.8W,  40, 1004,   40,   40,    0,    0,    0,    0,    0,    0,    0,    0,    0,    0,   25,  37.25,  37.24,  37.23,  37.23,  37.24,  37.25,  37.25,  37.26,  37.27,  37.28,  37.29,  37.30,  37.30,  37.28,  37.26,  37.26,  37.28,  37.28,  37.26,  37.26,  37.27,  37.27,  37.28,  37.19,  37.19,  37.19,  37.20,  37.23,  37.23,  37.20,  37.16
20210830, 1800,  , TS, 22.1N,  50.9W,  35, 1006,   40,   40,    0,    0,    0,    0,    0,    0,    0,    0,    0,    0,   30,  37.25,  37.27,  37.25,  37.25,  37.26,  37.27,  37.30,  37.30,  37.31,  37.32,  37.31,  37.31,  37.30,  37.29,  37.30,  37.31,  37.31,  37.30,  37.30,  37.29,  37.30,  37.31,  37.30,  37.28,  37.27,  37.31,  37.30,  37.28,  37.27,  37.30,  37.29
20210831, 0000,  , TS, 22.6N,  50.9W,  35, 1006,   40,   40,    0,    0,    0,    0,    0,    0,    0,    0,    0,    0,   35,  37.34,  37.37,  37.38,  37.30,  37.22,  37.23,  37.24,  37.27,  37.28,  37.28,  37.28,  37.29,  37.29,  37.30,  37.31,  37.31,  37.30,  37.30,  37.28,  37.28,  37.30,  37.29,  37.31,  37.30,  37.28,  37.19,  37.22,  37.21,  37.20,  37.21,  37.22
20210831, 0600,  , TS, 22.8N,  50.9W,  35, 1006,   40,   40,    0,    0,    0,    0,    0,    0,    0,    0,    0,    0,   40,  37.32,  37.35,  37.39,  37.39,  37.32,  37.21,  37.22,  37.25,  37.25,  37.27,  37.28,  37.28,  37.29,  37.28,  37.31,  37.32,  37.30,  37.30,  37.28,  37.27,  37.28,  37.26,  37.31,  37.30,  37.23,  37.17,  37.21,  37.21,  37.21,  37.23,  37.24
20210831, 1200,  , TD, 23.2N,  50.9W,  30, 1007,    0,    0,    0,    0,    0,    0,    0,    0,    0,    0,    0,    0,   40,  37.35,  37.33,  37.33,  37.30,  37.28,  37.27,  37.28,  37.32,  37.31,  37.27,  37.23,  37.25,  37.27,  37.26,  37.27,  37.28,  37.28,  37.29,  37.29,  37.30,  37.31,  37.30,  37.28,  37.30,  37.33,  37.33,  37.33,  37.37,  37.37,  37.35,  37.31
20210831, 1800,  , TD, 23.9N,  50.9W,  30, 1007,    0,    0,    0,    0,    0,    0,    0,    0,    0,    0,    0,    0,   40,  37.31,  37.32,  37.31,  37.30,  37.30,  37.31,  37.32,  37.32,  37.32,  37.31,  37.30,  37.31,  37.31,  37.29,  37.27,  37.28,  37.29,  37.29,  37.28,  37.30,  37.30,  37.31,  37.36,  37.35,  37.34,  37.34,  37.38,  37.38,  37.30,  37.28,  37.25
20210901, 0000,  , TD, 24.6N,  51.2W,  30, 1007,    0,    0,    0,    0,    0,    0,    0,    0,    0,    0,    0,    0,   40,  37.32,  37.33,  37.31,  37.30,  37.28,  37.27,  37.28,  37.27,  37.26,  37.22,  37.21,  37.19,  37.19,  37.17,  37.18,  37.18,  37.19,  37.18,  37.20,  37.20,  37.20,  37.23,  37.23,  37.23,  37.24,  37.23,  37.24,  37.22,  37.23,  37.24,  37.24
20210901, 0600,  , TD, 25.3N,  51.5W,  30, 1008,    0,    0,    0,    0,    0,    0,    0,    0,    0,    0,    0,    0,   45,  37.02,  37.03,  36.99,  36.97,  36.99,  37.00,  37.06,  37.06,  37.05,  37.04,  37.03,  37.00,  37.02,  37.00,  36.99,  37.02,  37.05,  37.01,  37.04,  37.08,  37.09,  37.17,  37.21,  37.25,  37.24,  37.22,  37.20,  37.15,  37.14,  37.13,  37.14
20210901, 1200,  , TD, 26.6N,  52.3W,  30, 1009,    0,    0,    0,    0,    0,    0,    0,    0,    0,    0,    0,    0,   45,  36.99,  36.97,  36.97,  36.98,  36.99,  37.01,  37.03,  37.01,  37.01,  36.97,  36.94,  36.93,  36.93,  36.92,  36.98,  37.02,  37.02,  37.03,  37.02,  36.99,  37.00,  37.04,  37.06,  37.03,  37.00,  36.99,  36.97,  36.96,  36.96,  36.96,  36.97
