AL102003,             FABIAN,     53,
20030827, 1800,  , TD, 14.6N,  30.7W,  25, 1009, -999, -999, -999, -999, -999, -999, -999, -999, -999, -999, -999, -999, -999,  19.85,  21.47,  19.63,  19.74,  22.02,  21.39,  21.47,  20.98,  19.35,  17.55,  20.77,  19.48,  22.15,  17.69,  23.23,  23.15,  22.56,  21.57,  21.05,  21.10,  23.90,  24.81,  23.29,  22.46,  23.12,  23.49,  21.67,  25.20,  21.59,  24.10,  23.23
20030828, 0000,  , TD, 14.7N,  32.3W,  30, 1008, -999, -999, -999, -999, -999, -999, -999, -999, -999, -999, -999, -999, -999,  22.92,  21.78,  22.28,  22.57,  23.12,  23.91,  23.25,  23.12,  24.32,  24.08,  23.28,  24.18,  24.91,  23.43,  23.52,  24.21,  23.27,  22.99,  23.23,  20.98,  23.26,  23.13,  21.57,  21.76,  23.58,  22.37,  22.83,  22.10,  22.67,  23.02,  24.47
20030828, 0600,  , TD, 14.9N,  34.2W,  30, 1008, -999, -999, -999, -999, -999, -999, -999, -999, -999, -999, -999, -999, -999,  23.25,  23.68,  23.29,  23.90,  23.64,  22.20,  22.91,  23.03,  23.18,  23.58,  23.93,  23.54,  23.62,  23.52,  23.50,  22.50,  21.95,  22.56,  21.96,  21.59,  24.38,  22.75,  21.99,  22.32,  22.98,  21.88,  21.31,  21.97,  22.01,  22.28,  22.95
20030828, 1200,  , TS, 15.0N,  36.2W,  35, 1006, -999, -999, -999, -999, -999, -999, -999, -999, -999, -999, -999, -999, -999,  24.59,  25.45,  24.92,  24.98,  24.59,  23.32,  24.56,  24.21,  24.26,  24.36,  24.13,  24.54,  25.07,  24.25,  24.47,  24.95,  24.26,  24.57,  23.12,  24.38,  23.73,  23.22,  23.46,  23.69,  23.20,  22.18,  20.73,  24.89,  23.44,  24.08,  23.78
20030828, 1800,  , TS, 15.1N,  38.2W,  40, 1004, -999, -999, -999, -999, -999, -999, -999, -999, -999, -999, -999, -999, -999,  26.41,  26.30,  26.51,  26.67,  26.65,  26.67,  26.63,  26.55,  27.16,  27.19,  26.92,  26.76,  26.75,  26.57,  26.47,  26.57,  26.19,  25.98,  26.57,  26.47,  25.88,  25.99,  26.68,  26.11,  26.69,  25.38,  24.68,  24.17,  25.05,  26.05,  26.54
20030829, 0000,  , TS, 15.2N,  40.1W,  45, 1000, -999, -999, -999, -999, -999, -999, -999, -999, -999, -999, -999, -999, -999,  26.23,  26.31,  26.38,  26.29,  26.38,  26.16,  26.44,  26.07,  26.32,  25.63,  26.27,  26.18,  26.93,  26.73,  26.22,  26.20,  26.65,  26.97,  27.15,  27.14,  27.43,  27.45,  26.76,  27.29,  26.41,  25.13,  25.53,  25.54,  25.08,  25.31,  25.49
20030829, 0600,  , TS, 15.4N,  41.8W,  50,  997, -999, -999, -999, -999, -999, -999, -999, -999, -999, -999, -999, -999, -999,  26.31,  26.39,  26.57,  26.63,  26.67,  26.91,  26.94,  26.85,  27.09,  26.73,  26.67,  26.46,  26.65,  27.21,  27.01,  26.94,  26.85,  27.06,  27.19,  27.17,  27.06,  27.02,  26.91,  27.24,  27.39,  27.19,  27.32,  27.59,  27.52,  27.12,  27.20
20030829, 1200,  , TS, 15.5N,  43.1W,  50,  997, -999, -999, -999, -999, -999, -999, -999, -999, -999, -999, -999, -999, -999,  26.29,  26.42,  26.66,  26.75,  26.42,  26.31,  26.61,  26.79,  26.88,  27.01,  26.75,  26.43,  26.05,  26.27,  26.70,  26.57,  26.22,  26.56,  26.52,  27.19,  27.12,  27.23,  27.37,  26.88,  26.78,  26.88,  26.93,  27.08,  26.99,  27.15,  27.24
20030829, 1800,  , TS, 15.8N,  44.3W,  60,  990, -999, -999, -999, -999, -999, -999, -999, -999, -999, -999, -999, -999, -999,  26.44,  26.53,  26.62,  26.58,  26.22,  26.68,  26.88,  26.90,  27.04,  27.38,  27.53,  27.54,  27.29,  27.17,  27.35,  27.12,  27.07,  26.92,  26.93,  26.86,  26.81,  26.79,  26.94,  26.96,  26.66,  27.00,  27.00,  26.83,  27.27,  27.60,  27.62
20030830, 0000,  , HU, 16.3N,  45.6W,  65,  987, -999, -999, -999, -999, -999, -999, -999, -999, -999, -999, -999, -999, -999,  26.70,  26.59,  26.72,  26.36,  26.45,  26.52,  26.87,  26.94,  27.15,  27.31,  27.20,  27.23,  27.27,  27.02,  26.95,  27.01,  26.57,  26.98,  27.08,  27.24,  27.25,  27.11,  26.82,  26.17,  26.60,  26.84,  26.72,  26.95,  27.17,  27.36,  27.71
20030830, 0600,  , HU, 16.7N,  46.9W,  70,  984, -999, -999, -999, -999, -999, -999, -999, -999, -999, -999, -999, -999, -999,  26.89,  26.87,  27.04,  26.80,  26.98,  27.07,  26.96,  27.00,  27.14,  27.20,  26.95,  26.52,  26.92,  26.75,  27.01,  27.31,  27.43,  27.54,  27.37,  26.96,  27.05,  27.21,  26.49,  25.87,  26.05,  26.53,  26.64,  26.71,  26.68,  26.52,  26.80
20030830, 1200,  , HU, 17.0N,  48.0W,  85,  973, -999, -999, -999, -999, -999, -999, -999, -999, -999, -999, -999, -999, -999,  26.79,  26.79,  26.95,  26.97,  27.16,  27.41,  27.40,  27.33,  27.35,  27.33,  27.50,  26.98,  27.23,  27.36,  27.37,  27.39,  27.36,  27.24,  26.75,  27.04,  26.98,  27.34,  27.29,  26.68,  26.70,  26.63,  26.78,  27.02,  27.01,  27.64,  27.33
20030830, 1800,  , HU, 17.3N,  49.2W, 100,  960, -999, -999, -999, -999, -999, -999, -999, -999, -999, -999, -999, -999, -999,  26.98,  26.84,  27.00,  26.91,  27.19,  27.31,  27.35,  27.54,  27.50,  27.56,  27.59,  27.29,  27.41,  27.33,  27.32,  27.37,  27.52,  27.56,  27.63,  27.47,  27.51,  27.57,  27.60,  27.43,  27.20,  27.36,  27.28,  27.18,  27.34,  27.27,  27.56
20030831, 0000,  , HU, 17.6N,  50.3W, 110,  952, -999, -999, -999, -999, -999, -999, -999, -999, -999, -999, -999, -999, -999,  26.91,  27.04,  26.97,  27.00,  27.35,  27.27,  27.33,  27.41,  27.44,  27.48,  27.41,  27.40,  27.48,  27.53,  27.61,  27.55,  27.65,  27.36,  27.02,  27.05,  27.21,  27.20,  27.17,  27.17,  26.98,  26.97,  27.05,  27.13,  27.37,  27.73,  27.62
20030831, 0600,  , HU, 17.8N,  51.4W, 110,  952, -999, -999, -999, -999, -999, -999, -999, -999, -999, -999, -999, -999, -999,  26.87,  27.10,  27.10,  27.23,  27.49,  27.35,  27.26,  27.13,  27.17,  27.20,  27.28,  27.14,  27.06,  27.20,  26.91,  26.63,  26.74,  26.95,  26.60,  26.24,  26.97,  26.94,  27.07,  27.11,  26.70,  26.61,  26.72,  26.79,  26.89,  27.08,  27.46
20030831, 1200,  , HU, 18.0N,  52.5W, 110,  952, -999, -999, -999, -999, -999, -999, -999, -999, -999, -999, -999, -999, -999,  27.75,  27.80,  27.85,  27.68,  27.71,  27.65,  27.75,  27.55,  27.55,  27.68,  27.35,  27.65,  27.78,  27.79,  28.06,  27.37,  27.53,  27.28,  27.00,  27.21,  27.49,  27.68,  27.67,  27.28,  26.97,  26.88,  26.89,  26.77,  26.97,  27.19,  27.34
20030831, 1800,  , HU, 18.2N,  53.5W, 115,  948, -999, -999, -999, -999, -999, -999, -999, -999, -999, -999, -999, -999, -999,  27.54,  27.66,  27.74,  27.66,  27.68,  27.54,  27.50,  27.27,  27.48,  27.55,  27.65,  27.50,  27.66,  27.76,  27.68,  27.41,  27.36,  27.50,  27.26,  27.25,  27.18,  27.27,  27.21,  27.27,  27.02,  27.30,  27.66,  27.44,  27.66,  27.40,  27.39
20030901, 0000,  , HU, 18.3N,  54.3W, 120,  945, -999, -999, -999, -999, -999, -999, -999, -999, -999, -999, -999, -999, -999,  27.59,  27.66,  27.74,  27.62,  27.52,  27.55,  27.52,  27.67,  27.51,  27.43,  27.34,  27.35,  27.83,  27.73,  27.79,  27.80,  27.23,  27.71,  27.61,  27.30,  27.14,  26.86,  26.88,  26.86,  26.92,  27.02,  27.16,  27.34,  27.52,  27.62,  27.94
20030901, 0600,  , HU, 18.5N,  55.3W, 120,  949, -999, -999, -999, -999, -999, -999, -999, -999, -999, -999, -999, -999, -999,  27.85,  27.84,  27.84,  27.87,  27.80,  27.81,  27.88,  27.97,  27.80,  27.54,  27.36,  27.42,  27.36,  27.67,  28.13,  27.86,  27.65,  27.57,  27.43,  27.36,  27.38,  27.34,  27.02,  26.83,  26.87,  26.83,  27.28,  27.33,  27.48,  28.13,  27.96
20030901, 1200,  , HU, 18.7N,  56.3W, 120,  949, -999, -999, -999, -999, -999, -999, -999, -999, -999, -999, -999, -999, -999,  27.84,  27.84,  27.68,  27.58,  27.63,  27.65,  27.77,  27.97,  28.09,  28.09,  27.75,  27.68,  27.61,  27.47,  27.64,  27.83,  27.78,  27.87,  27.57,  27.50,  27.57,  27.44,  27.34,  26.93,  27.16,  27.41,  27.49,  27.47,  27.21,  27.96,  27.75
20030901, 1800,  , HU, 19.0N,  57.3W, 125,  944, -999, -999, -999, -999, -999, -999, -999, -999, -999, -999, -999, -999, -999,  27.85,  27.93,  27.88,  27.80,  27.83,  27.85,  27.78,  27.97,  27.82,  28.05,  27.77,  27.82,  28.06,  27.97,  28.00,  28.13,  27.97,  27.80,  27.40,  27.24,  27.27,  27.29,  27.49,  26.93,  27.19,  27.25,  27.47,  27.68,  27.76,  28.00,  27.73
20030902, 0000,  , HU, 19.3N,  58.3W, 125,  943, -999, -999, -999, -999, -999, -999, -999, -999, -999, -999, -999, -999, -999,  27.74,  27.88,  28.02,  28.07,  28.04,  28.14,  28.18,  28.27,  28.31,  28.19,  28.19,  28.25,  28.20,  28.31,  28.14,  27.99,  27.38,  27.30,  27.32,  27.41,  27.34,  27.66,  27.81,  27.49,  28.05,  28.18,  28.11,  28.25,  28.41,  28.30,  28.37
20030902, 0600,  , HU, 19.6N,  59.2W, 120,  945, -999, -999, -999, -999, -999, -999, -999, -999, -999, -999, -999, -999, -999,  27.75,  27.89,  27.90,  28.03,  27.89,  27.63,  27.86,  27.87,  28.07,  28.48,  28.73,  28.69,  28.64,  28.40,  28.05,  28.12,  27.57,  27.34,  27.11,  27.13,  27.07,  27.25,  27.46,  27.55,  27.67,  27.59,  27.51,  27.71,  27.75,  27.83,  27.86
20030902, 1200,  , HU, 20.1N,  59.9W, 120,  945, -999, -999, -999, -999, -999, -999, -999, -999, -999, -999, -999, -999, -999,  28.25,  28.33,  28.23,  28.02,  28.06,  27.97,  28.12,  28.29,  28.34,  28.56,  28.62,  28.35,  28.11,  28.09,  27.89,  27.78,  27.10,  26.55,  26.73,  26.56,  26.23,  26.86,  26.90,  26.74,  27.10,  27.09,  27.28,  27.29,  27.43,  27.60,  27.78
20030902, 1800,  , HU, 20.5N,  60.7W, 120,  946, -999, -999, -999, -999, -999, -999, -999, -999, -999, -999, -999, -999, -999,  28.47,  28.48,  28.34,  28.23,  28.37,  28.33,  28.45,  28.64,  28.75,  28.88,  28.87,  28.72,  28.72,  28.59,  28.34,  28.41,  28.27,  27.30,  26.98,  26.72,  27.38,  27.66,  27.69,  27.70,  28.12,  28.03,  27.94,  27.78,  27.96,  28.13,  28.31
20030903, 0000,  , HU, 20.9N,  61.3W, 115,  945, -999, -999, -999, -999, -999, -999, -999, -999, -999, -999, -999, -999, -999,  28.02,  28.13,  27.88,  27.85,  28.04,  28.25,  28.38,  28.58,  28.76,  28.88,  28.82,  28.75,  28.82,  28.75,  28.69,  28.39,  27.69,  27.39,  27.21,  27.23,  27.32,  27.02,  27.07,  27.41,  27.50,  27.30,  27.40,  27.23,  27.34,  27.39,  27.18
20030903, 0600,  , HU, 21.3N,  61.8W, 110,  945, -999, -999, -999, -999, -999, -999, -999, -999, -999, -999, -999, -999, -999,  27.91,  28.15,  27.84,  27.61,  27.79,  27.97,  27.96,  28.03,  28.12,  28.15,  28.08,  28.03,  27.94,  28.01,  28.07,  28.07,  27.41,  27.42,  27.28,  26.86,  26.91,  27.02,  26.83,  26.98,  27.06,  27.30,  27.33,  27.29,  27.41,  27.50,  27.52
20030903, 1200,  , HU, 21.9N,  62.3W, 110,  945, -999, -999, -999, -999, -999, -999, -999, -999, -999, -999, -999, -999, -999,  28.00,  27.99,  28.19,  28.30,  28.13,  28.22,  28.37,  28.39,  28.13,  27.96,  27.93,  27.79,  28.00,  28.10,  28.07,  28.23,  26.35,  26.29,  26.39,  26.24,  26.80,  26.85,  26.47,  26.11,  27.04,  27.82,  27.33,  27.20,  27.06,  26.85,  27.17
20030903, 1800,  , HU, 22.5N,  62.8W, 110,  944, -999, -999, -999, -999, -999, -999, -999, -999, -999, -999, -999, -999, -999,  28.44,  28.30,  28.34,  28.43,  28.59,  28.50,  28.40,  28.08,  28.27,  28.58,  28.41,  28.70,  28.58,  28.38,  28.18,  28.26,  27.38,  26.58,  27.01,  26.71,  25.97,  26.13,  26.26,  26.43,  26.79,  27.41,  27.47,  26.85,  26.11,  26.79,  26.64
20030904, 0000,  , HU, 23.2N,  63.0W, 115,  939, -999, -999, -999, -999, -999, -999, -999, -999, -999, -999, -999, -999, -999,  28.61,  28.57,  28.47,  28.58,  28.48,  28.44,  28.37,  28.54,  28.50,  28.61,  28.52,  28.59,  28.80,  28.63,  28.82,  27.48,  27.21,  27.18,  26.51,  26.87,  27.16,  27.11,  27.09,  27.31,  27.50,  27.49,  26.82,  26.94,  26.48,  26.42,  26.61
20030904, 0600,  , HU, 23.8N,  63.3W, 105,  944, -999, -999, -999, -999, -999, -999, -999, -999, -999, -999, -999, -999, -999,  28.51,  28.46,  28.33,  28.41,  28.44,  28.23,  28.13,  28.45,  28.70,  28.84,  28.79,  28.76,  28.78,  28.74,  28.80,  28.07,  27.61,  27.71,  27.55,  27.32,  27.16,  27.19,  27.66,  28.00,  28.19,  27.61,  27.07,  26.33,  26.99,  27.07,  27.43
20030904, 1200,  , HU, 24.8N,  63.8W, 105,  944, -999, -999, -999, -999, -999, -999, -999, -999, -999, -999, -999, -999, -999,  27.70,  27.65,  27.93,  28.11,  28.09,  27.94,  27.76,  27.80,  27.94,  27.91,  28.07,  28.27,  28.47,  28.58,  28.62,  28.69,  27.84,  27.99,  27.98,  28.04,  27.96,  27.81,  27.90,  28.32,  28.37,  28.47,  27.45,  27.15,  27.43,  27.62,  27.88
20030904, 1800,  , HU, 25.8N,  64.3W, 110,  941, -999, -999, -999, -999, -999, -999, -999, -999, -999, -999, -999, -999, -999,  27.57,  27.63,  27.75,  27.94,  27.88,  27.88,  27.98,  27.73,  28.02,  28.16,  28.11,  28.19,  28.44,  28.71,  28.86,  29.18,  27.84,  27.66,  27.49,  27.69,  27.62,  27.25,  26.81,  27.08,  27.22,  27.57,  27.54,  27.38,  27.25,  27.42,  27.76
20030905, 0000,  , HU, 27.1N,  64.6W, 115,  940, -999, -999, -999, -999, -999, -999, -999, -999, -999, -999, -999, -999, -999,  27.46,  27.66,  27.67,  27.86,  27.63,  27.61,  27.83,  27.81,  27.82,  28.12,  28.29,  28.62,  28.52,  28.44,  28.50,  28.20,  27.32,  27.47,  27.43,  27.24,  27.31,  27.45,  27.55,  27.55,  27.22,  27.56,  27.47,  27.59,  27.70,  28.03,  27.95
20030905, 0600,  , HU, 28.6N,  65.1W, 105,  946, -999, -999, -999, -999, -999, -999, -999, -999, -999, -999, -999, -999, -999,  26.53,  26.36,  26.42,  26.07,  25.98,  26.14,  26.15,  26.18,  26.50,  26.64,  26.23,  26.31,  26.49,  26.71,  26.66,  27.64,  24.95,  24.87,  24.77,  25.49,  25.64,  25.60,  26.57,  27.36,  27.31,  27.16,  26.99,  26.33,  26.49,  26.77,  27.10
20030905, 1200,  , HU, 30.1N,  65.3W, 105,  951, -999, -999, -999, -999, -999, -999, -999, -999, -999, -999, -999, -999, -999,  24.43,  23.96,  23.42,  23.97,  24.06,  24.09,  24.56,  24.30,  24.14,  24.28,  24.25,  24.12,  24.46,  25.11,  25.24,  25.22,  24.39,  24.06,  24.19,  22.87,  24.22,  24.87,  25.57,  25.92,  25.85,  25.41,  25.27,  25.57,  26.34,  26.31,  26.22
20030905, 1800,  , HU, 31.8N,  65.3W, 105,  950, -999, -999, -999, -999, -999, -999, -999, -999, -999, -999, -999, -999, -999,  23.91,  24.30,  24.36,  24.30,  24.17,  24.45,  24.82,  24.79,  24.77,  24.37,  24.18,  24.13,  24.66,  25.20,  26.17,  25.57,  25.44,  24.66,  23.70,  23.42,  23.93,  23.82,  23.62,  24.11,  24.22,  24.57,  25.07,  25.07,  24.52,  24.60,  24.95
20030906, 0000,  , HU, 33.4N,  64.7W, 100,  953, -999, -999, -999, -999, -999, -999, -999, -999, -999, -999, -999, -999, -999,  26.79,  27.11,  27.33,  27.20,  27.00,  27.00,  26.53,  25.37,  25.39,  25.44,  24.88,  24.11,  24.14,  24.68,  25.13,  26.85,  25.20,  25.26,  25.35,  25.46,  24.47,  23.21,  22.77,  25.12,  25.08,  24.84,  25.52,  26.63,  26.69,  26.07,  26.27
20030906, 0600,  , HU, 34.9N,  64.0W, 100,  956, -999, -999, -999, -999, -999, -999, -999, -999, -999, -999, -999, -999, -999,  26.06,  26.23,  25.84,  26.12,  25.71,  25.86,  25.40,  25.21,  25.21,  24.83,  24.68,  25.48,  25.17,  24.25,  24.52,  24.50,  24.49,  25.60,  24.98,  24.85,  24.47,  24.88,  25.17,  25.35,  24.93,  24.67,  23.83,  24.91,  24.56,  25.52,  26.46
20030906, 1200,  , HU, 36.0N,  62.4W, 100,  957, -999, -999, -999, -999, -999, -999, -999, -999, -999, -999, -999, -999, -999,  27.53,  27.28,  27.11,  27.12,  26.98,  26.87,  27.37,  27.48,  27.50,  27.68,  28.07,  27.73,  27.93,  27.80,  27.93,  27.94,  27.38,  27.27,  28.02,  27.94,  27.54,  27.42,  27.46,  27.29,  27.12,  27.12,  27.30,  27.15,  26.82,  26.69,  26.62
20030906, 1800,  , HU, 36.9N,  60.4W, 100,  958, -999, -999, -999, -999, -999, -999, -999, -999, -999, -999, -999, -999, -999,  26.86,  26.65,  26.61,  24.89,  24.40,  24.40,  25.23,  23.47,  24.35,  26.22,  26.43,  26.32,  26.57,  25.55,  25.45,  25.44,  25.23,  24.75,  25.41,  25.47,  25.03,  25.31,  25.53,  25.93,  25.70,  25.29,  26.39,  25.83,  25.73,  26.30,  26.59
20030907, 0000,  , HU, 37.9N,  58.2W,  90,  962, -999, -999, -999, -999, -999, -999, -999, -999, -999, -999, -999, -999, -999,  27.13,  27.14,  26.95,  27.02,  26.62,  26.73,  26.21,  25.59,  24.36,  24.91,  24.06,  24.41,  24.58,  25.26,  24.52,  26.25,  25.43,  25.56,  25.00,  25.70,  25.59,  25.60,  26.41,  26.48,  26.43,  26.48,  26.39,  25.80,  25.81,  25.79,  26.00
20030907, 0600,  , HU, 39.1N,  55.7W,  85,  965, -999, -999, -999, -999, -999, -999, -999, -999, -999, -999, -999, -999, -999,  27.58,  27.39,  27.38,  27.44,  27.50,  27.18,  27.17,  26.94,  26.01,  25.64,  25.14,  25.09,  24.61,  24.08,  23.90,  23.37,  23.97,  23.78,  24.85,  25.40,  24.10,  25.26,  25.29,  25.08,  24.46,  24.41,  25.40,  25.22,  24.19,  26.54,  26.28
20030907, 1200,  , HU, 40.6N,  53.4W,  80,  967, -999, -999, -999, -999, -999, -999, -999, -999, -999, -999, -999, -999, -999,  21.08,  20.53,  19.82,  20.27,  18.79,  20.52,  20.90,  20.77,  19.45,  19.02,  19.35,  19.98,  20.31,  19.06,  17.19,  18.02,  18.40,  20.69,  21.98,  24.16,  24.73,  23.92,  24.77,  23.46,  23.19,  24.49,  24.19,  24.52,  25.12,  23.64,  24.74
20030907, 1800,  , HU, 42.3N,  50.7W,  75,  972, -999, -999, -999, -999, -999, -999, -999, -999, -999, -999, -999, -999, -999,  19.34,  20.65,  21.23,  20.55,  19.68,  19.66,  19.76,  21.38,  20.41,  19.95,  20.66,  19.87,  20.68,  20.95,  20.97,  21.54,  21.26,  21.03,  19.80,  18.27,  18.01,  17.57,  18.66,  17.97,  17.82,  17.18,  16.38,  16.94,  16.95,  16.14,  14.85
20030908, 0000,  , HU, 44.3N,  47.9W,  70,  975, -999, -999, -999, -999, -999, -999, -999, -999, -999, -999, -999, -999, -999,   2.71,   2.98,   3.43,   5.69,   4.20,   5.97,   6.35,   5.49,   4.75,   4.21,   3.37,   3.94,   5.76,   7.33,   5.78,   5.75,   7.14,   7.35,   8.33,  10.77,  10.44,   9.25,   9.89,   8.29,   8.27,   8.34,   9.19,   9.91,  10.34,  11.45,  10.88
20030908, 0600,  , HU, 46.3N,  44.7W,  70,  977, -999, -999, -999, -999, -999, -999, -999, -999, -999, -999, -999, -999, -999,   7.77,   8.78,   7.13,   8.65,   7.86,   8.74,   7.96,   8.53,   7.28,   6.48,   7.26,   7.58,   7.26,   9.11,  11.00,  11.54,  14.13,  11.83,   9.95,  11.72,  10.81,  10.75,  11.69,   9.82,  10.16,   8.08,   6.36,   5.93,   9.60,   7.94,   9.99
20030908, 1200,  , HU, 48.7N,  40.8W,  65,  980, -999, -999, -999, -999, -999, -999, -999, -999, -999, -999, -999, -999, -999,  12.94,  16.90,  15.69,  16.07,  15.92,  17.16,  17.44,  16.23,  15.40,  16.62,  16.01,  17.79,  17.38,  18.01,  18.17,  17.71,  17.21,  17.19,  16.93,  16.59,  15.64,  15.62,  15.06,  15.18,  14.90,  14.92,  15.94,  15.81,  16.31,  17.06,  16.66
20030908, 1800,  , EX, 51.7N,  36.0W,  65,  980, -999, -999, -999, -999, -999, -999, -999, -999, -999, -999, -999, -999, -999,  11.98,  11.76,  11.25,  11.87,  12.50,  12.01,  11.92,  11.67,  11.40,  10.69,  11.00,  10.60,  10.82,  11.23,  11.21,  11.41,  11.29,  12.43,  11.32,  12.30,  11.97,  12.27,  11.98,  11.55,  11.43,  11.82,  12.05,  12.30,  12.27,  12.04,  12.54
20030909, 0000,  , EX, 54.0N,  32.0W,  60,  980, -999, -999, -999, -999, -999, -999, -999, -999, -999, -999, -999, -999, -999,  10.66,  10.32,  10.14,  10.61,  10.54,  10.04,  10.28,  10.06,   9.34,  10.42,  11.82,  12.22,  12.10,  11.99,  11.89,  11.94,  11.92,  11.72,  11.68,  11.47,  11.45,  11.36,  11.44,  11.45,  11.44,  11.44,  11.43,  11.54,  11.55,  11.58,  11.60
20030909, 0600,  , EX, 56.0N,  29.0W,  50,  982, -999, -999, -999, -999, -999, -999, -999, -999, -999, -999, -999, -999, -999,  11.85,  11.89,  11.90,  11.84,  11.88,  11.94,  11.88,  11.81,  11.90,  11.84,  12.41,  12.42,  12.29,  12.26,  12.49,  12.44,  12.28,  12.31,  11.99,  11.85,  11.81,  11.72,  11.72,  11.73,  11.77,  11.81,  11.65,  11.57,  11.56,  11.64,  11.53
20030909, 1200,  , EX, 58.0N,  27.0W,  50,  982, -999, -999, -999, -999, -999, -999, -999, -999, -999, -999, -999, -999, -999,  12.00,  13.00,  12.93,  12.94,  13.14,  13.36,  13.25,  12.93,  12.27,  12.16,  12.35,  12.77,  12.63,  12.63,  12.51,  12.19,  11.93,  11.90,  11.83,  11.59,  11.29,  11.03,  11.05,  11.13,  11.30,  11.43,  11.80,  11.96,  11.90,  11.72,  11.56
20030909, 1800,  , EX, 60.0N,  27.0W,  40,  990, -999, -999, -999, -999, -999, -999, -999, -999, -999, -999, -999, -999, -999,  11.06,  11.28,  12.43,  12.68,  12.62,  12.66,  12.62,  12.44,  12.37,  12.41,  12.41,  12.43,  12.15,  12.01,  11.82,  11.73,  11.63,  11.40,  11.23,  11.02,  10.47,  10.23,  10.38,  10.43,  10.74,  10.62,  10.70,  10.57,  10.48,  10.27,  10.32
