AL112008,               KYLE,     23,
20080925, 0000,  , TD, 21.5N,  70.0W,  30, 1005,    0,    0,    0,    0,    0,    0,    0,    0,    0,    0,    0,    0, -999,  23.98,  25.05,  25.14,  24.96,  24.68,  24.71,  24.89,  24.58,  24.68,  24.98,  24.77,  24.50,  24.41,  24.29,  24.45,  24.59,  24.71,  24.80,  24.96,  25.09,  24.93,  24.87,  24.86,  24.82,  24.98,  24.84,  24.61,  24.73,  24.68,  24.62,  24.47
20080925, 0600,  , TS, 22.0N,  69.4W,  35, 1003,   90,   90,    0,    0,    0,    0,    0,    0,    0,    0,    0,    0, -999,  23.95,  24.89,  25.96,  25.75,  24.70,  24.19,  23.71,  23.79,  24.05,  23.99,  24.05,  24.04,  23.60,  23.59,  23.71,  24.30,  24.06,  24.08,  24.01,  23.89,  24.24,  24.03,  24.11,  24.17,  24.43,  23.83,  23.55,  23.52,  23.80,  23.86,  23.79
20080925, 1200,  , TS, 22.4N,  68.7W,  40, 1002,  100,  100,    0,    0,    0,    0,    0,    0,    0,    0,    0,    0, -999,  26.02,  26.62,  27.27,  27.05,  26.79,  25.08,  24.41,  24.41,  24.77,  25.01,  24.72,  24.76,  25.07,  24.42,  24.36,  24.21,  23.98,  23.93,  23.93,  24.11,  24.34,  24.62,  24.37,  24.56,  24.76,  23.91,  23.34,  23.06,  22.63,  22.70,  22.46
20080925, 1800,  , TS, 23.1N,  68.4W,  40, 1001,  100,  100,    0,    0,    0,    0,    0,    0,    0,    0,    0,    0, -999,  26.04,  25.79,  25.76,  25.74,  25.68,  24.79,  24.47,  24.73,  25.41,  25.49,  25.03,  25.30,  25.52,  24.89,  24.43,  24.17,  24.40,  24.83,  25.38,  25.67,  25.53,  25.62,  25.68,  25.66,  25.87,  25.27,  24.19,  23.75,  23.59,  23.59,  23.58
20080926, 0000,  , TS, 24.0N,  68.0W,  45,  998,   90,  100,   15,   15,    0,    0,    0,    0,    0,    0,    0,    0, -999,  24.65,  24.71,  24.63,  24.72,  24.83,  24.78,  24.88,  24.42,  24.17,  24.08,  24.38,  24.74,  24.42,  24.23,  24.00,  23.21,  23.67,  24.03,  24.36,  24.10,  24.51,  25.04,  25.25,  25.27,  24.51,  23.45,  23.57,  23.62,  23.48,  23.56,  23.49
20080926, 0600,  , TS, 25.0N,  68.2W,  50,  996,  140,  120,   20,   30,   30,    0,    0,    0,    0,    0,    0,    0, -999,  25.69,  25.54,  25.50,  25.69,  25.72,  25.44,  25.73,  25.86,  26.06,  25.85,  25.61,  25.43,  25.17,  25.16,  25.58,  25.50,  25.36,  25.04,  25.23,  25.44,  25.66,  25.64,  25.96,  25.49,  25.48,  25.61,  25.37,  25.08,  25.14,  24.05,  23.16
20080926, 1200,  , TS, 26.0N,  68.6W,  50,  998,  180,  120,   20,   30,   45,    0,    0,    0,    0,    0,    0,    0, -999,  25.65,  25.51,  25.04,  25.16,  25.14,  25.86,  26.34,  26.03,  26.06,  25.76,  25.72,  25.78,  25.96,  26.02,  26.12,  25.62,  25.39,  25.37,  25.23,  24.77,  24.08,  23.96,  24.11,  24.28,  24.73,  24.90,  24.98,  25.11,  25.47,  24.71,  24.37
20080926, 1800,  , TS, 26.9N,  68.6W,  50, 1000,  180,  140,    0,    0,   90,    0,    0,    0,    0,    0,    0,    0, -999,  22.70,  23.23,  23.95,  23.89,  23.51,  24.16,  24.20,  23.94,  23.44,  23.23,  22.98,  23.01,  23.29,  23.42,  23.58,  23.62,  23.73,  23.52,  23.83,  23.48,  23.59,  23.62,  24.18,  24.92,  25.63,  25.70,  25.97,  26.21,  25.94,  25.27,  24.52
20080927, 0000,  , TS, 28.7N,  68.6W,  55,  998,  180,  140,    0,    0,   90,    0,    0,    0,    0,    0,    0,    0, -999,  21.56,  22.07,  22.51,  22.60,  22.47,  22.63,  22.19,  22.12,  22.10,  22.27,  22.11,  22.57,  22.41,  22.60,  22.47,  22.43,  22.17,  22.63,  22.42,  22.03,  22.49,  22.97,  23.16,  22.53,  22.61,  22.74,  22.75,  22.85,  22.25,  22.66,  22.49
20080927, 0600,  , TS, 29.9N,  69.3W,  60,  996,  180,  140,    0,  110,   90,    0,    0,    0,    0,    0,    0,    0, -999,  21.31,  21.33,  21.23,  21.46,  21.16,  21.45,  21.57,  21.54,  21.57,  21.59,  21.60,  21.83,  21.86,  22.05,  21.97,  21.60,  21.01,  21.09,  21.19,  20.78,  20.75,  20.90,  20.79,  20.68,  20.61,  20.30,  20.57,  20.90,  21.11,  21.14,  21.67
20080927, 1200,  , HU, 31.2N,  69.5W,  65,  996,  180,  140,    0,  110,   90,    0,    0,   45,   60,    0,    0,    0, -999,  20.93,  21.04,  20.66,  20.63,  20.04,  19.57,  20.07,  20.69,  21.29,  21.37,  21.06,  21.08,  21.33,  21.30,  21.10,  21.62,  21.33,  21.44,  21.51,  21.86,  21.88,  22.39,  22.41,  22.06,  21.99,  21.09,  20.36,  21.15,  20.98,  21.81,  22.30
20080927, 1800,  , HU, 33.3N,  69.7W,  70,  995,  180,  140,    0,  110,   90,   90,    0,   45,   60,    0,    0,    0, -999,  21.59,  21.09,  21.06,  20.98,  21.14,  20.17,  21.15,  21.35,  21.37,  21.08,  21.10,  21.02,  21.42,  21.41,  21.83,  22.38,  22.44,  21.90,  21.52,  21.86,  22.54,  23.18,  23.23,  23.70,  23.95,  23.98,  24.16,  23.95,  23.96,  23.85,  23.80
20080928, 0000,  , HU, 35.3N,  69.7W,  70,  995,  180,  140,    0,  110,  105,   90,    0,   45,   60,    0,    0,    0, -999,  24.60,  24.21,  24.38,  24.49,  24.41,  24.62,  23.86,  23.13,  23.24,  23.85,  23.73,  22.76,  23.34,  23.80,  23.78,  24.19,  24.19,  23.54,  23.37,  24.90,  25.18,  24.99,  24.99,  25.13,  24.94,  24.43,  24.84,  25.07,  24.75,  24.62,  24.55
20080928, 0600,  , HU, 37.4N,  69.3W,  70,  992,  180,  140,    0,  110,  105,   90,    0,   45,   60,    0,    0,    0, -999,  23.12,  24.42,  25.40,  23.97,  25.00,  25.04,  24.74,  24.84,  25.23,  26.62,  25.28,  26.70,  25.18,  24.15,  25.79,  25.85,  26.24,  26.30,  26.16,  23.30,  18.93,  19.31,  21.16,  24.76,  24.71,  23.64,  25.18,  24.59,  24.82,  25.08,  26.37
20080928, 1200,  , HU, 39.4N,  68.2W,  75,  989,  180,  140,  110,  110,  105,   90,   60,   60,   60,   60,   40,   40, -999,  16.13,  15.64,  14.73,  14.57,  14.91,  14.43,  14.79,  15.21,  15.25,  15.42,  16.47,  16.34,  16.08,  16.73,  16.42,  15.95,  16.18,  17.63,  16.91,  16.00,  17.11,  18.64,  19.89,  19.09,  18.30,  18.00,  17.74,  17.01,  16.59,  17.44,  17.04
20080928, 1800,  , HU, 41.6N,  66.7W,  70,  984,  180,  200,  110,  110,  105,   90,   60,   60,   75,   60,   40,   40, -999,    nan,    nan,    nan,    nan,    nan,    nan,    nan,    nan,    nan,    nan,    nan,    nan,    nan,    nan,    nan,    nan,    nan,    nan,    nan,    nan,    nan,    nan,    nan,    nan,    nan,    nan,    nan,    nan,    nan,    nan,    nan
20080929, 0000, L, HU, 43.8N,  66.2W,  65,  985,  210,  210,  110,   75,   75,   90,   60,   45,   70,   50,   40,   40, -999,    nan,    nan,    nan,    nan,    nan,    nan,    nan,    nan,    nan,    nan,    nan,    nan,    nan,    nan,    nan,    nan,    nan,    nan,    nan,    nan,    nan,    nan,    nan,    nan,    nan,    nan,    nan,    nan,    nan,    nan,    nan
20080929, 0600,  , EX, 45.6N,  65.0W,  50,  990,  210,  210,  110,   75,   75,   90,   60,   45,    0,    0,    0,    0, -999,    nan,    nan,    nan,    nan,    nan,    nan,    nan,    nan,    nan,    nan,    nan,    nan,    nan,    nan,    nan,    nan,    nan,    nan,    nan,    nan,    nan,    nan,    nan,    nan,    nan,    nan,    nan,    nan,    nan,    nan,    nan
20080929, 1200,  , EX, 47.7N,  63.5W,  45,  994,  210,  210,  110,   75,    0,    0,    0,    0,    0,    0,    0,    0, -999,    nan,    nan,    nan,    nan,    nan,    nan,    nan,    nan,    nan,    nan,    nan,    nan,    nan,    nan,    nan,    nan,    nan,    nan,    nan,    nan,    nan,    nan,    nan,    nan,    nan,    nan,    nan,    nan,    nan,    nan,    nan
20080929, 1800,  , EX, 48.2N,  62.6W,  40,  999,  210,  210,  110,   75,    0,    0,    0,    0,    0,    0,    0,    0, -999,  -0.88,  -1.13,  -1.34,  -1.44,  -1.46,  -1.60,  -1.65,  -1.70,  -1.58,  -1.47,  -1.28,  -1.07,  -1.07,  -1.01,  -0.98,  -0.95,  -0.89,  -0.68,  -0.06,   0.56,   0.54,   0.40,   0.43,   0.34,   0.35,   0.44,   0.58,   0.67,   0.88,   0.98,   0.89
20080930, 0000,  , EX, 48.4N,  61.5W,  35, 1002,  210,  210,  110,   75,    0,    0,    0,    0,    0,    0,    0,    0, -999,   0.59,   0.77,   0.76,   0.70,   0.61,   0.31,  -0.04,  -0.14,  -0.35,  -0.30,  -0.48,  -0.51,  -0.46,  -0.68,  -0.68,  -0.16,   0.35,   0.39,   0.09,  -0.15,  -0.23,  -0.04,   0.11,   0.15,   0.32,   0.77,   0.74,   0.47,   0.30,   0.20,   0.22
20080930, 0600,  , EX, 48.2N,  61.0W,  30, 1004,    0,    0,    0,    0,    0,    0,    0,    0,    0,    0,    0,    0, -999,  -0.57,  -0.44,  -0.39,  -0.15,  -0.11,  -0.03,   0.05,   0.18,   0.24,   0.33,   0.24,   0.20,   0.11,   0.12,  -0.04,   0.07,   0.05,   0.08,  -0.14,  -0.17,  -0.36,  -0.34,  -0.40,  -0.32,  -0.28,  -0.08,   0.09,   0.21,   0.40,   0.85,   0.88
20080930, 1200,  , EX, 48.1N,  60.8W,  25, 1005,    0,    0,    0,    0,    0,    0,    0,    0,    0,    0,    0,    0, -999,  -0.11,   0.23,   0.39,   0.51,   0.38,   0.60,   1.05,   1.30,   1.49,   1.49,   1.46,   1.27,   1.10,   0.95,   0.83,   0.82,   0.89,   0.93,   0.87,   0.62,   0.09,  -0.38,  -0.24,   0.18,   0.52,   0.78,   0.77,   0.74,   0.54,   0.33,   0.15
