AL112008,               KYLE,     23,
20080925, 0000,  , TD, 21.5N,  70.0W,  30, 1005,    0,    0,    0,    0,    0,    0,    0,    0,    0,    0,    0,    0, -999,  36.18,  36.18,  36.17,  36.16,  36.17,  36.20,  36.22,  36.25,  36.26,  36.27,  36.27,  36.28,  36.28,  36.29,  36.29,  36.29,  36.28,  36.28,  36.28,  36.29,  36.31,  36.31,  36.32,  36.34,  36.37,  36.41,  36.47,  36.44,  36.44,  36.45,  36.45
20080925, 0600,  , TS, 22.0N,  69.4W,  35, 1003,   90,   90,    0,    0,    0,    0,    0,    0,    0,    0,    0,    0, -999,  36.17,  36.20,  36.22,  36.24,  36.24,  36.24,  36.23,  36.23,  36.23,  36.22,  36.22,  36.23,  36.22,  36.22,  36.22,  36.20,  36.19,  36.19,  36.21,  36.23,  36.26,  36.27,  36.29,  36.30,  36.29,  36.28,  36.27,  36.26,  36.27,  36.29,  36.30
20080925, 1200,  , TS, 22.4N,  68.7W,  40, 1002,  100,  100,    0,    0,    0,    0,    0,    0,    0,    0,    0,    0, -999,  36.21,  36.34,  36.41,  36.46,  36.46,  36.45,  36.46,  36.46,  36.45,  36.41,  36.39,  36.29,  36.23,  36.24,  36.24,  36.22,  36.20,  36.20,  36.20,  36.20,  36.20,  36.20,  36.20,  36.21,  36.22,  36.23,  36.23,  36.23,  36.24,  36.26,  36.28
20080925, 1800,  , TS, 23.1N,  68.4W,  40, 1001,  100,  100,    0,    0,    0,    0,    0,    0,    0,    0,    0,    0, -999,  36.52,  36.57,  36.57,  36.54,  36.54,  36.55,  36.55,  36.54,  36.54,  36.54,  36.55,  36.55,  36.55,  36.54,  36.54,  36.51,  36.45,  36.42,  36.32,  36.21,  36.19,  36.20,  36.21,  36.22,  36.24,  36.27,  36.30,  36.31,  36.30,  36.30,  36.29
20080926, 0000,  , TS, 24.0N,  68.0W,  45,  998,   90,  100,   15,   15,    0,    0,    0,    0,    0,    0,    0,    0, -999,  36.58,  36.58,  36.53,  36.55,  36.50,  36.52,  36.57,  36.55,  36.53,  36.47,  36.47,  36.50,  36.54,  36.56,  36.54,  36.48,  36.45,  36.41,  36.40,  36.44,  36.48,  36.47,  36.44,  36.43,  36.43,  36.43,  36.44,  36.45,  36.47,  36.49,  36.53
20080926, 0600,  , TS, 25.0N,  68.2W,  50,  996,  140,  120,   20,   30,   30,    0,    0,    0,    0,    0,    0,    0, -999,  36.37,  36.37,  36.35,  36.36,  36.37,  36.38,  36.40,  36.42,  36.45,  36.46,  36.45,  36.44,  36.42,  36.39,  36.36,  36.37,  36.37,  36.38,  36.39,  36.41,  36.43,  36.43,  36.44,  36.45,  36.46,  36.48,  36.49,  36.49,  36.51,  36.55,  36.54
20080926, 1200,  , TS, 26.0N,  68.6W,  50,  998,  180,  120,   20,   30,   45,    0,    0,    0,    0,    0,    0,    0, -999,  36.38,  36.38,  36.38,  36.39,  36.41,  36.45,  36.46,  36.48,  36.48,  36.50,  36.50,  36.51,  36.52,  36.50,  36.45,  36.39,  36.35,  36.37,  36.38,  36.38,  36.42,  36.50,  36.54,  36.55,  36.54,  36.51,  36.51,  36.54,  36.56,  36.57,  36.56
20080926, 1800,  , TS, 26.9N,  68.6W,  50, 1000,  180,  140,    0,    0,   90,    0,    0,    0,    0,    0,    0,    0, -999,  36.53,  36.53,  36.50,  36.44,  36.40,  36.37,  36.39,  36.45,  36.44,  36.41,  36.41,  36.41,  36.40,  36.42,  36.47,  36.50,  36.46,  36.44,  36.44,  36.46,  36.48,  36.44,  36.41,  36.41,  36.42,  36.45,  36.49,  36.52,  36.55,  36.59,  36.59
20080927, 0000,  , TS, 28.7N,  68.6W,  55,  998,  180,  140,    0,    0,   90,    0,    0,    0,    0,    0,    0,    0, -999,  36.62,  36.61,  36.61,  36.61,  36.61,  36.61,  36.62,  36.63,  36.64,  36.62,  36.60,  36.59,  36.58,  36.57,  36.55,  36.50,  36.49,  36.48,  36.48,  36.44,  36.45,  36.42,  36.42,  36.46,  36.45,  36.43,  36.44,  36.47,  36.48,  36.48,  36.48
20080927, 0600,  , TS, 29.9N,  69.3W,  60,  996,  180,  140,    0,  110,   90,    0,    0,    0,    0,    0,    0,    0, -999,  36.60,  36.59,  36.55,  36.52,  36.50,  36.50,  36.52,  36.55,  36.54,  36.53,  36.52,  36.49,  36.47,  36.42,  36.41,  36.41,  36.39,  36.38,  36.36,  36.47,  36.45,  36.37,  36.37,  36.33,  36.36,  36.29,  36.25,  36.32,  36.32,  36.32,  36.30
20080927, 1200,  , HU, 31.2N,  69.5W,  65,  996,  180,  140,    0,  110,   90,    0,    0,   45,   60,    0,    0,    0, -999,  36.38,  36.45,  36.46,  36.47,  36.37,  36.25,  36.30,  36.42,  36.41,  36.35,  36.33,  36.35,  36.37,  36.36,  36.32,  36.32,  36.34,  36.33,  36.28,  36.23,  36.21,  36.25,  36.29,  36.33,  36.37,  36.34,  36.29,  36.32,  36.33,  36.22,  36.21
20080927, 1800,  , HU, 33.3N,  69.7W,  70,  995,  180,  140,    0,  110,   90,   90,    0,   45,   60,    0,    0,    0, -999,  36.27,  36.27,  36.29,  36.37,  36.33,  36.32,  36.33,  36.36,  36.36,  36.35,  36.32,  36.32,  36.33,  36.35,  36.27,  36.24,  36.26,  36.28,  36.29,  36.28,  36.24,  36.24,  36.25,  36.27,  36.30,  36.32,  36.33,  36.33,  36.33,  36.35,  36.36
20080928, 0000,  , HU, 35.3N,  69.7W,  70,  995,  180,  140,    0,  110,  105,   90,    0,   45,   60,    0,    0,    0, -999,  36.29,  36.28,  36.32,  36.30,  36.30,  36.29,  36.30,  36.14,  36.11,  36.19,  36.27,  36.26,  36.19,  36.21,  36.21,  36.18,  36.23,  36.24,  36.26,  36.25,  36.23,  36.23,  36.24,  36.25,  36.25,  36.26,  36.28,  36.31,  36.31,  36.31,  36.32
20080928, 0600,  , HU, 37.4N,  69.3W,  70,  992,  180,  140,    0,  110,  105,   90,    0,   45,   60,    0,    0,    0, -999,  36.15,  36.15,  36.21,  36.14,  36.21,  36.16,  36.23,  36.31,  36.20,  36.27,  36.26,  36.29,  36.25,  36.24,  36.30,  36.23,  36.20,  36.24,  36.23,  35.93,  35.67,  35.70,  35.57,  35.83,  35.78,  35.94,  36.30,  36.22,  36.21,  36.33,  36.34
20080928, 1200,  , HU, 39.4N,  68.2W,  75,  989,  180,  140,  110,  110,  105,   90,   60,   60,   60,   60,   40,   40, -999,  35.57,  35.61,  35.55,  35.25,  35.47,  35.69,  35.38,  35.39,  35.54,  35.64,  35.62,  35.55,  35.55,  35.54,  35.45,  35.19,  36.02,  35.69,  35.23,  35.01,  34.99,  35.98,  36.10,  36.04,  36.05,  35.73,  35.59,  35.74,  36.06,  35.91,  35.65
20080928, 1800,  , HU, 41.6N,  66.7W,  70,  984,  180,  200,  110,  110,  105,   90,   60,   60,   75,   60,   40,   40, -999,  32.44,  32.43,  32.44,  32.42,  32.39,  32.42,  32.43,  32.50,  32.49,  32.48,  32.46,  32.47,  32.45,  32.42,  32.43,  32.40,  32.36,  32.36,  32.36,  32.37,  32.38,  32.40,  32.46,  32.51,  32.50,  32.49,  32.52,  32.54,  32.52,  32.51,  32.49
20080929, 0000, L, HU, 43.8N,  66.2W,  65,  985,  210,  210,  110,   75,   75,   90,   60,   45,   70,   50,   40,   40, -999,  31.57,  31.55,  31.59,  31.64,  31.62,  31.85,  31.72,  31.68,  31.88,  31.71,  31.83,  31.84,  31.75,  31.69,  31.61,  31.75,  31.74,  31.69,  31.77,  31.98,  31.97,  31.86,  32.10,  31.87,  32.38,  32.26,  31.95,  32.08,  32.28,  32.23,  32.27
20080929, 0600,  , EX, 45.6N,  65.0W,  50,  990,  210,  210,  110,   75,   75,   90,   60,   45,    0,    0,    0,    0, -999,    nan,    nan,    nan,    nan,    nan,    nan,    nan,    nan,    nan,    nan,    nan,    nan,    nan,    nan,    nan,    nan,    nan,    nan,    nan,    nan,    nan,    nan,    nan,    nan,    nan,    nan,    nan,    nan,    nan,    nan,    nan
20080929, 1200,  , EX, 47.7N,  63.5W,  45,  994,  210,  210,  110,   75,    0,    0,    0,    0,    0,    0,    0,    0, -999,  28.89,  28.62,  28.36,  28.77,  28.44,  27.97,  27.94,  27.96,  27.60,  28.00,  28.26,  28.72,  28.16,  28.48,  28.36,  28.37,  28.37,  28.36,  28.82,  29.34,  29.89,  30.46,  30.70,  30.86,  30.64,  30.65,  30.67,  30.71,  30.72,  30.80,  30.85
20080929, 1800,  , EX, 48.2N,  62.6W,  40,  999,  210,  210,  110,   75,    0,    0,    0,    0,    0,    0,    0,    0, -999,  30.25,  30.09,  30.21,  30.65,  30.81,  30.71,  30.18,  30.15,  30.09,  29.96,  30.00,  30.14,  30.10,  30.17,  29.78,  29.64,  29.98,  30.46,  30.93,  30.41,  30.39,  30.70,  30.60,  30.70,  30.79,  30.85,  30.86,  30.88,  30.93,  30.98,  31.02
20080930, 0000,  , EX, 48.4N,  61.5W,  35, 1002,  210,  210,  110,   75,    0,    0,    0,    0,    0,    0,    0,    0, -999,  30.31,  29.73,  29.95,  29.81,  29.85,  29.59,  29.77,  29.88,  29.87,  30.09,  30.03,  30.07,  30.04,  30.00,  29.96,  30.09,  30.13,  30.18,  30.11,  30.17,  30.41,  30.70,  30.82,  30.72,  30.79,  30.80,  30.79,  30.56,  30.50,  30.50,  30.52
20080930, 0600,  , EX, 48.2N,  61.0W,  30, 1004,    0,    0,    0,    0,    0,    0,    0,    0,    0,    0,    0,    0, -999,  30.43,  29.70,  29.91,  30.20,  30.05,  29.98,  29.83,  30.08,  29.98,  30.06,  29.98,  29.98,  29.98,  29.98,  29.97,  30.09,  30.12,  30.06,  30.01,  30.27,  30.30,  30.33,  30.36,  30.40,  30.50,  30.57,  30.70,  30.79,  30.84,  30.84,  30.62
20080930, 1200,  , EX, 48.1N,  60.8W,  25, 1005,    0,    0,    0,    0,    0,    0,    0,    0,    0,    0,    0,    0, -999,  30.00,  29.95,  30.11,  30.29,  30.27,  30.27,  30.05,  30.21,  30.03,  30.00,  29.88,  29.76,  29.69,  29.76,  29.76,  29.82,  29.93,  30.10,  30.34,  30.33,  30.44,  30.48,  30.52,  30.59,  30.82,  30.85,  30.90,  30.90,  30.94,  30.88,  30.80
