AL112016,              JULIA,     33,
20160913, 0600, L, TD, 27.3N,  80.2W,  30, 1010,    0,    0,    0,    0,    0,    0,    0,    0,    0,    0,    0,    0, -999,    nan,    nan,    nan,    nan,    nan,    nan,    nan,    nan,    nan,    nan,    nan,    nan,    nan,    nan,    nan,    nan,    nan,    nan,    nan,    nan,    nan,    nan,    nan,    nan,    nan,    nan,    nan,    nan,    nan,    nan,    nan
20160913, 1200,  , TS, 28.0N,  80.7W,  35, 1010,   40,   40,    0,    0,    0,    0,    0,    0,    0,    0,    0,    0, -999,    nan,    nan,    nan,    nan,    nan,    nan,    nan,    nan,    nan,    nan,    nan,    nan,    nan,    nan,    nan,    nan,    nan,    nan,    nan,    nan,    nan,    nan,    nan,    nan,    nan,    nan,    nan,    nan,    nan,    nan,    nan
20160913, 1800,  , TS, 29.0N,  81.2W,  45, 1010,   50,   50,    0,    0,    0,    0,    0,    0,    0,    0,    0,    0, -999,    nan,    nan,    nan,    nan,    nan,    nan,    nan,    nan,    nan,    nan,    nan,    nan,    nan,    nan,    nan,    nan,    nan,    nan,    nan,    nan,    nan,    nan,    nan,    nan,    nan,    nan,    nan,    nan,    nan,    nan,    nan
20160914, 0000,  , TS, 29.8N,  81.5W,  45, 1010,   50,   50,    0,    0,    0,    0,    0,    0,    0,    0,    0,    0, -999,    nan,    nan,    nan,    nan,    nan,    nan,    nan,    nan,    nan,    nan,    nan,    nan,    nan,    nan,    nan,    nan,    nan,    nan,    nan,    nan,    nan,    nan,    nan,    nan,    nan,    nan,    nan,    nan,    nan,    nan,    nan
20160914, 0600,  , TS, 30.5N,  81.7W,  40, 1011,   70,    0,    0,    0,    0,    0,    0,    0,    0,    0,    0,    0, -999,    nan,    nan,    nan,    nan,    nan,    nan,    nan,    nan,    nan,    nan,    nan,    nan,    nan,    nan,    nan,    nan,    nan,    nan,    nan,    nan,    nan,    nan,    nan,    nan,    nan,    nan,    nan,    nan,    nan,    nan,    nan
20160914, 1200,  , TS, 31.3N,  81.5W,  40, 1011,  100,    0,    0,    0,    0,    0,    0,    0,    0,    0,    0,    0, -999,    nan,    nan,    nan,    nan,    nan,    nan,    nan,    nan,    nan,    nan,    nan,    nan,    nan,    nan,    nan,    nan,    nan,    nan,    nan,    nan,    nan,    nan,    nan,    nan,    nan,    nan,    nan,    nan,    nan,    nan,    nan
20160914, 1800,  , TS, 31.8N,  80.7W,  40, 1009,  100,    0,    0,   60,    0,    0,    0,    0,    0,    0,    0,    0, -999,    nan,    nan,    nan,    nan,    nan,    nan,    nan,    nan,    nan,    nan,    nan,    nan,    nan,    nan,    nan,    nan,    nan,    nan,    nan,    nan,    nan,    nan,    nan,    nan,    nan,    nan,    nan,    nan,    nan,    nan,    nan
20160915, 0000,  , TS, 31.9N,  80.1W,  40, 1007,  100,    0,    0,   60,    0,    0,    0,    0,    0,    0,    0,    0, -999,    nan,    nan,    nan,    nan,    nan,    nan,    nan,    nan,    nan,    nan,    nan,    nan,    nan,    nan,    nan,    nan,    nan,    nan,    nan,    nan,    nan,    nan,    nan,    nan,    nan,    nan,    nan,    nan,    nan,    nan,    nan
20160915, 0600,  , TS, 31.9N,  79.5W,  40, 1007,   70,    0,    0,    0,    0,    0,    0,    0,    0,    0,    0,    0, -999,    nan,    nan,    nan,    nan,    nan,    nan,    nan,    nan,    nan,    nan,    nan,    nan,    nan,    nan,    nan,    nan,    nan,    nan,    nan,    nan,    nan,    nan,    nan,    nan,    nan,    nan,    nan,    nan,    nan,    nan,    nan
20160915, 1200,  , TS, 31.9N,  78.7W,  40, 1007,   70,    0,    0,    0,    0,    0,    0,    0,    0,    0,    0,    0, -999,  21.49,  21.43,  21.76,  22.04,  21.86,  22.75,  23.88,  22.70,  22.98,  23.53,  23.20,  23.00,  23.61,  23.41,    nan,  23.59,  23.45,  23.83,  24.29,  24.12,  23.03,  23.72,  21.19,    nan,  20.54,  19.77,  20.77,  19.28,  18.97,  20.64,  21.24
20160915, 1800,  , TS, 31.9N,  77.9W,  40, 1007,   70,    0,    0,    0,    0,    0,    0,    0,    0,    0,    0,    0, -999,  23.76,  23.99,  23.98,  24.14,  23.84,  24.20,  24.87,  25.47,  25.74,  26.55,  27.14,  26.93,  26.42,  26.21,    nan,  25.94,  27.21,  27.60,  27.61,  28.06,  27.36,  27.84,  26.98,    nan,  27.98,  27.71,  28.44,  27.88,  27.54,  27.72,  27.49
20160916, 0000,  , TS, 31.5N,  77.2W,  40, 1007,   70,    0,    0,    0,    0,    0,    0,    0,    0,    0,    0,    0, -999,  27.15,  27.66,  27.38,  25.14,  27.03,  28.01,  28.09,  28.40,  28.12,  28.04,  27.85,  28.10,  28.19,    nan,  27.32,  27.78,  27.60,  28.06,  27.25,  27.03,  26.62,  26.12,    nan,  26.18,  25.79,  26.87,  25.91,  27.16,  27.53,  27.32,  26.42
20160916, 0600,  , TS, 31.2N,  76.6W,  40, 1008,   60,    0,    0,    0,    0,    0,    0,    0,    0,    0,    0,    0, -999,  23.74,  24.52,  23.88,  20.48,  23.83,  24.88,  25.70,  27.63,  27.80,  27.76,  27.33,  27.09,  27.49,    nan,  25.76,  25.45,  24.79,  24.59,  23.17,  23.12,  23.29,  23.59,    nan,  23.00,  23.04,  23.60,  23.67,  22.62,  21.90,  22.75,  22.49
20160916, 1200,  , TS, 31.1N,  75.9W,  40, 1008,   60,    0,    0,   30,    0,    0,    0,    0,    0,    0,    0,    0, -999,  22.29,  22.18,  22.29,  21.61,  22.06,  21.79,  24.63,  23.59,  23.34,  25.11,  25.32,  25.15,  25.16,    nan,  23.09,  22.64,  23.34,  23.30,  23.61,  23.27,  22.47,  22.17,    nan,  22.05,  22.60,  22.82,  22.33,  21.59,  21.22,  22.18,  21.82
20160916, 1800,  , TS, 30.9N,  75.7W,  40, 1008,   30,    0,    0,   30,    0,    0,    0,    0,    0,    0,    0,    0, -999,  21.96,  21.66,  21.31,  21.12,  21.64,  21.70,  22.43,  22.66,  23.43,  23.36,  23.51,  22.89,  22.77,    nan,  23.02,  22.45,  22.94,  23.43,  24.20,  23.28,  21.98,  22.00,    nan,  20.87,  21.61,  21.83,  22.18,  21.69,  21.73,  22.09,  22.06
20160917, 0000,  , TD, 30.4N,  76.0W,  30, 1009,    0,    0,    0,    0,    0,    0,    0,    0,    0,    0,    0,    0, -999,  23.11,  23.30,  23.07,  22.03,  22.44,  22.58,  22.89,  23.03,  22.22,  22.69,  22.62,  22.49,    nan,  22.90,  22.85,  22.70,  25.09,  25.31,  24.64,  23.27,  22.47,    nan,  22.70,  22.79,  22.96,  23.79,  23.45,  23.90,  23.71,  23.68,  24.20
20160917, 0600,  , TD, 30.3N,  76.1W,  30, 1009,    0,    0,    0,    0,    0,    0,    0,    0,    0,    0,    0,    0, -999,  23.06,  23.54,  24.20,  24.34,  23.72,  23.21,  23.25,  23.71,  23.39,  23.64,  23.52,  23.26,    nan,  22.89,  23.52,  23.15,  25.16,  25.18,  24.50,  23.93,  23.53,    nan,  23.16,  23.30,  23.63,  24.16,  24.02,  24.32,  24.38,  24.29,  24.52
20160917, 1200,  , TD, 30.2N,  76.2W,  30, 1010,    0,    0,    0,    0,    0,    0,    0,    0,    0,    0,    0,    0, -999,  25.01,  25.97,  26.18,  26.06,  25.55,  25.39,  23.96,  24.03,  23.82,  23.85,  23.91,  23.88,    nan,  23.94,  23.48,  23.55,  25.08,  24.64,  25.16,  24.96,  24.53,    nan,  24.46,  24.81,  24.66,  25.45,  24.43,  24.81,  24.86,  25.08,  24.67
20160917, 1800,  , TD, 30.4N,  76.3W,  30, 1010,    0,    0,    0,    0,    0,    0,    0,    0,    0,    0,    0,    0, -999,  24.09,  24.70,  25.82,  25.84,  25.45,  24.42,  23.53,  23.96,  24.12,  24.58,  24.45,  23.92,    nan,  23.70,  24.15,  23.93,  25.02,  24.47,  24.74,  24.65,  24.48,    nan,  24.22,  24.16,  24.31,  24.94,  24.57,  24.85,  24.89,  24.93,  24.73
20160918, 0000,  , TD, 30.7N,  76.4W,  30, 1010,    0,    0,    0,    0,    0,    0,    0,    0,    0,    0,    0,    0, -999,  22.70,  24.69,  25.43,  24.73,  23.69,  23.65,  25.07,  25.00,  25.88,  25.76,  25.26,    nan,  25.54,  25.22,  25.38,  24.89,  25.09,  24.64,  24.07,  24.18,    nan,  23.41,  22.78,  23.31,  24.09,  24.45,  24.33,  23.87,  23.90,  23.88,  23.93
20160918, 0600,  , TD, 31.1N,  76.6W,  25, 1010,    0,    0,    0,    0,    0,    0,    0,    0,    0,    0,    0,    0, -999,  23.19,  20.98,  24.70,  25.53,  25.11,  25.75,  26.85,  27.45,  27.31,  27.12,  27.46,    nan,  25.62,  25.71,  25.47,  24.25,  23.77,  23.84,  23.56,  23.62,    nan,  22.84,  23.35,  23.62,  23.99,  22.89,  22.72,  22.97,  23.00,  22.89,  23.03
20160918, 1200,  , TD, 31.7N,  77.0W,  25, 1010,    0,    0,    0,    0,    0,    0,    0,    0,    0,    0,    0,    0, -999,  27.45,  24.48,  25.51,  27.59,  28.12,  28.37,  27.95,  27.97,  27.30,  27.57,  28.19,    nan,  27.08,  27.67,  27.81,  28.04,  26.89,  26.38,  25.95,  25.89,    nan,  26.29,  25.73,  26.25,  25.34,  26.31,  26.90,  26.99,  26.11,  26.28,  26.90
20160918, 1800,  , TD, 32.0N,  77.8W,  25, 1010,    0,    0,    0,    0,    0,    0,    0,    0,    0,    0,    0,    0, -999,  24.89,  24.48,  24.53,  25.11,  25.82,  26.87,  27.25,  27.89,  27.89,  27.36,  27.24,    nan,  27.07,  27.80,  27.94,  27.59,  28.12,  27.63,  28.19,  27.88,    nan,  28.42,  28.06,  28.54,  28.14,  28.32,  28.01,  28.14,  25.95,  24.14,  25.57
20160919, 0000,  , LO, 32.2N,  78.3W,  30, 1010,    0,    0,    0,    0,    0,    0,    0,    0,    0,    0,    0,    0, -999,  20.50,  21.57,  22.82,  22.91,  23.14,  23.09,  22.62,  22.09,  22.17,  20.18,    nan,  22.56,  23.74,  23.64,  23.50,  21.72,  19.81,  20.18,  21.02,    nan,  20.10,  20.41,  20.49,  20.04,  19.00,  19.21,  19.16,  19.25,  20.30,  21.56,  20.35
20160919, 0600,  , LO, 32.4N,  78.2W,  30, 1011,    0,    0,    0,    0,    0,    0,    0,    0,    0,    0,    0,    0, -999,  19.82,  20.83,  22.51,  22.18,  20.88,  19.52,  19.34,  18.79,  19.02,  17.32,    nan,  19.24,  20.32,  20.41,  19.10,  15.44,  14.80,  14.84,  15.25,    nan,  14.94,  14.73,  14.34,  16.94,  16.20,  15.96,  15.19,  15.74,  16.77,  17.97,  17.52
20160919, 1200,  , LO, 32.8N,  77.7W,  30, 1011,    0,    0,    0,    0,    0,    0,    0,    0,    0,    0,    0,    0, -999,  20.45,  20.37,  19.39,  19.87,  20.73,  20.71,  20.19,  19.99,  20.12,  19.69,    nan,  19.47,  19.66,  18.66,  18.05,  17.73,  19.11,  16.36,  15.14,    nan,  16.14,  16.41,  15.49,  15.51,  15.44,  15.02,  14.57,  14.25,  14.34,  14.84,  16.62
20160919, 1800,  , LO, 33.2N,  77.0W,  30, 1011,    0,    0,    0,    0,    0,    0,    0,    0,    0,    0,    0,    0, -999,  20.02,  20.82,  21.21,  22.03,  22.17,  22.13,  21.58,  20.22,  20.53,  19.93,    nan,  20.42,  21.60,  20.81,  20.67,  20.03,  20.10,  18.54,  18.65,    nan,  18.71,  18.29,  18.91,  17.43,  18.33,  18.52,  17.96,  18.75,  19.08,  19.31,  18.62
20160920, 0000,  , EX, 33.6N,  76.5W,  30, 1011,    0,    0,    0,    0,    0,    0,    0,    0,    0,    0,    0,    0, -999,  23.33,  23.49,  24.50,  24.79,  24.77,  23.30,  22.75,  21.80,  21.22,    nan,  20.97,  23.26,  25.79,  23.77,  22.72,  22.92,  25.07,  27.15,    nan,  25.56,  24.43,  22.56,  21.50,  24.24,  21.29,  19.69,  21.21,  25.16,  26.00,  23.97,  23.91
20160920, 0600,  , EX, 34.3N,  76.1W,  30, 1011,    0,    0,    0,    0,    0,    0,    0,    0,    0,    0,    0,    0, -999,    nan,    nan,    nan,    nan,    nan,    nan,    nan,    nan,    nan,    nan,    nan,    nan,    nan,    nan,    nan,    nan,    nan,    nan,    nan,    nan,    nan,    nan,    nan,    nan,    nan,    nan,    nan,    nan,    nan,    nan,    nan
20160920, 1200,  , EX, 35.0N,  76.0W,  25, 1011,    0,    0,    0,    0,    0,    0,    0,    0,    0,    0,    0,    0, -999,    nan,    nan,    nan,    nan,    nan,    nan,    nan,    nan,    nan,    nan,    nan,    nan,    nan,    nan,    nan,    nan,    nan,    nan,    nan,    nan,    nan,    nan,    nan,    nan,    nan,    nan,    nan,    nan,    nan,    nan,    nan
20160920, 1800,  , EX, 35.5N,  76.3W,  25, 1011,    0,    0,    0,    0,    0,    0,    0,    0,    0,    0,    0,    0, -999,    nan,    nan,    nan,    nan,    nan,    nan,    nan,    nan,    nan,    nan,    nan,    nan,    nan,    nan,    nan,    nan,    nan,    nan,    nan,    nan,    nan,    nan,    nan,    nan,    nan,    nan,    nan,    nan,    nan,    nan,    nan
20160921, 0000,  , EX, 35.6N,  76.9W,  25, 1011,    0,    0,    0,    0,    0,    0,    0,    0,    0,    0,    0,    0, -999,    nan,    nan,    nan,    nan,    nan,    nan,    nan,    nan,    nan,    nan,    nan,    nan,    nan,    nan,    nan,    nan,    nan,    nan,    nan,    nan,    nan,    nan,    nan,    nan,    nan,    nan,    nan,    nan,    nan,    nan,    nan
20160921, 0600,  , EX, 35.4N,  77.4W,  20, 1012,    0,    0,    0,    0,    0,    0,    0,    0,    0,    0,    0,    0, -999,    nan,    nan,    nan,    nan,    nan,    nan,    nan,    nan,    nan,    nan,    nan,    nan,    nan,    nan,    nan,    nan,    nan,    nan,    nan,    nan,    nan,    nan,    nan,    nan,    nan,    nan,    nan,    nan,    nan,    nan,    nan
