AL122017,               JOSE,     85,
20170904, 0600,  , LO,  9.3N,  33.5W,  20, 1010,    0,    0,    0,    0,    0,    0,    0,    0,    0,    0,    0,    0, -999,  27.83,  27.85,  27.70,  27.06,  27.74,  27.94,  27.86,  27.79,  27.79,  28.69,  28.52,  27.94,  28.08,  27.86,  27.87,  27.91,  28.43,  27.93,  27.15,  27.16,  27.84,  27.99,  27.84,  27.89,  27.71,  28.24,  27.13,  27.30,  28.04,  27.90,  28.22
20170904, 1200,  , LO, 10.0N,  34.9W,  25, 1010,    0,    0,    0,    0,    0,    0,    0,    0,    0,    0,    0,    0, -999,  27.49,  27.91,  27.64,  27.84,  28.16,  28.40,  28.20,  28.14,  28.09,  28.23,  27.71,  27.98,  28.04,  28.34,  27.75,  28.15,  28.35,  28.03,  27.77,  27.47,  26.91,  27.31,  27.17,  27.23,  26.30,  27.25,  27.24,  27.76,  27.97,  27.75,  27.76
20170904, 1800,  , LO, 10.6N,  36.0W,  25, 1010,    0,    0,    0,    0,    0,    0,    0,    0,    0,    0,    0,    0, -999,  27.98,  28.16,  28.07,  28.13,  28.28,  28.31,  28.24,  28.44,  28.26,  28.37,  28.22,  28.23,  28.36,  27.98,  27.67,  28.23,  27.78,  27.61,  28.22,  28.16,  28.09,  27.03,  27.73,  27.89,  27.99,  27.89,  27.82,  27.89,  27.21,  27.49,  27.55
20170905, 0000,  , LO, 11.1N,  37.0W,  25, 1009,    0,    0,    0,    0,    0,    0,    0,    0,    0,    0,    0,    0, -999,  27.80,  27.55,  28.33,  28.06,  27.94,  27.77,  28.20,  28.10,  27.86,  27.97,  28.33,  28.30,  27.64,  27.59,  28.03,  27.58,  27.60,  28.10,  27.47,  28.06,  27.32,  28.12,  28.32,  28.08,  27.69,  27.48,  27.47,  26.60,  26.88,  27.09,  26.91
20170905, 0600,  , TD, 11.6N,  37.9W,  30, 1008,    0,    0,    0,    0,    0,    0,    0,    0,    0,    0,    0,    0, -999,  27.88,  28.08,  28.04,  28.30,  28.71,  28.38,  28.64,  28.35,  28.00,  28.85,  28.74,  28.48,  28.52,  28.15,  28.31,  27.45,  27.97,  27.56,  28.29,  28.55,  28.36,  28.29,  28.19,  28.05,  28.38,  28.14,  28.26,  26.93,  27.30,  27.74,  27.89
20170905, 1200,  , TS, 12.0N,  38.8W,  35, 1008,    0,   40,    0,    0,    0,    0,    0,    0,    0,    0,    0,    0, -999,  27.09,  27.35,  27.72,  27.74,  28.39,  28.09,  28.24,  28.12,  27.98,  27.86,  28.24,  28.15,  28.77,  28.89,  28.98,  27.74,  28.17,  28.12,  28.54,  28.23,  28.36,  28.47,  28.36,  28.20,  27.93,  28.03,  28.02,  27.20,  27.50,  27.93,  28.19
20170905, 1800,  , TS, 12.2N,  40.0W,  40, 1006,   50,   40,    0,    0,    0,    0,    0,    0,    0,    0,    0,    0, -999,  27.81,  27.85,  27.34,  28.05,  29.09,  28.80,  28.80,  28.42,  28.21,  27.96,  27.72,  27.79,  28.26,  28.31,  28.70,  28.73,  28.52,  28.14,  27.94,  28.40,  28.21,  27.84,  28.19,  28.66,  28.25,  28.07,  27.76,  26.83,  28.00,  27.91,  28.30
20170906, 0000,  , TS, 12.2N,  41.3W,  45, 1004,   50,   40,    0,   30,    0,    0,    0,    0,    0,    0,    0,    0, -999,  27.88,  27.61,  27.51,  28.78,  28.29,  28.39,  28.26,  28.22,  28.39,  27.91,  28.17,  28.26,  28.86,  28.88,  28.93,  28.79,  29.02,  28.30,  28.26,  28.78,  28.11,  29.00,  28.71,  27.52,  27.72,  28.05,  27.58,  27.86,  27.41,  27.83,  27.28
20170906, 0600,  , TS, 12.5N,  42.6W,  50, 1001,   50,   40,    0,   40,   30,   20,    0,   20,    0,    0,    0,    0, -999,  27.82,  28.02,  27.51,  28.26,  28.43,  28.88,  28.71,  28.43,  28.54,  27.88,  28.53,  28.33,  28.03,  28.30,  28.06,  28.51,  27.90,  28.53,  27.30,  27.96,  27.71,  28.19,  27.73,  27.70,  27.59,  27.78,  28.12,  27.45,  27.85,  27.71,  28.18
20170906, 1200,  , TS, 13.1N,  43.9W,  55,  998,   50,   40,   40,   50,   30,   20,   20,   20,    0,    0,    0,    0, -999,  27.71,  27.89,  27.55,  27.53,  28.01,  28.18,  28.13,  28.27,  28.15,  27.93,  28.17,  28.40,  28.39,  28.49,  28.01,  28.40,  28.16,  28.62,  27.88,  28.36,  28.02,  28.06,  28.49,  28.77,  28.30,  28.34,  28.23,  28.10,  27.94,  28.24,  28.49
20170906, 1800,  , HU, 13.7N,  45.2W,  65,  995,   60,   40,   40,   60,   30,   20,   20,   30,   15,    0,    0,   10, -999,  27.74,  28.01,  27.85,  27.50,  28.19,  28.41,  28.58,  28.44,  28.20,  27.80,  27.74,  27.88,  28.31,  28.36,  28.22,  28.21,  28.15,  27.77,  28.18,  28.11,  28.21,  28.11,  28.00,  28.18,  28.11,  28.15,  28.28,  27.74,  28.05,  28.10,  28.06
20170907, 0000,  , HU, 14.1N,  46.7W,  70,  993,   70,   50,   40,   70,   30,   20,   20,   30,   20,    0,    0,   15, -999,  27.80,  28.05,  27.89,  27.63,  28.35,  27.73,  28.06,  27.93,  28.06,  27.81,  27.98,  28.29,  28.54,  28.38,  28.36,  28.33,  28.12,  27.91,  28.09,  28.28,  28.55,  28.34,  28.39,  27.65,  28.02,  28.26,  27.60,  27.47,  28.09,  27.70,  28.17
20170907, 0600,  , HU, 14.4N,  48.3W,  80,  986,   80,   60,   40,   80,   40,   20,   20,   30,   20,    0,    0,   20, -999,  27.76,  28.10,  27.75,  27.61,  28.32,  27.86,  28.04,  28.12,  28.17,  28.20,  27.95,  27.79,  28.52,  28.54,  28.14,  28.58,  28.19,  27.84,  27.94,  28.05,  27.74,  27.14,  26.80,  27.13,  27.64,  27.94,  27.47,  26.49,  27.66,  27.06,  27.97
20170907, 1200,  , HU, 14.7N,  49.9W,  90,  977,   90,   60,   40,   90,   40,   30,   30,   40,   25,    0,    0,   25, -999,  27.97,  28.12,  27.98,  27.85,  27.80,  27.58,  28.11,  28.30,  28.00,  27.94,  27.60,  27.53,  27.96,  28.09,  28.05,  28.55,  28.24,  28.17,  27.60,  27.70,  27.73,  26.99,  27.18,  27.18,  27.76,  27.91,  28.40,  28.12,  27.89,  27.49,  27.89
20170907, 1800,  , HU, 15.1N,  51.5W, 100,  969,  100,   70,   40,   90,   40,   30,   30,   40,   25,    0,    0,   25, -999,  28.23,  28.35,  28.21,  28.21,  27.65,  28.19,  28.27,  28.36,  28.32,  27.91,  27.69,  27.66,  28.62,  28.00,  28.53,  28.54,  28.51,  27.85,  27.59,  27.60,  27.76,  27.03,  27.35,  27.89,  28.30,  28.16,  28.32,  28.23,  28.36,  27.59,  27.46
20170908, 0000,  , HU, 15.5N,  53.2W, 105,  964,  100,   70,   40,  100,   50,   40,   30,   50,   30,   15,   15,   30, -999,  28.26,  28.39,  28.73,  28.20,  28.48,  28.61,  28.50,  28.58,  28.32,  28.04,  28.01,  28.62,  27.16,  28.28,  28.55,  28.52,  28.36,  28.17,  28.00,  28.13,  27.96,  27.70,  28.35,  28.45,  28.03,  27.86,  27.94,  28.18,  27.51,  27.75,  28.32
20170908, 0600,  , HU, 15.9N,  54.9W, 115,  955,  110,   80,   50,  110,   50,   40,   30,   50,   30,   20,   15,   30, -999,  28.33,  28.62,  28.94,  28.52,  28.88,  28.89,  28.69,  28.81,  28.56,  28.01,  28.30,  28.72,  28.40,  28.70,  28.96,  28.63,  28.66,  28.50,  28.64,  28.44,  28.78,  28.04,  28.57,  28.63,  28.51,  28.57,  28.31,  28.22,  26.93,  27.85,  27.88
20170908, 1200,  , HU, 16.1N,  56.4W, 130,  940,  120,   90,   50,  110,   50,   40,   30,   50,   30,   25,   20,   30, -999,  28.63,  28.81,  28.97,  28.61,  29.04,  28.94,  28.85,  29.09,  28.65,  28.68,  28.77,  28.57,  28.91,  29.08,  28.85,  28.50,  28.19,  28.19,  28.23,  28.05,  28.43,  27.57,  28.03,  28.84,  28.64,  28.64,  28.42,  28.39,  28.17,  28.23,  28.12
20170908, 1800,  , HU, 16.4N,  57.8W, 135,  939,  120,   90,   50,  110,   60,   50,   30,   50,   30,   30,   20,   30, -999,  28.83,  28.94,  29.04,  28.68,  28.82,  28.68,  28.91,  29.37,  28.64,  28.75,  28.89,  27.99,  28.78,  28.77,  28.72,  28.74,  28.56,  28.89,  28.74,  28.83,  28.66,  28.87,  28.71,  28.84,  28.67,  28.62,  28.58,  28.35,  28.36,  28.27,  28.15
20170909, 0000,  , HU, 16.7N,  58.9W, 135,  938,  130,  100,   50,  120,   60,   50,   30,   60,   30,   30,   20,   30, -999,  28.84,  29.06,  28.86,  28.64,  28.81,  28.98,  29.11,  28.65,  28.75,  29.26,  28.36,  29.18,  29.09,  28.90,  28.78,  28.68,  28.36,  28.71,  28.74,  28.65,  28.29,  28.03,  27.71,  29.26,  27.88,  27.98,  27.04,  27.46,  27.31,  27.28,  26.99
20170909, 0600,  , HU, 17.2N,  59.9W, 130,  940,  130,  100,   50,  120,   60,   50,   30,   60,   35,   30,   20,   30, -999,  28.77,  28.94,  28.79,  28.24,  28.66,  29.23,  29.12,  28.73,  28.76,  29.12,  28.61,  29.28,  28.64,  28.74,  28.78,  28.42,  28.57,  28.63,  28.43,  28.17,  28.51,  28.65,  28.69,  29.22,  29.01,  28.69,  28.38,  28.44,  28.84,  28.49,  28.63
20170909, 1200,  , HU, 17.9N,  60.8W, 125,  941,  130,  110,   50,  120,   60,   60,   30,   60,   35,   30,   20,   30, -999,  28.76,  28.67,  28.74,  28.22,  28.66,  29.03,  28.94,  28.84,  28.99,  29.04,  28.79,  29.19,  28.88,  27.94,  28.27,  28.50,  27.92,  28.28,  28.20,  27.98,  27.71,  27.95,  28.19,  27.98,  28.06,  27.80,  27.50,  27.78,  28.12,  28.36,  27.94
20170909, 1800,  , HU, 18.6N,  61.8W, 120,  942,  130,  110,   60,  120,   60,   60,   30,   60,   35,   30,   20,   30, -999,  28.61,  28.82,  28.90,  28.59,  28.95,  28.95,  28.76,  28.67,  28.65,  28.87,  28.93,  29.17,  28.86,  28.05,  28.27,  28.48,  27.40,  27.86,  28.29,  28.18,  28.14,  28.23,  28.31,  28.23,  28.43,  28.54,  28.38,  28.47,  28.30,  28.20,  27.25
20170910, 0000,  , HU, 19.4N,  62.9W, 115,  943,  130,  110,   60,  120,   60,   60,   30,   60,   30,   30,   20,   30, -999,  28.78,  28.69,  28.77,  28.63,  28.80,  28.78,  28.82,  28.54,  28.95,  29.07,  29.05,  28.91,  26.68,  27.99,  28.62,  27.61,  28.25,  28.34,  27.70,  28.01,  28.24,  28.53,  28.54,  28.48,  28.45,  28.14,  27.50,  28.30,  28.41,  28.23,  28.56
20170910, 0600,  , HU, 20.3N,  64.0W, 115,  945,  130,  110,   60,  120,   60,   60,   30,   60,   30,   30,   20,   30, -999,  28.77,  29.02,  28.97,  29.06,  29.10,  29.09,  28.88,  28.52,  29.19,  29.37,  29.24,  29.42,  27.19,  28.07,  28.84,  28.46,  28.16,  28.39,  27.95,  27.97,  28.63,  28.51,  28.32,  27.74,  28.09,  27.81,  27.85,  27.87,  28.22,  28.32,  27.93
20170910, 1200,  , HU, 21.2N,  65.3W, 115,  948,  130,  110,   60,  110,   60,   50,   30,   60,   30,   30,   20,   30, -999,  28.99,  28.89,  28.99,  29.04,  29.04,  29.07,  28.88,  28.80,  28.81,  29.01,  29.25,  29.28,  28.31,  29.16,  29.29,  29.08,  29.14,  28.18,  28.24,  28.78,  28.81,  28.38,  28.41,  28.25,  28.49,  28.48,  28.23,  28.60,  28.43,  28.41,  28.20
20170910, 1800,  , HU, 22.2N,  66.5W, 105,  956,  130,  110,   60,  110,   60,   50,   30,   50,   30,   25,   20,   25, -999,  29.11,  28.88,  28.78,  28.97,  29.03,  29.06,  28.88,  28.77,  29.16,  29.53,  29.49,  29.54,  29.28,  28.48,  28.99,  29.15,  28.11,  28.62,  29.11,  28.85,  28.75,  28.75,  29.20,  28.44,  28.50,  29.04,  28.49,  28.13,  28.00,  28.23,  28.08
20170911, 0000,  , HU, 23.3N,  67.6W, 100,  962,  130,  110,   60,  110,   50,   50,   30,   50,   30,   25,   15,   25, -999,  28.89,  28.90,  29.09,  29.09,  29.02,  28.58,  28.38,  29.31,  29.50,  29.45,  29.64,  29.67,  28.58,  29.28,  29.14,  28.46,  28.43,  28.31,  27.88,  27.51,  27.52,  28.00,  28.00,  28.45,  28.60,  27.90,  27.80,  27.73,  28.04,  28.21,  27.88
20170911, 0600,  , HU, 24.3N,  68.6W,  90,  968,  130,  110,   70,  110,   50,   50,   30,   50,   25,   25,   15,   20, -999,  29.27,  29.15,  29.24,  29.19,  29.21,  28.84,  28.98,  29.42,  29.45,  29.37,  29.39,  29.64,  29.01,  29.34,  29.36,  29.23,  29.05,  29.16,  29.18,  28.14,  27.95,  28.72,  28.10,  28.33,  28.41,  28.07,  27.71,  27.38,  27.19,  27.52,  27.66
20170911, 1200,  , HU, 25.4N,  69.4W,  85,  972,  130,  110,   70,  100,   50,   50,   30,   40,   25,   25,   15,   20, -999,  29.01,  28.78,  28.96,  29.09,  29.15,  28.57,  29.28,  29.50,  29.46,  29.60,  29.69,  29.76,  29.53,  29.66,  29.74,  29.37,  29.03,  28.76,  28.50,  27.91,  24.87,  28.24,  27.59,  27.59,  27.35,  27.54,  27.86,  27.62,  26.76,  26.79,  26.74
20170911, 1800,  , HU, 26.5N,  69.5W,  80,  974,  120,  110,   70,  100,   50,   40,   20,   40,   25,   20,   10,   15, -999,  29.43,  29.47,  29.27,  29.37,  29.42,  29.02,  29.55,  29.53,  29.48,  29.50,  29.53,  29.71,  29.38,  29.44,  29.60,  29.48,  28.63,  27.00,  27.84,  27.94,  26.48,  27.22,  27.32,  27.74,  27.62,  27.22,  27.47,  27.24,  27.07,  27.11,  27.10
20170912, 0000,  , HU, 27.2N,  69.4W,  75,  977,  120,  110,   70,   90,   50,   40,   20,   40,   20,   20,   10,   15, -999,  28.92,  28.64,  29.06,  29.10,  28.80,  29.21,  29.39,  29.39,  29.35,  29.36,  29.56,  29.62,  29.48,  29.56,  29.70,  28.91,  26.68,  28.03,  27.97,  27.29,  26.34,  26.56,  27.84,  27.51,  26.62,  27.24,  27.10,  26.82,  26.91,  27.11,    nan
20170912, 0600,  , HU, 27.6N,  69.1W,  70,  979,  120,  110,   70,   90,   50,   40,   20,   30,   20,   20,   10,   10, -999,  29.02,  28.48,  29.05,  29.07,  28.86,  29.44,  29.55,  29.61,  29.52,  29.43,  29.60,  29.59,  29.48,  29.65,  29.70,  27.91,  26.17,  28.34,  27.97,  26.82,  25.57,  26.08,  27.53,  27.46,  26.48,  27.28,  27.30,  27.02,  26.82,  26.87,    nan
20170912, 1200,  , HU, 27.7N,  68.3W,  70,  979,  120,  100,   70,   90,   40,   40,   20,   30,   20,   20,   10,   10, -999,  29.13,  28.24,  28.91,  28.87,  28.80,  29.34,  29.51,  29.56,  29.63,  29.57,  29.66,  29.42,  29.49,  29.45,  29.53,  28.35,  26.15,  27.96,  27.31,  27.17,  26.30,  26.98,  27.34,  27.37,  27.10,  27.78,  27.57,  27.90,  27.64,  27.77,    nan
20170912, 1800,  , HU, 27.4N,  67.4W,  70,  980,  110,  100,   70,   80,   40,   40,   20,   30,   20,   20,   10,   10, -999,  29.15,  28.93,  29.03,  29.00,  28.97,  29.41,  29.69,  29.49,  29.55,  29.59,  29.63,  29.26,  29.38,  29.11,  29.38,  29.16,  27.56,  27.38,  27.08,  27.22,  27.49,  27.67,  27.76,  27.90,  27.42,  27.76,  27.98,  27.71,  27.62,  27.51,    nan
20170913, 0000,  , HU, 26.8N,  66.7W,  70,  981,  110,  100,   70,   80,   40,   40,   20,   20,   20,   20,   10,   10, -999,  29.00,  29.01,  29.26,  29.12,  29.30,  29.49,  29.39,  29.38,  29.41,  29.50,  29.08,  29.48,  29.20,  29.29,  28.44,  27.69,  26.46,  26.15,  26.81,  27.98,  28.08,  28.12,  28.29,  28.02,  27.87,  27.82,  27.92,  27.41,  27.60,    nan,  27.79
20170913, 0600,  , HU, 26.3N,  66.2W,  70,  981,  110,  100,   70,   80,   40,   40,   20,   20,   20,   20,   10,   10, -999,  29.05,  28.92,  29.14,  28.81,  29.12,  29.27,  29.21,  29.23,  29.68,  29.62,  29.38,  29.38,  29.17,  29.12,  28.66,  28.46,  25.76,  25.99,  26.29,  26.89,  26.85,  27.02,  26.93,  27.54,  27.73,  27.80,  27.45,  27.45,  27.81,    nan,  27.71
20170913, 1200,  , HU, 25.8N,  65.8W,  70,  981,  110,  100,   70,   80,   40,   40,   20,   20,   20,   20,   15,   10, -999,  29.04,  29.01,  29.08,  28.68,  29.25,  29.40,  29.33,  29.27,  29.53,  29.54,  29.38,  29.53,  29.23,  28.82,  28.76,  28.72,  26.11,  24.95,  24.56,  26.49,  26.54,  27.10,  27.03,  27.60,  28.01,  27.93,  27.27,  27.47,  27.94,    nan,  27.61
20170913, 1800,  , HU, 25.4N,  65.6W,  70,  981,  110,  100,   70,   70,   40,   40,   20,   20,   20,   20,   15,   10, -999,  28.97,  29.02,  28.91,  28.29,  28.88,  29.48,  29.54,  29.39,  29.64,  29.55,  29.26,  29.63,  29.51,  29.07,  28.91,  28.73,  27.48,  23.98,  23.38,  26.24,  26.40,  27.03,  26.90,  27.54,  27.37,  27.57,  27.16,  27.39,  27.78,    nan,  27.26
20170914, 0000,  , HU, 25.1N,  65.7W,  70,  981,  110,  100,   70,   70,   40,   40,   20,   20,   20,   20,   15,   10, -999,  29.10,  28.94,  28.08,  28.63,  29.43,  29.56,  29.37,  29.62,  29.44,  29.14,  29.44,  29.40,  28.90,  28.99,  28.87,  27.77,  25.27,  25.75,  27.16,  27.19,  27.47,  27.09,  27.57,  27.43,  27.51,  27.40,  27.47,  27.72,    nan,  27.32,  27.53
20170914, 0600,  , HU, 24.9N,  65.9W,  70,  981,  110,  100,   70,   70,   40,   40,   20,   20,   20,   20,   15,   10, -999,  29.01,  28.91,  27.92,  28.50,  29.36,  29.54,  29.26,  29.64,  29.56,  29.19,  29.29,  29.45,  29.02,  28.83,  28.70,  27.73,  25.74,  26.14,  27.78,  27.44,  27.53,  27.19,  27.76,  27.55,  27.68,  27.59,  27.62,  27.74,    nan,  27.36,  27.50
20170914, 1200,  , HU, 24.8N,  66.3W,  65,  983,  110,  100,   70,   70,   40,   40,   20,   20,   20,   20,   15,   10, -999,  29.02,  28.85,  28.01,  28.42,  29.45,  29.54,  29.18,  29.61,  29.51,  29.21,  29.48,  29.30,  28.92,  28.60,  28.51,  27.94,  26.13,  26.52,  27.47,  27.85,  28.04,  27.60,  27.99,  27.83,  27.90,  27.73,  27.66,  27.71,    nan,  27.58,  27.85
20170914, 1800,  , HU, 25.0N,  66.9W,  65,  985,  110,  110,   70,   70,   50,   50,   20,   30,   20,   20,   15,   10, -999,  29.13,  29.11,  28.21,  28.50,  29.43,  29.53,  29.28,  29.58,  29.63,  29.50,  29.82,  29.56,  29.61,  28.96,  28.16,  27.86,  25.56,  26.59,  28.12,  28.01,  27.96,  27.54,  27.76,  27.66,  27.66,  27.73,  28.12,  28.20,    nan,  27.76,  27.80
20170915, 0000,  , TS, 25.4N,  67.6W,  60,  988,  110,  110,   70,   80,   50,   50,   20,   30,    0,    0,    0,    0, -999,  29.04,  28.55,  29.07,  29.66,  29.52,  29.57,  29.68,  29.52,  29.12,  29.56,  29.70,  29.50,  28.68,  29.07,  28.98,  25.28,  28.45,  29.23,  28.25,  28.08,  28.14,  27.85,  27.72,  27.57,  28.06,  28.23,  28.11,    nan,  27.38,  27.66,  27.85
20170915, 0600,  , TS, 25.8N,  68.2W,  60,  988,  120,  110,   70,   80,   50,   50,   20,   30,    0,    0,    0,    0, -999,  29.40,  29.13,  29.43,  29.63,  29.55,  29.64,  29.77,  29.80,  29.53,  29.70,  29.58,  29.43,  28.10,  29.19,  28.69,  27.40,  28.78,  28.94,  27.98,  27.96,  27.57,  27.84,  28.32,  28.13,  27.76,  27.82,  27.68,    nan,  27.57,  27.95,  27.93
20170915, 1200,  , TS, 26.3N,  69.0W,  60,  986,  120,  120,   70,   80,   50,   60,   30,   30,    0,    0,    0,    0, -999,  29.08,  28.89,  29.38,  29.52,  29.58,  29.62,  29.64,  29.65,  29.37,  29.56,  29.72,  29.61,  26.90,  27.56,  28.85,  28.48,  26.78,  27.78,  27.58,  27.78,  27.59,  27.54,  27.55,  27.42,  27.34,  27.64,  27.25,    nan,  27.37,  27.91,  27.75
20170915, 1800,  , HU, 26.8N,  69.9W,  65,  983,  120,  120,   70,   90,   60,   60,   30,   40,   30,   15,    0,   20, -999,  29.48,  28.93,  29.63,  29.61,  29.68,  29.54,  29.44,  29.65,  29.58,  29.31,  29.49,  29.38,  28.80,  27.45,  28.68,  28.41,  27.43,  27.49,  27.33,  27.63,  27.14,  27.16,  27.89,  27.79,  27.42,  27.21,  27.72,    nan,  27.71,  27.65,  27.20
20170916, 0000,  , HU, 27.2N,  70.7W,  65,  983,  130,  120,   80,   90,   60,   60,   30,   40,   30,   15,    0,   20, -999,  28.41,  29.41,  29.77,  29.62,  29.67,  29.31,  29.50,  29.64,  29.71,  29.72,  29.57,  29.16,  28.82,  29.52,  29.14,  28.47,  27.18,  27.35,  28.37,  27.36,  28.13,  28.89,  28.40,  26.30,  26.19,  26.56,    nan,  26.91,  26.75,  26.59,  25.83
20170916, 0600,  , HU, 27.7N,  71.4W,  65,  983,  130,  130,   80,   90,   70,   70,   30,   50,   30,   15,    0,   20, -999,  28.48,  29.64,  29.80,  29.78,  29.78,  29.63,  29.92,  29.81,  29.66,  29.50,  29.54,  29.25,  29.11,  29.45,  29.25,  29.09,  28.11,  27.48,  27.61,  26.80,  26.72,  27.74,  27.84,  24.88,  23.80,  25.63,    nan,  26.25,  26.73,  26.71,  26.25
20170916, 1200,  , HU, 28.2N,  71.8W,  65,  980,  140,  140,   80,  100,   70,   70,   30,   50,   35,   15,    0,   20, -999,  29.05,  29.65,  29.63,  29.64,  29.70,  29.72,  29.62,  29.62,  29.52,  29.43,  29.50,  29.05,  29.09,  29.23,  29.26,  28.91,  27.57,  27.28,  27.07,  26.53,  26.10,  27.17,  27.36,  25.63,  22.75,  25.11,    nan,  24.52,  25.78,  25.29,  25.15
20170916, 1800,  , HU, 28.6N,  72.0W,  65,  973,  150,  140,   90,  100,   80,   70,   40,   60,   35,   20,   15,   20, -999,  29.06,  29.39,  29.52,  29.65,  29.52,  29.44,  29.53,  29.47,  29.42,  29.30,  29.30,  28.97,  29.08,  29.19,  29.52,  29.38,  27.27,  26.78,  26.93,  26.83,  26.31,  27.23,  27.62,  25.95,  23.66,  24.53,    nan,  24.91,  26.03,  25.57,  26.59
20170917, 0000,  , HU, 29.1N,  72.0W,  70,  971,  150,  150,   90,  110,   80,   80,   40,   60,   40,   25,   15,   20, -999,  29.36,  29.57,  29.52,  29.70,  29.70,  29.21,  29.34,  29.52,  29.18,  29.09,  29.12,  29.29,  29.27,  29.42,  29.19,  26.88,  27.14,  27.14,  26.76,  25.82,  26.90,  27.47,  27.04,  23.31,  24.69,    nan,  24.65,  24.90,  24.64,  25.89,  26.12
20170917, 0600,  , HU, 29.8N,  72.0W,  75,  969,  160,  150,   90,  120,   90,   80,   40,   70,   40,   30,   15,   25, -999,  28.80,  28.80,  29.29,  28.82,  29.61,  29.48,  29.38,  29.53,  29.24,  28.86,  29.27,  29.27,  29.21,  29.50,  29.04,  27.30,  26.43,  27.06,  27.14,  26.83,  26.46,  26.62,  27.38,  24.20,  24.34,    nan,  26.58,  26.11,  23.92,  25.62,  26.19
20170917, 1200,  , HU, 30.5N,  71.9W,  80,  967,  170,  160,  100,  120,   90,   80,   40,   80,   40,   40,   20,   35, -999,  28.01,  28.42,  29.42,  28.90,  29.51,  29.32,  29.29,  29.54,  29.43,  29.13,  29.04,  29.24,  28.89,  29.06,  28.52,  27.34,  26.52,  26.37,  26.43,  26.54,  26.27,  26.94,  26.73,  26.29,  24.98,    nan,  25.13,  25.21,  24.59,  25.40,  25.53
20170917, 1800,  , HU, 31.2N,  71.8W,  80,  967,  180,  170,  100,  130,   90,   80,   50,   80,   45,   45,   20,   40, -999,  27.36,  27.67,  28.76,  28.19,  28.64,  28.69,  29.20,  29.49,  29.19,  29.00,  28.79,  28.88,  28.50,  28.70,  28.67,  28.49,  26.90,  26.75,  26.36,  26.55,  26.51,  26.70,  26.25,  26.12,  24.64,    nan,  25.20,  25.09,  24.48,  25.18,  25.10
20170918, 0000,  , HU, 31.9N,  71.6W,  80,  972,  180,  170,  110,  140,  100,   80,   50,   80,   45,   40,   20,   50, -999,  27.12,  27.74,  27.11,  27.25,  26.72,  27.15,  27.67,  28.12,  28.14,  28.12,  28.35,  28.03,  27.97,  28.12,  28.35,  27.67,  26.85,  27.07,  26.51,  25.90,  26.13,  26.75,  26.59,  25.19,    nan,  25.48,  25.33,  25.30,  25.51,  25.42,  25.55
20170918, 0600,  , HU, 32.7N,  71.4W,  75,  974,  190,  180,  120,  140,  100,   80,   50,   90,   50,   30,   20,   50, -999,  27.34,  27.75,  27.17,  27.58,  27.71,  27.48,  27.47,  27.61,  28.27,  27.93,  27.93,  27.66,  27.58,  27.90,  28.15,  26.47,  26.15,  27.13,  26.86,  26.89,  26.73,  27.10,  26.51,  25.86,    nan,  24.79,  25.22,  25.10,  25.64,  25.82,  25.52
20170918, 1200,  , HU, 33.5N,  71.2W,  70,  976,  200,  180,  120,  150,  100,   80,   60,   90,   50,    0,    0,   50, -999,  27.70,  28.23,  27.89,  27.74,  27.94,  27.60,  27.34,  27.37,  27.23,  27.47,  27.69,  27.44,  27.34,  27.54,  27.91,  27.19,  23.55,  26.12,  26.14,  26.63,  26.53,  26.94,  26.98,  26.27,    nan,  25.28,  25.95,  25.59,  25.52,  25.80,  25.70
20170918, 1800,  , HU, 34.2N,  71.2W,  65,  975,  200,  190,  130,  150,  100,   70,   60,   90,   50,    0,    0,   45, -999,  26.59,  27.13,  26.09,  26.59,  27.37,  26.48,  26.83,  26.87,  26.57,  26.63,  26.63,  26.51,  26.62,  26.89,  27.49,  27.37,  23.77,  25.30,  26.31,  26.82,  26.34,  25.93,  26.42,  26.76,    nan,  24.92,  25.74,  26.15,  26.15,  26.23,  25.80
20170919, 0000,  , HU, 34.9N,  71.4W,  65,  972,  210,  190,  140,  160,  110,   70,   70,  100,   45,    0,    0,   40, -999,  26.95,  26.43,  27.14,  27.29,  27.03,  26.68,  26.49,  26.02,  25.75,  25.45,  25.45,  26.08,  26.66,  26.56,  25.96,  24.92,  24.35,  25.32,  25.69,  25.68,  25.08,  25.89,  26.57,    nan,  23.45,  23.77,  24.82,  25.45,  25.46,  25.57,  25.50
20170919, 0600,  , HU, 35.6N,  71.6W,  65,  971,  210,  190,  140,  170,  110,   70,   70,  100,   40,    0,    0,   40, -999,  26.45,  25.94,  26.90,  26.45,  26.79,  26.64,  26.90,  25.94,  25.87,  25.77,  25.40,  25.85,  25.62,  26.72,  26.74,  25.83,  25.98,  26.05,  25.67,  25.67,  25.64,  25.55,  26.34,    nan,  23.95,  25.04,  24.52,  24.54,  24.24,  24.20,  24.73
20170919, 1200,  , TS, 36.3N,  71.7W,  60,  973,  210,  190,  150,  170,  100,   70,   70,  100,    0,    0,    0,    0, -999,  28.74,  27.55,  27.65,  27.23,  26.99,  27.27,  26.90,  26.62,  27.05,  27.03,  27.82,  27.69,  26.65,  26.54,  26.97,  25.71,  25.08,  25.83,  25.92,  25.54,  25.67,  25.89,  26.03,    nan,  25.53,  25.24,  25.07,  24.50,  24.14,  24.57,  24.52
20170919, 1800,  , TS, 37.0N,  71.5W,  60,  973,  210,  200,  160,  170,  100,   60,   80,  100,    0,    0,    0,    0, -999,  27.04,  27.09,  28.17,  27.96,  28.48,  28.30,  27.88,  27.48,  27.60,  27.75,  27.78,  27.44,  27.56,  27.51,  27.17,  27.57,  27.34,  26.55,  27.50,  27.28,  26.68,  24.04,  25.41,    nan,  26.47,  26.41,  27.05,  26.83,  26.78,  26.37,  25.94
20170920, 0000,  , TS, 37.6N,  71.2W,  60,  973,  210,  200,  160,  180,   90,   60,   80,  100,    0,    0,    0,    0, -999,  24.06,  23.79,  25.97,  23.29,  23.45,  25.10,  24.58,  25.28,  26.53,  25.52,  25.85,  25.15,  24.00,  24.60,  23.87,  24.13,  22.46,  23.30,  22.60,  22.16,  22.63,  22.93,    nan,  20.87,  21.34,  21.27,  20.79,  21.16,  21.57,  21.89,  22.24
20170920, 0600,  , TS, 38.1N,  70.8W,  60,  975,  210,  190,  170,  180,   80,   60,   80,   90,    0,    0,    0,    0, -999,  22.33,  22.71,  22.64,  23.62,  23.74,  25.20,  23.80,  22.16,  22.44,  23.24,  23.52,  21.80,  23.23,  24.27,  23.57,  23.19,  21.77,  22.68,  21.14,  20.65,  20.52,  21.45,    nan,  22.02,  21.26,  21.99,  21.48,  21.54,  21.55,  20.75,  21.40
20170920, 1200,  , TS, 38.7N,  70.2W,  60,  976,  200,  190,  170,  180,   70,   70,   90,   90,    0,    0,    0,    0, -999,  22.52,  22.18,  22.18,  21.75,  22.12,  22.21,  21.29,  21.90,  22.63,  22.50,  22.77,  22.66,  22.00,  22.13,  22.66,  22.43,  21.20,  20.79,  19.66,  19.02,  19.09,  19.55,    nan,  20.84,  19.91,  20.35,  19.84,  19.52,  20.36,  19.95,  19.26
20170920, 1800,  , TS, 39.2N,  69.4W,  60,  976,  200,  190,  180,  180,   60,   70,   90,   90,    0,    0,    0,    0, -999,  22.09,  21.97,  22.30,  22.25,  21.85,  21.54,  21.32,  21.45,  21.51,  21.73,  22.10,  22.12,  21.14,  21.18,  22.32,  21.00,  20.75,  18.63,  18.91,  19.62,  20.10,  19.56,    nan,  21.09,  20.80,  20.46,  19.96,  19.93,  19.78,  19.76,  19.40
20170921, 0000,  , TS, 39.4N,  68.5W,  55,  979,  190,  180,  180,  180,   50,   80,   90,   90,    0,    0,    0,    0, -999,  21.57,  21.73,  21.74,  21.72,  22.02,  21.38,  21.99,  22.36,  22.44,  21.74,  21.27,  21.22,  21.76,  21.82,  22.16,  21.91,  21.77,  21.44,  21.37,  21.06,  20.71,    nan,  21.77,  21.81,  21.23,  20.64,  20.46,  21.37,  21.54,  21.27,  21.68
20170921, 0600,  , TS, 39.7N,  68.1W,  55,  982,  180,  170,  180,  180,    0,    0,   90,   80,    0,    0,    0,    0, -999,  22.82,  22.51,  22.56,  22.39,  22.05,  22.03,  21.95,  21.97,  21.56,  22.42,  21.52,  21.88,  22.82,  23.05,  23.15,  22.59,  22.92,  22.42,  22.34,  20.85,  21.15,    nan,  22.91,  23.12,  22.28,  22.21,  22.33,  22.55,  22.06,  21.58,  22.29
20170921, 1200,  , TS, 39.7N,  68.0W,  55,  984,  170,  170,  180,  170,    0,    0,   90,   80,    0,    0,    0,    0, -999,  22.82,  22.51,  22.56,  22.39,  22.05,  22.03,  21.95,  21.97,  21.56,  22.42,  21.52,  21.88,  22.82,  23.05,  23.15,  22.59,  22.92,  22.42,  22.34,  20.85,  21.15,    nan,  22.91,  23.12,  22.28,  22.21,  22.33,  22.55,  22.06,  21.58,  22.29
20170921, 1800,  , TS, 39.5N,  68.0W,  50,  984,  160,  150,  180,  170,    0,    0,   90,   80,    0,    0,    0,    0, -999,  22.98,  23.06,  23.28,  22.64,  22.45,  22.18,  21.98,  22.21,  22.32,  22.55,  22.18,  22.12,  22.83,  23.66,  23.47,  22.80,  23.06,  22.49,  22.45,  20.91,  21.55,    nan,  22.52,  22.73,  22.15,  22.45,  22.80,  22.96,  22.08,  21.39,  22.27
20170922, 0000,  , TS, 39.5N,  68.2W,  45,  986,  150,  140,  170,  160,    0,    0,    0,    0,    0,    0,    0,    0, -999,  23.13,  23.47,  22.03,  22.18,  21.91,  22.04,  22.31,  22.24,  22.50,  22.41,  22.21,  22.89,  23.14,  23.02,  22.35,  22.74,  22.27,  22.30,  20.69,  21.06,    nan,  22.27,  22.53,  21.98,  21.86,  21.94,  22.51,  22.57,  22.27,  22.38,  22.48
20170922, 0600,  , TS, 39.6N,  68.6W,  45,  989,  150,  130,  160,  150,    0,    0,    0,    0,    0,    0,    0,    0, -999,  21.89,  22.59,  21.99,  21.75,  21.37,  21.92,  21.95,  21.95,  22.36,  21.52,  21.07,  21.60,  21.68,  21.81,  21.96,  21.84,  21.36,  21.44,  20.93,  20.67,    nan,  21.89,  21.89,  21.09,  20.57,  20.47,  21.13,  21.01,  20.75,  21.33,  21.60
20170922, 1200,  , TS, 39.7N,  69.0W,  40,  992,  140,  120,  140,  140,    0,    0,    0,    0,    0,    0,    0,    0, -999,  21.24,  22.07,  20.92,  20.09,  19.63,  20.59,  21.29,  21.50,  22.06,  21.91,  21.60,  21.20,  21.37,  21.19,  21.74,  21.56,  21.05,  20.53,  19.76,  20.15,    nan,  21.81,  21.53,  20.92,  20.29,  20.15,  20.18,  20.18,  20.21,  20.66,  21.18
20170922, 1800,  , LO, 39.7N,  69.1W,  40,  996,    0,    0,  130,  130,    0,    0,    0,    0,    0,    0,    0,    0, -999,  21.41,  21.80,  21.14,  20.66,  20.65,  19.94,  20.50,  21.84,  22.39,  22.41,  21.80,  20.90,  22.07,  21.28,  21.44,  20.70,  20.67,  20.79,  20.02,  20.17,    nan,  21.28,  21.22,  20.70,  20.16,  20.14,  20.14,  20.06,  19.92,  20.10,  20.18
20170923, 0000,  , LO, 39.7N,  69.3W,  35,  999,    0,    0,  110,  120,    0,    0,    0,    0,    0,    0,    0,    0, -999,  21.66,  21.23,  20.87,  20.83,  20.92,  20.75,  20.31,  20.88,  22.31,  22.19,  21.43,  22.79,  21.59,  21.13,  19.80,  20.05,  20.77,  19.93,  19.85,    nan,  20.64,  20.74,  20.47,  19.95,  19.88,  20.08,  20.01,  19.69,  19.85,  19.90,  19.84
20170923, 0600,  , LO, 39.5N,  69.6W,  35, 1002,    0,    0,  100,  110,    0,    0,    0,    0,    0,    0,    0,    0, -999,  22.11,  21.82,  21.55,  21.16,  21.23,  21.35,  21.36,  21.66,  20.36,  20.90,  20.99,  22.24,  20.56,  19.56,  19.75,  19.13,  19.31,  20.07,  19.70,    nan,  19.52,  19.89,  20.39,  19.82,  19.29,  19.34,  19.48,  18.95,  19.73,  20.49,  19.81
20170923, 1200,  , LO, 39.1N,  69.7W,  30, 1004,    0,    0,    0,    0,    0,    0,    0,    0,    0,    0,    0,    0, -999,  22.25,  21.87,  21.60,  21.46,  21.69,  21.77,  21.86,  21.96,  22.04,  21.29,  21.80,  22.48,  21.12,  20.36,  18.33,  18.84,  19.68,  20.02,  19.69,    nan,  20.65,  20.37,  20.56,  20.00,  19.70,  19.63,  19.70,  19.35,  19.78,  20.26,  19.58
20170923, 1800,  , LO, 38.7N,  69.1W,  30, 1007,    0,    0,    0,    0,    0,    0,    0,    0,    0,    0,    0,    0, -999,  24.32,  23.21,  23.55,  22.69,  23.12,  23.18,  23.30,  23.56,  24.16,  24.08,  24.56,  24.68,  23.05,  22.14,  21.23,  21.09,  21.24,  21.58,  20.32,    nan,  21.73,  21.49,  20.78,  20.00,  19.91,  20.45,  21.22,  21.02,  21.49,  21.26,  21.51
20170924, 0000,  , LO, 38.7N,  68.7W,  25, 1009,    0,    0,    0,    0,    0,    0,    0,    0,    0,    0,    0,    0, -999,  24.04,  23.87,  22.71,  22.98,  23.45,  23.83,  23.98,  24.04,  23.23,  23.47,  23.66,  23.60,  22.09,  21.32,  21.00,  21.10,  21.05,  20.15,    nan,  21.55,  21.54,  21.31,  21.00,  20.77,  20.71,  21.12,  21.24,  21.60,  21.42,  21.76,  22.80
20170924, 0600,  , LO, 38.9N,  68.4W,  25, 1010,    0,    0,    0,    0,    0,    0,    0,    0,    0,    0,    0,    0, -999,  22.91,  22.22,  21.84,  21.98,  22.04,  21.74,  22.43,  22.76,  22.03,  22.87,  23.65,  22.93,  21.83,  21.93,  21.57,  21.52,  21.12,  20.38,    nan,  21.85,  21.89,  22.09,  21.89,  21.73,  22.27,  21.95,  21.75,  22.89,  22.91,  22.70,  23.08
20170924, 1200,  , LO, 38.9N,  68.0W,  20, 1011,    0,    0,    0,    0,    0,    0,    0,    0,    0,    0,    0,    0, -999,  23.48,  22.50,  24.16,  23.46,  23.42,  23.45,  23.76,  23.41,  23.21,  24.41,  24.44,  23.51,  22.42,  22.82,  22.22,  22.12,  21.50,  22.06,    nan,  24.36,  24.21,  23.07,  22.99,  22.71,  22.81,  22.61,  22.40,  22.63,  21.68,  21.89,  22.54
20170924, 1800,  , LO, 38.7N,  68.2W,  15, 1011,    0,    0,    0,    0,    0,    0,    0,    0,    0,    0,    0,    0, -999,  23.50,  22.99,  24.31,  23.71,  23.73,  23.76,  23.62,  23.67,  23.22,  23.65,  24.01,  23.85,  22.57,  21.95,  21.55,  21.28,  20.83,  20.57,    nan,  22.94,  22.95,  21.95,  22.19,  22.34,  22.98,  21.96,  21.55,  22.07,  21.80,  22.42,  23.41
20170925, 0000,  , LO, 38.7N,  68.7W,  15, 1012,    0,    0,    0,    0,    0,    0,    0,    0,    0,    0,    0,    0, -999,  23.87,  22.71,  22.98,  23.45,  23.83,  23.98,  24.04,  23.23,  23.47,  23.66,  23.60,  22.09,  21.32,  21.00,  21.10,  21.05,  20.15,    nan,  21.55,  21.54,  21.31,  21.00,  20.77,  20.71,  21.12,  21.24,  21.60,  21.42,  21.76,  22.80,  22.69
20170925, 0600,  , LO, 38.7N,  69.2W,  15, 1013,    0,    0,    0,    0,    0,    0,    0,    0,    0,    0,    0,    0, -999,  22.82,  22.40,  22.79,  22.88,  23.19,  23.98,  24.03,  23.67,  23.91,  24.24,  22.93,  22.21,  21.29,  21.12,  21.34,  21.82,  20.34,    nan,  21.82,  21.66,  20.79,  20.08,  20.01,  20.36,  21.02,  20.97,  21.52,  21.36,  21.27,  22.63,  22.49
