AL122022,             TWELVE,     10,
20221004, 1200,  , TD, 13.6N,  29.5W,  30, 1007,    0,    0,    0,    0,    0,    0,    0,    0,    0,    0,    0,    0,   40,  36.19,  36.12,  36.10,  36.08,  36.11,  36.09,  36.06,  35.98,  36.02,  35.93,  35.87,  35.84,  35.83,  35.80,  35.80,  35.80,  35.85,  35.81,  35.92,  35.82,  35.80,  35.82,  35.80,  35.84,  35.76,  35.75,  35.73,  35.65,  35.66,  35.65,  35.68
20221004, 1800,  , TD, 14.2N,  30.2W,  30, 1007,    0,    0,    0,    0,    0,    0,    0,    0,    0,    0,    0,    0,   40,  36.05,  35.98,  36.06,  36.02,  36.08,  36.06,  36.10,  36.11,  36.14,  36.16,  36.22,  36.20,  36.16,  36.17,  36.25,  36.17,  36.26,  36.25,  36.28,  36.16,  36.17,  36.17,  36.14,  36.13,  36.14,  36.07,  36.09,  36.11,  36.15,  36.16,  36.18
20221005, 0000,  , TD, 14.6N,  30.5W,  30, 1007,    0,    0,    0,    0,    0,    0,    0,    0,    0,    0,    0,    0,   50,  36.12,  36.13,  36.15,  36.26,  36.30,  36.37,  36.46,  36.47,  36.51,  36.46,  36.45,  36.36,  36.34,  36.28,  36.24,  36.20,  36.18,  36.15,  36.14,  36.18,  36.21,  36.21,  36.21,  36.22,  36.23,  36.20,  36.18,  36.18,  36.15,  36.14,  36.13
20221005, 0600,  , TD, 15.0N,  30.9W,  30, 1007,    0,    0,    0,    0,    0,    0,    0,    0,    0,    0,    0,    0,   60,  36.56,  36.55,  36.54,  36.54,  36.54,  36.53,  36.56,  36.56,  36.57,  36.56,  36.57,  36.56,  36.55,  36.59,  36.59,  36.59,  36.54,  36.52,  36.50,  36.51,  36.48,  36.46,  36.42,  36.43,  36.43,  36.42,  36.43,  36.43,  36.42,  36.42,  36.39
20221005, 1200,  , TD, 15.3N,  31.5W,  30, 1007,    0,    0,    0,    0,    0,    0,    0,    0,    0,    0,    0,    0,   60,  36.62,  36.69,  36.72,  36.70,  36.75,  36.72,  36.73,  36.76,  36.76,  36.74,  36.71,  36.70,  36.68,  36.72,  36.72,  36.73,  36.65,  36.70,  36.66,  36.65,  36.62,  36.56,  36.55,  36.60,  36.60,  36.63,  36.64,  36.65,  36.61,  36.57,  36.60
20221005, 1800,  , TD, 16.0N,  31.9W,  30, 1007,    0,    0,    0,    0,    0,    0,    0,    0,    0,    0,    0,    0,   60,  36.81,  36.82,  36.84,  36.84,  36.84,  36.84,  36.86,  36.79,  36.77,  36.72,  36.69,  36.68,  36.68,  36.68,  36.75,  36.78,  36.70,  36.77,  36.74,  36.73,  36.78,  36.69,  36.71,  36.69,  36.71,  36.71,  36.69,  36.72,  36.70,  36.68,  36.68
20221006, 0000,  , TD, 17.0N,  32.1W,  30, 1007,    0,    0,    0,    0,    0,    0,    0,    0,    0,    0,    0,    0,   60,  37.05,  37.04,  37.00,  36.98,  37.00,  37.01,  36.99,  36.95,  36.91,  36.86,  36.79,  36.79,  36.80,  36.81,  36.84,  36.79,  36.80,  36.75,  36.67,  36.63,  36.59,  36.57,  36.55,  36.52,  36.54,  36.54,  36.59,  36.59,  36.60,  36.62,  36.59
20221006, 0600,  , TD, 17.7N,  32.8W,  30, 1007,    0,    0,    0,    0,    0,    0,    0,    0,    0,    0,    0,    0,   60,  37.02,  37.04,  37.05,  37.02,  36.92,  36.89,  36.91,  36.92,  36.93,  36.97,  37.07,  37.08,  37.09,  37.05,  37.01,  36.96,  36.92,  36.91,  36.97,  37.05,  37.09,  37.04,  37.02,  36.97,  36.97,  36.96,  36.94,  37.06,  37.13,  37.16,  37.16
20221006, 1200,  , TD, 18.1N,  33.9W,  30, 1008,    0,    0,    0,    0,    0,    0,    0,    0,    0,    0,    0,    0,   60,  37.10,  37.11,  37.12,  37.12,  37.13,  37.13,  37.12,  37.13,  37.13,  37.12,  37.11,  37.11,  37.12,  37.11,  37.10,  37.09,  37.08,  37.06,  37.05,  37.03,  37.00,  37.01,  37.03,  37.08,  37.05,  37.05,  37.04,  37.03,  37.04,  37.04,  37.05
20221006, 1800,  , TD, 18.7N,  35.0W,  30, 1009,    0,    0,    0,    0,    0,    0,    0,    0,    0,    0,    0,    0,   60,  37.21,  37.21,  37.22,  37.20,  37.19,  37.19,  37.18,  37.18,  37.17,  37.16,  37.18,  37.20,  37.16,  37.17,  37.15,  37.15,  37.17,  37.15,  37.09,  37.09,  37.12,  37.10,  37.12,  37.13,  37.11,  37.11,  37.12,  37.13,  37.14,  37.16,  37.17
