AL122000,             HELENE,     42,
20000915, 1200,  , TD, 14.9N,  52.2W,  25, 1010, -999, -999, -999, -999, -999, -999, -999, -999, -999, -999, -999, -999, -999,  36.38,  36.39,  36.43,  36.45,  36.46,  36.47,  36.46,  36.47,  36.41,  36.46,  36.45,  36.40,  36.36,  36.37,  36.38,  36.34,  36.26,  36.27,  36.14,  35.90,  35.87,  35.92,  35.97,  36.05,  36.12,  36.22,  36.35,  36.46,  36.49,  36.49,  36.49
20000915, 1800,  , TD, 15.3N,  53.0W,  25, 1010, -999, -999, -999, -999, -999, -999, -999, -999, -999, -999, -999, -999, -999,  36.27,  36.31,  36.32,  36.35,  36.38,  36.43,  36.37,  36.19,  36.15,  36.17,  36.18,  36.17,  36.18,  36.20,  36.22,  36.28,  36.30,  36.29,  36.31,  36.37,  36.36,  36.31,  36.24,  36.20,  36.23,  36.22,  36.26,  36.27,  36.27,  36.25,  36.19
20000916, 0000,  , TD, 15.6N,  53.6W,  25, 1010, -999, -999, -999, -999, -999, -999, -999, -999, -999, -999, -999, -999, -999,  36.05,  36.08,  36.07,  36.09,  36.03,  36.04,  36.06,  36.10,  36.19,  36.24,  36.37,  36.42,  36.44,  36.44,  36.44,  36.40,  36.33,  36.27,  36.20,  36.16,  36.14,  36.13,  36.14,  36.14,  36.18,  36.25,  36.21,  36.12,  36.11,  36.15,  36.21
20000916, 0600,  , TD, 15.8N,  54.4W,  25, 1010, -999, -999, -999, -999, -999, -999, -999, -999, -999, -999, -999, -999, -999,  35.91,  35.93,  35.93,  35.96,  35.99,  36.05,  36.04,  36.04,  36.02,  36.00,  36.01,  36.02,  36.06,  36.13,  36.15,  36.27,  36.26,  36.22,  36.36,  36.36,  36.39,  36.41,  36.44,  36.41,  36.38,  36.39,  36.38,  36.38,  36.36,  36.25,  36.16
20000916, 1200,  , TD, 16.1N,  55.9W,  30, 1010, -999, -999, -999, -999, -999, -999, -999, -999, -999, -999, -999, -999, -999,  36.42,  36.40,  36.40,  36.39,  36.38,  36.35,  36.29,  36.26,  36.23,  36.24,  36.24,  36.25,  36.28,  36.36,  36.38,  36.40,  36.39,  36.35,  36.37,  36.38,  36.39,  36.42,  36.44,  36.45,  36.45,  36.42,  36.41,  36.39,  36.35,  36.33,  36.33
20000916, 1800,  , WV, 16.4N,  58.0W,  30, 1010, -999, -999, -999, -999, -999, -999, -999, -999, -999, -999, -999, -999, -999,  35.81,  35.77,  35.80,  35.76,  35.59,  35.50,  35.57,  35.40,  35.57,  35.62,  35.38,  35.18,  35.10,  35.13,  35.17,  35.18,  35.14,  35.12,  35.12,  35.16,  35.17,  35.18,  35.22,  35.29,  35.36,  35.43,  35.51,  35.59,  35.60,  35.55,  35.56
20000917, 0000,  , WV, 16.6N,  59.9W,  30, 1010, -999, -999, -999, -999, -999, -999, -999, -999, -999, -999, -999, -999, -999,  36.25,  36.19,  36.15,  36.14,  36.15,  36.16,  36.19,  36.15,  36.05,  35.98,  36.23,  36.28,  36.28,  36.28,  36.24,  36.21,  36.17,  36.17,  36.16,  36.24,  36.38,  36.53,  36.38,  35.94,  35.52,  35.45,  35.44,  34.93,  34.69,  34.63,  34.84
20000917, 0600,  , WV, 16.6N,  61.7W,  30, 1010, -999, -999, -999, -999, -999, -999, -999, -999, -999, -999, -999, -999, -999,  36.01,  35.89,  35.79,  35.78,  35.79,  35.79,  35.80,  35.83,  35.84,  35.87,  35.87,  35.89,  35.91,  35.91,  35.90,  35.88,  35.87,  35.89,  35.90,  35.92,  35.93,  35.93,  35.92,  35.88,  35.86,  35.85,  35.86,  35.62,  35.36,  35.24,  35.26
20000917, 1200,  , WV, 16.4N,  63.6W,  30, 1010, -999, -999, -999, -999, -999, -999, -999, -999, -999, -999, -999, -999, -999,  34.98,  35.05,  35.07,  35.08,  35.06,  35.12,  35.13,  35.05,  34.75,  34.56,  34.28,  34.20,  34.26,  34.36,  34.37,  34.31,  34.38,  34.43,  34.83,  34.93,  34.90,  34.93,  35.07,  35.11,  35.23,  35.18,  35.19,  35.17,  35.16,  35.12,  35.11
20000917, 1800,  , WV, 16.7N,  65.6W,  30, 1010, -999, -999, -999, -999, -999, -999, -999, -999, -999, -999, -999, -999, -999,  34.32,  34.51,  34.51,  34.37,  34.45,  34.53,  34.37,  34.09,  34.09,  34.19,  34.20,  34.20,  34.75,  35.26,  35.27,  35.23,  35.16,  35.20,  35.21,  35.07,  34.98,  34.86,  34.89,  34.91,  34.91,  34.22,  34.11,  34.15,  34.20,  34.19,  34.16
20000918, 0000,  , WV, 17.0N,  67.1W,  30, 1010, -999, -999, -999, -999, -999, -999, -999, -999, -999, -999, -999, -999, -999,  35.68,  35.68,  35.69,  35.69,  35.68,  35.67,  35.67,  35.67,  35.65,  35.69,  35.67,  35.55,  35.41,  35.32,  35.33,  35.34,  35.30,  35.49,  35.50,  35.51,  35.55,  35.60,  35.62,  35.66,  35.58,  35.54,  35.54,  35.53,  35.50,  35.39,  35.19
20000918, 0600,  , WV, 17.1N,  68.7W,  30, 1010, -999, -999, -999, -999, -999, -999, -999, -999, -999, -999, -999, -999, -999,  35.91,  35.93,  35.94,  35.97,  35.91,  35.94,  35.80,  35.46,  34.94,  35.14,  35.24,  35.39,  35.70,  35.85,  35.82,  35.69,  35.61,  35.63,  35.60,  35.61,  35.62,  35.63,  35.66,  35.70,  35.67,  35.60,  35.62,  35.61,  35.59,  35.59,  35.57
20000918, 1200,  , WV, 17.2N,  70.6W,  30, 1010, -999, -999, -999, -999, -999, -999, -999, -999, -999, -999, -999, -999, -999,  35.99,  35.88,  35.69,  35.43,  35.33,  35.38,  35.42,  35.37,  35.28,  35.28,  35.35,  35.70,  35.41,  35.48,  35.66,  35.77,  35.77,  35.70,  35.64,  35.69,  35.68,  35.77,  35.81,  35.77,  35.75,  35.14,  35.07,  34.98,  34.90,  34.93,  34.95
20000918, 1800,  , WV, 17.4N,  72.5W,  30, 1010, -999, -999, -999, -999, -999, -999, -999, -999, -999, -999, -999, -999, -999,  36.04,  36.03,  36.03,  35.88,  35.81,  35.78,  35.79,  35.78,  35.78,  35.80,  35.77,  35.80,  35.85,  35.89,  35.91,  35.91,  35.91,  35.90,  35.90,  35.92,  35.92,  35.93,  35.94,  35.97,  35.93,  35.80,  35.76,  35.78,  35.84,  35.83,  35.85
20000919, 0000,  , WV, 17.6N,  74.4W,  30, 1010, -999, -999, -999, -999, -999, -999, -999, -999, -999, -999, -999, -999, -999,  36.21,  36.23,  36.23,  36.23,  36.22,  36.21,  36.18,  36.15,  36.12,  36.09,  36.09,  36.10,  36.12,  36.12,  36.11,  36.10,  36.07,  36.09,  36.10,  36.11,  36.11,  36.12,  36.12,  36.07,  36.05,  36.03,  36.03,  36.04,  36.02,  36.00,  36.03
20000919, 0600,  , WV, 18.3N,  76.3W,  30, 1010, -999, -999, -999, -999, -999, -999, -999, -999, -999, -999, -999, -999, -999,  36.20,  36.19,  36.19,  36.19,  36.19,  36.19,  36.16,  36.14,  36.15,  36.12,  36.13,  36.15,  36.17,  36.17,  36.17,  36.18,  36.17,  36.17,  36.17,  36.17,  36.16,  36.15,  36.21,  36.20,  36.12,  36.17,  36.10,  36.06,  36.10,  36.12,  36.10
20000919, 1200,  , WV, 18.9N,  78.3W,  30, 1010, -999, -999, -999, -999, -999, -999, -999, -999, -999, -999, -999, -999, -999,  36.16,  36.19,  36.20,  36.21,  36.21,  36.20,  36.17,  36.14,  36.17,  36.18,  36.18,  36.18,  36.18,  36.18,  36.18,  36.17,  36.19,  36.18,  36.18,  36.18,  36.17,  36.16,  36.15,  36.14,  36.14,  36.17,  36.14,  36.12,  36.13,  36.14,  36.13
20000919, 1800,  , TD, 19.4N,  79.6W,  30, 1010, -999, -999, -999, -999, -999, -999, -999, -999, -999, -999, -999, -999, -999,  36.17,  36.17,  36.20,  36.22,  36.14,  36.12,  36.16,  36.15,  36.15,  36.15,  36.16,  36.16,  36.17,  36.17,  36.17,  36.17,  36.17,  36.16,  36.17,  36.16,  36.17,  36.16,  36.16,  36.14,  36.14,  36.13,  36.14,  36.14,  36.11,  36.09,  36.10
20000920, 0000,  , TD, 19.9N,  81.0W,  30, 1010, -999, -999, -999, -999, -999, -999, -999, -999, -999, -999, -999, -999, -999,  36.18,  36.17,  36.15,  36.16,  36.19,  36.19,  36.18,  36.18,  36.19,  36.17,  36.16,  36.16,  36.15,  36.15,  36.15,  36.14,  36.12,  36.11,  36.10,  36.09,  36.10,  36.11,  36.14,  36.11,  36.09,  36.08,  36.08,  36.09,  36.08,  36.09,  36.08
20000920, 0600,  , TD, 20.7N,  82.6W,  25, 1010, -999, -999, -999, -999, -999, -999, -999, -999, -999, -999, -999, -999, -999,  36.13,  36.14,  36.16,  36.17,  36.17,  36.17,  36.16,  36.17,  36.17,  36.16,  36.14,  36.13,  36.12,  36.12,  36.12,  36.14,  36.13,  36.12,  36.10,  36.08,  36.07,  36.07,  36.09,  36.12,  36.12,  36.13,  36.12,  36.10,  36.09,  36.10,  36.11
20000920, 1200,  , TD, 21.8N,  84.3W,  25, 1010, -999, -999, -999, -999, -999, -999, -999, -999, -999, -999, -999, -999, -999,  36.17,  36.19,  36.18,  36.19,  36.20,  36.19,  36.19,  36.19,  36.19,  36.17,  36.15,  36.09,  36.10,  36.09,  36.08,  36.09,  36.09,  36.07,  36.07,  36.06,  36.05,  36.06,  36.05,  36.05,  36.05,  36.06,  36.06,  36.04,  36.05,  36.08,  36.13
20000920, 1800,  , TD, 23.0N,  85.4W,  25, 1010, -999, -999, -999, -999, -999, -999, -999, -999, -999, -999, -999, -999, -999,  36.21,  36.18,  36.17,  36.18,  36.19,  36.19,  36.19,  36.20,  36.20,  36.20,  36.19,  36.17,  36.06,  36.13,  36.03,  36.23,  36.02,  35.90,  36.15,  36.13,  36.07,  35.98,  35.94,  36.07,  36.17,  36.17,  36.17,  36.17,  36.17,  36.16,  36.14
20000921, 0000,  , TD, 23.9N,  86.1W,  25, 1008, -999, -999, -999, -999, -999, -999, -999, -999, -999, -999, -999, -999, -999,  36.22,  36.21,  36.19,  36.17,  36.17,  36.19,  36.20,  36.22,  36.22,  36.20,  36.20,  36.15,  36.14,  36.11,  36.07,  36.02,  35.99,  35.98,  36.12,  36.00,  36.11,  36.12,  36.08,  36.07,  36.08,  36.10,  36.09,  36.12,  36.14,  36.14,  36.13
20000921, 0600,  , TS, 24.9N,  86.6W,  35, 1007, -999, -999, -999, -999, -999, -999, -999, -999, -999, -999, -999, -999, -999,  36.22,  36.22,  36.21,  36.22,  36.21,  36.21,  36.21,  36.21,  36.20,  36.20,  36.22,  36.20,  36.20,  36.19,  36.18,  36.17,  36.16,  36.16,  36.17,  36.17,  36.16,  36.11,  36.08,  36.11,  36.10,  36.13,  36.12,  36.14,  36.17,  36.17,  36.19
20000921, 1200,  , TS, 26.1N,  87.0W,  45, 1006, -999, -999, -999, -999, -999, -999, -999, -999, -999, -999, -999, -999, -999,  36.20,  36.20,  36.17,  36.14,  36.14,  36.19,  36.18,  36.18,  36.18,  36.20,  36.20,  36.18,  36.17,  36.16,  36.16,  36.16,  36.12,  36.12,  36.11,  36.08,  36.06,  36.12,  36.16,  36.13,  36.12,  36.13,  36.09,  36.09,  36.11,  36.12,  36.12
20000921, 1800,  , TS, 27.1N,  87.1W,  60,  999, -999, -999, -999, -999, -999, -999, -999, -999, -999, -999, -999, -999, -999,  36.18,  36.18,  36.16,  36.02,  35.97,  36.07,  36.13,  36.19,  36.16,  36.16,  36.16,  36.10,  36.08,  36.08,  36.10,  36.09,  36.04,  36.03,  36.05,  36.09,  36.10,  36.09,  36.13,  36.15,  36.11,  36.11,  36.14,  36.15,  36.12,  36.08,  36.09
20000922, 0000,  , TS, 28.4N,  87.2W,  60,  996, -999, -999, -999, -999, -999, -999, -999, -999, -999, -999, -999, -999, -999,  35.81,  35.67,  35.58,  35.52,  35.45,  35.41,  35.51,  35.58,  35.61,  35.61,  35.58,  35.60,  35.75,  35.78,  35.54,  35.67,  35.94,  36.14,  36.12,  36.09,  36.09,  36.08,  36.08,  36.09,  36.06,  36.04,  36.05,  36.07,  36.06,  36.01,  36.02
20000922, 0600,  , TS, 29.5N,  87.2W,  50, 1001, -999, -999, -999, -999, -999, -999, -999, -999, -999, -999, -999, -999, -999,  35.35,  35.32,  35.32,  35.34,  35.36,  35.36,  35.37,  35.38,  35.38,  35.39,  35.40,  35.40,  35.43,  35.47,  35.49,  35.57,  35.74,  35.85,  35.80,  35.77,  35.80,  35.86,  35.86,  35.95,  36.08,  36.13,  36.06,  35.97,  35.95,  36.01,  36.06
20000922, 1200, L, TS, 30.5N,  86.6W,  35, 1006, -999, -999, -999, -999, -999, -999, -999, -999, -999, -999, -999, -999, -999,    nan,    nan,    nan,    nan,    nan,    nan,    nan,    nan,    nan,    nan,    nan,    nan,    nan,    nan,    nan,    nan,    nan,    nan,    nan,    nan,    nan,    nan,    nan,    nan,    nan,    nan,    nan,    nan,    nan,    nan,    nan
20000922, 1800,  , TD, 31.6N,  85.4W,  25, 1010, -999, -999, -999, -999, -999, -999, -999, -999, -999, -999, -999, -999, -999,    nan,    nan,    nan,    nan,    nan,    nan,    nan,    nan,    nan,    nan,    nan,    nan,    nan,    nan,    nan,    nan,    nan,    nan,    nan,    nan,    nan,    nan,    nan,    nan,    nan,    nan,    nan,    nan,    nan,    nan,    nan
20000923, 0000,  , TD, 32.9N,  83.5W,  25, 1011, -999, -999, -999, -999, -999, -999, -999, -999, -999, -999, -999, -999, -999,    nan,    nan,    nan,    nan,    nan,    nan,    nan,    nan,    nan,    nan,    nan,    nan,    nan,    nan,    nan,    nan,    nan,    nan,    nan,    nan,    nan,    nan,    nan,    nan,    nan,    nan,    nan,    nan,    nan,    nan,    nan
20000923, 0600,  , TD, 33.6N,  81.7W,  25, 1012, -999, -999, -999, -999, -999, -999, -999, -999, -999, -999, -999, -999, -999,    nan,    nan,    nan,    nan,    nan,    nan,    nan,    nan,    nan,    nan,    nan,    nan,    nan,    nan,    nan,    nan,    nan,    nan,    nan,    nan,    nan,    nan,    nan,    nan,    nan,    nan,    nan,    nan,    nan,    nan,    nan
20000923, 1200,  , TD, 34.4N,  80.0W,  25, 1011, -999, -999, -999, -999, -999, -999, -999, -999, -999, -999, -999, -999, -999,    nan,    nan,    nan,    nan,    nan,    nan,    nan,    nan,    nan,    nan,    nan,    nan,    nan,    nan,    nan,    nan,    nan,    nan,    nan,    nan,    nan,    nan,    nan,    nan,    nan,    nan,    nan,    nan,    nan,    nan,    nan
20000923, 1800,  , TS, 35.4N,  78.0W,  35, 1010, -999, -999, -999, -999, -999, -999, -999, -999, -999, -999, -999, -999, -999,    nan,    nan,    nan,    nan,    nan,    nan,    nan,    nan,    nan,    nan,    nan,    nan,    nan,    nan,    nan,    nan,    nan,    nan,    nan,    nan,    nan,    nan,    nan,    nan,    nan,    nan,    nan,    nan,    nan,    nan,    nan
20000924, 0000,  , TS, 36.4N,  76.1W,  40, 1008, -999, -999, -999, -999, -999, -999, -999, -999, -999, -999, -999, -999, -999,    nan,    nan,    nan,    nan,    nan,    nan,    nan,    nan,    nan,    nan,    nan,    nan,    nan,    nan,    nan,    nan,    nan,    nan,    nan,    nan,    nan,    nan,    nan,    nan,    nan,    nan,    nan,    nan,    nan,    nan,    nan
20000924, 0600,  , TS, 37.2N,  74.7W,  45, 1005, -999, -999, -999, -999, -999, -999, -999, -999, -999, -999, -999, -999, -999,  34.59,  34.32,  34.12,  34.33,  34.08,  33.81,  33.85,  33.56,  33.51,  33.43,  33.59,  33.90,  34.20,  34.80,  35.18,  35.52,  35.65,  35.74,  34.85,  34.02,  33.80,  33.65,  33.16,  33.25,  33.55,  33.77,  34.28,  34.50,  34.70,  34.86,  34.73
20000924, 1200,  , TS, 38.0N,  72.5W,  45, 1001, -999, -999, -999, -999, -999, -999, -999, -999, -999, -999, -999, -999, -999,  35.17,  35.13,  35.29,  34.99,  34.59,  34.71,  35.23,  35.44,  35.30,  34.78,  35.08,  35.08,  35.12,  35.03,  34.78,  34.80,  34.75,  34.29,  34.80,  34.44,  35.68,  36.03,  35.77,  35.83,  35.77,  35.34,  35.61,  35.82,  35.84,  35.88,  35.64
20000924, 1800,  , TS, 39.2N,  70.1W,  45,  997, -999, -999, -999, -999, -999, -999, -999, -999, -999, -999, -999, -999, -999,  36.14,  36.14,  36.11,  36.05,  35.79,  35.61,  35.63,  35.76,  35.67,  35.55,  35.43,  35.31,  35.32,  36.03,  35.89,  35.23,  35.12,  35.11,  35.25,  34.95,  34.98,  35.02,  35.02,  34.97,  34.86,  34.89,  34.89,  35.01,  35.09,  35.16,  35.22
20000925, 0000,  , TS, 40.1N,  66.8W,  55,  993, -999, -999, -999, -999, -999, -999, -999, -999, -999, -999, -999, -999, -999,  33.46,  33.83,  34.20,  34.30,  33.85,  33.57,  33.58,  33.70,  33.61,  33.86,  33.95,  34.39,  33.90,  34.02,  33.87,  34.60,  34.37,  33.95,  34.24,  34.06,  33.72,  33.56,  34.20,  34.32,  34.22,  34.06,  34.14,  33.94,  33.90,  33.97,  33.98
20000925, 0600,  , TS, 41.6N,  62.2W,  60,  986, -999, -999, -999, -999, -999, -999, -999, -999, -999, -999, -999, -999, -999,  34.18,  34.19,  34.44,  34.68,  34.84,  34.92,  35.04,  34.66,  34.52,  34.64,  34.74,  34.67,  34.16,  33.31,  32.88,  32.75,  32.84,  33.24,  34.26,  34.45,  34.49,  34.26,  34.00,  33.94,  34.26,  34.02,  33.36,  33.09,  33.30,  33.24,  33.45
20000925, 1200,  , TS, 44.0N,  55.5W,  55,  988, -999, -999, -999, -999, -999, -999, -999, -999, -999, -999, -999, -999, -999,  32.00,  32.03,  32.04,  32.05,  32.10,  32.11,  32.12,  32.12,  32.05,  32.05,  32.06,  32.06,  32.24,  32.54,  32.76,  32.96,  33.05,  33.12,  33.19,  33.09,  33.08,  32.83,  32.77,  32.64,  32.48,  32.55,  32.50,  32.37,  32.40,  32.45,  32.38
20000925, 1800,  , TS, 46.1N,  48.8W,  45,  990, -999, -999, -999, -999, -999, -999, -999, -999, -999, -999, -999, -999, -999,  32.21,  32.20,  32.21,  32.22,  32.21,  32.21,  32.21,  32.21,  32.23,  32.20,  32.20,  32.20,  32.21,  32.18,  32.17,  32.19,  32.19,  32.21,  32.21,  32.20,  32.19,  32.20,  32.20,  32.20,  32.20,  32.21,  32.21,  32.21,  32.19,  32.20,  32.20
