AL131995,               LUIS,     61,
19950828, 1800,  , TD, 11.4N,  27.5W,  30, 1008, -999, -999, -999, -999, -999, -999, -999, -999, -999, -999, -999, -999, -999,  35.16,  35.08,  35.12,  35.15,  35.18,  35.18,  35.21,  35.19,  35.21,  35.28,  35.30,  35.39,  35.27,  35.34,  35.40,  35.38,  35.40,  35.40,  35.39,  35.38,  35.29,  35.19,  35.21,  35.26,  35.27,  35.27,  35.31,  35.30,  35.30,  35.32,  35.30
19950829, 0000,  , TS, 11.6N,  29.0W,  35, 1005, -999, -999, -999, -999, -999, -999, -999, -999, -999, -999, -999, -999, -999,  35.33,  35.31,  35.31,  35.28,  35.27,  35.23,  35.21,  35.22,  35.26,  35.27,  35.29,  35.29,  35.33,  35.29,  35.35,  35.31,  35.36,  35.35,  35.38,  35.36,  35.36,  35.33,  35.33,  35.31,  35.28,  35.32,  35.31,  35.29,  35.35,  35.29,  35.21
19950829, 0600,  , TS, 11.8N,  30.5W,  40, 1000, -999, -999, -999, -999, -999, -999, -999, -999, -999, -999, -999, -999, -999,  35.45,  35.44,  35.57,  35.52,  35.58,  35.54,  35.60,  35.56,  35.58,  35.58,  35.58,  35.57,  35.57,  35.61,  35.58,  35.59,  35.58,  35.60,  35.63,  35.65,  35.67,  35.63,  35.64,  35.59,  35.60,  35.66,  35.54,  35.63,  35.62,  35.59,  35.47
19950829, 1200,  , TS, 12.2N,  31.9W,  40, 1000, -999, -999, -999, -999, -999, -999, -999, -999, -999, -999, -999, -999, -999,  35.34,  35.34,  35.39,  35.40,  35.42,  35.47,  35.51,  35.48,  35.49,  35.46,  35.45,  35.48,  35.46,  35.42,  35.44,  35.37,  35.40,  35.38,  35.45,  35.48,  35.49,  35.41,  35.41,  35.35,  35.36,  35.42,  35.51,  35.52,  35.58,  35.61,  35.60
19950829, 1800,  , TS, 12.7N,  33.1W,  35, 1003, -999, -999, -999, -999, -999, -999, -999, -999, -999, -999, -999, -999, -999,  35.44,  35.42,  35.41,  35.40,  35.40,  35.44,  35.48,  35.48,  35.48,  35.45,  35.43,  35.38,  35.40,  35.40,  35.42,  35.54,  35.58,  35.67,  35.72,  35.77,  35.62,  35.41,  35.41,  35.37,  35.38,  35.34,  35.35,  35.37,  35.36,  35.36,  35.39
19950830, 0000,  , TS, 13.0N,  34.2W,  35, 1005, -999, -999, -999, -999, -999, -999, -999, -999, -999, -999, -999, -999, -999,  36.01,  35.95,  36.01,  36.19,  35.87,  35.79,  35.76,  35.88,  35.94,  36.12,  36.12,  35.96,  35.96,  35.96,  35.84,  35.83,  35.84,  35.84,  35.86,  35.80,  35.86,  35.73,  35.64,  35.62,  35.56,  35.71,  35.66,  35.55,  35.48,  35.38,  35.38
19950830, 0600,  , TS, 13.2N,  35.3W,  35, 1005, -999, -999, -999, -999, -999, -999, -999, -999, -999, -999, -999, -999, -999,  36.30,  36.31,  36.27,  36.29,  36.31,  36.25,  36.20,  36.26,  36.20,  36.16,  36.33,  36.87,  37.02,  36.84,  36.58,  36.62,  36.63,  36.56,  36.41,  36.45,  36.44,  36.37,  36.32,  36.25,  36.20,  36.13,  36.12,  36.02,  36.02,  36.01,  36.05
19950830, 1200,  , TS, 13.4N,  36.2W,  35, 1005, -999, -999, -999, -999, -999, -999, -999, -999, -999, -999, -999, -999, -999,  36.63,  36.78,  36.90,  36.85,  36.51,  36.36,  36.26,  36.15,  36.26,  36.50,  36.52,  36.55,  36.60,  36.53,  36.60,  36.49,  36.58,  36.52,  36.48,  36.42,  36.27,  36.02,  35.93,  35.89,  35.81,  35.80,  35.90,  35.79,  35.93,  35.91,  35.97
19950830, 1800,  , TS, 13.7N,  37.0W,  45, 1002, -999, -999, -999, -999, -999, -999, -999, -999, -999, -999, -999, -999, -999,  36.48,  36.48,  36.48,  36.48,  36.48,  36.46,  36.47,  36.44,  36.45,  36.45,  36.48,  36.48,  36.50,  36.49,  36.45,  36.43,  36.38,  36.41,  36.36,  36.32,  36.34,  36.31,  36.29,  36.25,  36.27,  36.25,  36.21,  36.22,  36.21,  36.19,  36.14
19950831, 0000,  , TS, 14.0N,  37.9W,  55,  998, -999, -999, -999, -999, -999, -999, -999, -999, -999, -999, -999, -999, -999,  36.45,  36.48,  36.51,  36.46,  36.46,  36.49,  36.49,  36.52,  36.47,  36.54,  36.49,  36.50,  36.45,  36.41,  36.41,  36.34,  36.35,  36.29,  36.27,  36.17,  36.16,  36.14,  36.12,  36.06,  36.00,  36.04,  35.99,  35.99,  35.97,  36.07,  36.02
19950831, 0600,  , HU, 14.3N,  38.8W,  75,  992, -999, -999, -999, -999, -999, -999, -999, -999, -999, -999, -999, -999, -999,  36.56,  36.58,  36.61,  36.60,  36.59,  36.55,  36.55,  36.55,  36.44,  36.52,  36.46,  36.55,  36.50,  36.48,  36.52,  36.48,  36.52,  36.43,  36.43,  36.43,  36.37,  36.37,  36.36,  36.38,  36.64,  36.63,  36.79,  36.80,  36.71,  36.73,  36.81
19950831, 1200,  , HU, 14.6N,  39.7W,  80,  979, -999, -999, -999, -999, -999, -999, -999, -999, -999, -999, -999, -999, -999,  36.69,  36.69,  36.69,  36.68,  36.68,  36.67,  36.66,  36.64,  36.60,  36.61,  36.63,  36.64,  36.64,  36.59,  36.63,  36.55,  36.58,  36.48,  36.39,  36.38,  36.48,  36.45,  36.41,  36.47,  36.53,  36.49,  36.37,  36.40,  36.41,  36.42,  36.33
19950831, 1800,  , HU, 15.0N,  40.7W,  90,  971, -999, -999, -999, -999, -999, -999, -999, -999, -999, -999, -999, -999, -999,  36.63,  36.62,  36.63,  36.67,  36.71,  36.71,  36.69,  36.68,  36.68,  36.68,  36.69,  36.69,  36.72,  36.75,  36.73,  36.75,  36.68,  36.61,  36.61,  36.63,  36.63,  36.63,  36.63,  36.59,  36.56,  36.51,  36.40,  36.33,  36.28,  36.36,  36.45
19950901, 0000,  , HU, 15.4N,  41.7W, 100,  965, -999, -999, -999, -999, -999, -999, -999, -999, -999, -999, -999, -999, -999,  36.64,  36.63,  36.67,  36.68,  36.66,  36.64,  36.62,  36.58,  36.78,  36.64,  36.66,  36.64,  36.64,  36.55,  36.56,  36.55,  36.69,  36.65,  36.68,  36.63,  36.56,  36.48,  36.49,  36.52,  36.52,  36.48,  36.46,  36.51,  36.42,  36.41,  36.46
19950901, 0600,  , HU, 15.8N,  42.6W, 105,  958, -999, -999, -999, -999, -999, -999, -999, -999, -999, -999, -999, -999, -999,  36.64,  36.59,  36.57,  36.56,  36.57,  36.44,  36.47,  36.46,  36.72,  36.63,  36.62,  36.59,  36.57,  36.53,  36.51,  36.50,  36.56,  36.57,  36.59,  36.60,  36.62,  36.66,  36.65,  36.65,  36.58,  36.54,  36.49,  36.54,  36.58,  36.75,  36.83
19950901, 1200,  , HU, 16.2N,  43.6W, 115,  950, -999, -999, -999, -999, -999, -999, -999, -999, -999, -999, -999, -999, -999,  36.64,  36.60,  36.62,  36.58,  36.61,  36.59,  36.61,  36.64,  36.64,  36.78,  36.77,  36.72,  36.75,  36.86,  36.77,  36.76,  36.76,  36.72,  36.68,  36.66,  36.66,  36.63,  36.61,  36.63,  36.65,  36.64,  36.61,  36.64,  36.67,  36.66,  36.67
19950901, 1800,  , HU, 16.5N,  44.7W, 115,  948, -999, -999, -999, -999, -999, -999, -999, -999, -999, -999, -999, -999, -999,  36.70,  36.71,  36.70,  36.68,  36.72,  36.76,  36.75,  36.74,  36.74,  36.72,  36.72,  36.78,  36.77,  36.82,  36.80,  36.85,  36.84,  36.83,  36.88,  36.87,  36.87,  36.90,  36.90,  36.91,  36.90,  36.88,  36.86,  36.85,  36.84,  36.81,  36.82
19950902, 0000,  , HU, 16.8N,  45.8W, 115,  948, -999, -999, -999, -999, -999, -999, -999, -999, -999, -999, -999, -999, -999,  36.79,  36.80,  36.80,  36.78,  36.78,  36.78,  36.76,  36.76,  36.79,  36.73,  36.83,  36.78,  36.82,  36.84,  36.82,  36.87,  36.91,  36.79,  36.87,  36.93,  36.93,  36.92,  36.92,  36.81,  36.78,  36.65,  36.67,  36.72,  36.65,  36.69,  36.69
19950902, 0600,  , HU, 17.0N,  46.9W, 115,  948, -999, -999, -999, -999, -999, -999, -999, -999, -999, -999, -999, -999, -999,  36.79,  36.81,  36.81,  36.77,  36.82,  36.81,  36.79,  36.78,  36.78,  36.83,  36.90,  36.91,  36.91,  36.95,  36.96,  36.91,  36.97,  36.87,  36.95,  36.95,  36.83,  36.92,  36.93,  36.88,  36.87,  36.76,  36.73,  36.72,  36.81,  36.80,  36.77
19950902, 1200,  , HU, 17.2N,  48.0W, 120,  948, -999, -999, -999, -999, -999, -999, -999, -999, -999, -999, -999, -999, -999,  36.67,  36.67,  36.67,  36.67,  36.67,  36.68,  36.70,  36.72,  36.75,  36.83,  36.81,  36.83,  36.85,  36.83,  36.82,  36.83,  36.81,  36.80,  36.84,  36.79,  36.79,  36.80,  36.76,  36.80,  36.78,  36.83,  36.85,  36.85,  36.87,  36.90,  36.91
19950902, 1800,  , HU, 17.3N,  49.2W, 120,  948, -999, -999, -999, -999, -999, -999, -999, -999, -999, -999, -999, -999, -999,  36.66,  36.65,  36.64,  36.65,  36.66,  36.68,  36.69,  36.72,  36.73,  36.72,  36.73,  36.70,  36.71,  36.72,  36.69,  36.70,  36.68,  36.69,  36.77,  36.71,  36.71,  36.68,  36.67,  36.71,  36.74,  36.75,  36.75,  36.77,  36.76,  36.79,  36.83
19950903, 0000,  , HU, 17.3N,  50.5W, 120,  948, -999, -999, -999, -999, -999, -999, -999, -999, -999, -999, -999, -999, -999,  36.63,  36.63,  36.64,  36.64,  36.64,  36.64,  36.64,  36.65,  36.66,  36.66,  36.67,  36.68,  36.67,  36.67,  36.69,  36.69,  36.69,  36.67,  36.66,  36.62,  36.56,  36.50,  36.53,  36.53,  36.55,  36.58,  36.59,  36.62,  36.66,  36.66,  36.63
19950903, 0600,  , HU, 17.4N,  51.8W, 120,  948, -999, -999, -999, -999, -999, -999, -999, -999, -999, -999, -999, -999, -999,  36.60,  36.60,  36.61,  36.61,  36.61,  36.60,  36.61,  36.60,  36.61,  36.60,  36.62,  36.64,  36.62,  36.59,  36.60,  36.63,  36.67,  36.69,  36.72,  36.69,  36.54,  36.57,  36.61,  36.59,  36.56,  36.57,  36.66,  36.71,  36.77,  36.81,  36.85
19950903, 1200,  , HU, 17.3N,  53.1W, 120,  948, -999, -999, -999, -999, -999, -999, -999, -999, -999, -999, -999, -999, -999,  36.62,  36.62,  36.62,  36.62,  36.62,  36.62,  36.63,  36.63,  36.61,  36.62,  36.58,  36.63,  36.64,  36.65,  36.71,  36.68,  36.65,  36.68,  36.77,  36.65,  36.61,  36.69,  36.66,  36.66,  36.62,  36.60,  36.63,  36.61,  36.65,  36.63,  36.64
19950903, 1800,  , HU, 17.3N,  54.3W, 125,  945, -999, -999, -999, -999, -999, -999, -999, -999, -999, -999, -999, -999, -999,  36.61,  36.73,  36.65,  36.66,  36.64,  36.66,  36.71,  36.64,  36.64,  36.64,  36.62,  36.65,  36.58,  36.62,  36.63,  36.56,  36.58,  36.62,  36.59,  36.58,  36.63,  36.66,  36.66,  36.57,  36.52,  36.54,  36.62,  36.61,  36.66,  36.63,  36.63
19950904, 0000,  , HU, 17.1N,  55.6W, 125,  942, -999, -999, -999, -999, -999, -999, -999, -999, -999, -999, -999, -999, -999,  36.71,  36.66,  36.64,  36.68,  36.70,  36.66,  36.59,  36.69,  36.71,  36.62,  36.68,  36.61,  36.62,  36.61,  36.57,  36.58,  36.69,  36.69,  36.66,  36.66,  36.58,  36.80,  37.01,  36.52,  36.76,  37.06,  36.78,  36.81,  36.71,  36.73,  36.76
19950904, 0600,  , HU, 17.0N,  56.8W, 130,  940, -999, -999, -999, -999, -999, -999, -999, -999, -999, -999, -999, -999, -999,  36.78,  36.71,  36.74,  36.99,  36.81,  36.76,  36.73,  36.76,  36.68,  36.61,  36.65,  36.67,  36.67,  36.69,  36.74,  36.75,  36.93,  36.61,  36.87,  36.53,  36.41,  36.70,  36.67,  36.81,  36.54,  36.52,  36.32,  36.30,  36.28,  36.23,  36.21
19950904, 1200,  , HU, 17.0N,  58.0W, 130,  945, -999, -999, -999, -999, -999, -999, -999, -999, -999, -999, -999, -999, -999,  36.46,  36.46,  36.55,  36.48,  36.45,  36.53,  36.46,  36.57,  36.52,  36.58,  36.60,  36.53,  36.48,  36.44,  36.55,  36.68,  36.75,  36.53,  36.69,  36.65,  36.40,  36.70,  36.59,  36.47,  36.55,  36.54,  36.33,  36.49,  36.44,  36.54,  36.45
19950904, 1800,  , HU, 17.0N,  59.1W, 125,  943, -999, -999, -999, -999, -999, -999, -999, -999, -999, -999, -999, -999, -999,  36.34,  36.36,  36.39,  36.40,  36.43,  36.47,  36.46,  36.43,  36.39,  36.34,  36.31,  36.31,  36.29,  36.34,  36.39,  36.41,  36.56,  36.49,  36.64,  36.36,  36.44,  36.64,  36.55,  36.57,  36.66,  36.82,  36.66,  36.77,  36.83,  36.86,  36.87
19950905, 0000,  , HU, 17.1N,  60.1W, 125,  940, -999, -999, -999, -999, -999, -999, -999, -999, -999, -999, -999, -999, -999,  36.32,  36.34,  36.36,  36.37,  36.39,  36.40,  36.40,  36.39,  36.38,  36.38,  36.34,  36.37,  36.31,  36.47,  36.73,  36.70,  36.77,  36.38,  36.46,  36.48,  36.45,  36.32,  36.44,  36.29,  36.38,  36.46,  36.55,  36.31,  36.53,  36.67,  36.74
19950905, 0600,  , HU, 17.3N,  61.0W, 120,  939, -999, -999, -999, -999, -999, -999, -999, -999, -999, -999, -999, -999, -999,  36.44,  36.42,  36.46,  36.43,  36.40,  36.34,  36.37,  36.42,  36.45,  36.41,  36.41,  36.35,  36.34,  36.34,  36.43,  36.32,  36.62,  36.44,  36.81,  36.63,  36.56,  36.66,  36.63,  36.53,  36.53,  36.47,  36.44,  36.28,  36.42,  36.41,  36.35
19950905, 1200,  , HU, 17.5N,  61.7W, 115,  945, -999, -999, -999, -999, -999, -999, -999, -999, -999, -999, -999, -999, -999,  36.52,  36.56,  36.36,  36.41,  36.41,  36.40,  36.48,  36.47,  36.50,  36.46,  36.71,  36.39,  36.36,  36.42,  36.36,  36.30,  36.75,  36.74,  36.50,  36.37,  36.56,  36.75,  36.54,  36.58,  36.59,  36.62,  36.70,  36.30,  36.25,  36.60,  36.40
19950905, 1800,  , HU, 18.0N,  62.4W, 115,  944, -999, -999, -999, -999, -999, -999, -999, -999, -999, -999, -999, -999, -999,  36.39,  36.39,  36.41,  36.41,  36.42,  36.39,  36.38,  36.39,  36.40,  36.40,  36.39,  36.45,  36.44,  36.42,  36.45,  36.46,  36.74,  36.74,  36.78,  36.49,  36.62,  36.71,  36.61,  36.71,  36.67,  36.62,  36.69,  36.41,  36.50,  36.40,  36.40
19950906, 0000,  , HU, 18.4N,  63.0W, 115,  942, -999, -999, -999, -999, -999, -999, -999, -999, -999, -999, -999, -999, -999,  36.40,  36.36,  36.36,  36.40,  36.43,  36.36,  36.38,  36.44,  36.39,  36.45,  36.48,  36.52,  36.42,  36.36,  36.32,  36.75,  36.79,  36.74,  36.34,  36.62,  36.77,  36.61,  36.61,  36.80,  36.55,  36.70,  36.31,  36.43,  36.59,  36.36,  36.31
19950906, 0600,  , HU, 18.9N,  63.6W, 120,  939, -999, -999, -999, -999, -999, -999, -999, -999, -999, -999, -999, -999, -999,  36.70,  36.76,  36.80,  36.84,  36.83,  36.84,  36.74,  36.72,  36.61,  36.55,  36.42,  36.38,  36.35,  36.39,  36.37,  36.35,  36.92,  36.63,  36.56,  36.68,  36.62,  36.54,  36.73,  36.65,  36.54,  36.56,  36.55,  36.52,  36.53,  36.55,  36.60
19950906, 1200,  , HU, 19.4N,  64.2W, 120,  943, -999, -999, -999, -999, -999, -999, -999, -999, -999, -999, -999, -999, -999,  36.60,  36.61,  36.60,  36.53,  36.41,  36.39,  36.42,  36.44,  36.41,  36.37,  36.36,  36.37,  36.41,  36.42,  36.40,  36.39,  36.65,  36.56,  36.71,  36.80,  36.65,  36.71,  36.79,  36.68,  36.61,  36.63,  36.48,  36.61,  36.45,  36.50,  36.57
19950906, 1800,  , HU, 20.1N,  64.9W, 125,  940, -999, -999, -999, -999, -999, -999, -999, -999, -999, -999, -999, -999, -999,  36.58,  36.50,  36.43,  36.45,  36.57,  36.51,  36.53,  36.58,  36.71,  36.73,  36.86,  36.80,  36.75,  36.71,  36.70,  36.71,  36.82,  36.71,  36.77,  36.79,  36.57,  36.64,  36.75,  36.62,  36.61,  36.68,  36.65,  36.58,  36.62,  36.68,  36.59
19950907, 0000,  , HU, 20.7N,  65.4W, 125,  938, -999, -999, -999, -999, -999, -999, -999, -999, -999, -999, -999, -999, -999,  36.70,  36.67,  36.64,  36.58,  36.61,  36.84,  36.76,  36.69,  36.66,  36.74,  36.79,  36.80,  36.69,  36.65,  36.75,  36.81,  36.82,  36.83,  36.72,  36.78,  36.83,  36.83,  36.80,  36.69,  36.68,  36.82,  36.67,  36.86,  36.80,  36.73,  36.69
19950907, 0600,  , HU, 21.3N,  66.0W, 120,  936, -999, -999, -999, -999, -999, -999, -999, -999, -999, -999, -999, -999, -999,  36.77,  36.73,  36.69,  36.57,  36.64,  36.70,  36.71,  36.75,  36.76,  36.80,  36.77,  36.66,  36.61,  36.57,  36.55,  36.55,  36.77,  36.73,  36.59,  36.65,  36.78,  36.76,  36.75,  36.75,  36.73,  36.67,  36.65,  36.65,  36.62,  36.64,  36.64
19950907, 1200,  , HU, 22.0N,  66.6W, 115,  941, -999, -999, -999, -999, -999, -999, -999, -999, -999, -999, -999, -999, -999,  36.64,  36.59,  36.56,  36.68,  36.71,  36.69,  36.70,  36.69,  36.66,  36.67,  36.66,  36.64,  36.65,  36.63,  36.57,  36.46,  36.65,  36.58,  36.47,  36.45,  36.62,  36.54,  36.55,  36.57,  36.60,  36.65,  36.66,  36.64,  36.61,  36.65,  36.67
19950907, 1800,  , HU, 22.8N,  67.2W, 115,  938, -999, -999, -999, -999, -999, -999, -999, -999, -999, -999, -999, -999, -999,  36.72,  36.74,  36.73,  36.73,  36.73,  36.73,  36.67,  36.67,  36.66,  36.65,  36.59,  36.53,  36.53,  36.61,  36.53,  36.42,  36.59,  36.48,  36.51,  36.55,  36.66,  36.67,  36.65,  36.65,  36.69,  36.73,  36.79,  36.76,  36.77,  36.63,  36.61
19950908, 0000,  , HU, 24.3N,  68.0W, 115,  935, -999, -999, -999, -999, -999, -999, -999, -999, -999, -999, -999, -999, -999,  36.68,  36.68,  36.65,  36.63,  36.58,  36.50,  36.52,  36.54,  36.58,  36.59,  36.65,  36.73,  36.67,  36.64,  36.66,  36.73,  36.73,  36.76,  36.75,  36.74,  36.63,  36.52,  36.51,  36.52,  36.53,  36.52,  36.48,  36.47,  36.49,  36.49,  36.48
19950908, 0600,  , HU, 25.8N,  68.8W, 115,  939, -999, -999, -999, -999, -999, -999, -999, -999, -999, -999, -999, -999, -999,  36.66,  36.62,  36.58,  36.61,  36.70,  36.77,  36.76,  36.67,  36.61,  36.56,  36.58,  36.55,  36.54,  36.54,  36.56,  36.63,  36.56,  36.54,  36.45,  36.48,  36.57,  36.65,  36.63,  36.61,  36.52,  36.53,  36.55,  36.50,  36.55,  36.62,  36.58
19950908, 1200,  , HU, 26.4N,  69.3W, 110,  941, -999, -999, -999, -999, -999, -999, -999, -999, -999, -999, -999, -999, -999,  36.53,  36.62,  36.59,  36.58,  36.63,  36.72,  36.75,  36.69,  36.60,  36.52,  36.48,  36.49,  36.52,  36.53,  36.57,  36.65,  36.64,  36.62,  36.58,  36.56,  36.57,  36.59,  36.59,  36.55,  36.57,  36.59,  36.67,  36.63,  36.62,  36.56,  36.53
19950908, 1800,  , HU, 26.5N,  69.5W, 105,  944, -999, -999, -999, -999, -999, -999, -999, -999, -999, -999, -999, -999, -999,  36.57,  36.63,  36.64,  36.62,  36.70,  36.76,  36.80,  36.73,  36.69,  36.61,  36.50,  36.46,  36.50,  36.52,  36.54,  36.58,  36.61,  36.61,  36.58,  36.56,  36.56,  36.59,  36.59,  36.58,  36.56,  36.57,  36.71,  36.64,  36.61,  36.56,  36.54
19950909, 0000,  , HU, 27.1N,  69.8W, 100,  945, -999, -999, -999, -999, -999, -999, -999, -999, -999, -999, -999, -999, -999,  36.54,  36.53,  36.53,  36.55,  36.52,  36.55,  36.57,  36.63,  36.67,  36.68,  36.65,  36.59,  36.55,  36.58,  36.62,  36.60,  36.59,  36.62,  36.62,  36.62,  36.64,  36.64,  36.63,  36.61,  36.58,  36.63,  36.59,  36.70,  36.51,  36.52,  36.58
19950909, 0600,  , HU, 29.1N,  69.5W,  95,  949, -999, -999, -999, -999, -999, -999, -999, -999, -999, -999, -999, -999, -999,  36.49,  36.50,  36.52,  36.52,  36.52,  36.50,  36.48,  36.46,  36.45,  36.45,  36.44,  36.44,  36.44,  36.43,  36.42,  36.42,  36.43,  36.42,  36.43,  36.44,  36.45,  36.48,  36.47,  36.42,  36.43,  36.42,  36.42,  36.42,  36.41,  36.41,  36.41
19950909, 1200,  , HU, 31.0N,  69.1W,  90,  952, -999, -999, -999, -999, -999, -999, -999, -999, -999, -999, -999, -999, -999,  36.41,  36.42,  36.44,  36.47,  36.48,  36.49,  36.50,  36.50,  36.50,  36.50,  36.50,  36.50,  36.50,  36.49,  36.48,  36.49,  36.48,  36.48,  36.47,  36.46,  36.46,  36.46,  36.46,  36.45,  36.44,  36.42,  36.41,  36.40,  36.40,  36.41,  36.42
19950909, 1800,  , HU, 32.7N,  68.6W,  85,  955, -999, -999, -999, -999, -999, -999, -999, -999, -999, -999, -999, -999, -999,  36.35,  36.39,  36.42,  36.42,  36.45,  36.42,  36.41,  36.42,  36.38,  36.39,  36.42,  36.42,  36.43,  36.43,  36.42,  36.43,  36.44,  36.43,  36.42,  36.39,  36.38,  36.40,  36.41,  36.40,  36.40,  36.40,  36.40,  36.40,  36.40,  36.41,  36.44
19950910, 0000,  , HU, 34.5N,  67.2W,  85,  959, -999, -999, -999, -999, -999, -999, -999, -999, -999, -999, -999, -999, -999,  36.42,  36.40,  36.36,  36.35,  36.36,  36.37,  36.38,  36.42,  36.38,  36.37,  36.33,  36.33,  36.34,  36.36,  36.37,  36.38,  36.37,  36.38,  36.38,  36.41,  36.40,  36.38,  36.38,  36.39,  36.45,  36.38,  36.50,  36.43,  36.45,  36.37,  36.45
19950910, 0600,  , HU, 36.5N,  65.4W,  85,  963, -999, -999, -999, -999, -999, -999, -999, -999, -999, -999, -999, -999, -999,  36.74,  36.52,  36.39,  36.26,  36.46,  36.46,  36.47,  36.49,  36.42,  36.42,  36.41,  36.12,  36.35,  36.04,  36.33,  36.38,  36.30,  36.37,  36.53,  36.62,  36.70,  36.52,  36.60,  36.50,  36.58,  36.43,  36.48,  36.48,  36.38,  36.44,  36.31
19950910, 1200,  , HU, 38.4N,  63.7W,  85,  961, -999, -999, -999, -999, -999, -999, -999, -999, -999, -999, -999, -999, -999,  36.66,  36.80,  36.95,  36.78,  36.53,  36.36,  36.45,  36.36,  36.28,  36.27,  36.29,  36.34,  36.56,  36.75,  36.80,  36.59,  36.79,  36.51,  36.46,  36.30,  36.11,  36.18,  36.30,  36.40,  36.38,  36.34,  36.40,  36.59,  36.51,  36.44,  36.40
19950910, 1800,  , EX, 40.9N,  60.9W,  85,  966, -999, -999, -999, -999, -999, -999, -999, -999, -999, -999, -999, -999, -999,  35.39,  35.49,  35.55,  35.51,  35.47,  35.47,  35.39,  35.37,  35.41,  35.32,  35.26,  35.24,  35.27,  35.30,  35.37,  35.42,  35.62,  35.67,  35.33,  35.66,  35.47,  35.46,  35.49,  35.33,  35.29,  35.40,  35.22,  35.37,  35.85,  36.04,  35.71
19950911, 0000,  , EX, 43.9N,  57.7W,  95,  965, -999, -999, -999, -999, -999, -999, -999, -999, -999, -999, -999, -999, -999,  34.98,  34.96,  34.89,  34.89,  34.70,  34.61,  34.84,  34.90,  34.95,  35.05,  35.08,  35.10,  35.07,  35.02,  34.93,  34.87,  34.86,  34.76,  34.66,  34.87,  34.70,  34.85,  34.89,  34.94,  34.96,  34.68,  34.84,  34.75,  34.80,  34.85,  34.88
19950911, 0600,  , EX, 47.1N,  54.2W, 105,  963, -999, -999, -999, -999, -999, -999, -999, -999, -999, -999, -999, -999, -999,    nan,    nan,    nan,    nan,    nan,    nan,    nan,    nan,    nan,    nan,    nan,    nan,    nan,    nan,    nan,    nan,    nan,    nan,    nan,    nan,    nan,    nan,    nan,    nan,    nan,    nan,    nan,    nan,    nan,    nan,    nan
19950911, 1200,  , EX, 51.5N,  48.5W,  90,  960, -999, -999, -999, -999, -999, -999, -999, -999, -999, -999, -999, -999, -999,  34.72,  34.73,  34.72,  34.72,  34.70,  34.70,  34.69,  34.69,  34.71,  34.70,  34.73,  34.71,  34.72,  34.71,  34.70,  34.71,  34.70,  34.72,  34.70,  34.74,  34.73,  34.73,  34.73,  34.72,  34.74,  34.70,  34.73,  34.72,  34.72,  34.73,  34.72
19950911, 1800,  , EX, 55.0N,  46.0W,  75,  958, -999, -999, -999, -999, -999, -999, -999, -999, -999, -999, -999, -999, -999,  34.82,  34.81,  34.80,  34.81,  34.81,  34.81,  34.81,  34.80,  34.81,  34.81,  34.82,  34.81,  34.81,  34.80,  34.79,  34.79,  34.79,  34.79,  34.79,  34.79,  34.80,  34.81,  34.80,  34.80,  34.81,  34.80,  34.81,  34.81,  34.81,  34.81,  34.81
19950912, 0000,  , EX, 57.0N,  45.0W,  60,  955, -999, -999, -999, -999, -999, -999, -999, -999, -999, -999, -999, -999, -999,  34.84,  34.84,  34.84,  34.84,  34.84,  34.85,  34.85,  34.85,  34.85,  34.85,  34.85,  34.85,  34.85,  34.85,  34.85,  34.84,  34.83,  34.82,  34.81,  34.81,  34.81,  34.80,  34.80,  34.81,  34.81,  34.80,  34.80,  34.80,  34.80,  34.80,  34.81
19950912, 0600,  , EX, 58.0N,  44.0W,  60,  950, -999, -999, -999, -999, -999, -999, -999, -999, -999, -999, -999, -999, -999,  34.84,  34.84,  34.84,  34.84,  34.84,  34.84,  34.84,  34.84,  34.84,  34.85,  34.84,  34.84,  34.84,  34.84,  34.83,  34.84,  34.84,  34.84,  34.85,  34.85,  34.85,  34.85,  34.85,  34.84,  34.84,  34.84,  34.83,  34.83,  34.83,  34.81,  34.81
19950912, 1200,  , EX, 59.0N,  42.0W,  60,  955, -999, -999, -999, -999, -999, -999, -999, -999, -999, -999, -999, -999, -999,  34.86,  34.86,  34.86,  34.85,  34.83,  34.81,  34.80,  34.82,  34.83,  34.86,  34.88,  34.88,  34.88,  34.89,  34.89,  34.88,  34.88,  34.88,  34.87,  34.87,  34.87,  34.87,  34.88,  34.88,  34.85,  34.81,  34.80,  34.77,  34.78,  34.80,  34.80
19950912, 1800,  , EX, 60.0N,  40.0W,  50,  960, -999, -999, -999, -999, -999, -999, -999, -999, -999, -999, -999, -999, -999,  34.86,  34.86,  34.86,  34.86,  34.86,  34.86,  34.86,  34.86,  34.86,  34.86,  34.86,  34.86,  34.87,  34.87,  34.88,  34.88,  34.88,  34.89,  34.89,  34.88,  34.88,  34.88,  34.88,  34.88,  34.88,  34.88,  34.87,  34.86,  34.86,  34.86,  34.87
