AL132022,              JULIA,     21,
20221006, 1200,  , DB, 11.4N,  66.5W,  30, 1006,    0,    0,    0,    0,    0,    0,    0,    0,    0,    0,    0,    0,   70,  36.08,  36.09,  36.07,  36.05,  35.90,  35.80,  35.83,  35.79,  35.80,  35.84,  35.75,  35.78,  35.32,  35.06,  35.08,  35.28,  35.42,  35.39,  35.59,  35.65,  35.74,  35.71,  35.62,  35.63,  35.67,  35.75,  35.86,  35.91,  35.90,  35.94,  35.62
20221006, 1800,  , DB, 11.6N,  67.8W,  30, 1005,    0,    0,    0,    0,    0,    0,    0,    0,    0,    0,    0,    0,   70,  36.25,  35.76,  35.68,  35.55,  35.14,  34.80,  34.80,  34.96,  35.22,  35.22,  35.63,  35.34,  35.24,  35.34,  35.50,  35.57,  35.45,  35.36,  35.50,  35.49,  35.44,  35.45,  35.44,  35.54,  35.67,  35.73,  35.71,  35.74,  35.62,  35.63,  35.46
20221007, 0000,  , TD, 11.9N,  69.2W,  30, 1004,    0,    0,    0,    0,    0,    0,    0,    0,    0,    0,    0,    0,   70,  35.28,  34.80,  34.41,  34.73,  35.26,  35.29,  35.34,  35.30,  35.58,  35.72,  35.51,  35.44,  35.41,  35.26,  35.10,  35.34,  35.46,  35.52,  35.53,  35.56,  35.63,  35.42,  35.53,  35.70,  35.76,  35.71,  35.69,  35.69,  35.68,  35.65,  35.69
20221007, 0300, L, TD, 12.0N,  69.8W,  30, 1004,    0,    0,    0,    0,    0,    0,    0,    0,    0,    0,    0,    0,   70,    nan,    nan,    nan,    nan,    nan,    nan,    nan,    nan,    nan,    nan,    nan,    nan,    nan,    nan,    nan,    nan,    nan,    nan,    nan,    nan,    nan,    nan,    nan,    nan,    nan,    nan,    nan,    nan,    nan,    nan,    nan
20221007, 0600,  , TD, 12.1N,  70.6W,  30, 1004,    0,    0,    0,    0,    0,    0,    0,    0,    0,    0,    0,    0,   70,  35.91,  35.80,  35.64,  35.72,  35.56,  35.65,  35.79,  35.99,  35.98,  35.91,  35.85,  35.85,  35.76,  35.72,  35.71,  35.79,  35.78,  35.77,  35.80,  35.84,  35.90,  35.87,  35.88,  35.86,  35.88,  35.83,  35.86,  35.80,  35.84,  35.86,  35.89
20221007, 0830, L, TD, 12.2N,  71.2W,  30, 1004,    0,    0,    0,    0,    0,    0,    0,    0,    0,    0,    0,    0,   70,  36.30,  36.19,  36.20,  36.25,  36.06,  35.96,  35.99,  35.98,  35.98,  35.94,  35.92,  35.84,  35.71,  35.67,  35.67,  35.71,  35.77,  35.80,  35.82,  35.87,  35.94,  35.92,  35.94,  35.93,  35.90,  35.88,  35.92,  35.85,  35.87,  35.88,  35.88
20221007, 1200,  , TS, 12.5N,  72.1W,  35, 1002,   70,    0,    0,    0,    0,    0,    0,    0,    0,    0,    0,    0,   60,  36.10,  36.08,  36.09,  36.02,  35.89,  35.81,  35.90,  35.97,  35.86,  35.82,  35.78,  35.83,  35.88,  35.87,  35.90,  35.91,  35.91,  35.89,  35.87,  35.83,  35.85,  35.85,  35.82,  35.89,  35.84,  35.84,  35.87,  35.83,  35.86,  35.88,  35.87
20221007, 1800,  , TS, 12.8N,  73.8W,  40, 1002,   80,    0,    0,    0,    0,    0,    0,    0,    0,    0,    0,    0,   50,  35.67,  35.73,  35.66,  35.61,  35.60,  35.41,  35.40,  35.79,  35.71,  35.42,  35.54,  35.77,  35.76,  35.69,  35.64,  35.61,  35.59,  35.61,  35.60,  35.68,  35.76,  35.83,  35.84,  35.84,  35.83,  35.78,  35.77,  35.78,  35.77,  35.83,  35.88
20221008, 0000,  , TS, 12.8N,  75.5W,  45,  999,   90,    0,    0,   70,    0,    0,    0,    0,    0,    0,    0,    0,   40,  35.77,  35.65,  35.67,  35.64,  35.66,  35.69,  35.71,  35.77,  35.78,  35.71,  35.43,  35.38,  35.51,  35.50,  35.56,  35.59,  35.57,  35.59,  35.56,  35.63,  35.58,  35.56,  35.59,  35.69,  35.72,  35.67,  35.61,  35.58,  35.69,  35.77,  35.69
20221008, 0600,  , TS, 12.7N,  77.2W,  50,  999,  100,    0,    0,   80,   40,    0,    0,    0,    0,    0,    0,    0,   40,  36.00,  36.00,  36.02,  36.04,  35.92,  35.84,  35.89,  35.88,  35.86,  35.80,  35.88,  36.01,  35.93,  35.95,  35.95,  35.89,  35.82,  35.81,  35.79,  35.84,  35.76,  35.80,  35.82,  35.85,  35.87,  35.86,  35.84,  35.84,  35.86,  35.84,  35.82
20221008, 1200,  , TS, 12.7N,  78.9W,  55,  994,  100,   40,   40,   80,   40,   20,    0,   30,    0,    0,    0,    0,   30,  36.06,  35.99,  36.05,  36.04,  35.97,  35.95,  35.97,  35.92,  35.88,  35.86,  35.87,  35.87,  35.89,  35.94,  35.98,  35.95,  36.02,  36.03,  35.90,  35.87,  35.84,  35.83,  35.86,  35.86,  35.87,  35.92,  35.92,  35.86,  35.87,  35.89,  35.90
20221008, 1800,  , TS, 12.6N,  80.5W,  60,  993,  100,   50,   50,   90,   40,   30,    0,   30,    0,    0,    0,    0,   30,  35.87,  35.85,  35.88,  35.85,  35.81,  35.77,  35.84,  35.80,  35.76,  35.83,  35.80,  35.74,  35.70,  35.72,  35.73,  35.72,  35.85,  35.89,  35.86,  35.80,  35.77,  35.78,  35.85,  35.84,  35.80,  35.86,  35.82,  35.76,  35.73,  35.75,  35.74
20221009, 0000,  , HU, 12.5N,  82.0W,  65,  989,  100,   60,   60,  100,   40,   30,   20,   30,   30,    0,    0,    0,   30,  35.84,  35.84,  35.90,  35.95,  35.89,  35.94,  35.92,  35.91,  35.92,  35.86,  35.84,  35.79,  35.80,  35.71,  35.64,  35.86,  35.98,  35.96,  35.91,  35.84,  35.77,  35.75,  35.77,  35.76,  35.85,  35.84,  35.84,  35.87,  35.88,  35.81,  35.93
20221009, 0600,  , HU, 12.4N,  83.3W,  75,  982,  100,   70,   60,  100,   40,   30,   20,   30,   30,    0,    0,   20,   25,  35.65,  35.76,  35.74,  35.60,  35.58,  35.74,  35.46,  34.76,  34.23,  34.45,  34.67,  34.63,  34.60,  34.52,  34.80,  34.91,  33.21,  34.96,  35.03,  34.92,  35.05,  35.13,  35.26,  35.28,  35.25,  35.23,  35.14,  34.73,  34.62,  34.50,  34.41
20221009, 0715, L, HU, 12.4N,  83.6W,  75,  982,  100,   70,   60,  100,   40,   30,   20,   30,   30,    0,    0,   20,   25,    nan,    nan,    nan,    nan,    nan,    nan,    nan,    nan,    nan,    nan,    nan,    nan,    nan,    nan,    nan,    nan,    nan,    nan,    nan,    nan,    nan,    nan,    nan,    nan,    nan,    nan,    nan,    nan,    nan,    nan,    nan
20221009, 1200,  , HU, 12.3N,  84.7W,  65,  985,   80,   60,   50,   80,   40,   20,   20,   30,   30,    0,    0,   20,   25,    nan,    nan,    nan,    nan,    nan,    nan,    nan,    nan,    nan,    nan,    nan,    nan,    nan,    nan,    nan,    nan,    nan,    nan,    nan,    nan,    nan,    nan,    nan,    nan,    nan,    nan,    nan,    nan,    nan,    nan,    nan
20221009, 1800,  , TS, 12.3N,  86.2W,  45,  988,   50,   40,   40,   50,    0,    0,    0,    0,    0,    0,    0,    0,   25,    nan,    nan,    nan,    nan,    nan,    nan,    nan,    nan,    nan,    nan,    nan,    nan,    nan,    nan,    nan,    nan,    nan,    nan,    nan,    nan,    nan,    nan,    nan,    nan,    nan,    nan,    nan,    nan,    nan,    nan,    nan
20221010, 0000,  , TS, 12.6N,  87.6W,  40,  993,   40,   50,   30,   40,    0,    0,    0,    0,    0,    0,    0,    0,   30,  33.60,  33.81,  33.86,  33.87,  33.94,  33.87,  33.90,  33.88,  33.84,  33.89,  33.87,  33.90,  33.93,  33.93,  33.95,  33.99,  33.84,  33.71,  33.85,  33.68,  33.78,  33.76,  33.82,  33.56,  33.72,  33.76,  33.78,  33.81,  33.80,  33.78,  33.64
20221010, 0600,  , TS, 13.1N,  88.8W,  35,  998,   30,   30,    0,   20,    0,    0,    0,    0,    0,    0,    0,    0,   30,  33.96,  34.01,  34.04,  34.03,  34.08,  34.06,  34.09,  34.10,  34.08,  34.11,  34.13,  34.13,  34.14,  34.14,  34.14,  34.17,  34.09,  34.02,  34.00,  33.96,  33.97,  33.95,  33.99,  33.97,  33.97,  33.99,  33.96,  33.98,  34.00,  34.03,  34.05
20221010, 1100, L, TS, 13.6N,  89.7W,  35, 1001,   30,   30,    0,   20,    0,    0,    0,    0,    0,    0,    0,    0,   30,    nan,    nan,    nan,    nan,    nan,    nan,    nan,    nan,    nan,    nan,    nan,    nan,    nan,    nan,    nan,    nan,    nan,    nan,    nan,    nan,    nan,    nan,    nan,    nan,    nan,    nan,    nan,    nan,    nan,    nan,    nan
20221010, 1200,  , TD, 13.7N,  89.9W,  30, 1002,    0,    0,    0,    0,    0,    0,    0,    0,    0,    0,    0,    0,   30,  32.81,  32.98,  33.08,  33.14,  33.24,  33.32,  33.34,  33.41,  32.86,  32.49,  33.13,  33.25,  33.29,  33.35,  33.41,  33.56,  33.62,  33.31,  33.35,  33.41,  33.38,  33.32,  33.41,  33.48,  32.96,  33.29,  33.29,  33.28,  33.39,  33.39,  33.49
