AL132011,                LEE,     22,
20110902, 0000,  , TD, 26.6N,  91.4W,  30, 1007,    0,    0,    0,    0,    0,    0,    0,    0,    0,    0,    0,    0, -999,  36.34,  36.29,  36.23,  36.29,  36.36,  36.40,  36.23,  36.14,  36.14,  36.17,  36.14,  36.19,  36.19,  36.32,  36.36,  36.31,  36.22,  36.17,  36.10,  36.12,  36.19,  36.18,  36.22,  36.24,  36.31,  36.27,  36.18,  36.16,  36.15,  36.15,  36.14
20110902, 0600,  , TD, 26.9N,  91.4W,  30, 1006,    0,    0,    0,    0,    0,    0,    0,    0,    0,    0,    0,    0, -999,  36.29,  36.29,  36.30,  36.31,  36.34,  36.40,  36.43,  36.33,  36.14,  36.18,  36.30,  36.33,  36.24,  36.17,  36.19,  36.18,  36.14,  36.10,  36.11,  36.16,  36.13,  36.16,  36.17,  36.22,  36.24,  36.27,  36.21,  36.17,  36.14,  36.14,  36.14
20110902, 1200,  , TS, 27.2N,  91.4W,  35, 1005,  150,  150,    0,    0,    0,    0,    0,    0,    0,    0,    0,    0, -999,  36.32,  36.29,  36.29,  36.30,  36.32,  36.34,  36.41,  36.41,  36.29,  36.29,  36.44,  36.36,  36.34,  36.33,  36.22,  36.16,  36.13,  36.07,  36.04,  36.08,  36.16,  36.15,  36.18,  36.20,  36.22,  36.28,  36.26,  36.18,  36.17,  36.15,  36.15
20110902, 1800,  , TS, 27.5N,  91.4W,  40, 1003,  175,  175,    0,    0,    0,    0,    0,    0,    0,    0,    0,    0, -999,  36.27,  36.30,  36.26,  36.24,  36.24,  36.27,  36.30,  36.33,  36.38,  36.34,  36.25,  36.25,  36.36,  36.21,  36.23,  36.28,  36.15,  36.06,  36.09,  36.04,  36.09,  36.15,  36.19,  36.19,  36.22,  36.24,  36.29,  36.28,  36.22,  36.19,  36.17
20110903, 0000,  , TS, 28.0N,  91.5W,  40, 1001,  175,  175,    0,   90,    0,    0,    0,    0,    0,    0,    0,    0, -999,  36.05,  36.12,  36.17,  36.18,  36.20,  36.20,  36.21,  36.22,  36.22,  36.23,  36.23,  36.21,  36.22,  36.23,  36.20,  36.16,  36.17,  36.15,  36.13,  36.15,  36.16,  36.16,  36.16,  36.16,  36.17,  36.18,  36.20,  36.22,  36.23,  36.23,  36.23
20110903, 0600,  , TS, 28.5N,  91.8W,  45,  997,  175,  175,    0,   90,    0,    0,    0,    0,    0,    0,    0,    0, -999,  34.97,  35.01,  35.10,  35.03,  34.91,  34.73,  34.76,  34.75,  34.84,  34.75,  34.83,  34.83,  35.05,  35.13,  35.15,  35.09,  35.16,  35.19,  35.25,  35.26,  35.28,  35.30,  35.34,  35.43,  35.47,  35.49,  35.51,  35.49,  35.48,  35.51,  35.54
20110903, 1200,  , SS, 29.0N,  92.0W,  50,  993,  200,  175,   80,  100,  120,    0,    0,    0,    0,    0,    0,    0, -999,  33.25,  33.16,  33.14,  33.08,  33.05,  33.08,  33.10,  33.10,  33.18,  33.33,  33.38,  33.41,  33.39,  33.42,  33.30,  33.25,  33.24,  33.58,  33.58,  33.64,  33.43,  33.52,  33.53,  33.58,  33.62,  33.67,  33.74,  33.88,  33.97,  33.84,  33.83
20110903, 1800,  , SS, 29.2N,  92.2W,  45,  989,  200,  175,  120,  100,    0,    0,    0,    0,    0,    0,    0,    0, -999,    nan,    nan,    nan,    nan,    nan,    nan,    nan,    nan,    nan,    nan,    nan,    nan,    nan,    nan,    nan,    nan,    nan,    nan,    nan,    nan,    nan,    nan,    nan,    nan,    nan,    nan,    nan,    nan,    nan,    nan,    nan
20110904, 0000,  , SS, 29.4N,  92.5W,  40,  988,  225,  200,  130,   75,    0,    0,    0,    0,    0,    0,    0,    0, -999,  31.32,  30.96,  30.94,  30.93,  31.07,  31.17,  31.15,  31.16,  31.41,  31.48,  31.51,  31.40,  31.28,  31.25,  31.08,  30.57,  30.44,  31.40,  31.82,  31.46,  31.21,  30.98,  31.03,  31.18,  31.07,  31.22,  31.61,  31.82,  31.62,  31.26,  30.95
20110904, 0600,  , SS, 29.5N,  92.5W,  40,  986,  225,  225,  130,   60,    0,    0,    0,    0,    0,    0,    0,    0, -999,  31.32,  30.96,  30.94,  30.93,  31.07,  31.17,  31.15,  31.16,  31.41,  31.48,  31.51,  31.40,  31.28,  31.25,  31.08,  30.57,  30.44,  31.40,  31.82,  31.46,  31.21,  30.98,  31.03,  31.18,  31.07,  31.22,  31.61,  31.82,  31.62,  31.26,  30.95
20110904, 0900, T, SS, 29.5N,  92.2W,  40,  986,  225,  225,  130,   60,    0,    0,    0,    0,    0,    0,    0,    0, -999,    nan,    nan,    nan,    nan,    nan,    nan,    nan,    nan,    nan,    nan,    nan,    nan,    nan,    nan,    nan,    nan,    nan,    nan,    nan,    nan,    nan,    nan,    nan,    nan,    nan,    nan,    nan,    nan,    nan,    nan,    nan
20110904, 1030, L, SS, 29.6N,  92.1W,  40,  986,  225,  225,  130,   60,    0,    0,    0,    0,    0,    0,    0,    0, -999,    nan,    nan,    nan,    nan,    nan,    nan,    nan,    nan,    nan,    nan,    nan,    nan,    nan,    nan,    nan,    nan,    nan,    nan,    nan,    nan,    nan,    nan,    nan,    nan,    nan,    nan,    nan,    nan,    nan,    nan,    nan
20110904, 1200,  , SS, 29.7N,  92.0W,  35,  986,  200,  250,  130,   45,    0,    0,    0,    0,    0,    0,    0,    0, -999,    nan,    nan,    nan,    nan,    nan,    nan,    nan,    nan,    nan,    nan,    nan,    nan,    nan,    nan,    nan,    nan,    nan,    nan,    nan,    nan,    nan,    nan,    nan,    nan,    nan,    nan,    nan,    nan,    nan,    nan,    nan
20110904, 1800,  , SS, 30.3N,  91.8W,  35,  988,    0,  250,  140,    0,    0,    0,    0,    0,    0,    0,    0,    0, -999,    nan,    nan,    nan,    nan,    nan,    nan,    nan,    nan,    nan,    nan,    nan,    nan,    nan,    nan,    nan,    nan,    nan,    nan,    nan,    nan,    nan,    nan,    nan,    nan,    nan,    nan,    nan,    nan,    nan,    nan,    nan
20110905, 0000,  , SS, 30.4N,  91.6W,  35,  990,    0,  250,  150,    0,    0,    0,    0,    0,    0,    0,    0,    0, -999,    nan,    nan,    nan,    nan,    nan,    nan,    nan,    nan,    nan,    nan,    nan,    nan,    nan,    nan,    nan,    nan,    nan,    nan,    nan,    nan,    nan,    nan,    nan,    nan,    nan,    nan,    nan,    nan,    nan,    nan,    nan
20110905, 0600,  , EX, 30.4N,  91.4W,  35,  993,    0,  250,  175,    0,    0,    0,    0,    0,    0,    0,    0,    0, -999,    nan,    nan,    nan,    nan,    nan,    nan,    nan,    nan,    nan,    nan,    nan,    nan,    nan,    nan,    nan,    nan,    nan,    nan,    nan,    nan,    nan,    nan,    nan,    nan,    nan,    nan,    nan,    nan,    nan,    nan,    nan
20110905, 1200,  , EX, 30.6N,  90.1W,  40,  995,    0,  250,  250,    0,    0,    0,    0,    0,    0,    0,    0,    0, -999,    nan,    nan,    nan,    nan,    nan,    nan,    nan,    nan,    nan,    nan,    nan,    nan,    nan,    nan,    nan,    nan,    nan,    nan,    nan,    nan,    nan,    nan,    nan,    nan,    nan,    nan,    nan,    nan,    nan,    nan,    nan
20110905, 1800,  , EX, 31.5N,  88.3W,  40,  995,    0,  250,  250,    0,    0,    0,    0,    0,    0,    0,    0,    0, -999,    nan,    nan,    nan,    nan,    nan,    nan,    nan,    nan,    nan,    nan,    nan,    nan,    nan,    nan,    nan,    nan,    nan,    nan,    nan,    nan,    nan,    nan,    nan,    nan,    nan,    nan,    nan,    nan,    nan,    nan,    nan
20110906, 0000,  , EX, 32.6N,  86.5W,  30,  995,    0,    0,    0,    0,    0,    0,    0,    0,    0,    0,    0,    0, -999,    nan,    nan,    nan,    nan,    nan,    nan,    nan,    nan,    nan,    nan,    nan,    nan,    nan,    nan,    nan,    nan,    nan,    nan,    nan,    nan,    nan,    nan,    nan,    nan,    nan,    nan,    nan,    nan,    nan,    nan,    nan
20110906, 0600,  , EX, 33.4N,  85.3W,  20,  997,    0,    0,    0,    0,    0,    0,    0,    0,    0,    0,    0,    0, -999,    nan,    nan,    nan,    nan,    nan,    nan,    nan,    nan,    nan,    nan,    nan,    nan,    nan,    nan,    nan,    nan,    nan,    nan,    nan,    nan,    nan,    nan,    nan,    nan,    nan,    nan,    nan,    nan,    nan,    nan,    nan
20110906, 1200,  , EX, 34.2N,  85.1W,  15, 1000,    0,    0,    0,    0,    0,    0,    0,    0,    0,    0,    0,    0, -999,    nan,    nan,    nan,    nan,    nan,    nan,    nan,    nan,    nan,    nan,    nan,    nan,    nan,    nan,    nan,    nan,    nan,    nan,    nan,    nan,    nan,    nan,    nan,    nan,    nan,    nan,    nan,    nan,    nan,    nan,    nan
20110906, 1800,  , EX, 34.9N,  85.3W,  15, 1004,    0,    0,    0,    0,    0,    0,    0,    0,    0,    0,    0,    0, -999,    nan,    nan,    nan,    nan,    nan,    nan,    nan,    nan,    nan,    nan,    nan,    nan,    nan,    nan,    nan,    nan,    nan,    nan,    nan,    nan,    nan,    nan,    nan,    nan,    nan,    nan,    nan,    nan,    nan,    nan,    nan
