AL141998,             NICOLE,     35,
19981124, 0000,  , TD, 28.3N,  28.0W,  30, 1010, -999, -999, -999, -999, -999, -999, -999, -999, -999, -999, -999, -999, -999,  36.54,  36.53,  36.50,  36.51,  36.53,  36.57,  36.57,  36.49,  36.49,  36.48,  36.48,  36.50,  36.50,  36.51,  36.52,  36.48,  36.46,  36.45,  36.45,  36.52,  36.56,  36.53,  36.45,  36.41,  36.42,  36.41,  36.41,  36.45,  36.55,  36.57,  36.57
19981124, 0600,  , TS, 27.9N,  29.1W,  35, 1005, -999, -999, -999, -999, -999, -999, -999, -999, -999, -999, -999, -999, -999,  36.45,  36.50,  36.57,  36.59,  36.58,  36.61,  36.60,  36.56,  36.58,  36.60,  36.59,  36.59,  36.60,  36.56,  36.49,  36.42,  36.34,  36.32,  36.33,  36.38,  36.50,  36.57,  36.64,  36.72,  36.68,  36.62,  36.55,  36.60,  36.64,  36.63,  36.67
19981124, 1200,  , TS, 27.5N,  30.1W,  45, 1000, -999, -999, -999, -999, -999, -999, -999, -999, -999, -999, -999, -999, -999,  36.43,  36.34,  36.31,  36.31,  36.34,  36.37,  36.44,  36.45,  36.41,  36.35,  36.32,  36.35,  36.42,  36.50,  36.55,  36.49,  36.43,  36.40,  36.38,  36.38,  36.38,  36.40,  36.46,  36.55,  36.54,  36.59,  36.62,  36.65,  36.71,  36.70,  36.71
19981124, 1800,  , TS, 27.2N,  31.1W,  60,  997, -999, -999, -999, -999, -999, -999, -999, -999, -999, -999, -999, -999, -999,  36.47,  36.43,  36.39,  36.34,  36.34,  36.34,  36.34,  36.37,  36.40,  36.42,  36.46,  36.49,  36.40,  36.34,  36.31,  36.32,  36.30,  36.35,  36.46,  36.54,  36.61,  36.65,  36.65,  36.66,  36.64,  36.60,  36.63,  36.65,  36.65,  36.65,  36.57
19981125, 0000,  , TS, 26.9N,  32.0W,  60,  995, -999, -999, -999, -999, -999, -999, -999, -999, -999, -999, -999, -999, -999,  36.65,  36.62,  36.64,  36.64,  36.66,  36.70,  36.71,  36.73,  36.73,  36.70,  36.71,  36.70,  36.70,  36.67,  36.71,  36.68,  36.65,  36.68,  36.73,  36.75,  36.77,  36.83,  36.84,  36.80,  36.75,  36.72,  36.72,  36.70,  36.67,  36.69,  36.70
19981125, 0600,  , TS, 26.6N,  32.9W,  60,  994, -999, -999, -999, -999, -999, -999, -999, -999, -999, -999, -999, -999, -999,  36.64,  36.60,  36.63,  36.80,  36.77,  36.77,  36.79,  36.75,  36.76,  36.74,  36.75,  36.79,  36.75,  36.77,  36.79,  36.76,  36.76,  36.78,  36.77,  36.78,  36.78,  36.71,  36.66,  36.64,  36.59,  36.57,  36.59,  36.58,  36.58,  36.59,  36.58
19981125, 1200,  , TS, 26.3N,  33.7W,  55,  994, -999, -999, -999, -999, -999, -999, -999, -999, -999, -999, -999, -999, -999,  36.73,  36.74,  36.73,  36.76,  36.77,  36.75,  36.70,  36.67,  36.63,  36.61,  36.58,  36.57,  36.55,  36.54,  36.56,  36.58,  36.66,  36.63,  36.65,  36.65,  36.63,  36.61,  36.62,  36.59,  36.55,  36.57,  36.62,  36.61,  36.62,  36.65,  36.66
19981125, 1800,  , TS, 26.0N,  34.6W,  50,  994, -999, -999, -999, -999, -999, -999, -999, -999, -999, -999, -999, -999, -999,  36.66,  36.69,  36.70,  36.69,  36.67,  36.66,  36.66,  36.67,  36.68,  36.71,  36.75,  36.75,  36.77,  36.79,  36.79,  36.79,  36.82,  36.81,  36.81,  36.79,  36.78,  36.74,  36.66,  36.58,  36.53,  36.50,  36.52,  36.56,  36.58,  36.58,  36.56
19981126, 0000,  , TS, 25.7N,  35.4W,  40,  998, -999, -999, -999, -999, -999, -999, -999, -999, -999, -999, -999, -999, -999,  36.50,  36.52,  36.56,  36.56,  36.59,  36.65,  36.65,  36.65,  36.66,  36.66,  36.68,  36.67,  36.70,  36.71,  36.73,  36.75,  36.78,  36.77,  36.76,  36.73,  36.72,  36.78,  36.75,  36.73,  36.70,  36.68,  36.64,  36.58,  36.53,  36.50,  36.52
19981126, 0600,  , TS, 25.5N,  36.4W,  35, 1000, -999, -999, -999, -999, -999, -999, -999, -999, -999, -999, -999, -999, -999,  36.71,  36.71,  36.71,  36.70,  36.72,  36.75,  36.78,  36.79,  36.75,  36.75,  36.74,  36.73,  36.72,  36.76,  36.79,  36.84,  36.83,  36.89,  36.94,  36.94,  36.96,  36.96,  36.93,  36.93,  36.94,  36.96,  37.00,  37.01,  37.07,  37.07,  36.97
19981126, 1200,  , TD, 25.3N,  37.3W,  30, 1007, -999, -999, -999, -999, -999, -999, -999, -999, -999, -999, -999, -999, -999,  36.58,  36.62,  36.67,  36.71,  36.72,  36.74,  36.76,  36.76,  36.77,  36.75,  36.70,  36.66,  36.69,  36.70,  36.71,  36.70,  36.69,  36.67,  36.66,  36.69,  36.72,  36.81,  36.86,  36.85,  36.78,  36.78,  36.84,  36.89,  36.90,  36.97,  37.02
19981126, 1800,  , TD, 25.2N,  38.3W,  25, 1009, -999, -999, -999, -999, -999, -999, -999, -999, -999, -999, -999, -999, -999,  36.90,  36.90,  36.91,  36.92,  36.93,  36.95,  36.96,  36.97,  36.97,  36.97,  36.97,  36.97,  36.96,  36.95,  36.94,  36.94,  36.95,  36.94,  36.94,  36.93,  36.92,  36.91,  36.93,  36.95,  36.96,  36.96,  36.97,  36.94,  36.92,  36.87,  36.84
19981127, 0000,  , TD, 25.2N,  39.2W,  25, 1009, -999, -999, -999, -999, -999, -999, -999, -999, -999, -999, -999, -999, -999,  36.83,  36.83,  36.82,  36.81,  36.82,  36.82,  36.83,  36.84,  36.84,  36.81,  36.77,  36.74,  36.76,  36.80,  36.83,  36.85,  36.84,  36.85,  36.86,  36.92,  36.94,  36.91,  36.90,  36.93,  36.87,  36.80,  36.90,  36.93,  36.86,  36.85,  36.87
19981127, 0600,  , TD, 25.3N,  40.3W,  25, 1009, -999, -999, -999, -999, -999, -999, -999, -999, -999, -999, -999, -999, -999,  36.51,  36.53,  36.57,  36.60,  36.66,  36.70,  36.70,  36.72,  36.70,  36.71,  36.71,  36.75,  36.76,  36.77,  36.81,  36.85,  36.88,  36.90,  36.93,  36.93,  36.83,  36.71,  36.75,  36.84,  36.87,  36.83,  36.80,  36.75,  36.77,  36.83,  36.87
19981127, 1200,  , TD, 25.4N,  41.7W,  30, 1009, -999, -999, -999, -999, -999, -999, -999, -999, -999, -999, -999, -999, -999,  36.87,  36.86,  36.86,  36.83,  36.83,  36.85,  36.95,  37.00,  36.94,  36.90,  36.90,  36.90,  36.90,  36.90,  36.91,  36.91,  36.91,  36.89,  36.88,  36.86,  36.86,  36.88,  36.89,  36.89,  36.91,  36.94,  36.96,  36.97,  36.95,  36.92,  36.90
19981127, 1800,  , TS, 25.6N,  43.0W,  40, 1005, -999, -999, -999, -999, -999, -999, -999, -999, -999, -999, -999, -999, -999,  36.85,  36.75,  36.70,  36.58,  36.41,  36.36,  36.50,  36.69,  36.79,  36.83,  36.81,  36.81,  36.84,  36.88,  36.88,  36.89,  36.93,  36.94,  36.96,  36.95,  36.89,  36.83,  36.77,  36.73,  36.69,  36.65,  36.64,  36.63,  36.67,  36.72,  36.78
19981128, 0000,  , TS, 25.8N,  44.1W,  50, 1001, -999, -999, -999, -999, -999, -999, -999, -999, -999, -999, -999, -999, -999,  36.45,  36.46,  36.47,  36.49,  36.50,  36.50,  36.48,  36.51,  36.57,  36.63,  36.65,  36.62,  36.61,  36.63,  36.64,  36.65,  36.66,  36.66,  36.65,  36.62,  36.61,  36.59,  36.57,  36.52,  36.50,  36.47,  36.47,  36.48,  36.53,  36.58,  36.64
19981128, 0600,  , TS, 26.3N,  45.3W,  50, 1000, -999, -999, -999, -999, -999, -999, -999, -999, -999, -999, -999, -999, -999,  36.44,  36.41,  36.32,  36.24,  36.22,  36.26,  36.39,  36.56,  36.55,  36.47,  36.41,  36.41,  36.46,  36.48,  36.47,  36.44,  36.44,  36.46,  36.46,  36.45,  36.46,  36.50,  36.49,  36.50,  36.51,  36.52,  36.51,  36.50,  36.49,  36.49,  36.48
19981128, 1200,  , TS, 27.1N,  46.2W,  50, 1000, -999, -999, -999, -999, -999, -999, -999, -999, -999, -999, -999, -999, -999,  36.52,  36.52,  36.47,  36.41,  36.37,  36.34,  36.31,  36.31,  36.31,  36.32,  36.32,  36.31,  36.31,  36.35,  36.34,  36.36,  36.39,  36.40,  36.40,  36.40,  36.41,  36.41,  36.45,  36.49,  36.53,  36.53,  36.52,  36.58,  36.64,  36.63,  36.62
19981128, 1800,  , TS, 28.0N,  46.6W,  50, 1000, -999, -999, -999, -999, -999, -999, -999, -999, -999, -999, -999, -999, -999,  36.34,  36.34,  36.33,  36.27,  36.22,  36.25,  36.32,  36.34,  36.30,  36.26,  36.26,  36.32,  36.36,  36.35,  36.34,  36.28,  36.41,  36.47,  36.52,  36.51,  36.59,  36.67,  36.58,  36.45,  36.45,  36.48,  36.44,  36.38,  36.38,  36.36,  36.37
19981129, 0000,  , TS, 28.8N,  46.5W,  45, 1000, -999, -999, -999, -999, -999, -999, -999, -999, -999, -999, -999, -999, -999,  36.13,  36.26,  36.21,  36.17,  36.15,  36.13,  36.12,  36.12,  36.13,  36.14,  36.18,  36.22,  36.22,  36.22,  36.23,  36.23,  36.24,  36.24,  36.29,  36.40,  36.42,  36.42,  36.41,  36.41,  36.49,  36.55,  36.51,  36.50,  36.50,  36.44,  36.41
19981129, 0600,  , TS, 30.0N,  45.9W,  45, 1000, -999, -999, -999, -999, -999, -999, -999, -999, -999, -999, -999, -999, -999,  36.15,  36.16,  36.19,  36.23,  36.25,  36.25,  36.25,  36.26,  36.27,  36.25,  36.26,  36.26,  36.25,  36.25,  36.24,  36.25,  36.25,  36.25,  36.24,  36.23,  36.21,  36.21,  36.21,  36.22,  36.22,  36.23,  36.24,  36.27,  36.28,  36.29,  36.30
19981129, 1200,  , TS, 31.0N,  44.9W,  55, 1000, -999, -999, -999, -999, -999, -999, -999, -999, -999, -999, -999, -999, -999,  36.24,  36.30,  36.31,  36.34,  36.32,  36.33,  36.27,  36.22,  36.22,  36.25,  36.32,  36.32,  36.27,  36.25,  36.27,  36.27,  36.24,  36.24,  36.23,  36.21,  36.22,  36.22,  36.21,  36.21,  36.22,  36.22,  36.22,  36.22,  36.22,  36.22,  36.22
19981129, 1800,  , TS, 31.8N,  43.8W,  60,  995, -999, -999, -999, -999, -999, -999, -999, -999, -999, -999, -999, -999, -999,  36.19,  36.21,  36.28,  36.26,  36.21,  36.20,  36.21,  36.24,  36.27,  36.28,  36.29,  36.30,  36.28,  36.29,  36.29,  36.27,  36.25,  36.21,  36.21,  36.23,  36.25,  36.26,  36.28,  36.26,  36.23,  36.21,  36.26,  36.24,  36.20,  36.09,  36.07
19981130, 0000,  , HU, 32.6N,  42.6W,  65,  992, -999, -999, -999, -999, -999, -999, -999, -999, -999, -999, -999, -999, -999,  36.06,  36.09,  36.15,  36.22,  36.20,  36.23,  36.19,  36.22,  36.22,  36.20,  36.14,  36.04,  36.02,  36.21,  36.19,  36.20,  36.17,  36.18,  36.21,  36.21,  36.21,  36.23,  36.24,  36.24,  36.17,  36.16,  36.23,  36.28,  36.30,  36.26,  36.23
19981130, 0600,  , HU, 33.1N,  41.7W,  65,  992, -999, -999, -999, -999, -999, -999, -999, -999, -999, -999, -999, -999, -999,  35.98,  35.95,  35.94,  35.98,  36.01,  36.01,  36.00,  36.09,  36.17,  36.19,  36.22,  36.20,  36.21,  36.14,  36.14,  36.14,  36.14,  36.13,  36.24,  36.25,  36.19,  36.15,  36.23,  36.31,  36.28,  36.26,  36.27,  36.31,  36.25,  36.09,  36.06
19981130, 1200,  , HU, 33.8N,  40.5W,  65,  987, -999, -999, -999, -999, -999, -999, -999, -999, -999, -999, -999, -999, -999,  36.17,  36.16,  36.17,  36.14,  36.10,  35.98,  35.99,  36.08,  36.16,  36.15,  36.06,  36.02,  36.05,  36.05,  35.99,  35.98,  36.02,  36.03,  36.04,  36.11,  36.20,  36.23,  36.26,  36.32,  36.30,  36.36,  36.38,  36.39,  36.42,  36.42,  36.41
19981130, 1800,  , HU, 34.3N,  39.3W,  70,  984, -999, -999, -999, -999, -999, -999, -999, -999, -999, -999, -999, -999, -999,  36.10,  36.08,  36.05,  36.05,  36.05,  36.04,  36.03,  36.02,  36.00,  36.00,  36.00,  36.00,  35.97,  35.91,  35.92,  36.06,  36.17,  36.20,  36.20,  36.21,  36.21,  36.21,  36.11,  36.04,  36.08,  36.08,  36.08,  36.08,  36.08,  36.20,  36.26
19981201, 0000,  , HU, 35.1N,  37.9W,  75,  979, -999, -999, -999, -999, -999, -999, -999, -999, -999, -999, -999, -999, -999,  35.97,  35.97,  35.95,  35.94,  35.93,  35.93,  35.94,  35.92,  35.95,  35.97,  35.96,  35.98,  36.00,  35.99,  36.00,  36.05,  36.02,  35.97,  35.95,  35.98,  36.00,  36.00,  36.00,  36.00,  35.99,  35.97,  35.92,  35.91,  35.92,  35.97,  36.03
19981201, 0600,  , HU, 37.0N,  35.5W,  70,  980, -999, -999, -999, -999, -999, -999, -999, -999, -999, -999, -999, -999, -999,  35.84,  35.84,  35.88,  35.91,  35.91,  35.88,  35.88,  35.87,  35.85,  35.84,  35.89,  35.94,  35.93,  35.91,  35.86,  35.78,  35.86,  35.83,  35.79,  35.80,  35.83,  35.87,  35.92,  35.91,  35.87,  35.86,  35.87,  35.88,  35.86,  35.87,  35.89
19981201, 1200,  , TS, 40.4N,  34.0W,  60,  982, -999, -999, -999, -999, -999, -999, -999, -999, -999, -999, -999, -999, -999,  35.80,  35.80,  35.79,  35.79,  35.79,  35.78,  35.78,  35.78,  35.78,  35.78,  35.80,  35.81,  35.82,  35.82,  35.83,  35.84,  35.82,  35.73,  35.71,  35.70,  35.77,  35.78,  35.79,  35.80,  35.81,  35.80,  35.78,  35.80,  35.82,  35.78,  35.75
19981201, 1800,  , EX, 43.0N,  34.0W,  60,  985, -999, -999, -999, -999, -999, -999, -999, -999, -999, -999, -999, -999, -999,  35.67,  35.67,  35.68,  35.68,  35.68,  35.68,  35.68,  35.68,  35.68,  35.66,  35.67,  35.66,  35.59,  35.55,  35.57,  35.59,  35.60,  35.60,  35.60,  35.58,  35.45,  35.43,  35.45,  35.48,  35.50,  35.48,  35.48,  35.44,  35.39,  35.40,  35.42
19981202, 0000,  , EX, 47.0N,  34.5W,  50,  988, -999, -999, -999, -999, -999, -999, -999, -999, -999, -999, -999, -999, -999,  35.26,  35.26,  35.27,  35.28,  35.30,  35.27,  35.21,  35.19,  35.18,  35.22,  35.32,  35.23,  35.27,  35.31,  35.32,  35.30,  35.28,  35.29,  35.27,  35.27,  35.29,  35.34,  35.39,  35.33,  35.31,  35.28,  35.35,  35.38,  35.37,  35.35,  35.37
19981202, 0600,  , EX, 49.5N,  35.5W,  50,  990, -999, -999, -999, -999, -999, -999, -999, -999, -999, -999, -999, -999, -999,  35.21,  35.14,  35.06,  35.14,  35.14,  35.09,  35.10,  35.05,  34.96,  34.96,  34.90,  34.90,  34.89,  34.92,  34.97,  34.92,  34.88,  34.92,  35.17,  35.21,  35.22,  35.23,  35.19,  35.07,  34.92,  34.77,  34.83,  34.91,  34.97,  35.00,  35.04
19981202, 1200,  , EX, 52.0N,  37.0W,  50,  990, -999, -999, -999, -999, -999, -999, -999, -999, -999, -999, -999, -999, -999,  34.73,  34.72,  34.74,  34.79,  34.77,  34.76,  34.72,  34.71,  34.66,  34.69,  34.68,  34.70,  34.70,  34.69,  34.70,  34.69,  34.69,  34.71,  34.70,  34.71,  34.69,  34.70,  34.71,  34.73,  34.73,  34.74,  34.74,  34.74,  34.74,  34.73,  34.73
