AL142005,              MARIA,     51,
20050901, 1200,  , TD, 18.8N,  45.5W,  30, 1008,    0,    0,    0,    0,    0,    0,    0,    0,    0,    0,    0,    0, -999,  27.65,  27.66,  27.30,  27.23,  27.80,  27.75,  27.78,  27.93,  27.94,  27.89,  27.73,  27.49,  27.72,  27.51,  27.62,  27.63,  27.64,  27.52,  27.56,  27.75,  27.75,  27.35,  27.33,  27.45,  27.84,  27.66,  27.95,  28.05,  28.19,  28.41,  28.33
20050901, 1800,  , TD, 19.3N,  46.2W,  30, 1008,    0,    0,    0,    0,    0,    0,    0,    0,    0,    0,    0,    0, -999,  26.96,  27.07,  26.87,  27.00,  27.27,  27.09,  27.02,  27.03,  27.12,  26.94,  26.88,  26.88,  27.19,  26.87,  26.93,  26.88,  26.91,  27.05,  27.08,  27.41,  27.43,  27.37,  27.42,  27.45,  27.64,  27.75,  27.73,  27.67,  28.02,  28.21,  28.21
20050902, 0000,  , TD, 19.9N,  47.2W,  30, 1008,    0,    0,    0,    0,    0,    0,    0,    0,    0,    0,    0,    0, -999,  27.45,  27.19,  27.34,  27.43,  27.43,  27.55,  27.70,  27.82,  27.84,  27.68,  27.68,  27.61,  27.65,  27.66,  27.73,  27.87,  27.92,  28.08,  28.29,  28.31,  27.92,  27.80,  27.74,  27.57,  27.53,  27.56,  27.66,  27.59,  27.94,  28.12,  27.88
20050902, 0600,  , TD, 20.5N,  48.3W,  30, 1008,    0,    0,    0,    0,    0,    0,    0,    0,    0,    0,    0,    0, -999,  27.90,  27.61,  27.64,  27.85,  27.94,  28.09,  28.08,  28.13,  28.10,  28.02,  27.99,  27.85,  27.86,  27.91,  27.98,  28.02,  28.11,  27.99,  28.12,  28.15,  27.81,  27.84,  27.77,  27.63,  27.70,  27.58,  27.79,  27.38,  27.76,  28.06,  27.97
20050902, 1200,  , TS, 21.1N,  49.4W,  35, 1006,   60,    0,    0,   30,    0,    0,    0,    0,    0,    0,    0,    0, -999,  28.45,  28.40,  27.95,  27.94,  27.94,  28.02,  28.06,  28.09,  28.13,  28.13,  28.23,  28.26,  28.22,  28.15,  28.12,  28.11,  28.19,  28.30,  28.63,  28.90,  28.52,  28.50,  28.20,  28.22,  28.35,  28.50,  28.77,  28.45,  28.55,  28.76,  28.72
20050902, 1800,  , TS, 21.5N,  50.2W,  40, 1003,   60,    0,    0,   60,    0,    0,    0,    0,    0,    0,    0,    0, -999,  28.34,  28.33,  28.07,  28.00,  28.05,  28.32,  28.36,  28.17,  28.26,  28.29,  28.41,  28.47,  28.29,  28.22,  28.27,  28.41,  28.48,  28.62,  28.70,  28.65,  28.08,  28.07,  27.64,  27.93,  28.18,  28.36,  28.47,  28.40,  28.61,  28.78,  28.80
20050903, 0000,  , TS, 22.0N,  51.0W,  45, 1001,   60,   30,   30,   60,    0,    0,    0,    0,    0,    0,    0,    0, -999,  28.39,  28.33,  28.28,  28.25,  28.33,  28.37,  28.20,  28.38,  28.47,  28.63,  28.64,  28.61,  28.55,  28.55,  28.63,  28.73,  28.82,  28.89,  28.89,  28.77,  28.74,  27.97,  27.85,  27.79,  27.87,  28.05,  28.16,  28.35,  28.58,  28.53,  28.56
20050903, 0600,  , TS, 23.0N,  52.0W,  45, 1000,   60,   30,   30,   60,    0,    0,    0,    0,    0,    0,    0,    0, -999,  28.59,  28.63,  28.77,  28.76,  28.84,  28.88,  28.78,  28.86,  28.83,  28.87,  29.02,  29.07,  29.11,  29.12,  29.16,  29.26,  29.26,  29.25,  29.23,  29.33,  29.35,  28.91,  28.76,  28.68,  28.81,  29.16,  28.89,  28.98,  29.14,  29.26,  29.19
20050903, 1200,  , TS, 24.4N,  53.1W,  50,  997,  100,   30,    0,   60,   25,    0,    0,    0,    0,    0,    0,    0, -999,  28.67,  28.83,  29.04,  28.98,  28.75,  28.53,  28.63,  28.81,  28.90,  28.87,  28.86,  28.89,  28.72,  28.65,  28.73,  28.88,  28.86,  29.19,  29.26,  29.44,  29.57,  29.00,  28.76,  28.49,  28.57,  28.84,  29.12,  29.11,  29.17,  29.30,  29.05
20050903, 1800,  , TS, 25.5N,  54.0W,  55,  994,  100,   60,   20,   60,   25,    0,    0,    0,    0,    0,    0,    0, -999,  28.85,  29.02,  29.16,  28.89,  28.70,  28.72,  28.76,  28.63,  28.79,  28.79,  28.76,  28.83,  28.84,  29.04,  29.19,  29.65,  29.66,  29.92,  29.61,  29.58,  29.51,  29.33,  28.56,  28.36,  28.52,  28.84,  28.65,  28.48,  28.40,  28.57,  28.56
20050904, 0000,  , TS, 26.5N,  54.6W,  60,  990,  100,   60,   30,   60,   25,   25,    0,    0,    0,    0,    0,    0, -999,  29.12,  29.19,  29.24,  29.03,  28.98,  28.98,  29.05,  28.90,  29.01,  28.97,  29.06,  29.31,  29.46,  29.61,  29.45,  29.41,  29.60,  29.48,  29.49,  29.45,  28.56,  28.12,  27.99,  28.45,  28.82,  28.42,  28.15,  28.19,  28.18,  28.25,  28.22
20050904, 0600,  , HU, 27.5N,  55.1W,  65,  987,  100,   60,   30,   60,   25,   25,   20,   20,   10,   10,   10,   10, -999,  28.49,  28.69,  28.87,  28.90,  28.88,  28.96,  29.05,  29.02,  29.19,  29.04,  29.04,  29.06,  29.22,  29.20,  29.26,  29.23,  29.28,  29.07,  29.04,  28.89,  28.27,  27.91,  27.81,  28.14,  28.30,  27.82,  27.53,  27.58,  27.82,  27.98,  28.08
20050904, 1200,  , HU, 28.6N,  55.5W,  65,  987,  100,   75,   40,   75,   30,   30,   20,   30,   15,   15,   10,   15, -999,  28.34,  28.47,  28.34,  28.42,  28.41,  28.31,  28.17,  27.98,  28.17,  28.11,  28.62,  28.00,  29.01,  29.11,  29.50,  29.55,  29.62,  29.31,  29.24,  29.22,  28.98,  28.42,  28.29,  28.17,  28.36,  28.18,  28.05,  28.00,  28.22,  28.37,  28.46
20050904, 1800,  , HU, 29.6N,  56.0W,  75,  980,  100,   75,   40,   75,   30,   30,   20,   30,   15,   15,   10,   15, -999,  28.56,  28.63,  28.53,  28.60,  28.70,  28.97,  29.20,  29.16,  29.12,  28.94,  28.68,  28.61,  28.65,  28.82,  28.84,  28.63,  27.91,  27.86,  28.24,  28.28,  28.40,  27.35,  27.22,  27.06,  27.18,  26.94,  27.02,  26.81,  26.88,  27.09,  27.31
20050905, 0000,  , HU, 30.2N,  56.5W,  75,  980,  100,   75,   40,   75,   30,   30,   20,   30,   15,   15,   10,   15, -999,  27.95,  27.88,  28.02,  28.09,  28.21,  28.34,  28.55,  28.72,  28.38,  28.95,  29.14,  29.31,  29.59,  29.59,  29.55,  29.38,  29.45,  29.19,  28.68,  28.73,  28.14,  27.32,  27.20,  27.35,  27.26,  27.11,  26.87,  27.15,  27.20,  27.47,  27.63
20050905, 0600,  , HU, 30.9N,  56.8W,  80,  977,  100,   80,   50,   75,   30,   30,   25,   30,   15,   15,   15,   15, -999,  27.61,  27.57,  27.69,  27.97,  27.98,  27.95,  27.79,  27.80,  27.71,  28.82,  28.76,  28.88,  28.88,  28.48,  29.16,  29.53,  29.09,  29.26,  27.79,  27.80,  27.17,  26.05,  26.02,  25.68,  25.25,  25.26,  25.04,  25.79,  26.20,  26.04,  26.00
20050905, 1200,  , HU, 31.5N,  56.8W,  85,  975,  100,  100,   60,   80,   50,   50,   30,   40,   20,   20,   20,   20, -999,  27.94,  27.59,  27.34,  27.00,  27.01,  27.45,  27.60,  28.16,  28.54,  28.65,  28.50,  28.42,  28.48,  28.35,  28.30,  29.31,  29.12,  28.96,  28.15,  27.96,  26.74,  25.65,  25.39,  25.54,  25.41,  25.32,  25.41,  25.37,  25.23,  25.23,  25.29
20050905, 1800,  , HU, 32.1N,  56.7W,  90,  970,  100,  100,   60,   80,   50,   50,   30,   40,   20,   20,   20,   20, -999,  27.24,  27.12,  26.99,  26.95,  27.42,  27.87,  27.82,  28.37,  28.46,  28.60,  28.61,  28.79,  28.75,  28.51,  28.38,  28.79,  28.61,  28.65,  28.35,  28.07,  26.87,  25.91,  24.98,  24.87,  24.83,  25.12,  25.41,  25.68,  25.79,  25.68,  25.42
20050906, 0000,  , HU, 32.6N,  56.6W, 100,  962,  100,  100,   60,   80,   50,   50,   30,   40,   20,   20,   20,   20, -999,  27.04,  27.25,  27.23,  27.87,  28.07,  28.20,  28.59,  28.65,  28.63,  28.66,  28.71,  28.84,  28.43,  28.13,  28.55,  28.73,  28.36,  28.00,  27.84,  26.46,  25.85,  25.03,  24.64,  24.45,  24.82,  25.13,  25.53,  25.45,  25.55,  25.53,  25.82
20050906, 0600,  , HU, 33.0N,  56.5W,  90,  970,  100,  100,   60,   80,   50,   50,   30,   40,   20,   20,   15,   15, -999,  27.04,  27.01,  27.22,  27.53,  27.60,  27.87,  27.82,  27.70,  27.62,  27.64,  27.47,  27.51,  27.56,  27.65,  27.76,  27.62,  28.10,  27.18,  26.32,  25.75,  24.44,  24.91,  24.61,  24.56,  25.07,  25.32,  24.80,  24.86,  24.67,  24.63,  25.04
20050906, 1200,  , HU, 33.5N,  56.0W,  80,  975,  120,  120,   60,   80,   75,   75,   30,   40,   20,   20,   15,   15, -999,  27.16,  27.20,  27.48,  27.63,  27.69,  27.81,  27.63,  27.41,  27.30,  27.48,  27.60,  27.75,  27.75,  27.42,  27.16,  27.18,  27.49,  26.19,  25.83,  25.57,  25.31,  25.32,  25.01,  24.80,  24.54,  24.52,  24.24,  23.91,  24.11,  24.27,  24.47
20050906, 1800,  , HU, 33.9N,  55.4W,  75,  980,  120,  120,   60,   80,   75,   75,   30,   40,   20,   20,   15,   15, -999,  27.06,  27.09,  27.05,  27.18,  27.27,  27.53,  27.36,  27.30,  26.68,  26.54,  26.49,  27.11,  27.34,  27.49,  27.49,  26.91,  26.96,  25.97,  25.74,  24.95,  24.64,  24.89,  24.71,  24.18,  24.27,  24.32,  24.00,  24.06,  24.08,  24.38,  24.68
20050907, 0000,  , HU, 34.4N,  54.6W,  65,  987,  120,  120,   60,   80,   75,   75,   30,   40,   35,   35,   20,   25, -999,  26.65,  26.82,  26.45,  25.97,  26.62,  26.26,  26.09,  26.64,  26.87,  26.86,  26.97,  26.64,  26.78,  26.88,  26.91,  26.71,  26.56,  26.04,  26.02,  25.74,  25.71,  25.50,  24.85,  25.24,  25.27,  24.58,  24.06,  24.19,  24.33,  24.75,  24.49
20050907, 0600,  , HU, 34.8N,  53.3W,  70,  983,  140,  140,  120,  140,   75,   90,   60,   90,   45,   45,   45,   45, -999,  26.40,  26.43,  26.42,  26.69,  27.07,  26.71,  26.32,  26.44,  26.99,  26.77,  26.61,  26.75,  26.41,  26.46,  26.99,  26.36,  26.01,  25.52,  25.64,  25.78,  25.20,  24.30,  24.04,  24.31,  24.11,  24.49,  24.92,  24.34,  23.91,  24.07,  24.03
20050907, 1200,  , HU, 35.6N,  51.8W,  75,  980,  150,  175,  150,  200,  100,  120,  100,  125,   45,   75,   60,   75, -999,  26.48,  26.51,  26.46,  26.41,  26.47,  26.78,  26.64,  26.67,  26.30,  26.54,  26.23,  26.31,  26.05,  26.13,  25.89,  25.98,  23.38,  24.23,  24.64,  24.06,  24.70,  24.15,  23.63,  23.43,  23.41,  23.85,  24.07,  23.56,  23.66,  24.30,  24.35
20050907, 1800,  , HU, 36.5N,  50.8W,  75,  980,  150,  175,  150,  200,  100,  120,  100,  125,   45,   75,   60,   75, -999,  26.09,  26.13,  26.09,  25.97,  26.16,  26.35,  25.78,  25.80,  25.70,  26.52,  26.80,  26.74,  26.82,  26.60,  26.30,  25.96,  25.17,  25.27,  24.54,  23.60,  23.97,  24.02,  23.37,  23.48,  23.48,  23.88,  24.02,  24.01,  24.04,  24.20,  24.28
20050908, 0000,  , HU, 37.2N,  49.9W,  70,  982,  175,  200,  175,  175,  100,  120,  100,  100,   45,   75,   60,   60, -999,  26.27,  26.09,  26.02,  26.10,  26.11,  26.02,  26.02,  25.89,  26.14,  26.24,  26.17,  26.25,  26.30,  26.26,  26.00,  25.76,  25.19,  25.14,  24.71,  24.52,  24.41,  23.65,  23.52,  23.42,  23.56,  23.70,  23.82,  23.92,  24.15,  24.32,  24.53
20050908, 0600,  , HU, 37.9N,  49.0W,  65,  985,  175,  200,  175,  175,  100,  120,  100,  100,   45,   75,   60,   60, -999,  25.99,  26.09,  26.12,  25.89,  26.02,  25.87,  25.93,  25.91,  26.31,  26.07,  26.05,  25.87,  25.91,  25.92,  25.68,  25.30,  24.66,  24.61,  24.74,  24.65,  25.01,  24.70,  24.82,  24.63,  24.48,  24.29,  24.32,  24.57,  24.70,  25.03,  24.99
20050908, 1200,  , HU, 38.7N,  48.0W,  65,  985,  200,  225,  175,  175,  100,  120,  100,   90,    0,   75,    0,    0, -999,  25.74,  25.86,  26.11,  26.18,  26.19,  26.09,  25.99,  25.91,  26.00,  25.97,  26.03,  26.00,  25.90,  25.79,  26.11,  25.82,  25.18,  25.00,  24.93,  24.26,  24.36,  24.32,  24.10,  24.07,  24.08,  23.91,  24.97,  25.02,  25.11,  24.57,  25.36
20050908, 1800,  , HU, 39.1N,  47.2W,  65,  985,  200,  225,  175,  175,  100,  120,  100,   90,    0,   75,    0,    0, -999,  26.39,  26.53,  26.47,  26.34,  26.20,  25.84,  25.83,  26.34,  26.18,  25.57,  25.57,  25.43,  25.45,  25.36,  25.47,  25.15,  24.77,  23.78,  24.54,  24.45,  24.75,  24.31,  24.17,  24.27,  23.94,  24.11,  24.05,  24.35,  24.14,  24.07,  23.97
20050909, 0000,  , TS, 39.4N,  46.4W,  60,  987,  200,  225,  175,  175,  100,  120,  100,   90,    0,    0,    0,    0, -999,  25.45,  25.46,  25.38,  25.53,  25.29,  25.02,  24.90,  25.21,  25.55,  25.54,  25.50,  25.41,  25.19,  25.65,  25.47,  25.08,  24.73,  23.75,  24.81,  24.71,  24.01,  23.55,  23.93,  23.84,  23.98,  24.11,  24.16,  24.03,  24.11,  23.92,  24.45
20050909, 0600,  , TS, 39.8N,  44.9W,  55,  987,  175,  225,  175,  150,  100,  120,  120,   90,    0,    0,    0,    0, -999,  24.55,  25.81,  25.56,  25.31,  25.33,  25.43,  24.85,  24.71,  24.68,  25.34,  25.71,  25.72,  26.00,  26.05,  24.96,  24.51,  24.80,  25.25,  24.87,  24.99,  24.28,  23.97,  23.04,  23.23,  22.89,  23.38,  23.49,  23.16,  23.06,  23.01,  23.18
20050909, 1200,  , TS, 40.4N,  43.4W,  55,  988,  150,  200,  200,  100,   75,  120,  120,   45,    0,    0,    0,    0, -999,  22.57,  23.29,  24.15,  24.88,  24.73,  24.79,  24.13,  24.16,  24.03,  24.62,  24.39,  24.74,  24.29,  23.81,  23.68,  23.23,  23.17,  24.28,  24.10,  22.96,  22.76,  22.74,  23.02,  23.02,  23.02,  23.10,  22.99,  23.02,  23.01,  22.99,  22.62
20050909, 1800,  , TS, 41.1N,  42.1W,  50,  988,  150,  200,  200,  100,   75,  120,  120,   45,    0,    0,    0,    0, -999,  23.26,  24.19,  23.76,  23.40,  24.06,  23.39,  23.39,  22.72,  23.18,  24.23,  24.27,  24.21,  24.09,  23.08,  23.72,  23.53,  23.61,  23.49,  23.50,  23.32,  22.67,  22.39,  22.05,  22.06,  22.62,  22.53,  23.11,  22.83,  22.54,  22.56,  22.92
20050910, 0000,  , TS, 41.9N,  40.6W,  50,  988,  150,  200,  200,  100,   75,  120,  120,   45,    0,    0,    0,    0, -999,  23.13,  23.40,  23.00,  23.13,  23.26,  21.41,  21.74,  21.77,  22.07,  21.94,  22.17,  22.66,  22.75,  22.62,  22.82,  22.60,  22.09,  22.45,  23.08,  23.33,  23.38,  22.25,  22.57,  22.62,  22.37,  22.44,  22.61,  22.79,  22.79,  22.81,  22.87
20050910, 0600,  , TS, 42.9N,  39.2W,  50,  988,  150,  200,  200,  150,   75,  120,  120,   75,    0,    0,    0,    0, -999,  23.09,  22.96,  22.86,  22.40,  22.28,  22.47,  22.48,  22.55,  22.53,  22.44,  22.43,  22.75,  22.62,  22.59,  22.40,  22.59,  22.54,  22.52,  22.38,  22.32,  21.61,  21.69,  21.52,  21.46,  21.58,  21.80,  21.78,  21.32,  20.85,  21.23,  21.42
20050910, 1200,  , EX, 44.5N,  37.7W,  50,  980,  200,  300,  200,  180,  150,  200,  150,  120,    0,    0,    0,    0, -999,  21.33,  21.42,  21.44,  21.38,  21.42,  21.25,  21.11,  21.11,  21.08,  21.01,  21.02,  21.24,  21.26,  20.87,  20.68,  20.63,  20.07,  20.01,  20.03,  19.78,  19.95,  19.98,  19.89,  19.94,  19.93,  20.00,  19.91,  19.57,  19.81,  20.05,  20.17
20050910, 1800,  , EX, 46.0N,  36.3W,  55,  975,  300,  300,  250,  200,  200,  200,  180,  150,    0,    0,    0,    0, -999,  18.34,  18.16,  18.94,  19.45,  18.34,  18.00,  17.97,  18.03,  18.28,  18.12,  17.40,  18.31,  19.42,  18.66,  19.18,  19.48,  18.93,  19.09,  18.52,  18.23,  18.47,  18.25,  19.28,  19.12,  18.22,  18.68,  18.76,  18.21,  18.41,  18.24,  18.13
20050911, 0000,  , EX, 48.0N,  35.0W,  60,  975,  300,  300,  250,  200,  200,  200,  180,  150,    0,    0,    0,    0, -999,  17.44,  17.48,  17.61,  17.43,  17.25,  17.19,  17.07,  17.05,  17.19,  17.26,  17.83,  18.32,  19.26,  18.26,  18.00,  18.00,  17.68,  17.18,  16.77,  16.66,  16.94,  17.12,  17.07,  17.18,  17.10,  16.97,  17.00,  16.99,  16.62,  16.66,  16.59
20050911, 0600,  , EX, 50.0N,  34.0W,  60,  974,  300,  350,  250,  200,  200,  250,  180,  150,    0,    0,    0,    0, -999,  16.44,  16.23,  16.01,  15.63,  16.34,  16.43,  16.55,  16.05,  15.96,  16.09,  15.81,  15.56,  15.47,  15.32,  15.81,  15.54,  15.56,  15.75,  15.82,  16.26,  16.43,  16.75,  16.56,  16.02,  16.27,  16.24,  16.13,  15.69,  15.37,  15.70,  14.81
20050911, 1200,  , EX, 52.0N,  32.9W,  65,  971,  300,  400,  250,  200,  200,  300,  150,  120,  180,  250,    0,    0, -999,  14.37,  14.25,  14.11,  14.06,  14.02,  13.93,  13.86,  13.82,  13.82,  13.74,  13.82,  13.83,  13.73,  13.75,  13.81,  13.99,  13.82,  13.85,  13.89,  13.93,  14.23,  14.30,  14.36,  14.27,  14.16,  14.12,  14.04,  14.03,  13.85,  13.54,  12.56
20050911, 1800,  , EX, 54.0N,  32.0W,  65,  968,  300,  400,  250,  200,  200,  300,  150,  120,  180,  250,    0,    0, -999,  13.29,  13.21,  13.14,  13.03,  12.97,  12.90,  12.84,  12.78,  12.77,  12.79,  12.76,  12.67,  12.54,  12.92,  12.96,  12.84,  12.70,  12.44,  12.39,  12.74,  12.87,  12.78,  12.73,  12.60,  12.50,  12.41,  12.37,  12.30,  12.17,  12.66,  12.42
20050912, 0000,  , EX, 55.5N,  31.0W,  65,  962,  300,  400,  250,  200,  200,  300,  150,  120,  180,  250,    0,    0, -999,  13.07,  12.99,  12.81,  12.73,  12.66,  12.62,  12.64,  12.55,  12.56,  12.64,  12.58,  12.66,  12.61,  12.64,  12.60,  12.41,  12.29,  12.56,  12.65,  12.94,  12.86,  12.74,  12.56,  12.54,  12.40,  12.20,  12.12,  11.92,  12.24,  12.28,  12.13
20050912, 0600,  , EX, 57.0N,  29.0W,  65,  967,  300,  400,  250,  200,  200,  300,  150,  120,  180,  250,    0,    0, -999,  12.39,  12.18,  12.02,  11.90,  11.82,  11.75,  12.02,  11.92,  11.85,  11.79,  11.68,  11.91,  11.72,  12.02,  12.04,  11.71,  11.84,  12.48,  12.36,  12.22,  12.37,  12.42,  12.38,  12.17,  12.14,  12.06,  12.03,  11.96,  11.80,  11.73,  11.40
20050912, 1200,  , EX, 58.5N,  26.0W,  65,  970,  300,  400,  250,  200,  200,  300,  150,  120,  180,  250,    0,    0, -999,  12.25,  12.21,  12.04,  12.01,  11.85,  11.80,  11.66,  11.41,  11.41,  11.46,  11.47,  11.47,  11.47,  11.50,  11.78,  11.51,  11.49,  11.19,  11.31,  11.40,  11.30,  11.37,  11.14,  11.15,  10.83,  10.68,  10.77,  10.97,  11.15,  10.94,  10.65
20050912, 1800,  , EX, 61.0N,  23.0W,  60,  972,  300,  350,  250,  200,  200,  250,  150,  120,    0,    0,    0,    0, -999,  11.94,  11.90,  12.07,  12.11,  11.98,  11.85,  11.81,  11.78,  11.69,  11.60,  11.65,  11.58,  11.47,  11.40,  11.28,  11.28,  11.23,  11.11,  10.91,  10.64,  10.74,  10.93,  11.23,  10.77,  10.38,  10.22,  10.32,  10.30,  10.72,  10.41,  10.19
20050913, 0000,  , EX, 62.0N,  21.0W,  55,  974,  300,  300,  250,  200,  200,  200,  150,  120,    0,    0,    0,    0, -999,  11.72,  11.63,  11.65,  11.51,  11.30,  11.16,  11.13,  11.23,  11.45,  11.52,  11.50,  11.38,  11.28,  11.21,  11.06,  10.85,  10.68,  10.51,  10.32,  10.09,  10.11,  10.18,  10.46,  10.38,  10.44,  10.43,   9.93,   9.74,   9.68,   9.99,  10.05
20050913, 0600,  , EX, 62.9N,  19.0W,  50,  976,  300,  300,  250,  200,  200,  200,  150,  120,    0,    0,    0,    0, -999,  11.38,  11.30,  11.22,  11.29,  11.28,  11.13,  11.09,  11.08,  11.03,  10.93,  11.21,  11.29,  11.09,  10.70,  10.82,  10.70,  10.70,  10.65,  10.71,  10.62,  10.44,  10.41,  10.26,  10.27,  10.08,  10.00,  10.02,   9.97,   9.89,   9.57,   9.57
20050913, 1200,  , EX, 63.5N,  16.0W,  45,  980,  300,  300,  300,  200,    0,    0,    0,    0,    0,    0,    0,    0, -999,  11.34,  11.27,  11.11,  10.85,  10.73,  10.74,  10.70,  10.55,  10.34,   9.97,  10.12,  10.24,  10.12,  10.03,  10.19,   9.95,   9.86,   9.76,  10.27,  10.30,   9.98,   9.90,   9.92,   9.89,   9.85,   9.73,   9.64,   9.47,   9.37,   9.27,   9.17
20050913, 1800,  , EX, 63.0N,  10.0W,  45,  983,  300,  300,  400,  200,    0,    0,    0,    0,    0,    0,    0,    0, -999,  10.13,  10.11,   9.96,  10.14,  10.34,  10.09,   9.85,   9.87,   9.89,  10.10,  10.29,  10.15,  10.11,   9.83,   9.86,   9.96,   9.64,   9.47,   9.75,   9.69,   9.67,   9.80,   9.74,   9.58,   9.21,   9.14,   7.79,   8.27,   7.71,   7.82,   7.96
20050914, 0000,  , EX, 63.0N,   0.0W,  45,  984,  300,  300,  500,  200,    0,    0,    0,    0,    0,    0,    0,    0, -999,  11.35,  11.29,  11.14,  10.81,  10.76,  10.91,  11.19,  11.35,  11.07,  11.09,  10.78,  10.85,  10.50,  10.32,  10.52,  10.53,  10.48,  10.40,  10.40,  10.36,  10.33,  10.21,  10.23,  10.22,  10.07,  10.00,   9.67,   9.99,   9.79,   9.52,   9.50
