AL142002,            UNNAMED,     11,
20021014, 1200,  , TD, 16.9N,  82.6W,  30, 1008, -999, -999, -999, -999, -999, -999, -999, -999, -999, -999, -999, -999, -999,  36.14,  36.13,  36.14,  36.17,  36.16,  36.13,  36.15,  36.16,  36.16,  36.16,  36.17,  36.16,  36.17,  36.16,  36.18,  36.18,  36.20,  36.21,  36.20,  36.18,  36.18,  36.18,  36.10,  36.10,  36.12,  36.13,  36.12,  36.19,  36.17,  36.17,  36.16
20021014, 1800,  , TD, 17.2N,  83.1W,  30, 1005, -999, -999, -999, -999, -999, -999, -999, -999, -999, -999, -999, -999, -999,  36.20,  36.11,  36.13,  36.15,  36.14,  36.12,  36.10,  36.02,  36.04,  36.04,  36.08,  36.08,  36.09,  36.10,  36.11,  36.11,  36.13,  36.17,  36.22,  36.30,  36.28,  36.25,  36.25,  36.19,  36.16,  36.16,  36.16,  36.12,  36.13,  36.13,  36.12
20021015, 0000,  , TD, 17.1N,  83.2W,  30, 1004, -999, -999, -999, -999, -999, -999, -999, -999, -999, -999, -999, -999, -999,  36.15,  36.12,  36.15,  36.11,  36.14,  36.15,  36.12,  36.09,  36.09,  36.10,  36.12,  36.13,  36.12,  36.14,  36.17,  36.21,  36.26,  36.28,  36.30,  36.26,  36.23,  36.22,  36.20,  36.19,  36.19,  36.18,  36.16,  36.15,  36.17,  36.15,  36.14
20021015, 0600,  , TD, 17.5N,  83.0W,  30, 1004, -999, -999, -999, -999, -999, -999, -999, -999, -999, -999, -999, -999, -999,  36.11,  36.14,  36.14,  36.13,  36.07,  36.04,  36.14,  36.14,  36.11,  36.14,  36.12,  36.12,  36.13,  36.12,  36.13,  36.14,  36.14,  36.15,  36.19,  36.20,  36.20,  36.17,  36.16,  36.14,  36.11,  36.09,  36.09,  36.12,  36.12,  36.22,  36.18
20021015, 1200,  , TD, 17.9N,  82.8W,  30, 1004, -999, -999, -999, -999, -999, -999, -999, -999, -999, -999, -999, -999, -999,  36.05,  36.06,  36.08,  36.11,  36.14,  36.17,  36.18,  36.18,  36.19,  36.21,  36.18,  36.07,  35.96,  36.02,  35.95,  35.88,  35.94,  35.99,  36.00,  36.04,  36.07,  36.00,  35.98,  36.09,  36.17,  36.24,  36.25,  36.30,  36.24,  36.20,  36.10
20021015, 1800,  , TD, 18.6N,  82.5W,  30, 1002, -999, -999, -999, -999, -999, -999, -999, -999, -999, -999, -999, -999, -999,  36.16,  36.16,  36.16,  36.17,  36.19,  36.19,  36.14,  36.01,  36.05,  36.12,  36.09,  36.00,  35.93,  35.96,  36.01,  36.03,  36.00,  36.09,  36.01,  36.03,  36.06,  36.09,  36.11,  36.20,  36.20,  36.20,  36.20,  36.22,  36.24,  36.15,  35.92
20021016, 0000,  , TD, 19.7N,  82.2W,  30, 1003, -999, -999, -999, -999, -999, -999, -999, -999, -999, -999, -999, -999, -999,  36.18,  36.19,  36.15,  36.11,  36.11,  36.11,  36.10,  36.13,  36.11,  36.12,  36.13,  36.13,  36.16,  36.20,  36.21,  36.22,  36.17,  36.13,  36.13,  36.18,  36.19,  36.17,  36.18,  36.18,  36.16,  36.17,  36.17,  36.18,  36.22,  36.23,  36.22
20021016, 0600,  , TD, 20.5N,  81.6W,  30, 1003, -999, -999, -999, -999, -999, -999, -999, -999, -999, -999, -999, -999, -999,  36.19,  36.19,  36.17,  36.18,  36.20,  36.20,  36.20,  36.20,  36.16,  36.16,  36.19,  36.23,  36.23,  36.21,  36.19,  36.16,  36.20,  36.22,  36.19,  36.17,  36.19,  36.21,  36.24,  36.26,  36.23,  36.21,  36.21,  36.21,  36.21,  36.22,  36.23
20021016, 1200,  , TD, 21.5N,  81.0W,  30, 1005, -999, -999, -999, -999, -999, -999, -999, -999, -999, -999, -999, -999, -999,  36.19,  36.14,  36.12,  36.12,  36.13,  36.13,  36.13,  36.13,  36.13,  36.14,  36.14,  36.14,  36.15,  36.15,  36.17,  36.16,  36.17,  36.17,  36.16,  36.16,  36.17,  36.17,  36.16,  36.16,  36.17,  36.17,  36.17,  36.17,  36.17,  36.16,  36.16
20021016, 1600, L, TD, 22.0N,  80.7W,  25, 1006, -999, -999, -999, -999, -999, -999, -999, -999, -999, -999, -999, -999, -999,  36.17,  36.13,  36.12,  36.10,  36.06,  36.05,  36.06,  36.08,  36.10,  36.10,  36.09,  36.09,  36.10,  36.10,  36.11,  36.11,  36.12,  36.11,  36.11,  36.12,  36.12,  36.12,  36.12,  36.13,  36.13,  36.13,  36.13,  36.14,  36.13,  36.14,  36.14
20021016, 1800,  , TD, 22.4N,  80.5W,  25, 1006, -999, -999, -999, -999, -999, -999, -999, -999, -999, -999, -999, -999, -999,    nan,    nan,    nan,    nan,    nan,    nan,    nan,    nan,    nan,    nan,    nan,    nan,    nan,    nan,    nan,    nan,    nan,    nan,    nan,    nan,    nan,    nan,    nan,    nan,    nan,    nan,    nan,    nan,    nan,    nan,    nan
