AL141999,               JOSE,     34,
19991017, 1800,  , TD,  9.8N,  50.8W,  25, 1006, -999, -999, -999, -999, -999, -999, -999, -999, -999, -999, -999, -999, -999,  28.35,  28.12,  28.11,  28.01,  28.16,  28.10,  28.20,  28.56,  28.85,  28.69,  29.37,  29.15,  29.29,  29.18,  29.17,  28.96,  28.98,  28.73,  28.86,  28.51,  28.58,  28.63,  28.75,  28.84,  28.68,  28.55,  28.47,  28.25,  28.24,  28.35,  28.41
19991018, 0000,  , TD, 10.3N,  51.8W,  30, 1005, -999, -999, -999, -999, -999, -999, -999, -999, -999, -999, -999, -999, -999,  28.31,  28.39,  28.38,  28.40,  28.50,  28.62,  28.63,  28.79,  28.81,  28.97,  29.23,  29.16,  29.32,  29.19,  28.91,  29.06,  28.86,  28.94,  28.59,  28.80,  28.89,  28.99,  28.74,  28.31,  28.39,  28.32,  28.44,  28.59,  28.53,  28.51,  28.62
19991018, 0600,  , TS, 10.9N,  52.8W,  35, 1004, -999, -999, -999, -999, -999, -999, -999, -999, -999, -999, -999, -999, -999,  28.47,  28.48,  28.56,  28.29,  28.34,  28.25,  28.36,  28.37,  28.73,  29.07,  29.13,  29.24,  29.32,  29.46,  29.09,  29.17,  29.08,  28.97,  28.91,  28.98,  29.01,  29.03,  28.98,  28.52,  28.46,  28.43,  28.56,  28.46,  28.46,  28.49,  28.53
19991018, 1200,  , TS, 11.5N,  53.9W,  40, 1003, -999, -999, -999, -999, -999, -999, -999, -999, -999, -999, -999, -999, -999,  28.57,  28.67,  28.60,  28.49,  28.62,  28.55,  28.02,  28.21,  28.32,  28.66,  28.95,  29.01,  29.13,  29.19,  29.09,  29.00,  28.87,  28.80,  28.51,  28.53,  28.48,  28.44,  28.35,  28.26,  28.07,  28.07,  28.29,  27.98,  28.25,  28.27,  28.25
19991018, 1800,  , TS, 12.2N,  55.1W,  40, 1002, -999, -999, -999, -999, -999, -999, -999, -999, -999, -999, -999, -999, -999,  29.10,  29.06,  29.12,  28.86,  28.65,  28.66,  27.97,  28.13,  28.55,  28.76,  29.06,  29.37,  29.11,  29.12,  29.30,  29.22,  29.11,  29.01,  28.79,  28.89,  28.74,  28.69,  28.62,  28.63,  28.20,  28.17,  28.13,  27.98,  27.98,  28.01,  28.12
19991019, 0000,  , TS, 12.9N,  56.1W,  45, 1000, -999, -999, -999, -999, -999, -999, -999, -999, -999, -999, -999, -999, -999,  29.08,  29.09,  28.99,  29.26,  29.06,  28.53,  28.44,  28.46,  28.60,  28.84,  29.14,  29.08,  29.29,  28.98,  29.04,  29.03,  28.93,  28.84,  28.77,  28.79,  28.92,  28.88,  28.86,  28.71,  28.63,  28.59,  28.59,  28.34,  28.21,  27.89,  28.26
19991019, 0600,  , TS, 13.5N,  57.1W,  55,  994, -999, -999, -999, -999, -999, -999, -999, -999, -999, -999, -999, -999, -999,  28.48,  28.60,  28.56,  28.80,  28.63,  28.31,  28.30,  28.46,  28.49,  28.56,  28.88,  29.14,  29.26,  29.21,  29.23,  29.29,  28.99,  28.87,  28.81,  28.79,  28.82,  28.77,  28.90,  28.70,  28.62,  28.64,  28.63,  28.56,  28.50,  28.56,  28.55
19991019, 1200,  , TS, 14.1N,  58.1W,  60,  994, -999, -999, -999, -999, -999, -999, -999, -999, -999, -999, -999, -999, -999,  28.62,  28.65,  28.60,  28.78,  28.77,  28.87,  28.93,  28.81,  28.90,  28.89,  28.77,  29.04,  28.67,  28.73,  28.76,  28.66,  28.68,  28.55,  28.50,  28.62,  28.58,  28.59,  28.66,  28.31,  28.50,  28.45,  28.54,  28.53,  28.58,  28.72,  28.71
19991019, 1800,  , HU, 14.9N,  58.9W,  65,  992, -999, -999, -999, -999, -999, -999, -999, -999, -999, -999, -999, -999, -999,  28.44,  28.57,  28.69,  28.76,  28.67,  28.98,  28.78,  28.83,  28.84,  29.00,  28.94,  28.99,  28.68,  28.79,  28.81,  28.60,  28.69,  28.47,  28.39,  28.46,  28.34,  28.24,  28.36,  27.89,  28.18,  28.52,  28.76,  28.89,  28.84,  28.58,  28.56
19991020, 0000,  , HU, 15.7N,  59.5W,  70,  987, -999, -999, -999, -999, -999, -999, -999, -999, -999, -999, -999, -999, -999,  28.45,  28.61,  28.87,  28.97,  29.18,  29.02,  28.84,  28.53,  28.74,  28.95,  29.27,  29.11,  29.25,  28.96,  28.72,  28.76,  28.62,  28.50,  28.60,  28.74,  28.82,  28.72,  28.30,  28.38,  28.53,  28.67,  28.60,  28.54,  28.51,  28.50,  28.61
19991020, 0600,  , HU, 16.3N,  60.2W,  80,  979, -999, -999, -999, -999, -999, -999, -999, -999, -999, -999, -999, -999, -999,  28.45,  28.39,  28.46,  28.54,  28.71,  28.74,  28.76,  28.43,  28.67,  28.74,  28.93,  28.89,  29.10,  28.98,  29.00,  28.92,  28.89,  28.77,  28.76,  28.71,  28.76,  28.82,  28.91,  29.01,  29.02,  28.92,  28.56,  28.30,  28.46,  28.55,  28.71
19991020, 1200,  , HU, 16.8N,  61.1W,  85,  980, -999, -999, -999, -999, -999, -999, -999, -999, -999, -999, -999, -999, -999,  28.86,  28.73,  28.53,  28.46,  28.53,  28.61,  28.45,  28.19,  28.26,  28.34,  28.53,  28.60,  28.70,  28.65,  28.58,  28.38,  28.24,  28.17,  28.13,  28.10,  28.14,  28.22,  28.51,  28.55,  28.55,  28.57,  28.45,  28.43,  28.40,  28.32,  28.54
19991020, 1600, L, HU, 17.1N,  61.7W,  80,  982, -999, -999, -999, -999, -999, -999, -999, -999, -999, -999, -999, -999, -999,  28.57,  28.66,  28.71,  28.69,  28.66,  28.70,  28.82,  28.85,  28.73,  28.69,  28.60,  28.68,  28.78,  28.65,  28.63,  28.61,  28.55,  28.22,  28.13,  27.98,  28.02,  27.98,  28.22,  28.31,  28.33,  28.41,  28.39,  28.36,  28.32,  28.40,  28.48
19991020, 1800,  , HU, 17.2N,  62.0W,  80,  983, -999, -999, -999, -999, -999, -999, -999, -999, -999, -999, -999, -999, -999,  28.46,  28.41,  28.48,  28.51,  28.57,  28.79,  28.81,  28.42,  28.59,  28.63,  28.51,  28.67,  28.64,  28.55,  28.44,  28.36,  28.24,  28.11,  28.06,  27.95,  27.89,  27.85,  27.86,  28.04,  28.14,  28.20,  28.20,  28.15,  28.03,  27.76,  28.04
19991021, 0000,  , HU, 17.6N,  62.7W,  75,  990, -999, -999, -999, -999, -999, -999, -999, -999, -999, -999, -999, -999, -999,  28.77,  28.80,  28.93,  28.97,  29.09,  29.12,  29.02,  29.08,  29.10,  29.04,  29.08,  29.17,  28.96,  28.84,  28.61,  28.35,  28.29,  28.33,  28.38,  28.23,  28.25,  28.32,  28.58,  28.69,  28.41,  28.35,  28.32,  28.03,  27.83,  28.17,  28.41
19991021, 0600,  , HU, 18.1N,  63.8W,  65,  992, -999, -999, -999, -999, -999, -999, -999, -999, -999, -999, -999, -999, -999,  28.85,  28.83,  28.95,  29.11,  29.35,  29.11,  28.98,  28.93,  29.08,  28.94,  28.63,  29.04,  29.05,  29.01,  28.89,  28.54,  27.94,  27.90,  28.03,  27.80,  27.70,  27.78,  28.45,  29.14,  28.57,  28.55,  28.87,  28.64,  28.65,  28.85,  28.91
19991021, 1105, L, TS, 18.4N,  64.6W,  60,  996, -999, -999, -999, -999, -999, -999, -999, -999, -999, -999, -999, -999, -999,  28.70,  28.67,  28.77,  28.77,  29.09,  28.88,  28.62,  28.46,  28.54,  28.71,  28.26,  28.50,  28.51,  28.52,  28.45,  28.21,  28.21,  26.98,  26.99,  27.34,  27.67,  28.00,  28.36,  28.98,  28.76,  28.65,  28.69,  28.51,  28.40,  28.55,  28.75
19991021, 1200,  , TS, 18.5N,  64.8W,  60,  996, -999, -999, -999, -999, -999, -999, -999, -999, -999, -999, -999, -999, -999,  28.66,  28.62,  28.82,  28.87,  29.00,  28.85,  28.62,  28.59,  28.55,  28.55,  28.55,  28.70,  28.60,  28.47,  28.46,  28.47,  28.48,  28.25,  28.24,  28.31,  28.27,  28.27,  28.46,  28.76,  28.60,  28.56,  28.62,  28.43,  28.41,  28.47,  28.60
19991021, 1800,  , TS, 19.0N,  65.3W,  55,  994, -999, -999, -999, -999, -999, -999, -999, -999, -999, -999, -999, -999, -999,  29.23,  29.19,  29.25,  29.22,  29.45,  29.32,  29.11,  29.16,  29.28,  29.19,  29.14,  29.18,  29.10,  29.06,  29.06,  29.08,  28.84,  28.85,  28.96,  29.05,  29.10,  28.89,  28.82,  29.11,  29.01,  29.12,  29.06,  28.89,  28.77,  28.81,  28.99
19991022, 0000,  , TS, 19.4N,  65.8W,  50,  993, -999, -999, -999, -999, -999, -999, -999, -999, -999, -999, -999, -999, -999,  29.42,  29.38,  29.12,  28.98,  28.94,  28.84,  29.09,  29.19,  28.90,  28.78,  28.77,  28.93,  28.90,  28.91,  28.88,  28.81,  28.84,  28.72,  28.68,  28.43,  28.40,  28.70,  29.07,  29.05,  28.88,  28.73,  28.48,  28.39,  28.33,  28.51,  28.59
19991022, 0600,  , TS, 19.9N,  66.1W,  50,  992, -999, -999, -999, -999, -999, -999, -999, -999, -999, -999, -999, -999, -999,  29.30,  28.91,  28.61,  28.80,  29.06,  28.93,  29.06,  29.05,  28.89,  28.88,  29.00,  29.00,  28.75,  28.83,  28.91,  28.66,  28.48,  27.94,  27.78,  27.83,  27.74,  27.95,  28.09,  28.31,  28.61,  28.31,  28.01,  27.84,  27.79,  27.76,  28.00
19991022, 1200,  , TS, 20.5N,  65.9W,  50,  992, -999, -999, -999, -999, -999, -999, -999, -999, -999, -999, -999, -999, -999,  28.84,  29.00,  29.17,  29.09,  28.99,  28.78,  28.98,  29.07,  28.68,  29.06,  28.88,  28.77,  28.69,  28.88,  28.99,  28.55,  28.29,  28.01,  27.91,  27.91,  27.71,  27.81,  27.81,  27.98,  28.31,  28.21,  28.00,  27.94,  27.88,  27.95,  28.05
19991022, 1800,  , TS, 21.1N,  65.6W,  50,  993, -999, -999, -999, -999, -999, -999, -999, -999, -999, -999, -999, -999, -999,  29.29,  29.19,  29.10,  29.11,  29.09,  28.92,  28.80,  28.82,  28.79,  28.68,  28.62,  28.60,  28.63,  29.11,  29.08,  28.28,  28.17,  27.82,  27.90,  27.98,  27.99,  28.23,  28.07,  28.07,  28.48,  28.33,  28.01,  27.89,  27.90,  27.98,  28.08
19991023, 0000,  , TS, 22.0N,  65.2W,  50,  994, -999, -999, -999, -999, -999, -999, -999, -999, -999, -999, -999, -999, -999,  29.10,  29.20,  29.21,  29.19,  29.06,  28.78,  28.47,  28.31,  28.17,  28.34,  28.28,  28.41,  28.89,  28.49,  28.13,  27.93,  27.74,  28.05,  27.71,  27.49,  27.74,  27.77,  27.86,  28.11,  27.95,  27.71,  27.62,  27.57,  27.80,  27.93,  27.88
19991023, 0600,  , TS, 23.0N,  64.8W,  50,  995, -999, -999, -999, -999, -999, -999, -999, -999, -999, -999, -999, -999, -999,  28.43,  28.63,  28.57,  28.67,  28.59,  28.50,  28.44,  28.42,  28.18,  28.35,  28.22,  28.40,  28.80,  28.54,  28.45,  28.26,  28.31,  28.41,  28.24,  28.03,  28.10,  28.20,  28.21,  28.34,  28.27,  28.10,  27.59,  27.34,  27.49,  27.79,  27.74
19991023, 1200,  , TS, 24.0N,  64.3W,  55,  995, -999, -999, -999, -999, -999, -999, -999, -999, -999, -999, -999, -999, -999,  28.56,  28.45,  27.96,  28.14,  27.94,  28.04,  28.25,  28.27,  28.18,  28.14,  28.22,  28.37,  28.44,  28.08,  27.99,  27.66,  27.45,  27.73,  27.62,  27.67,  27.67,  27.71,  27.87,  27.90,  27.80,  27.67,  27.53,  27.58,  27.59,  27.77,  27.73
19991023, 1800,  , TS, 25.2N,  63.8W,  55,  995, -999, -999, -999, -999, -999, -999, -999, -999, -999, -999, -999, -999, -999,  28.33,  28.34,  28.24,  28.38,  28.15,  27.98,  28.24,  28.09,  27.99,  27.90,  27.91,  27.94,  28.39,  28.29,  28.34,  28.30,  27.86,  28.19,  28.13,  27.97,  27.70,  27.69,  27.64,  27.67,  27.66,  27.45,  27.19,  27.02,  27.03,  27.10,  27.04
19991024, 0000,  , TS, 26.6N,  63.1W,  55,  995, -999, -999, -999, -999, -999, -999, -999, -999, -999, -999, -999, -999, -999,  28.16,  27.96,  27.98,  27.86,  27.77,  28.01,  28.08,  27.94,  27.74,  27.26,  27.24,  27.90,  27.90,  27.79,  27.38,  27.03,  27.00,  27.00,  26.92,  26.84,  26.88,  27.10,  27.28,  27.28,  26.84,  26.66,  26.37,  26.33,  26.56,  26.47,  26.45
19991024, 0600,  , TS, 28.0N,  62.2W,  60,  990, -999, -999, -999, -999, -999, -999, -999, -999, -999, -999, -999, -999, -999,  26.23,  25.82,  25.90,  25.92,  26.05,  26.42,  26.31,  26.40,  26.47,  26.07,  26.02,  26.56,  26.80,  27.06,  27.05,  26.98,  26.75,  26.84,  26.65,  26.54,  26.50,  26.54,  26.66,  26.58,  26.39,  26.32,  26.01,  25.94,  25.99,  26.00,  26.04
19991024, 1200,  , HU, 29.7N,  61.1W,  65,  987, -999, -999, -999, -999, -999, -999, -999, -999, -999, -999, -999, -999, -999,  25.70,  25.46,  25.51,  25.64,  25.84,  26.04,  26.13,  26.25,  26.05,  26.10,  26.36,  26.45,  26.50,  26.56,  26.54,  26.48,  26.16,  26.24,  26.04,  25.65,  25.61,  25.54,  25.52,  25.25,  25.21,  25.15,  25.37,  25.19,  25.25,  25.42,  25.18
19991024, 1800,  , HU, 32.2N,  59.8W,  65,  987, -999, -999, -999, -999, -999, -999, -999, -999, -999, -999, -999, -999, -999,  25.16,  24.88,  24.63,  24.75,  25.01,  25.10,  25.05,  25.03,  25.25,  25.57,  25.58,  25.25,  25.41,  25.53,  25.45,  25.44,  25.05,  25.01,  24.99,  24.86,  24.69,  24.64,  24.56,  24.47,  24.36,  24.14,  24.19,  24.33,  24.48,  24.45,  24.46
19991025, 0000,  , TS, 34.9N,  58.1W,  60,  990, -999, -999, -999, -999, -999, -999, -999, -999, -999, -999, -999, -999, -999,  25.11,  25.04,  25.02,  24.96,  24.85,  24.82,  24.80,  24.83,  25.07,  25.21,  25.07,  24.63,  24.52,  24.75,  24.60,  24.59,  24.39,  24.44,  24.37,  24.11,  23.98,  23.96,  24.06,  23.92,  23.92,  24.18,  24.36,  24.16,  24.06,  23.91,  23.70
19991025, 0600,  , TS, 37.9N,  55.8W,  55,  994, -999, -999, -999, -999, -999, -999, -999, -999, -999, -999, -999, -999, -999,  24.35,  24.47,  24.49,  24.17,  24.29,  24.39,  24.34,  24.05,  24.42,  24.43,  23.99,  23.83,  23.79,  23.67,  23.62,  23.63,  23.38,  23.30,  23.19,  23.16,  23.19,  23.45,  23.48,  23.58,  23.62,  23.17,  23.10,  22.89,  22.93,  22.72,  22.37
19991025, 1200,  , EX, 40.0N,  51.8W,  50,  996, -999, -999, -999, -999, -999, -999, -999, -999, -999, -999, -999, -999, -999,  23.51,  23.48,  23.60,  23.43,  23.31,  22.92,  22.99,  23.27,  22.72,  23.30,  23.33,  23.41,  23.16,  23.67,  23.82,  23.79,  23.25,  23.40,  23.21,  23.09,  22.93,  22.74,  22.55,  22.59,  22.39,  22.17,  22.19,  21.90,  22.51,  22.93,  22.89
