AL142005,              MARIA,     51,
20050901, 1200,  , TD, 18.8N,  45.5W,  30, 1008,    0,    0,    0,    0,    0,    0,    0,    0,    0,    0,    0,    0, -999,  37.38,  37.41,  37.38,  37.35,  37.32,  37.29,  37.28,  37.27,  37.27,  37.31,  37.32,  37.33,  37.33,  37.32,  37.31,  37.28,  37.28,  37.32,  37.33,  37.29,  37.26,  37.28,  37.27,  37.23,  37.17,  37.08,  37.02,  37.02,  36.94,  36.92,  36.91
20050901, 1800,  , TD, 19.3N,  46.2W,  30, 1008,    0,    0,    0,    0,    0,    0,    0,    0,    0,    0,    0,    0, -999,  37.38,  37.40,  37.42,  37.33,  37.24,  37.22,  37.24,  37.28,  37.28,  37.26,  37.25,  37.22,  37.22,  37.20,  37.20,  37.20,  37.20,  37.22,  37.23,  37.23,  37.23,  37.24,  37.24,  37.24,  37.20,  37.17,  37.14,  37.16,  37.12,  37.12,  37.13
20050902, 0000,  , TD, 19.9N,  47.2W,  30, 1008,    0,    0,    0,    0,    0,    0,    0,    0,    0,    0,    0,    0, -999,  37.24,  37.25,  37.27,  37.28,  37.28,  37.29,  37.28,  37.28,  37.26,  37.21,  37.21,  37.23,  37.22,  37.19,  37.16,  37.14,  37.10,  37.08,  37.09,  37.15,  37.19,  37.22,  37.22,  37.22,  37.20,  37.14,  37.12,  37.09,  37.10,  37.09,  37.11
20050902, 0600,  , TD, 20.5N,  48.3W,  30, 1008,    0,    0,    0,    0,    0,    0,    0,    0,    0,    0,    0,    0, -999,  37.19,  37.19,  37.19,  37.18,  37.16,  37.14,  37.13,  37.13,  37.12,  37.12,  37.12,  37.11,  37.10,  37.08,  37.09,  37.12,  37.17,  37.19,  37.18,  37.16,  37.14,  37.14,  37.15,  37.15,  37.14,  37.11,  37.04,  37.00,  37.01,  37.05,  37.07
20050902, 1200,  , TS, 21.1N,  49.4W,  35, 1006,   60,    0,    0,   30,    0,    0,    0,    0,    0,    0,    0,    0, -999,  36.96,  36.95,  36.92,  36.91,  36.94,  37.01,  37.03,  36.91,  36.85,  36.89,  37.04,  37.12,  37.11,  37.09,  37.14,  37.18,  37.22,  37.28,  37.29,  37.27,  37.25,  37.25,  37.24,  37.23,  37.21,  37.19,  37.21,  37.14,  37.13,  37.14,  37.14
20050902, 1800,  , TS, 21.5N,  50.2W,  40, 1003,   60,    0,    0,   60,    0,    0,    0,    0,    0,    0,    0,    0, -999,  37.00,  36.97,  36.93,  36.92,  36.87,  36.81,  36.78,  36.79,  36.82,  36.83,  36.83,  36.80,  36.74,  36.68,  36.76,  36.89,  36.98,  36.93,  36.89,  36.96,  37.08,  37.12,  37.11,  37.15,  37.20,  37.20,  37.21,  37.22,  37.21,  37.20,  37.20
20050903, 0000,  , TS, 22.0N,  51.0W,  45, 1001,   60,   30,   30,   60,    0,    0,    0,    0,    0,    0,    0,    0, -999,  37.09,  37.09,  37.07,  37.07,  37.08,  37.10,  37.11,  37.08,  37.08,  37.08,  37.05,  37.03,  37.01,  37.00,  36.99,  37.00,  36.97,  36.92,  36.87,  36.83,  36.80,  36.69,  36.69,  36.73,  36.72,  36.71,  36.70,  36.70,  36.81,  36.72,  36.77
20050903, 0600,  , TS, 23.0N,  52.0W,  45, 1000,   60,   30,   30,   60,    0,    0,    0,    0,    0,    0,    0,    0, -999,  36.94,  36.91,  36.90,  36.90,  36.90,  36.89,  36.89,  36.89,  36.88,  36.89,  36.91,  36.94,  36.96,  37.03,  37.07,  37.03,  37.00,  36.99,  36.99,  36.99,  36.95,  36.96,  36.99,  36.96,  36.94,  37.02,  36.93,  36.94,  36.99,  37.10,  37.10
20050903, 1200,  , TS, 24.4N,  53.1W,  50,  997,  100,   30,    0,   60,   25,    0,    0,    0,    0,    0,    0,    0, -999,  36.73,  36.75,  36.74,  36.74,  36.76,  36.76,  36.77,  36.77,  36.76,  36.75,  36.76,  36.74,  36.73,  36.74,  36.73,  36.74,  36.73,  36.72,  36.72,  36.72,  36.73,  36.73,  36.74,  36.76,  36.77,  36.77,  36.75,  36.73,  36.73,  36.73,  36.73
20050903, 1800,  , TS, 25.5N,  54.0W,  55,  994,  100,   60,   20,   60,   25,    0,    0,    0,    0,    0,    0,    0, -999,  36.74,  36.72,  36.70,  36.71,  36.70,  36.72,  36.72,  36.69,  36.70,  36.72,  36.73,  36.73,  36.72,  36.73,  36.71,  36.70,  36.69,  36.67,  36.63,  36.63,  36.64,  36.65,  36.66,  36.63,  36.64,  36.64,  36.63,  36.63,  36.64,  36.65,  36.65
20050904, 0000,  , TS, 26.5N,  54.6W,  60,  990,  100,   60,   30,   60,   25,   25,    0,    0,    0,    0,    0,    0, -999,  36.67,  36.67,  36.68,  36.68,  36.69,  36.69,  36.70,  36.69,  36.69,  36.70,  36.70,  36.70,  36.70,  36.69,  36.72,  36.73,  36.72,  36.70,  36.71,  36.72,  36.72,  36.73,  36.71,  36.70,  36.69,  36.69,  36.68,  36.68,  36.66,  36.66,  36.69
20050904, 0600,  , HU, 27.5N,  55.1W,  65,  987,  100,   60,   30,   60,   25,   25,   20,   20,   10,   10,   10,   10, -999,  36.73,  36.73,  36.73,  36.71,  36.68,  36.67,  36.68,  36.70,  36.69,  36.68,  36.68,  36.69,  36.70,  36.73,  36.73,  36.74,  36.77,  36.77,  36.75,  36.73,  36.79,  36.80,  36.80,  36.77,  36.80,  36.80,  36.84,  36.83,  36.81,  36.84,  36.81
20050904, 1200,  , HU, 28.6N,  55.5W,  65,  987,  100,   75,   40,   75,   30,   30,   20,   30,   15,   15,   10,   15, -999,  36.76,  36.75,  36.73,  36.74,  36.72,  36.69,  36.62,  36.57,  36.52,  36.58,  36.57,  36.47,  36.54,  36.64,  36.70,  36.71,  36.68,  36.63,  36.56,  36.53,  36.53,  36.57,  36.60,  36.61,  36.64,  36.64,  36.62,  36.61,  36.64,  36.61,  36.63
20050904, 1800,  , HU, 29.6N,  56.0W,  75,  980,  100,   75,   40,   75,   30,   30,   20,   30,   15,   15,   10,   15, -999,  36.62,  36.62,  36.60,  36.58,  36.55,  36.54,  36.55,  36.57,  36.58,  36.56,  36.54,  36.51,  36.54,  36.53,  36.41,  36.33,  36.33,  36.34,  36.35,  36.35,  36.35,  36.37,  36.38,  36.38,  36.35,  36.34,  36.36,  36.37,  36.37,  36.37,  36.38
20050905, 0000,  , HU, 30.2N,  56.5W,  75,  980,  100,   75,   40,   75,   30,   30,   20,   30,   15,   15,   10,   15, -999,  36.39,  36.39,  36.40,  36.41,  36.42,  36.41,  36.41,  36.41,  36.37,  36.36,  36.35,  36.32,  36.30,  36.30,  36.30,  36.33,  36.34,  36.37,  36.39,  36.38,  36.37,  36.37,  36.36,  36.36,  36.38,  36.40,  36.40,  36.39,  36.39,  36.38,  36.37
20050905, 0600,  , HU, 30.9N,  56.8W,  80,  977,  100,   80,   50,   75,   30,   30,   25,   30,   15,   15,   15,   15, -999,  36.44,  36.42,  36.41,  36.44,  36.43,  36.42,  36.39,  36.41,  36.37,  36.31,  36.33,  36.35,  36.35,  36.35,  36.36,  36.37,  36.36,  36.36,  36.37,  36.36,  36.35,  36.35,  36.35,  36.35,  36.34,  36.31,  36.30,  36.34,  36.46,  36.52,  36.52
20050905, 1200,  , HU, 31.5N,  56.8W,  85,  975,  100,  100,   60,   80,   50,   50,   30,   40,   20,   20,   20,   20, -999,  36.31,  36.32,  36.30,  36.37,  36.45,  36.49,  36.47,  36.40,  36.34,  36.38,  36.42,  36.42,  36.41,  36.35,  36.34,  36.35,  36.33,  36.32,  36.32,  36.32,  36.29,  36.28,  36.28,  36.30,  36.31,  36.31,  36.30,  36.30,  36.30,  36.31,  36.31
20050905, 1800,  , HU, 32.1N,  56.7W,  90,  970,  100,  100,   60,   80,   50,   50,   30,   40,   20,   20,   20,   20, -999,  36.54,  36.52,  36.50,  36.52,  36.52,  36.54,  36.52,  36.45,  36.40,  36.34,  36.32,  36.32,  36.32,  36.33,  36.32,  36.35,  36.35,  36.31,  36.31,  36.30,  36.31,  36.33,  36.35,  36.36,  36.36,  36.35,  36.34,  36.32,  36.31,  36.31,  36.33
20050906, 0000,  , HU, 32.6N,  56.6W, 100,  962,  100,  100,   60,   80,   50,   50,   30,   40,   20,   20,   20,   20, -999,  36.53,  36.54,  36.52,  36.47,  36.41,  36.35,  36.33,  36.32,  36.31,  36.31,  36.33,  36.35,  36.40,  36.42,  36.39,  36.37,  36.34,  36.32,  36.33,  36.34,  36.36,  36.38,  36.37,  36.37,  36.35,  36.33,  36.34,  36.34,  36.35,  36.35,  36.35
20050906, 0600,  , HU, 33.0N,  56.5W,  90,  970,  100,  100,   60,   80,   50,   50,   30,   40,   20,   20,   15,   15, -999,  36.47,  36.46,  36.45,  36.42,  36.41,  36.42,  36.44,  36.45,  36.48,  36.51,  36.48,  36.51,  36.50,  36.55,  36.56,  36.55,  36.52,  36.57,  36.59,  36.43,  36.34,  36.40,  36.41,  36.38,  36.41,  36.42,  36.34,  36.40,  36.39,  36.32,  36.38
20050906, 1200,  , HU, 33.5N,  56.0W,  80,  975,  120,  120,   60,   80,   75,   75,   30,   40,   20,   20,   15,   15, -999,  36.39,  36.40,  36.40,  36.43,  36.48,  36.50,  36.48,  36.45,  36.42,  36.39,  36.33,  36.38,  36.47,  36.49,  36.54,  36.46,  36.37,  36.42,  36.38,  36.41,  36.44,  36.43,  36.43,  36.41,  36.39,  36.36,  36.36,  36.31,  36.36,  36.40,  36.42
20050906, 1800,  , HU, 33.9N,  55.4W,  75,  980,  120,  120,   60,   80,   75,   75,   30,   40,   20,   20,   15,   15, -999,  36.38,  36.35,  36.37,  36.44,  36.45,  36.42,  36.41,  36.43,  36.56,  36.49,  36.50,  36.45,  36.47,  36.45,  36.39,  36.39,  36.41,  36.48,  36.43,  36.43,  36.30,  36.45,  36.32,  36.33,  36.28,  36.34,  36.35,  36.33,  36.38,  36.41,  36.42
20050907, 0000,  , HU, 34.4N,  54.6W,  65,  987,  120,  120,   60,   80,   75,   75,   30,   40,   35,   35,   20,   25, -999,  36.36,  36.42,  36.46,  36.52,  36.62,  36.58,  36.51,  36.59,  36.55,  36.54,  36.53,  36.54,  36.52,  36.51,  36.48,  36.42,  36.54,  36.58,  36.67,  36.64,  36.58,  36.51,  36.37,  36.50,  36.52,  36.54,  36.57,  36.56,  36.57,  36.56,  36.56
20050907, 0600,  , HU, 34.8N,  53.3W,  70,  983,  140,  140,  120,  140,   75,   90,   60,   90,   45,   45,   45,   45, -999,  36.42,  36.43,  36.47,  36.51,  36.53,  36.57,  36.62,  36.64,  36.65,  36.65,  36.70,  36.67,  36.67,  36.62,  36.50,  36.40,  36.35,  36.38,  36.54,  36.55,  36.42,  36.32,  36.37,  36.36,  36.38,  36.34,  36.40,  36.46,  36.41,  36.42,  36.43
20050907, 1200,  , HU, 35.6N,  51.8W,  75,  980,  150,  175,  150,  200,  100,  120,  100,  125,   45,   75,   60,   75, -999,  36.39,  36.40,  36.42,  36.42,  36.45,  36.51,  36.46,  36.60,  36.61,  36.60,  36.58,  36.56,  36.57,  36.45,  36.44,  36.33,  36.32,  36.48,  36.37,  36.35,  36.41,  36.30,  36.22,  36.22,  36.25,  36.31,  36.53,  36.32,  36.33,  36.29,  36.30
20050907, 1800,  , HU, 36.5N,  50.8W,  75,  980,  150,  175,  150,  200,  100,  120,  100,  125,   45,   75,   60,   75, -999,  36.31,  36.31,  36.32,  36.30,  36.30,  36.31,  36.31,  36.29,  36.29,  36.30,  36.30,  36.28,  36.30,  36.32,  36.32,  36.31,  36.20,  36.26,  36.29,  36.28,  36.28,  36.29,  36.30,  36.30,  36.29,  36.31,  36.32,  36.27,  36.27,  36.28,  36.26
20050908, 0000,  , HU, 37.2N,  49.9W,  70,  982,  175,  200,  175,  175,  100,  120,  100,  100,   45,   75,   60,   60, -999,  36.35,  36.33,  36.31,  36.33,  36.30,  36.31,  36.31,  36.31,  36.32,  36.38,  36.39,  36.35,  36.37,  36.37,  36.37,  36.35,  36.33,  36.31,  36.24,  36.22,  36.25,  36.24,  36.21,  36.23,  36.23,  36.25,  36.25,  36.27,  36.29,  36.32,  36.32
20050908, 0600,  , HU, 37.9N,  49.0W,  65,  985,  175,  200,  175,  175,  100,  120,  100,  100,   45,   75,   60,   60, -999,  36.47,  36.50,  36.35,  36.16,  36.31,  36.39,  36.35,  36.41,  36.46,  36.41,  36.39,  36.39,  36.38,  36.36,  36.33,  36.29,  36.24,  36.27,  36.53,  36.38,  36.33,  36.33,  36.39,  36.43,  36.42,  36.42,  36.43,  36.45,  36.36,  36.43,  36.61
20050908, 1200,  , HU, 38.7N,  48.0W,  65,  985,  200,  225,  175,  175,  100,  120,  100,   90,    0,   75,    0,    0, -999,  36.23,  36.25,  36.28,  36.33,  36.31,  36.31,  36.35,  36.37,  36.37,  36.33,  36.43,  36.54,  36.51,  36.55,  36.61,  36.56,  36.70,  36.55,  36.50,  36.40,  36.35,  36.29,  36.35,  36.30,  36.34,  36.35,  36.41,  36.48,  36.26,  36.09,  36.50
20050908, 1800,  , HU, 39.1N,  47.2W,  65,  985,  200,  225,  175,  175,  100,  120,  100,   90,    0,   75,    0,    0, -999,  36.20,  36.23,  36.38,  36.36,  36.35,  36.49,  36.36,  36.50,  36.22,  36.33,  36.40,  36.42,  36.59,  36.34,  36.25,  36.27,  36.39,  36.32,  36.39,  36.30,  36.31,  36.33,  36.35,  36.34,  36.29,  36.27,  36.25,  36.23,  36.19,  36.01,  36.12
20050909, 0000,  , TS, 39.4N,  46.4W,  60,  987,  200,  225,  175,  175,  100,  120,  100,   90,    0,    0,    0,    0, -999,  36.24,  36.27,  36.23,  36.26,  36.18,  36.25,  36.27,  36.28,  36.36,  36.38,  36.72,  36.56,  36.16,  36.17,  36.50,  36.50,  36.42,  36.20,  36.06,  36.43,  36.30,  36.16,  36.18,  36.05,  36.15,  36.23,  36.27,  36.30,  36.30,  36.26,  36.24
20050909, 0600,  , TS, 39.8N,  44.9W,  55,  987,  175,  225,  175,  150,  100,  120,  120,   90,    0,    0,    0,    0, -999,  36.27,  36.23,  36.45,  36.81,  36.97,  36.91,  36.80,  36.67,  36.47,  36.50,  36.51,  36.41,  36.49,  36.34,  36.26,  36.06,  35.87,  36.10,  36.25,  36.34,  36.31,  36.32,  36.34,  36.31,  36.26,  36.16,  36.30,  36.33,  36.37,  35.80,  36.12
20050909, 1200,  , TS, 40.4N,  43.4W,  55,  988,  150,  200,  200,  100,   75,  120,  120,   45,    0,    0,    0,    0, -999,  36.70,  36.68,  36.37,  36.24,  36.28,  36.09,  35.98,  36.01,  36.04,  36.05,  36.20,  36.26,  36.31,  36.21,  36.14,  36.10,  36.16,  36.40,  36.32,  36.27,  36.28,  36.32,  36.32,  36.33,  36.34,  36.35,  36.36,  36.26,  36.12,  36.10,  36.14
20050909, 1800,  , TS, 41.1N,  42.1W,  50,  988,  150,  200,  200,  100,   75,  120,  120,   45,    0,    0,    0,    0, -999,  35.90,  35.94,  35.94,  35.86,  35.85,  35.88,  35.92,  36.05,  36.02,  35.88,  35.88,  36.04,  36.15,  36.03,  36.00,  36.06,  36.09,  36.05,  36.15,  36.54,  36.49,  36.28,  36.16,  36.26,  36.36,  36.61,  36.59,  36.44,  36.32,  36.27,  36.21
20050910, 0000,  , TS, 41.9N,  40.6W,  50,  988,  150,  200,  200,  100,   75,  120,  120,   45,    0,    0,    0,    0, -999,  36.08,  36.10,  36.01,  36.01,  35.93,  35.80,  35.67,  35.77,  35.98,  35.98,  35.85,  35.83,  35.74,  35.83,  36.11,  35.88,  35.88,  35.96,  36.18,  36.36,  36.31,  36.37,  36.02,  35.98,  35.96,  35.96,  36.01,  36.09,  36.32,  36.29,  35.89
20050910, 0600,  , TS, 42.9N,  39.2W,  50,  988,  150,  200,  200,  150,   75,  120,  120,   75,    0,    0,    0,    0, -999,  35.88,  35.88,  35.89,  35.89,  35.88,  35.79,  35.73,  35.73,  35.76,  35.74,  35.73,  35.72,  35.71,  35.71,  35.71,  35.73,  35.77,  35.79,  35.81,  35.81,  35.83,  35.78,  35.82,  35.77,  35.77,  35.78,  35.82,  36.14,  36.03,  35.91,  36.07
20050910, 1200,  , EX, 44.5N,  37.7W,  50,  980,  200,  300,  200,  180,  150,  200,  150,  120,    0,    0,    0,    0, -999,  35.91,  35.92,  35.93,  35.95,  35.94,  35.92,  35.90,  35.89,  35.88,  35.88,  35.87,  35.87,  35.83,  35.77,  35.72,  35.69,  35.66,  35.66,  35.66,  35.67,  35.69,  35.71,  35.71,  35.70,  35.69,  35.67,  35.66,  35.68,  35.68,  35.69,  35.70
20050910, 1800,  , EX, 46.0N,  36.3W,  55,  975,  300,  300,  250,  200,  200,  200,  180,  150,    0,    0,    0,    0, -999,  35.86,  35.90,  35.70,  35.70,  35.78,  35.34,  35.42,  35.45,  35.50,  35.56,  35.27,  35.52,  35.57,  35.36,  35.61,  35.50,  35.58,  35.59,  35.55,  35.53,  35.62,  35.84,  35.90,  35.88,  35.84,  35.93,  35.83,  35.69,  35.66,  35.71,  35.54
20050911, 0000,  , EX, 48.0N,  35.0W,  60,  975,  300,  300,  250,  200,  200,  200,  180,  150,    0,    0,    0,    0, -999,  35.81,  35.80,  35.78,  35.78,  35.79,  35.75,  35.72,  35.74,  35.76,  35.76,  35.70,  35.78,  35.87,  35.86,  35.90,  35.85,  35.73,  35.50,  35.33,  35.40,  35.52,  35.77,  35.63,  35.35,  35.38,  35.58,  35.69,  35.72,  35.52,  35.38,  35.23
20050911, 0600,  , EX, 50.0N,  34.0W,  60,  974,  300,  350,  250,  200,  200,  250,  180,  150,    0,    0,    0,    0, -999,  35.52,  35.56,  35.41,  35.46,  35.54,  35.59,  35.61,  35.58,  35.51,  35.72,  35.54,  35.66,  35.57,  35.48,  35.55,  35.58,  35.76,  35.74,  35.44,  35.49,  35.36,  35.43,  35.42,  35.44,  35.46,  35.35,  35.27,  35.25,  35.26,  35.33,  35.32
20050911, 1200,  , EX, 52.0N,  32.9W,  65,  971,  300,  400,  250,  200,  200,  300,  150,  120,  180,  250,    0,    0, -999,  34.86,  34.86,  34.87,  34.87,  34.88,  34.88,  34.88,  34.87,  34.87,  34.87,  34.87,  34.88,  34.88,  34.89,  34.89,  34.87,  34.89,  34.87,  34.86,  34.86,  34.86,  34.86,  34.86,  34.86,  34.86,  34.86,  34.87,  34.98,  35.12,  35.18,  35.16
20050911, 1800,  , EX, 54.0N,  32.0W,  65,  968,  300,  400,  250,  200,  200,  300,  150,  120,  180,  250,    0,    0, -999,  34.91,  34.91,  34.92,  34.92,  34.91,  34.92,  34.92,  34.92,  34.91,  34.91,  34.90,  34.89,  34.90,  34.89,  34.88,  34.88,  34.88,  34.89,  34.89,  34.90,  34.91,  34.91,  34.92,  34.92,  34.91,  34.90,  34.90,  34.91,  34.91,  34.91,  34.91
20050912, 0000,  , EX, 55.5N,  31.0W,  65,  962,  300,  400,  250,  200,  200,  300,  150,  120,  180,  250,    0,    0, -999,  34.96,  34.98,  34.99,  35.00,  35.00,  35.00,  34.99,  34.99,  34.99,  34.99,  35.00,  35.01,  35.02,  35.02,  35.02,  35.02,  35.02,  35.03,  35.04,  35.06,  35.06,  35.05,  35.03,  35.03,  35.00,  34.95,  34.96,  34.96,  34.97,  34.99,  34.99
20050912, 0600,  , EX, 57.0N,  29.0W,  65,  967,  300,  400,  250,  200,  200,  300,  150,  120,  180,  250,    0,    0, -999,  35.05,  35.05,  35.06,  35.06,  35.05,  35.04,  35.04,  35.04,  35.04,  35.03,  35.02,  35.02,  35.01,  35.02,  35.03,  35.01,  35.05,  35.09,  35.09,  35.08,  35.06,  35.05,  35.06,  35.07,  35.08,  35.08,  35.06,  35.07,  35.07,  35.06,  35.09
20050912, 1200,  , EX, 58.5N,  26.0W,  65,  970,  300,  400,  250,  200,  200,  300,  150,  120,  180,  250,    0,    0, -999,  35.06,  35.06,  35.09,  35.09,  35.10,  35.09,  35.09,  35.10,  35.11,  35.10,  35.10,  35.08,  35.09,  35.08,  35.10,  35.11,  35.11,  35.11,  35.10,  35.10,  35.10,  35.10,  35.09,  35.09,  35.09,  35.10,  35.11,  35.11,  35.10,  35.13,  35.07
20050912, 1800,  , EX, 61.0N,  23.0W,  60,  972,  300,  350,  250,  200,  200,  250,  150,  120,    0,    0,    0,    0, -999,  35.12,  35.13,  35.13,  35.14,  35.15,  35.16,  35.16,  35.16,  35.16,  35.15,  35.16,  35.16,  35.14,  35.13,  35.13,  35.14,  35.15,  35.15,  35.15,  35.14,  35.12,  35.15,  35.14,  35.14,  35.11,  35.10,  35.10,  35.11,  35.12,  35.13,  35.12
20050913, 0000,  , EX, 62.0N,  21.0W,  55,  974,  300,  300,  250,  200,  200,  200,  150,  120,    0,    0,    0,    0, -999,  35.12,  35.11,  35.12,  35.12,  35.12,  35.11,  35.11,  35.12,  35.14,  35.14,  35.14,  35.14,  35.14,  35.14,  35.14,  35.13,  35.13,  35.12,  35.12,  35.11,  35.11,  35.12,  35.17,  35.16,  35.15,  35.15,  35.13,  35.13,  35.13,  35.11,  35.14
20050913, 0600,  , EX, 62.9N,  19.0W,  50,  976,  300,  300,  250,  200,  200,  200,  150,  120,    0,    0,    0,    0, -999,  35.09,  35.09,  35.10,  35.11,  35.12,  35.11,  35.11,  35.11,  35.11,  35.12,  35.13,  35.12,  35.12,  35.11,  35.11,  35.12,  35.12,  35.13,  35.12,  35.11,  35.12,  35.13,  35.12,  35.11,  35.11,  35.12,  35.12,  35.12,  35.09,  35.00,  34.96
20050913, 1200,  , EX, 63.5N,  16.0W,  45,  980,  300,  300,  300,  200,    0,    0,    0,    0,    0,    0,    0,    0, -999,  34.84,  34.86,  34.74,  34.70,  34.59,  34.58,  34.66,  34.76,  34.75,  34.80,  34.63,  34.59,  34.49,  34.50,  34.61,  34.71,  34.58,  34.62,  34.71,  34.81,  34.72,  35.00,  34.89,  34.90,  34.73,  34.70,  34.76,  34.73,  34.72,  34.73,  34.66
20050913, 1800,  , EX, 63.0N,  10.0W,  45,  983,  300,  300,  400,  200,    0,    0,    0,    0,    0,    0,    0,    0, -999,  35.03,  35.07,  35.08,  35.12,  35.10,  35.08,  35.07,  35.07,  35.08,  35.05,  35.04,  35.02,  35.04,  35.05,  35.06,  35.07,  35.06,  35.06,  35.08,  35.08,  35.07,  35.10,  35.11,  35.10,  35.07,  35.09,  35.05,  34.96,  34.89,  34.88,  34.93
20050914, 0000,  , EX, 63.0N,   0.0W,  45,  984,  300,  300,  500,  200,    0,    0,    0,    0,    0,    0,    0,    0, -999,  35.07,  35.07,  35.06,  35.06,  35.06,  35.07,  35.08,  35.08,  35.07,  35.07,  35.07,  35.06,  35.07,  35.04,  35.04,  35.04,  35.05,  35.06,  35.07,  35.06,  35.08,  35.06,  35.08,  35.10,  35.08,  35.07,  35.07,  35.07,  35.08,  35.05,  35.02
