AL152011,               NATE,     23,
20110906, 1800,  , LO, 20.3N,  93.9W,  30, 1006,    0,    0,    0,    0,    0,    0,    0,    0,    0,    0,    0,    0, -999,  36.06,  36.06,  36.05,  36.03,  36.02,  36.01,  36.00,  35.99,  35.99,  35.98,  35.97,  35.96,  35.97,  35.98,  36.01,  36.03,  36.00,  35.94,  35.87,  35.83,  35.72,  35.76,  35.73,  35.66,  35.67,  35.62,  35.58,  35.61,  35.63,  35.62,  35.62
20110907, 0000,  , LO, 20.3N,  93.7W,  30, 1006,    0,    0,    0,    0,    0,    0,    0,    0,    0,    0,    0,    0, -999,  36.06,  36.04,  36.02,  36.01,  35.99,  35.97,  35.95,  35.95,  35.94,  35.93,  35.93,  35.92,  35.93,  35.94,  35.97,  36.02,  36.01,  35.95,  35.90,  35.82,  35.81,  35.79,  35.75,  35.73,  35.72,  35.65,  35.65,  35.65,  35.63,  35.62,  35.63
20110907, 0600,  , LO, 20.3N,  93.3W,  30, 1005,    0,    0,    0,    0,    0,    0,    0,    0,    0,    0,    0,    0, -999,  36.05,  36.04,  36.01,  35.98,  35.96,  35.95,  35.95,  35.95,  35.96,  35.98,  35.99,  35.98,  35.97,  35.97,  35.97,  35.96,  35.95,  35.92,  35.87,  35.78,  35.82,  35.81,  35.79,  35.78,  35.77,  35.73,  35.71,  35.77,  35.73,  35.73,  35.75
20110907, 1200,  , LO, 20.3N,  92.9W,  35, 1005,    0,    0,   75,    0,    0,    0,    0,    0,    0,    0,    0,    0, -999,  36.05,  36.03,  36.02,  36.02,  36.02,  36.02,  36.01,  35.95,  35.92,  35.92,  35.95,  35.95,  35.91,  35.89,  35.90,  35.91,  35.97,  36.06,  36.06,  36.04,  35.96,  35.93,  35.96,  35.97,  35.96,  35.95,  35.94,  35.92,  35.90,  35.88,  35.88
20110907, 1800,  , TS, 20.3N,  92.6W,  40, 1004,    0,    0,   90,   60,    0,    0,    0,    0,    0,    0,    0,    0, -999,  36.09,  36.08,  36.06,  36.07,  36.07,  36.07,  36.06,  36.02,  35.97,  35.93,  35.92,  35.88,  35.84,  35.81,  35.80,  35.79,  35.83,  35.92,  36.05,  36.06,  35.99,  35.97,  35.91,  35.83,  35.86,  35.90,  35.90,  35.91,  35.91,  35.90,  35.91
20110908, 0000,  , TS, 20.2N,  92.5W,  45, 1003,    0,   90,   90,   60,    0,    0,    0,    0,    0,    0,    0,    0, -999,  36.08,  36.08,  36.08,  36.08,  36.07,  36.06,  36.02,  35.98,  35.95,  35.91,  35.86,  35.83,  35.81,  35.80,  35.80,  35.81,  35.90,  36.05,  35.96,  35.99,  35.92,  35.83,  35.91,  36.04,  36.03,  36.01,  36.01,  35.99,  35.98,  35.97,  35.95
20110908, 0600,  , TS, 20.1N,  92.4W,  50, 1000,    0,   90,  120,   75,    0,   40,    0,    0,    0,    0,    0,    0, -999,  36.08,  36.08,  36.08,  36.08,  36.07,  36.06,  36.02,  35.98,  35.95,  35.91,  35.86,  35.83,  35.81,  35.80,  35.80,  35.81,  35.90,  36.05,  35.96,  35.99,  35.92,  35.83,  35.91,  36.04,  36.03,  36.01,  36.01,  35.99,  35.98,  35.97,  35.95
20110908, 1200,  , TS, 19.9N,  92.3W,  55,  997,   45,   90,  120,   75,    0,   40,   75,    0,    0,    0,    0,    0, -999,  36.05,  36.07,  36.10,  36.09,  36.08,  36.09,  36.07,  36.04,  35.99,  35.97,  35.91,  35.88,  35.85,  35.84,  35.84,  35.87,  35.99,  36.06,  35.83,  35.89,  35.95,  35.97,  35.95,  35.96,  35.97,  35.96,  35.99,  36.01,  36.03,  36.00,  36.00
20110908, 1800,  , HU, 19.7N,  92.3W,  65,  995,   75,   90,  120,   75,    0,   50,   90,    0,    0,   40,    0,    0, -999,  36.06,  36.09,  36.11,  36.09,  36.07,  36.05,  36.01,  35.97,  35.94,  35.92,  35.90,  35.87,  35.84,  35.85,  35.86,  35.96,  36.04,  36.01,  35.74,  35.90,  35.98,  35.95,  35.94,  35.95,  35.94,  35.91,  35.94,  35.98,  35.95,  35.96,  35.98
20110909, 0000,  , HU, 19.7N,  92.1W,  65,  994,   75,   90,  120,   90,    0,   50,   90,    0,    0,   40,    0,    0, -999,  36.06,  36.08,  36.08,  36.09,  36.11,  36.11,  36.08,  36.07,  36.07,  36.06,  36.05,  36.03,  36.04,  36.06,  36.07,  36.08,  35.67,  35.66,  35.77,  35.78,  35.79,  35.81,  35.84,  35.87,  35.87,  35.88,  35.92,  35.94,  35.96,  35.96,  35.96
20110909, 0600,  , TS, 19.9N,  92.2W,  55,  998,   60,   75,   90,   90,    0,   50,   60,    0,    0,    0,    0,    0, -999,  36.07,  36.10,  36.09,  36.08,  36.09,  36.07,  36.04,  35.99,  35.97,  35.91,  35.88,  35.85,  35.84,  35.84,  35.87,  35.99,  36.06,  35.83,  35.89,  35.95,  35.97,  35.95,  35.96,  35.97,  35.96,  35.99,  36.01,  36.03,  36.00,  36.00,  36.02
20110909, 1200,  , TS, 20.0N,  92.4W,  50,  999,   60,   75,   90,   90,    0,   50,   60,    0,    0,    0,    0,    0, -999,  36.08,  36.09,  36.08,  36.05,  35.98,  35.90,  35.88,  35.88,  35.88,  35.87,  35.84,  35.83,  35.83,  35.83,  35.86,  36.01,  36.06,  35.94,  35.96,  35.83,  35.87,  36.05,  36.03,  36.01,  36.00,  36.02,  35.97,  35.98,  35.98,  35.98,  35.99
20110909, 1800,  , TS, 20.0N,  92.7W,  45,  999,   60,   75,   90,   60,    0,    0,    0,    0,    0,    0,    0,    0, -999,  36.07,  36.05,  36.00,  35.93,  35.87,  35.84,  35.88,  35.91,  35.93,  35.93,  35.89,  35.88,  35.90,  35.90,  35.96,  36.06,  36.01,  36.03,  35.99,  35.84,  35.77,  35.88,  35.97,  35.94,  35.92,  35.91,  35.91,  35.94,  35.94,  35.96,  36.01
20110910, 0000,  , TS, 20.0N,  93.0W,  45, 1000,   60,   75,   90,   60,    0,    0,    0,    0,    0,    0,    0,    0, -999,  36.01,  35.95,  35.84,  35.87,  35.98,  36.02,  36.04,  36.08,  36.10,  36.11,  36.11,  36.08,  36.03,  35.97,  35.97,  35.92,  35.96,  36.03,  35.99,  35.97,  35.90,  35.87,  35.87,  35.89,  35.89,  35.89,  35.91,  35.93,  35.98,  36.00,  35.97
20110910, 0600,  , TS, 20.0N,  93.4W,  45, 1000,   60,   75,   90,   60,    0,    0,    0,    0,    0,    0,    0,    0, -999,  35.95,  35.95,  35.96,  36.01,  36.04,  36.00,  35.97,  35.95,  35.95,  35.94,  35.94,  35.93,  35.92,  35.92,  35.89,  35.85,  35.73,  35.76,  35.74,  35.71,  35.75,  35.75,  35.71,  35.73,  35.77,  35.79,  35.82,  35.86,  35.88,  35.90,  35.90
20110910, 1200,  , TS, 20.1N,  93.8W,  50, 1000,   60,   75,   90,   75,   50,   50,   50,   30,    0,    0,    0,    0, -999,  35.96,  35.95,  35.94,  35.93,  35.92,  35.92,  35.92,  35.92,  35.92,  35.93,  35.94,  35.97,  35.99,  35.98,  35.93,  35.88,  35.77,  35.76,  35.75,  35.72,  35.69,  35.66,  35.62,  35.61,  35.64,  35.63,  35.66,  35.69,  35.69,  35.70,  35.72
20110910, 1800,  , TS, 20.1N,  94.2W,  55, 1000,   75,   75,   90,   90,   50,   50,   50,   30,    0,    0,    0,    0, -999,  36.01,  36.00,  36.00,  36.00,  35.99,  35.99,  35.99,  36.00,  35.99,  35.97,  35.95,  35.92,  35.87,  35.82,  35.80,  35.76,  35.70,  35.70,  35.66,  35.64,  35.62,  35.64,  35.62,  35.62,  35.61,  35.61,  35.62,  35.63,  35.62,  35.63,  35.65
20110911, 0000,  , TS, 20.1N,  94.7W,  55, 1000,   75,   75,   90,   90,   50,   50,   50,   30,    0,    0,    0,    0, -999,  35.89,  35.89,  35.91,  35.91,  35.90,  35.90,  35.91,  35.89,  35.88,  35.89,  35.90,  35.88,  35.84,  35.81,  35.79,  35.81,  35.81,  35.73,  35.70,  35.71,  35.71,  35.71,  35.71,  35.73,  35.76,  35.76,  35.76,  35.77,  35.73,  35.70,  35.72
20110911, 0600,  , TS, 20.0N,  95.4W,  50, 1003,   60,   60,   75,   75,   40,   40,   40,   30,    0,    0,    0,    0, -999,  35.89,  35.89,  35.90,  35.90,  35.91,  35.91,  35.91,  35.92,  35.91,  35.91,  35.91,  35.91,  35.91,  35.91,  35.91,  35.91,  35.87,  35.89,  35.85,  35.84,  35.86,  35.85,  35.85,  35.86,  35.90,  35.94,  35.96,  35.97,  35.96,  35.96,  35.95
20110911, 1200,  , TS, 20.3N,  96.4W,  40, 1005,   45,   45,   30,   45,    0,    0,    0,    0,    0,    0,    0,    0, -999,  36.05,  36.04,  36.04,  36.04,  36.04,  36.04,  36.04,  36.06,  36.09,  36.10,  36.12,  36.11,  36.11,  36.11,  36.15,  36.14,  36.15,  36.17,  36.18,  36.14,  36.10,  36.03,  36.01,  36.07,  36.10,  36.13,  36.12,  36.14,  36.27,  36.30,  36.27
20110911, 1600, L, TS, 20.5N,  97.0W,  40, 1006,   45,   45,   30,   45,    0,    0,    0,    0,    0,    0,    0,    0, -999,    nan,    nan,    nan,    nan,    nan,    nan,    nan,    nan,    nan,    nan,    nan,    nan,    nan,    nan,    nan,    nan,    nan,    nan,    nan,    nan,    nan,    nan,    nan,    nan,    nan,    nan,    nan,    nan,    nan,    nan,    nan
20110911, 1800,  , TS, 20.5N,  97.2W,  35, 1009,   45,   45,    0,    0,    0,    0,    0,    0,    0,    0,    0,    0, -999,    nan,    nan,    nan,    nan,    nan,    nan,    nan,    nan,    nan,    nan,    nan,    nan,    nan,    nan,    nan,    nan,    nan,    nan,    nan,    nan,    nan,    nan,    nan,    nan,    nan,    nan,    nan,    nan,    nan,    nan,    nan
20110912, 0000,  , LO, 20.5N,  97.8W,  25, 1012,    0,    0,    0,    0,    0,    0,    0,    0,    0,    0,    0,    0, -999,    nan,    nan,    nan,    nan,    nan,    nan,    nan,    nan,    nan,    nan,    nan,    nan,    nan,    nan,    nan,    nan,    nan,    nan,    nan,    nan,    nan,    nan,    nan,    nan,    nan,    nan,    nan,    nan,    nan,    nan,    nan
