AL152001,           MICHELLE,     35,
20011029, 1800,  , TD, 13.3N,  83.6W,  30, 1004, -999, -999, -999, -999, -999, -999, -999, -999, -999, -999, -999, -999, -999,    nan,    nan,    nan,    nan,    nan,    nan,    nan,    nan,    nan,    nan,    nan,    nan,    nan,    nan,    nan,    nan,    nan,    nan,    nan,    nan,    nan,    nan,    nan,    nan,    nan,    nan,    nan,    nan,    nan,    nan,    nan
20011030, 0000,  , TD, 13.7N,  83.6W,  30, 1004, -999, -999, -999, -999, -999, -999, -999, -999, -999, -999, -999, -999, -999,    nan,    nan,    nan,    nan,    nan,    nan,    nan,    nan,    nan,    nan,    nan,    nan,    nan,    nan,    nan,    nan,    nan,    nan,    nan,    nan,    nan,    nan,    nan,    nan,    nan,    nan,    nan,    nan,    nan,    nan,    nan
20011030, 0600,  , TD, 13.7N,  84.1W,  30, 1005, -999, -999, -999, -999, -999, -999, -999, -999, -999, -999, -999, -999, -999,    nan,    nan,    nan,    nan,    nan,    nan,    nan,    nan,    nan,    nan,    nan,    nan,    nan,    nan,    nan,    nan,    nan,    nan,    nan,    nan,    nan,    nan,    nan,    nan,    nan,    nan,    nan,    nan,    nan,    nan,    nan
20011030, 1200,  , TD, 13.3N,  83.9W,  30, 1005, -999, -999, -999, -999, -999, -999, -999, -999, -999, -999, -999, -999, -999,    nan,    nan,    nan,    nan,    nan,    nan,    nan,    nan,    nan,    nan,    nan,    nan,    nan,    nan,    nan,    nan,    nan,    nan,    nan,    nan,    nan,    nan,    nan,    nan,    nan,    nan,    nan,    nan,    nan,    nan,    nan
20011030, 1800,  , TD, 13.0N,  83.5W,  30, 1006, -999, -999, -999, -999, -999, -999, -999, -999, -999, -999, -999, -999, -999,    nan,    nan,    nan,    nan,    nan,    nan,    nan,    nan,    nan,    nan,    nan,    nan,    nan,    nan,    nan,    nan,    nan,    nan,    nan,    nan,    nan,    nan,    nan,    nan,    nan,    nan,    nan,    nan,    nan,    nan,    nan
20011031, 0000,  , TD, 13.7N,  83.6W,  30, 1004, -999, -999, -999, -999, -999, -999, -999, -999, -999, -999, -999, -999, -999,    nan,    nan,    nan,    nan,    nan,    nan,    nan,    nan,    nan,    nan,    nan,    nan,    nan,    nan,    nan,    nan,    nan,    nan,    nan,    nan,    nan,    nan,    nan,    nan,    nan,    nan,    nan,    nan,    nan,    nan,    nan
20011031, 0600,  , TD, 14.3N,  83.4W,  30, 1005, -999, -999, -999, -999, -999, -999, -999, -999, -999, -999, -999, -999, -999,    nan,    nan,    nan,    nan,    nan,    nan,    nan,    nan,    nan,    nan,    nan,    nan,    nan,    nan,    nan,    nan,    nan,    nan,    nan,    nan,    nan,    nan,    nan,    nan,    nan,    nan,    nan,    nan,    nan,    nan,    nan
20011031, 1200,  , TD, 14.8N,  83.2W,  30, 1004, -999, -999, -999, -999, -999, -999, -999, -999, -999, -999, -999, -999, -999,    nan,    nan,    nan,    nan,    nan,    nan,    nan,    nan,    nan,    nan,    nan,    nan,    nan,    nan,    nan,    nan,    nan,    nan,    nan,    nan,    nan,    nan,    nan,    nan,    nan,    nan,    nan,    nan,    nan,    nan,    nan
20011031, 1800,  , TD, 15.3N,  83.1W,  30, 1004, -999, -999, -999, -999, -999, -999, -999, -999, -999, -999, -999, -999, -999,    nan,    nan,    nan,    nan,    nan,    nan,    nan,    nan,    nan,    nan,    nan,    nan,    nan,    nan,    nan,    nan,    nan,    nan,    nan,    nan,    nan,    nan,    nan,    nan,    nan,    nan,    nan,    nan,    nan,    nan,    nan
20011101, 0000,  , TS, 15.8N,  83.1W,  35, 1001, -999, -999, -999, -999, -999, -999, -999, -999, -999, -999, -999, -999, -999,    nan,    nan,    nan,    nan,    nan,    nan,    nan,    nan,    nan,    nan,    nan,    nan,    nan,    nan,    nan,    nan,    nan,    nan,    nan,    nan,    nan,    nan,    nan,    nan,    nan,    nan,    nan,    nan,    nan,    nan,    nan
20011101, 0600,  , TS, 16.5N,  83.4W,  45,  999, -999, -999, -999, -999, -999, -999, -999, -999, -999, -999, -999, -999, -999,  27.65,  27.69,  27.59,  27.55,  27.54,  27.48,  27.68,  27.69,  27.55,  27.56,  27.62,  27.52,  27.81,  27.79,  28.19,  28.57,  27.39,  28.15,  28.11,  27.39,  27.44,  27.31,  27.53,  27.61,  27.54,  27.41,  27.33,  27.38,  27.23,  27.10,  26.98
20011101, 1200,  , TS, 16.8N,  83.6W,  50,  995, -999, -999, -999, -999, -999, -999, -999, -999, -999, -999, -999, -999, -999,  27.96,  27.78,  28.08,  28.05,  27.89,  27.89,  28.01,  27.50,  27.36,  27.51,  27.63,  27.87,  27.94,  27.72,  27.68,  27.99,  27.36,  26.99,  27.87,  27.45,  27.27,  27.14,  27.23,  27.43,  27.45,  27.41,  27.28,  27.28,  26.89,  26.97,  26.99
20011101, 1800,  , TS, 17.0N,  83.8W,  50,  993, -999, -999, -999, -999, -999, -999, -999, -999, -999, -999, -999, -999, -999,  28.01,  27.85,  27.98,  27.97,  27.77,  27.78,  28.07,  27.82,  27.69,  27.60,  27.45,  27.54,  27.54,  27.64,  27.97,  27.81,  27.64,  26.90,  27.79,  27.42,  27.21,  26.98,  27.06,  27.45,  27.38,  27.36,  27.12,  26.69,  26.55,  26.65,  26.81
20011102, 0000,  , TS, 17.3N,  83.9W,  55,  991, -999, -999, -999, -999, -999, -999, -999, -999, -999, -999, -999, -999, -999,  28.00,  28.00,  27.86,  27.69,  27.84,  28.02,  27.79,  27.72,  27.50,  27.50,  27.72,  27.72,  27.90,  28.04,  27.95,  27.58,  27.21,  27.34,  27.20,  27.23,  26.83,  26.86,  27.11,  27.19,  27.15,  26.94,  26.86,  26.70,  26.71,  26.80,  26.98
20011102, 0600,  , TS, 17.5N,  83.9W,  60,  988, -999, -999, -999, -999, -999, -999, -999, -999, -999, -999, -999, -999, -999,  27.99,  27.92,  27.83,  27.73,  27.83,  27.88,  27.77,  27.49,  27.45,  27.66,  27.81,  27.93,  28.09,  28.13,  28.13,  27.56,  27.38,  27.75,  27.33,  27.36,  26.99,  27.13,  27.07,  26.86,  26.64,  26.34,  27.06,  26.75,  26.67,  26.63,  26.72
20011102, 1200,  , HU, 17.8N,  84.0W,  70,  979, -999, -999, -999, -999, -999, -999, -999, -999, -999, -999, -999, -999, -999,  27.85,  27.94,  27.80,  27.78,  27.72,  27.77,  27.80,  27.86,  27.80,  27.86,  27.80,  28.01,  27.97,  27.85,  28.03,  27.99,  27.79,  27.84,  27.17,  27.47,  27.19,  27.45,  27.41,  26.91,  26.86,  26.39,  26.59,  27.17,  26.89,  26.66,  26.75
20011102, 1800,  , HU, 18.0N,  84.0W,  80,  969, -999, -999, -999, -999, -999, -999, -999, -999, -999, -999, -999, -999, -999,  28.18,  28.03,  28.11,  27.88,  27.90,  27.85,  28.10,  28.14,  27.97,  28.18,  28.28,  28.06,  28.05,  27.50,  27.47,  27.27,  27.66,  26.54,  26.34,  26.52,  27.43,  27.62,  27.48,  26.93,  27.11,  26.66,  26.73,  27.00,  26.92,  26.81,  27.20
20011103, 0000,  , HU, 18.5N,  84.0W,  90,  957, -999, -999, -999, -999, -999, -999, -999, -999, -999, -999, -999, -999, -999,  27.80,  27.63,  27.57,  27.67,  27.78,  27.91,  28.24,  28.49,  29.01,  28.93,  28.47,  28.70,  28.05,  27.38,  27.11,  27.19,  26.64,  26.69,  26.09,  27.60,  26.99,  27.74,  27.57,  27.43,  27.33,  27.47,  27.43,  27.54,  27.49,  27.28,  27.26
20011103, 0600,  , HU, 18.8N,  84.3W, 105,  942, -999, -999, -999, -999, -999, -999, -999, -999, -999, -999, -999, -999, -999,  28.57,  28.66,  28.43,  28.27,  28.27,  28.01,  28.12,  28.18,  28.39,  28.58,  28.72,  28.65,  27.98,  27.49,  27.60,  27.72,  27.24,  27.83,  26.86,  26.90,  27.19,  26.65,  27.37,  27.55,  27.48,  26.85,  26.97,  27.49,  27.51,  27.50,  27.58
20011103, 1200,  , HU, 18.9N,  84.3W, 115,  937, -999, -999, -999, -999, -999, -999, -999, -999, -999, -999, -999, -999, -999,  28.57,  28.66,  28.43,  28.27,  28.27,  28.01,  28.12,  28.18,  28.39,  28.58,  28.72,  28.65,  27.98,  27.49,  27.60,  27.72,  27.24,  27.83,  26.86,  26.90,  27.19,  26.65,  27.37,  27.55,  27.48,  26.85,  26.97,  27.49,  27.51,  27.50,  27.58
20011103, 1800,  , HU, 19.3N,  84.1W, 110,  934, -999, -999, -999, -999, -999, -999, -999, -999, -999, -999, -999, -999, -999,  28.18,  28.07,  28.20,  28.41,  28.27,  28.12,  28.49,  28.49,  28.42,  28.53,  28.49,  28.28,  27.98,  27.85,  27.80,  27.76,  27.37,  26.84,  26.70,  26.70,  26.75,  26.45,  27.59,  27.62,  27.59,  26.97,  26.91,  27.27,  27.31,  27.48,  27.76
20011103, 2100, P, HU, 19.4N,  83.9W, 110,  933, -999, -999, -999, -999, -999, -999, -999, -999, -999, -999, -999, -999, -999,  28.33,  28.22,  28.43,  28.53,  28.44,  28.39,  28.64,  28.66,  28.55,  28.51,  28.67,  28.25,  28.08,  27.97,  27.87,  27.85,  27.69,  25.33,  26.32,  26.56,  26.18,  26.86,  26.85,  27.50,  27.49,  27.35,  27.48,  27.79,  27.87,  27.85,  27.79
20011104, 0000,  , HU, 19.7N,  83.7W, 115,  938, -999, -999, -999, -999, -999, -999, -999, -999, -999, -999, -999, -999, -999,  28.41,  29.23,  28.98,  28.51,  28.16,  28.46,  28.55,  28.72,  28.89,  28.64,  28.29,  28.12,  28.02,  27.90,  27.85,  27.73,  25.67,  25.80,  26.34,  26.30,  26.64,  27.55,  28.03,  27.85,  27.30,  27.79,  28.03,  28.02,  27.95,  27.73,  27.71
20011104, 0600,  , HU, 20.1N,  83.3W, 120,  944, -999, -999, -999, -999, -999, -999, -999, -999, -999, -999, -999, -999, -999,  28.40,  28.37,  28.07,  28.05,  28.08,  28.54,  28.81,  28.91,  28.76,  28.70,  28.43,  28.29,  28.00,  27.82,  27.76,  27.60,  26.23,  27.18,  26.98,  26.30,  26.85,  27.67,  27.47,  27.83,  27.68,  27.85,  27.96,  27.87,  27.85,  27.76,  27.75
20011104, 1200,  , HU, 20.8N,  82.5W, 120,  947, -999, -999, -999, -999, -999, -999, -999, -999, -999, -999, -999, -999, -999,  28.41,  28.37,  28.12,  28.21,  28.28,  28.37,  28.45,  28.40,  28.36,  28.42,  28.24,  28.24,  28.26,  27.97,  27.79,  27.70,  27.53,  27.69,  27.53,  27.25,  27.31,  27.42,  27.49,  27.21,  27.54,  27.76,  27.85,  27.55,  27.39,  27.29,  27.17
20011104, 1800, L, HU, 21.5N,  81.8W, 120,  949, -999, -999, -999, -999, -999, -999, -999, -999, -999, -999, -999, -999, -999,  28.45,  28.48,  28.41,  28.26,  28.18,  28.28,  28.24,  28.17,  28.32,  28.39,  28.29,  28.28,  28.43,  28.30,  28.25,  28.19,  27.85,  27.69,  27.23,  27.23,  27.35,  27.32,  27.05,  27.15,  27.52,  27.41,  27.42,  27.14,  27.10,  26.99,  27.00
20011104, 2300, L, HU, 22.1N,  81.2W, 115,  950, -999, -999, -999, -999, -999, -999, -999, -999, -999, -999, -999, -999, -999,  28.78,  28.76,  28.71,  28.60,  28.55,  28.48,  28.42,  28.45,  28.42,  28.62,  28.59,  28.42,  28.33,  28.28,  28.23,  28.13,  27.94,  27.84,  27.78,  27.84,  27.77,  27.74,  27.69,  27.59,  27.62,  27.68,  27.71,  27.73,  27.66,  27.48,  27.36
20011105, 0000,  , HU, 22.3N,  80.9W, 105,  953, -999, -999, -999, -999, -999, -999, -999, -999, -999, -999, -999, -999, -999,    nan,    nan,    nan,    nan,    nan,    nan,    nan,    nan,    nan,    nan,    nan,    nan,    nan,    nan,    nan,    nan,    nan,    nan,    nan,    nan,    nan,    nan,    nan,    nan,    nan,    nan,    nan,    nan,    nan,    nan,    nan
20011105, 0600,  , HU, 23.1N,  79.7W,  80,  972, -999, -999, -999, -999, -999, -999, -999, -999, -999, -999, -999, -999, -999,  27.37,  27.26,  27.23,  27.34,  27.41,  27.62,  27.17,  26.72,  27.03,  27.01,  26.73,  26.60,  26.59,  26.57,  26.59,  26.56,  26.37,  25.97,  26.07,  26.19,  26.14,  26.16,  26.12,  26.35,  26.45,  26.44,  26.40,  25.94,  25.63,  26.02,  26.10
20011105, 1200, L, HU, 24.3N,  78.0W,  80,  974, -999, -999, -999, -999, -999, -999, -999, -999, -999, -999, -999, -999, -999,    nan,    nan,    nan,    nan,    nan,    nan,    nan,    nan,    nan,    nan,    nan,    nan,    nan,    nan,    nan,    nan,    nan,    nan,    nan,    nan,    nan,    nan,    nan,    nan,    nan,    nan,    nan,    nan,    nan,    nan,    nan
20011105, 1800, L, HU, 25.4N,  76.4W,  75,  980, -999, -999, -999, -999, -999, -999, -999, -999, -999, -999, -999, -999, -999,  26.93,  26.88,  26.94,  26.98,  27.10,  27.37,  27.27,  27.07,  27.17,  27.05,  26.98,  26.92,  26.88,  26.79,  26.46,  26.41,  26.32,  26.29,  26.22,  26.24,  26.12,  25.97,  25.85,  25.73,  25.76,  25.67,  25.66,  25.69,  25.61,  25.35,  25.48
20011106, 0000,  , EX, 26.3N,  74.5W,  75,  980, -999, -999, -999, -999, -999, -999, -999, -999, -999, -999, -999, -999, -999,  25.73,  26.26,  26.68,  27.07,  27.08,  27.23,  27.34,  27.25,  27.13,  26.84,  26.74,  26.80,  26.10,  25.77,  25.48,  25.55,  26.02,  25.94,  25.43,  25.08,  25.15,  25.10,  25.18,  24.50,  24.25,  24.43,  24.93,  25.27,  24.76,  24.18,  23.98
20011106, 0600,  , EX, 26.9N,  72.6W,  75,  980, -999, -999, -999, -999, -999, -999, -999, -999, -999, -999, -999, -999, -999,  25.30,  24.85,  24.83,  24.76,  25.36,  25.56,  25.70,  25.52,  25.36,  24.85,  24.27,  24.21,  24.07,  24.24,  23.80,  23.75,  23.44,  23.41,  23.55,  23.45,  23.79,  23.41,  23.75,  23.70,  23.09,  22.78,  23.08,  23.25,  23.39,  23.32,  23.43
20011106, 1200,  , EX, 27.3N,  69.7W,  65,  984, -999, -999, -999, -999, -999, -999, -999, -999, -999, -999, -999, -999, -999,  25.42,  25.43,  25.39,  25.29,  25.29,  25.38,  25.55,  25.97,  25.70,  26.12,  26.25,  25.94,  26.01,  26.33,  26.36,  26.12,  24.62,  25.50,  25.52,  25.55,  25.62,  25.66,  25.61,  25.74,  25.79,  25.66,  25.61,  23.55,  22.12,  21.76,  22.03
20011106, 1800,  , EX, 28.7N,  66.5W,  55,  989, -999, -999, -999, -999, -999, -999, -999, -999, -999, -999, -999, -999, -999,  22.98,  22.91,  22.74,  22.61,  22.29,  22.64,  22.76,  22.88,  22.83,  22.71,  22.80,  23.13,  23.24,  23.66,  23.67,  24.40,  23.62,  23.60,  23.54,  23.85,  23.64,  23.61,  23.64,  23.94,  23.76,  23.49,  23.55,  23.50,  24.02,  23.94,  24.16
