AL152016,             NICOLE,     63,
20161004, 0600,  , TS, 23.2N,  59.8W,  35, 1007,    0,   90,    0,    0,    0,    0,    0,    0,    0,    0,    0,    0, -999,  36.88,  36.89,  36.80,  36.75,    nan,  36.78,  36.77,  36.77,  36.77,  36.80,  36.89,  36.98,  36.91,  36.81,  36.81,  36.77,  36.77,  36.78,  36.77,  36.79,  36.85,  37.05,  37.20,  37.27,  37.12,    nan,    nan,  36.35,  36.41,  36.46,  36.40
20161004, 1200,  , TS, 23.5N,  60.3W,  40, 1005,   60,   60,    0,   40,    0,    0,    0,    0,    0,    0,    0,    0, -999,  36.81,  36.89,  36.83,  36.83,    nan,  36.77,  36.75,  36.90,  37.00,  37.01,  37.01,  36.95,  37.00,  36.85,  36.80,  36.80,  36.81,  36.80,  36.76,  36.80,  36.79,  36.75,  36.76,  36.75,  36.74,    nan,    nan,  36.89,  36.91,  36.89,  36.84
20161004, 1800,  , TS, 23.8N,  60.7W,  45, 1002,   60,   60,    0,   40,    0,    0,    0,    0,    0,    0,    0,    0, -999,  37.17,  37.18,  37.16,  37.15,    nan,  37.11,  37.09,  37.18,  36.93,  36.97,  36.98,  36.97,  37.01,  36.85,  36.83,  36.70,  36.71,  36.84,  36.78,  36.79,  36.81,  36.70,  36.72,  36.71,  36.71,    nan,    nan,  36.77,  36.76,  36.77,  36.75
20161005, 0000,  , TS, 24.1N,  61.2W,  45, 1001,   60,   60,    0,   40,    0,    0,    0,    0,    0,    0,    0,    0, -999,  36.65,  36.65,  36.67,    nan,  36.74,  36.78,  36.82,  36.69,  36.70,  36.72,  36.75,  36.73,  36.80,  36.93,  36.75,  36.67,  36.68,  36.78,  36.81,  36.75,  36.73,  36.62,  36.65,  36.67,    nan,    nan,  36.67,  36.66,  36.67,  36.71,  36.78
20161005, 0600,  , TS, 24.4N,  61.7W,  45, 1001,   60,   60,    0,   40,    0,    0,    0,    0,    0,    0,    0,    0, -999,  36.66,  36.65,  36.69,    nan,  36.77,  36.82,  36.78,  36.60,  36.60,  36.73,  36.77,  36.78,  36.75,  36.89,  36.66,  36.60,  36.63,  36.88,  36.89,  36.81,  36.70,  36.70,  36.70,  36.65,    nan,    nan,  36.67,  36.65,  36.69,  36.63,  36.65
20161005, 1200,  , TS, 24.7N,  62.5W,  45, 1001,   60,   60,    0,   40,    0,    0,    0,    0,    0,    0,    0,    0, -999,  36.91,  36.88,  36.86,    nan,  36.76,  36.82,  36.81,  36.67,  36.63,  36.60,  36.66,  36.62,  36.70,  36.68,  36.72,  36.69,  36.68,  36.71,  36.72,  36.73,  36.72,  36.64,  36.66,  36.64,    nan,    nan,  36.70,  36.67,  36.65,  36.65,  36.66
20161005, 1800,  , TS, 25.1N,  63.3W,  50, 1000,   60,   60,   30,   40,   20,   20,    0,    0,    0,    0,    0,    0, -999,  36.87,  37.04,  36.84,    nan,  36.72,  36.70,  36.66,  36.63,  36.64,  36.64,  36.64,  36.62,  36.63,  36.62,  36.70,  36.72,  36.73,  36.70,  36.70,  36.66,  36.67,  36.63,  36.64,  36.63,    nan,    nan,  36.66,  36.73,  36.74,  36.71,  36.69
20161006, 0000,  , TS, 25.7N,  63.9W,  50,  999,   60,   60,   30,   40,   30,   30,    0,    0,    0,    0,    0,    0, -999,  36.77,  36.74,    nan,  36.71,  36.73,  36.71,  36.61,  36.65,  36.66,  36.65,  36.64,  36.67,  36.66,  36.66,  36.67,  36.66,  36.67,  36.64,  36.65,  36.61,  36.64,  36.64,  36.64,    nan,    nan,  36.63,  36.63,  36.61,  36.60,  36.60,  36.58
20161006, 0600,  , TS, 26.2N,  64.5W,  55,  995,   60,   60,   30,   40,   30,   30,    0,    0,    0,    0,    0,    0, -999,  36.64,  36.70,    nan,  36.69,  36.65,  36.84,  36.68,  36.66,  36.72,  36.59,  36.60,  36.59,  36.58,  36.57,  36.54,  36.56,  36.58,  36.58,  36.63,  36.61,  36.62,  36.60,  36.58,    nan,    nan,  36.61,  36.64,  36.67,  36.65,  36.65,  36.66
20161006, 1200,  , TS, 26.7N,  64.8W,  60,  991,   60,   60,   30,   40,   30,   30,    0,    0,    0,    0,    0,    0, -999,  36.71,  36.71,    nan,  36.67,  36.67,  36.67,  36.67,  36.67,  36.68,  36.66,  36.67,  36.69,  36.69,  36.75,  36.73,  36.69,  36.69,  36.70,  36.69,  36.64,  36.66,  36.70,  36.64,    nan,    nan,  36.57,  36.57,  36.56,  36.58,  36.56,  36.58
20161006, 1800,  , HU, 27.3N,  65.1W,  75,  980,   50,   80,   30,   40,   30,   30,   20,   20,   15,   15,   10,   15, -999,  36.69,  36.66,    nan,  36.65,  36.66,  36.65,  36.60,  36.61,  36.62,  36.60,  36.59,  36.59,  36.58,  36.68,  36.66,  36.67,  36.67,  36.66,  36.66,  36.65,  36.64,  36.64,  36.60,    nan,    nan,  36.59,  36.58,  36.57,  36.58,  36.58,  36.59
20161007, 0000,  , HU, 27.5N,  65.2W,  90,  969,   50,   80,   50,   50,   30,   30,   20,   20,   15,   15,   10,   15, -999,  36.69,    nan,  36.66,  36.66,  36.66,  36.60,  36.62,  36.62,  36.61,  36.62,  36.61,  36.59,  36.67,  36.67,  36.67,  36.67,  36.66,  36.66,  36.64,  36.62,  36.64,  36.61,    nan,    nan,  36.61,  36.55,  36.59,  36.57,  36.57,  36.58,  36.59
20161007, 0600,  , HU, 27.6N,  65.2W,  75,  970,   50,   80,   50,   50,   30,   30,   20,   20,   15,   15,   10,   15, -999,  36.70,    nan,  36.66,  36.65,  36.65,  36.61,  36.62,  36.61,  36.61,  36.62,  36.61,  36.61,  36.66,  36.66,  36.67,  36.67,  36.66,  36.66,  36.64,  36.64,  36.65,  36.59,    nan,    nan,  36.53,  36.51,  36.54,  36.58,  36.56,  36.57,  36.57
20161007, 1200,  , TS, 27.6N,  65.2W,  60,  985,   50,   80,   50,   50,   30,   30,    0,    0,    0,    0,    0,    0, -999,  36.70,    nan,  36.66,  36.65,  36.65,  36.61,  36.62,  36.61,  36.61,  36.62,  36.61,  36.61,  36.66,  36.66,  36.67,  36.67,  36.66,  36.66,  36.64,  36.64,  36.65,  36.59,    nan,    nan,  36.53,  36.51,  36.54,  36.58,  36.56,  36.57,  36.57
20161007, 1800,  , TS, 27.2N,  65.3W,  55,  992,   50,   80,   50,   50,   30,   30,    0,    0,    0,    0,    0,    0, -999,  36.77,    nan,  36.74,  36.73,  36.75,  36.68,  36.66,  36.64,  36.66,  36.71,  36.69,  36.69,  36.73,  36.69,  36.65,  36.65,  36.67,  36.68,  36.68,  36.68,  36.66,  36.61,    nan,    nan,  36.57,  36.57,  36.58,  36.59,  36.59,  36.60,  36.61
20161008, 0000,  , TS, 26.6N,  65.4W,  50,  997,   50,   80,   50,   50,   30,   30,    0,    0,    0,    0,    0,    0, -999,    nan,  36.68,  36.67,  36.73,  36.59,  36.58,  36.52,  36.49,  36.49,  36.48,  36.49,  36.52,  36.51,  36.53,  36.71,  36.72,  36.70,  36.70,  36.71,  36.73,  36.62,    nan,    nan,  36.58,  36.57,  36.57,  36.56,  36.57,  36.55,  36.55,  36.56
20161008, 0600,  , TS, 26.0N,  65.5W,  40, 1002,   50,   80,   50,   50,    0,    0,    0,    0,    0,    0,    0,    0, -999,    nan,  36.51,  36.53,  36.58,  36.68,  36.58,  36.55,  36.60,  36.59,  36.61,  36.66,  36.62,  36.63,  36.62,  36.90,  36.75,  36.73,  36.72,  36.71,  36.70,  36.59,    nan,    nan,  36.57,  36.57,  36.57,  36.59,  36.59,  36.56,  36.56,  36.56
20161008, 1200,  , TS, 25.5N,  65.6W,  40, 1002,   50,   80,   50,   50,    0,    0,    0,    0,    0,    0,    0,    0, -999,    nan,  36.74,  36.78,  36.65,  36.73,  36.71,  36.73,  36.77,  36.70,  36.61,  36.56,  36.67,  36.66,  36.67,  36.65,  36.67,  36.78,  36.78,  36.75,  36.74,  36.63,    nan,    nan,  36.57,  36.57,  36.55,  36.56,  36.62,  36.64,  36.64,  36.63
20161008, 1800,  , TS, 25.0N,  65.7W,  45, 1000,   80,   90,   50,   50,    0,    0,    0,    0,    0,    0,    0,    0, -999,    nan,  36.54,  36.56,  36.55,  36.55,  36.40,  36.43,  36.61,  36.65,  36.67,  36.66,  36.62,  36.64,  36.70,  36.67,  36.68,  36.76,  36.76,  36.69,  36.66,  36.61,    nan,    nan,  36.59,  36.61,  36.59,  36.55,  36.54,  36.62,  36.62,  36.65
20161009, 0000,  , TS, 24.6N,  65.6W,  45,  999,   80,   90,   50,   40,    0,    0,    0,    0,    0,    0,    0,    0, -999,  36.59,  36.63,  36.65,  36.60,  36.56,  36.55,  36.65,  36.62,  36.64,  36.63,  36.63,  36.64,  36.68,  36.70,  36.69,  36.66,  36.66,  36.66,  36.68,  36.62,    nan,    nan,  36.64,  36.69,  36.67,  36.63,  36.61,  36.65,  36.65,  36.68,  36.67
20161009, 0600,  , TS, 24.1N,  65.5W,  55,  996,   80,  100,   60,   50,   40,   30,    0,    0,    0,    0,    0,    0, -999,  36.69,  36.69,  36.67,  36.64,  36.62,  36.61,  36.62,  36.60,  36.62,  36.65,  36.69,  36.69,  36.67,  36.60,  36.60,  36.65,  36.69,  36.72,  36.72,  36.70,    nan,    nan,  36.68,  36.68,  36.67,  36.66,  36.66,  36.67,  36.67,  36.64,  36.62
20161009, 1200,  , TS, 24.0N,  65.4W,  55,  993,   80,  100,   60,   50,   40,   30,    0,    0,    0,    0,    0,    0, -999,  36.67,  36.68,  36.67,  36.62,  36.60,  36.58,  36.61,  36.62,  36.65,  36.66,  36.65,  36.63,  36.62,  36.53,  36.60,  36.70,  36.71,  36.69,  36.66,  36.68,    nan,    nan,  36.69,  36.68,  36.68,  36.67,  36.67,  36.62,  36.62,  36.62,  36.62
20161009, 1800,  , TS, 24.1N,  65.3W,  55,  992,  100,  100,   60,   60,   40,   40,    0,    0,    0,    0,    0,    0, -999,  36.67,  36.68,  36.67,  36.62,  36.60,  36.58,  36.61,  36.62,  36.65,  36.66,  36.65,  36.63,  36.62,  36.53,  36.60,  36.70,  36.71,  36.69,  36.66,  36.68,    nan,    nan,  36.69,  36.68,  36.68,  36.67,  36.67,  36.62,  36.62,  36.62,  36.62
20161010, 0000,  , TS, 24.3N,  65.2W,  50,  992,  100,  100,   60,   60,   40,   40,    0,    0,    0,    0,    0,    0, -999,  36.68,  36.65,  36.70,  36.60,  36.62,  36.64,  36.67,  36.64,  36.54,  36.50,  36.49,  36.51,  36.63,  36.58,  36.60,  36.67,  36.75,  36.69,  36.62,    nan,    nan,  36.65,  36.67,  36.63,  36.62,  36.63,  36.62,  36.59,  36.54,  36.59,  36.63
20161010, 0600,  , TS, 24.8N,  65.2W,  50,  992,  110,  100,   60,   60,   40,   40,    0,    0,    0,    0,    0,    0, -999,  36.66,  36.66,  36.66,  36.60,  36.61,  36.71,  36.67,  36.63,  36.63,  36.60,  36.66,  36.67,  36.79,  36.72,  36.64,  36.60,  36.69,  36.80,  36.79,    nan,    nan,  36.61,  36.62,  36.64,  36.66,  36.66,  36.62,  36.62,  36.56,  36.59,  36.54
20161010, 1200,  , TS, 25.4N,  65.2W,  50,  992,  110,  100,   60,   60,   40,   40,    0,    0,    0,    0,    0,    0, -999,  36.59,  36.59,  36.63,  36.62,  36.64,  36.64,  36.64,  36.67,  36.69,  36.69,  36.72,  36.70,  36.68,  36.69,  36.70,  36.65,  36.65,  36.63,  36.55,    nan,    nan,  36.80,  36.67,  36.64,  36.67,  36.65,  36.66,  36.71,  36.66,  36.61,  36.58
20161010, 1800,  , TS, 26.0N,  65.3W,  50,  992,  110,  100,   60,   60,   40,   40,    0,    0,    0,    0,    0,    0, -999,  36.50,  36.57,  36.67,  36.56,  36.56,  36.58,  36.58,  36.59,  36.62,  36.59,  36.62,  36.62,  36.88,  36.77,  36.74,  36.72,  36.73,  36.72,  36.60,    nan,    nan,  36.60,  36.60,  36.59,  36.58,  36.58,  36.56,  36.57,  36.56,  36.57,  36.60
20161011, 0000,  , TS, 26.5N,  65.5W,  50,  992,   90,   90,   60,   60,   40,   40,    0,   30,    0,    0,    0,    0, -999,  36.69,  36.61,  36.58,  36.61,  36.52,  36.55,  36.58,  36.59,  36.50,  36.52,  36.54,  36.86,  36.84,  36.76,  36.75,  36.73,  36.73,  36.62,    nan,    nan,  36.57,  36.58,  36.58,  36.58,  36.58,  36.57,  36.57,  36.60,  36.68,  36.62,  36.63
20161011, 0600,  , TS, 26.8N,  65.6W,  50,  991,   90,   90,   60,   60,   40,   40,    0,   30,    0,    0,    0,    0, -999,  36.81,  36.62,  36.68,  36.68,  36.72,  36.59,  36.64,  36.62,  36.55,  36.56,  36.53,  36.75,  36.68,  36.68,  36.67,  36.67,  36.70,  36.65,    nan,    nan,  36.58,  36.59,  36.63,  36.63,  36.62,  36.61,  36.60,  36.60,  36.60,  36.61,  36.61
20161011, 1200,  , TS, 27.1N,  65.8W,  60,  987,   90,   90,   60,   60,   40,   40,    0,   30,    0,    0,    0,    0, -999,  36.76,  36.72,  36.73,  36.72,  36.70,  36.63,  36.61,  36.63,  36.66,  36.62,  36.61,  36.63,  36.65,  36.67,  36.66,  36.64,  36.68,  36.66,    nan,    nan,  36.59,  36.58,  36.58,  36.56,  36.55,  36.57,  36.57,  36.53,  36.56,  36.57,  36.57
20161011, 1800,  , HU, 27.2N,  66.2W,  70,  980,  100,   90,   70,   90,   40,   30,   30,   30,   25,    0,    0,    0, -999,  36.77,  36.69,  36.70,  36.70,  36.70,  36.62,  36.63,  36.68,  36.61,  36.59,  36.57,  36.59,  36.61,  36.62,  36.61,  36.64,  36.69,  36.61,    nan,    nan,  36.56,  36.58,  36.57,  36.56,  36.55,  36.57,  36.56,  36.56,  36.56,  36.57,  36.59
20161012, 0000,  , HU, 27.4N,  66.6W,  75,  976,  100,   90,   70,   90,   40,   30,   30,   30,   25,    0,    0,    0, -999,  36.64,  36.55,  36.49,  36.68,  36.73,  36.75,  36.73,  36.65,  36.61,  36.63,  36.67,  36.67,  36.59,  36.59,  36.65,  36.64,  36.60,    nan,    nan,  36.61,  36.57,  36.58,  36.61,  36.58,  36.54,  36.54,  36.55,  36.57,  36.56,  36.55,  36.56
20161012, 0600,  , HU, 27.6N,  66.8W,  85,  973,  100,   90,   70,   90,   40,   30,   30,   30,   25,    0,    0,    0, -999,  36.58,  36.54,  36.60,  36.73,  36.76,  36.66,  36.64,  36.51,  36.53,  36.66,  36.64,  36.77,  36.66,  36.69,  36.71,  36.75,  36.68,    nan,    nan,  36.64,  36.66,  36.62,  36.61,  36.62,  36.57,  36.55,  36.56,  36.60,  36.58,  36.56,  36.52
20161012, 1200,  , HU, 28.0N,  66.9W,  95,  969,  120,  120,   70,   90,   50,   50,   40,   40,   35,   35,   25,   25, -999,  36.68,  36.66,  36.67,  36.69,  36.63,  36.56,  36.61,  36.73,  36.71,  36.63,  36.60,  36.65,  36.62,  36.66,  36.67,  36.68,  36.68,    nan,    nan,  36.70,  36.73,  36.72,  36.68,  36.67,  36.56,  36.57,  36.55,  36.57,  36.56,  36.57,  36.55
20161012, 1800,  , HU, 28.7N,  66.8W, 105,  962,  140,  130,   90,  120,   70,   60,   40,   50,   35,   35,   25,   25, -999,  36.66,  36.53,  36.53,  36.54,  36.61,  36.62,  36.60,  36.72,  36.68,  36.67,  36.62,  36.58,  36.57,  36.57,  36.59,  36.54,  36.56,    nan,    nan,  36.48,  36.51,  36.52,  36.55,  36.59,  36.56,  36.52,  36.52,  36.55,  36.55,  36.56,  36.59
20161013, 0000,  , HU, 29.6N,  66.5W, 115,  954,  150,  150,   90,  150,   90,   90,   50,   90,   50,   60,   30,   50, -999,  36.58,  36.61,  36.60,  36.56,  36.56,  36.58,  36.61,  36.57,  36.59,  36.46,  36.43,  36.44,  36.44,  36.50,  36.54,  36.56,    nan,    nan,  36.48,  36.52,  36.64,  36.58,  36.54,  36.56,  36.57,  36.58,  36.73,  36.71,  36.67,  36.65,  36.64
20161013, 0600,  , HU, 30.6N,  66.2W, 120,  950,  150,  150,   90,  150,   90,   90,   50,   90,   70,   60,   45,   70, -999,  36.56,  36.56,  36.57,  36.56,  36.55,  36.54,  36.57,  36.58,  36.56,  36.63,  36.66,  36.67,  36.68,  36.67,  36.67,  36.58,    nan,    nan,  36.62,  36.63,  36.62,  36.61,  36.61,  36.62,  36.64,  36.64,  36.64,  36.63,  36.66,  36.67,  36.68
20161013, 1200,  , HU, 31.6N,  65.3W, 110,  956,  150,  180,   90,  150,   90,   90,   60,   90,   70,   60,   50,   70, -999,  36.65,  36.63,  36.76,  36.81,  36.81,  36.79,  36.77,  36.78,  36.71,  36.73,  36.83,  36.85,  36.88,  36.84,  36.81,  36.75,    nan,    nan,  36.65,  36.66,  36.65,  36.61,  36.46,  36.45,  36.46,  36.47,  36.57,  36.63,  36.65,  36.63,  36.65
20161013, 1500, R, HU, 32.3N,  64.7W, 105,  959,  150,  180,   90,  150,  100,  120,   60,   90,   70,   90,   50,   70, -999,  36.52,  36.47,  36.55,  36.58,  36.63,  36.67,  36.72,  36.74,  36.74,  36.69,  36.70,  36.64,  36.64,  36.64,  36.63,  36.63,    nan,    nan,  36.40,  36.40,  36.44,  36.42,  36.44,  36.46,  36.47,  36.45,  36.48,  36.53,  36.64,  36.69,  36.68
20161013, 1800,  , HU, 33.0N,  63.9W,  95,  962,  150,  180,   90,  150,  100,  120,   60,   90,   70,   90,   50,   70, -999,  36.42,  36.37,  36.40,  36.39,  36.40,  36.37,  36.45,  36.51,  36.58,  36.61,  36.49,  36.51,  36.52,  36.53,  36.49,  36.50,    nan,    nan,  36.57,  36.51,  36.50,  36.42,  36.42,  36.43,  36.38,  36.38,  36.38,  36.57,  36.58,  36.53,  36.54
20161014, 0000,  , HU, 34.0N,  62.1W,  85,  967,  180,  180,  120,  180,  100,  120,   80,   90,   70,   90,   50,   70, -999,  36.35,  36.40,  36.39,  36.43,  36.47,  36.50,  36.49,  36.49,  36.48,  36.44,  36.42,  36.41,  36.39,  36.41,  36.43,    nan,    nan,  36.41,  36.41,  36.40,  36.40,  36.39,  36.40,  36.39,  36.41,  36.38,  36.34,  36.35,  36.38,  36.42,  36.43
20161014, 0600,  , HU, 34.9N,  60.5W,  75,  972,  180,  180,  120,  180,   90,  120,   80,   90,   60,   60,   50,   70, -999,  36.47,  36.48,  36.46,  36.44,  36.42,  36.46,  36.47,  36.51,  36.47,  36.44,  36.40,  36.40,  36.43,  36.42,  36.40,    nan,    nan,  36.38,  36.40,  36.40,  36.40,  36.40,  36.40,  36.40,  36.38,  36.44,  36.42,  36.42,  36.40,  36.40,  36.41
20161014, 1200,  , HU, 35.6N,  58.9W,  70,  975,  240,  240,  180,  240,   90,  120,   80,   90,   60,   60,   50,   70, -999,  36.45,  36.41,  36.42,  36.44,  36.47,  36.42,  36.40,  36.40,  36.38,  36.47,  36.47,  36.44,  36.41,  36.38,  36.31,    nan,    nan,  36.37,  36.47,  36.39,  36.39,  36.42,  36.41,  36.40,  36.40,  36.40,  36.39,  36.39,  36.40,  36.41,  36.41
20161014, 1800,  , HU, 36.4N,  56.5W,  65,  977,  240,  240,  180,  240,   90,  120,   80,   90,   60,   60,   50,   70, -999,  36.38,  36.42,  36.41,  36.38,  36.40,  36.45,  36.49,  36.43,  36.37,  36.58,  36.59,  36.57,  36.48,  36.47,  36.46,    nan,    nan,  36.41,  36.42,  36.45,  36.47,  36.48,  36.49,  36.46,  36.40,  36.50,  36.45,  36.48,  36.46,  36.40,  36.39
20161015, 0000,  , HU, 37.2N,  54.2W,  65,  974,  240,  240,  180,  270,   90,  120,  150,  150,   30,   60,   50,   70, -999,  36.48,  36.48,  36.48,  36.48,  36.47,  36.42,  36.45,  36.44,  36.40,  36.43,  36.48,  36.47,  36.43,  36.43,    nan,    nan,  36.39,  36.43,  36.51,  36.43,  36.32,  35.93,  36.20,  36.38,  36.39,  36.43,  36.47,  36.47,  36.34,  36.42,  36.42
20161015, 0600,  , HU, 38.0N,  52.6W,  75,  965,  240,  270,  240,  270,   90,  120,  150,  150,   30,   60,   50,   70, -999,  36.49,  36.49,  36.47,  36.47,  36.34,  36.37,  36.29,  36.47,  36.42,  36.34,  36.38,  36.46,  36.46,  36.43,    nan,    nan,  36.44,  36.48,  36.44,  36.45,  36.51,  36.47,  36.50,  36.47,  36.47,  36.47,  36.45,  36.44,  36.43,  36.39,  36.43
20161015, 1200,  , HU, 38.7N,  51.1W,  75,  960,  360,  330,  240,  360,  150,  150,  150,  150,    0,   80,   80,   80, -999,  36.27,  36.29,  36.28,  36.29,  36.51,  36.44,  36.40,  36.18,  36.42,  36.40,  36.47,  36.44,  36.45,  36.44,    nan,    nan,  36.55,  36.50,  36.16,  36.20,  36.46,  36.46,  36.50,  36.48,  36.49,  36.48,  36.47,  36.37,  36.53,  36.45,  36.20
20161015, 1800,  , HU, 39.0N,  49.8W,  75,  961,  360,  300,  300,  360,  150,  120,  150,  150,    0,   80,   80,   80, -999,  36.36,  36.19,  36.25,  36.29,  36.35,  36.39,  36.34,  36.30,  36.25,  36.27,  35.97,  36.37,  36.28,  36.37,    nan,    nan,  36.35,  35.72,  35.88,  35.93,  35.86,  35.84,  35.80,  36.19,  35.79,  35.68,  35.77,  35.80,  35.83,  35.99,  35.93
20161016, 0000,  , HU, 39.3N,  48.7W,  75,  961,  360,  330,  300,  420,  150,  150,  180,  180,   60,   80,   80,   80, -999,  36.24,  35.96,  36.16,  36.41,  35.35,  35.73,  36.25,  35.39,  35.33,  35.84,  36.28,  36.00,  35.86,    nan,    nan,  35.66,  35.92,  36.04,  36.16,  36.01,  36.04,  35.75,  35.74,  35.70,  36.14,  36.09,  36.06,  36.33,  36.59,  36.41,  36.31
20161016, 0600,  , HU, 39.1N,  48.0W,  70,  962,  360,  330,  300,  420,  150,  150,  180,  180,   60,   80,   80,   80, -999,  35.73,  35.41,  35.65,  35.65,  35.83,  35.31,  35.10,  36.20,  35.63,  36.30,  35.95,  36.20,  36.12,    nan,    nan,  35.98,  36.43,  36.37,  36.09,  36.12,  36.24,  36.22,  35.86,  35.96,  35.72,  36.09,  36.39,  36.58,  36.41,  36.34,  36.27
20161016, 1200,  , HU, 38.9N,  47.2W,  70,  963,  360,  330,  300,  360,  150,  150,  180,  180,   60,   80,   80,   80, -999,  36.46,  36.59,  36.34,  36.51,  36.48,  36.34,  36.42,  36.44,  36.36,  36.35,  36.37,  36.40,  36.32,    nan,    nan,  36.34,  36.37,  36.29,  36.32,  36.33,  36.39,  36.37,  36.36,  36.33,  36.25,  36.21,  36.30,  36.32,  36.29,  36.32,  36.27
20161016, 1800,  , HU, 39.4N,  46.4W,  65,  964,  360,  330,  330,  360,  150,  150,  180,  180,   60,   80,   80,   70, -999,  36.33,  36.41,  36.40,  36.38,  36.27,  36.28,  36.15,  36.19,  36.26,  36.11,  36.28,  36.33,  36.31,    nan,    nan,  36.33,  36.33,  36.38,  36.44,  36.37,  36.35,  36.35,  36.34,  36.32,  36.34,  36.36,  36.32,  36.35,  36.27,  36.27,  36.28
20161017, 0000,  , HU, 40.1N,  45.8W,  65,  965,  360,  300,  330,  360,  150,  150,  120,  120,   60,   80,   80,   70, -999,  36.52,  35.98,  36.27,  36.43,  36.50,  36.41,  36.36,  36.31,  36.37,  36.30,  36.37,  36.45,    nan,    nan,  36.34,  36.29,  36.30,  36.27,  36.21,  36.25,  35.88,  35.62,  35.75,  36.13,  36.23,  36.35,  36.30,  36.14,  36.16,  36.01,  35.94
20161017, 0600,  , HU, 40.6N,  45.5W,  65,  965,  360,  300,  330,  300,  150,  150,  120,  120,   60,   80,   80,   70, -999,  35.87,  35.85,  35.38,  35.45,  35.37,  35.72,  35.39,  35.45,  35.59,  35.60,  35.80,  35.57,    nan,    nan,  35.72,  35.82,  35.73,  35.85,  35.68,  36.12,  36.21,  36.01,  36.00,  36.00,  36.20,  36.23,  36.18,  36.09,  36.02,  36.05,  36.06
20161017, 1200,  , HU, 40.9N,  45.1W,  65,  966,  360,  300,  330,  300,  150,  150,  120,  120,   60,   80,   80,   70, -999,  35.82,  35.78,  36.37,  35.89,  35.63,  35.80,  35.72,  35.76,  35.74,  35.43,  35.52,  35.37,    nan,    nan,  36.31,  36.23,  36.08,  36.43,  36.28,  36.18,  36.18,  36.24,  36.16,  36.18,  36.17,  36.18,  36.14,  36.13,  36.05,  35.87,  35.91
20161017, 1800,  , HU, 41.8N,  43.6W,  65,  966,  300,  300,  330,  300,  150,  150,  120,  120,   60,   80,   80,   70, -999,  35.45,  36.09,  35.98,  35.75,  35.70,  35.83,  36.12,  36.31,  36.37,  36.40,  36.40,  36.31,    nan,    nan,  36.20,  36.22,  36.28,  36.20,  36.07,  36.30,  36.23,  36.11,  36.09,  36.09,  36.18,  36.19,  36.25,  36.18,  36.20,  36.21,  36.24
20161018, 0000,  , TS, 43.5N,  41.9W,  60,  966,  270,  300,  330,  180,  120,  150,  150,   60,    0,    0,    0,    0, -999,  35.70,  35.52,  35.75,  36.05,  35.62,  36.01,  35.96,  35.39,  34.94,  35.40,  35.04,    nan,    nan,  35.64,  35.62,  35.63,  35.94,  35.90,  35.81,  35.83,  35.85,  35.94,  36.11,  36.12,  36.03,  35.89,  35.62,  35.22,  35.43,  35.66,  36.62
20161018, 0600,  , TS, 45.6N,  39.7W,  55,  966,  270,  300,  300,  150,  120,  150,  150,    0,    0,    0,    0,    0, -999,  34.91,  35.59,  35.55,  35.53,  35.51,  35.45,  35.62,  35.57,  35.57,  35.59,  35.50,    nan,    nan,  35.55,  35.67,  35.71,  35.62,  35.57,  35.54,  35.57,  35.60,  35.48,  35.48,  35.66,  35.59,  35.85,  35.88,  35.76,  35.75,  35.65,  35.61
20161018, 1200,  , EX, 49.0N,  38.5W,  55,  966,  270,  300,  300,  150,  120,  150,  150,    0,    0,    0,    0,    0, -999,  35.07,  34.89,  34.94,  34.99,  34.93,  34.99,  35.08,  35.12,  35.14,  35.09,  35.03,    nan,    nan,  34.34,  34.70,  34.71,  34.62,  34.70,  34.77,  35.05,  35.06,  34.94,  34.83,  34.89,  34.56,  34.75,  34.85,  34.64,  34.61,  34.49,  34.48
20161018, 1800,  , EX, 53.0N,  38.5W,  50,  967,  270,  300,  300,  150,  120,  150,  150,    0,    0,    0,    0,    0, -999,  34.48,  34.47,  34.47,  34.51,  34.53,  34.55,  34.55,  34.55,  34.53,  34.50,  34.51,    nan,    nan,  34.54,  34.53,  34.54,  34.53,  34.54,  34.54,  34.57,  34.58,  34.58,  34.58,  34.58,  34.58,  34.57,  34.60,  34.59,  34.59,  34.58,  34.57
20161019, 0000,  , EX, 55.1N,  38.0W,  50,  968,  270,  300,  300,  150,  120,  150,  150,    0,    0,    0,    0,    0, -999,  34.69,  34.69,  34.69,  34.69,  34.70,  34.70,  34.69,  34.69,  34.69,  34.69,    nan,    nan,  34.69,  34.68,  34.68,  34.68,  34.67,  34.66,  34.66,  34.67,  34.67,  34.67,  34.67,  34.67,  34.68,  34.68,  34.69,  34.69,  34.68,  34.68,  34.68
20161019, 0600,  , EX, 57.0N,  37.0W,  50,  969,  270,  300,  300,  150,  120,  150,  150,    0,    0,    0,    0,    0, -999,  34.76,  34.75,  34.75,  34.74,  34.74,  34.75,  34.74,  34.73,  34.74,  34.74,    nan,    nan,  34.73,  34.73,  34.73,  34.72,  34.72,  34.71,  34.72,  34.73,  34.75,  34.75,  34.74,  34.75,  34.74,  34.70,  34.68,  34.67,  34.69,  34.70,  34.69
20161019, 1200,  , EX, 59.0N,  36.5W,  50,  969,  270,  300,  300,  150,  120,  150,  150,    0,    0,    0,    0,    0, -999,  34.83,  34.80,  34.83,  34.83,  34.82,  34.81,  34.78,  34.79,  34.81,  34.81,    nan,    nan,  34.83,  34.82,  34.82,  34.81,  34.80,  34.80,  34.81,  34.81,  34.82,  34.82,  34.82,  34.82,  34.83,  34.82,  34.82,  34.83,  34.83,  34.83,  34.83
