AL152017,              MARIA,     68,
20170916, 1200,  , TD, 12.2N,  49.7W,  30, 1006,    0,    0,    0,    0,    0,    0,    0,    0,    0,    0,    0,    0, -999,  27.68,  28.20,  28.92,  29.10,  29.22,  29.07,  28.95,  28.94,  28.57,  28.84,  28.70,  28.98,  29.01,  29.20,  28.38,  27.78,  28.76,  28.87,  28.09,  27.89,  28.51,  28.01,  28.23,  28.72,  28.48,  28.59,    nan,  28.67,  28.81,  28.85,  28.89
20170916, 1800,  , TS, 12.2N,  51.7W,  40, 1004,   40,    0,    0,   40,    0,    0,    0,    0,    0,    0,    0,    0, -999,  27.90,  28.07,  28.56,  29.03,  29.08,  28.84,  27.85,  28.90,  29.01,  28.80,  28.98,  28.81,  28.34,  28.24,  28.38,  28.70,  28.69,  28.67,  28.66,  28.26,  28.99,  29.01,  29.03,  29.06,  28.95,  28.93,    nan,  28.95,  28.82,  29.17,  28.72
20170917, 0000,  , TS, 12.4N,  53.1W,  45, 1002,   40,   30,    0,   40,    0,    0,    0,    0,    0,    0,    0,    0, -999,  28.28,  28.55,  29.55,  29.47,  29.71,  28.64,  29.26,  29.58,  29.26,  29.62,  28.97,  28.74,  28.38,  28.79,  28.79,  29.03,  29.04,  28.83,  28.98,  29.04,  29.28,  29.21,  28.86,  28.93,  28.91,    nan,  28.80,  28.75,  28.91,  28.90,  29.12
20170917, 0600,  , TS, 12.8N,  54.4W,  55,  994,   50,   40,    0,   50,   20,   20,    0,   20,    0,    0,    0,    0, -999,  27.89,  28.35,  29.06,  29.12,  29.21,  28.83,  28.57,  29.13,  29.23,  29.28,  28.96,  29.00,  29.03,  28.98,  29.07,  29.05,  28.74,  28.43,  28.40,  28.30,  28.73,  28.69,  28.89,  28.50,  28.32,    nan,  28.39,  28.48,  28.99,  28.86,  28.93
20170917, 1200,  , TS, 13.3N,  55.7W,  60,  990,   60,   40,   30,   50,   30,   20,    0,   20,    0,    0,    0,    0, -999,  28.01,  28.30,  28.78,  29.27,  28.45,  28.63,  28.33,  28.67,  29.27,  29.12,  28.97,  29.16,  28.08,  28.57,  28.93,  29.22,  29.06,  28.72,  28.85,  28.66,  28.92,  29.17,  28.89,  28.80,  28.39,    nan,  28.18,  28.29,  28.62,  28.85,  29.00
20170917, 1800,  , HU, 13.6N,  57.0W,  65,  986,   70,   60,   40,   60,   30,   20,    0,   20,   15,    0,    0,   10, -999,  28.35,  28.63,  28.53,  28.89,  28.96,  29.32,  28.98,  28.86,  29.00,  29.10,  29.05,  28.82,  28.40,  28.45,  28.88,  28.71,  28.77,  28.29,  28.48,  28.31,  28.32,  28.47,  28.17,  28.44,  28.22,    nan,  28.21,  28.25,  28.65,  28.71,  28.70
20170918, 0000,  , HU, 14.0N,  58.0W,  75,  979,   90,   60,   40,   70,   30,   20,   20,   20,   15,   10,   10,   10, -999,  28.53,  28.25,  29.05,  28.77,  29.02,  28.75,  28.93,  28.99,  29.17,  29.30,  28.82,  28.60,  28.61,  29.01,  29.01,  29.02,  28.38,  28.52,  28.67,  28.53,  28.47,  28.11,  28.19,  27.87,    nan,  27.79,  27.92,  28.24,  28.25,  28.04,  28.37
20170918, 0600,  , HU, 14.3N,  59.0W,  80,  977,   90,   60,   40,   70,   30,   20,   20,   30,   15,   10,   10,   10, -999,  29.21,  28.83,  29.39,  29.01,  29.02,  29.24,  29.24,  29.29,  29.20,  29.34,  28.86,  29.15,  28.34,  29.16,  29.15,  29.02,  28.66,  29.06,  28.73,  28.55,  28.74,  28.14,  27.97,  27.81,    nan,  28.06,  29.05,  29.02,  28.74,  28.63,  28.36
20170918, 1200,  , HU, 14.5N,  59.7W, 100,  967,  110,   90,   70,   90,   30,   30,   30,   30,   15,   15,   15,   15, -999,  28.98,  29.08,  29.59,  29.28,  29.35,  29.52,  29.23,  29.21,  29.08,  29.23,  28.88,  29.09,  28.61,  29.12,  29.25,  29.05,  28.79,  28.69,  28.53,  28.41,  28.60,  28.74,  28.59,  28.26,    nan,  28.17,  28.23,  28.19,  28.10,  28.42,  28.40
20170918, 1800,  , HU, 14.9N,  60.4W, 110,  956,  110,   90,   80,   90,   30,   30,   30,   30,   20,   15,   15,   20, -999,  29.41,  29.21,  29.25,  29.24,  29.17,  29.40,  29.37,  29.31,  29.33,  29.22,  29.05,  29.08,  29.17,  29.16,  29.22,  29.12,  28.87,  29.03,  28.72,  28.77,  28.79,  29.06,  28.55,  28.52,    nan,  28.58,  28.74,  28.46,  28.05,  28.46,  28.38
20170919, 0000,  , HU, 15.3N,  61.1W, 145,  924,  110,  110,   80,   90,   40,   40,   30,   40,   25,   25,   20,   25, -999,  29.03,  29.21,  29.14,  29.03,  29.05,  29.29,  29.15,  29.20,  29.18,  29.13,  29.24,  29.05,  29.16,  29.14,  29.07,  29.05,  29.06,  28.82,  28.83,  29.14,  29.06,  28.99,  28.97,    nan,  29.36,  29.32,  29.00,  28.62,  28.81,  28.58,  28.52
20170919, 0115, L, HU, 15.4N,  61.3W, 145,  922,  110,  110,   80,   90,   40,   40,   30,   40,   25,   25,   20,   25, -999,    nan,    nan,    nan,    nan,    nan,    nan,    nan,    nan,    nan,    nan,    nan,    nan,    nan,    nan,    nan,    nan,    nan,    nan,    nan,    nan,    nan,    nan,    nan,    nan,    nan,    nan,    nan,    nan,    nan,    nan,    nan
20170919, 0600,  , HU, 15.7N,  61.9W, 135,  940,  110,  110,   80,  100,   50,   50,   30,   50,   25,   25,   20,   25, -999,  28.82,  29.19,  29.37,  29.06,  28.98,  28.89,  29.42,  29.65,  29.63,  29.43,  29.23,  29.22,  29.49,  29.61,  29.41,  29.38,  28.89,  28.68,  28.77,  29.08,  29.34,  28.94,  29.01,    nan,  29.11,  28.90,  28.68,  28.59,  28.71,  28.66,  28.78
20170919, 1200,  , HU, 16.1N,  62.7W, 140,  931,  120,  110,   80,  100,   80,   50,   40,   80,   25,   25,   20,   30, -999,  29.38,  29.30,  29.42,  29.09,  29.06,  28.96,  29.50,  29.63,  29.50,  29.42,  29.00,  29.16,  29.76,  29.56,  29.51,  29.23,  29.06,  28.20,  28.78,  29.19,  29.04,  28.98,  28.80,    nan,  29.00,  29.23,  29.20,  29.01,  29.17,  29.09,  29.09
20170919, 1800,  , HU, 16.6N,  63.5W, 145,  920,  120,  110,   80,  100,   80,   60,   60,   80,   30,   30,   30,   30, -999,  29.25,  29.04,  29.41,  29.05,  28.96,  28.89,  29.49,  29.62,  29.44,  29.00,  29.02,  29.15,  29.66,  29.54,  29.61,  29.40,  28.90,  27.73,  28.32,  28.66,  28.52,  28.73,  28.67,    nan,  28.97,  28.96,  28.96,  28.72,  28.77,  28.81,  28.84
20170920, 0000,  , HU, 17.0N,  64.3W, 150,  909,  130,  110,  100,  110,   80,   70,   60,   80,   50,   45,   35,   40, -999,  28.47,  29.19,  29.15,  28.92,  28.91,  29.30,  29.34,  29.51,  29.23,  29.14,  29.01,  28.91,  28.95,  28.94,  28.98,  28.11,  27.37,  27.60,  28.14,  28.67,  28.84,  28.66,    nan,  29.04,  28.92,  28.79,  28.51,  28.71,  28.87,  29.06,  28.98
20170920, 0300, I, HU, 17.3N,  64.7W, 150,  908,  130,  110,  100,  110,   80,   70,   60,   80,   50,   45,   35,   40, -999,  28.69,  29.44,  29.25,  29.09,  28.92,  28.83,  28.82,  29.24,  29.02,  28.81,  28.88,  28.99,  29.07,  29.08,  29.02,  28.46,  27.57,  28.08,  28.35,  28.89,  28.96,  28.73,    nan,  28.85,  29.02,  28.86,  28.49,  28.62,  28.81,  28.98,  28.77
20170920, 0600,  , HU, 17.6N,  65.1W, 140,  913,  130,  110,  100,  110,   80,   70,   60,   80,   50,   45,   35,   40, -999,  28.79,  29.39,  29.24,  29.39,  29.18,  28.97,  29.01,  29.56,  29.31,  29.40,  28.85,  28.64,  28.76,  28.98,  28.99,  28.43,  27.76,  27.60,  28.00,  28.83,  28.93,  28.63,    nan,  28.52,  28.79,  28.70,  28.34,  28.27,  28.44,  28.73,  28.68
20170920, 1015, L, HU, 18.0N,  65.9W, 135,  920,  130,  110,  100,  110,   80,   70,   60,   80,   50,   45,   35,   40,   15,    nan,    nan,    nan,    nan,    nan,    nan,    nan,    nan,    nan,    nan,    nan,    nan,    nan,    nan,    nan,    nan,    nan,    nan,    nan,    nan,    nan,    nan,    nan,    nan,    nan,    nan,    nan,    nan,    nan,    nan,    nan
20170920, 1200,  , HU, 18.2N,  66.2W, 115,  935,  130,  110,  100,  110,   80,   70,   60,   80,   50,   45,   35,   40, -999,    nan,    nan,    nan,    nan,    nan,    nan,    nan,    nan,    nan,    nan,    nan,    nan,    nan,    nan,    nan,    nan,    nan,    nan,    nan,    nan,    nan,    nan,    nan,    nan,    nan,    nan,    nan,    nan,    nan,    nan,    nan
20170920, 1800,  , HU, 18.6N,  67.0W,  95,  959,  130,  110,  100,  110,   70,   70,   60,   70,   50,   45,   35,   40, -999,  28.45,  29.01,  29.12,  28.61,  29.09,  28.84,  28.64,  28.89,  28.87,  29.52,  29.10,  29.37,  29.14,  29.52,  29.00,  29.03,  28.31,  27.27,  27.08,  27.66,  27.76,  27.82,    nan,  27.79,  28.09,  27.90,  28.13,  28.55,  28.64,  28.70,  28.79
20170921, 0000,  , HU, 19.0N,  67.6W,  95,  958,  130,  110,  110,  110,   70,   70,   60,   70,   50,   30,   40,   40, -999,  29.29,  29.39,  27.74,  28.79,  29.12,  28.91,  29.19,  28.96,  28.70,  28.67,  29.50,  29.36,  29.57,  28.76,  29.00,  27.18,  25.80,  26.55,  26.76,  27.16,  27.16,    nan,  27.90,  28.26,  28.03,  28.12,  28.28,  28.67,  28.96,  28.70,  28.61
20170921, 0600,  , HU, 19.4N,  68.2W, 100,  959,  130,  110,  110,  110,   70,   70,   60,   70,   50,   30,   40,   40, -999,  29.48,  29.50,  28.44,  28.83,  28.90,  28.37,  28.27,  28.11,  28.63,  28.48,  28.75,  29.10,  28.99,  28.91,  28.95,  27.73,  26.05,  26.65,  27.39,  28.24,  28.06,    nan,  28.39,  28.42,  28.13,  28.47,  28.50,  28.35,  28.51,  28.13,  28.30
20170921, 1200,  , HU, 19.9N,  68.8W, 100,  959,  130,  110,  110,  110,   80,   80,   60,   80,   50,   50,   40,   50, -999,  29.51,  29.55,  28.55,  28.20,  28.18,  27.94,  28.45,  28.35,  28.65,  28.75,  29.14,  28.87,  28.86,  29.00,  29.22,  28.08,  26.50,  27.50,  27.87,  27.96,  27.74,    nan,  28.25,  28.01,  27.86,  28.28,  28.40,  28.35,  28.59,  28.24,  28.33
20170921, 1800,  , HU, 20.5N,  69.5W, 105,  960,  140,  130,  110,  110,   90,   80,   60,   80,   60,   50,   40,   50, -999,  29.45,  29.71,  28.63,  28.42,  28.25,  27.77,  28.07,  28.37,  28.42,  28.31,  28.79,  28.56,  28.51,  29.28,  29.34,  28.69,  27.45,  26.88,  27.63,  27.59,  27.65,    nan,  27.87,  27.83,  28.02,  28.02,  28.06,  27.88,  28.50,  28.32,  28.19
20170922, 0000,  , HU, 20.8N,  70.0W, 110,  953,  140,  120,  100,  120,   90,   80,   60,   80,   60,   50,   40,   50, -999,  29.50,  29.00,  29.02,  29.25,  28.85,  28.53,  28.63,  29.12,  29.23,  29.17,  29.05,  28.60,  28.83,  28.62,  28.38,  27.64,  27.77,  27.64,  27.82,  27.68,    nan,  27.95,  27.78,  28.07,  27.87,  27.74,  27.54,  27.82,  27.98,  27.90,  27.88
20170922, 0600,  , HU, 21.2N,  70.5W, 110,  959,  140,  120,  100,  130,   90,   80,   60,   80,   60,   50,   40,   50, -999,  29.56,  28.39,  28.77,  28.79,  28.39,  28.39,  28.26,  28.36,  28.51,  28.88,  28.65,  28.34,  28.36,  28.55,  28.56,  28.33,  27.66,  28.42,  28.62,  28.83,    nan,  28.36,  28.76,  28.22,  28.02,  28.11,  27.65,  27.87,  27.84,  27.55,  27.63
20170922, 1200,  , HU, 21.9N,  70.9W, 110,  958,  140,  120,  100,  130,   90,   80,   60,   90,   60,   40,   40,   40, -999,  29.73,  27.80,  28.37,  28.65,  27.64,  28.55,  28.63,  28.78,  29.08,  28.82,  28.88,  28.98,  28.92,  28.62,  28.88,  28.24,  27.55,  28.43,  28.99,  29.10,    nan,  28.02,  28.37,  28.28,  27.97,  27.79,  28.09,  27.82,  27.79,  27.87,  27.80
20170922, 1800,  , HU, 22.8N,  71.2W, 110,  959,  140,  130,  100,  120,   80,   60,   60,   70,   50,   40,   35,   30, -999,  29.69,  28.23,  28.25,  29.48,  28.29,  28.69,  28.57,  28.17,  28.65,  28.67,  28.41,  28.33,  29.38,  28.75,  29.45,  28.88,  28.12,  27.63,  28.18,  27.81,    nan,  28.43,  28.24,  27.91,  27.75,  27.79,  28.05,  27.96,  27.71,  27.68,  28.13
20170923, 0000,  , HU, 23.7N,  71.6W, 105,  953,  160,  130,  100,  120,   80,   60,   60,   70,   50,   40,   35,   30, -999,  29.34,  28.46,  29.77,  29.09,  29.78,  29.77,  29.57,  29.41,  28.67,  29.11,  28.91,  29.36,  28.83,  29.43,  28.84,  28.23,  27.59,  27.77,  27.34,    nan,  28.41,  28.65,  28.15,  27.98,  27.93,  28.14,  28.25,  28.34,  28.10,  27.75,  27.72
20170923, 0600,  , HU, 24.4N,  71.9W, 100,  952,  170,  170,  100,  120,   90,   90,   60,   70,   50,   40,   35,   30, -999,  29.44,  29.12,  29.57,  29.58,  29.36,  29.31,  29.09,  29.13,  28.94,  29.53,  29.41,  29.71,  29.20,  29.61,  29.71,  28.56,  25.82,  26.97,  27.98,    nan,  28.80,  28.97,  28.62,  28.75,  28.96,  28.68,  28.87,  29.07,  28.88,  28.72,  28.61
20170923, 1200,  , HU, 25.1N,  72.1W, 100,  952,  170,  170,  100,  150,   90,   90,   60,   70,   50,   40,   35,   40, -999,  29.29,  28.77,  28.77,  29.21,  29.05,  29.04,  28.86,  28.84,  26.66,  29.05,  28.82,  29.60,  28.89,  29.26,  29.39,  28.95,  25.15,  24.94,  26.77,    nan,  27.70,  27.70,  27.57,  27.44,  27.81,  28.10,  27.92,  27.67,  27.63,  27.08,  27.45
20170923, 1800,  , HU, 25.9N,  72.3W, 100,  952,  210,  200,  100,  150,   90,   80,   60,   80,   50,   40,   35,   45, -999,  29.69,  29.53,  29.70,  29.71,  29.26,  29.52,  29.70,  29.10,  26.80,  28.63,  28.70,  29.25,  28.67,  28.88,  29.44,  29.00,  25.44,  25.32,  26.72,    nan,  26.75,  26.83,  26.76,  27.16,  27.53,  28.21,  28.38,  27.81,  27.61,  27.00,  26.91
20170924, 0000,  , HU, 26.6N,  72.4W, 100,  945,  210,  200,  100,  150,  100,   80,   60,   80,   50,   40,   35,   45, -999,  29.63,  29.60,  29.54,  29.54,  29.26,  29.59,  29.63,  29.14,  28.92,  28.97,  29.60,  28.77,  28.75,  29.41,  28.93,  25.31,  24.17,  25.95,    nan,  26.48,  26.44,  26.51,  26.55,  26.83,  27.37,  27.27,  27.11,  26.78,  26.70,  26.20,  27.08
20170924, 0600,  , HU, 27.5N,  72.6W,  95,  942,  210,  200,  120,  160,  100,   80,   60,   80,   50,   40,   35,   45, -999,  29.76,  29.35,  29.58,  29.69,  29.68,  29.59,  29.44,  29.15,  28.76,  28.83,  29.09,  28.09,  28.04,  29.44,  28.74,  25.15,  25.27,  25.38,    nan,  26.51,  26.52,  26.76,  26.56,  26.13,  27.11,  26.69,  26.75,  27.20,  27.86,  27.12,  26.69
20170924, 1200,  , HU, 28.4N,  72.8W,  95,  947,  210,  200,  120,  160,  100,   80,   60,   80,   50,   40,   35,   45, -999,  29.35,  29.19,  29.62,  29.38,  29.59,  29.49,  29.41,  29.29,  28.51,  28.88,  28.98,  28.53,  27.98,  28.62,  28.83,  27.15,  27.09,  25.51,    nan,  27.39,  27.83,  27.11,  27.60,  27.46,  26.94,  27.35,  27.25,  27.13,  26.98,  26.82,  27.22
20170924, 1800,  , HU, 29.1N,  72.9W,  90,  943,  200,  200,  140,  160,  100,  100,   70,   90,   50,   40,   35,   45, -999,  29.54,  29.26,  29.14,  29.10,  29.45,  29.50,  29.35,  29.37,  28.70,  28.98,  28.38,  28.17,  27.51,  28.92,  28.36,  27.72,  26.97,  25.65,    nan,  27.45,  27.50,  27.24,  28.29,  27.86,  27.38,  27.36,  28.13,  28.13,  28.16,  27.58,  27.40
20170925, 0000,  , HU, 29.7N,  72.9W,  85,  947,  200,  200,  140,  160,  100,  100,   70,   90,   50,   40,   35,   45, -999,  29.32,  29.11,  29.37,  29.18,  29.33,  29.34,  29.38,  28.76,  27.41,  27.35,  27.24,  26.91,  27.08,  27.07,  26.66,  25.21,  24.63,    nan,  25.46,  25.17,  24.79,  25.85,  26.70,  27.74,  27.58,  28.18,  27.89,  27.21,  27.02,  27.12,  27.09
20170925, 0600,  , HU, 30.3N,  72.9W,  75,  954,  200,  200,  160,  170,  100,  100,   90,   90,   60,   60,    0,    0, -999,  29.48,  29.16,  28.85,  28.99,  29.48,  29.57,  29.51,  28.32,  27.01,  27.56,  27.25,  27.37,  27.36,  27.65,  26.73,  24.75,  24.32,    nan,  24.67,  24.45,  23.17,  24.60,  24.46,  24.22,  24.06,  26.06,  26.90,  26.89,  26.75,  27.09,  27.06
20170925, 1200,  , HU, 30.8N,  73.0W,  70,  961,  200,  200,  160,  160,  120,  120,   90,   90,   80,   80,    0,    0, -999,  28.39,  28.44,  28.66,  29.11,  29.21,  29.35,  29.49,  28.69,  27.90,  28.26,  28.27,  27.73,  27.53,  27.94,  26.95,  25.74,  24.36,    nan,  25.40,  24.48,  23.55,  24.31,  24.30,  24.25,  24.19,  24.88,  24.74,  26.69,  26.51,  26.85,  27.02
20170925, 1800,  , HU, 31.4N,  73.1W,  70,  966,  180,  180,  160,  160,  120,  120,   90,   90,   90,   90,    0,    0, -999,  28.27,  27.93,  28.11,  27.97,  27.59,  27.43,  28.05,  28.15,  26.98,  27.65,  27.49,  27.69,  27.60,  27.61,  27.55,  27.08,  25.38,    nan,  27.24,  26.90,  26.25,  26.80,  26.50,  25.84,  24.53,  24.27,  24.70,  24.73,  26.18,  26.55,  26.30
20170926, 0000,  , HU, 32.0N,  73.1W,  70,  966,  180,  180,  160,  160,  120,  120,   90,   90,   90,   90,    0,    0, -999,  28.07,  28.30,  28.21,  27.92,  27.59,  28.07,  27.83,  25.93,  26.88,  27.32,  27.61,  27.26,  27.37,  27.65,  27.19,  25.86,    nan,  26.68,  26.53,  25.71,  25.80,  26.52,  26.50,  26.26,  25.97,  26.15,  25.69,  26.24,  26.03,  26.05,  25.98
20170926, 0600,  , HU, 32.6N,  73.1W,  65,  970,  200,  210,  160,  160,  120,  120,   90,   90,   90,   90,    0,    0, -999,  27.78,  27.38,  26.90,  27.01,  26.60,  27.19,  27.72,  26.84,  26.45,  26.42,  26.88,  26.67,  26.39,  26.64,  26.24,  24.84,    nan,  25.18,  25.27,  24.94,  25.45,  26.34,  26.47,  26.30,  25.68,  24.69,  25.65,  26.04,  26.56,  26.09,  26.42
20170926, 1200,  , HU, 33.3N,  73.1W,  65,  970,  200,  210,  160,  160,  120,  120,   90,   90,   90,   90,    0,    0, -999,  25.98,  26.55,  26.05,  25.58,  25.44,  26.88,  26.72,  26.58,  24.73,  25.84,  25.24,  24.77,  25.31,  26.33,  25.32,  24.45,    nan,  24.54,  24.52,  24.59,  25.11,  24.70,  24.72,  24.76,  24.65,  24.30,  24.68,  24.68,  24.57,  24.69,  24.16
20170926, 1800,  , HU, 33.9N,  73.1W,  65,  975,  200,  200,  160,  160,  120,  120,   80,  100,   90,   90,    0,   90, -999,  26.77,  26.35,  25.95,  26.26,  26.39,  26.27,  26.82,  26.42,  23.65,  24.93,  25.33,  24.89,  24.40,  24.62,  25.08,  24.75,    nan,  24.02,  24.54,  24.72,  24.96,  24.54,  24.27,  24.19,  24.45,  24.55,  24.27,  24.59,  24.62,  24.38,  24.83
20170927, 0000,  , HU, 34.4N,  73.0W,  65,  975,  200,  200,  160,  160,  120,  120,   80,  100,   90,   90,    0,   90, -999,  26.27,  26.45,  26.03,  26.64,  26.62,  26.84,  25.51,  23.80,  25.36,  25.67,  24.93,  24.89,  25.70,  24.86,  24.83,    nan,  24.78,  24.70,  24.96,  24.50,  24.48,  24.17,  24.25,  24.61,  24.41,  24.04,  24.33,  25.44,  25.30,  25.45,  25.65
20170927, 0600,  , HU, 34.9N,  72.9W,  65,  976,  200,  200,  160,  150,  120,  120,    0,  100,   90,    0,    0,   90, -999,  26.48,  26.39,  25.91,  26.93,  26.74,  26.23,  26.11,  24.36,  25.36,  25.93,  25.46,  25.63,  25.04,  24.95,  25.59,    nan,  25.81,  25.69,  25.04,  24.65,  24.40,  24.02,  24.55,  24.79,  24.28,  24.64,  25.59,  26.32,  25.75,  25.97,  26.33
20170927, 1200,  , HU, 35.4N,  72.8W,  65,  977,  200,  200,  160,  150,  120,  120,    0,  100,   90,    0,    0,   90, -999,  27.12,  27.18,  27.32,  27.38,  27.01,  26.82,  27.01,  25.82,  25.38,  26.04,  26.13,  26.27,  25.91,  26.09,  26.85,    nan,  26.78,  26.31,  26.05,  25.21,  24.91,  24.91,  24.89,  25.06,  25.20,  26.97,  27.49,  27.23,  26.46,  26.20,  26.43
20170927, 1800,  , HU, 36.0N,  72.6W,  65,  979,  200,  200,  160,  150,  120,  120,    0,  100,   90,    0,    0,   90, -999,  27.21,  27.40,  27.26,  27.27,  26.99,  26.73,  26.45,  25.30,  24.48,  25.37,  26.12,  26.18,  25.88,  25.67,  25.75,    nan,  25.74,  25.82,  25.41,  25.60,  25.19,  24.49,  24.78,  24.74,  25.18,  26.78,  27.46,  27.46,  27.46,  26.72,  26.84
20170928, 0000,  , HU, 36.6N,  72.2W,  65,  979,  200,  200,  160,  150,  120,  120,    0,  100,   90,    0,    0,   90, -999,  27.95,  27.87,  27.95,  27.20,  27.38,  27.70,  26.20,  26.41,  27.55,  27.69,  27.19,  26.49,  26.00,  25.79,    nan,  25.46,  25.54,  25.18,  25.70,  25.46,  26.02,  26.47,  26.32,  25.71,  26.15,  26.94,  27.27,  27.41,  27.78,  27.12,  26.94
20170928, 0600,  , TS, 36.7N,  71.3W,  60,  982,  180,  210,  160,  150,   90,   90,   70,   80,    0,    0,    0,    0, -999,  27.50,  27.92,  27.79,  27.34,  27.44,  27.40,  26.41,  24.77,  26.02,  27.12,  27.01,  26.37,  26.08,  25.84,    nan,  25.46,  25.49,  25.30,  24.98,  24.57,  25.04,  25.67,  26.58,  26.29,  25.17,  25.56,  26.38,  25.90,  26.93,  26.67,  27.17
20170928, 1200,  , TS, 36.8N,  70.0W,  60,  982,  180,  210,  160,  150,   90,   90,   70,   80,    0,    0,    0,    0, -999,  26.14,  26.75,  27.21,  26.82,  27.58,  27.69,  26.76,  25.62,  25.71,  26.06,  25.43,  25.08,  25.22,  26.51,    nan,  26.35,  25.56,  25.48,  24.87,  24.55,  24.81,  24.16,  24.29,  24.62,  25.58,  25.95,  26.08,  25.89,  25.79,  25.49,  25.49
20170928, 1800,  , TS, 36.8N,  68.6W,  55,  985,  180,  210,  160,  150,   90,   90,   70,   80,    0,    0,    0,    0, -999,  26.16,  26.26,  26.15,  26.45,  26.43,  26.56,  25.84,  25.94,  26.43,  25.78,  25.58,  25.37,  24.62,  25.14,    nan,  25.49,  25.84,  25.42,  25.26,  25.26,  25.09,  25.19,  25.11,  25.20,  25.14,  24.96,  25.80,  25.42,  25.75,  25.18,  25.50
20170929, 0000,  , TS, 36.9N,  66.8W,  55,  985,  180,  200,  160,  150,   90,   90,   70,   80,    0,    0,    0,    0, -999,  26.66,  26.92,  27.01,  26.78,  26.79,  26.50,  26.97,  26.35,  25.96,  25.51,  25.20,  24.84,  25.41,    nan,  26.16,  26.03,  26.15,  25.51,  25.43,  25.54,  25.52,  25.23,  25.40,  25.08,  24.67,  25.39,  25.33,  25.50,  25.46,  25.21,  24.88
20170929, 0600,  , TS, 37.0N,  64.6W,  50,  987,  100,  210,  220,  180,    0,   90,  100,    0,    0,    0,    0,    0, -999,  26.13,  25.95,  26.12,  26.37,  27.25,  26.82,  27.10,  26.97,  27.31,  27.35,  26.96,  26.86,  27.52,    nan,  26.86,  27.20,  26.20,  26.25,  26.57,  26.45,  26.25,  26.00,  25.76,  26.35,  25.41,  25.98,  25.48,  26.17,  25.85,  25.17,  25.64
20170929, 1200,  , TS, 37.0N,  62.0W,  50,  988,  100,  210,  220,  180,    0,   90,  100,    0,    0,    0,    0,    0, -999,  26.21,  26.09,  26.14,  25.68,  26.01,  26.38,  26.13,  25.87,  26.21,  26.61,  26.32,  26.82,  26.58,    nan,  26.78,  26.73,  26.39,  25.49,  25.73,  25.92,  25.29,  25.19,  25.40,  24.85,  24.95,  25.85,  25.77,  25.93,  25.77,  25.80,  26.06
20170929, 1800,  , TS, 37.4N,  59.0W,  50,  988,  100,  220,  220,  180,    0,  100,  100,    0,    0,    0,    0,    0, -999,  24.85,  24.88,  24.25,  24.92,  24.65,  24.12,  24.95,  25.08,  24.67,  24.27,  25.06,  25.17,  24.89,    nan,  24.44,  24.72,  25.01,  25.26,  25.09,  24.57,  23.93,  23.86,  24.06,  23.83,  23.78,  23.38,  24.06,  24.09,  24.24,  24.00,  23.49
20170930, 0000,  , TS, 38.1N,  55.6W,  50,  988,  100,  220,  220,  180,    0,  100,  100,    0,    0,    0,    0,    0, -999,  25.15,  24.62,  25.10,  25.52,  24.55,  25.16,  25.47,  25.45,  24.43,  24.21,  25.02,  25.02,    nan,  24.52,  25.99,  26.12,  25.60,  25.87,  25.57,  25.38,  24.53,  24.53,  25.44,  25.10,  25.43,  25.02,  25.65,  25.09,  24.84,  24.94,  24.95
20170930, 0600,  , TS, 39.1N,  52.2W,  50,  988,  110,  200,  200,  180,    0,  100,  100,    0,    0,    0,    0,    0, -999,  24.90,  25.30,  24.80,  24.39,  25.13,  24.77,  24.97,  24.92,  24.83,  24.96,  24.83,  24.65,    nan,  24.32,  25.23,  25.70,  25.82,  25.25,  24.65,  24.80,  23.94,  24.62,  24.26,  24.47,  24.12,  24.53,  25.00,  24.17,  24.15,  23.87,  24.37
20170930, 1200,  , TS, 40.0N,  48.8W,  50,  988,  110,  200,  200,  180,    0,  100,  100,    0,    0,    0,    0,    0, -999,  25.62,  24.91,  25.43,  25.25,  24.44,  25.23,  24.89,  25.03,  24.34,  24.55,  24.60,  24.49,    nan,  24.82,  25.27,  25.38,  24.90,  24.81,  24.60,  24.38,  23.80,  24.00,  23.23,  23.00,  23.84,  23.30,  23.80,  24.11,  23.84,  23.89,  23.78
20170930, 1800,  , EX, 41.2N,  45.6W,  45,  991,  110,  200,  200,  150,    0,    0,    0,    0,    0,    0,    0,    0, -999,  24.42,  24.53,  24.41,  24.79,  23.93,  23.47,  22.88,  23.08,  23.10,  21.93,  23.46,  23.97,    nan,  23.75,  23.98,  24.63,  23.71,  22.87,  22.29,  22.65,  22.42,  22.85,  23.03,  23.56,  22.75,  21.32,  21.37,  22.91,  23.64,  23.05,  22.58
20171001, 0000,  , EX, 42.2N,  42.6W,  45,  994,  110,  200,  200,  150,    0,    0,    0,    0,    0,    0,    0,    0, -999,  24.70,  23.95,  24.30,  23.73,  23.24,  23.29,  23.16,  22.91,  22.51,  22.81,  22.65,    nan,  22.43,  22.79,  22.88,  22.84,  23.03,  22.74,  22.43,  22.19,  22.17,  22.48,  22.18,  21.82,  21.12,  21.32,  22.00,  22.41,  21.71,  21.32,  21.44
20171001, 0600,  , EX, 43.4N,  39.4W,  45,  996,  110,  200,  200,  150,    0,    0,    0,    0,    0,    0,    0,    0, -999,  21.72,  21.59,  22.91,  22.23,  22.69,  21.77,  21.97,  22.27,  21.96,  21.70,  21.61,    nan,  21.80,  22.04,  22.28,  23.42,  22.61,  22.79,  22.95,  22.70,  22.00,  22.03,  21.74,  21.86,  21.32,  20.89,  20.99,  19.84,  19.76,  20.13,  19.24
20171001, 1200,  , EX, 44.9N,  35.5W,  45,  999,  110,  200,  200,  150,    0,    0,    0,    0,    0,    0,    0,    0, -999,  20.17,  19.66,  19.68,  19.46,  19.43,  18.80,  18.69,  18.54,  18.68,  18.56,  18.57,    nan,  17.98,  18.11,  18.22,  17.51,  17.87,  18.23,  19.15,  18.60,  18.49,  18.69,  18.57,  18.69,  18.51,  18.50,  18.13,  18.51,  18.00,  18.11,  17.51
20171001, 1800,  , EX, 46.5N,  31.0W,  45, 1003,  110,  200,  200,  150,    0,    0,    0,    0,    0,    0,    0,    0, -999,  18.33,  19.17,  18.25,  18.14,  18.34,  18.08,  17.82,  16.77,  16.26,  16.77,  17.05,    nan,  16.15,  16.21,  16.48,  15.83,  17.59,  17.20,  16.11,  16.27,  15.66,  16.40,  17.17,  16.57,  16.08,  16.25,  16.01,  15.52,  15.31,  16.09,  15.36
20171002, 0000,  , EX, 47.5N,  26.5W,  40, 1005,    0,    0,  200,  150,    0,    0,    0,    0,    0,    0,    0,    0, -999,  17.95,  18.10,  17.95,  18.23,  17.90,  17.44,  17.13,  16.65,  16.83,  16.73,    nan,  16.50,  16.03,  16.04,  16.04,  16.05,  15.82,  16.10,  16.02,  16.11,  16.50,  16.21,  16.50,  16.27,  16.29,  16.72,  15.87,  15.44,  15.67,  16.25,  15.90
20171002, 0600,  , EX, 48.0N,  22.0W,  40, 1012,    0,    0,  200,  150,    0,    0,    0,    0,    0,    0,    0,    0, -999,  16.55,  16.50,  16.66,  16.67,  17.92,  17.20,  17.21,  17.09,  16.62,  16.56,    nan,  16.84,  15.68,  15.30,  15.87,  16.60,  16.39,  16.19,  16.27,  16.25,  16.59,  16.65,  16.49,  16.61,  16.30,  16.88,  16.88,  16.76,  16.44,  16.36,  16.42
20171002, 1200,  , EX, 48.0N,  17.0W,  30, 1016,    0,    0,    0,    0,    0,    0,    0,    0,    0,    0,    0,    0, -999,  16.24,  16.10,  15.83,  15.94,  16.52,  16.69,  16.63,  16.61,  16.63,  16.37,    nan,  16.61,  16.08,  15.80,  15.96,  16.02,  16.15,  16.80,  16.93,  16.56,  17.20,  17.25,  17.30,  17.34,  17.33,  17.43,  17.11,  16.94,  16.59,  16.35,  16.30
