AL162017,               NATE,     32,
20171003, 1200,  , LO, 10.7N,  80.8W,  20, 1008,    0,    0,    0,    0,    0,    0,    0,    0,    0,    0,    0,    0, -999,  36.13,  36.12,  36.07,  36.13,  36.08,  36.15,  36.07,  36.14,  36.17,    nan,  36.11,  36.06,  36.08,  36.07,  36.09,  36.12,  36.00,  36.08,  35.84,  35.89,  35.92,  35.87,  35.91,  35.91,  35.95,  35.94,  35.95,  35.93,  35.95,  35.93,  35.95
20171003, 1800,  , LO, 11.1N,  81.1W,  25, 1007,    0,    0,    0,    0,    0,    0,    0,    0,    0,    0,    0,    0, -999,  36.09,  36.14,  36.14,  36.19,  36.20,  36.17,  36.08,  36.03,  36.01,    nan,  36.07,  36.02,  36.00,  36.00,  36.03,  36.02,  35.82,  36.02,  35.88,  35.87,  35.89,  35.99,  36.01,  35.98,  35.97,  35.91,  35.97,  35.93,  35.96,  35.97,  35.93
20171004, 0000,  , LO, 11.4N,  81.2W,  25, 1007,    0,    0,    0,    0,    0,    0,    0,    0,    0,    0,    0,    0, -999,  36.07,  36.14,  36.13,  36.15,  36.06,  35.98,  36.00,  36.01,    nan,  35.98,  35.98,  35.97,  35.97,  36.07,  36.01,  35.84,  35.95,  35.89,  35.91,  35.93,  36.03,  36.01,  35.94,  35.93,  35.91,  35.98,  35.96,  35.95,  35.97,  35.92,  35.90
20171004, 0600,  , LO, 11.7N,  81.4W,  25, 1006,    0,    0,    0,    0,    0,    0,    0,    0,    0,    0,    0,    0, -999,  36.12,  36.22,  36.14,  35.99,  35.93,  35.94,  35.96,  35.95,    nan,  35.89,  35.95,  35.99,  36.15,  36.08,  36.03,  35.87,  36.06,  36.07,  36.00,  35.98,  35.93,  35.92,  35.91,  35.93,  35.98,  36.04,  36.00,  35.95,  35.88,  35.88,  35.88
20171004, 1200,  , TD, 12.0N,  81.8W,  25, 1005,    0,    0,    0,    0,    0,    0,    0,    0,    0,    0,    0,    0, -999,  36.12,  36.26,  36.32,  36.33,  36.07,  35.96,  36.13,  36.11,    nan,  36.09,  36.05,  36.02,  36.06,  35.98,  36.03,  36.05,  36.16,  36.14,  36.09,  36.05,  36.04,  35.99,  35.97,  35.99,  35.99,  36.00,  36.01,  36.03,  36.05,  36.05,  36.03
20171004, 1800,  , TD, 12.3N,  82.3W,  30, 1005,    0,    0,    0,    0,    0,    0,    0,    0,    0,    0,    0,    0, -999,  36.14,  36.24,  36.32,  36.40,  36.31,  36.21,  36.12,  36.04,    nan,  36.10,  36.13,  36.14,  36.14,  36.12,  36.10,  35.95,  36.15,  36.00,  35.95,  35.96,  35.95,  36.02,  36.00,  36.05,  36.03,  36.04,  36.00,  36.02,  36.04,  36.02,  36.01
20171005, 0000,  , TD, 12.6N,  82.7W,  30, 1004,    0,    0,    0,    0,    0,    0,    0,    0,    0,    0,    0,    0, -999,    nan,    nan,    nan,    nan,    nan,    nan,    nan,    nan,    nan,    nan,    nan,    nan,    nan,    nan,    nan,    nan,    nan,    nan,    nan,    nan,    nan,    nan,    nan,    nan,    nan,    nan,    nan,    nan,    nan,    nan,    nan
20171005, 0600,  , TS, 13.1N,  83.1W,  35, 1001,   30,    0,    0,    0,    0,    0,    0,    0,    0,    0,    0,    0, -999,  35.77,  35.73,  35.65,  35.61,  35.64,  35.64,  35.63,    nan,  35.55,  35.46,  35.30,  35.28,  35.42,  35.45,  35.41,  35.41,  35.63,  35.17,  35.02,  35.02,  35.08,  35.15,  35.19,  35.31,  35.38,  35.51,  35.56,  35.62,  35.66,  35.71,  35.74
20171005, 1200, L, TS, 13.9N,  83.5W,  35,  999,   40,   40,    0,    0,    0,    0,    0,    0,    0,    0,    0,    0, -999,    nan,    nan,    nan,    nan,    nan,    nan,    nan,    nan,    nan,    nan,    nan,    nan,    nan,    nan,    nan,    nan,    nan,    nan,    nan,    nan,    nan,    nan,    nan,    nan,    nan,    nan,    nan,    nan,    nan,    nan,    nan
20171005, 1800,  , TS, 14.5N,  84.0W,  35, 1000,   40,    0,    0,    0,    0,    0,    0,    0,    0,    0,    0,    0, -999,    nan,    nan,    nan,    nan,    nan,    nan,    nan,    nan,    nan,    nan,    nan,    nan,    nan,    nan,    nan,    nan,    nan,    nan,    nan,    nan,    nan,    nan,    nan,    nan,    nan,    nan,    nan,    nan,    nan,    nan,    nan
20171006, 0000,  , TS, 15.3N,  84.4W,  35, 1000,   50,    0,    0,    0,    0,    0,    0,    0,    0,    0,    0,    0, -999,    nan,    nan,    nan,    nan,    nan,    nan,    nan,    nan,    nan,    nan,    nan,    nan,    nan,    nan,    nan,    nan,    nan,    nan,    nan,    nan,    nan,    nan,    nan,    nan,    nan,    nan,    nan,    nan,    nan,    nan,    nan
20171006, 0600,  , TS, 16.3N,  84.7W,  40,  999,   80,   80,    0,    0,    0,    0,    0,    0,    0,    0,    0,    0, -999,  36.16,  36.16,  36.15,  36.13,  36.12,  36.14,    nan,  36.16,  36.14,  36.14,  36.13,  36.13,  36.19,  36.21,  36.13,  36.12,  36.11,  36.14,  36.08,  36.12,  36.17,  36.17,  36.17,  36.13,  36.14,  36.12,  36.11,  36.08,  36.14,  36.09,  36.09
20171006, 1200,  , TS, 17.9N,  84.7W,  40,  996,  100,   80,    0,    0,    0,    0,    0,    0,    0,    0,    0,    0, -999,  36.02,  36.02,  36.06,  36.18,  36.15,  36.07,    nan,  36.12,  36.12,  36.09,  36.15,  36.14,  36.12,  36.12,  36.14,  36.16,  36.22,  36.22,  36.12,  36.11,  36.11,  36.11,  36.11,  36.15,  36.15,  36.16,  36.11,  36.10,  36.10,  36.14,  36.10
20171006, 1800,  , TS, 19.5N,  85.2W,  45,  995,  110,   80,   20,    0,    0,    0,    0,    0,    0,    0,    0,    0, -999,  36.19,  36.18,  36.18,  36.17,  36.17,  36.17,    nan,  36.17,  36.16,  36.12,  36.14,  36.13,  36.10,  36.11,  36.12,  36.12,  36.14,  36.13,  36.11,  36.10,  36.09,  36.09,  36.09,  36.11,  36.13,  36.13,  36.12,  36.09,  36.07,  36.07,  36.06
20171007, 0000,  , TS, 21.3N,  85.9W,  55,  990,  110,   80,   50,    0,   30,   40,    0,    0,    0,    0,    0,    0, -999,  36.09,  36.02,  36.13,  36.12,  36.00,    nan,  36.08,  36.09,  36.08,  36.04,  36.03,  36.00,  36.11,  36.02,  36.06,  36.06,  36.11,  36.09,  36.10,  36.11,  36.12,  36.11,  36.11,  36.10,  36.14,  36.14,  36.13,  36.12,  36.10,  36.07,  36.07
20171007, 0600,  , HU, 23.5N,  86.5W,  70,  987,  110,   90,   50,   40,   50,   50,    0,    0,   30,    0,    0,    0, -999,  36.28,  36.26,  36.25,  36.23,  36.28,    nan,  36.24,  36.20,  36.11,  36.08,  36.08,  36.02,  36.07,  36.07,  36.10,  36.10,  36.08,  36.10,  36.06,  36.08,  36.13,  36.13,  36.10,  36.09,  36.10,  36.10,  36.11,  36.09,  36.07,  36.05,  36.07
20171007, 1200,  , HU, 25.7N,  87.9W,  80,  986,  110,   90,   50,   40,   60,   50,    0,    0,   30,   30,    0,    0, -999,  36.28,  36.28,  36.21,  36.24,  36.29,    nan,  36.26,  36.25,  36.24,  36.22,  36.17,  36.23,  36.21,  36.23,  36.21,  36.25,  36.38,  36.30,  36.36,  36.36,  36.34,  36.35,  36.34,  36.35,  36.34,  36.33,  36.28,  36.32,  36.37,  36.40,  36.40
20171007, 1800,  , HU, 27.6N,  88.9W,  80,  981,  110,  100,   50,   80,   60,   60,    0,   30,   35,   35,    0,    0, -999,  35.71,  35.93,  36.43,  36.71,  36.85,    nan,  36.21,  36.19,  36.14,  36.18,  36.24,  36.20,  36.17,  36.21,  36.25,  36.25,  36.19,  36.33,  36.15,  36.04,  35.90,  35.86,  35.73,  35.86,  36.08,  36.39,  36.56,  36.64,  36.43,  36.25,  36.15
20171008, 0000, L, HU, 29.1N,  89.2W,  75,  983,  110,  100,   40,   70,   50,   50,    0,   20,   30,   30,    0,    0,   15,    nan,    nan,    nan,    nan,    nan,    nan,    nan,    nan,    nan,    nan,    nan,    nan,    nan,    nan,    nan,    nan,    nan,    nan,    nan,    nan,    nan,    nan,    nan,    nan,    nan,    nan,    nan,    nan,    nan,    nan,    nan
20171008, 0520, L, HU, 30.4N,  89.0W,  65,  984,   90,  100,   40,   70,   40,   50,    0,    0,   25,   30,    0,    0,   20,    nan,    nan,    nan,    nan,    nan,    nan,    nan,    nan,    nan,    nan,    nan,    nan,    nan,    nan,    nan,    nan,    nan,    nan,    nan,    nan,    nan,    nan,    nan,    nan,    nan,    nan,    nan,    nan,    nan,    nan,    nan
20171008, 0600,  , TS, 30.5N,  88.9W,  60,  984,   60,  100,    0,    0,   20,   30,    0,    0,    0,    0,    0,    0, -999,    nan,    nan,    nan,    nan,    nan,    nan,    nan,    nan,    nan,    nan,    nan,    nan,    nan,    nan,    nan,    nan,    nan,    nan,    nan,    nan,    nan,    nan,    nan,    nan,    nan,    nan,    nan,    nan,    nan,    nan,    nan
20171008, 1200,  , TS, 32.2N,  88.0W,  35,  993,    0,   40,    0,    0,    0,    0,    0,    0,    0,    0,    0,    0, -999,    nan,    nan,    nan,    nan,    nan,    nan,    nan,    nan,    nan,    nan,    nan,    nan,    nan,    nan,    nan,    nan,    nan,    nan,    nan,    nan,    nan,    nan,    nan,    nan,    nan,    nan,    nan,    nan,    nan,    nan,    nan
20171008, 1800,  , TD, 34.1N,  87.1W,  25,  996,    0,    0,    0,    0,    0,    0,    0,    0,    0,    0,    0,    0, -999,    nan,    nan,    nan,    nan,    nan,    nan,    nan,    nan,    nan,    nan,    nan,    nan,    nan,    nan,    nan,    nan,    nan,    nan,    nan,    nan,    nan,    nan,    nan,    nan,    nan,    nan,    nan,    nan,    nan,    nan,    nan
20171009, 0000,  , LO, 36.2N,  85.7W,  20,  999,    0,    0,    0,    0,    0,    0,    0,    0,    0,    0,    0,    0, -999,    nan,    nan,    nan,    nan,    nan,    nan,    nan,    nan,    nan,    nan,    nan,    nan,    nan,    nan,    nan,    nan,    nan,    nan,    nan,    nan,    nan,    nan,    nan,    nan,    nan,    nan,    nan,    nan,    nan,    nan,    nan
20171009, 0600,  , EX, 39.1N,  83.4W,  20, 1004,    0,    0,    0,    0,    0,    0,    0,    0,    0,    0,    0,    0, -999,    nan,    nan,    nan,    nan,    nan,    nan,    nan,    nan,    nan,    nan,    nan,    nan,    nan,    nan,    nan,    nan,    nan,    nan,    nan,    nan,    nan,    nan,    nan,    nan,    nan,    nan,    nan,    nan,    nan,    nan,    nan
20171009, 1200,  , EX, 41.5N,  80.5W,  25, 1005,    0,    0,    0,    0,    0,    0,    0,    0,    0,    0,    0,    0, -999,    nan,    nan,    nan,    nan,    nan,    nan,    nan,    nan,    nan,    nan,    nan,    nan,    nan,    nan,    nan,    nan,    nan,    nan,    nan,    nan,    nan,    nan,    nan,    nan,    nan,    nan,    nan,    nan,    nan,    nan,    nan
20171009, 1800,  , EX, 43.1N,  76.3W,  25, 1005,    0,    0,    0,    0,    0,    0,    0,    0,    0,    0,    0,    0, -999,    nan,    nan,    nan,    nan,    nan,    nan,    nan,    nan,    nan,    nan,    nan,    nan,    nan,    nan,    nan,    nan,    nan,    nan,    nan,    nan,    nan,    nan,    nan,    nan,    nan,    nan,    nan,    nan,    nan,    nan,    nan
20171010, 0000,  , EX, 44.2N,  72.0W,  25, 1006,    0,    0,    0,    0,    0,    0,    0,    0,    0,    0,    0,    0, -999,    nan,    nan,    nan,    nan,    nan,    nan,    nan,    nan,    nan,    nan,    nan,    nan,    nan,    nan,    nan,    nan,    nan,    nan,    nan,    nan,    nan,    nan,    nan,    nan,    nan,    nan,    nan,    nan,    nan,    nan,    nan
20171010, 0600,  , EX, 45.6N,  67.6W,  25, 1006,    0,    0,    0,    0,    0,    0,    0,    0,    0,    0,    0,    0, -999,    nan,    nan,    nan,    nan,    nan,    nan,    nan,    nan,    nan,    nan,    nan,    nan,    nan,    nan,    nan,    nan,    nan,    nan,    nan,    nan,    nan,    nan,    nan,    nan,    nan,    nan,    nan,    nan,    nan,    nan,    nan
20171010, 1200,  , EX, 46.1N,  63.9W,  25, 1007,    0,    0,    0,    0,    0,    0,    0,    0,    0,    0,    0,    0, -999,    nan,    nan,    nan,    nan,    nan,    nan,    nan,    nan,    nan,    nan,    nan,    nan,    nan,    nan,    nan,    nan,    nan,    nan,    nan,    nan,    nan,    nan,    nan,    nan,    nan,    nan,    nan,    nan,    nan,    nan,    nan
20171010, 1800,  , EX, 46.5N,  60.4W,  25, 1004,    0,    0,    0,    0,    0,    0,    0,    0,    0,    0,    0,    0, -999,  30.67,  30.67,    nan,  30.59,  30.68,  30.57,  30.52,  30.52,  30.54,  30.54,  30.51,  30.49,  30.49,  30.50,  30.49,  30.54,  30.56,  30.55,  30.57,  30.59,  30.60,  30.61,  30.61,  30.62,  30.62,  30.62,  30.61,  30.67,  30.73,  30.75,  30.75
20171011, 0000,  , EX, 47.5N,  56.0W,  25, 1001,    0,    0,    0,    0,    0,    0,    0,    0,    0,    0,    0,    0, -999,  31.76,    nan,  31.75,  31.73,  31.76,  31.73,  31.70,  31.74,  31.74,  31.73,  31.73,  31.75,  31.74,  31.72,  31.73,  31.73,  31.70,  31.71,  31.69,  31.69,  31.69,  31.67,  31.67,  31.67,  31.66,  31.66,  31.70,  31.71,  31.71,  31.71,  31.71
