AL162004,               OTTO,     39,
20041126, 0000,  , EX, 28.0N,  40.0W,  30, 1009,    0,    0,    0,    0,    0,    0,    0,    0,    0,    0,    0,    0, -999,  25.19,  25.26,  25.27,  25.35,  25.32,  25.26,  25.11,  25.02,  25.11,  25.18,  25.20,  25.16,  25.15,  25.28,  25.29,  25.23,  24.70,  24.62,  24.52,  24.87,  24.68,  24.70,  24.73,  24.83,  24.64,  24.66,  24.67,  24.60,  24.44,  24.24,  24.11
20041126, 0600,  , EX, 27.3N,  41.0W,  35, 1006,  300,    0,    0,  300,    0,    0,    0,    0,    0,    0,    0,    0, -999,  25.57,  25.59,  25.54,  25.51,  25.49,  25.47,  25.44,  25.54,  25.57,  25.52,  25.48,  25.34,  25.35,  25.35,  25.36,  25.22,  24.92,  24.88,  24.80,  25.00,  24.98,  24.90,  24.89,  24.98,  24.72,  24.91,  24.89,  24.87,  24.78,  24.62,  24.61
20041126, 1200,  , EX, 26.5N,  41.9W,  35, 1002,  350,    0,    0,  300,    0,    0,    0,    0,    0,    0,    0,    0, -999,  25.79,  25.92,  25.61,  25.74,  25.82,  25.84,  25.86,  25.90,  25.95,  25.85,  25.69,  25.45,  25.38,  25.43,  25.59,  25.51,  25.15,  24.78,  24.72,  25.24,  25.20,  25.23,  25.22,  25.22,  25.09,  25.10,  25.18,  25.15,  25.07,  24.97,  25.02
20041126, 1800,  , EX, 26.8N,  42.5W,  35, 1000,  350,  300,    0,  250,    0,    0,    0,    0,    0,    0,    0,    0, -999,  25.77,  25.86,  25.61,  25.66,  25.66,  25.77,  25.72,  25.77,  25.79,  25.85,  25.87,  25.69,  25.61,  25.55,  25.68,  25.50,  25.20,  25.08,  25.02,  25.21,  25.20,  25.07,  25.01,  25.17,  25.05,  25.08,  25.04,  25.09,  25.05,  24.96,  25.00
20041127, 0000,  , EX, 26.8N,  43.2W,  35, 1000,  350,  400,    0,  200,    0,    0,    0,    0,    0,    0,    0,    0, -999,  25.94,  25.65,  25.65,  25.53,  25.55,  25.57,  25.60,  25.58,  25.65,  25.71,  25.50,  25.45,  25.39,  25.68,  25.48,  25.16,  24.94,  24.91,  25.00,  24.99,  24.93,  24.91,  25.09,  25.03,  25.08,  25.05,  25.17,  25.07,  24.88,  24.91,  24.84
20041127, 0600,  , EX, 26.7N,  43.8W,  35, 1000,  350,  600,    0,    0,    0,    0,    0,    0,    0,    0,    0,    0, -999,  26.03,  25.90,  26.05,  26.12,  26.17,  26.05,  26.09,  25.95,  25.93,  25.85,  25.63,  25.65,  25.54,  25.87,  25.62,  25.43,  25.31,  25.25,  25.18,  25.07,  25.04,  25.02,  25.32,  25.18,  25.16,  25.09,  25.09,  25.05,  24.95,  25.02,  24.93
20041127, 1200,  , EX, 26.4N,  44.3W,  35, 1000,  350,  600,    0,    0,    0,    0,    0,    0,    0,    0,    0,    0, -999,  25.75,  25.67,  25.62,  25.55,  25.53,  25.64,  25.78,  25.83,  26.00,  26.00,  25.86,  25.88,  25.82,  25.91,  25.66,  25.42,  25.25,  25.15,  25.01,  24.92,  24.90,  24.90,  25.25,  25.13,  25.19,  25.24,  25.27,  25.21,  25.12,  25.12,  24.96
20041127, 1800,  , EX, 26.2N,  44.4W,  35, 1000,  325,  500,    0,    0,    0,    0,    0,    0,    0,    0,    0,    0, -999,  26.06,  25.99,  25.96,  26.02,  26.06,  26.02,  25.99,  25.94,  26.01,  25.91,  25.68,  25.62,  25.56,  25.60,  25.40,  25.20,  24.99,  24.88,  24.86,  24.89,  24.92,  24.98,  25.36,  25.23,  25.22,  25.26,  25.25,  25.20,  25.09,  25.12,  25.02
20041128, 0000,  , EX, 26.3N,  44.1W,  35, 1000,  300,  400,    0,    0,    0,    0,    0,    0,    0,    0,    0,    0, -999,  25.69,  25.62,  25.54,  25.53,  25.54,  25.59,  25.60,  25.75,  25.74,  25.57,  25.55,  25.52,  25.71,  25.58,  25.27,  25.18,  25.15,  25.11,  25.10,  25.08,  25.06,  25.42,  25.32,  25.41,  25.42,  25.31,  25.21,  25.05,  25.03,  24.95,  24.97
20041128, 0600,  , EX, 27.4N,  43.9W,  35, 1000,  300,  300,    0,  360,    0,    0,    0,    0,    0,    0,    0,    0, -999,  25.26,  25.23,  25.13,  25.31,  25.05,  25.11,  25.10,  25.12,  25.04,  25.06,  25.25,  25.20,  25.43,  25.37,  24.98,  24.91,  24.90,  25.00,  24.97,  24.95,  24.93,  25.04,  24.95,  24.88,  24.77,  24.73,  24.87,  24.80,  24.74,  24.63,  24.59
20041128, 1200,  , EX, 28.2N,  44.0W,  35, 1000,  300,    0,    0,  360,    0,    0,    0,    0,    0,    0,    0,    0, -999,  24.72,  24.58,  24.47,  24.91,  24.48,  24.33,  24.17,  23.99,  23.84,  24.04,  24.21,  24.15,  24.59,  24.68,  23.90,  23.84,  23.82,  23.98,  23.86,  23.83,  23.79,  23.60,  23.51,  23.63,  23.67,  23.69,  23.63,  23.50,  23.48,  23.42,  23.50
20041128, 1800,  , EX, 28.7N,  45.1W,  35,  999,  300,    0,    0,  360,    0,    0,    0,    0,    0,    0,    0,    0, -999,  25.20,  25.16,  25.03,  24.93,  24.67,  24.62,  24.69,  24.76,  24.66,  24.64,  24.57,  24.36,  24.68,  24.20,  23.88,  23.72,  23.54,  23.49,  23.52,  23.42,  23.27,  23.38,  23.34,  23.34,  23.48,  24.03,  23.84,  23.85,  23.88,  23.73,  23.61
20041129, 0000,  , EX, 28.8N,  46.5W,  35,  998,  300,    0,    0,  360,    0,    0,    0,    0,    0,    0,    0,    0, -999,  24.70,  24.69,  24.64,  24.67,  24.75,  24.80,  24.91,  24.78,  24.75,  24.64,  24.82,  24.68,  24.44,  24.12,  23.76,  23.86,  23.97,  23.79,  24.20,  24.69,  24.44,  24.27,  24.27,  24.50,  24.81,  24.32,  24.02,  24.04,  23.98,  23.91,  23.83
20041129, 0600,  , EX, 29.0N,  47.8W,  40,  998,  300,    0,    0,  330,    0,    0,    0,    0,    0,    0,    0,    0, -999,  25.57,  25.37,  25.20,  25.12,  24.99,  24.87,  24.91,  24.52,  24.50,  24.44,  24.60,  24.62,  24.48,  24.11,  24.02,  23.86,  23.25,  23.38,  23.50,  23.60,  23.85,  23.78,  23.64,  23.67,  24.13,  23.80,  23.47,  23.35,  23.21,  23.31,  23.28
20041129, 1200,  , SS, 29.6N,  47.9W,  40,  998,  275,    0,    0,  300,    0,    0,    0,    0,    0,    0,    0,    0, -999,  24.82,  24.41,  23.93,  23.79,  23.77,  23.64,  23.93,  23.98,  23.88,  23.93,  23.82,  23.71,  23.69,  23.29,  23.34,  23.22,  23.45,  23.23,  22.84,  22.62,  22.79,  22.96,  22.93,  23.07,  23.24,  23.26,  23.10,  23.20,  22.89,  23.07,  23.52
20041129, 1800,  , SS, 30.2N,  48.8W,  45,  998,  250,    0,    0,  275,    0,    0,    0,    0,    0,    0,    0,    0, -999,  23.87,  23.87,  23.98,  23.96,  23.43,  23.52,  23.62,  23.64,  23.70,  23.38,  22.92,  23.09,  23.07,  22.75,  23.20,  23.28,  23.39,  23.26,  23.28,  23.55,  23.51,  23.53,  23.60,  23.57,  23.24,  23.12,  23.03,  23.03,  22.94,  23.00,  23.03
20041130, 0000,  , SS, 30.7N,  49.7W,  45,  997,  225,    0,    0,  250,    0,    0,    0,    0,    0,    0,    0,    0, -999,  24.20,  24.04,  23.99,  23.90,  24.05,  23.77,  23.61,  23.53,  23.43,  23.45,  23.49,  23.13,  22.86,  22.65,  22.46,  22.66,  22.52,  22.36,  22.78,  22.76,  22.88,  22.98,  23.16,  23.12,  22.99,  22.85,  22.71,  22.64,  22.61,  22.59,  22.54
20041130, 0600,  , SS, 30.9N,  50.5W,  45,  997,  225,    0,    0,  225,    0,    0,    0,    0,    0,    0,    0,    0, -999,  24.43,  23.99,  23.93,  23.89,  24.23,  24.14,  23.87,  23.41,  23.20,  23.32,  23.24,  22.97,  22.75,  22.59,  22.50,  22.50,  22.60,  22.49,  23.02,  22.78,  22.83,  22.89,  22.94,  22.74,  22.67,  22.55,  22.18,  22.32,  22.42,  22.48,  22.48
20041130, 1200,  , SS, 31.3N,  51.0W,  40,  997,  200,    0,    0,  200,    0,    0,    0,    0,    0,    0,    0,    0, -999,  24.69,  24.04,  24.14,  24.03,  23.86,  23.72,  23.32,  23.35,  23.14,  23.01,  23.11,  23.08,  22.89,  22.57,  22.47,  22.24,  22.15,  22.82,  22.80,  22.24,  22.75,  22.67,  22.64,  22.75,  22.73,  22.44,  22.34,  22.53,  22.29,  22.59,  22.61
20041130, 1800,  , TS, 31.7N,  51.0W,  40,  997,  175,    0,    0,  175,    0,    0,    0,    0,    0,    0,    0,    0, -999,  23.75,  23.57,  23.39,  23.14,  23.01,  23.24,  23.46,  23.45,  23.30,  23.20,  23.17,  23.05,  22.89,  22.56,  22.16,  21.94,  22.10,  22.61,  22.86,  22.48,  22.23,  22.33,  22.29,  22.22,  22.26,  22.39,  22.57,  22.74,  22.41,  22.49,  22.52
20041201, 0000,  , TS, 31.8N,  50.9W,  40,  997,  150,   60,   60,  150,    0,    0,    0,    0,    0,    0,    0,    0, -999,  23.07,  23.11,  23.13,  23.05,  23.09,  23.04,  23.13,  23.06,  22.96,  23.21,  23.01,  22.87,  22.70,  22.21,  21.96,  22.11,  22.45,  22.70,  22.37,  22.42,  22.19,  22.25,  22.15,  22.20,  22.22,  22.43,  22.45,  22.09,  22.19,  22.44,  22.48
20041201, 0600,  , TS, 31.9N,  50.8W,  40,  997,  150,   60,   60,  100,    0,    0,    0,    0,    0,    0,    0,    0, -999,  23.42,  23.36,  23.21,  23.06,  23.12,  23.17,  23.19,  23.07,  23.12,  23.28,  22.90,  22.64,  22.51,  22.26,  22.06,  22.11,  22.26,  22.36,  22.24,  22.47,  22.27,  22.35,  22.23,  22.25,  22.21,  22.24,  22.16,  22.10,  22.21,  22.36,  22.43
20041201, 1200,  , TS, 31.6N,  50.4W,  40,  997,  100,   60,   60,   60,    0,    0,    0,    0,    0,    0,    0,    0, -999,  23.79,  23.97,  24.12,  23.97,  23.72,  23.65,  23.55,  23.05,  22.80,  22.80,  22.52,  22.44,  22.39,  22.43,  22.58,  22.73,  22.51,  22.01,  21.99,  22.22,  22.48,  22.54,  22.70,  22.49,  22.18,  22.40,  22.36,  22.49,  22.46,  22.22,  22.28
20041201, 1800,  , TS, 31.0N,  50.1W,  35,  997,   75,   60,   45,   45,    0,    0,    0,    0,    0,    0,    0,    0, -999,  23.94,  23.81,  23.74,  23.78,  23.76,  23.66,  23.32,  22.95,  22.84,  22.96,  22.73,  22.52,  22.72,  22.63,  22.38,  22.46,  22.54,  22.30,  22.10,  22.49,  22.69,  22.77,  22.51,  22.45,  22.47,  22.33,  22.48,  22.36,  22.44,  22.42,  22.39
20041202, 0000,  , TS, 30.5N,  49.9W,  35,  997,   45,   60,   45,   30,    0,    0,    0,    0,    0,    0,    0,    0, -999,  24.10,  23.92,  24.12,  23.94,  23.70,  23.41,  23.22,  23.34,  23.35,  23.25,  23.25,  23.11,  22.89,  23.11,  23.00,  22.79,  23.04,  22.82,  22.85,  22.95,  23.03,  23.04,  22.93,  22.78,  22.52,  22.48,  22.53,  22.60,  22.58,  22.52,  22.51
20041202, 0600,  , TS, 29.9N,  50.1W,  35,  996,   20,   45,   20,   20,    0,    0,    0,    0,    0,    0,    0,    0, -999,  24.03,  23.28,  23.70,  23.77,  24.24,  24.12,  24.02,  23.76,  23.21,  23.13,  23.05,  23.05,  23.06,  23.09,  22.96,  22.80,  22.78,  22.76,  22.84,  23.02,  23.17,  23.36,  23.40,  23.44,  23.18,  22.97,  22.86,  22.89,  22.84,  22.81,  22.81
20041202, 1200,  , TD, 29.1N,  50.4W,  30,  995,    0,    0,    0,    0,    0,    0,    0,    0,    0,    0,    0,    0, -999,  24.33,  24.05,  23.76,  23.55,  23.77,  24.00,  23.97,  24.31,  23.96,  23.62,  23.47,  23.41,  23.54,  23.33,  23.23,  23.09,  23.03,  23.34,  23.47,  23.53,  23.50,  23.52,  23.55,  23.62,  23.55,  23.57,  23.60,  23.48,  23.45,  23.45,  23.70
20041202, 1800,  , TD, 28.5N,  50.1W,  30,  996,    0,    0,    0,    0,    0,    0,    0,    0,    0,    0,    0,    0, -999,  24.70,  24.62,  24.65,  24.42,  24.25,  24.17,  24.11,  24.48,  24.35,  24.27,  24.01,  23.90,  24.07,  23.97,  24.06,  24.01,  23.91,  24.04,  24.00,  23.98,  23.96,  24.38,  24.50,  25.06,  25.19,  25.05,  25.07,  24.75,  24.51,  24.55,  24.77
20041203, 0000,  , TD, 27.9N,  50.1W,  30,  997,    0,    0,    0,    0,    0,    0,    0,    0,    0,    0,    0,    0, -999,  25.30,  25.41,  25.20,  25.28,  25.17,  25.09,  25.15,  24.86,  24.67,  24.49,  24.45,  24.98,  24.89,  24.94,  24.90,  24.87,  25.16,  25.19,  25.27,  25.25,  25.71,  25.76,  25.71,  25.30,  25.16,  25.03,  24.77,  24.76,  24.78,  24.91,  24.79
20041203, 0600,  , LO, 27.2N,  50.2W,  30,  998,    0,    0,    0,    0,    0,    0,    0,    0,    0,    0,    0,    0, -999,  25.16,  25.08,  24.98,  24.88,  25.10,  25.12,  26.16,  26.05,  25.84,  25.51,  25.73,  25.86,  25.57,  25.60,  25.57,  25.52,  25.24,  25.41,  25.72,  25.65,  25.67,  25.23,  25.24,  25.26,  25.19,  25.16,  25.10,  25.07,  24.99,  25.08,  25.01
20041203, 1200,  , LO, 26.5N,  50.3W,  30, 1000,    0,    0,    0,    0,    0,    0,    0,    0,    0,    0,    0,    0, -999,  26.05,  26.02,  26.01,  26.01,  26.11,  26.07,  26.12,  25.90,  25.94,  25.85,  25.93,  26.22,  26.10,  26.06,  25.95,  25.88,  25.61,  25.68,  26.11,  26.25,  25.95,  25.66,  25.49,  25.40,  25.30,  25.29,  25.28,  25.31,  25.16,  25.26,  25.22
20041203, 1800,  , LO, 26.2N,  50.6W,  25, 1002,    0,    0,    0,    0,    0,    0,    0,    0,    0,    0,    0,    0, -999,  26.30,  26.21,  26.19,  26.14,  26.13,  26.08,  26.17,  26.18,  26.32,  26.27,  26.16,  26.22,  26.21,  26.39,  26.29,  26.29,  26.16,  26.05,  25.83,  25.80,  25.61,  25.47,  25.56,  25.63,  25.66,  25.47,  25.21,  25.17,  25.04,  25.21,  25.19
20041204, 0000,  , LO, 25.8N,  50.2W,  25, 1005,    0,    0,    0,    0,    0,    0,    0,    0,    0,    0,    0,    0, -999,  26.12,  26.10,  26.05,  25.91,  25.83,  25.95,  25.99,  25.98,  25.89,  25.90,  26.05,  25.90,  25.88,  25.74,  25.72,  25.66,  25.73,  26.02,  26.16,  26.09,  25.88,  25.75,  25.58,  25.46,  25.38,  25.30,  25.27,  25.09,  25.13,  25.11,  25.09
20041204, 0600,  , LO, 25.4N,  50.1W,  25, 1008,    0,    0,    0,    0,    0,    0,    0,    0,    0,    0,    0,    0, -999,  26.33,  26.27,  26.16,  26.09,  26.05,  26.15,  26.14,  26.04,  25.90,  25.83,  25.90,  25.84,  25.84,  25.76,  25.71,  25.70,  25.68,  25.75,  25.73,  25.68,  25.57,  25.50,  25.41,  25.33,  25.21,  25.19,  25.21,  25.23,  25.39,  25.47,  25.39
20041204, 1200,  , LO, 25.0N,  50.4W,  25, 1010,    0,    0,    0,    0,    0,    0,    0,    0,    0,    0,    0,    0, -999,  26.29,  26.23,  26.23,  26.20,  26.22,  26.35,  26.37,  26.26,  26.06,  25.89,  25.97,  25.88,  25.87,  25.81,  25.71,  25.62,  25.65,  25.74,  25.65,  25.59,  25.56,  25.49,  25.43,  25.36,  25.32,  25.28,  25.21,  25.12,  25.16,  25.27,  25.20
20041204, 1800,  , LO, 25.1N,  50.9W,  25, 1011,    0,    0,    0,    0,    0,    0,    0,    0,    0,    0,    0,    0, -999,  26.52,  26.39,  26.29,  26.18,  26.11,  26.10,  26.01,  25.99,  25.84,  25.82,  26.01,  25.90,  25.95,  25.89,  25.79,  25.69,  25.70,  25.75,  25.66,  25.62,  25.59,  25.57,  25.50,  25.55,  25.64,  25.59,  25.49,  25.39,  25.55,  25.69,  25.68
20041205, 0000,  , LO, 25.5N,  51.1W,  20, 1012,    0,    0,    0,    0,    0,    0,    0,    0,    0,    0,    0,    0, -999,  26.43,  26.36,  26.24,  26.19,  26.29,  26.19,  26.14,  26.07,  25.99,  26.22,  26.00,  25.91,  25.67,  25.46,  25.39,  25.41,  25.51,  25.60,  25.64,  25.56,  25.64,  25.52,  25.37,  25.33,  25.28,  25.24,  25.11,  25.22,  25.36,  25.32,  25.30
20041205, 0600,  , LO, 25.9N,  51.1W,  20, 1013,    0,    0,    0,    0,    0,    0,    0,    0,    0,    0,    0,    0, -999,  26.62,  26.56,  26.46,  26.28,  26.43,  26.22,  26.04,  25.87,  25.90,  26.14,  25.98,  25.99,  25.71,  25.52,  25.35,  25.24,  25.26,  25.60,  25.78,  25.96,  25.73,  25.39,  25.32,  25.31,  25.09,  25.08,  25.06,  25.25,  25.37,  25.32,  25.32
20041205, 1200,  , LO, 26.1N,  51.4W,  20, 1014,    0,    0,    0,    0,    0,    0,    0,    0,    0,    0,    0,    0, -999,  26.36,  26.33,  26.27,  26.08,  26.28,  26.00,  25.89,  25.75,  25.70,  25.92,  25.81,  25.73,  25.42,  25.05,  24.98,  24.92,  25.06,  25.38,  25.22,  25.62,  25.63,  25.50,  25.10,  24.76,  24.52,  24.49,  24.29,  24.26,  24.39,  24.55,  24.99
