AL162020,               NANA,     13,
20200901, 0600,  , TS, 15.9N,  75.2W,  35, 1006,   60,    0,    0,    0,    0,    0,    0,    0,    0,    0,    0,    0, -999,  35.88,  35.85,  35.87,  35.85,  35.87,  35.81,  35.88,  35.89,  35.92,  35.98,  35.99,  36.07,  36.14,  36.11,  36.01,  36.01,  36.10,  35.84,  35.72,  35.69,  36.07,  36.07,  36.02,  36.00,  36.08,  36.02,  35.96,  35.92,  35.97,  35.92,  35.92
20200901, 1200,  , TS, 16.3N,  76.8W,  40, 1004,   60,    0,    0,   60,    0,    0,    0,    0,    0,    0,    0,    0, -999,  35.81,  35.80,  35.84,  35.80,  35.85,  35.83,  35.80,  35.83,  35.88,  35.83,  35.87,  35.98,  35.99,  35.92,  35.93,  35.89,  35.83,  35.83,  35.98,  35.98,  35.97,  36.00,  35.98,  35.98,  35.97,  36.11,  36.17,  36.12,  36.11,  36.03,  35.79
20200901, 1800,  , TS, 16.7N,  78.4W,  50, 1002,   60,    0,    0,   60,   20,    0,    0,    0,    0,    0,    0,    0, -999,  36.15,  36.16,  36.12,  36.10,  35.91,  36.02,  36.07,  35.95,  35.94,  35.90,  35.91,  35.90,  35.90,  35.89,  35.90,  35.94,  35.91,  35.85,  35.83,  35.82,  35.84,  35.87,  35.88,  35.89,  35.91,  35.91,  35.91,  35.86,  35.89,  35.86,  35.84
20200902, 0000,  , TS, 17.0N,  80.1W,  50, 1000,   60,   30,    0,   60,   20,    0,    0,    0,    0,    0,    0,    0, -999,  36.10,  36.10,  36.05,  36.11,  36.18,  36.15,  36.14,  36.15,  36.11,  36.10,  36.07,  36.04,  36.03,  36.05,  36.06,  36.05,  36.00,  36.03,  36.11,  36.09,  36.05,  35.99,  35.92,  35.92,  35.93,  35.94,  35.96,  35.96,  35.98,  35.99,  36.03
20200902, 0600,  , TS, 17.0N,  81.9W,  50,  998,   60,   30,    0,   60,   20,    0,    0,   20,    0,    0,    0,    0, -999,  36.21,  36.18,  36.16,  36.16,  36.16,  36.17,  36.19,  36.18,  36.18,  36.13,  36.13,  36.17,  36.17,  36.16,  36.11,  36.10,  36.17,  36.18,  36.15,  36.18,  36.17,  36.15,  36.09,  36.08,  36.06,  36.10,  36.13,  36.12,  36.12,  36.14,  36.14
20200902, 1200,  , TS, 17.1N,  83.7W,  50,  998,   60,   30,    0,   60,   20,   10,    0,   20,    0,    0,    0,    0, -999,  36.09,  36.09,  36.08,  36.08,  36.09,  36.09,  36.10,  36.12,  36.13,  36.14,  36.14,  36.14,  36.14,  36.14,  36.15,  36.15,  36.15,  36.15,  36.15,  36.15,  36.15,  36.16,  36.17,  36.21,  36.20,  36.19,  36.17,  36.15,  36.08,  36.14,  36.14
20200902, 1800,  , TS, 17.1N,  85.3W,  50,  998,   60,   30,    0,   60,   20,   10,    0,   20,    0,    0,    0,    0, -999,  36.05,  36.04,  36.05,  36.06,  36.01,  36.02,  36.01,  36.01,  36.03,  36.09,  36.09,  36.11,  36.12,  36.10,  36.11,  36.13,  36.14,  36.15,  36.13,  36.13,  36.13,  36.15,  36.12,  36.12,  36.13,  36.18,  36.19,  36.17,  36.18,  36.17,  36.18
20200903, 0000,  , TS, 17.0N,  86.8W,  60,  994,   60,   40,   20,   60,   20,   20,    0,   10,    0,    0,    0,    0, -999,  36.01,  35.98,  35.99,  36.00,  36.01,  35.99,  36.01,  36.03,  36.01,  36.03,  36.06,  36.08,  36.10,  36.15,  36.20,  36.22,  36.18,  36.15,  36.12,  36.13,  36.20,  36.22,  36.23,  36.24,  36.30,  36.31,  36.28,  36.29,  36.27,  36.24,  36.22
20200903, 0300, I, HU, 16.9N,  87.5W,  65,  994,   60,   40,   20,   60,   20,   20,    0,   20,   10,    0,    0,   10, -999,  36.02,  36.02,  36.02,  35.99,  36.00,  36.00,  36.00,  36.01,  36.02,  36.07,  36.11,  36.12,  36.13,  36.14,  36.16,  36.17,  36.16,  36.20,  36.19,  36.20,  36.27,  36.30,  36.30,  36.31,  36.31,  36.33,  36.33,  36.33,  36.27,  36.22,  36.20
20200903, 0600, L, HU, 16.8N,  88.3W,  65,  994,   60,   40,   20,   60,   20,   20,    0,   20,   10,    0,    0,   10, -999,  36.15,  36.17,  36.18,  36.15,  36.11,  36.11,  36.07,  36.09,  36.10,  36.13,  36.13,  36.14,  36.16,  36.16,  36.15,  36.16,  36.17,  36.19,  36.21,  36.19,  36.21,  36.21,  36.20,  36.22,  36.24,  36.25,  36.25,  36.25,  36.24,  36.24,  36.22
20200903, 1200,  , TS, 16.4N,  89.6W,  45, 1001,   40,   40,   20,   40,    0,    0,    0,    0,    0,    0,    0,    0, -999,    nan,    nan,    nan,    nan,    nan,    nan,    nan,    nan,    nan,    nan,    nan,    nan,    nan,    nan,    nan,    nan,    nan,    nan,    nan,    nan,    nan,    nan,    nan,    nan,    nan,    nan,    nan,    nan,    nan,    nan,    nan
20200903, 1800,  , TD, 16.1N,  90.5W,  30, 1005,    0,    0,    0,    0,    0,    0,    0,    0,    0,    0,    0,    0, -999,    nan,    nan,    nan,    nan,    nan,    nan,    nan,    nan,    nan,    nan,    nan,    nan,    nan,    nan,    nan,    nan,    nan,    nan,    nan,    nan,    nan,    nan,    nan,    nan,    nan,    nan,    nan,    nan,    nan,    nan,    nan
20200904, 0000,  , LO, 15.8N,  91.4W,  20, 1007,    0,    0,    0,    0,    0,    0,    0,    0,    0,    0,    0,    0, -999,    nan,    nan,    nan,    nan,    nan,    nan,    nan,    nan,    nan,    nan,    nan,    nan,    nan,    nan,    nan,    nan,    nan,    nan,    nan,    nan,    nan,    nan,    nan,    nan,    nan,    nan,    nan,    nan,    nan,    nan,    nan
