AL172023,           PHILIPPE,     54,
20230923, 0600,  , TD, 15.5N,  36.6W,  30, 1007,    0,    0,    0,    0,    0,    0,    0,    0,    0,    0,    0,    0,   70,  24.72,  24.78,  24.87,  25.02,  25.30,  25.15,  25.11,  25.00,  25.33,  24.99,  25.65,  24.46,  24.41,  24.77,  24.84,  24.36,  24.14,  24.48,  24.45,  24.14,  24.50,  24.07,  24.15,  23.24,  23.55,  24.16,  23.98,  23.66,  23.83,  24.39,  24.15
20230923, 1200,  , TD, 15.6N,  38.0W,  30, 1007,    0,    0,    0,    0,    0,    0,    0,    0,    0,    0,    0,    0,   70,  24.88,  24.94,  25.11,  25.11,  25.17,  25.04,  25.21,  25.31,  25.29,  25.38,  25.27,  24.59,  25.26,  24.95,  25.01,  25.07,  24.67,  25.06,  24.84,  24.32,  24.52,  24.60,  24.83,  24.31,  25.04,  24.83,  25.35,  25.07,  25.00,  25.02,  24.81
20230923, 1800,  , TS, 15.7N,  39.1W,  35, 1005,  100,    0,    0,    0,    0,    0,    0,    0,    0,    0,    0,    0,   60,  24.82,  24.87,  24.86,  24.80,  25.36,  25.40,  25.26,  25.42,  25.39,  25.64,  25.43,  25.42,  25.46,  25.41,  25.62,  25.02,  25.31,  24.97,  24.79,  24.83,  25.12,  25.34,  24.74,  25.00,  25.08,  25.23,  25.66,  25.03,  25.28,  25.07,  25.22
20230924, 0000,  , TS, 15.8N,  39.8W,  40, 1003,  100,    0,    0,    0,    0,    0,    0,    0,    0,    0,    0,    0,   50,  25.55,  25.46,  25.77,  25.67,  25.79,  25.48,  25.60,  25.73,  25.71,  25.62,  25.49,  25.56,  25.79,  25.85,  25.46,  25.70,  25.36,  25.36,  25.42,  25.26,  25.45,  25.18,  25.17,  25.18,  25.05,  25.75,  25.40,  25.70,  25.41,  25.27,  25.32
20230924, 0600,  , TS, 16.0N,  40.5W,  45, 1001,  100,   60,    0,    0,    0,    0,    0,    0,    0,    0,    0,    0,   50,  25.34,  25.49,  25.64,  25.45,  25.75,  25.29,  25.36,  25.44,  25.41,  25.44,  25.47,  25.31,  25.57,  25.47,  24.99,  25.51,  25.16,  25.27,  24.94,  24.91,  25.38,  25.35,  25.14,  25.68,  25.20,  25.42,  25.09,  25.13,  24.97,  24.91,  24.80
20230924, 1200,  , TS, 16.3N,  41.3W,  45, 1000,  100,   80,    0,   80,    0,    0,    0,    0,    0,    0,    0,    0,   40,  25.61,  25.47,  25.36,  25.22,  25.70,  25.30,  25.24,  25.69,  25.68,  25.43,  24.97,  25.16,  25.61,  25.38,  25.30,  25.71,  25.41,  25.61,  25.41,  25.41,  25.43,  25.29,  25.11,  26.01,  25.22,  25.52,  25.14,  25.30,  25.07,  25.14,  24.84
20230924, 1800,  , TS, 16.6N,  42.0W,  45, 1000,  100,   80,    0,   80,    0,    0,    0,    0,    0,    0,    0,    0,   40,  26.00,  25.54,  25.35,  25.70,  25.48,  25.91,  25.73,  26.07,  25.68,  25.64,  26.02,  25.76,  26.29,  25.94,  25.68,  26.17,  25.81,  26.50,  26.14,  26.45,  26.37,  26.23,  25.89,  26.01,  25.95,  25.62,  25.75,  25.83,  25.44,  24.79,  24.77
20230925, 0000,  , TS, 16.9N,  42.9W,  45, 1000,  100,   70,    0,   70,    0,    0,    0,    0,    0,    0,    0,    0,   40,  25.45,  25.53,  25.59,  26.04,  25.70,  25.92,  26.87,  25.87,  26.22,  26.59,  26.25,  26.48,  26.46,  25.77,  26.59,  25.73,  26.68,  26.03,  27.02,  26.93,  26.61,  26.80,  26.10,  26.50,  26.64,  26.00,  26.93,  26.50,  26.19,  26.28,  25.94
20230925, 0600,  , TS, 17.1N,  43.8W,  50,  998,  100,   70,    0,   70,   30,    0,    0,    0,    0,    0,    0,    0,   30,  25.93,  26.31,  26.21,  27.00,  26.39,  26.23,  26.60,  25.73,  26.45,  25.97,  25.98,  26.30,  26.18,  25.71,  26.36,  25.85,  26.79,  26.50,  27.67,  26.13,  25.93,  26.04,  25.40,  26.46,  26.47,  25.57,  26.51,  26.14,  25.81,  25.73,  25.07
20230925, 1200,  , TS, 17.1N,  44.8W,  50,  998,  100,   70,    0,   70,   30,    0,    0,    0,    0,    0,    0,    0,   30,  26.22,  26.05,  26.22,  26.37,  26.08,  26.18,  26.40,  25.57,  26.68,  26.31,  26.23,  26.56,  26.53,  26.53,  26.75,  26.41,  26.79,  26.56,  26.88,  25.99,  26.67,  27.00,  26.29,  27.08,  26.61,  26.41,  26.43,  26.09,  25.54,  25.17,  24.39
20230925, 1800,  , TS, 17.1N,  46.2W,  45, 1000,  110,  100,    0,   50,    0,    0,    0,    0,    0,    0,    0,    0,   40,  27.17,  27.01,  26.75,  27.33,  27.05,  27.79,  27.05,  26.96,  27.39,  26.72,  27.21,  26.81,  27.10,  27.01,  26.58,  26.65,  26.33,  26.64,  26.50,  25.80,  26.18,  25.43,  26.45,  26.65,  25.98,  26.39,  26.22,  25.87,  26.09,  25.78,  25.63
20230926, 0000,  , TS, 17.4N,  47.3W,  45, 1001,  130,  150,    0,   50,    0,    0,    0,    0,    0,    0,    0,    0,   50,  27.28,  27.79,  27.54,  27.36,  27.83,  27.26,  27.16,  27.33,  27.04,  27.20,  26.95,  27.04,  27.09,  27.07,  26.95,  26.96,  27.28,  27.04,  27.02,  26.88,  26.96,  27.02,  26.65,  26.42,  26.85,  26.28,  26.35,  26.18,  25.87,  25.50,  25.45
20230926, 0600,  , TS, 17.5N,  48.5W,  45, 1001,  140,  150,    0,   50,    0,    0,    0,    0,    0,    0,    0,    0,   50,  27.06,  27.11,  27.65,  26.89,  27.40,  26.97,  27.02,  26.83,  26.77,  27.33,  26.86,  27.10,  27.16,  27.23,  27.27,  27.19,  26.86,  26.76,  26.92,  27.02,  27.07,  26.95,  27.20,  27.30,  27.02,  27.39,  27.07,  27.01,  26.87,  26.74,  26.42
20230926, 1200,  , TS, 17.4N,  49.7W,  40, 1003,  150,  150,    0,    0,    0,    0,    0,    0,    0,    0,    0,    0,   60,  27.54,  27.17,  27.16,  27.56,  27.63,  27.64,  27.61,  27.44,  27.52,  27.36,  27.18,  27.68,  27.31,  27.51,  27.49,  27.31,  27.69,  27.40,  27.35,  27.24,  27.36,  27.36,  27.68,  27.53,  27.19,  27.51,  27.43,  27.34,  27.19,  26.71,  27.12
20230926, 1800,  , TS, 17.1N,  50.8W,  40, 1003,  170,  160,    0,    0,    0,    0,    0,    0,    0,    0,    0,    0,   70,  26.99,  26.55,  26.58,  26.80,  26.74,  27.25,  27.10,  27.13,  27.17,  27.07,  26.98,  26.96,  26.76,  26.82,  26.82,  26.77,  26.93,  26.76,  26.94,  27.00,  27.18,  27.24,  26.95,  27.32,  27.17,  27.13,  26.68,  26.99,  27.00,  26.93,  27.32
20230927, 0000,  , TS, 17.2N,  51.6W,  40, 1003,  190,  170,    0,    0,    0,    0,    0,    0,    0,    0,    0,    0,   80,  26.90,  27.02,  27.16,  26.54,  27.54,  26.92,  26.80,  26.78,  26.82,  27.11,  27.19,  26.85,  26.86,  27.07,  27.11,  27.38,  26.88,  27.18,  27.14,  27.07,  27.31,  27.47,  27.29,  27.01,  27.30,  27.34,  27.15,  27.02,  27.11,  26.87,  26.97
20230927, 0600,  , TS, 17.4N,  52.3W,  40, 1003,  170,  170,    0,    0,    0,    0,    0,    0,    0,    0,    0,    0,   80,  26.41,  27.69,  27.52,  27.17,  27.95,  27.38,  27.60,  27.98,  27.69,  27.59,  27.94,  27.99,  27.32,  27.66,  27.75,  27.63,  27.23,  27.28,  27.56,  27.46,  27.28,  27.18,  27.43,  27.42,  27.50,  27.50,  27.50,  27.63,  27.72,  27.70,  27.43
20230927, 1200,  , TS, 17.5N,  53.0W,  45, 1000,  150,  130,    0,    0,    0,    0,    0,    0,    0,    0,    0,    0,   80,  26.42,  27.54,  27.81,  27.38,  28.43,  28.11,  28.15,  28.34,  28.12,  28.10,  28.40,  28.46,  28.15,  28.03,  28.15,  28.23,  27.91,  28.22,  28.09,  28.32,  28.15,  28.04,  27.89,  28.02,  28.00,  27.54,  28.02,  27.97,  27.60,  27.88,  27.84
20230927, 1800,  , TS, 17.8N,  53.7W,  45, 1000,  140,  130,    0,    0,    0,    0,    0,    0,    0,    0,    0,    0,   80,  26.33,  26.57,  27.13,  27.07,  27.01,  27.37,  27.19,  27.96,  27.68,  27.83,  27.75,  28.13,  27.91,  27.99,  28.11,  27.76,  27.88,  28.23,  28.17,  28.35,  28.12,  27.90,  27.89,  27.98,  27.95,  27.90,  27.67,  27.88,  27.77,  27.58,  27.86
20230928, 0000,  , TS, 18.1N,  54.3W,  40, 1002,  130,  130,    0,    0,    0,    0,    0,    0,    0,    0,    0,    0,   90,  27.67,  27.73,  27.30,  28.11,  27.85,  27.11,  27.72,  27.55,  27.77,  27.70,  27.34,  27.45,  27.88,  27.76,  27.79,  27.45,  27.59,  27.65,  27.93,  28.42,  27.87,  28.01,  27.98,  27.90,  27.18,  27.77,  27.88,  28.13,  27.85,  27.61,  27.55
20230928, 0600,  , TS, 18.5N,  54.5W,  40, 1002,  120,  120,    0,    0,    0,    0,    0,    0,    0,    0,    0,    0,   90,  27.79,  27.57,  27.32,  28.09,  27.36,  27.41,  28.06,  27.96,  27.96,  27.92,  27.92,  28.00,  28.31,  28.09,  27.93,  27.88,  27.51,  27.47,  28.01,  27.94,  28.00,  27.72,  27.99,  27.70,  27.50,  27.40,  27.13,  27.40,  28.13,  27.23,  27.20
20230928, 1200,  , TS, 18.7N,  54.7W,  40, 1002,  120,  120,    0,    0,    0,    0,    0,    0,    0,    0,    0,    0,   90,  27.88,  27.27,  27.12,  28.12,  27.69,  27.69,  28.12,  28.38,  28.07,  28.40,  28.32,  28.06,  27.94,  27.91,  27.86,  28.00,  27.48,  27.17,  27.30,  27.83,  28.06,  27.79,  28.06,  28.05,  27.89,  27.74,  27.56,  27.77,  27.79,  27.76,  27.62
20230928, 1800,  , TS, 18.6N,  54.8W,  40, 1002,  110,  110,    0,    0,    0,    0,    0,    0,    0,    0,    0,    0,   90,  27.76,  27.21,  27.25,  28.20,  27.80,  27.55,  28.26,  28.16,  28.14,  28.36,  28.25,  28.13,  28.03,  28.08,  27.97,  27.73,  27.43,  26.98,  27.10,  27.81,  28.26,  28.02,  28.01,  27.89,  27.43,  27.59,  27.71,  27.39,  27.62,  28.04,  27.68
20230929, 0000,  , TS, 18.5N,  54.9W,  40, 1002,  110,  110,    0,    0,    0,    0,    0,    0,    0,    0,    0,    0,   80,  27.21,  27.25,  28.20,  27.80,  27.55,  28.26,  28.16,  28.14,  28.36,  28.25,  28.13,  28.03,  28.08,  27.97,  27.73,  27.43,  26.98,  27.10,  27.81,  28.26,  28.02,  28.01,  27.89,  27.43,  27.59,  27.71,  27.39,  27.62,  28.04,  27.68,  27.90
20230929, 0600,  , TS, 18.4N,  55.0W,  40, 1002,  100,  110,    0,    0,    0,    0,    0,    0,    0,    0,    0,    0,   80,  27.15,  27.24,  28.18,  27.78,  27.57,  28.34,  28.06,  28.20,  28.37,  28.14,  28.16,  28.01,  27.89,  27.95,  27.62,  27.46,  27.00,  27.08,  27.90,  28.27,  28.06,  27.96,  27.84,  27.44,  27.58,  27.42,  27.53,  27.84,  28.09,  27.69,  28.07
20230929, 1200,  , TS, 18.2N,  55.3W,  45, 1002,  100,  110,    0,    0,    0,    0,    0,    0,    0,    0,    0,    0,   80,  27.42,  28.16,  28.04,  27.53,  27.61,  27.83,  27.53,  28.11,  28.13,  27.44,  27.56,  27.98,  27.97,  28.40,  27.85,  27.77,  27.20,  26.64,  27.77,  27.49,  27.46,  27.49,  27.59,  27.78,  27.65,  27.62,  27.73,  27.51,  27.46,  27.78,  27.87
20230929, 1800,  , TS, 18.0N,  55.6W,  45, 1002,   90,  120,    0,    0,    0,    0,    0,    0,    0,    0,    0,    0,   80,  27.71,  27.99,  27.82,  27.69,  27.84,  27.95,  27.51,  28.09,  27.98,  27.32,  27.67,  27.91,  27.97,  27.93,  27.61,  27.79,  27.03,  26.62,  27.71,  27.35,  27.82,  27.59,  27.39,  27.42,  27.52,  27.65,  27.91,  27.44,  27.45,  27.65,  27.66
20230930, 0000,  , TS, 17.6N,  55.7W,  45, 1001,   90,  120,    0,    0,    0,    0,    0,    0,    0,    0,    0,    0,   80,  28.08,  28.01,  28.00,  28.09,  28.01,  28.11,  28.37,  28.04,  27.98,  28.20,  28.10,  27.91,  28.09,  27.94,  28.00,  27.47,  26.81,  27.50,  27.55,  28.15,  27.52,  27.52,  27.60,  27.27,  27.48,  27.52,  27.69,  27.28,  27.40,  27.14,  27.05
20230930, 0600,  , TS, 17.2N,  55.8W,  45,  999,   90,  120,    0,   70,    0,    0,    0,    0,    0,    0,    0,    0,   80,  27.87,  27.59,  27.98,  28.29,  28.23,  27.86,  27.94,  28.08,  27.82,  28.03,  27.96,  28.03,  27.91,  28.12,  28.10,  27.81,  27.64,  27.59,  28.13,  28.24,  27.71,  27.78,  27.86,  27.86,  27.60,  27.54,  27.83,  27.56,  27.44,  27.66,  27.44
20230930, 1200,  , TS, 16.8N,  56.0W,  45,  999,  100,  120,    0,   70,    0,    0,    0,    0,    0,    0,    0,    0,   80,  28.07,  28.02,  28.54,  28.47,  28.20,  28.01,  28.04,  28.21,  27.89,  28.08,  28.03,  28.13,  28.18,  28.57,  28.23,  28.20,  27.95,  28.27,  28.46,  28.52,  28.15,  27.98,  27.90,  27.80,  27.78,  28.11,  27.84,  27.39,  27.96,  27.89,  27.86
20230930, 1800,  , TS, 16.4N,  56.3W,  50,  998,  110,  130,    0,   80,    0,   70,    0,    0,    0,    0,    0,    0,   70,  28.21,  27.93,  28.47,  28.63,  28.65,  28.66,  28.67,  28.26,  28.17,  28.30,  28.17,  28.30,  28.28,  28.13,  28.18,  28.20,  28.33,  28.35,  28.69,  28.66,  28.50,  28.36,  27.84,  27.97,  28.05,  28.41,  28.16,  28.09,  28.50,  28.00,  27.72
20231001, 0000,  , TS, 16.1N,  56.7W,  50,  998,  100,  130,    0,   80,    0,   70,    0,    0,    0,    0,    0,    0,   70,  28.31,  28.35,  28.03,  28.08,  28.49,  28.73,  28.42,  28.41,  28.52,  28.18,  28.10,  28.38,  28.11,  27.94,  27.95,  28.40,  27.64,  28.19,  27.37,  28.35,  27.73,  27.61,  27.71,  27.80,  28.01,  28.07,  28.06,  28.43,  27.99,  27.09,  27.04
20231001, 0600,  , TS, 16.0N,  57.5W,  50,  999,  100,  140,    0,   60,    0,   70,    0,    0,    0,    0,    0,    0,   70,  27.78,  27.96,  27.97,  28.24,  28.26,  28.01,  27.99,  28.12,  28.18,  28.22,  28.32,  28.73,  28.46,  27.97,  28.29,  28.26,  27.61,  27.40,  27.16,  27.76,  26.91,  26.82,  27.05,  27.18,  26.88,  26.75,  27.30,  27.07,  27.30,  27.14,  26.84
20231001, 1200,  , TS, 16.0N,  58.4W,  45, 1001,  100,  140,    0,    0,    0,    0,    0,    0,    0,    0,    0,    0,   70,  27.95,  27.92,  27.78,  27.82,  27.80,  27.68,  27.82,  27.95,  27.91,  27.69,  27.84,  28.20,  28.09,  27.95,  28.14,  28.29,  28.04,  27.53,  28.29,  27.86,  27.48,  27.47,  27.41,  27.34,  26.76,  27.12,  27.01,  27.34,  27.28,  27.02,  27.09
20231001, 1800,  , TS, 16.2N,  58.8W,  45, 1001,  100,  150,    0,    0,    0,    0,    0,    0,    0,    0,    0,    0,   70,  28.01,  27.94,  27.88,  27.87,  27.84,  27.74,  28.02,  28.29,  28.26,  27.92,  28.01,  28.23,  28.09,  28.12,  28.27,  28.18,  27.93,  27.08,  27.84,  27.59,  27.45,  27.34,  27.21,  27.47,  27.16,  27.14,  26.83,  27.06,  27.08,  26.95,  26.74
20231002, 0000,  , TS, 16.5N,  59.0W,  45,  999,  100,  150,    0,    0,    0,    0,    0,    0,    0,    0,    0,    0,   70,  28.37,  28.24,  28.13,  28.25,  28.08,  28.24,  28.39,  28.10,  28.06,  28.00,  27.89,  27.95,  27.80,  28.03,  27.70,  27.60,  26.84,  27.39,  26.86,  27.79,  27.38,  27.04,  27.19,  27.20,  27.34,  27.05,  26.99,  26.93,  27.25,  26.76,  26.89
20231002, 0600,  , TS, 16.8N,  59.7W,  45,  999,  100,  150,    0,    0,    0,    0,    0,    0,    0,    0,    0,    0,   70,  27.59,  27.61,  28.04,  28.20,  27.63,  27.90,  28.09,  27.96,  28.10,  28.12,  28.37,  28.18,  27.93,  28.06,  28.28,  27.95,  27.34,  27.36,  27.36,  27.63,  27.52,  27.36,  27.33,  27.50,  27.50,  27.54,  27.41,  27.49,  27.23,  27.25,  27.07
20231002, 1200,  , TS, 16.9N,  60.5W,  45, 1000,  100,  150,    0,    0,    0,    0,    0,    0,    0,    0,    0,    0,   70,  27.00,  27.34,  27.22,  27.18,  27.28,  27.30,  27.60,  27.40,  27.17,  27.34,  27.55,  27.57,  27.56,  27.54,  27.97,  27.78,  27.29,  27.42,  27.91,  27.72,  27.41,  27.69,  27.27,  27.21,  27.69,  27.17,  27.36,  27.59,  27.24,  27.06,  27.29
20231002, 1800,  , TS, 17.3N,  61.2W,  45, 1001,  110,  150,    0,    0,    0,    0,    0,    0,    0,    0,    0,    0,   70,  26.68,  27.25,  27.02,  26.66,  27.19,  26.82,  26.91,  26.81,  26.72,  26.98,  27.00,  26.69,  27.20,  27.11,  26.82,  27.00,  26.96,  27.02,  27.19,  26.60,  26.53,  27.02,  27.07,  27.32,  27.46,  27.39,  27.32,  27.11,  26.90,  27.33,  27.29
20231002, 2245, L, TS, 17.6N,  61.8W,  45, 1001,  110,  150,    0,    0,    0,    0,    0,    0,    0,    0,    0,    0,   70,  27.05,  27.84,  28.16,  27.70,  27.70,  27.36,  27.75,  27.67,  27.37,  28.15,  28.04,  27.26,  28.00,  28.14,  28.21,  27.23,  27.24,  27.52,  28.45,  27.33,  27.32,  28.03,  27.50,  27.36,  26.89,  27.45,  27.93,  26.87,  27.49,  27.95,  27.94
20231003, 0000,  , TS, 17.6N,  61.9W,  45, 1001,  110,  150,    0,    0,    0,    0,    0,    0,    0,    0,    0,    0,   80,  27.32,  27.57,  27.18,  27.09,  27.50,  27.64,  27.46,  27.45,  27.92,  27.82,  27.65,  27.45,  27.64,  27.43,  27.47,  27.33,  27.72,  27.16,  27.21,  27.23,  27.15,  27.04,  27.27,  27.28,  27.07,  27.15,  27.16,  27.12,  27.24,  27.10,  27.51
20231003, 0600,  , TS, 18.1N,  62.7W,  45, 1001,  110,  150,    0,    0,    0,    0,    0,    0,    0,    0,    0,    0,   80,  28.27,  28.31,  28.24,  28.27,  28.35,  28.33,  27.94,  28.17,  28.12,  28.16,  28.36,  28.40,  28.28,  28.06,  28.05,  28.23,  28.27,  27.93,  28.05,  28.21,  28.12,  28.14,  27.99,  27.85,  28.15,  28.18,  27.86,  27.95,  27.98,  27.88,  28.04
20231003, 1200,  , TS, 18.6N,  63.6W,  40, 1003,  110,  150,    0,    0,    0,    0,    0,    0,    0,    0,    0,    0,   90,  28.28,  28.11,  28.02,  27.57,  27.56,  27.53,  27.52,  27.94,  28.06,  28.00,  27.34,  27.42,  27.78,  27.66,  27.59,  27.93,  27.47,  27.67,  28.16,  28.13,  27.61,  27.45,  27.54,  27.95,  28.37,  28.27,  27.99,  27.82,  27.66,  27.38,  27.16
20231003, 1800,  , TS, 19.1N,  64.5W,  40, 1004,  100,  140,    0,    0,    0,    0,    0,    0,    0,    0,    0,    0,   90,  27.74,  27.40,  27.66,  27.60,  27.87,  27.78,  27.62,  27.91,  27.88,  27.67,  27.55,  27.52,  26.99,  27.04,  27.76,  27.54,  27.51,  28.01,  28.21,  28.97,  28.10,  28.50,  27.87,  27.67,  27.65,  27.85,  28.10,  28.01,  27.66,  27.66,  28.00
20231004, 0000,  , TS, 19.5N,  65.2W,  40, 1004,  110,  130,    0,    0,    0,    0,    0,    0,    0,    0,    0,    0,   90,  27.49,  27.38,  27.28,  27.43,  27.64,  27.68,  27.73,  28.04,  28.46,  28.62,  28.65,  28.34,  28.11,  28.51,  28.29,  28.72,  28.48,  28.65,  28.12,  27.96,  28.19,  28.75,  28.48,  28.33,  28.41,  28.09,  27.77,  27.75,  27.14,  27.74,  27.67
20231004, 0600,  , TS, 20.2N,  65.4W,  40, 1004,  130,  120,    0,    0,    0,    0,    0,    0,    0,    0,    0,    0,  100,  26.78,  26.63,  26.69,  26.51,  26.75,  26.80,  26.95,  26.74,  27.09,  27.66,  28.21,  28.36,  28.81,  28.60,  28.02,  28.10,  28.20,  28.18,  27.91,  27.61,  28.00,  28.32,  28.24,  27.78,  28.19,  27.63,  27.37,  27.63,  27.74,  27.85,  27.82
20231004, 1200,  , TS, 21.2N,  65.6W,  40, 1004,  110,  150,    0,    0,    0,    0,    0,    0,    0,    0,    0,    0,  100,  27.58,  27.71,  27.88,  27.26,  27.39,  27.81,  27.84,  28.02,  27.89,  28.00,  28.02,  27.68,  27.38,  27.53,  27.53,  27.54,  27.06,  27.43,  27.21,  27.00,  26.93,  27.42,  27.54,  27.42,  27.27,  27.78,  28.11,  28.11,  27.96,  27.96,  27.53
20231004, 1800,  , TS, 22.2N,  65.8W,  35, 1004,  100,  180,    0,    0,    0,    0,    0,    0,    0,    0,    0,    0,  100,  28.16,  28.33,  28.47,  28.87,  28.85,  28.52,  27.99,  27.76,  27.15,  27.16,  27.45,  27.65,  27.74,  27.75,  27.64,  27.69,  27.28,  27.37,  27.03,  27.16,  27.03,  27.61,  27.66,  26.75,  27.23,  27.55,  27.46,  27.33,  27.10,  27.42,  27.72
20231005, 0000,  , TS, 23.1N,  66.0W,  35, 1004,  100,  180,    0,    0,    0,    0,    0,    0,    0,    0,    0,    0,  100,  26.57,  26.95,  27.43,  27.03,  27.01,  27.26,  27.13,  27.04,  26.88,  27.17,  27.20,  26.82,  26.56,  26.84,  26.95,  26.91,  27.28,  27.26,  27.15,  26.96,  27.11,  27.01,  26.60,  26.32,  26.39,  26.54,  26.95,  26.98,  27.00,  26.55,  26.26
20231005, 0600,  , TS, 24.0N,  66.2W,  40, 1004,  100,  200,    0,    0,    0,    0,    0,    0,    0,    0,    0,    0,   90,  26.20,  25.81,  25.89,  25.87,  25.62,  25.20,  25.75,  26.10,  26.24,  26.56,  26.61,  26.33,  26.44,  26.27,  26.08,  26.16,  26.24,  26.03,  25.78,  25.47,  26.01,  26.45,  25.84,  25.62,  26.20,  26.09,  26.40,  26.38,  26.41,  26.24,  25.91
20231005, 1200,  , TS, 25.1N,  66.3W,  45, 1004,  120,  200,    0,    0,    0,    0,    0,    0,    0,    0,    0,    0,   80,  24.85,  25.01,  24.65,  23.99,  24.09,  23.75,  23.54,  23.99,  24.29,  24.35,  24.69,  24.55,  24.53,  24.55,  25.23,  25.05,  24.72,  24.75,  25.05,  25.37,  25.89,  25.55,  25.28,  25.23,  25.41,  24.99,  24.77,  24.86,  25.17,  25.55,  25.44
20231005, 1800,  , TS, 26.4N,  66.1W,  45, 1004,  120,  200,    0,    0,    0,    0,    0,    0,    0,    0,    0,    0,   80,  24.51,  24.21,  24.38,  24.56,  25.26,  25.04,  24.98,  25.13,  25.21,  25.41,  25.74,  25.32,  25.99,  25.70,  25.11,  25.47,  24.83,  24.39,  24.98,  24.97,  25.15,  24.55,  24.39,  24.29,  24.40,  24.21,  24.35,  24.81,  25.01,  25.39,  25.50
20231006, 0000,  , TS, 27.6N,  66.0W,  45, 1004,  120,  200,    0,  100,    0,    0,    0,    0,    0,    0,    0,    0,   90,  22.94,  22.86,  22.90,  23.42,  23.16,  23.78,  23.87,  24.13,  23.77,  24.02,  24.50,  25.22,  24.76,  24.99,  24.99,  24.39,  25.15,  24.88,  25.67,  25.63,  24.86,  24.87,  24.47,  24.32,  23.96,  23.65,  23.73,  23.89,  24.31,  24.52,  24.06
20231006, 0600,  , TS, 28.7N,  65.5W,  45, 1003,  150,  150,    0,  130,    0,    0,    0,    0,    0,    0,    0,    0,  100,  23.60,  23.81,  24.20,  22.62,  22.66,  22.55,  21.96,  22.66,  22.36,  21.96,  22.56,  22.54,  22.77,  23.13,  23.68,  23.79,  23.49,  23.63,  22.91,  23.04,  23.44,  22.93,  23.06,  22.87,  23.78,  23.80,  23.99,  23.64,  23.78,  23.57,  24.05
