AL172021,               ROSE,     22,
20210919, 0000,  , TD, 10.4N,  27.4W,  30, 1008,    0,    0,    0,    0,    0,    0,    0,    0,    0,    0,    0,    0,   30,  35.83,  35.81,  35.80,  35.79,  35.77,  35.87,  35.73,  35.86,  35.79,  35.78,  35.81,  35.75,  35.77,  35.80,  35.79,  35.79,  35.77,  35.78,  35.76,  35.82,  35.80,  35.68,  35.78,  35.75,  35.79,  35.80,  35.79,  35.77,  35.83,  35.85,  35.81
20210919, 0600,  , TD, 11.3N,  27.8W,  30, 1008,    0,    0,    0,    0,    0,    0,    0,    0,    0,    0,    0,    0,   30,  35.77,  35.83,  35.76,  35.88,  35.69,  35.91,  35.82,  35.95,  35.78,  35.85,  35.77,  35.88,  35.77,  35.91,  35.84,  35.83,  35.83,  35.84,  35.84,  35.86,  35.82,  35.77,  35.82,  35.88,  35.80,  35.84,  35.85,  35.79,  35.90,  35.87,  35.90
20210919, 1200,  , TD, 12.6N,  28.4W,  30, 1008,    0,    0,    0,    0,    0,    0,    0,    0,    0,    0,    0,    0,   30,  36.14,  36.06,  36.15,  36.06,  36.09,  36.00,  36.05,  36.02,  36.05,  35.98,  35.99,  35.96,  35.91,  35.90,  35.87,  35.89,  35.89,  35.83,  35.92,  35.88,  35.90,  35.86,  35.81,  35.92,  35.81,  35.90,  35.85,  35.86,  35.96,  35.93,  35.89
20210919, 1800,  , TS, 13.8N,  29.4W,  35, 1007,   30,   30,    0,    0,    0,    0,    0,    0,    0,    0,    0,    0,   25,  36.54,  36.54,  36.44,  36.36,  36.37,  36.38,  36.35,  36.34,  36.32,  36.32,  36.29,  36.31,  36.33,  36.37,  36.30,  36.30,  36.33,  36.34,  36.43,  36.38,  36.34,  36.25,  36.22,  36.15,  36.13,  36.09,  36.06,  36.13,  36.16,  36.29,  36.21
20210920, 0000,  , TS, 14.7N,  30.6W,  35, 1007,   30,   30,    0,    0,    0,    0,    0,    0,    0,    0,    0,    0,   25,  36.72,  36.66,  36.63,  36.63,  36.64,  36.65,  36.63,  36.63,  36.64,  36.68,  36.68,  36.67,  36.73,  36.74,  36.62,  36.59,  36.63,  36.63,  36.62,  36.57,  36.58,  36.49,  36.48,  36.41,  36.26,  36.12,  36.13,  36.18,  36.28,  36.45,  36.42
20210920, 0600,  , TS, 15.6N,  31.8W,  35, 1007,   30,   30,   30,    0,    0,    0,    0,    0,    0,    0,    0,    0,   25,  36.94,  36.98,  36.89,  36.88,  36.87,  36.89,  36.88,  36.91,  36.91,  36.92,  36.93,  36.91,  36.93,  36.89,  36.88,  36.87,  36.85,  36.79,  36.80,  36.78,  36.78,  36.76,  36.77,  36.79,  36.80,  36.81,  36.83,  36.84,  36.83,  36.83,  36.82
20210920, 1200,  , TS, 16.7N,  32.9W,  35, 1007,   30,   30,   30,    0,    0,    0,    0,    0,    0,    0,    0,    0,   25,  36.84,  36.84,  36.87,  36.87,  36.91,  36.90,  36.90,  36.89,  36.90,  36.96,  36.92,  37.00,  37.01,  37.05,  37.09,  37.08,  37.11,  37.07,  37.03,  36.99,  36.97,  36.97,  36.97,  37.03,  37.04,  37.04,  37.05,  36.99,  36.95,  37.02,  36.99
20210920, 1800,  , TS, 17.7N,  34.1W,  40, 1006,   60,   60,   40,    0,    0,    0,    0,    0,    0,    0,    0,    0,   25,  36.90,  36.91,  36.93,  36.91,  36.93,  36.91,  36.90,  36.87,  36.88,  36.90,  36.90,  36.92,  36.93,  36.91,  36.93,  36.95,  36.98,  36.97,  36.97,  36.95,  36.89,  36.86,  36.85,  36.84,  36.85,  36.80,  36.84,  36.81,  36.82,  36.84,  36.84
20210921, 0000,  , TS, 18.8N,  35.3W,  50, 1004,   80,   80,   40,    0,   30,    0,    0,    0,    0,    0,    0,    0,   30,  37.15,  37.13,  37.09,  37.12,  37.14,  37.14,  37.14,  37.13,  37.12,  37.12,  37.13,  37.13,  37.12,  37.11,  37.14,  37.16,  37.18,  37.18,  37.17,  37.15,  37.12,  37.09,  37.06,  37.03,  36.99,  37.00,  36.98,  36.93,  36.94,  36.95,  36.98
20210921, 0600,  , TS, 20.0N,  36.1W,  40, 1006,   80,   80,   40,    0,    0,    0,    0,    0,    0,    0,    0,    0,   50,  37.01,  37.00,  37.00,  37.02,  36.99,  37.02,  37.03,  37.09,  37.19,  37.28,  37.32,  37.33,  37.33,  37.30,  37.31,  37.31,  37.30,  37.27,  37.26,  37.22,  37.20,  37.18,  37.16,  37.16,  37.18,  37.19,  37.17,  37.17,  37.19,  37.19,  37.20
20210921, 1200,  , TS, 21.1N,  36.7W,  35, 1007,   80,   80,    0,    0,    0,    0,    0,    0,    0,    0,    0,    0,   70,  37.34,  37.35,  37.37,  37.38,  37.38,  37.37,  37.37,  37.39,  37.40,  37.39,  37.40,  37.40,  37.41,  37.41,  37.40,  37.38,  37.37,  37.35,  37.34,  37.34,  37.35,  37.37,  37.35,  37.34,  37.35,  37.33,  37.32,  37.29,  37.28,  37.27,  37.28
20210921, 1800,  , TS, 22.1N,  37.3W,  35, 1007,   80,   80,    0,    0,    0,    0,    0,    0,    0,    0,    0,    0,   70,  37.25,  37.23,  37.26,  37.30,  37.30,  37.30,  37.31,  37.32,  37.31,  37.29,  37.28,  37.27,  37.27,  37.28,  37.28,  37.28,  37.27,  37.28,  37.27,  37.28,  37.31,  37.34,  37.31,  37.37,  37.39,  37.38,  37.35,  37.33,  37.33,  37.34,  37.36
20210922, 0000,  , TS, 22.7N,  37.7W,  35, 1008,   90,   90,    0,    0,    0,    0,    0,    0,    0,    0,    0,    0,   80,  37.24,  37.25,  37.30,  37.29,  37.30,  37.32,  37.36,  37.37,  37.37,  37.35,  37.34,  37.32,  37.34,  37.33,  37.35,  37.34,  37.28,  37.26,  37.26,  37.25,  37.23,  37.22,  37.31,  37.32,  37.31,  37.32,  37.34,  37.32,  37.32,  37.33,  37.33
20210922, 0600,  , TD, 23.1N,  38.1W,  30, 1009,    0,    0,    0,    0,    0,    0,    0,    0,    0,    0,    0,    0,   80,  37.21,  37.21,  37.28,  37.28,  37.29,  37.28,  37.26,  37.23,  37.21,  37.23,  37.25,  37.26,  37.27,  37.26,  37.29,  37.27,  37.22,  37.21,  37.24,  37.22,  37.19,  37.17,  37.23,  37.24,  37.24,  37.23,  37.24,  37.23,  37.26,  37.30,  37.33
20210922, 1200,  , LO, 23.4N,  38.8W,  30, 1009,    0,    0,    0,    0,    0,    0,    0,    0,    0,    0,    0,    0,   80,  37.23,  37.24,  37.23,  37.22,  37.21,  37.21,  37.21,  37.21,  37.19,  37.19,  37.18,  37.18,  37.19,  37.19,  37.21,  37.22,  37.18,  37.23,  37.25,  37.24,  37.23,  37.23,  37.25,  37.27,  37.28,  37.28,  37.28,  37.28,  37.31,  37.33,  37.32
20210922, 1800,  , LO, 23.8N,  39.7W,  30, 1010,    0,    0,    0,    0,    0,    0,    0,    0,    0,    0,    0,    0,   80,  37.26,  37.28,  37.28,  37.26,  37.25,  37.24,  37.25,  37.26,  37.26,  37.25,  37.26,  37.27,  37.30,  37.35,  37.34,  37.34,  37.31,  37.34,  37.32,  37.30,  37.31,  37.30,  37.31,  37.32,  37.30,  37.28,  37.29,  37.28,  37.29,  37.33,  37.32
20210923, 0000,  , LO, 24.2N,  40.6W,  30, 1010,    0,    0,    0,    0,    0,    0,    0,    0,    0,    0,    0,    0,   90,  37.30,  37.31,  37.30,  37.29,  37.30,  37.31,  37.33,  37.34,  37.31,  37.32,  37.33,  37.36,  37.37,  37.38,  37.36,  37.37,  37.39,  37.38,  37.37,  37.36,  37.34,  37.31,  37.31,  37.30,  37.28,  37.30,  37.28,  37.30,  37.31,  37.33,  37.36
20210923, 0600,  , LO, 25.0N,  41.4W,  30, 1010,    0,    0,    0,    0,    0,    0,    0,    0,    0,    0,    0,    0,   90,  37.31,  37.31,  37.31,  37.35,  37.34,  37.33,  37.28,  37.26,  37.26,  37.27,  37.29,  37.29,  37.31,  37.34,  37.30,  37.31,  37.32,  37.37,  37.41,  37.39,  37.38,  37.41,  37.42,  37.39,  37.35,  37.53,  37.60,  37.62,  37.62,  37.57,  37.54
20210923, 1200,  , LO, 26.0N,  41.9W,  25, 1010,    0,    0,    0,    0,    0,    0,    0,    0,    0,    0,    0,    0,   90,  37.30,  37.30,  37.31,  37.29,  37.29,  37.26,  37.26,  37.24,  37.23,  37.20,  37.20,  37.20,  37.19,  37.37,  37.37,  37.36,  37.35,  37.33,  37.29,  37.26,  37.22,  37.20,  37.23,  37.23,  37.26,  37.38,  37.36,  37.32,  37.29,  37.24,  37.22
20210923, 1800,  , LO, 27.0N,  42.0W,  25, 1010,    0,    0,    0,    0,    0,    0,    0,    0,    0,    0,    0,    0,   90,  37.24,  37.23,  37.24,  37.26,  37.27,  37.29,  37.30,  37.27,  37.26,  37.28,  37.28,  37.26,  37.28,  37.31,  37.30,  37.28,  37.23,  37.19,  37.10,  37.07,  37.03,  37.06,  37.03,  37.04,  37.08,  37.15,  37.14,  37.10,  37.15,  37.10,  37.05
20210924, 0000,  , LO, 27.8N,  42.0W,  25, 1010,    0,    0,    0,    0,    0,    0,    0,    0,    0,    0,    0,    0,   90,  37.13,  37.18,  37.17,  37.15,  37.13,  37.10,  37.11,  37.13,  37.12,  37.10,  37.08,  37.08,  37.06,  37.08,  37.08,  37.06,  37.04,  37.03,  37.00,  37.00,  37.00,  37.01,  37.05,  37.06,  37.10,  37.12,  37.11,  37.11,  37.06,  37.01,  36.97
20210924, 0600,  , LO, 28.3N,  41.7W,  25, 1010,    0,    0,    0,    0,    0,    0,    0,    0,    0,    0,    0,    0,   90,  37.02,  37.01,  37.05,  37.05,  37.04,  37.03,  37.05,  37.08,  37.06,  37.03,  37.03,  37.02,  37.06,  37.06,  37.08,  37.10,  37.07,  37.06,  37.06,  37.06,  37.07,  37.06,  37.06,  37.04,  37.04,  37.04,  37.03,  37.01,  37.06,  37.08,  37.05
