AL182012,              SANDY,     45,
20121021, 1800,  , LO, 14.3N,  77.4W,  25, 1006,    0,    0,    0,    0,    0,    0,    0,    0,    0,    0,    0,    0, -999,  28.86,  29.08,  29.03,  28.89,  29.03,  29.04,  29.09,  29.08,  29.29,  29.06,  29.48,  29.62,  29.56,  29.32,  29.10,  29.10,  29.04,  28.97,  28.81,  28.48,  28.67,  28.83,  28.90,  29.00,  28.95,  28.91,  28.94,  28.94,  28.86,  28.91,  29.01
20121022, 0000,  , LO, 13.9N,  77.8W,  25, 1005,    0,    0,    0,    0,    0,    0,    0,    0,    0,    0,    0,    0, -999,  28.68,  28.86,  28.82,  28.94,  28.79,  29.10,  29.16,  29.13,  28.91,  29.16,  29.26,  29.32,  29.29,  29.33,  29.04,  29.14,  29.12,  28.89,  28.73,  28.57,  28.40,  28.48,  28.67,  28.75,  28.75,  28.89,  28.87,  28.84,  29.01,  28.64,  28.81
20121022, 0600,  , LO, 13.5N,  78.2W,  25, 1003,    0,    0,    0,    0,    0,    0,    0,    0,    0,    0,    0,    0, -999,  28.76,  28.72,  28.53,  28.57,  28.66,  28.86,  28.89,  29.11,  28.84,  28.97,  29.18,  29.15,  29.22,  29.21,  28.95,  28.99,  29.02,  29.00,  28.86,  28.62,  28.60,  28.53,  28.55,  28.72,  28.75,  28.82,  28.83,  28.96,  29.16,  28.86,  28.76
20121022, 1200,  , TD, 13.1N,  78.6W,  30, 1002,    0,    0,    0,    0,    0,    0,    0,    0,    0,    0,    0,    0, -999,  28.45,  28.20,  28.48,  28.91,  28.60,  28.41,  28.75,  28.87,  28.63,  28.89,  28.82,  28.86,  28.77,  28.88,  29.02,  28.95,  28.87,  29.13,  28.96,  28.91,  28.63,  28.51,  28.62,  28.77,  28.86,  28.89,  28.76,  28.82,  29.06,  29.13,  28.87
20121022, 1800,  , TS, 12.7N,  78.7W,  35, 1000,   50,   60,    0,    0,    0,    0,    0,    0,    0,    0,    0,    0, -999,  28.17,  27.93,  27.97,  27.98,  28.04,  28.04,  28.70,  28.86,  28.55,  28.73,  28.93,  28.94,  28.93,  28.94,  28.81,  28.94,  28.91,  29.01,  28.97,  28.90,  28.71,  28.67,  28.65,  28.75,  28.81,  28.93,  28.83,  28.81,  28.93,  28.95,  28.82
20121023, 0000,  , TS, 12.6N,  78.4W,  40,  998,   50,   60,    0,    0,    0,    0,    0,    0,    0,    0,    0,    0, -999,  27.60,  27.97,  27.73,  27.77,  28.04,  28.64,  28.72,  28.50,  28.70,  28.91,  28.95,  28.68,  28.83,  28.79,  28.92,  28.85,  28.95,  28.92,  28.89,  28.73,  28.66,  28.67,  28.77,  28.80,  28.92,  28.79,  28.81,  28.91,  28.83,  28.81,  28.83
20121023, 0600,  , TS, 12.9N,  78.1W,  40,  998,   70,   80,    0,    0,    0,    0,    0,    0,    0,    0,    0,    0, -999,  28.75,  28.65,  28.61,  28.73,  28.85,  28.85,  28.83,  28.67,  28.91,  29.12,  28.89,  28.84,  29.14,  28.89,  28.92,  29.07,  29.03,  28.82,  28.81,  28.65,  28.77,  28.79,  28.74,  28.72,  28.78,  28.70,  28.83,  29.10,  28.82,  28.88,  28.73
20121023, 1200,  , TS, 13.4N,  77.9W,  40,  995,  100,  100,    0,    0,    0,    0,    0,    0,    0,    0,    0,    0, -999,  28.45,  28.69,  28.75,  28.88,  28.95,  28.93,  29.21,  28.88,  29.13,  29.19,  29.29,  29.11,  29.08,  28.99,  29.09,  28.86,  28.95,  28.64,  28.63,  28.56,  28.52,  28.63,  28.74,  28.68,  28.86,  28.70,  28.88,  29.18,  28.83,  28.71,  28.60
20121023, 1800,  , TS, 14.0N,  77.6W,  45,  993,  100,  120,    0,    0,    0,    0,    0,    0,    0,    0,    0,    0, -999,  28.88,  28.86,  28.80,  28.88,  29.00,  29.35,  29.32,  29.00,  29.26,  29.29,  29.44,  29.35,  29.20,  29.02,  29.21,  28.99,  28.86,  28.66,  28.42,  28.41,  28.67,  28.85,  28.79,  28.79,  28.90,  28.84,  28.81,  28.90,  28.72,  29.05,  29.06
20121024, 0000,  , TS, 14.7N,  77.3W,  55,  990,  100,  150,   40,   40,    0,   70,    0,    0,    0,    0,    0,    0, -999,  28.98,  28.99,  28.95,  29.20,  29.27,  29.41,  29.12,  29.66,  29.60,  29.68,  29.42,  29.35,  29.25,  29.05,  28.94,  28.91,  28.64,  28.66,  28.80,  29.05,  29.14,  29.03,  28.95,  28.80,  28.86,  28.89,  28.97,  28.99,  29.03,  28.93,  28.82
20121024, 0600,  , TS, 15.6N,  77.1W,  60,  987,  100,  150,   50,   50,   50,   70,   20,   20,    0,    0,    0,    0, -999,  28.84,  28.72,  28.73,  29.11,  29.20,  29.19,  29.18,  29.38,  29.27,  29.35,  29.27,  29.20,  29.23,  29.25,  29.22,  29.22,  29.12,  29.01,  29.00,  28.76,  28.87,  28.79,  28.83,  28.96,  28.98,  28.79,  28.65,  28.66,  28.87,  28.93,  28.87
20121024, 1200,  , HU, 16.6N,  76.9W,  65,  981,  120,  160,   70,   70,   50,   60,   40,   30,   20,   20,    0,    0, -999,  28.66,  28.54,  28.50,  28.70,  28.94,  29.03,  29.05,  29.09,  29.19,  28.88,  28.86,  29.39,  29.33,  29.26,  29.16,  29.26,  28.97,  28.82,  28.73,  28.78,  28.83,  28.88,  28.87,  28.89,  28.73,  28.76,  28.62,  28.75,  28.72,  28.67,  28.60
20121024, 1800,  , HU, 17.7N,  76.7W,  75,  972,  150,  180,   70,   70,   50,   60,   40,   40,   25,   30,   20,   25, -999,  29.00,  29.04,  29.13,  29.21,  29.27,  29.21,  29.26,  29.36,  29.39,  29.36,  29.31,  29.30,  29.39,  29.52,  29.36,  29.07,  28.82,  28.63,  28.39,  28.41,  28.36,  28.49,  28.32,  28.41,  28.57,  28.58,  28.70,  28.78,  28.67,  28.87,  28.91
20121024, 1900, L, HU, 17.9N,  76.6W,  75,  971,  150,  180,   70,   70,   50,   60,   40,   40,   25,   30,   20,   25, -999,    nan,    nan,    nan,    nan,    nan,    nan,    nan,    nan,    nan,    nan,    nan,    nan,    nan,    nan,    nan,    nan,    nan,    nan,    nan,    nan,    nan,    nan,    nan,    nan,    nan,    nan,    nan,    nan,    nan,    nan,    nan
20121025, 0000,  , HU, 18.9N,  76.4W,  85,  964,  180,  240,   70,   70,   50,   60,   40,   40,   30,   30,   25,   25, -999,  28.76,  29.11,  28.95,  29.08,  29.03,  29.19,  29.27,  29.33,  29.22,  29.28,  29.27,  28.99,  29.07,  29.28,  29.40,  28.77,  28.79,  28.43,  28.36,  28.38,  28.48,  28.33,  28.36,  28.36,  28.38,  28.61,  28.45,  28.66,  28.72,  28.46,  28.26
20121025, 0525, L, HU, 20.0N,  76.0W, 100,  954,  240,  240,   70,  120,   50,   60,   40,   40,   30,   30,   25,   25, -999,  29.17,  29.35,  29.31,  29.34,  29.22,  29.24,  29.32,  29.33,  29.17,  29.33,  29.38,  29.16,  29.34,  29.41,  29.40,  29.26,  29.00,  28.62,  28.32,  28.06,  28.38,  28.47,  28.50,  28.43,  28.43,  28.48,  28.37,  28.41,  28.35,  28.37,  28.28
20121025, 0600,  , HU, 20.1N,  76.0W, 100,  954,  240,  240,   70,  120,   50,   60,   40,   40,   25,   20,   20,   20, -999,    nan,    nan,    nan,    nan,    nan,    nan,    nan,    nan,    nan,    nan,    nan,    nan,    nan,    nan,    nan,    nan,    nan,    nan,    nan,    nan,    nan,    nan,    nan,    nan,    nan,    nan,    nan,    nan,    nan,    nan,    nan
20121025, 0900, T, HU, 20.9N,  75.7W,  95,  960,  240,  240,   70,  180,   50,   60,   40,   40,   25,   20,   20,   20, -999,    nan,    nan,    nan,    nan,    nan,    nan,    nan,    nan,    nan,    nan,    nan,    nan,    nan,    nan,    nan,    nan,    nan,    nan,    nan,    nan,    nan,    nan,    nan,    nan,    nan,    nan,    nan,    nan,    nan,    nan,    nan
20121025, 1200,  , HU, 21.7N,  75.5W,  95,  966,  240,  240,   70,  240,   60,   60,   40,   50,   30,   30,   20,   20, -999,  28.86,  28.68,  29.21,  28.99,  28.76,  28.76,  28.65,  28.46,  28.34,  28.65,  28.87,  28.87,  28.69,  28.92,  28.80,  28.36,  28.06,  27.94,  27.96,  28.04,  27.99,  28.05,  27.96,  27.93,  27.74,  27.57,  27.52,  27.54,  27.67,  27.81,  27.71
20121025, 1800,  , HU, 23.3N,  75.3W,  90,  963,  270,  270,  120,  270,   60,   60,   40,   50,   30,   30,   20,   20, -999,  28.83,  28.84,  28.87,  28.87,  28.93,  28.93,  28.96,  28.85,  28.92,  29.08,  29.06,  28.95,  28.79,  28.74,  28.59,  28.46,  28.48,  28.55,  28.01,  27.51,  27.26,  27.19,  27.09,  26.90,  27.19,  27.49,  27.78,  27.63,  27.32,  27.34,  27.00
20121026, 0000,  , HU, 24.8N,  75.9W,  75,  965,  300,  300,  160,  270,   70,   60,   40,   60,   30,   30,   20,   30, -999,  29.31,  29.26,  28.88,  28.72,  28.64,  28.39,  28.35,  28.61,  28.80,  29.00,  28.85,  28.69,  28.74,  28.15,  28.29,  28.05,  27.95,  27.41,  26.93,  26.57,  26.53,  26.68,  26.75,  26.80,  26.93,  27.08,  27.16,  27.00,  26.71,  26.28,  26.06
20121026, 0600,  , HU, 25.7N,  76.4W,  70,  968,  300,  300,  160,  240,   90,   70,   50,   70,   30,   20,    0,   60, -999,  28.59,  28.56,  28.47,  28.31,  28.29,  27.87,  27.88,  28.13,  28.24,  28.29,  28.16,  27.96,  28.03,  27.95,  27.75,  27.75,  27.97,  27.96,  27.20,  26.94,  26.53,  26.04,  25.74,  25.21,  25.43,  25.42,  25.60,  25.99,  24.82,  25.35,  25.67
20121026, 1200,  , HU, 26.4N,  76.9W,  65,  970,  360,  240,  170,  240,   90,   80,   90,  120,    0,    0,    0,   90, -999,  28.68,  28.49,  28.20,  28.43,  28.35,  28.04,  28.09,  28.11,  28.25,  28.33,  28.02,  27.86,  27.82,  27.74,  27.53,  27.59,  27.48,  26.75,  26.42,  26.11,  25.95,  25.95,  25.47,  24.91,  24.76,  25.23,  25.21,  25.27,  25.94,  25.84,  25.50
20121026, 1800,  , HU, 27.0N,  77.2W,  65,  971,  400,  210,  170,  240,   60,   70,   90,  140,    0,    0,    0,   90, -999,  28.69,  28.40,  28.26,  28.35,  28.30,  27.88,  27.89,  27.89,  27.89,  28.06,  27.68,  27.59,  27.74,  27.71,  27.54,  27.32,  27.07,  26.71,  25.97,  25.51,  25.23,  25.14,  25.10,  25.07,  25.21,  25.29,  25.29,  25.22,  25.12,  25.16,  25.01
20121027, 0000,  , TS, 27.5N,  77.1W,  60,  969,  450,  210,  180,  270,    0,    0,  120,  160,    0,    0,    0,    0, -999,  28.46,  28.18,  28.26,  28.24,  27.96,  27.74,  27.40,  27.34,  28.00,  27.73,  27.46,  27.76,  27.77,  27.81,  27.16,  26.97,  26.25,  25.89,  25.65,  25.24,  24.98,  25.19,  25.43,  25.59,  25.75,  25.56,  25.57,  25.29,  25.45,  25.64,  25.70
20121027, 0600,  , TS, 28.1N,  76.9W,  60,  968,  450,  260,  180,  280,    0,    0,  120,  160,    0,    0,    0,    0, -999,  28.49,  28.23,  27.98,  27.86,  27.79,  27.86,  27.73,  27.83,  27.91,  27.82,  27.69,  27.55,  27.49,  27.44,  27.09,  26.92,  26.57,  26.02,  25.76,  25.66,  25.62,  25.09,  24.83,  25.00,  25.15,  25.53,  25.66,  25.25,  24.80,  24.84,  25.04
20121027, 1200,  , HU, 28.8N,  76.5W,  70,  956,  450,  300,  210,  280,   30,  120,  160,  200,    0,    0,  120,  120, -999,  28.44,  28.35,  27.92,  28.09,  28.04,  28.01,  28.07,  28.14,  28.12,  27.74,  27.68,  27.82,  27.91,  27.95,  27.83,  27.17,  26.85,  26.83,  26.57,  26.68,  27.18,  26.79,  26.60,  26.05,  25.70,  26.22,  26.88,  25.82,  25.68,  26.27,  25.80
20121027, 1800,  , HU, 29.7N,  75.6W,  70,  960,  450,  300,  240,  280,   30,  150,  180,  200,    0,    0,  150,  180, -999,  27.88,  27.88,  27.80,  27.56,  27.51,  27.56,  27.69,  27.29,  27.14,  27.21,  27.21,  27.04,  27.07,  26.94,  27.11,  26.83,  26.65,  26.05,  25.52,  25.37,  25.44,  25.21,  25.31,  25.05,  24.89,  24.91,  25.32,  24.42,  23.74,  23.22,  22.90
20121028, 0000,  , HU, 30.5N,  74.7W,  65,  960,  480,  300,  300,  280,   30,  180,  180,  210,    0,    0,  150,  180, -999,  27.32,  27.29,  27.14,  26.91,  26.87,  26.64,  26.57,  26.45,  26.17,  26.33,  26.46,  26.54,  26.43,  26.33,  25.81,  25.49,  24.96,  24.49,  24.30,  24.15,  23.97,  23.98,  23.77,  24.01,  24.10,  24.89,  23.99,  23.70,  24.08,  23.71,  23.65
20121028, 0600,  , HU, 31.3N,  73.9W,  65,  959,  450,  300,  300,  270,    0,  180,  180,  210,    0,    0,  150,  180, -999,  27.39,  26.96,  26.66,  26.71,  26.70,  26.68,  26.75,  26.68,  26.41,  26.27,  26.34,  26.30,  26.27,  26.30,  25.78,  25.45,  25.00,  24.84,  24.67,  24.26,  24.48,  24.66,  24.46,  24.50,  24.53,  24.48,  24.18,  24.46,  24.42,  23.81,  23.60
20121028, 1200,  , HU, 32.0N,  73.0W,  65,  954,  450,  300,  300,  270,    0,  150,  200,  210,    0,    0,  150,  180, -999,  27.48,  27.36,  27.33,  27.25,  27.26,  27.19,  27.02,  26.75,  26.04,  26.10,  26.18,  26.29,  26.19,  26.18,  25.89,  25.72,  26.13,  26.38,  25.54,  24.99,  24.56,  23.93,  24.71,  25.03,  24.43,  24.43,  24.91,  23.79,  23.22,  23.08,  23.28
20121028, 1800,  , HU, 32.8N,  72.0W,  65,  952,  450,  300,  350,  270,    0,  150,  200,  210,    0,    0,  150,  180, -999,  26.90,  26.64,  26.63,  26.61,  26.39,  25.96,  26.18,  26.01,  25.82,  25.83,  26.02,  25.97,  26.02,  25.91,  25.68,  25.44,  25.36,  24.16,  23.64,  23.56,  23.82,  23.82,  23.73,  23.84,  23.86,  23.79,  23.43,  22.96,  23.01,  23.18,  23.09
20121029, 0000,  , HU, 33.9N,  71.0W,  70,  950,  450,  300,  400,  270,  150,  150,  200,  200,    0,    0,  150,    0, -999,  26.35,  26.31,  26.27,  26.10,  25.83,  26.19,  25.86,  25.79,  25.89,  25.83,  25.99,  25.91,  25.62,  25.42,  25.14,  25.12,  24.69,  24.47,  24.24,  24.09,  23.96,  24.02,  23.52,  23.45,  23.43,  23.68,  23.57,  23.56,  23.54,  23.36,  23.25
20121029, 0600,  , HU, 35.3N,  70.5W,  80,  947,  420,  360,  450,  270,  150,  150,  200,  180,    0,    0,  150,    0, -999,  26.50,  26.44,  26.29,  26.01,  25.84,  26.18,  25.91,  25.81,  25.76,  25.70,  25.59,  25.57,  25.86,  25.66,  25.43,  25.13,  25.09,  24.84,  24.63,  24.61,  24.44,  24.19,  23.97,  23.79,  23.84,  23.86,  23.63,  23.59,  23.46,  23.27,  23.07
20121029, 1200,  , HU, 36.9N,  71.0W,  85,  945,  420,  420,  400,  270,  200,  150,  200,  180,    0,   70,  120,    0, -999,  27.56,  27.25,  27.12,  27.45,  27.34,  27.64,  26.92,  27.71,  27.30,  27.46,  27.13,  27.01,  26.91,  26.82,  26.97,  26.65,  26.21,  25.47,  25.56,  25.87,  25.44,  24.55,  25.25,  24.71,  24.77,  25.04,  24.54,  24.27,  24.13,  25.44,  25.01
20121029, 1800,  , HU, 38.3N,  73.2W,  80,  940,  420,  420,  400,  420,  220,  150,  200,  150,  180,   80,  120,    0,   80,  21.24,  20.46,  20.22,  20.14,  20.40,  20.61,  20.89,  20.56,  20.28,  20.30,  20.34,  20.27,  19.93,  19.56,  19.61,  19.66,  19.19,  18.22,  18.77,  18.86,  18.87,  18.23,  18.41,  18.46,  16.19,  15.97,  15.91,  17.30,  17.66,  17.85,  17.85
20121029, 2100, S, EX, 38.8N,  74.0W,  75,  943,  420,  420,  400,  420,  220,  150,  200,  150,  180,   80,  120,    0, -999,  19.00,  18.59,  18.60,  18.64,  18.49,  18.48,  18.38,  18.28,  18.23,  18.18,  18.06,  17.99,  17.80,  17.78,  18.08,  17.78,  15.85,  15.76,  15.55,  15.29,  15.52,  15.37,  15.37,  15.32,  15.14,  14.48,  13.81,  13.65,  13.33,  13.54,  13.71
20121029, 2330, L, EX, 39.4N,  74.4W,  70,  945,  460,  370,  400,  490,  180,  150,   80,   50,   70,   80,   60,    0, -999,    nan,    nan,    nan,    nan,    nan,    nan,    nan,    nan,    nan,    nan,    nan,    nan,    nan,    nan,    nan,    nan,    nan,    nan,    nan,    nan,    nan,    nan,    nan,    nan,    nan,    nan,    nan,    nan,    nan,    nan,    nan
20121030, 0000,  , EX, 39.5N,  74.5W,  70,  946,  460,  370,  400,  490,  150,  150,   80,   50,   65,    0,    0,    0, -999,    nan,    nan,    nan,    nan,    nan,    nan,    nan,    nan,    nan,    nan,    nan,    nan,    nan,    nan,    nan,    nan,    nan,    nan,    nan,    nan,    nan,    nan,    nan,    nan,    nan,    nan,    nan,    nan,    nan,    nan,    nan
20121030, 0600,  , EX, 39.9N,  76.2W,  55,  960,  450,  400,  160,  530,  150,  150,   30,   30,    0,    0,    0,    0, -999,    nan,    nan,    nan,    nan,    nan,    nan,    nan,    nan,    nan,    nan,    nan,    nan,    nan,    nan,    nan,    nan,    nan,    nan,    nan,    nan,    nan,    nan,    nan,    nan,    nan,    nan,    nan,    nan,    nan,    nan,    nan
20121030, 1200,  , EX, 40.1N,  77.8W,  50,  978,  450,  490,    0,  500,    0,    0,    0,  260,    0,    0,    0,    0, -999,    nan,    nan,    nan,    nan,    nan,    nan,    nan,    nan,    nan,    nan,    nan,    nan,    nan,    nan,    nan,    nan,    nan,    nan,    nan,    nan,    nan,    nan,    nan,    nan,    nan,    nan,    nan,    nan,    nan,    nan,    nan
20121030, 1800,  , EX, 40.4N,  78.9W,  40,  986,    0,  530,    0,  430,    0,    0,    0,    0,    0,    0,    0,    0, -999,    nan,    nan,    nan,    nan,    nan,    nan,    nan,    nan,    nan,    nan,    nan,    nan,    nan,    nan,    nan,    nan,    nan,    nan,    nan,    nan,    nan,    nan,    nan,    nan,    nan,    nan,    nan,    nan,    nan,    nan,    nan
20121031, 0000,  , EX, 40.7N,  79.8W,  35,  992,    0,    0,    0,  410,    0,    0,    0,    0,    0,    0,    0,    0, -999,    nan,    nan,    nan,    nan,    nan,    nan,    nan,    nan,    nan,    nan,    nan,    nan,    nan,    nan,    nan,    nan,    nan,    nan,    nan,    nan,    nan,    nan,    nan,    nan,    nan,    nan,    nan,    nan,    nan,    nan,    nan
20121031, 0600,  , EX, 41.1N,  80.3W,  35,  993,    0,    0,    0,  380,    0,    0,    0,    0,    0,    0,    0,    0, -999,    nan,    nan,    nan,    nan,    nan,    nan,    nan,    nan,    nan,    nan,    nan,    nan,    nan,    nan,    nan,    nan,    nan,    nan,    nan,    nan,    nan,    nan,    nan,    nan,    nan,    nan,    nan,    nan,    nan,    nan,    nan
20121031, 1200,  , EX, 41.5N,  80.7W,  30,  995,    0,    0,    0,    0,    0,    0,    0,    0,    0,    0,    0,    0, -999,    nan,    nan,    nan,    nan,    nan,    nan,    nan,    nan,    nan,    nan,    nan,    nan,    nan,    nan,    nan,    nan,    nan,    nan,    nan,    nan,    nan,    nan,    nan,    nan,    nan,    nan,    nan,    nan,    nan,    nan,    nan
