AL192023,               SEAN,     25,
20231010, 1800,  , TD,  9.6N,  30.2W,  30, 1007,    0,    0,    0,    0,    0,    0,    0,    0,    0,    0,    0,    0,   80,  14.92,  14.64,  14.94,  14.57,  14.55,  14.97,  14.76,  14.74,  14.78,  14.45,  14.44,  14.48,  14.42,  14.34,  14.17,  14.60,  14.61,  14.75,  14.93,  14.79,  14.70,  14.96,  14.42,  14.82,  14.47,  14.34,  14.45,  15.27,  14.93,  14.70,  15.42
20231011, 0000,  , TS,  9.8N,  31.4W,  35, 1006,   80,    0,    0,    0,    0,    0,    0,    0,    0,    0,    0,    0,   80,  14.05,  14.00,  14.50,  14.09,  13.96,  14.30,  14.13,  14.62,  14.58,  14.49,  14.70,  13.94,  14.61,  14.46,  14.42,  14.53,  15.18,  14.64,  15.16,  14.00,  14.30,  14.55,  13.85,  14.02,  14.05,  13.88,  13.76,  15.16,  13.92,  14.65,  14.24
20231011, 0600,  , TS, 10.1N,  32.6W,  35, 1006,   80,    0,    0,    0,    0,    0,    0,    0,    0,    0,    0,    0,   80,  13.79,  13.89,  13.66,  14.09,  14.11,  14.52,  13.89,  14.67,  13.73,  14.34,  13.90,  14.00,  13.61,  13.51,  13.52,  13.82,  14.43,  14.63,  14.78,  13.91,  14.25,  13.88,  14.19,  14.00,  13.82,  13.94,  13.98,  14.81,  13.86,  14.72,  13.99
20231011, 1200,  , TS, 10.7N,  33.7W,  35, 1006,   80,    0,    0,    0,    0,    0,    0,    0,    0,    0,    0,    0,   80,  13.93,  13.95,  14.25,  13.46,  13.43,  13.87,  14.19,  14.65,  14.45,  15.06,  13.82,  14.70,  13.95,  14.64,  14.11,  14.44,  14.59,  13.49,  14.03,  13.80,  13.45,  13.27,  14.00,  13.95,  13.89,  14.61,  13.68,  14.46,  13.82,  14.12,  13.37
20231011, 1800,  , TD, 11.3N,  34.7W,  30, 1007,    0,    0,    0,    0,    0,    0,    0,    0,    0,    0,    0,    0,   60,  14.63,  13.94,  13.92,  13.52,  13.73,  13.69,  14.71,  14.37,  13.76,  14.11,  13.97,  14.11,  14.00,  14.06,  14.09,  14.02,  14.60,  14.12,  14.21,  14.72,  15.73,  15.19,  15.06,  14.68,  15.12,  14.34,  14.53,  13.85,  14.24,  14.98,  13.84
20231012, 0000,  , TD, 11.8N,  35.6W,  30, 1007,    0,    0,    0,    0,    0,    0,    0,    0,    0,    0,    0,    0,   40,  14.68,  14.88,  14.58,  15.24,  15.24,  15.04,  15.30,  14.85,  14.68,  14.61,  15.53,  15.80,  15.87,  15.35,  15.79,  15.43,  14.71,  15.65,  15.52,  15.23,  14.66,  15.86,  15.46,  15.31,  15.46,  15.00,  16.51,  14.93,  15.64,  14.46,  15.77
20231012, 0600,  , TD, 12.3N,  36.4W,  30, 1007,    0,    0,    0,    0,    0,    0,    0,    0,    0,    0,    0,    0,   40,  15.89,  15.12,  15.41,  14.82,  14.97,  14.98,  15.19,  15.59,  15.78,  15.14,  15.91,  16.26,  17.52,  16.45,  17.52,  17.19,  16.29,  17.53,  16.75,  17.67,  16.26,  16.88,  16.35,  17.04,  16.57,  14.31,  15.27,  14.73,  15.07,  15.73,  16.01
20231012, 1200,  , TS, 12.8N,  37.1W,  35, 1006,   80,    0,    0,    0,    0,    0,    0,    0,    0,    0,    0,    0,   40,  14.62,  14.47,  14.25,  14.92,  14.79,  15.07,  15.38,  15.10,  15.33,  15.03,  16.07,  15.74,  17.80,  15.69,  16.73,  15.68,  16.33,  15.77,  15.85,  15.95,  16.18,  16.13,  16.42,  16.25,  16.33,  16.15,  16.60,  17.27,  17.47,  17.03,  16.99
20231012, 1800,  , TS, 13.3N,  37.8W,  40, 1005,   80,    0,    0,    0,    0,    0,    0,    0,    0,    0,    0,    0,   40,  16.26,  15.73,  15.16,  15.68,  14.61,  16.47,  15.45,  16.42,  15.74,  16.07,  16.83,  17.64,  17.66,  17.44,  18.00,  17.47,  17.24,  16.35,  17.91,  16.73,  16.73,  17.21,  15.56,  17.11,  15.40,  16.48,  17.09,  17.42,  17.36,  16.90,  17.71
20231013, 0000,  , TS, 13.7N,  39.0W,  40, 1005,   80,    0,    0,   50,    0,    0,    0,    0,    0,    0,    0,    0,   40,  18.98,  18.26,  18.53,  18.80,  18.32,  18.53,  18.33,  18.16,  17.71,  17.97,  17.73,  18.72,  18.91,  18.40,  18.42,  18.14,  17.29,  18.51,  18.37,  18.26,  17.94,  17.72,  18.09,  17.65,  17.46,  17.31,  18.09,  17.79,  17.79,  17.23,  18.14
20231013, 0600,  , TS, 14.0N,  40.1W,  40, 1005,   80,    0,    0,   50,    0,    0,    0,    0,    0,    0,    0,    0,   40,  18.52,  19.01,  19.66,  18.74,  19.69,  19.73,  19.82,  19.22,  19.99,  20.10,  20.70,  21.17,  21.92,  20.30,  20.66,  20.57,  19.28,  21.29,  20.07,  21.14,  20.12,  20.78,  20.52,  20.44,  20.69,  20.04,  20.34,  19.79,  20.39,  19.86,  20.28
20231013, 1200,  , TS, 14.3N,  41.2W,  35, 1006,   60,    0,    0,   40,    0,    0,    0,    0,    0,    0,    0,    0,   40,  20.04,  19.84,  20.15,  20.12,  20.03,  18.92,  18.71,  19.16,  19.53,  19.63,  19.47,  20.30,  19.93,  19.38,  20.14,  20.30,  19.58,  19.84,  19.62,  20.31,  19.44,  20.37,  20.16,  20.85,  20.84,  20.53,  21.25,  20.01,  20.37,  20.51,  20.42
20231013, 1800,  , TS, 14.6N,  42.2W,  35, 1006,   60,    0,    0,   20,    0,    0,    0,    0,    0,    0,    0,    0,   40,  21.77,  21.67,  22.14,  22.08,  21.72,  21.46,  21.45,  21.71,  21.27,  21.84,  20.90,  21.63,  21.73,  21.32,  20.30,  20.45,  20.04,  19.98,  20.19,  20.06,  19.90,  20.66,  20.50,  20.43,  20.15,  20.87,  20.35,  20.81,  21.70,  21.41,  21.77
20231014, 0000,  , TS, 14.9N,  42.7W,  35, 1006,   60,    0,    0,    0,    0,    0,    0,    0,    0,    0,    0,    0,   40,  22.11,  22.21,  22.60,  21.97,  22.19,  22.06,  22.11,  21.79,  22.12,  22.11,  22.05,  22.11,  22.15,  21.50,  21.72,  21.16,  20.66,  21.36,  21.28,  20.91,  21.05,  21.00,  20.70,  20.60,  21.55,  20.83,  21.20,  21.41,  21.42,  21.08,  21.48
20231014, 0600,  , TD, 15.3N,  43.3W,  30, 1007,    0,    0,    0,    0,    0,    0,    0,    0,    0,    0,    0,    0,   40,  23.00,  23.03,  23.06,  22.80,  22.88,  22.82,  22.87,  22.50,  22.25,  22.75,  22.51,  22.57,  22.29,  22.43,  21.98,  21.71,  21.34,  21.45,  21.51,  21.62,  21.60,  21.32,  21.22,  20.76,  21.99,  21.63,  21.51,  22.24,  22.06,  22.51,  22.17
20231014, 1200,  , TD, 15.8N,  43.9W,  30, 1007,    0,    0,    0,    0,    0,    0,    0,    0,    0,    0,    0,    0,   40,  23.07,  23.10,  23.37,  23.15,  23.21,  22.45,  23.30,  23.27,  23.56,  23.45,  23.17,  23.24,  22.59,  22.91,  22.83,  22.73,  22.56,  22.82,  22.24,  22.51,  22.77,  22.08,  22.14,  21.26,  21.38,  21.80,  21.75,  22.27,  22.06,  22.43,  22.61
20231014, 1800,  , TD, 16.3N,  44.5W,  30, 1007,    0,    0,    0,    0,    0,    0,    0,    0,    0,    0,    0,    0,   40,  22.66,  23.27,  23.29,  22.89,  23.41,  22.85,  23.16,  23.03,  23.00,  23.17,  22.91,  23.39,  22.79,  23.19,  23.50,  22.75,  22.41,  22.87,  22.61,  22.66,  22.85,  22.76,  23.44,  22.87,  23.30,  23.32,  23.03,  23.71,  22.99,  23.15,  22.80
20231015, 0000,  , TD, 16.8N,  45.1W,  30, 1008,    0,    0,    0,    0,    0,    0,    0,    0,    0,    0,    0,    0,   40,  23.31,  23.40,  23.23,  24.04,  23.21,  23.33,  23.43,  23.41,  23.67,  23.61,  23.98,  23.84,  24.06,  23.82,  23.59,  23.53,  23.45,  23.35,  23.27,  23.05,  23.30,  23.86,  22.87,  22.93,  23.20,  23.32,  23.02,  23.65,  23.60,  23.21,  23.71
20231015, 0600,  , TD, 17.3N,  45.8W,  30, 1009,    0,    0,    0,    0,    0,    0,    0,    0,    0,    0,    0,    0,   40,  23.96,  23.43,  23.34,  23.84,  23.70,  23.36,  23.13,  23.82,  23.73,  24.05,  24.07,  24.03,  23.75,  23.88,  23.83,  23.95,  23.58,  23.86,  23.69,  23.42,  23.53,  23.63,  23.54,  23.87,  23.80,  23.70,  23.73,  23.74,  23.72,  23.70,  24.11
20231015, 1200,  , LO, 17.6N,  46.6W,  25, 1010,    0,    0,    0,    0,    0,    0,    0,    0,    0,    0,    0,    0,   40,  23.85,  23.51,  23.61,  24.10,  23.59,  23.73,  23.84,  23.58,  23.83,  23.90,  23.99,  24.02,  23.89,  23.89,  23.79,  23.65,  23.39,  23.70,  23.35,  23.34,  23.14,  23.24,  22.84,  22.90,  23.20,  23.47,  23.32,  23.36,  23.41,  23.77,  23.80
20231015, 1800,  , LO, 17.9N,  47.6W,  25, 1010,    0,    0,    0,    0,    0,    0,    0,    0,    0,    0,    0,    0,   40,  24.04,  24.14,  24.36,  24.00,  23.98,  23.79,  24.30,  23.77,  23.56,  23.77,  24.10,  24.23,  24.07,  24.04,  23.97,  24.01,  23.84,  23.63,  23.36,  23.45,  23.33,  23.65,  23.77,  23.76,  23.66,  23.71,  23.89,  23.92,  23.89,  23.77,  23.98
20231016, 0000,  , LO, 18.1N,  48.6W,  25, 1011,    0,    0,    0,    0,    0,    0,    0,    0,    0,    0,    0,    0,   40,  24.34,  24.01,  23.73,  24.15,  24.34,  24.00,  24.25,  24.89,  24.41,  24.85,  24.54,  24.64,  24.43,  24.63,  24.58,  24.20,  23.63,  23.68,  23.68,  23.56,  23.43,  23.31,  23.40,  23.54,  23.50,  23.65,  23.89,  24.34,  24.38,  24.15,  24.25
20231016, 0600,  , LO, 18.2N,  49.8W,  25, 1011,    0,    0,    0,    0,    0,    0,    0,    0,    0,    0,    0,    0,   40,  25.00,  24.58,  24.79,  24.62,  24.85,  24.61,  24.64,  25.21,  25.02,  25.09,  24.60,  25.04,  25.29,  25.05,  24.80,  24.84,  25.11,  24.91,  24.60,  24.74,  25.01,  24.89,  24.89,  24.73,  24.68,  25.06,  24.89,  24.91,  24.27,  24.33,  24.52
20231016, 1200,  , LO, 18.3N,  51.0W,  20, 1011,    0,    0,    0,    0,    0,    0,    0,    0,    0,    0,    0,    0,   40,  25.11,  24.85,  24.96,  25.08,  25.18,  24.88,  25.12,  25.05,  24.80,  24.66,  24.71,  24.85,  25.03,  24.99,  25.25,  24.96,  25.15,  25.24,  24.82,  24.83,  24.58,  24.89,  25.06,  24.64,  24.96,  24.92,  24.95,  24.73,  24.62,  24.47,  24.61
20231016, 1800,  , LO, 18.4N,  52.2W,  20, 1011,    0,    0,    0,    0,    0,    0,    0,    0,    0,    0,    0,    0,   40,  25.15,  25.08,  25.43,  24.91,  24.71,  24.91,  24.74,  24.63,  24.84,  25.11,  25.07,  25.18,  25.16,  25.19,  25.18,  25.09,  24.95,  25.16,  25.09,  25.37,  25.46,  25.40,  25.54,  25.23,  24.95,  25.05,  25.09,  25.20,  25.12,  24.63,  24.93
