AL192000,            UNNAMED,     20,
20001025, 0000,  , EX, 21.5N,  69.5W,  30, 1009, -999, -999, -999, -999, -999, -999, -999, -999, -999, -999, -999, -999, -999,  28.81,  28.92,  29.02,  29.08,  29.13,  29.08,  29.02,  29.09,  29.11,  29.07,  28.73,  28.86,  28.72,  28.42,  28.47,  28.68,  28.77,  28.70,  28.63,  28.68,  28.71,  28.66,  28.58,  28.53,  28.42,  28.19,  28.13,  27.83,  28.36,  28.14,  28.19
20001025, 0600,  , EX, 22.5N,  70.0W,  35, 1007, -999, -999, -999, -999, -999, -999, -999, -999, -999, -999, -999, -999, -999,  28.87,  28.69,  28.76,  28.87,  28.98,  29.04,  29.05,  29.07,  28.93,  28.77,  28.55,  28.53,  28.58,  28.49,  28.55,  28.62,  28.58,  28.56,  28.35,  28.23,  28.21,  28.20,  28.22,  28.22,  28.31,  28.27,  28.23,  28.05,  28.28,  28.19,  28.18
20001025, 1200,  , EX, 23.5N,  70.9W,  35, 1006, -999, -999, -999, -999, -999, -999, -999, -999, -999, -999, -999, -999, -999,  28.90,  28.67,  28.75,  28.65,  28.64,  28.65,  28.79,  28.88,  28.71,  28.68,  28.44,  28.34,  28.38,  28.46,  28.50,  28.60,  28.52,  28.38,  28.11,  28.09,  28.50,  28.37,  28.25,  28.09,  27.92,  27.77,  27.98,  27.79,  27.90,  27.79,  27.77
20001025, 1800,  , SS, 24.5N,  71.7W,  35, 1005, -999, -999, -999, -999, -999, -999, -999, -999, -999, -999, -999, -999, -999,  28.65,  28.79,  29.10,  29.08,  28.99,  28.80,  28.78,  28.61,  28.32,  28.61,  28.12,  28.08,  27.97,  28.20,  28.16,  28.09,  27.97,  27.82,  27.49,  27.43,  27.28,  27.15,  27.17,  27.09,  26.92,  26.84,  27.02,  26.94,  26.92,  26.86,  26.93
20001026, 0000,  , SS, 25.7N,  71.7W,  35, 1004, -999, -999, -999, -999, -999, -999, -999, -999, -999, -999, -999, -999, -999,  28.45,  28.44,  27.97,  27.88,  27.86,  27.81,  27.41,  26.95,  26.99,  26.80,  26.94,  27.01,  27.10,  27.13,  26.86,  26.67,  26.39,  26.14,  26.22,  26.37,  26.34,  26.23,  26.09,  26.03,  25.90,  26.05,  25.84,  25.64,  25.43,  25.35,  25.48
20001026, 0600,  , SS, 26.6N,  71.7W,  35, 1003, -999, -999, -999, -999, -999, -999, -999, -999, -999, -999, -999, -999, -999,  28.07,  27.95,  27.44,  27.36,  27.35,  27.23,  27.00,  26.66,  26.84,  26.86,  26.78,  26.43,  26.25,  26.16,  26.07,  26.04,  25.61,  25.46,  25.42,  25.60,  25.84,  26.01,  26.02,  25.57,  25.48,  25.68,  25.61,  25.67,  25.73,  25.74,  25.84
20001026, 1200,  , SS, 27.4N,  71.8W,  40, 1002, -999, -999, -999, -999, -999, -999, -999, -999, -999, -999, -999, -999, -999,  27.75,  27.43,  27.08,  26.89,  26.97,  26.97,  26.30,  26.21,  26.30,  26.41,  26.20,  26.19,  26.04,  25.52,  25.07,  25.02,  24.97,  24.77,  25.43,  25.91,  26.14,  26.11,  25.92,  25.36,  25.23,  25.25,  25.04,  25.07,  25.06,  25.00,  25.09
20001026, 1800,  , SS, 28.3N,  72.1W,  45, 1000, -999, -999, -999, -999, -999, -999, -999, -999, -999, -999, -999, -999, -999,  27.06,  26.77,  26.54,  26.39,  26.32,  26.34,  26.48,  26.98,  26.65,  26.46,  26.37,  26.48,  26.32,  26.08,  25.71,  25.64,  25.52,  24.86,  25.13,  25.12,  25.23,  25.53,  25.72,  25.83,  25.45,  25.32,  24.89,  24.67,  24.41,  24.18,  24.02
20001027, 0000,  , SS, 29.2N,  72.5W,  50,  997, -999, -999, -999, -999, -999, -999, -999, -999, -999, -999, -999, -999, -999,  27.22,  27.01,  26.87,  26.84,  27.13,  27.07,  27.02,  26.26,  25.90,  25.77,  25.84,  25.71,  25.51,  25.16,  24.99,  25.00,  24.55,  24.67,  24.30,  24.17,  24.07,  24.00,  24.11,  24.02,  24.10,  24.09,  24.08,  24.23,  24.30,  23.96,  23.97
20001027, 0600,  , SS, 30.0N,  72.6W,  50,  997, -999, -999, -999, -999, -999, -999, -999, -999, -999, -999, -999, -999, -999,  26.96,  26.54,  26.24,  26.23,  26.38,  26.02,  26.01,  25.64,  25.27,  25.05,  25.08,  24.89,  24.78,  24.77,  24.68,  24.38,  24.15,  24.28,  24.02,  23.89,  23.75,  23.55,  23.52,  23.41,  23.24,  23.23,  23.02,  23.09,  23.12,  23.08,  23.14
20001027, 1200,  , SS, 30.9N,  72.5W,  50,  997, -999, -999, -999, -999, -999, -999, -999, -999, -999, -999, -999, -999, -999,  25.87,  25.59,  25.42,  25.57,  25.78,  25.44,  25.12,  25.05,  24.91,  24.77,  24.57,  24.39,  24.30,  24.15,  23.99,  23.54,  23.37,  23.93,  23.64,  23.36,  23.14,  23.11,  23.11,  23.10,  23.03,  22.90,  22.91,  22.89,  22.72,  22.57,  22.61
20001027, 1800,  , SS, 32.6N,  71.6W,  50,  996, -999, -999, -999, -999, -999, -999, -999, -999, -999, -999, -999, -999, -999,  24.99,  24.92,  25.01,  24.90,  24.63,  24.19,  24.19,  24.42,  24.06,  23.95,  23.73,  23.69,  23.49,  23.36,  23.38,  23.30,  23.37,  23.64,  23.41,  23.35,  23.21,  23.00,  22.79,  22.62,  22.43,  22.35,  22.41,  22.46,  22.17,  22.02,  22.02
20001028, 0000,  , SS, 34.2N,  70.7W,  50,  994, -999, -999, -999, -999, -999, -999, -999, -999, -999, -999, -999, -999, -999,  25.00,  24.77,  24.56,  24.71,  25.12,  25.01,  25.34,  24.90,  24.73,  24.67,  24.47,  24.16,  23.73,  23.54,  23.51,  23.44,  23.08,  23.00,  22.71,  22.51,  22.36,  22.27,  22.61,  22.76,  22.92,  21.96,  21.84,  22.01,  21.65,  22.48,  22.76
20001028, 0600,  , SS, 35.7N,  69.9W,  50,  992, -999, -999, -999, -999, -999, -999, -999, -999, -999, -999, -999, -999, -999,  24.48,  24.42,  24.41,  24.49,  24.18,  23.78,  23.97,  23.38,  23.08,  23.02,  23.56,  23.42,  22.93,  22.94,  22.98,  22.66,  22.30,  22.29,  21.84,  21.58,  21.29,  21.01,  21.74,  22.17,  22.02,  21.84,  21.88,  22.10,  22.22,  22.21,  22.29
20001028, 1200,  , SS, 36.5N,  68.1W,  50,  990, -999, -999, -999, -999, -999, -999, -999, -999, -999, -999, -999, -999, -999,  23.65,  24.62,  24.12,  23.52,  23.83,  23.97,  24.15,  24.06,  23.85,  23.59,  24.42,  24.19,  24.06,  24.09,  23.83,  23.52,  22.93,  22.50,  22.44,  22.82,  22.58,  22.42,  22.79,  22.75,  22.73,  22.82,  22.27,  22.17,  21.80,  21.57,  20.98
20001028, 1800,  , SS, 38.0N,  65.5W,  55,  984, -999, -999, -999, -999, -999, -999, -999, -999, -999, -999, -999, -999, -999,  24.57,  24.64,  24.62,  24.75,  24.66,  24.58,  24.11,  24.50,  24.87,  24.82,  24.27,  23.77,  23.46,  23.90,  23.77,  23.41,  23.40,  23.34,  23.22,  22.46,  22.60,  22.54,  22.13,  21.91,  22.03,  21.89,  21.82,  21.61,  21.42,  22.87,  23.13
20001029, 0000,  , SS, 40.5N,  62.6W,  55,  978, -999, -999, -999, -999, -999, -999, -999, -999, -999, -999, -999, -999, -999,  24.11,  22.24,  23.30,  23.69,  24.48,  23.84,  23.56,  24.43,  24.49,  24.14,  22.30,  21.67,  22.09,  24.62,  23.83,  23.57,  22.43,  23.49,  23.19,  22.66,  21.66,  21.11,  21.11,  20.45,  19.25,  16.09,  17.40,  17.60,  17.74,  18.07,  17.73
20001029, 0200, I, SS, 41.7N,  61.6W,  55,  976, -999, -999, -999, -999, -999, -999, -999, -999, -999, -999, -999, -999, -999,  19.14,  20.12,  21.59,  21.59,  21.81,  21.22,  20.79,  20.01,  19.78,  19.31,  18.77,  18.76,  18.40,  18.46,  18.13,  17.98,  15.94,  15.87,  16.38,  17.11,  16.68,  17.55,  18.41,  17.74,  18.47,  18.75,  19.07,  17.98,  17.57,  17.98,  17.80
20001029, 0600,  , EX, 44.0N,  60.0W,  50,  980, -999, -999, -999, -999, -999, -999, -999, -999, -999, -999, -999, -999, -999,  14.76,  15.10,  15.17,  14.62,  14.84,  14.79,  14.64,  14.13,  14.41,  13.69,  13.44,  13.52,  13.38,  13.28,  13.23,  13.58,  13.13,  13.47,  13.74,  14.03,  14.30,  13.94,  13.92,  13.93,  13.93,  13.74,  13.64,  13.07,  12.79,  12.90,  12.68
20001029, 1200,  , EX, 46.0N,  59.5W,  45,  992, -999, -999, -999, -999, -999, -999, -999, -999, -999, -999, -999, -999, -999,  13.52,  13.24,  13.21,  13.03,  12.79,  12.78,  12.59,  11.37,  10.91,  10.71,  10.57,  10.61,  10.86,  11.16,  11.20,  11.17,  11.12,  10.98,  10.85,  10.69,  10.58,  10.53,  10.34,   9.98,   9.75,   9.63,   9.46,   9.24,   8.92,   8.69,   8.66
