AL202005,               STAN,     17,
20051001, 1200,  , TD, 18.9N,  85.6W,  25, 1007,    0,    0,    0,    0,    0,    0,    0,    0,    0,    0,    0,    0, -999,  29.95,  30.00,  30.05,  30.01,  29.95,  29.74,  29.71,  29.73,  29.58,  29.58,  29.72,  29.73,  29.78,  29.75,  29.73,  29.67,  29.62,  29.57,  29.50,  29.46,  29.55,  29.66,  29.57,  29.47,  29.35,  29.28,  29.29,  29.38,  29.39,  29.42,  29.38
20051001, 1800,  , TD, 19.1N,  86.2W,  30, 1005,    0,    0,    0,    0,    0,    0,    0,    0,    0,    0,    0,    0, -999,  29.91,  29.93,  29.93,  30.02,  29.99,  29.82,  29.73,  29.73,  29.68,  29.69,  29.53,  29.54,  29.64,  29.56,  29.69,  29.65,  29.62,  29.57,  29.49,  29.39,  29.31,  29.30,  29.31,  29.38,  29.45,  29.37,  29.28,  29.33,  29.18,  29.21,  29.23
20051002, 0000,  , TD, 19.3N,  86.7W,  30, 1004,    0,    0,    0,    0,    0,    0,    0,    0,    0,    0,    0,    0, -999,  30.02,  29.88,  29.87,  29.89,  29.77,  29.72,  29.76,  29.75,  29.77,  29.62,  29.51,  29.55,  29.63,  29.67,  29.69,  29.69,  29.72,  29.56,  29.45,  29.43,  29.47,  29.34,  29.39,  29.42,  29.43,  29.34,  29.31,  29.25,  29.38,  29.34,  29.43
20051002, 0600,  , TS, 19.5N,  87.2W,  40, 1003,   60,   90,    0,    0,    0,    0,    0,    0,    0,    0,    0,    0, -999,  28.60,  28.63,  28.63,  28.70,  29.19,  28.46,  28.53,  28.02,  28.86,  28.92,  28.63,  28.66,  28.65,  28.91,  28.94,  28.92,  28.91,  28.79,  28.64,  28.56,  28.68,  28.64,  28.77,  28.81,  28.85,  28.90,  28.89,  29.04,  29.10,  29.04,  29.06
20051002, 1000, L, TS, 19.6N,  87.5W,  35, 1003, -999, -999, -999, -999, -999, -999, -999, -999, -999, -999, -999, -999, -999,  28.43,  28.30,  28.38,  28.30,  28.07,  28.13,  27.89,  27.69,  28.13,  28.19,  28.29,  28.00,  27.95,  27.97,  27.97,  28.07,  27.88,  27.89,  27.71,  27.70,  27.72,  27.72,  27.77,  27.77,  27.80,  27.94,  27.95,  27.89,  28.06,  27.93,  28.07
20051002, 1200,  , TS, 19.8N,  87.9W,  35, 1003,  105,  105,    0,    0,    0,    0,    0,    0,    0,    0,    0,    0, -999,    nan,    nan,    nan,    nan,    nan,    nan,    nan,    nan,    nan,    nan,    nan,    nan,    nan,    nan,    nan,    nan,    nan,    nan,    nan,    nan,    nan,    nan,    nan,    nan,    nan,    nan,    nan,    nan,    nan,    nan,    nan
20051002, 1800,  , TS, 20.3N,  88.8W,  35, 1004,  105,    0,    0,    0,    0,    0,    0,    0,    0,    0,    0,    0, -999,    nan,    nan,    nan,    nan,    nan,    nan,    nan,    nan,    nan,    nan,    nan,    nan,    nan,    nan,    nan,    nan,    nan,    nan,    nan,    nan,    nan,    nan,    nan,    nan,    nan,    nan,    nan,    nan,    nan,    nan,    nan
20051003, 0000,  , TD, 20.5N,  89.8W,  30, 1003,    0,    0,    0,    0,    0,    0,    0,    0,    0,    0,    0,    0, -999,    nan,    nan,    nan,    nan,    nan,    nan,    nan,    nan,    nan,    nan,    nan,    nan,    nan,    nan,    nan,    nan,    nan,    nan,    nan,    nan,    nan,    nan,    nan,    nan,    nan,    nan,    nan,    nan,    nan,    nan,    nan
20051003, 0600,  , TS, 20.5N,  91.0W,  35, 1003,  100,    0,    0,    0,    0,    0,    0,    0,    0,    0,    0,    0, -999,    nan,    nan,    nan,    nan,    nan,    nan,    nan,    nan,    nan,    nan,    nan,    nan,    nan,    nan,    nan,    nan,    nan,    nan,    nan,    nan,    nan,    nan,    nan,    nan,    nan,    nan,    nan,    nan,    nan,    nan,    nan
20051003, 1200,  , TS, 20.3N,  91.7W,  40, 1000,  100,   45,    0,   30,    0,    0,    0,    0,    0,    0,    0,    0, -999,  30.09,  30.00,  30.04,  29.90,  29.80,  29.87,  29.84,  29.79,  29.82,  29.84,  29.78,  29.86,  29.95,  29.90,  29.93,  29.88,  29.96,  29.87,  29.58,  29.03,  28.58,  28.53,  28.59,  28.70,  28.85,  28.80,  28.82,  28.91,  28.90,  28.91,  28.74
20051003, 1800,  , TS, 20.1N,  92.2W,  50,  997,   75,   45,    0,   75,   30,   30,    0,    0,    0,    0,    0,    0, -999,  29.59,  29.48,  29.64,  29.65,  29.62,  29.70,  29.71,  29.83,  29.84,  29.86,  29.74,  29.87,  30.02,  29.82,  29.76,  29.79,  29.76,  29.81,  29.62,  29.40,  29.10,  29.14,  28.91,  28.70,  28.80,  28.82,  28.88,  28.90,  29.10,  29.02,  28.96
20051004, 0000,  , TS, 19.8N,  93.2W,  55,  990,   75,   45,    0,   75,   30,   30,    0,    0,    0,    0,    0,    0, -999,  27.11,  25.26,  25.06,  24.93,  25.30,  25.66,  25.41,  25.20,  25.26,  25.45,  26.43,  28.00,  28.98,  29.00,  29.11,  29.45,  29.13,  29.20,  29.25,  28.95,  28.74,  29.05,  28.91,  28.76,  27.62,  25.70,  25.78,  25.77,  25.79,  25.80,  27.42
20051004, 0600,  , HU, 19.2N,  94.1W,  65,  987,   90,   75,   75,   75,   45,   30,   30,   30,   15,    0,   15,   15, -999,  26.68,  27.03,  26.97,  27.34,  28.63,  28.70,  29.15,  28.96,  27.95,  28.69,  29.48,  29.64,  29.55,  29.71,  29.69,  29.84,  29.42,  29.43,  29.34,  29.13,  28.79,  28.10,  28.45,  28.57,  28.52,  29.03,  28.98,  28.94,  28.97,  28.96,  28.84
20051004, 1200, L, HU, 18.6N,  94.9W,  70,  977,   90,   75,   75,   75,   45,   30,   30,   30,   15,   15,   15,   15, -999,  28.57,  28.91,  29.10,  28.99,  28.98,  29.05,  29.12,  28.91,  28.76,  28.59,  28.42,  28.37,  28.24,  28.36,  28.93,  29.33,  28.88,  28.85,  28.86,  28.87,  28.72,  28.61,  28.56,  28.49,  28.34,  28.32,  28.55,  28.99,  28.90,  28.86,  28.75
20051004, 1800,  , TS, 17.9N,  95.6W,  45,  988,   45,   45,   45,   45,    0,    0,    0,    0,    0,    0,    0,    0, -999,    nan,    nan,    nan,    nan,    nan,    nan,    nan,    nan,    nan,    nan,    nan,    nan,    nan,    nan,    nan,    nan,    nan,    nan,    nan,    nan,    nan,    nan,    nan,    nan,    nan,    nan,    nan,    nan,    nan,    nan,    nan
20051005, 0000,  , TD, 17.2N,  96.4W,  30, 1000,    0,    0,    0,    0,    0,    0,    0,    0,    0,    0,    0,    0, -999,    nan,    nan,    nan,    nan,    nan,    nan,    nan,    nan,    nan,    nan,    nan,    nan,    nan,    nan,    nan,    nan,    nan,    nan,    nan,    nan,    nan,    nan,    nan,    nan,    nan,    nan,    nan,    nan,    nan,    nan,    nan
20051005, 0600,  , TD, 16.9N,  97.0W,  25, 1004,    0,    0,    0,    0,    0,    0,    0,    0,    0,    0,    0,    0, -999,    nan,    nan,    nan,    nan,    nan,    nan,    nan,    nan,    nan,    nan,    nan,    nan,    nan,    nan,    nan,    nan,    nan,    nan,    nan,    nan,    nan,    nan,    nan,    nan,    nan,    nan,    nan,    nan,    nan,    nan,    nan
