AL212003,              PETER,     15,
20031207, 1800,  , SS, 27.5N,  34.5W,  40, 1005, -999, -999, -999, -999, -999, -999, -999, -999, -999, -999, -999, -999, -999,  23.78,  24.07,  24.13,  24.33,  24.24,  24.15,  23.89,  23.68,  23.65,  23.61,  23.52,  23.27,  23.21,  22.95,  22.89,  23.15,  23.54,  23.55,  23.43,  23.42,  23.56,  23.52,  23.52,  23.42,  23.16,  23.06,  22.87,  22.88,  22.92,  22.87,  22.70
20031208, 0000,  , SS, 26.1N,  34.8W,  40, 1004, -999, -999, -999, -999, -999, -999, -999, -999, -999, -999, -999, -999, -999,  24.74,  24.76,  24.75,  24.79,  24.76,  24.74,  24.87,  24.87,  24.88,  24.71,  24.63,  24.66,  24.46,  24.47,  24.32,  24.32,  24.45,  24.45,  24.27,  24.32,  24.16,  24.14,  23.93,  23.81,  23.81,  23.42,  23.30,  23.20,  23.17,  23.13,  22.97
20031208, 0600,  , SS, 24.1N,  35.8W,  40, 1004, -999, -999, -999, -999, -999, -999, -999, -999, -999, -999, -999, -999, -999,  25.41,  25.41,  25.41,  25.36,  25.10,  24.94,  25.03,  24.88,  24.92,  24.73,  24.73,  24.73,  24.76,  24.78,  24.77,  24.67,  24.63,  24.60,  24.55,  24.80,  24.80,  24.64,  24.66,  24.73,  24.69,  24.39,  24.31,  24.27,  24.19,  24.04,  23.95
20031208, 1200,  , SS, 22.4N,  36.8W,  40, 1004, -999, -999, -999, -999, -999, -999, -999, -999, -999, -999, -999, -999, -999,  25.76,  25.81,  25.77,  25.73,  25.89,  25.94,  26.06,  26.04,  26.05,  25.84,  25.69,  25.67,  25.79,  25.99,  25.77,  25.53,  25.30,  25.15,  25.05,  25.32,  25.31,  24.78,  24.98,  25.01,  24.92,  24.78,  24.84,  24.85,  24.85,  24.68,  24.56
20031208, 1800,  , SS, 20.7N,  37.9W,  40, 1004, -999, -999, -999, -999, -999, -999, -999, -999, -999, -999, -999, -999, -999,  26.46,  26.43,  26.34,  26.09,  25.98,  26.27,  26.28,  25.95,  26.00,  25.86,  25.98,  25.67,  25.66,  25.58,  25.85,  25.88,  25.81,  25.69,  25.67,  25.82,  25.90,  25.73,  25.46,  25.44,  25.26,  25.32,  25.23,  25.26,  25.29,  25.23,  25.38
20031209, 0000,  , SS, 20.4N,  37.7W,  40, 1002, -999, -999, -999, -999, -999, -999, -999, -999, -999, -999, -999, -999, -999,  26.52,  26.23,  26.03,  26.18,  26.11,  26.09,  26.16,  26.10,  26.05,  26.07,  25.47,  25.48,  25.52,  25.64,  25.80,  25.65,  25.38,  25.48,  25.75,  25.76,  25.62,  25.30,  25.39,  25.30,  25.20,  25.27,  25.41,  25.54,  25.48,  25.55,  25.43
20031209, 0600,  , TS, 20.0N,  37.4W,  40,  998, -999, -999, -999, -999, -999, -999, -999, -999, -999, -999, -999, -999, -999,  26.26,  26.12,  26.19,  26.31,  26.45,  26.40,  26.00,  26.01,  26.09,  25.91,  25.69,  25.83,  25.96,  26.18,  26.33,  26.03,  26.05,  26.13,  26.08,  26.00,  25.74,  25.64,  25.81,  25.86,  25.84,  25.77,  25.81,  25.85,  25.67,  25.77,  25.76
20031209, 1200,  , TS, 19.5N,  37.2W,  50,  992, -999, -999, -999, -999, -999, -999, -999, -999, -999, -999, -999, -999, -999,  26.25,  26.27,  26.50,  26.57,  26.34,  26.42,  26.31,  26.31,  26.09,  26.01,  25.93,  26.13,  26.17,  26.27,  26.19,  25.98,  26.06,  25.84,  25.95,  26.02,  25.90,  25.57,  25.89,  26.05,  26.01,  25.99,  26.06,  26.09,  25.79,  25.71,  25.53
20031209, 1800,  , TS, 21.0N,  37.0W,  60,  990, -999, -999, -999, -999, -999, -999, -999, -999, -999, -999, -999, -999, -999,  26.36,  26.32,  26.25,  26.16,  26.27,  26.27,  26.20,  26.03,  25.91,  25.91,  25.84,  25.77,  25.82,  25.85,  25.84,  25.74,  25.62,  25.76,  25.86,  25.88,  25.67,  25.54,  25.40,  25.19,  25.17,  25.16,  25.27,  25.38,  25.31,  25.24,  25.03
20031210, 0000,  , TS, 22.2N,  37.0W,  45, 1000, -999, -999, -999, -999, -999, -999, -999, -999, -999, -999, -999, -999, -999,  26.05,  25.97,  26.06,  26.13,  26.29,  26.23,  26.17,  26.00,  25.91,  25.94,  25.94,  26.04,  25.82,  25.63,  25.43,  25.41,  25.41,  25.70,  25.73,  25.38,  25.41,  25.33,  25.20,  25.09,  25.12,  25.15,  25.17,  25.02,  24.86,  24.82,  24.87
20031210, 0600,  , TS, 23.1N,  37.1W,  35, 1005, -999, -999, -999, -999, -999, -999, -999, -999, -999, -999, -999, -999, -999,  25.92,  25.94,  25.96,  25.98,  26.01,  25.86,  25.80,  25.66,  25.55,  25.55,  25.55,  25.54,  25.52,  25.40,  25.45,  25.41,  25.21,  25.53,  25.29,  25.02,  25.02,  24.99,  24.86,  24.72,  24.73,  24.67,  24.62,  24.36,  24.18,  24.15,  24.23
20031210, 1200,  , TD, 23.8N,  37.1W,  30, 1005, -999, -999, -999, -999, -999, -999, -999, -999, -999, -999, -999, -999, -999,  25.68,  25.75,  25.63,  25.49,  25.46,  25.42,  25.43,  25.27,  25.20,  25.17,  25.01,  24.84,  24.79,  24.74,  24.92,  24.90,  24.73,  25.11,  25.07,  25.00,  24.98,  24.90,  24.81,  24.64,  24.56,  24.46,  24.44,  24.26,  24.17,  24.23,  24.31
20031210, 1800,  , TD, 25.0N,  36.7W,  30, 1005, -999, -999, -999, -999, -999, -999, -999, -999, -999, -999, -999, -999, -999,  25.31,  25.33,  25.22,  25.15,  25.02,  24.89,  24.91,  24.94,  24.92,  24.87,  24.82,  24.95,  24.76,  24.75,  24.78,  24.70,  24.50,  24.67,  24.70,  24.66,  24.54,  24.54,  24.51,  24.25,  24.16,  24.14,  24.13,  23.97,  23.94,  23.87,  23.76
20031211, 0000,  , TD, 26.0N,  36.2W,  30, 1005, -999, -999, -999, -999, -999, -999, -999, -999, -999, -999, -999, -999, -999,  24.88,  24.89,  25.03,  25.03,  24.58,  24.65,  24.60,  24.54,  24.48,  24.29,  24.42,  24.28,  24.47,  24.80,  24.65,  24.41,  24.43,  24.43,  24.20,  24.16,  23.97,  23.87,  23.67,  23.70,  23.82,  23.83,  23.73,  23.58,  23.57,  23.36,  23.15
20031211, 0600,  , EX, 27.5N,  35.0W,  30, 1009, -999, -999, -999, -999, -999, -999, -999, -999, -999, -999, -999, -999, -999,  24.18,  24.13,  24.23,  24.29,  24.22,  24.29,  24.15,  23.89,  23.72,  23.50,  23.46,  23.48,  23.57,  23.62,  23.64,  23.48,  23.37,  23.25,  23.09,  23.12,  23.16,  23.21,  23.21,  23.11,  22.76,  22.46,  22.25,  22.09,  22.16,  22.30,  22.41
