CP012002,              ALIKA,     27,
20020821, 1800,  , TS, 11.1N, 139.2W,  50,  997, -999, -999, -999, -999, -999, -999, -999, -999, -999, -999, -999, -999, -999,  34.54,  34.38,  34.40,  34.44,  34.51,  34.53,  34.48,  34.46,  34.43,  34.42,  34.42,  34.44,  34.44,  34.45,  34.40,  34.40,  34.39,  34.41,  34.40,  34.42,  34.37,  34.43,  34.37,  34.40,  34.32,  34.38,  34.34,  34.32,  34.41,  34.35,  34.40
20020822, 0000,  , TD, 10.8N, 139.2W,  25, 1009, -999, -999, -999, -999, -999, -999, -999, -999, -999, -999, -999, -999, -999,  34.47,  34.34,  34.39,  34.42,  34.47,  34.52,  34.52,  34.52,  34.52,  34.51,  34.49,  34.47,  34.47,  34.46,  34.48,  34.45,  34.47,  34.42,  34.46,  34.37,  34.42,  34.32,  34.32,  34.25,  34.35,  34.30,  34.34,  34.34,  34.29,  34.33,  34.32
20020822, 0600,  , TD, 10.8N, 139.8W,  25, 1009, -999, -999, -999, -999, -999, -999, -999, -999, -999, -999, -999, -999, -999,  34.29,  34.43,  34.45,  34.49,  34.55,  34.50,  34.45,  34.39,  34.41,  34.40,  34.38,  34.36,  34.33,  34.30,  34.28,  34.26,  34.37,  34.32,  34.33,  34.35,  34.32,  34.23,  34.19,  34.12,  34.14,  34.15,  34.07,  34.12,  34.10,  34.12,  34.06
20020822, 1200,  , TD, 10.7N, 141.2W,  25, 1009, -999, -999, -999, -999, -999, -999, -999, -999, -999, -999, -999, -999, -999,  34.68,  34.74,  34.60,  34.64,  34.83,  34.56,  34.70,  34.65,  34.67,  34.70,  34.60,  34.62,  34.47,  34.40,  34.36,  34.23,  34.45,  34.50,  34.47,  34.52,  34.68,  34.63,  34.63,  34.52,  34.42,  34.31,  34.17,  34.08,  34.06,  34.07,  34.05
20020822, 1800,  , TD, 10.7N, 142.7W,  30, 1009, -999, -999, -999, -999, -999, -999, -999, -999, -999, -999, -999, -999, -999,  34.23,  34.20,  34.27,  34.32,  34.38,  34.49,  34.40,  34.41,  34.39,  34.24,  34.28,  34.25,  34.27,  34.26,  34.33,  34.39,  34.72,  34.91,  34.78,  34.60,  34.54,  34.56,  34.56,  34.53,  34.47,  34.62,  34.44,  34.72,  34.68,  34.59,  34.51
20020823, 0000,  , TD, 10.7N, 144.1W,  30, 1009, -999, -999, -999, -999, -999, -999, -999, -999, -999, -999, -999, -999, -999,  34.43,  34.41,  34.41,  34.41,  34.47,  34.45,  34.44,  34.42,  34.40,  34.39,  34.38,  34.37,  34.38,  34.37,  34.38,  34.39,  34.38,  34.38,  34.28,  34.37,  34.28,  34.42,  34.52,  34.65,  34.73,  34.43,  34.42,  34.39,  34.36,  34.37,  34.51
20020823, 0600,  , TD, 11.1N, 145.0W,  30, 1009, -999, -999, -999, -999, -999, -999, -999, -999, -999, -999, -999, -999, -999,  34.21,  34.22,  34.26,  34.28,  34.21,  34.23,  34.27,  34.23,  34.25,  34.21,  34.27,  34.30,  34.31,  34.27,  34.25,  34.24,  34.21,  34.23,  34.24,  34.12,  34.15,  34.12,  34.13,  34.11,  34.14,  34.12,  34.16,  34.11,  34.01,  34.09,  34.05
20020823, 1200,  , TD, 11.2N, 146.1W,  30, 1007, -999, -999, -999, -999, -999, -999, -999, -999, -999, -999, -999, -999, -999,  34.34,  34.27,  34.22,  34.12,  34.12,  34.12,  34.14,  34.16,  34.12,  34.13,  34.24,  34.18,  34.22,  34.19,  34.20,  34.17,  34.16,  34.21,  34.23,  34.28,  34.25,  34.27,  34.47,  34.59,  34.80,  34.80,  34.84,  34.85,  34.69,  34.76,  34.94
20020823, 1800,  , TD, 11.3N, 147.0W,  30, 1007, -999, -999, -999, -999, -999, -999, -999, -999, -999, -999, -999, -999, -999,  34.41,  34.40,  34.36,  34.34,  34.30,  34.27,  34.32,  34.28,  34.24,  34.29,  34.43,  34.39,  34.66,  34.68,  34.70,  34.63,  34.61,  34.60,  34.57,  34.54,  34.55,  34.52,  34.69,  34.67,  34.77,  34.80,  34.80,  34.81,  34.77,  34.69,  34.75
20020824, 0000,  , TD, 11.5N, 148.0W,  30, 1007, -999, -999, -999, -999, -999, -999, -999, -999, -999, -999, -999, -999, -999,  34.30,  34.39,  34.41,  34.38,  34.34,  34.22,  34.20,  34.18,  34.21,  34.23,  34.26,  34.31,  34.38,  34.45,  34.52,  34.52,  34.44,  34.43,  34.50,  34.52,  34.53,  34.68,  34.76,  34.70,  35.14,  34.86,  34.93,  34.83,  34.83,  34.75,  34.68
20020824, 0600,  , TD, 11.6N, 149.0W,  30, 1007, -999, -999, -999, -999, -999, -999, -999, -999, -999, -999, -999, -999, -999,  34.43,  34.47,  34.55,  34.57,  34.50,  34.47,  34.43,  34.43,  34.42,  34.48,  34.50,  34.48,  34.38,  34.38,  34.37,  34.36,  34.30,  34.39,  34.38,  34.35,  34.30,  34.50,  34.38,  34.30,  34.46,  34.41,  34.43,  34.42,  34.55,  34.60,  34.65
20020824, 1200,  , TD, 11.7N, 149.7W,  30, 1007, -999, -999, -999, -999, -999, -999, -999, -999, -999, -999, -999, -999, -999,  34.54,  34.59,  34.62,  34.60,  34.58,  34.59,  34.56,  34.56,  34.55,  34.63,  34.63,  34.59,  34.52,  34.48,  34.45,  34.45,  34.38,  34.47,  34.45,  34.45,  34.46,  34.41,  34.45,  34.43,  34.43,  34.42,  34.41,  34.41,  34.50,  34.49,  34.44
20020824, 1800,  , TD, 11.8N, 150.7W,  30, 1003, -999, -999, -999, -999, -999, -999, -999, -999, -999, -999, -999, -999, -999,  34.26,  34.36,  34.41,  34.45,  34.48,  34.52,  34.46,  34.47,  34.43,  34.52,  34.52,  34.53,  34.41,  34.46,  34.52,  34.53,  34.49,  34.55,  34.51,  34.45,  34.48,  34.42,  34.44,  34.39,  34.37,  34.36,  34.37,  34.35,  34.43,  34.41,  34.40
20020825, 0000,  , TS, 12.2N, 151.5W,  40,  996, -999, -999, -999, -999, -999, -999, -999, -999, -999, -999, -999, -999, -999,  34.90,  34.76,  34.72,  34.71,  34.65,  34.65,  34.61,  34.55,  34.55,  34.64,  34.59,  34.47,  34.64,  34.56,  34.63,  34.65,  34.43,  34.48,  34.54,  34.65,  34.61,  34.63,  34.56,  34.52,  34.50,  34.51,  34.50,  34.49,  34.49,  34.59,  34.53
20020825, 0600,  , TS, 12.7N, 152.6W,  55,  995, -999, -999, -999, -999, -999, -999, -999, -999, -999, -999, -999, -999, -999,  34.79,  34.65,  34.66,  34.63,  34.59,  34.48,  34.47,  34.53,  34.58,  34.51,  34.50,  34.55,  34.65,  34.69,  34.81,  34.85,  34.80,  34.84,  34.83,  34.89,  34.85,  34.87,  34.72,  34.76,  34.66,  34.52,  34.42,  34.35,  34.26,  34.36,  34.36
20020825, 1200,  , TS, 12.8N, 153.8W,  50,  998, -999, -999, -999, -999, -999, -999, -999, -999, -999, -999, -999, -999, -999,  35.05,  34.98,  34.82,  34.73,  34.75,  34.69,  34.74,  34.72,  34.77,  34.76,  34.83,  34.79,  34.71,  34.73,  34.67,  34.67,  34.73,  34.67,  34.66,  34.72,  34.73,  34.74,  34.74,  34.73,  34.72,  34.75,  34.80,  34.85,  34.72,  34.59,  34.39
20020825, 1800,  , TS, 12.5N, 155.1W,  50,  998, -999, -999, -999, -999, -999, -999, -999, -999, -999, -999, -999, -999, -999,  34.53,  34.63,  34.68,  34.68,  34.66,  34.77,  34.85,  35.05,  34.86,  34.79,  34.76,  34.61,  34.33,  34.41,  34.46,  34.58,  34.72,  34.72,  34.89,  34.82,  34.73,  34.72,  34.70,  34.72,  34.65,  34.53,  34.54,  34.73,  34.81,  34.83,  34.50
20020826, 0000,  , TS, 12.5N, 156.3W,  50,  998, -999, -999, -999, -999, -999, -999, -999, -999, -999, -999, -999, -999, -999,  34.62,  34.63,  34.65,  34.66,  34.74,  34.75,  34.75,  34.78,  34.77,  34.73,  34.74,  34.62,  34.75,  34.78,  34.70,  34.35,  34.61,  34.84,  34.83,  34.82,  34.84,  34.88,  34.85,  34.80,  34.70,  34.63,  34.62,  34.59,  34.57,  34.56,  34.70
20020826, 0600,  , TS, 12.6N, 157.5W,  45, 1000, -999, -999, -999, -999, -999, -999, -999, -999, -999, -999, -999, -999, -999,  34.53,  34.59,  34.68,  34.69,  34.69,  34.66,  34.65,  34.63,  34.63,  34.65,  34.73,  34.71,  34.65,  34.59,  34.60,  34.70,  34.72,  34.73,  34.72,  34.74,  34.60,  34.75,  34.71,  34.76,  34.70,  34.66,  34.94,  34.75,  34.73,  34.72,  34.81
20020826, 1200,  , TS, 13.0N, 158.9W,  45, 1000, -999, -999, -999, -999, -999, -999, -999, -999, -999, -999, -999, -999, -999,  34.58,  34.53,  34.53,  34.55,  35.03,  34.72,  34.64,  34.53,  34.50,  34.46,  34.37,  34.53,  34.55,  34.57,  34.51,  34.46,  34.45,  34.48,  34.51,  34.58,  34.70,  34.77,  34.69,  34.65,  34.51,  34.61,  34.67,  34.62,  34.62,  34.62,  34.65
20020826, 1800,  , TS, 13.8N, 160.4W,  35, 1004, -999, -999, -999, -999, -999, -999, -999, -999, -999, -999, -999, -999, -999,  34.63,  34.63,  34.65,  34.63,  34.65,  34.67,  34.66,  34.67,  34.67,  34.64,  34.56,  34.56,  34.99,  34.83,  34.62,  34.54,  34.58,  34.58,  34.60,  34.65,  34.67,  34.70,  34.67,  34.73,  34.75,  34.72,  34.72,  34.70,  34.71,  34.71,  34.67
20020827, 0000,  , TD, 14.6N, 162.0W,  30, 1010, -999, -999, -999, -999, -999, -999, -999, -999, -999, -999, -999, -999, -999,  34.68,  34.68,  34.68,  34.70,  34.66,  34.66,  34.64,  34.62,  34.59,  34.59,  34.58,  34.58,  34.59,  34.62,  34.65,  34.69,  34.70,  34.68,  34.64,  34.61,  34.60,  34.56,  34.59,  34.58,  34.58,  34.57,  34.58,  34.63,  34.69,  34.69,  34.70
20020827, 0600,  , TD, 15.3N, 162.9W,  30, 1009, -999, -999, -999, -999, -999, -999, -999, -999, -999, -999, -999, -999, -999,  34.70,  34.70,  34.70,  34.70,  34.70,  34.68,  34.66,  34.66,  34.68,  34.68,  34.68,  34.69,  34.70,  34.72,  34.72,  34.74,  34.78,  34.75,  34.74,  34.73,  34.72,  34.72,  34.74,  34.75,  34.73,  34.74,  34.73,  34.75,  34.74,  34.76,  34.77
20020827, 1200,  , TD, 15.6N, 164.4W,  30, 1010, -999, -999, -999, -999, -999, -999, -999, -999, -999, -999, -999, -999, -999,  34.71,  34.69,  34.68,  34.68,  34.69,  34.70,  34.70,  34.71,  34.73,  34.74,  34.72,  34.71,  34.71,  34.71,  34.70,  34.69,  34.68,  34.67,  34.67,  34.66,  34.65,  34.65,  34.65,  34.66,  34.65,  34.62,  34.63,  34.70,  34.71,  34.70,  34.69
20020827, 1800,  , TD, 15.8N, 166.2W,  25, 1009, -999, -999, -999, -999, -999, -999, -999, -999, -999, -999, -999, -999, -999,  34.72,  34.66,  34.65,  34.58,  34.57,  34.58,  34.65,  34.71,  34.77,  34.81,  34.82,  34.86,  34.89,  34.91,  34.92,  34.89,  34.89,  34.89,  34.94,  34.94,  34.88,  34.86,  34.85,  34.84,  34.83,  34.84,  34.84,  34.83,  34.81,  34.82,  34.85
20020828, 0000,  , TD, 16.0N, 167.5W,  25, 1009, -999, -999, -999, -999, -999, -999, -999, -999, -999, -999, -999, -999, -999,  34.69,  34.70,  34.71,  34.72,  34.75,  34.76,  34.75,  34.75,  34.76,  34.74,  34.73,  34.72,  34.73,  34.73,  34.73,  34.74,  34.75,  34.75,  34.75,  34.74,  34.74,  34.74,  34.74,  34.74,  34.77,  34.78,  34.82,  34.83,  34.82,  34.81,  34.82
20020828, 0600,  , TD, 16.2N, 168.9W,  25, 1010, -999, -999, -999, -999, -999, -999, -999, -999, -999, -999, -999, -999, -999,  34.84,  34.81,  34.78,  34.77,  34.76,  34.76,  34.76,  34.80,  34.84,  34.86,  34.86,  34.87,  34.88,  34.93,  34.91,  34.89,  34.86,  34.79,  34.84,  34.82,  34.81,  34.80,  34.81,  34.80,  34.79,  34.78,  34.78,  34.79,  34.80,  34.81,  34.81
