CP012010,              OMEKA,     28,
20101216, 0000,  , EX, 30.0N, 175.0E,  25, 1006,    0,    0,    0,    0,    0,    0,    0,    0,    0,    0,    0,    0, -999,  21.76,  21.76,  21.62,  21.51,  21.36,  21.17,  21.21,  21.47,  21.36,  21.34,  21.27,  21.27,  21.24,  21.47,  21.45,  21.29,  21.25,  21.06,  20.91,  20.94,  20.97,  20.96,  21.05,  21.16,  21.02,  21.02,  20.89,  20.83,  20.70,  20.65,  20.71
20101216, 0600,  , EX, 29.0N, 176.0E,  25, 1006,    0,    0,    0,    0,    0,    0,    0,    0,    0,    0,    0,    0, -999,  22.54,  22.60,  22.73,  22.73,  22.66,  22.76,  22.40,  22.10,  22.07,  22.16,  22.15,  21.94,  21.79,  21.63,  21.44,  21.61,  21.55,  21.30,  21.10,  21.08,  21.10,  21.03,  20.91,  20.89,  20.97,  20.87,  20.87,  20.87,  20.80,  20.60,  20.69
20101216, 1200,  , EX, 28.0N, 177.0E,  25, 1006,    0,    0,    0,    0,    0,    0,    0,    0,    0,    0,    0,    0, -999,  24.23,  24.13,  23.92,  23.93,  23.81,  24.05,  24.13,  24.06,  23.98,  23.77,  23.60,  23.61,  23.65,  23.50,  23.14,  23.35,  23.30,  23.12,  22.71,  22.52,  22.67,  22.75,  22.43,  22.11,  22.32,  22.18,  22.67,  22.76,  22.46,  22.12,  21.84
20101216, 1800,  , EX, 27.0N, 179.0E,  25, 1005,    0,    0,    0,    0,    0,    0,    0,    0,    0,    0,    0,    0, -999,  23.43,  23.73,  23.99,  24.13,  24.35,  24.38,  24.18,  24.35,  24.42,  24.55,  24.61,  24.62,  24.45,  24.34,  24.13,  24.15,  23.93,  23.85,  23.82,  23.54,  23.48,  23.70,  23.84,  23.70,  23.91,  23.67,  23.96,  23.96,  23.86,  23.64,  23.40
20101217, 0000,  , EX, 26.0N, 180.0W,  25, 1004,    0,    0,    0,    0,    0,    0,    0,    0,    0,    0,    0,    0, -999,  25.06,  25.00,  24.88,  24.78,  24.97,  24.77,  24.86,  24.87,  24.84,  24.79,  24.63,  24.45,  24.40,  24.46,  24.56,  24.32,  24.02,  23.75,  23.79,  23.96,  23.93,  23.94,  24.11,  24.11,  24.00,  24.10,  24.07,  23.95,  23.95,  24.06,  23.87
20101217, 0600,  , EX, 25.6N, 179.5W,  25, 1004,    0,    0,    0,    0,    0,    0,    0,    0,    0,    0,    0,    0, -999,  25.28,  25.09,  25.03,  24.92,  24.76,  24.71,  24.72,  24.60,  24.57,  25.01,  24.91,  24.91,  24.80,  24.82,  24.52,  24.23,  23.85,  23.82,  23.93,  24.04,  24.27,  24.38,  24.33,  24.33,  24.36,  24.31,  24.20,  24.06,  23.99,  24.08,  24.11
20101217, 1200,  , EX, 25.0N, 179.0W,  25, 1004,    0,    0,    0,    0,    0,    0,    0,    0,    0,    0,    0,    0, -999,  24.98,  24.78,  24.65,  24.57,  24.44,  24.50,  24.61,  24.60,  24.57,  25.14,  25.13,  25.06,  24.93,  24.93,  24.71,  24.73,  24.50,  24.43,  24.41,  24.38,  24.53,  24.73,  24.66,  24.50,  24.58,  24.39,  24.31,  24.27,  24.26,  24.51,  24.56
20101217, 1800,  , EX, 24.6N, 178.7W,  30, 1003,    0,    0,    0,    0,    0,    0,    0,    0,    0,    0,    0,    0, -999,  25.40,  25.22,  25.20,  25.11,  25.07,  25.07,  25.10,  25.09,  25.01,  25.44,  25.51,  25.40,  25.31,  25.34,  25.16,  25.26,  25.01,  24.94,  24.86,  24.87,  25.02,  25.07,  24.96,  24.84,  25.05,  24.95,  24.89,  24.79,  24.80,  25.10,  24.99
20101218, 0000,  , SD, 24.2N, 178.5W,  30, 1002,    0,    0,    0,    0,    0,    0,    0,    0,    0,    0,    0,    0, -999,  26.00,  26.00,  25.57,  25.65,  25.64,  25.74,  25.66,  25.53,  26.21,  26.12,  25.78,  25.63,  25.49,  25.43,  25.44,  25.18,  25.12,  25.09,  25.17,  25.34,  25.39,  25.21,  25.06,  25.22,  25.02,  24.87,  24.79,  24.85,  25.00,  24.96,  25.16
20101218, 0600,  , SD, 23.8N, 178.6W,  30, 1002,    0,    0,    0,    0,    0,    0,    0,    0,    0,    0,    0,    0, -999,  25.81,  25.75,  25.59,  25.64,  25.75,  25.80,  25.73,  25.53,  26.08,  25.74,  25.44,  25.38,  25.45,  25.48,  25.49,  25.27,  25.14,  25.07,  25.21,  25.38,  25.42,  25.15,  25.12,  25.22,  25.09,  25.05,  25.08,  25.20,  25.41,  25.25,  25.32
20101218, 1200,  , SS, 23.6N, 178.7W,  35, 1002,   45,   45,   45,   45,    0,    0,    0,    0,    0,    0,    0,    0, -999,  25.76,  25.70,  25.69,  25.87,  25.87,  25.87,  25.73,  25.48,  26.00,  25.78,  25.78,  25.73,  25.68,  25.64,  25.67,  25.40,  25.23,  25.20,  25.39,  25.60,  25.62,  25.34,  25.40,  25.50,  25.47,  25.51,  25.66,  25.82,  25.96,  25.83,  25.78
20101218, 1800,  , SS, 23.0N, 179.8W,  35, 1002,   45,   45,   45,   45,    0,    0,    0,    0,    0,    0,    0,    0, -999,  26.41,  26.22,  25.73,  25.94,  25.94,  26.08,  26.07,  25.47,  25.77,  25.94,  26.02,  25.64,  25.54,  25.51,  25.77,  25.61,  25.70,  25.78,  25.70,  25.78,  25.64,  25.40,  25.35,  25.34,  25.32,  25.08,  25.03,  24.99,  25.18,  25.22,  25.23
20101219, 0000,  , SS, 22.2N, 179.4E,  40, 1001,   90,   90,   90,   90,    0,    0,    0,    0,    0,    0,    0,    0, -999,  25.02,  25.26,  25.70,  25.98,  26.14,  26.02,  25.87,  26.14,  26.25,  26.05,  25.92,  25.80,  25.64,  25.51,  25.20,  25.05,  25.33,  24.93,  24.89,  24.66,  24.62,  24.65,  24.70,  24.69,  24.53,  24.44,  24.65,  24.54,  24.61,  24.55,  24.66
20101219, 0600,  , SS, 21.6N, 179.1E,  45, 1000,   90,   90,   90,   90,    0,    0,    0,    0,    0,    0,    0,    0, -999,  26.76,  26.52,  26.38,  26.34,  26.29,  26.26,  26.21,  26.46,  26.45,  26.22,  26.14,  26.16,  26.01,  25.94,  25.88,  25.89,  26.16,  25.72,  25.58,  25.42,  24.95,  24.86,  24.94,  24.88,  24.88,  24.81,  24.99,  25.06,  25.17,  25.13,  25.24
20101219, 1200,  , SS, 21.1N, 179.0E,  50,  999,  150,  150,  150,  150,   90,   90,   90,   90,    0,    0,    0,    0, -999,  27.06,  27.07,  27.09,  27.10,  27.02,  27.05,  27.05,  27.32,  27.32,  27.23,  27.27,  27.20,  26.96,  26.79,  26.59,  26.58,  26.72,  26.30,  26.22,  26.15,  25.89,  25.73,  25.80,  25.81,  25.75,  25.69,  25.88,  26.05,  26.17,  26.18,  26.20
20101219, 1800,  , SS, 20.4N, 179.1E,  50,  999,  150,  150,  150,  150,   90,   90,   90,   90,    0,    0,    0,    0, -999,  27.17,  27.07,  27.06,  27.12,  27.07,  27.17,  27.25,  27.45,  27.36,  27.25,  27.24,  27.14,  27.01,  27.01,  26.86,  26.80,  26.73,  26.41,  26.35,  26.25,  26.07,  26.00,  26.03,  26.01,  25.95,  25.93,  26.13,  26.19,  26.21,  26.11,  26.16
20101220, 0000,  , SS, 20.1N, 179.9E,  45,  998,   60,   60,   60,   60,    0,    0,    0,    0,    0,    0,    0,    0, -999,  27.39,  27.34,  27.29,  27.22,  27.32,  27.37,  27.29,  27.16,  27.06,  27.09,  27.02,  27.01,  27.09,  27.05,  27.05,  27.05,  26.83,  26.82,  26.78,  26.80,  26.79,  26.68,  26.27,  25.95,  25.96,  26.26,  26.46,  26.74,  26.69,  26.77,  26.90
20101220, 0600,  , TS, 20.4N, 178.9W,  45,  997,   45,   45,   45,   45,    0,    0,    0,    0,    0,    0,    0,    0, -999,  27.19,  27.21,  27.30,  27.17,  26.99,  26.99,  27.18,  27.20,  27.23,  27.25,  27.20,  27.01,  26.93,  26.92,  26.95,  26.96,  26.97,  27.00,  26.98,  26.97,  26.86,  26.68,  26.63,  26.40,  26.20,  26.18,  26.04,  26.15,  26.21,  26.24,  26.24
20101220, 1200,  , TS, 21.0N, 177.3W,  45,  997,   45,   45,   45,   45,    0,    0,    0,    0,    0,    0,    0,    0, -999,  26.43,  26.42,  26.48,  26.56,  26.61,  26.62,  26.77,  27.14,  27.01,  26.93,  26.80,  26.32,  26.23,  26.09,  26.12,  26.05,  26.09,  26.18,  26.21,  26.15,  26.05,  25.65,  25.57,  25.42,  25.31,  25.32,  25.39,  25.49,  25.46,  25.46,  25.27
20101220, 1800,  , TS, 22.4N, 176.1W,  35,  999,   45,   45,   45,   45,    0,    0,    0,    0,    0,    0,    0,    0, -999,  25.87,  25.83,  26.11,  26.28,  26.43,  26.37,  26.14,  25.84,  25.61,  25.55,  25.46,  25.39,  25.09,  24.98,  25.07,  25.19,  25.17,  25.28,  25.27,  25.32,  25.23,  25.13,  24.89,  24.73,  24.47,  24.46,  24.82,  25.23,  25.57,  25.56,  25.50
20101221, 0000,  , TS, 23.8N, 174.6W,  35, 1000,   50,   50,   50,   20,    0,    0,    0,    0,    0,    0,    0,    0, -999,  25.99,  25.90,  25.93,  25.98,  25.95,  25.82,  25.75,  25.66,  25.61,  25.69,  25.67,  25.72,  25.61,  25.68,  25.90,  26.05,  25.90,  25.83,  25.91,  25.89,  25.62,  25.54,  25.27,  24.82,  24.77,  24.72,  24.87,  24.91,  24.88,  24.98,  24.94
20101221, 0600,  , TS, 25.4N, 173.7W,  35, 1001,   50,   50,   40,    0,    0,    0,    0,    0,    0,    0,    0,    0, -999,  24.41,  24.42,  24.41,  24.48,  24.42,  24.59,  24.60,  24.76,  24.90,  24.91,  24.72,  24.45,  24.42,  24.51,  24.56,  24.66,  24.48,  24.37,  24.69,  24.65,  24.75,  24.71,  24.40,  24.29,  24.24,  24.23,  24.28,  24.34,  24.37,  24.27,  24.09
20101221, 1200,  , LO, 27.0N, 173.0W,  35, 1002,   50,   50,   40,    0,    0,    0,    0,    0,    0,    0,    0,    0, -999,  24.44,  24.54,  24.52,  24.59,  24.61,  24.39,  24.20,  24.16,  24.25,  24.11,  23.90,  23.87,  23.85,  23.85,  23.78,  23.68,  23.09,  22.86,  22.69,  22.89,  23.75,  23.44,  23.28,  23.44,  23.59,  23.65,  23.63,  23.53,  23.47,  23.44,  23.44
20101221, 1800,  , LO, 29.0N, 172.6W,  35, 1002,   50,   50,   40,    0,    0,    0,    0,    0,    0,    0,    0,    0, -999,  22.94,  22.61,  22.73,  22.76,  22.82,  22.56,  22.32,  22.22,  22.56,  22.55,  22.61,  22.62,  22.53,  22.51,  22.28,  22.44,  22.40,  22.21,  21.95,  21.50,  21.22,  20.82,  20.77,  20.62,  20.27,  20.20,  20.33,  20.63,  20.91,  21.11,  21.13
20101222, 0000,  , LO, 30.7N, 172.2W,  30, 1002,    0,    0,    0,    0,    0,    0,    0,    0,    0,    0,    0,    0, -999,  21.74,  21.91,  21.88,  21.87,  21.45,  21.29,  20.92,  20.41,  20.29,  20.49,  20.56,  20.37,  20.15,  19.88,  19.86,  19.82,  19.82,  19.81,  19.83,  19.92,  19.81,  19.68,  19.63,  19.71,  19.83,  19.85,  19.75,  19.97,  20.07,  19.91,  20.00
20101222, 0600,  , LO, 32.2N, 172.4W,  30, 1004,    0,    0,    0,    0,    0,    0,    0,    0,    0,    0,    0,    0, -999,  21.37,  21.30,  21.15,  21.12,  20.93,  20.42,  20.13,  20.04,  20.20,  20.41,  20.05,  19.82,  19.49,  19.16,  19.27,  19.43,  19.74,  19.55,  19.40,  19.20,  18.90,  19.24,  19.54,  19.10,  18.72,  18.92,  18.92,  19.29,  19.05,  18.96,  19.08
20101222, 1200,  , LO, 33.3N, 172.3W,  25, 1006,    0,    0,    0,    0,    0,    0,    0,    0,    0,    0,    0,    0, -999,  19.52,  19.49,  19.69,  20.02,  20.04,  20.00,  19.69,  19.59,  19.43,  18.82,  18.82,  18.86,  19.00,  18.86,  18.76,  18.67,  18.81,  18.86,  18.75,  18.59,  18.46,  18.31,  18.28,  18.00,  17.88,  18.04,  18.64,  18.82,  18.77,  18.67,  18.60
20101222, 1800,  , LO, 34.1N, 172.0W,  25, 1008,    0,    0,    0,    0,    0,    0,    0,    0,    0,    0,    0,    0, -999,  19.46,  19.43,  19.33,  19.31,  19.30,  19.26,  19.30,  18.94,  18.82,  18.70,  18.83,  19.01,  18.91,  18.84,  18.37,  17.76,  17.18,  17.58,  17.69,  17.60,  17.36,  17.11,  17.12,  16.92,  16.70,  16.93,  17.12,  17.33,  17.52,  17.35,  17.31
