CP012018,             WALAKA,     47,
20180926, 0600,  , DB, 10.7N, 140.1W,  25, 1008,    0,    0,    0,    0,    0,    0,    0,    0,    0,    0,    0,    0, -999,  34.22,  34.15,  34.19,  34.10,  33.98,  33.90,  33.89,  34.29,  33.90,  34.95,  34.32,  34.40,  34.34,  35.44,  34.92,  34.39,  34.38,  35.15,  34.36,  35.22,  35.20,  35.36,  34.41,  34.35,  34.43,  34.45,  34.46,  35.26,  34.65,  34.44,  34.81
20180926, 1200,  , DB, 11.1N, 140.7W,  25, 1008,    0,    0,    0,    0,    0,    0,    0,    0,    0,    0,    0,    0, -999,  34.30,  35.28,  34.12,  34.29,  34.36,  34.40,  34.36,  34.21,  33.97,  34.94,  34.20,  34.25,  34.25,  35.47,  35.42,  34.37,  34.39,  34.86,  34.32,  34.34,  34.79,  34.93,  34.39,  34.34,  34.34,  34.30,  34.26,  34.74,  34.62,  34.48,  34.36
20180926, 1800,  , DB, 11.7N, 141.5W,  25, 1008,    0,    0,    0,    0,    0,    0,    0,    0,    0,    0,    0,    0, -999,  33.88,  33.86,  33.93,  34.04,  34.05,  33.91,  33.84,  33.75,  33.95,  33.75,  34.24,  34.29,  34.28,  34.06,  34.02,  34.38,  34.37,  34.22,  34.20,  34.06,  34.02,  34.02,  34.55,  34.47,  34.48,  34.45,  34.48,  34.10,  34.29,  34.39,  34.34
20180927, 0000,  , DB, 12.2N, 142.6W,  25, 1008,    0,    0,    0,    0,    0,    0,    0,    0,    0,    0,    0,    0, -999,  33.91,  33.89,  34.00,  34.04,  34.13,  34.11,  34.14,  34.05,  34.03,  34.51,  34.30,  34.53,  33.92,  34.06,  34.48,  34.46,  34.04,  34.42,  34.20,  34.22,  34.17,  34.38,  34.38,  34.33,  34.36,  34.13,  33.93,  33.87,  34.35,  33.85,  34.16
20180927, 0600,  , DB, 12.2N, 144.1W,  25, 1008,    0,    0,    0,    0,    0,    0,    0,    0,    0,    0,    0,    0, -999,  34.83,  35.10,  34.94,  34.73,  35.30,  34.83,  34.46,  34.65,  34.45,  34.54,  34.44,  34.44,  34.14,  34.23,  34.43,  34.29,  34.10,  34.42,  34.28,  34.27,  34.36,  34.53,  34.30,  34.38,  34.38,  34.37,  34.06,  34.11,  34.36,  34.04,  34.39
20180927, 1200,  , LO, 12.2N, 145.7W,  25, 1008,    0,    0,    0,    0,    0,    0,    0,    0,    0,    0,    0,    0, -999,  34.18,  34.17,  34.30,  34.26,  34.22,  35.13,  34.25,  34.04,  34.03,  34.55,  34.56,  34.56,  34.09,  34.14,  34.36,  34.37,  34.19,  34.46,  34.16,  34.12,  34.08,  34.19,  34.44,  34.38,  34.43,  34.38,  34.18,  34.11,  34.41,  34.20,  34.34
20180927, 1800,  , LO, 12.1N, 147.3W,  25, 1008,    0,    0,    0,    0,    0,    0,    0,    0,    0,    0,    0,    0, -999,  34.31,  34.26,  34.28,  34.18,  34.31,  34.22,  34.13,  34.06,  34.00,  34.55,  34.33,  34.40,  34.05,  34.07,  34.49,  34.55,  34.45,  34.53,  34.38,  34.27,  34.22,  34.44,  34.39,  34.53,  34.54,  34.45,  34.22,  34.35,  34.37,  34.36,  34.34
20180928, 0000,  , LO, 12.1N, 148.8W,  25, 1007,    0,    0,    0,    0,    0,    0,    0,    0,    0,    0,    0,    0, -999,  34.05,  34.00,  34.08,  34.09,  34.09,  34.33,  34.01,  34.09,  34.35,  34.33,  34.38,  33.88,  33.85,  34.20,  34.17,  34.22,  34.16,  34.05,  34.04,  34.02,  34.25,  34.22,  34.22,  34.22,  34.27,  34.07,  34.19,  34.19,  34.35,  34.36,  34.39
20180928, 0600,  , LO, 12.0N, 150.2W,  25, 1007,    0,    0,    0,    0,    0,    0,    0,    0,    0,    0,    0,    0, -999,  34.04,  34.04,  34.10,  34.12,  33.97,  33.82,  33.79,  33.79,  34.49,  34.51,  34.48,  33.89,  33.86,  34.33,  34.32,  34.01,  34.27,  34.01,  33.99,  33.99,  34.16,  34.10,  34.13,  34.08,  34.12,  34.06,  34.09,  34.21,  34.07,  34.16,  34.19
20180928, 1200,  , LO, 12.0N, 151.5W,  25, 1007,    0,    0,    0,    0,    0,    0,    0,    0,    0,    0,    0,    0, -999,  34.39,  34.39,  34.35,  34.37,  34.33,  34.28,  34.28,  34.29,  34.48,  34.45,  34.53,  34.42,  34.47,  34.27,  34.34,  34.49,  34.46,  34.48,  34.41,  34.39,  34.30,  34.25,  34.25,  34.42,  34.46,  34.28,  34.31,  34.33,  34.30,  34.24,  34.24
20180928, 1800,  , LO, 11.9N, 152.8W,  25, 1007,    0,    0,    0,    0,    0,    0,    0,    0,    0,    0,    0,    0, -999,  34.31,  34.38,  34.49,  34.54,  34.55,  34.55,  34.49,  34.47,  34.20,  34.09,  34.16,  34.34,  34.31,  34.26,  34.38,  34.31,  34.34,  34.17,  34.18,  34.29,  34.17,  34.39,  34.20,  34.19,  34.18,  34.15,  34.24,  34.26,  34.29,  34.19,  34.35
20180929, 0000,  , LO, 11.8N, 154.2W,  25, 1007,    0,    0,    0,    0,    0,    0,    0,    0,    0,    0,    0,    0, -999,  34.31,  34.33,  34.32,  34.30,  34.39,  34.31,  34.31,  34.13,  34.09,  34.23,  34.33,  34.33,  34.08,  34.02,  34.33,  34.02,  34.27,  34.26,  34.23,  34.08,  34.27,  34.32,  34.15,  34.17,  34.13,  34.11,  34.18,  34.11,  34.12,  34.17,  34.13
20180929, 0600,  , LO, 11.8N, 155.6W,  25, 1007,    0,    0,    0,    0,    0,    0,    0,    0,    0,    0,    0,    0, -999,  34.39,  34.33,  34.32,  34.32,  34.32,  34.30,  34.31,  34.29,  34.25,  34.21,  34.25,  34.23,  34.26,  34.19,  34.20,  34.16,  34.20,  34.16,  34.18,  34.34,  34.30,  34.35,  34.31,  34.26,  34.11,  34.15,  34.37,  34.19,  34.41,  34.33,  34.34
20180929, 1200,  , TD, 11.7N, 157.1W,  30, 1006,    0,    0,    0,    0,    0,    0,    0,    0,    0,    0,    0,    0, -999,  34.31,  34.34,  34.36,  34.35,  34.35,  34.37,  34.38,  34.30,  34.17,  34.17,  34.31,  34.24,  34.30,  34.35,  34.20,  34.25,  34.16,  34.16,  34.15,  34.30,  34.16,  34.39,  34.23,  34.30,  34.20,  34.21,  34.18,  34.23,  34.17,  34.28,  34.24
20180929, 1800,  , TS, 11.6N, 158.6W,  35, 1005,   40,   20,    0,   35,    0,    0,    0,    0,    0,    0,    0,    0, -999,  34.42,  34.42,  34.44,  34.44,  34.45,  34.46,  34.44,  34.24,  34.29,  34.25,  34.26,  34.30,  34.27,  34.32,  34.31,  34.30,  34.33,  34.31,  34.30,  34.22,  34.12,  34.17,  34.16,  34.30,  34.26,  34.20,  34.25,  34.25,  34.26,  34.28,  34.16
20180930, 0000,  , TS, 11.6N, 160.0W,  40, 1003,   45,   20,    0,   40,    0,    0,    0,    0,    0,    0,    0,    0, -999,  34.41,  34.41,  34.38,  34.38,  34.39,  34.38,  34.41,  34.43,  34.45,  34.35,  34.31,  34.40,  34.42,  34.30,  34.28,  34.27,  34.25,  34.27,  34.26,  34.26,  34.28,  34.23,  34.27,  34.25,  34.24,  34.24,  34.24,  34.34,  34.25,  34.31,  34.25
20180930, 0600,  , TS, 11.6N, 161.5W,  50, 1000,   70,   30,    0,   60,   30,    0,    0,   20,    0,    0,    0,    0, -999,  34.27,  34.33,  34.52,  34.61,  34.62,  34.57,  34.47,  34.53,  34.46,  34.47,  34.36,  34.44,  34.51,  34.17,  34.41,  34.22,  34.25,  34.26,  34.34,  34.37,  34.35,  34.48,  34.40,  34.29,  34.23,  34.41,  34.17,  34.30,  34.15,  34.36,  34.19
20180930, 1200,  , TS, 11.6N, 163.0W,  60,  998,   80,   40,   15,   70,   35,   10,    0,   30,    0,    0,    0,    0, -999,  34.46,  34.46,  34.47,  34.47,  34.44,  34.28,  34.42,  34.43,  34.44,  34.23,  34.22,  34.38,  34.38,  34.23,  34.43,  34.21,  34.19,  34.20,  34.30,  34.30,  34.30,  34.36,  34.34,  34.28,  34.25,  34.35,  34.16,  34.33,  34.16,  34.40,  34.23
20180930, 1800,  , HU, 11.6N, 164.5W,  65,  995,   90,   40,   20,   80,   40,   20,   15,   30,   15,    0,    0,   15, -999,  34.34,  34.35,  34.37,  34.32,  34.27,  34.19,  34.35,  34.33,  34.35,  34.12,  34.10,  34.48,  34.54,  34.17,  34.52,  34.27,  34.24,  34.18,  34.15,  34.26,  34.16,  34.22,  34.22,  34.28,  34.29,  34.19,  34.23,  34.23,  34.20,  34.40,  34.26
20181001, 0000,  , HU, 11.7N, 166.0W,  75,  985,  100,   60,   50,   90,   45,   40,   35,   40,   20,   20,   20,   20, -999,  34.55,  34.51,  34.56,  34.39,  34.41,  34.26,  34.23,  34.23,  34.20,  34.23,  34.34,  34.38,  34.07,  34.37,  34.17,  34.15,  34.11,  34.29,  34.31,  34.31,  34.36,  34.33,  34.16,  34.18,  34.26,  34.36,  34.29,  34.34,  34.45,  34.39,  34.39
20181001, 0600,  , HU, 11.8N, 167.1W,  90,  970,  110,   70,   50,  110,   50,   35,   35,   50,   25,   20,   20,   25, -999,  34.40,  34.40,  34.43,  34.40,  34.39,  34.41,  34.47,  34.50,  34.30,  34.33,  34.45,  34.49,  34.41,  34.48,  34.27,  34.36,  34.28,  34.42,  34.38,  34.28,  34.29,  34.21,  34.22,  34.23,  34.34,  34.29,  34.23,  34.28,  34.47,  34.16,  34.46
20181001, 1200,  , HU, 12.0N, 168.0W, 110,  955,  120,   80,   70,  120,   55,   40,   40,   55,   30,   25,   25,   30, -999,  34.47,  34.49,  34.49,  34.50,  34.50,  34.40,  34.35,  34.47,  34.41,  34.40,  34.33,  34.46,  34.51,  34.45,  34.34,  34.30,  34.16,  34.48,  34.50,  34.45,  34.28,  34.26,  34.20,  34.09,  34.28,  34.16,  34.30,  34.27,  34.37,  34.34,  34.38
20181001, 1800,  , HU, 12.5N, 168.8W, 130,  935,  140,  120,   80,  120,   70,   60,   50,   60,   45,   35,   30,   35, -999,  34.57,  34.51,  34.41,  34.37,  34.33,  34.39,  34.44,  34.38,  34.31,  34.36,  34.35,  34.49,  34.47,  34.49,  34.34,  34.33,  34.27,  34.58,  34.59,  34.56,  34.37,  34.28,  34.41,  34.39,  34.30,  34.16,  34.31,  34.19,  34.30,  34.17,  34.33
20181002, 0000,  , HU, 12.9N, 169.6W, 140,  921,  160,  120,   80,  120,   80,   70,   60,   70,   45,   35,   30,   35, -999,  34.61,  34.62,  34.65,  34.71,  34.34,  34.41,  34.39,  34.40,  34.48,  34.45,  34.41,  34.47,  34.47,  34.45,  34.40,  34.29,  34.52,  34.53,  34.52,  34.47,  34.39,  34.36,  34.30,  34.26,  34.20,  34.38,  34.37,  34.37,  34.25,  34.57,  34.46
20181002, 0600,  , HU, 13.5N, 169.9W, 140,  921,  160,  120,   80,  120,   80,   70,   60,   70,   45,   35,   30,   35, -999,  34.61,  34.63,  34.64,  34.61,  34.37,  34.44,  34.44,  34.46,  34.44,  34.44,  34.44,  34.47,  34.42,  34.45,  34.41,  34.37,  34.58,  34.60,  34.54,  34.56,  34.44,  34.32,  34.30,  34.33,  34.39,  34.47,  34.52,  34.45,  34.57,  34.49,  34.48
20181002, 1200,  , HU, 14.2N, 170.0W, 135,  927,  160,  140,   90,  130,   80,   70,   60,   70,   40,   35,   25,   35, -999,  34.67,  34.72,  34.60,  34.56,  34.44,  34.50,  34.48,  34.52,  34.54,  34.44,  34.45,  34.50,  34.48,  34.50,  34.33,  34.36,  34.67,  34.72,  34.60,  34.53,  34.60,  34.44,  34.39,  34.45,  34.44,  34.50,  34.56,  34.49,  34.77,  34.60,  34.57
20181002, 1800,  , HU, 15.1N, 170.2W, 130,  935,  160,  140,   90,  130,   80,   70,   60,   70,   35,   35,   25,   30, -999,  34.38,  34.39,  34.41,  34.48,  34.42,  34.40,  34.39,  34.44,  34.52,  34.45,  34.42,  34.57,  34.47,  34.54,  34.52,  34.47,  34.72,  34.73,  34.68,  34.65,  34.66,  34.40,  34.39,  34.61,  34.50,  34.55,  34.59,  34.55,  34.69,  34.69,  34.64
20181003, 0000,  , HU, 16.1N, 170.3W, 120,  940,  160,  140,  100,  130,   70,   60,   50,   60,   35,   35,   25,   30, -999,  34.42,  34.42,  34.44,  34.57,  34.56,  34.57,  34.52,  34.50,  34.48,  34.41,  34.59,  34.43,  34.70,  34.69,  34.68,  34.78,  34.77,  34.76,  34.77,  34.65,  34.52,  34.53,  34.73,  34.70,  34.71,  34.53,  34.62,  34.43,  34.62,  34.66,  34.70
20181003, 0600,  , HU, 17.4N, 170.1W, 115,  946,  160,  140,  100,  130,   70,   60,   50,   60,   35,   35,   25,   30, -999,  34.84,  34.82,  34.78,  34.91,  34.88,  34.91,  34.62,  34.57,  34.88,  34.86,  34.52,  34.66,  34.52,  34.54,  34.54,  34.68,  34.75,  34.75,  34.80,  34.75,  34.65,  34.61,  34.87,  34.62,  34.61,  34.38,  34.68,  34.29,  34.80,  34.87,  34.91
20181003, 1200,  , HU, 18.8N, 169.7W, 125,  938,  180,  170,  100,  140,  100,   90,   60,   60,   45,   40,   30,   40, -999,  34.98,  35.02,  34.99,  34.92,  34.93,  34.93,  34.91,  34.93,  34.98,  35.03,  34.97,  34.94,  34.96,  34.93,  34.94,  34.84,  34.90,  34.89,  35.03,  34.99,  34.81,  34.76,  34.93,  34.76,  34.81,  34.68,  34.88,  34.73,  34.88,  34.90,  34.88
20181003, 1800,  , HU, 20.5N, 169.0W, 120,  942,  200,  200,  120,  120,  100,  100,   60,   60,   50,   50,   35,   40, -999,  34.93,  34.85,  34.84,  35.01,  34.96,  34.96,  34.78,  34.82,  35.07,  35.06,  34.80,  35.00,  34.87,  34.88,  34.88,  34.96,  34.93,  34.88,  34.98,  34.97,  34.71,  34.67,  34.98,  34.70,  35.09,  34.59,  35.22,  34.73,  35.25,  35.22,  35.17
20181004, 0000,  , HU, 22.2N, 168.1W, 115,  946,  200,  200,  120,  120,  110,  110,   70,   70,   60,   60,   40,   40, -999,  34.86,  34.86,  35.10,  35.12,  35.14,  34.74,  34.75,  35.16,  35.17,  34.81,  35.13,  35.00,  35.02,  35.00,  35.10,  35.01,  35.04,  35.05,  35.03,  34.86,  34.87,  35.10,  34.88,  35.16,  34.80,  35.17,  34.83,  35.00,  34.96,  34.96,  34.79
20181004, 0600,  , HU, 24.0N, 166.9W, 110,  950,  200,  200,  120,  120,  120,  120,   70,   70,   60,   60,   40,   40, -999,  35.16,  35.16,  35.15,  35.16,  35.18,  35.09,  35.09,  35.16,  35.18,  35.11,  35.22,  35.12,  35.13,  35.15,  35.26,  35.25,  35.23,  35.23,  35.23,  35.05,  35.03,  35.15,  35.02,  35.13,  34.99,  35.22,  34.98,  35.20,  35.23,  35.24,  34.95
20181004, 0620, L, HU, 24.1N, 166.8W, 110,  950,  200,  200,  120,  120,  120,  120,   70,   70,   60,   60,   40,   40, -999,  35.16,  35.16,  35.15,  35.16,  35.18,  35.09,  35.09,  35.16,  35.18,  35.11,  35.22,  35.12,  35.13,  35.15,  35.26,  35.25,  35.23,  35.23,  35.23,  35.05,  35.03,  35.15,  35.02,  35.13,  34.99,  35.22,  34.98,  35.20,  35.23,  35.24,  34.95
20181004, 1200,  , HU, 25.9N, 166.2W, 100,  954,  200,  200,  120,  120,  120,  120,   70,   70,   60,   60,   40,   40, -999,  35.17,  35.18,  35.38,  35.38,  35.36,  35.16,  35.15,  35.34,  35.34,  35.16,  35.36,  35.18,  35.21,  35.21,  35.39,  35.38,  35.29,  35.27,  35.27,  35.17,  35.15,  35.31,  35.12,  35.31,  35.13,  35.33,  35.13,  35.34,  35.35,  35.34,  35.15
20181004, 1800,  , HU, 28.0N, 166.3W,  85,  969,  200,  200,  120,  120,  120,  120,   70,   70,   60,   60,   40,   40, -999,  35.25,  35.26,  35.37,  35.36,  35.34,  35.26,  35.25,  35.30,  35.29,  35.24,  35.33,  35.23,  35.22,  35.22,  35.36,  35.35,  35.31,  35.26,  35.23,  35.15,  35.11,  35.21,  35.09,  35.21,  35.11,  35.24,  35.13,  35.29,  35.30,  35.31,  35.18
20181005, 0000,  , HU, 29.7N, 167.5W,  65,  981,  180,  180,  110,  110,  100,  100,   50,   50,   40,   40,   25,   25, -999,  35.12,  35.21,  35.24,  35.24,  35.14,  35.12,  35.21,  35.22,  35.17,  35.20,  35.20,  35.20,  35.17,  35.19,  35.16,  35.12,  35.01,  35.02,  35.23,  35.20,  35.12,  35.21,  35.24,  35.14,  35.14,  35.03,  35.11,  35.12,  35.16,  35.01,  35.02
20181005, 0600,  , TS, 30.5N, 168.3W,  60,  985,  150,  150,  100,  100,   90,   90,   40,   40,    0,    0,    0,    0, -999,  35.09,  35.08,  35.09,  35.09,  35.05,  35.04,  35.08,  35.08,  35.05,  35.08,  35.06,  35.06,  35.07,  35.09,  35.09,  35.07,  34.97,  34.97,  34.89,  34.88,  34.95,  35.04,  34.97,  35.07,  35.00,  35.01,  35.02,  35.04,  35.07,  35.00,  35.03
20181005, 1200,  , TS, 30.9N, 168.3W,  55,  987,  140,  140,   90,   90,   80,   80,   35,   35,    0,    0,    0,    0, -999,  35.06,  35.08,  35.09,  35.10,  35.05,  35.05,  35.07,  35.08,  35.03,  35.08,  35.03,  35.04,  35.05,  35.08,  35.07,  35.04,  34.95,  34.94,  34.91,  34.89,  34.91,  34.90,  34.90,  34.94,  34.91,  35.03,  34.91,  34.91,  34.93,  35.01,  35.00
20181005, 1800,  , TS, 31.8N, 168.1W,  50,  989,  110,  140,   90,   80,   60,   80,    0,    0,    0,    0,    0,    0, -999,  35.05,  35.03,  35.05,  35.06,  35.01,  34.96,  35.03,  35.04,  34.90,  35.03,  34.88,  34.87,  34.87,  34.97,  34.97,  34.96,  34.92,  34.91,  35.01,  34.99,  34.91,  34.95,  34.97,  34.92,  35.00,  34.91,  35.00,  34.99,  34.99,  34.96,  34.96
20181006, 0000,  , TS, 32.6N, 167.1W,  45,  992,  100,  130,   90,   80,    0,    0,    0,    0,    0,    0,    0,    0, -999,  34.87,  34.88,  34.93,  34.92,  34.97,  34.90,  34.90,  34.87,  34.82,  34.93,  34.98,  34.98,  34.86,  34.83,  34.81,  34.82,  34.82,  34.87,  34.88,  34.82,  34.88,  34.84,  34.84,  34.85,  34.88,  34.87,  34.85,  34.86,  35.01,  35.02,  34.99
20181006, 0600,  , TS, 33.5N, 165.9W,  45,  992,   70,  140,   90,    0,    0,    0,    0,    0,    0,    0,    0,    0, -999,  34.75,  34.80,  34.78,  34.86,  34.79,  34.76,  34.78,  34.84,  34.71,  34.88,  34.80,  34.87,  34.78,  34.78,  34.77,  34.77,  34.75,  35.12,  34.88,  34.76,  34.87,  34.84,  34.84,  34.83,  34.70,  34.75,  34.75,  34.73,  34.77,  34.84,  34.83
20181006, 1200,  , EX, 35.1N, 164.5W,  45,  994,   70,  150,   90,    0,    0,    0,    0,    0,    0,    0,    0,    0, -999,  34.48,  34.48,  34.44,  34.47,  34.49,  34.41,  34.43,  34.44,  34.44,  34.54,  34.50,  34.49,  34.43,  34.43,  34.44,  34.45,  34.45,  34.39,  34.42,  34.52,  34.45,  34.51,  34.45,  34.46,  34.46,  34.45,  34.45,  34.44,  34.72,  34.52,  34.57
20181006, 1800,  , EX, 36.9N, 163.0W,  45,  998,  120,  150,  120,    0,    0,    0,    0,    0,    0,    0,    0,    0, -999,  34.34,  34.23,  34.26,  33.95,  34.03,  34.23,  34.24,  34.08,  34.22,  34.00,  33.99,  34.00,  34.10,  34.11,  34.13,  34.16,  34.15,  34.01,  33.99,  34.18,  33.97,  34.15,  34.00,  34.19,  34.00,  34.21,  34.23,  34.24,  33.99,  33.98,  33.87
20181007, 0000,  , EX, 39.7N, 160.6W,  45, 1004,  240,  270,  240,    0,    0,    0,    0,    0,    0,    0,    0,    0, -999,  33.91,  33.93,  33.67,  33.65,  33.97,  33.96,  33.53,  33.90,  33.59,  33.60,  33.60,  33.81,  33.81,  33.80,  33.80,  33.78,  33.50,  33.59,  33.81,  33.55,  33.87,  33.54,  33.93,  33.45,  33.98,  33.95,  33.92,  33.48,  33.52,  33.56,  33.56
20181007, 0600,  , EX, 44.4N, 158.3W,  45, 1004,  330,  300,  150,    0,    0,    0,    0,    0,    0,    0,    0,    0, -999,  32.99,  33.00,  32.88,  32.91,  33.04,  32.99,  32.90,  32.94,  32.90,  32.95,  33.05,  33.16,  33.16,  33.09,  33.05,  32.95,  32.83,  33.03,  33.19,  32.79,  33.19,  32.88,  33.12,  32.95,  33.08,  33.05,  32.99,  33.01,  33.04,  33.03,  33.03
20181007, 1200,  , EX, 47.8N, 155.1W,  35, 1008,  270,  270,    0,    0,    0,    0,    0,    0,    0,    0,    0,    0, -999,  32.63,  32.63,  32.63,  32.67,  32.66,  32.60,  32.62,  32.59,  32.63,  32.60,  32.63,  32.58,  32.57,  32.57,  32.57,  32.56,  32.60,  32.60,  32.53,  32.57,  32.54,  32.58,  32.56,  32.59,  32.54,  32.55,  32.54,  32.61,  32.62,  32.67,  32.64
