CP022014,                ANA,     54,
20141013, 0600,  , LO, 11.8N, 140.9W,  25, 1008,    0,    0,    0,    0,    0,    0,    0,    0,    0,    0,    0,    0, -999,  28.99,  28.88,  28.43,  28.60,  28.48,  28.69,  28.91,  28.52,  28.53,  28.36,  29.10,  29.19,  29.08,  29.00,  29.07,  28.81,  28.99,  28.68,  28.15,  28.00,  27.84,  27.89,  28.23,  28.23,  28.25,  28.34,  28.02,  28.12,  27.90,  28.07,  27.97
20141013, 1200,  , LO, 12.2N, 141.9W,  25, 1008,    0,    0,    0,    0,    0,    0,    0,    0,    0,    0,    0,    0, -999,  28.55,  28.59,  28.34,  28.58,  28.35,  28.55,  28.63,  27.91,  28.30,  28.26,  28.77,  28.37,  28.23,  28.11,  28.20,  27.96,  28.09,  28.10,  27.46,  26.78,  27.04,  26.86,  27.54,  27.40,  27.94,  28.02,  27.88,  27.89,  27.74,  28.02,  27.81
20141013, 1800,  , TD, 12.3N, 142.2W,  30, 1007,    0,    0,    0,    0,    0,    0,    0,    0,    0,    0,    0,    0, -999,  28.38,  28.38,  28.31,  28.51,  28.33,  28.55,  28.65,  27.92,  28.21,  28.22,  28.68,  28.26,  28.21,  28.31,  28.34,  28.29,  28.39,  28.30,  27.68,  27.02,  27.32,  27.13,  27.58,  27.40,  27.84,  27.93,  27.88,  27.91,  27.78,  28.16,  27.86
20141014, 0000,  , TS, 12.7N, 142.3W,  35, 1005,   10,   10,   20,   20,    0,    0,    0,    0,    0,    0,    0,    0, -999,  28.36,  28.25,  28.43,  28.25,  28.34,  28.42,  27.97,  27.85,  28.02,  28.44,  28.06,  27.88,  28.00,  28.23,  28.25,  28.43,  28.20,  27.64,  26.99,  27.19,  27.00,  27.52,  27.16,  27.44,  27.41,  27.44,  27.55,  27.49,  27.99,  27.71,  27.59
20141014, 0600,  , TS, 13.0N, 142.7W,  40, 1003,   20,   20,   20,   20,    0,    0,    0,    0,    0,    0,    0,    0, -999,  28.19,  28.19,  28.37,  28.21,  28.36,  28.37,  28.00,  27.98,  27.98,  27.77,  27.79,  27.60,  27.45,  27.77,  27.84,  27.92,  27.54,  27.45,  26.95,  27.19,  27.05,  27.34,  26.60,  26.86,  26.60,  26.89,  26.75,  27.02,  27.00,  27.14,  27.20
20141014, 1200,  , TS, 13.5N, 143.3W,  45, 1000,   30,   30,   20,   30,    0,    0,    0,    0,    0,    0,    0,    0, -999,  28.01,  27.88,  27.85,  27.90,  27.90,  27.89,  27.71,  27.84,  28.16,  28.17,  27.95,  27.77,  27.89,  28.02,  27.85,  27.80,  28.01,  27.75,  27.46,  27.70,  27.34,  28.09,  27.86,  27.55,  27.32,  27.19,  27.05,  27.17,  27.09,  27.00,  26.87
20141014, 1800,  , TS, 13.8N, 143.9W,  55,  996,   50,   40,   40,   50,   20,   10,   10,   20,    0,    0,    0,    0, -999,  27.42,  27.42,  27.24,  27.55,  27.58,  27.41,  27.52,  27.40,  27.86,  27.93,  27.73,  27.25,  27.27,  27.36,  27.12,  27.26,  27.23,  27.09,  26.90,  26.94,  27.02,  27.40,  27.16,  27.12,  27.07,  27.37,  27.50,  27.18,  27.14,  27.11,  27.08
20141015, 0000,  , TS, 14.0N, 144.6W,  55,  996,   50,   40,   20,   40,   20,   20,    0,   20,    0,    0,    0,    0, -999,  27.67,  27.23,  27.51,  27.37,  27.33,  27.66,  27.35,  27.85,  27.92,  27.84,  27.57,  27.38,  27.34,  27.32,  27.20,  26.96,  26.83,  26.57,  26.82,  27.19,  27.24,  27.14,  27.21,  27.02,  27.11,  27.25,  27.26,  27.20,  27.06,  27.00,  26.96
20141015, 0600,  , TS, 14.1N, 145.3W,  60,  994,   60,   45,   35,   55,   25,   20,   20,   25,    0,    0,    0,    0, -999,  27.48,  27.48,  27.87,  27.97,  27.15,  27.40,  27.14,  27.55,  27.46,  27.65,  27.38,  27.11,  27.07,  27.23,  27.32,  27.38,  27.18,  27.10,  27.19,  27.14,  27.39,  27.08,  27.38,  27.39,  27.23,  27.41,  27.47,  27.41,  27.07,  26.90,  26.82
20141015, 1200,  , TS, 14.2N, 146.1W,  60,  994,   55,   50,   40,   55,   25,   25,   20,   25,    0,    0,    0,    0, -999,  27.45,  27.49,  27.79,  27.88,  27.43,  27.88,  27.70,  27.91,  27.59,  27.50,  27.60,  27.25,  27.45,  27.30,  27.15,  26.96,  26.74,  26.84,  26.80,  27.44,  27.39,  26.98,  26.97,  26.86,  26.85,  27.10,  27.12,  27.15,  27.15,  26.83,  27.03
20141015, 1800,  , TS, 14.3N, 147.0W,  60,  994,   55,   50,   40,   55,   25,   25,   20,   25,    0,    0,    0,    0, -999,  27.60,  27.36,  27.67,  27.68,  27.26,  27.41,  27.42,  27.90,  27.79,  27.96,  27.71,  27.33,  27.43,  27.16,  27.26,  27.36,  27.09,  26.68,  26.99,  27.67,  27.54,  27.26,  27.34,  27.29,  27.19,  27.10,  26.97,  26.92,  26.93,  26.66,  27.19
20141016, 0000,  , TS, 14.1N, 148.0W,  55,  998,   55,   50,   40,   55,   25,   25,   20,   25,    0,    0,    0,    0, -999,  27.55,  27.68,  27.73,  27.13,  27.58,  27.55,  27.93,  27.90,  27.69,  27.83,  27.54,  27.40,  27.51,  27.90,  27.71,  27.00,  26.97,  27.13,  27.65,  27.45,  27.03,  27.30,  27.63,  27.44,  27.54,  27.40,  27.28,  27.35,  27.16,  27.59,  27.46
20141016, 0600,  , TS, 14.0N, 148.9W,  50, 1000,   50,   50,   40,   50,   20,   20,   10,   20,    0,    0,    0,    0, -999,  27.45,  27.54,  27.63,  26.83,  27.45,  27.47,  27.89,  27.92,  27.63,  27.82,  27.75,  27.34,  27.41,  27.68,  27.45,  27.60,  27.34,  27.72,  27.75,  27.54,  27.19,  27.20,  27.34,  27.14,  27.30,  27.25,  27.20,  27.00,  27.09,  27.39,  27.51
20141016, 1200,  , TS, 14.0N, 149.7W,  50, 1000,   50,   50,   40,   50,   20,   20,   10,   20,    0,    0,    0,    0, -999,  27.47,  27.68,  27.65,  27.11,  27.63,  27.48,  27.88,  27.97,  27.53,  27.71,  27.57,  27.05,  27.16,  27.49,  27.23,  27.44,  27.06,  27.70,  27.70,  27.40,  27.11,  27.10,  27.29,  27.14,  27.12,  27.17,  27.18,  26.90,  26.98,  27.21,  27.16
20141016, 1800,  , TS, 14.1N, 150.5W,  50, 1000,   50,   50,   40,   50,   20,   20,   10,   20,    0,    0,    0,    0, -999,  27.71,  27.63,  27.79,  27.60,  27.97,  27.48,  27.86,  27.98,  27.80,  27.82,  27.50,  27.08,  27.04,  27.31,  27.18,  27.52,  27.00,  27.42,  27.84,  27.79,  27.45,  27.31,  27.32,  27.25,  27.17,  27.11,  27.23,  26.98,  26.91,  27.30,  27.28
20141017, 0000,  , TS, 14.4N, 151.4W,  50, 1000,   50,   50,   40,   50,   20,   20,   10,   20,    0,    0,    0,    0, -999,  27.66,  27.71,  27.75,  27.97,  27.12,  27.62,  27.94,  27.97,  27.73,  27.60,  27.33,  27.44,  27.57,  27.19,  27.51,  27.17,  27.03,  27.43,  27.44,  27.12,  27.16,  27.30,  27.17,  27.23,  27.26,  27.22,  27.00,  26.79,  27.26,  27.16,  26.65
20141017, 0600,  , TS, 14.9N, 152.5W,  55,  998,   60,   60,   30,   40,   20,   20,   10,   10,    0,    0,    0,    0, -999,  27.64,  27.66,  27.83,  28.04,  27.64,  27.79,  28.16,  27.79,  27.71,  27.65,  27.38,  27.46,  27.58,  27.27,  27.62,  27.71,  27.50,  27.41,  27.67,  27.47,  27.46,  27.48,  27.48,  27.47,  27.35,  27.12,  26.82,  26.62,  27.08,  26.96,  26.82
20141017, 1200,  , TS, 15.4N, 153.7W,  60,  992,   70,   60,   30,   50,   25,   20,   10,   25,    0,    0,    0,    0, -999,  27.50,  27.29,  27.31,  27.53,  27.40,  27.29,  27.45,  27.61,  27.51,  27.40,  27.32,  27.41,  27.59,  27.48,  27.75,  27.51,  27.45,  27.34,  27.84,  27.84,  27.69,  27.76,  27.84,  27.68,  27.54,  27.28,  26.90,  26.72,  27.17,  26.78,  27.14
20141017, 1800,  , HU, 16.0N, 154.8W,  65,  990,   80,   60,   30,   80,   30,   20,   10,   30,   20,   10,    0,   20, -999,  27.27,  27.38,  27.47,  27.23,  27.59,  27.59,  27.54,  27.37,  27.29,  27.33,  27.09,  27.21,  27.27,  27.34,  27.39,  27.38,  27.33,  26.84,  27.67,  27.64,  27.44,  27.28,  27.38,  27.33,  27.41,  27.52,  27.33,  27.21,  27.30,  26.98,  26.86
20141018, 0000,  , HU, 16.6N, 156.2W,  70,  989,   80,   60,   30,   90,   45,   30,   20,   45,   20,    0,    0,   20, -999,  26.96,  27.70,  27.36,  27.73,  27.66,  27.62,  27.49,  27.50,  27.54,  27.43,  27.20,  27.37,  27.26,  27.44,  27.22,  27.37,  26.94,  27.57,  27.32,  27.08,  27.30,  27.35,  27.25,  27.04,  27.25,  27.34,  27.49,  27.04,  26.39,  26.95,  26.81
20141018, 0600,  , HU, 17.5N, 157.0W,  75,  985,   80,   60,   40,  100,   40,   20,   10,   40,   20,   10,    0,   20, -999,  27.29,  27.48,  27.11,  27.62,  27.59,  27.74,  27.76,  27.96,  27.90,  27.93,  28.01,  27.94,  27.77,  28.00,  27.52,  27.41,  26.72,  26.89,  26.83,  27.24,  26.98,  27.02,  26.73,  26.51,  26.82,  26.91,  26.94,  26.59,  26.55,  26.33,  26.51
20141018, 1200,  , HU, 18.2N, 157.7W,  70,  986,   90,   90,   40,   80,   30,   30,   10,   20,   20,   20,    0,   10, -999,  27.75,  27.50,  27.52,  27.91,  27.91,  27.94,  27.75,  27.80,  27.75,  27.94,  27.91,  27.47,  27.45,  27.76,  27.39,  27.99,  27.64,  27.66,  27.26,  27.46,  27.51,  27.49,  27.51,  27.26,  27.78,  27.72,  26.82,  26.89,  26.99,  26.67,  26.86
20141018, 1800,  , HU, 19.0N, 158.5W,  70,  988,   90,   60,   40,   90,   40,   20,   10,   40,   20,   15,    0,   20, -999,  28.07,  27.88,  28.12,  28.04,  28.13,  28.14,  27.66,  27.96,  27.83,  27.86,  27.87,  28.02,  27.71,  27.76,  27.85,  28.27,  27.42,  27.66,  27.26,  27.40,  27.51,  27.75,  27.84,  27.63,  27.76,  27.71,  27.53,  27.64,  27.36,  27.14,  27.31
20141019, 0000,  , HU, 19.6N, 158.9W,  70,  989,   90,   60,   40,   60,   45,   20,   10,   30,   15,   10,    0,   20, -999,  28.15,  28.09,  28.09,  27.99,  28.25,  28.14,  28.29,  28.23,  28.12,  27.98,  28.02,  27.68,  27.80,  28.11,  28.25,  27.48,  27.71,  27.60,  27.88,  27.56,  27.52,  27.63,  27.46,  27.43,  27.39,  27.38,  27.51,  27.55,  27.67,  27.75,  27.60
20141019, 0600,  , HU, 20.1N, 159.2W,  70,  989,   90,   60,   40,   70,   45,   20,   10,   30,   20,   10,    0,   20, -999,  28.58,  28.57,  28.52,  28.12,  28.23,  28.13,  28.20,  28.05,  27.91,  28.13,  27.92,  27.75,  27.86,  28.00,  28.08,  27.87,  27.49,  27.67,  27.70,  27.71,  27.92,  27.68,  27.60,  27.58,  27.56,  27.59,  27.54,  27.47,  27.48,  27.32,  27.28
20141019, 1200,  , HU, 20.6N, 159.6W,  70,  989,   90,   60,   40,   70,   40,   20,   20,   30,   20,   10,    0,   20, -999,  27.90,  27.81,  28.56,  28.62,  28.56,  28.38,  28.48,  28.41,  28.54,  28.57,  27.95,  27.85,  27.92,  27.94,  28.09,  27.95,  27.19,  27.82,  27.80,  27.78,  27.88,  27.91,  27.86,  27.70,  27.70,  27.69,  27.60,  27.50,  27.25,  27.00,  27.20
20141019, 1800,  , HU, 20.7N, 160.2W,  65,  992,   90,   60,   40,   70,   40,   20,   20,   30,   10,    0,    0,   10, -999,  28.05,  27.77,  28.02,  28.52,  28.83,  28.65,  28.50,  28.44,  28.11,  27.99,  27.75,  28.05,  28.50,  28.40,  28.27,  27.71,  27.57,  28.25,  28.48,  28.33,  28.19,  27.79,  27.78,  27.75,  27.69,  27.54,  27.45,  27.42,  27.52,  27.67,  27.59
20141020, 0000,  , TS, 20.7N, 160.9W,  60,  994,   90,   60,   40,   70,   40,   20,   20,   30,    0,    0,    0,    0, -999,  28.66,  28.74,  28.85,  28.59,  28.46,  28.43,  28.46,  28.43,  28.44,  28.25,  27.90,  27.97,  27.95,  28.11,  28.26,  27.64,  27.57,  27.40,  27.51,  27.43,  27.43,  27.48,  27.34,  27.45,  27.48,  27.49,  27.60,  27.50,  27.48,  27.41,  27.47
20141020, 0600,  , TS, 20.7N, 161.8W,  60,  995,   90,   60,   40,   70,   40,   20,   20,   30,    0,    0,    0,    0, -999,  28.67,  28.82,  28.85,  28.75,  28.59,  28.62,  28.64,  28.54,  28.36,  28.32,  28.31,  28.30,  28.43,  28.49,  28.61,  28.61,  28.42,  28.02,  28.06,  27.73,  27.78,  27.73,  27.58,  27.71,  27.80,  27.72,  27.75,  27.53,  27.29,  26.95,  26.95
20141020, 1200,  , TS, 20.7N, 162.7W,  60,  995,   90,   60,   30,   80,   40,   20,   20,   30,    0,    0,    0,    0, -999,  28.67,  28.73,  28.87,  28.64,  28.55,  28.78,  28.63,  28.63,  28.70,  28.66,  28.45,  28.55,  28.34,  28.40,  28.59,  28.64,  28.38,  28.05,  28.25,  27.83,  27.90,  27.69,  27.83,  28.16,  28.31,  28.24,  28.29,  27.91,  28.21,  28.20,  28.31
20141020, 1800,  , TS, 20.6N, 163.4W,  55,  996,   90,   60,   30,   80,   40,   20,   20,   30,    0,    0,    0,    0, -999,  28.65,  28.88,  29.05,  28.77,  28.65,  28.88,  28.87,  28.90,  28.63,  28.33,  28.30,  28.66,  28.30,  28.19,  28.32,  28.38,  28.18,  27.64,  27.71,  27.89,  28.23,  27.73,  28.02,  28.34,  28.48,  28.45,  28.33,  28.24,  28.30,  28.24,  28.23
20141021, 0000,  , TS, 20.5N, 164.0W,  50,  997,  100,   60,   30,   90,   30,   10,   10,   20,    0,    0,    0,    0, -999,  28.85,  28.99,  28.85,  28.76,  29.01,  28.94,  28.82,  28.54,  28.51,  28.11,  28.38,  28.11,  28.29,  28.36,  28.22,  28.12,  28.07,  28.07,  28.01,  27.94,  27.85,  28.30,  28.34,  28.21,  28.38,  28.39,  28.30,  28.27,  28.18,  28.24,  28.23
20141021, 0600,  , TS, 20.8N, 164.4W,  45,  999,   80,   50,   25,   70,    0,    0,    0,    0,    0,    0,    0,    0, -999,  29.01,  29.14,  28.98,  28.74,  28.82,  28.80,  28.69,  28.60,  28.48,  28.28,  28.26,  28.21,  28.25,  28.39,  28.34,  27.83,  27.73,  27.89,  28.00,  27.86,  27.77,  27.90,  27.93,  27.84,  27.67,  27.72,  27.62,  27.77,  27.71,  27.65,  27.69
20141021, 1200,  , TS, 20.8N, 165.4W,  40, 1002,   80,   50,   25,   70,    0,    0,    0,    0,    0,    0,    0,    0, -999,  28.93,  29.03,  28.98,  29.01,  28.80,  28.74,  28.65,  28.65,  28.48,  28.33,  28.54,  28.59,  28.49,  28.41,  28.43,  28.36,  27.80,  28.06,  27.95,  27.88,  27.98,  27.97,  28.03,  27.98,  27.84,  27.91,  27.81,  27.90,  27.78,  27.42,  27.68
20141021, 1800,  , TS, 20.9N, 165.7W,  35, 1005,   90,   70,   20,   60,    0,    0,    0,    0,    0,    0,    0,    0, -999,  28.81,  28.93,  28.87,  28.94,  28.95,  28.82,  28.70,  28.62,  28.56,  28.27,  28.35,  28.36,  28.33,  28.34,  28.49,  28.45,  27.88,  28.15,  28.06,  27.98,  28.14,  28.06,  27.99,  27.97,  27.89,  27.99,  27.93,  27.89,  27.73,  27.48,  27.47
20141022, 0000,  , TS, 21.6N, 166.1W,  35, 1005,  110,   90,    0,  100,    0,    0,    0,    0,    0,    0,    0,    0, -999,  28.93,  29.01,  29.07,  29.12,  28.94,  28.75,  28.59,  28.50,  28.25,  28.28,  28.36,  28.20,  28.33,  28.33,  28.33,  27.83,  27.98,  28.09,  27.97,  28.05,  27.99,  28.02,  27.98,  27.93,  27.68,  27.16,  27.33,  27.34,  27.42,  27.84,  27.32
20141022, 0600,  , TS, 22.0N, 166.8W,  35, 1005,  110,   90,    0,  100,    0,    0,    0,    0,    0,    0,    0,    0, -999,  28.88,  28.86,  28.97,  29.06,  29.14,  28.84,  28.75,  28.73,  28.52,  28.51,  28.55,  28.45,  28.56,  28.50,  28.51,  28.20,  27.83,  28.10,  28.22,  28.21,  28.21,  28.25,  28.28,  28.31,  28.11,  27.87,  28.02,  28.13,  28.06,  27.87,  27.59
20141022, 1200,  , TS, 22.6N, 167.1W,  35, 1005,  110,   90,    0,  110,    0,    0,    0,    0,    0,    0,    0,    0, -999,  28.84,  28.68,  28.89,  28.93,  28.97,  28.92,  28.97,  28.69,  28.63,  28.69,  28.64,  28.72,  28.66,  28.35,  28.31,  28.23,  27.43,  27.87,  28.18,  28.12,  28.09,  28.20,  28.24,  27.85,  27.73,  27.36,  27.64,  27.94,  27.87,  27.73,  27.30
20141022, 1800,  , TS, 23.4N, 167.3W,  35, 1005,  130,   90,    0,  110,    0,    0,    0,    0,    0,    0,    0,    0, -999,  28.73,  28.63,  28.90,  28.93,  28.86,  28.68,  28.47,  28.43,  28.34,  28.45,  28.28,  28.44,  28.50,  28.13,  28.07,  28.51,  28.07,  28.31,  28.50,  28.34,  28.18,  28.01,  28.07,  27.72,  27.46,  27.37,  27.70,  27.89,  27.77,  27.80,  27.36
20141023, 0000,  , TS, 24.4N, 167.7W,  35, 1005,  130,   90,    0,  110,    0,    0,    0,    0,    0,    0,    0,    0, -999,  27.91,  28.42,  28.48,  28.83,  28.57,  28.26,  27.92,  27.61,  27.80,  28.01,  28.14,  27.98,  27.83,  27.38,  27.34,  27.45,  27.44,  27.61,  27.69,  27.87,  27.73,  27.72,  27.35,  27.01,  27.00,  27.08,  27.08,  27.09,  27.00,  26.33,  26.39
20141023, 0600,  , TS, 25.5N, 168.2W,  40, 1002,  130,   90,    0,  110,    0,    0,    0,    0,    0,    0,    0,    0, -999,  27.94,  28.24,  28.29,  28.55,  28.70,  28.38,  28.09,  27.79,  27.98,  28.00,  28.00,  27.94,  27.50,  27.39,  27.44,  27.53,  27.54,  27.59,  27.25,  27.38,  27.49,  27.50,  26.93,  26.43,  26.54,  26.67,  26.69,  26.74,  25.94,  26.00,  26.02
20141023, 1200,  , TS, 26.3N, 169.1W,  45,  998,  120,   90,   10,  100,    0,    0,    0,    0,    0,    0,    0,    0, -999,  27.83,  28.04,  28.21,  28.37,  28.67,  28.36,  28.27,  27.72,  27.74,  27.74,  27.82,  27.73,  27.34,  27.30,  27.45,  27.60,  27.27,  27.15,  27.38,  27.20,  27.47,  27.25,  27.22,  26.72,  26.49,  26.48,  26.17,  26.75,  26.50,  25.98,  25.76
20141023, 1800,  , TS, 26.7N, 169.5W,  45,  999,  120,  100,   20,  100,    0,    0,    0,    0,    0,    0,    0,    0, -999,  27.91,  28.21,  28.35,  28.41,  28.58,  28.21,  28.05,  27.64,  27.83,  27.61,  27.80,  27.77,  27.37,  27.17,  27.58,  27.30,  27.21,  27.30,  27.16,  26.76,  26.91,  26.38,  26.70,  26.59,  26.49,  26.49,  25.96,  26.24,  26.22,  26.03,  25.85
20141024, 0000,  , TS, 27.1N, 169.9W,  45, 1000,   80,   50,   30,   50,    0,    0,    0,    0,    0,    0,    0,    0, -999,  28.34,  28.36,  28.50,  28.66,  28.32,  28.27,  27.86,  27.80,  27.58,  27.60,  27.36,  27.36,  27.55,  27.31,  27.44,  27.53,  27.53,  27.34,  27.08,  26.83,  25.77,  25.81,  26.17,  26.16,  26.39,  26.13,  26.07,  25.93,  25.91,  25.73,  25.79
20141024, 0600,  , TS, 27.6N, 170.2W,  45, 1000,   80,   60,   30,   50,    0,    0,    0,    0,    0,    0,    0,    0, -999,  27.75,  27.80,  28.01,  27.87,  27.79,  28.02,  27.46,  27.57,  27.54,  27.14,  26.81,  27.01,  27.14,  27.15,  26.88,  27.09,  26.77,  27.41,  26.79,  26.55,  26.08,  26.08,  26.02,  26.07,  26.17,  25.85,  25.78,  25.89,  25.82,  25.75,  25.66
20141024, 1200,  , TS, 28.2N, 169.9W,  50,  999,   85,   75,   30,   55,   20,   20,    0,    0,    0,    0,    0,    0, -999,  27.20,  27.04,  26.87,  26.94,  26.55,  26.54,  26.45,  26.43,  26.10,  25.82,  25.46,  26.10,  26.07,  26.46,  26.50,  26.68,  26.99,  26.98,  26.79,  26.36,  25.98,  25.59,  25.50,  25.87,  26.23,  25.62,  25.86,  25.67,  25.63,  25.33,  25.11
20141024, 1800,  , TS, 28.9N, 169.6W,  55,  996,   90,   80,   30,   50,   20,   20,    0,    0,    0,    0,    0,    0, -999,  27.09,  26.98,  26.70,  26.86,  26.59,  26.55,  26.71,  26.69,  26.20,  25.61,  25.39,  25.76,  25.99,  26.39,  26.37,  26.31,  26.61,  26.73,  26.39,  25.52,  25.11,  24.66,  24.57,  25.35,  25.66,  25.61,  25.58,  25.46,  25.29,  24.98,  24.78
20141025, 0000,  , HU, 30.2N, 168.5W,  65,  988,   90,   90,   60,   40,   40,   40,   30,   20,   20,   20,   20,    0, -999,  26.40,  26.19,  25.98,  25.32,  25.14,  25.38,  25.53,  25.26,  24.44,  23.93,  24.17,  24.10,  24.42,  24.71,  24.81,  24.50,  24.47,  24.41,  24.12,  23.55,  23.24,  22.81,  23.01,  23.53,  23.55,  23.24,  22.66,  22.38,  22.34,  21.99,  22.21
20141025, 0600,  , HU, 31.7N, 166.8W,  65,  987,  100,  100,   70,   45,   45,   45,   35,   20,   20,   20,   20,    0, -999,  25.49,  25.49,  25.55,  25.92,  25.42,  25.35,  25.73,  25.50,  25.47,  25.31,  25.21,  24.95,  25.09,  24.46,  24.63,  24.50,  24.52,  24.65,  24.15,  23.92,  23.48,  23.07,  23.00,  23.20,  23.10,  22.78,  22.61,  22.25,  22.17,  21.76,  21.77
20141025, 1200,  , HU, 33.4N, 164.6W,  65,  987,  100,  120,   90,   45,   45,   50,   40,   20,   20,   25,   20,    0, -999,  23.97,  24.14,  23.98,  23.79,  23.53,  23.38,  23.43,  23.17,  22.88,  22.74,  22.13,  22.02,  22.21,  22.35,  22.19,  22.59,  22.43,  22.35,  21.95,  21.90,  21.81,  21.16,  21.30,  21.29,  21.12,  20.95,  21.01,  20.56,  20.56,  19.71,  19.70
20141025, 1800,  , HU, 35.0N, 162.5W,  65,  987,  100,  120,   90,   45,   45,   50,   40,   20,   20,   25,   20,    0, -999,  22.30,  22.26,  22.09,  21.64,  21.70,  21.58,  21.66,  21.34,  20.86,  20.77,  20.37,  20.56,  20.46,  20.49,  20.45,  20.04,  20.00,  20.33,  19.80,  19.76,  19.48,  19.21,  19.03,  19.29,  19.28,  18.95,  18.68,  18.55,  18.70,  18.28,  18.11
20141026, 0000,  , TS, 37.0N, 159.1W,  60,  986,  110,  130,  100,   45,   45,   50,   40,    0,    0,    0,    0,    0, -999,  21.29,  21.19,  21.25,  20.85,  20.82,  20.60,  20.36,  20.11,  19.76,  19.48,  19.37,  19.23,  18.92,  18.71,  18.56,  18.72,  18.22,  18.36,  18.28,  17.95,  17.87,  17.91,  18.10,  18.13,  17.98,  17.65,  17.54,  17.30,  17.25,  17.05,  16.94
20141026, 0600,  , TS, 39.1N, 154.9W,  55,  989,  180,  210,  150,   30,   30,  110,   60,    0,    0,    0,    0,    0, -999,  20.16,  20.14,  19.67,  19.73,  19.57,  19.30,  19.66,  19.45,  18.97,  18.40,  17.89,  18.13,  17.92,  17.69,  17.94,  18.04,  17.76,  17.55,  17.01,  16.76,  16.45,  16.58,  16.77,  16.67,  16.79,  16.35,  16.25,  16.23,  16.00,  15.92,  15.86
20141026, 1200,  , EX, 41.2N, 150.2W,  50,  992,  180,  270,  150,   30,   30,  150,    0,    0,    0,    0,    0,    0, -999,  19.12,  19.23,  18.92,  18.33,  17.68,  17.69,  17.30,  17.62,  17.18,  16.70,  16.47,  15.98,  15.68,  15.56,  15.37,  15.12,  14.58,  15.19,  15.04,  14.76,  14.51,  14.79,  15.11,  15.16,  15.09,  14.88,  14.21,  14.17,  14.47,  14.22,  14.34
