CP022009,                TWO,     28,
20090826, 0600,  , DB, 11.9N, 170.9W,  20, 1009,    0,    0,    0,    0,    0,    0,    0,    0,    0,    0,    0,    0, -999,  35.19,  34.98,  34.82,  34.86,  34.97,  35.18,  35.16,  35.09,  34.95,  34.63,  34.69,  34.88,  34.89,  34.79,  34.86,  34.95,  34.98,  34.98,  35.01,  35.05,  35.08,  35.05,  35.04,  35.09,  35.11,  35.15,  35.16,  35.16,  35.19,  35.20,  35.18
20090826, 1200,  , DB, 12.2N, 171.5W,  20, 1009,    0,    0,    0,    0,    0,    0,    0,    0,    0,    0,    0,    0, -999,  34.98,  35.01,  35.10,  35.17,  35.18,  35.06,  35.02,  35.05,  35.03,  35.00,  35.04,  35.08,  35.03,  35.09,  35.18,  35.24,  35.21,  35.27,  35.18,  35.17,  35.20,  35.21,  35.12,  34.99,  35.01,  35.05,  34.92,  34.88,  34.96,  34.88,  34.88
20090826, 1800,  , DB, 12.6N, 172.1W,  20, 1009,    0,    0,    0,    0,    0,    0,    0,    0,    0,    0,    0,    0, -999,  34.66,  34.73,  34.78,  34.76,  34.69,  34.61,  34.81,  35.12,  35.08,  35.16,  35.22,  35.33,  35.17,  35.20,  35.14,  35.09,  34.99,  34.96,  34.94,  34.91,  34.80,  34.73,  34.74,  34.63,  34.66,  34.78,  34.78,  34.70,  34.69,  34.61,  34.58
20090827, 0000,  , DB, 12.8N, 172.6W,  20, 1009,    0,    0,    0,    0,    0,    0,    0,    0,    0,    0,    0,    0, -999,  34.72,  34.80,  34.77,  34.74,  34.59,  34.55,  34.60,  34.59,  34.76,  35.08,  35.31,  35.01,  35.05,  35.18,  35.22,  35.16,  35.11,  35.02,  35.04,  35.12,  35.20,  35.09,  34.97,  34.94,  34.82,  34.54,  34.44,  34.36,  34.52,  34.64,  34.78
20090827, 0600,  , DB, 13.1N, 173.0W,  20, 1009,    0,    0,    0,    0,    0,    0,    0,    0,    0,    0,    0,    0, -999,  34.75,  34.79,  34.83,  34.80,  34.64,  34.61,  34.52,  34.61,  34.57,  34.58,  34.64,  34.69,  35.06,  34.91,  34.90,  35.20,  35.35,  35.26,  35.12,  35.02,  35.07,  35.10,  34.90,  34.75,  34.66,  34.59,  34.63,  34.78,  34.75,  34.60,  34.54
20090827, 1200,  , DB, 13.5N, 173.4W,  20, 1009,    0,    0,    0,    0,    0,    0,    0,    0,    0,    0,    0,    0, -999,  34.74,  34.67,  34.60,  34.54,  34.44,  34.47,  34.63,  34.72,  34.55,  34.73,  34.74,  34.75,  34.70,  34.70,  34.70,  34.71,  34.76,  34.82,  34.95,  35.21,  35.29,  35.17,  35.07,  34.98,  34.91,  34.82,  34.80,  34.89,  35.00,  34.97,  34.73
20090827, 1800,  , DB, 14.0N, 173.6W,  20, 1009,    0,    0,    0,    0,    0,    0,    0,    0,    0,    0,    0,    0, -999,  34.82,  34.82,  34.85,  34.80,  34.59,  34.57,  34.46,  34.55,  34.68,  34.68,  34.68,  34.68,  34.63,  34.56,  34.56,  34.63,  34.76,  34.89,  34.99,  35.04,  35.02,  34.99,  34.86,  34.86,  34.88,  34.80,  34.75,  34.72,  34.56,  34.55,  34.52
20090828, 0000,  , DB, 14.4N, 174.5W,  25, 1009,    0,    0,    0,    0,    0,    0,    0,    0,    0,    0,    0,    0, -999,  34.79,  34.74,  34.69,  34.66,  34.61,  34.47,  34.55,  34.54,  34.70,  34.53,  34.71,  34.60,  34.64,  34.61,  34.64,  34.69,  34.73,  34.68,  34.64,  34.65,  34.65,  34.65,  34.67,  34.70,  34.70,  34.71,  34.62,  34.61,  34.51,  34.53,  34.51
20090828, 0600,  , DB, 14.5N, 175.5W,  25, 1008,    0,    0,    0,    0,    0,    0,    0,    0,    0,    0,    0,    0, -999,  34.83,  34.75,  34.71,  34.75,  34.78,  34.77,  34.76,  34.72,  34.72,  34.57,  34.62,  34.67,  34.74,  34.70,  34.61,  34.61,  34.67,  34.68,  34.63,  34.67,  34.67,  34.69,  34.70,  34.71,  34.74,  34.76,  34.67,  34.67,  34.62,  34.62,  34.64
20090828, 1200,  , TD, 14.5N, 176.3W,  30, 1007,    0,    0,    0,    0,    0,    0,    0,    0,    0,    0,    0,    0, -999,  34.81,  34.82,  34.81,  34.82,  34.83,  34.85,  34.88,  34.88,  34.91,  34.79,  34.76,  34.77,  34.81,  34.71,  34.63,  34.56,  34.59,  34.61,  34.67,  34.67,  34.69,  34.72,  34.74,  34.70,  34.78,  34.80,  34.73,  34.66,  34.74,  34.75,  34.75
20090828, 1800,  , TD, 14.5N, 177.0W,  30, 1007,    0,    0,    0,    0,    0,    0,    0,    0,    0,    0,    0,    0, -999,  34.84,  34.89,  34.90,  34.92,  34.93,  34.95,  34.97,  34.96,  34.97,  35.00,  35.03,  35.08,  35.12,  35.07,  35.03,  34.93,  34.92,  34.93,  34.92,  34.94,  34.95,  34.97,  34.98,  34.98,  35.02,  35.02,  34.97,  34.93,  34.95,  34.91,  34.80
20090829, 0000,  , TD, 14.5N, 177.6W,  30, 1007,    0,    0,    0,    0,    0,    0,    0,    0,    0,    0,    0,    0, -999,  34.84,  34.83,  34.82,  34.82,  34.82,  34.83,  34.86,  34.84,  34.90,  34.90,  34.97,  35.00,  34.98,  34.95,  34.92,  34.90,  34.94,  34.97,  35.00,  35.00,  34.98,  35.04,  34.89,  34.88,  34.89,  34.89,  34.88,  34.80,  34.76,  34.87,  34.98
20090829, 0600,  , TD, 14.5N, 178.3W,  30, 1007,    0,    0,    0,    0,    0,    0,    0,    0,    0,    0,    0,    0, -999,  34.86,  34.79,  34.70,  34.73,  34.81,  34.74,  34.82,  34.82,  34.85,  34.83,  34.83,  34.79,  34.80,  34.80,  34.76,  34.80,  34.81,  34.87,  34.88,  34.95,  35.00,  35.05,  34.99,  35.01,  35.06,  35.09,  34.89,  35.05,  34.98,  34.97,  34.93
20090829, 1200,  , TD, 14.6N, 179.0W,  30, 1007,    0,    0,    0,    0,    0,    0,    0,    0,    0,    0,    0,    0, -999,  34.89,  34.93,  34.95,  34.93,  34.95,  34.82,  34.86,  34.83,  34.91,  34.92,  34.81,  34.75,  34.67,  34.72,  34.70,  34.69,  34.68,  34.68,  34.71,  34.70,  34.73,  34.76,  34.75,  34.75,  34.76,  34.76,  34.76,  34.75,  34.73,  34.70,  34.67
20090829, 1800,  , TD, 14.6N, 179.6W,  30, 1007,    0,    0,    0,    0,    0,    0,    0,    0,    0,    0,    0,    0, -999,  34.71,  34.72,  34.73,  34.75,  34.82,  34.85,  34.81,  34.83,  34.77,  34.81,  34.78,  34.79,  34.79,  34.82,  34.82,  34.80,  34.79,  34.80,  34.77,  34.79,  34.73,  34.70,  34.69,  34.72,  34.74,  34.76,  34.75,  34.75,  34.72,  34.74,  34.77
20090830, 0000,  , TD, 14.7N, 179.1E,  30, 1007,    0,    0,    0,    0,    0,    0,    0,    0,    0,    0,    0,    0, -999,  34.73,  34.70,  34.69,  34.73,  34.76,  34.75,  34.77,  34.79,  34.80,  34.78,  34.77,  34.77,  34.75,  34.74,  34.73,  34.68,  34.66,  34.63,  34.59,  34.58,  34.61,  34.64,  34.63,  34.65,  34.64,  34.69,  34.75,  34.78,  34.81,  34.79,  34.80
20090830, 0600,  , TD, 15.3N, 177.5E,  25, 1007,    0,    0,    0,    0,    0,    0,    0,    0,    0,    0,    0,    0, -999,  34.83,  34.79,  34.81,  34.88,  34.92,  34.96,  34.96,  34.96,  34.90,  34.81,  34.80,  34.81,  34.72,  34.77,  34.83,  34.88,  34.91,  34.89,  34.77,  34.82,  34.87,  34.81,  34.76,  34.80,  34.73,  34.65,  34.58,  34.57,  34.56,  34.65,  34.66
20090830, 1200,  , TD, 15.6N, 175.9E,  25, 1007,    0,    0,    0,    0,    0,    0,    0,    0,    0,    0,    0,    0, -999,  35.08,  35.14,  35.13,  35.23,  35.17,  34.98,  35.08,  35.11,  35.03,  35.05,  35.08,  35.14,  34.97,  35.00,  35.02,  34.87,  34.98,  34.89,  34.95,  34.80,  35.10,  34.79,  34.73,  34.85,  34.81,  34.80,  34.84,  34.79,  34.80,  34.88,  34.95
20090830, 1800,  , DB, 15.3N, 174.5E,  20, 1007,    0,    0,    0,    0,    0,    0,    0,    0,    0,    0,    0,    0, -999,  34.91,  34.92,  34.93,  34.96,  34.97,  34.96,  34.98,  34.93,  34.90,  34.87,  34.77,  34.76,  35.08,  35.25,  35.20,  35.18,  35.28,  35.37,  35.39,  35.27,  34.74,  34.99,  34.86,  34.98,  35.12,  34.98,  34.82,  34.74,  34.80,  34.87,  34.97
20090831, 0000,  , DB, 15.4N, 173.3E,  20, 1007,    0,    0,    0,    0,    0,    0,    0,    0,    0,    0,    0,    0, -999,  34.88,  34.87,  34.86,  34.84,  34.81,  34.83,  34.85,  34.85,  34.86,  34.84,  34.80,  34.79,  34.81,  34.80,  34.80,  34.84,  34.79,  34.79,  34.81,  34.88,  35.03,  35.11,  35.05,  34.81,  34.61,  34.62,  34.78,  34.86,  34.97,  35.05,  35.11
20090831, 0600,  , DB, 15.8N, 172.1E,  20, 1007,    0,    0,    0,    0,    0,    0,    0,    0,    0,    0,    0,    0, -999,  34.99,  34.98,  35.03,  35.01,  34.95,  34.94,  34.88,  35.00,  34.83,  34.97,  35.02,  35.08,  35.05,  35.03,  34.88,  34.83,  34.74,  34.79,  34.83,  34.86,  34.85,  34.83,  34.82,  34.77,  34.80,  34.88,  34.91,  34.91,  34.88,  34.92,  34.75
20090831, 1200,  , DB, 16.0N, 170.9E,  20, 1007,    0,    0,    0,    0,    0,    0,    0,    0,    0,    0,    0,    0, -999,  35.03,  35.00,  35.09,  35.08,  35.09,  34.97,  34.86,  34.84,  34.84,  34.88,  34.98,  35.05,  34.93,  34.87,  34.86,  34.95,  34.97,  34.98,  35.01,  35.03,  35.06,  35.04,  35.03,  34.97,  34.95,  34.94,  34.90,  34.79,  34.64,  34.72,  34.79
20090831, 1800,  , DB, 16.2N, 169.8E,  20, 1007,    0,    0,    0,    0,    0,    0,    0,    0,    0,    0,    0,    0, -999,  34.80,  34.77,  34.81,  34.86,  34.90,  34.88,  34.81,  34.81,  34.78,  34.82,  34.89,  34.98,  34.97,  34.98,  34.92,  34.92,  34.92,  34.92,  34.85,  34.85,  34.88,  34.87,  34.80,  34.77,  34.71,  34.77,  34.76,  34.80,  34.88,  34.84,  34.78
20090901, 0000,  , DB, 16.2N, 168.9E,  20, 1007,    0,    0,    0,    0,    0,    0,    0,    0,    0,    0,    0,    0, -999,  34.94,  34.99,  34.97,  34.89,  34.83,  34.84,  34.83,  34.80,  34.77,  34.74,  34.79,  34.82,  34.83,  34.79,  34.77,  34.80,  34.80,  34.82,  34.80,  34.87,  34.88,  34.86,  34.82,  34.80,  34.83,  34.86,  34.89,  34.95,  34.91,  34.91,  34.93
20090901, 0600,  , DB, 16.3N, 168.1E,  20, 1007,    0,    0,    0,    0,    0,    0,    0,    0,    0,    0,    0,    0, -999,  35.01,  35.13,  35.16,  35.19,  35.20,  35.21,  35.20,  35.20,  35.20,  35.21,  35.24,  34.97,  34.98,  34.96,  34.93,  34.89,  34.86,  34.85,  34.88,  34.90,  34.91,  34.88,  34.89,  34.90,  34.90,  34.91,  34.91,  34.91,  34.92,  34.95,  34.92
20090901, 1200,  , DB, 16.4N, 167.2E,  20, 1007,    0,    0,    0,    0,    0,    0,    0,    0,    0,    0,    0,    0, -999,  35.00,  34.98,  34.97,  35.02,  35.03,  35.01,  34.99,  34.97,  34.95,  34.93,  34.89,  34.90,  34.91,  34.92,  34.93,  34.95,  34.94,  34.94,  34.94,  34.99,  34.85,  34.81,  34.87,  34.89,  34.98,  35.00,  34.97,  34.98,  35.00,  35.01,  34.98
20090901, 1800,  , DB, 16.8N, 166.2E,  15, 1007,    0,    0,    0,    0,    0,    0,    0,    0,    0,    0,    0,    0, -999,  35.19,  35.20,  35.19,  35.21,  35.22,  35.25,  35.24,  35.24,  35.25,  35.24,  35.24,  35.24,  35.23,  35.26,  35.24,  35.24,  35.23,  35.23,  35.24,  35.27,  35.28,  35.29,  35.30,  35.28,  35.23,  35.20,  35.19,  35.20,  35.16,  35.15,  35.13
20090902, 0000,  , DB, 16.9N, 165.6E,  15, 1007,    0,    0,    0,    0,    0,    0,    0,    0,    0,    0,    0,    0, -999,  35.05,  35.06,  35.07,  35.10,  35.05,  35.13,  35.03,  35.00,  35.01,  35.11,  35.11,  35.10,  35.13,  35.07,  35.05,  35.01,  35.02,  35.07,  35.12,  35.22,  35.24,  35.28,  35.25,  35.20,  35.21,  35.21,  35.18,  35.24,  35.23,  35.22,  35.21
