EP022023,            BEATRIZ,     10,
20230629, 0000,  , LO, 13.2N,  96.3W,  25, 1007,    0,    0,    0,    0,    0,    0,    0,    0,    0,    0,    0,    0,   60,  34.75,  34.77,  34.77,  34.78,  34.80,  34.79,  34.79,  34.79,  34.79,  34.79,  34.78,  34.79,  34.82,  34.82,  34.80,  34.80,  34.82,  34.83,  34.85,  34.86,  34.85,  34.85,  34.84,  34.84,  34.84,  34.84,  34.84,  34.84,  34.83,  34.84,  34.84
20230629, 0600,  , TD, 13.8N,  97.3W,  30, 1006,    0,    0,    0,    0,    0,    0,    0,    0,    0,    0,    0,    0,   60,  34.81,  34.83,  34.82,  34.83,  34.81,  34.81,  34.80,  34.80,  34.81,  34.78,  34.81,  34.82,  34.82,  34.84,  34.83,  34.81,  34.83,  34.82,  34.83,  34.81,  34.84,  34.84,  34.85,  34.83,  34.83,  34.82,  34.83,  34.83,  34.80,  34.82,  34.83
20230629, 1200,  , TS, 14.3N,  98.2W,  35, 1004,   40,    0,    0,    0,    0,    0,    0,    0,    0,    0,    0,    0,   40,  34.82,  34.81,  34.82,  34.82,  34.81,  34.82,  34.83,  34.83,  34.83,  34.81,  34.83,  34.83,  34.83,  34.85,  34.84,  34.84,  34.82,  34.83,  34.84,  34.84,  34.84,  34.84,  34.86,  34.84,  34.84,  34.84,  34.84,  34.82,  34.82,  34.83,  34.83
20230629, 1800,  , TS, 14.8N,  99.0W,  40, 1003,   40,   20,    0,    0,    0,    0,    0,    0,    0,    0,    0,    0,   40,  34.76,  34.75,  34.78,  34.79,  34.79,  34.77,  34.78,  34.81,  34.81,  34.81,  34.81,  34.79,  34.79,  34.79,  34.79,  34.82,  34.82,  34.81,  34.82,  34.83,  34.84,  34.85,  34.85,  34.84,  34.84,  34.84,  34.84,  34.82,  34.82,  34.83,  34.82
20230630, 0000,  , TS, 15.4N,  99.9W,  45, 1002,   50,   30,    0,   30,    0,    0,    0,    0,    0,    0,    0,    0,   30,  34.74,  34.73,  34.72,  34.69,  34.68,  34.70,  34.71,  34.72,  34.70,  34.73,  34.72,  34.68,  34.68,  34.71,  34.70,  34.72,  34.73,  34.75,  34.76,  34.77,  34.79,  34.77,  34.77,  34.77,  34.78,  34.78,  34.78,  34.80,  34.78,  34.78,  34.80
20230630, 0600,  , TS, 16.1N, 100.9W,  55,  999,   50,   30,   20,   30,   20,    0,    0,   20,    0,    0,    0,    0,   20,  34.73,  34.72,  34.72,  34.71,  34.70,  34.70,  34.70,  34.70,  34.71,  34.70,  34.69,  34.69,  34.68,  34.68,  34.68,  34.71,  34.74,  34.73,  34.73,  34.74,  34.75,  34.74,  34.75,  34.76,  34.76,  34.75,  34.75,  34.76,  34.74,  34.73,  34.76
20230630, 1200,  , HU, 16.8N, 101.8W,  70,  994,   60,   40,   30,   50,   20,   20,   15,   20,   10,   10,    0,   10,   10,  34.69,  34.67,  34.67,  34.68,  34.68,  34.69,  34.70,  34.71,  34.73,  34.73,  34.73,  34.73,  34.72,  34.73,  34.73,  34.74,  34.77,  34.76,  34.77,  34.79,  34.79,  34.79,  34.79,  34.79,  34.77,  34.77,  34.77,  34.77,  34.75,  34.75,  34.75
20230630, 1800,  , HU, 17.5N, 102.7W,  75,  992,   60,   40,   30,   80,   30,   20,   15,   30,   20,   15,   10,   20,   10,  34.58,  34.60,  34.59,  34.59,  34.60,  34.60,  34.61,  34.62,  34.63,  34.62,  34.63,  34.63,  34.62,  34.55,  34.58,  34.58,  34.62,  34.66,  34.67,  34.66,  34.68,  34.69,  34.67,  34.66,  34.64,  34.64,  34.65,  34.68,  34.65,  34.66,  34.69
20230701, 0000,  , HU, 18.4N, 103.7W,  65,  995,   60,   40,   30,   80,   30,   20,   15,   30,   10,   10,    0,    0,   10,  34.62,  34.61,  34.61,  34.62,  34.61,  34.60,  34.59,  34.59,  34.61,  34.60,  34.60,  34.62,  34.56,  34.47,  34.49,  34.53,  34.46,  34.41,  34.52,  34.55,  34.57,  34.59,  34.57,  34.49,  34.53,  34.52,  34.53,  34.54,  34.55,  34.57,  34.57
20230701, 0600, L, TS, 19.2N, 104.6W,  55,  999,   50,   40,   30,   50,   20,   20,    0,    0,    0,    0,    0,    0,   10,  34.66,  34.65,  34.63,  34.65,  34.64,  34.67,  34.68,  34.65,  34.66,  34.67,  34.66,  34.67,  34.66,  34.52,  34.49,  34.54,  34.61,  34.53,  34.56,  34.61,  34.61,  34.65,  34.64,  34.53,  34.48,  34.59,  34.57,  34.58,  34.60,  34.61,  34.63
