EP022008,              BORIS,     37,
20080627, 0600,  , TD, 12.2N, 107.9W,  30, 1006,    0,    0,    0,    0,    0,    0,    0,    0,    0,    0,    0,    0, -999,  20.50,  21.03,  20.94,  20.90,  19.40,  20.40,  21.80,  22.12,  21.45,  20.95,  21.41,  21.44,  20.99,  21.19,  21.06,  20.55,  19.92,  18.49,  18.74,  18.90,  17.94,  18.37,  18.50,  17.58,  17.06,  19.13,  18.40,  18.55,  19.22,  20.60,  19.62
20080627, 1200,  , TS, 12.6N, 108.7W,  35, 1005,    0,   60,   60,    0,    0,    0,    0,    0,    0,    0,    0,    0, -999,  19.32,  19.59,  20.11,  19.99,  20.22,  19.78,  19.80,  19.12,  20.05,  18.09,  20.24,  20.02,  19.46,  19.46,  19.54,  19.19,  18.33,  19.52,  19.86,  19.78,  18.57,  18.71,  17.52,  17.67,  17.06,  19.25,  19.36,  19.51,  19.36,  18.93,  18.24
20080627, 1800,  , TS, 13.0N, 109.5W,  45, 1000,   60,   90,   90,    0,    0,    0,    0,    0,    0,    0,    0,    0, -999,  19.54,  19.46,  20.31,  20.33,  19.54,  20.44,  20.35,  19.58,  20.39,  19.58,  20.37,  20.21,  21.27,  20.28,  20.28,  20.00,  21.11,  19.58,  21.13,  20.11,  19.81,  19.20,  19.72,  18.17,  18.42,  18.32,  19.06,  19.07,  19.37,  20.02,  19.71
20080628, 0000,  , TS, 13.5N, 110.5W,  50,  997,   60,   90,   90,   60,   30,   30,    0,    0,    0,    0,    0,    0, -999,  20.27,  19.94,  19.51,  19.33,  19.73,  19.98,  19.04,  19.27,  19.72,  19.46,  19.61,  20.18,  19.61,  20.22,  21.03,  22.72,  20.70,  21.84,  19.51,  19.67,  19.61,  20.05,  19.28,  19.21,  19.43,  20.09,  19.86,  19.61,  19.60,  20.04,  18.85
20080628, 0600,  , TS, 14.0N, 111.5W,  50,  997,   60,   90,   90,   60,   30,   30,    0,    0,    0,    0,    0,    0, -999,  19.76,  19.48,  20.26,  19.95,  19.78,  19.42,  20.09,  19.05,  19.51,  18.76,  19.18,  19.27,  18.93,  19.08,  19.06,  20.03,  19.11,  20.72,  18.84,  20.39,  18.88,  18.98,  18.53,  18.11,  18.21,  18.07,  18.24,  18.26,  18.89,  18.15,  18.74
20080628, 1200,  , TS, 14.4N, 112.5W,  45, 1000,   60,   90,   90,   60,    0,    0,    0,    0,    0,    0,    0,    0, -999,  20.05,  20.26,  21.44,  21.09,  20.98,  21.58,  21.41,  21.01,  21.40,  21.40,  21.09,  21.63,  21.45,  22.49,  21.82,  21.93,  20.38,  20.78,  20.01,  21.14,  18.89,  19.69,  18.47,  20.43,  19.65,  20.59,  20.74,  21.24,  20.56,  20.45,  20.52
20080628, 1800,  , TS, 14.7N, 113.4W,  45, 1000,   60,   90,   90,   60,    0,    0,    0,    0,    0,    0,    0,    0, -999,  17.95,  18.24,  18.70,  18.94,  19.09,  18.57,  18.78,  19.35,  18.63,  18.80,  18.10,  18.62,  18.03,  19.48,  19.07,  19.01,  18.78,  17.66,  19.29,  19.68,  18.26,  19.02,  18.06,  18.19,  18.29,  18.42,  18.88,  18.20,  18.02,  17.48,  18.33
20080629, 0000,  , TS, 14.9N, 114.2W,  45, 1000,   60,   90,   90,   60,    0,    0,    0,    0,    0,    0,    0,    0, -999,  19.96,  19.68,  20.63,  20.81,  19.69,  19.08,  19.03,  19.16,  20.48,  19.24,  18.87,  18.78,  18.89,  18.54,  18.20,  19.14,  17.13,  18.28,  17.92,  17.09,  17.25,  16.42,  16.80,  16.02,  16.82,  17.00,  16.73,  16.74,  16.19,  16.65,  17.01
20080629, 0600,  , TS, 15.0N, 115.0W,  45, 1000,   60,   90,   90,   60,    0,    0,    0,    0,    0,    0,    0,    0, -999,  20.19,  21.36,  21.52,  20.50,  21.15,  21.23,  21.29,  21.38,  22.49,  21.26,  20.42,  20.62,  20.86,  21.87,  21.29,  21.72,  19.14,  21.19,  19.16,  19.35,  18.35,  17.20,  19.18,  17.70,  18.11,  17.22,  18.33,  18.62,  18.08,  17.63,  17.40
20080629, 1200,  , TS, 14.9N, 115.8W,  50,  997,   60,   90,   90,   60,   30,   30,    0,    0,    0,    0,    0,    0, -999,  21.78,  22.18,  22.14,  20.75,  20.83,  20.81,  21.20,  21.95,  22.41,  21.80,  21.77,  21.86,  21.72,  21.52,  21.18,  22.28,  21.72,  21.16,  20.70,  21.23,  19.88,  19.94,  20.98,  20.05,  21.16,  19.92,  20.45,  19.70,  20.00,  19.52,  19.84
20080629, 1800,  , TS, 14.8N, 116.8W,  55,  995,   60,  100,  100,   60,   30,   50,    0,    0,    0,    0,    0,    0, -999,  23.52,  23.79,  24.29,  23.37,  23.28,  22.73,  23.62,  23.81,  23.81,  23.74,  23.72,  23.44,  22.56,  21.37,  21.51,  22.91,  23.27,  22.22,  24.23,  21.94,  20.80,  21.18,  20.93,  22.14,  21.34,  22.92,  20.99,  23.34,  21.40,  22.70,  21.72
20080630, 0000,  , TS, 14.8N, 117.9W,  60,  992,   60,  100,  100,   60,   30,   50,   30,    0,    0,    0,    0,    0, -999,  23.01,  23.34,  24.02,  24.15,  25.20,  25.00,  25.94,  25.78,  25.44,  25.82,  23.88,  24.46,  23.79,  23.70,  25.35,  25.03,  22.08,  26.40,  22.49,  23.28,  23.09,  22.50,  23.02,  22.44,  22.41,  23.20,  23.38,  23.12,  23.10,  23.18,  23.48
20080630, 0600,  , TS, 14.9N, 119.0W,  60,  992,   60,  100,  100,   60,   30,   50,   30,    0,    0,    0,    0,    0, -999,  21.75,  21.79,  22.36,  22.85,  23.00,  23.15,  22.92,  22.28,  22.62,  23.25,  23.55,  22.97,  23.63,  24.27,  25.70,  25.48,  22.96,  23.10,  21.13,  23.30,  21.30,  23.09,  23.68,  23.52,  24.27,  23.43,  23.80,  23.27,  22.75,  22.40,  23.01
20080630, 1200,  , TS, 14.9N, 120.2W,  60,  992,   60,  100,  100,   60,   30,   50,   30,    0,    0,    0,    0,    0, -999,  21.63,  21.85,  21.53,  21.66,  21.86,  21.78,  22.00,  21.02,  22.28,  21.26,  21.16,  20.09,  20.04,  21.26,  21.90,  21.82,  18.92,  20.84,  19.91,  20.83,  19.14,  19.27,  19.25,  20.60,  21.21,  21.15,  21.20,  21.02,  21.57,  20.72,  21.03
20080630, 1800,  , TS, 14.8N, 121.4W,  60,  992,   60,   90,   90,   60,   35,   45,   35,   35,    0,    0,    0,    0, -999,  17.71,  17.98,  17.59,  16.92,  17.27,  17.97,  19.25,  18.91,  18.67,  19.50,  19.63,  19.63,  19.30,  18.29,  18.50,  18.31,  19.16,  18.00,  19.64,  20.40,  19.79,  21.19,  18.64,  21.20,  21.63,  22.07,  22.10,  22.08,  19.67,  19.96,  20.24
20080701, 0000,  , HU, 14.7N, 122.5W,  65,  989,   60,   75,   75,   60,   45,   45,   45,   45,   35,   35,   35,   35, -999,  21.00,  20.73,  19.56,  19.87,  20.26,  21.24,  21.16,  21.34,  21.30,  20.87,  20.87,  21.37,  20.99,  20.55,  20.88,  21.18,  18.34,  22.15,  20.07,  19.69,  19.59,  18.43,  18.61,  17.30,  16.48,  16.99,  17.22,  17.39,  17.53,  18.44,  18.05
20080701, 0600,  , HU, 14.6N, 123.5W,  65,  989,   60,   75,   75,   60,   45,   45,   45,   45,   35,   35,   35,   35, -999,  18.17,  17.41,  17.37,  18.14,  18.34,  18.24,  18.11,  18.77,  18.99,  18.66,  17.67,  16.49,  15.06,  15.24,  15.94,  16.46,  14.52,  17.21,  15.01,  17.15,  15.94,  15.20,  16.24,  15.42,  17.60,  16.73,  17.04,  17.78,  18.20,  17.83,  17.73
20080701, 1200,  , HU, 14.7N, 124.3W,  65,  989,   75,   75,   75,   75,   45,   45,   45,   45,   30,   30,   30,   30, -999,  17.96,  17.09,  16.76,  16.94,  17.85,  18.14,  18.52,  17.62,  16.72,  17.14,  16.11,  16.24,  15.04,  15.18,  15.28,  15.11,  13.78,  14.52,  14.41,  17.61,  15.61,  16.53,  17.24,  16.59,  16.99,  17.09,  17.57,  18.25,  17.65,  17.80,  17.73
20080701, 1800,  , TS, 14.9N, 125.0W,  60,  991,   90,   75,   75,   90,   45,   35,   35,   45,    0,    0,    0,    0, -999,  19.16,  19.16,  18.45,  18.48,  17.98,  18.55,  17.54,  17.83,  17.37,  17.44,  16.89,  16.21,  14.96,  15.28,  15.74,  15.89,  15.27,  13.79,  15.14,  17.87,  16.67,  17.59,  17.61,  17.21,  17.59,  17.57,  18.12,  18.06,  17.57,  17.53,  17.47
20080702, 0000,  , HU, 15.3N, 125.6W,  65,  988,   90,   75,   75,   75,   45,   35,   35,   45,   25,   25,   25,   25, -999,  18.55,  18.50,  17.80,  17.75,  18.23,  17.52,  17.92,  16.72,  17.33,  18.15,  18.88,  18.00,  17.74,  17.26,  17.10,  17.35,  14.21,  16.63,  18.58,  15.85,  17.37,  17.19,  16.28,  17.19,  17.10,  17.23,  17.38,  17.45,  17.16,  17.02,  16.66
20080702, 0600,  , HU, 15.7N, 126.2W,  70,  985,   75,   75,   75,   60,   45,   45,   45,   35,   30,   30,   30,   30, -999,  18.73,  18.97,  18.57,  18.44,  18.50,  18.84,  18.99,  18.74,  18.47,  17.98,  18.81,  19.39,  19.66,  18.04,  18.39,  20.58,  15.43,  20.60,  18.72,  17.59,  20.94,  18.20,  19.08,  19.66,  18.50,  18.98,  17.77,  17.43,  16.01,  16.57,  16.12
20080702, 1200,  , HU, 16.2N, 126.9W,  65,  988,   60,   75,   75,   60,   30,   40,   40,   30,   25,   25,   25,   25, -999,  19.91,  20.03,  20.59,  20.40,  20.33,  19.98,  20.27,  20.65,  20.44,  20.36,  19.91,  19.45,  20.17,  19.77,  20.68,  20.50,  16.74,  22.06,  17.05,  18.15,  19.68,  18.48,  20.06,  19.64,  19.34,  19.58,  18.87,  20.05,  19.01,  18.91,  20.03
20080702, 1800,  , TS, 16.6N, 127.4W,  55,  992,   60,   60,   60,   60,   30,   30,    0,   30,    0,    0,    0,    0, -999,  21.67,  21.35,  21.75,  21.79,  21.41,  21.27,  21.41,  21.66,  21.41,  21.53,  21.25,  21.34,  21.66,  21.55,  21.61,  21.70,  20.77,  20.20,  18.80,  20.29,  19.42,  19.34,  20.32,  19.67,  19.86,  20.49,  19.88,  20.58,  20.47,  20.11,  20.59
20080703, 0000,  , TS, 16.9N, 127.9W,  50,  995,   60,   60,   60,   60,   30,   30,    0,   30,    0,    0,    0,    0, -999,  20.89,  20.93,  21.04,  21.08,  21.22,  21.30,  21.39,  21.51,  21.39,  21.25,  21.16,  21.16,  21.11,  21.02,  20.95,  21.55,  20.24,  20.05,  21.02,  20.45,  20.19,  20.99,  20.78,  20.70,  20.78,  21.10,  20.47,  20.53,  20.67,  20.69,  21.13
20080703, 0600,  , TS, 17.2N, 128.4W,  50,  995,   60,   60,   60,   60,   30,   30,    0,   30,    0,    0,    0,    0, -999,  20.88,  20.76,  21.00,  21.12,  20.76,  20.60,  20.95,  21.18,  21.18,  21.13,  21.07,  21.19,  21.43,  21.25,  21.21,  22.98,  17.57,  20.15,  20.61,  19.13,  20.86,  21.03,  20.36,  21.18,  21.54,  20.96,  20.77,  20.79,  20.61,  20.51,  20.27
20080703, 1200,  , TS, 17.3N, 129.0W,  40, 1000,   60,   60,   60,   60,    0,    0,    0,    0,    0,    0,    0,    0, -999,  20.93,  21.07,  21.00,  21.05,  21.01,  21.06,  21.36,  21.56,  21.36,  21.33,  21.32,  21.56,  22.53,  22.30,  22.14,  22.95,  18.34,  20.45,  19.27,  18.72,  20.53,  20.00,  19.96,  20.54,  20.52,  20.92,  20.81,  20.58,  20.67,  20.91,  20.64
20080703, 1800,  , TS, 17.3N, 129.6W,  35, 1002,   60,   60,   60,   60,    0,    0,    0,    0,    0,    0,    0,    0, -999,  20.96,  20.95,  20.96,  21.01,  20.97,  21.20,  21.25,  21.24,  21.04,  20.84,  20.58,  21.02,  21.36,  21.98,  21.97,  22.15,  21.31,  22.07,  22.15,  21.40,  21.91,  21.13,  20.84,  21.34,  20.49,  20.98,  20.67,  20.49,  21.04,  20.82,  21.19
20080704, 0000,  , TD, 17.2N, 130.2W,  30, 1003,    0,    0,    0,    0,    0,    0,    0,    0,    0,    0,    0,    0, -999,  21.29,  21.32,  21.34,  21.25,  21.17,  21.02,  21.00,  20.98,  20.83,  20.69,  20.88,  21.32,  21.11,  21.74,  21.87,  21.97,  20.77,  20.57,  21.10,  20.75,  21.32,  21.35,  21.58,  21.70,  21.85,  22.04,  21.36,  21.40,  20.94,  21.13,  20.99
20080704, 0600,  , TD, 17.1N, 130.8W,  25, 1005,    0,    0,    0,    0,    0,    0,    0,    0,    0,    0,    0,    0, -999,  21.41,  21.15,  21.28,  21.29,  21.31,  21.32,  21.66,  21.74,  21.82,  21.71,  21.72,  21.95,  22.29,  22.39,  21.98,  21.79,  20.64,  20.88,  20.74,  20.48,  21.21,  20.90,  20.48,  20.57,  20.55,  20.68,  20.94,  20.86,  21.63,  21.82,  21.39
20080704, 1200,  , LO, 17.0N, 131.5W,  20, 1006,    0,    0,    0,    0,    0,    0,    0,    0,    0,    0,    0,    0, -999,  21.08,  21.39,  21.55,  21.94,  21.49,  21.20,  21.77,  21.64,  21.67,  21.80,  21.72,  21.78,  22.30,  22.20,  22.45,  22.17,  21.36,  21.63,  21.39,  21.52,  21.24,  21.70,  21.57,  21.47,  22.10,  22.06,  21.60,  21.97,  21.83,  21.42,  21.21
20080704, 1800,  , LO, 16.8N, 132.4W,  20, 1007,    0,    0,    0,    0,    0,    0,    0,    0,    0,    0,    0,    0, -999,  20.52,  20.66,  20.74,  21.05,  21.24,  21.10,  21.84,  22.01,  21.80,  21.45,  21.33,  21.10,  20.76,  20.93,  21.05,  20.73,  20.32,  20.11,  20.39,  20.71,  21.03,  21.83,  21.20,  21.73,  22.13,  21.68,  21.25,  20.82,  20.06,  20.44,  20.11
20080705, 0000,  , LO, 16.5N, 133.2W,  20, 1007,    0,    0,    0,    0,    0,    0,    0,    0,    0,    0,    0,    0, -999,  20.20,  20.05,  20.06,  20.36,  20.67,  20.95,  20.73,  20.58,  20.47,  20.39,  20.47,  20.58,  20.54,  20.30,  20.24,  20.19,  19.07,  19.71,  21.18,  20.56,  20.82,  20.87,  20.66,  21.17,  20.99,  20.96,  20.96,  20.84,  20.98,  20.50,  19.74
20080705, 0600,  , LO, 16.2N, 134.0W,  20, 1007,    0,    0,    0,    0,    0,    0,    0,    0,    0,    0,    0,    0, -999,  20.20,  20.24,  20.41,  20.32,  20.36,  20.48,  20.58,  20.43,  20.36,  20.33,  20.35,  20.50,  20.41,  20.53,  20.40,  20.40,  19.57,  19.85,  19.99,  20.00,  20.23,  20.32,  20.52,  20.34,  20.64,  20.89,  20.20,  20.56,  20.26,  19.66,  19.50
20080705, 1200,  , LO, 16.0N, 135.0W,  20, 1007,    0,    0,    0,    0,    0,    0,    0,    0,    0,    0,    0,    0, -999,  20.49,  19.88,  20.12,  20.05,  20.07,  20.13,  20.07,  20.00,  19.78,  20.07,  20.13,  19.85,  20.15,  20.48,  20.49,  20.29,  19.86,  19.80,  19.44,  19.54,  20.01,  19.96,  19.97,  20.38,  20.31,  19.54,  19.77,  20.03,  19.55,  19.79,  19.62
20080705, 1800,  , LO, 16.0N, 136.2W,  20, 1007,    0,    0,    0,    0,    0,    0,    0,    0,    0,    0,    0,    0, -999,  20.69,  20.63,  20.91,  21.27,  20.95,  20.73,  20.57,  21.03,  21.02,  21.01,  21.29,  21.22,  21.25,  20.81,  20.90,  21.00,  20.84,  20.53,  20.30,  20.87,  20.28,  20.34,  20.72,  20.30,  21.04,  20.62,  20.60,  20.31,  20.40,  21.18,  20.97
20080706, 0000,  , LO, 15.9N, 137.2W,  20, 1007,    0,    0,    0,    0,    0,    0,    0,    0,    0,    0,    0,    0, -999,  21.29,  21.16,  21.32,  21.18,  21.22,  21.26,  21.36,  21.52,  21.38,  21.87,  21.83,  21.75,  21.39,  20.86,  20.91,  20.73,  20.53,  20.75,  20.97,  20.86,  20.87,  20.76,  20.51,  20.25,  20.39,  20.37,  20.35,  20.78,  20.81,  20.52,  20.70
20080706, 0600,  , LO, 15.8N, 138.0W,  20, 1008,    0,    0,    0,    0,    0,    0,    0,    0,    0,    0,    0,    0, -999,  22.21,  22.19,  22.50,  21.84,  21.40,  21.29,  21.26,  21.25,  21.33,  21.64,  21.70,  22.00,  21.75,  21.44,  21.52,  21.27,  21.12,  21.17,  21.09,  21.24,  21.16,  20.96,  21.36,  21.63,  21.69,  21.58,  21.84,  21.74,  21.42,  21.20,  21.44
