EP021997,             BLANCA,     11,
19970609, 1800,  , TD, 14.1N,  94.5W,  30, 1009, -999, -999, -999, -999, -999, -999, -999, -999, -999, -999, -999, -999, -999,  17.32,  17.22,  17.31,  17.86,  18.77,  18.61,  18.75,  18.65,  19.07,  18.19,  18.96,  16.95,  16.74,  16.58,  16.93,  16.66,  18.12,  18.55,  18.02,  17.81,  17.79,  17.80,  18.33,  18.53,  18.54,  18.32,  18.67,  18.23,  17.97,  18.13,  17.66
19970610, 0000,  , TS, 14.6N,  95.6W,  35, 1005, -999, -999, -999, -999, -999, -999, -999, -999, -999, -999, -999, -999, -999,  14.25,  14.27,  14.69,  14.53,  14.79,  15.09,  15.50,  16.28,  17.55,  18.18,  17.92,  18.18,  18.00,  18.55,  18.07,  19.35,  18.86,  18.58,  18.24,  17.96,  18.08,  18.45,  18.08,  18.67,  17.78,  17.77,  17.59,  17.32,  18.34,  17.42,  18.25
19970610, 0600,  , TS, 14.8N,  96.9W,  40, 1003, -999, -999, -999, -999, -999, -999, -999, -999, -999, -999, -999, -999, -999,  13.98,  13.46,  13.94,  14.53,  14.77,  14.62,  14.84,  15.43,  15.89,  15.36,  15.79,  15.44,  15.71,  15.85,  15.44,  15.59,  16.83,  17.42,  17.22,  17.19,  17.26,  17.25,  18.13,  18.46,  18.23,  17.70,  17.43,  17.18,  17.63,  17.29,  17.87
19970610, 1200,  , TS, 14.8N,  98.4W,  40, 1003, -999, -999, -999, -999, -999, -999, -999, -999, -999, -999, -999, -999, -999,  16.01,  15.86,  15.98,  16.16,  16.57,  16.74,  16.75,  16.25,  16.40,  16.62,  16.26,  15.87,  15.55,  15.63,  16.77,  17.50,  17.61,  16.96,  16.72,  16.88,  16.96,  17.10,  17.36,  17.35,  16.62,  16.30,  16.15,  16.01,  16.00,  15.61,  16.02
19970610, 1800,  , TS, 15.0N, 100.0W,  40, 1003, -999, -999, -999, -999, -999, -999, -999, -999, -999, -999, -999, -999, -999,  18.84,  18.62,  18.91,  19.07,  18.39,  19.02,  19.30,  19.15,  18.95,  19.39,  18.81,  18.33,  18.01,  18.43,  19.37,  19.71,  20.21,  16.78,  15.48,  16.78,  17.62,  18.32,  17.78,  18.39,  18.00,  16.98,  17.48,  17.61,  17.25,  16.62,  15.39
19970611, 0000,  , TS, 15.0N, 101.5W,  40, 1002, -999, -999, -999, -999, -999, -999, -999, -999, -999, -999, -999, -999, -999,  21.47,  21.59,  21.83,  19.96,  19.87,  19.82,  20.83,  20.98,  21.33,  21.21,  19.14,  17.77,  16.96,  17.23,  17.62,  19.03,  17.73,  17.62,  18.10,  18.59,  18.75,  18.39,  17.88,  18.38,  19.59,  19.18,  19.21,  18.85,  19.29,  17.90,  17.13
19970611, 0600,  , TS, 15.2N, 102.9W,  35, 1004, -999, -999, -999, -999, -999, -999, -999, -999, -999, -999, -999, -999, -999,  15.47,  15.74,  16.17,  14.23,  13.56,  15.09,  17.85,  18.93,  19.43,  19.61,  18.71,  18.00,  17.50,  17.89,  18.34,  20.04,  20.96,  21.37,  20.63,  21.02,  21.02,  20.84,  20.83,  20.12,  20.14,  20.22,  20.31,  20.54,  20.73,  20.76,  20.98
19970611, 1200,  , TS, 15.5N, 104.3W,  35, 1005, -999, -999, -999, -999, -999, -999, -999, -999, -999, -999, -999, -999, -999,  18.41,  17.66,  16.45,  16.21,  15.52,  16.29,  17.90,  19.42,  20.44,  19.17,  17.05,  16.72,  18.37,  18.38,  18.61,  18.61,  18.29,  18.86,  19.70,  20.51,  21.00,  20.91,  20.42,  20.11,  19.80,  18.61,  17.53,  18.30,  19.03,  18.86,  19.05
19970611, 1800,  , TS, 15.8N, 105.7W,  35, 1006, -999, -999, -999, -999, -999, -999, -999, -999, -999, -999, -999, -999, -999,  21.64,  21.38,  20.57,  20.48,  20.16,  19.82,  19.14,  18.62,  17.46,  15.49,  14.88,  13.96,  18.22,  19.57,  20.22,  20.69,  21.03,  21.21,  21.69,  22.64,  21.91,  21.64,  20.35,  19.60,  18.76,  18.53,  17.81,  17.60,  19.31,  20.19,  19.30
19970612, 0000,  , TD, 16.2N, 107.2W,  30, 1007, -999, -999, -999, -999, -999, -999, -999, -999, -999, -999, -999, -999, -999,  21.93,  21.90,  22.45,  20.01,  17.63,  17.27,  17.53,  17.13,  17.27,  17.85,  17.68,  19.14,  19.98,  21.09,  20.67,  19.97,  19.35,  20.26,  20.94,  21.32,  21.41,  20.79,  20.49,  19.55,  19.12,  19.16,  19.21,  19.32,  18.50,  17.57,  16.65
19970612, 0600,  , TD, 16.6N, 108.7W,  25, 1008, -999, -999, -999, -999, -999, -999, -999, -999, -999, -999, -999, -999, -999,  23.44,  24.17,  24.55,  24.76,  24.48,  24.66,  24.27,  23.92,  24.81,  24.86,  23.98,  23.40,  23.07,  22.59,  22.67,  22.30,  22.47,  21.82,  22.23,  23.32,  22.89,  23.36,  23.45,  22.94,  22.41,  22.26,  22.72,  22.08,  20.26,  18.14,  18.52
