EP021995,             ADOLPH,     24,
19950615, 1200,  , TD, 11.4N, 105.9W,  25, 1011, -999, -999, -999, -999, -999, -999, -999, -999, -999, -999, -999, -999, -999,  34.05,  34.07,  34.10,  34.11,  34.10,  34.10,  34.11,  34.10,  34.08,  34.09,  34.11,  34.13,  34.11,  34.09,  34.09,  34.09,  34.03,  34.04,  34.04,  34.05,  34.05,  34.05,  34.07,  34.12,  34.11,  34.11,  34.13,  34.15,  34.20,  34.22,  34.23
19950615, 1800,  , TD, 11.9N, 106.1W,  30, 1008, -999, -999, -999, -999, -999, -999, -999, -999, -999, -999, -999, -999, -999,  34.10,  34.11,  34.12,  34.11,  34.11,  34.10,  34.10,  34.11,  34.11,  34.11,  34.11,  34.11,  34.10,  34.12,  34.11,  34.07,  34.06,  34.03,  34.05,  34.05,  34.06,  34.13,  34.16,  34.18,  34.20,  34.25,  34.26,  34.23,  34.21,  34.20,  34.18
19950616, 0000,  , TS, 12.5N, 106.3W,  35, 1005, -999, -999, -999, -999, -999, -999, -999, -999, -999, -999, -999, -999, -999,  34.10,  34.09,  34.09,  34.10,  34.10,  34.09,  34.08,  34.08,  34.09,  34.11,  34.11,  34.08,  34.11,  34.09,  34.05,  34.02,  34.09,  34.15,  34.16,  34.17,  34.17,  34.22,  34.18,  34.25,  34.26,  34.30,  34.29,  34.29,  34.29,  34.29,  34.30
19950616, 0600,  , TS, 13.1N, 106.4W,  40, 1000, -999, -999, -999, -999, -999, -999, -999, -999, -999, -999, -999, -999, -999,  34.07,  34.05,  34.07,  34.09,  34.08,  34.06,  34.06,  34.07,  34.08,  34.08,  34.10,  34.15,  34.19,  34.17,  34.16,  34.09,  34.20,  34.07,  34.12,  34.13,  34.12,  34.17,  34.16,  34.25,  34.23,  34.26,  34.24,  34.26,  34.24,  34.22,  34.23
19950616, 1200,  , TS, 13.6N, 106.3W,  50,  995, -999, -999, -999, -999, -999, -999, -999, -999, -999, -999, -999, -999, -999,  34.17,  34.13,  34.14,  34.19,  34.22,  34.22,  34.23,  34.22,  34.23,  34.22,  34.23,  34.18,  34.21,  34.17,  34.20,  34.20,  34.21,  34.13,  34.12,  34.11,  34.12,  34.12,  34.15,  34.15,  34.17,  34.17,  34.18,  34.18,  34.18,  34.20,  34.21
19950616, 1800,  , TS, 14.2N, 106.2W,  60,  990, -999, -999, -999, -999, -999, -999, -999, -999, -999, -999, -999, -999, -999,  34.22,  34.23,  34.26,  34.27,  34.27,  34.26,  34.25,  34.25,  34.25,  34.25,  34.25,  34.25,  34.26,  34.26,  34.26,  34.26,  34.24,  34.16,  34.17,  34.14,  34.17,  34.15,  34.18,  34.20,  34.23,  34.25,  34.29,  34.30,  34.30,  34.28,  34.26
19950617, 0000,  , HU, 14.8N, 106.3W,  70,  983, -999, -999, -999, -999, -999, -999, -999, -999, -999, -999, -999, -999, -999,  34.25,  34.28,  34.27,  34.23,  34.24,  34.25,  34.26,  34.26,  34.26,  34.26,  34.26,  34.26,  34.25,  34.26,  34.26,  34.20,  34.22,  34.20,  34.18,  34.18,  34.18,  34.20,  34.21,  34.23,  34.25,  34.28,  34.30,  34.29,  34.29,  34.27,  34.26
19950617, 0600,  , HU, 15.4N, 106.6W,  80,  975, -999, -999, -999, -999, -999, -999, -999, -999, -999, -999, -999, -999, -999,  34.32,  34.34,  34.34,  34.34,  34.34,  34.34,  34.34,  34.34,  34.33,  34.32,  34.31,  34.29,  34.28,  34.28,  34.28,  34.27,  34.24,  34.21,  34.25,  34.28,  34.27,  34.28,  34.28,  34.27,  34.27,  34.27,  34.27,  34.23,  34.18,  34.18,  34.16
19950617, 1200,  , HU, 15.8N, 106.9W,  90,  967, -999, -999, -999, -999, -999, -999, -999, -999, -999, -999, -999, -999, -999,  34.34,  34.35,  34.35,  34.34,  34.34,  34.34,  34.35,  34.37,  34.37,  34.38,  34.43,  34.42,  34.45,  34.47,  34.48,  34.52,  34.47,  34.40,  34.43,  34.41,  34.45,  34.41,  34.40,  34.41,  34.29,  34.28,  34.24,  34.23,  34.19,  34.20,  34.22
19950617, 1800,  , HU, 16.2N, 107.2W, 100,  960, -999, -999, -999, -999, -999, -999, -999, -999, -999, -999, -999, -999, -999,  34.33,  34.34,  34.36,  34.37,  34.38,  34.44,  34.47,  34.57,  34.59,  34.58,  34.57,  34.57,  34.57,  34.57,  34.58,  34.59,  34.59,  34.52,  34.50,  34.50,  34.51,  34.51,  34.49,  34.49,  34.50,  34.48,  34.46,  34.45,  34.40,  34.41,  34.40
19950618, 0000,  , HU, 16.6N, 107.5W, 110,  953, -999, -999, -999, -999, -999, -999, -999, -999, -999, -999, -999, -999, -999,  34.50,  34.57,  34.59,  34.60,  34.58,  34.57,  34.55,  34.56,  34.55,  34.57,  34.57,  34.60,  34.62,  34.64,  34.64,  34.62,  34.63,  34.64,  34.61,  34.57,  34.50,  34.46,  34.41,  34.31,  34.31,  34.30,  34.30,  34.31,  34.26,  34.35,  34.29
19950618, 0600,  , HU, 17.1N, 107.8W, 115,  948, -999, -999, -999, -999, -999, -999, -999, -999, -999, -999, -999, -999, -999,  34.59,  34.59,  34.59,  34.59,  34.57,  34.57,  34.56,  34.57,  34.58,  34.60,  34.60,  34.59,  34.58,  34.57,  34.57,  34.55,  34.53,  34.50,  34.51,  34.52,  34.52,  34.50,  34.48,  34.48,  34.47,  34.49,  34.49,  34.44,  34.46,  34.44,  34.37
19950618, 1200,  , HU, 17.5N, 108.3W, 110,  953, -999, -999, -999, -999, -999, -999, -999, -999, -999, -999, -999, -999, -999,  34.48,  34.47,  34.48,  34.48,  34.48,  34.49,  34.49,  34.49,  34.50,  34.51,  34.51,  34.52,  34.52,  34.53,  34.53,  34.55,  34.53,  34.53,  34.52,  34.53,  34.53,  34.53,  34.53,  34.52,  34.49,  34.49,  34.45,  34.44,  34.43,  34.43,  34.45
19950618, 1800,  , HU, 17.8N, 108.8W, 100,  960, -999, -999, -999, -999, -999, -999, -999, -999, -999, -999, -999, -999, -999,  34.48,  34.48,  34.49,  34.50,  34.52,  34.56,  34.57,  34.59,  34.58,  34.58,  34.58,  34.55,  34.57,  34.54,  34.53,  34.52,  34.50,  34.51,  34.50,  34.50,  34.50,  34.49,  34.48,  34.47,  34.48,  34.49,  34.51,  34.50,  34.50,  34.51,  34.50
19950619, 0000,  , HU, 18.2N, 109.1W,  85,  973, -999, -999, -999, -999, -999, -999, -999, -999, -999, -999, -999, -999, -999,  34.59,  34.61,  34.61,  34.61,  34.60,  34.59,  34.57,  34.55,  34.53,  34.52,  34.51,  34.50,  34.50,  34.51,  34.50,  34.51,  34.51,  34.51,  34.52,  34.53,  34.53,  34.54,  34.53,  34.53,  34.53,  34.53,  34.52,  34.52,  34.52,  34.52,  34.52
19950619, 0600,  , HU, 18.3N, 109.5W,  70,  985, -999, -999, -999, -999, -999, -999, -999, -999, -999, -999, -999, -999, -999,  34.61,  34.60,  34.60,  34.56,  34.53,  34.53,  34.56,  34.54,  34.51,  34.50,  34.50,  34.52,  34.54,  34.54,  34.54,  34.54,  34.55,  34.54,  34.53,  34.52,  34.52,  34.52,  34.53,  34.53,  34.54,  34.54,  34.53,  34.54,  34.55,  34.55,  34.55
19950619, 1200,  , TS, 18.3N, 109.8W,  60,  992, -999, -999, -999, -999, -999, -999, -999, -999, -999, -999, -999, -999, -999,  34.60,  34.51,  34.51,  34.58,  34.56,  34.49,  34.49,  34.49,  34.50,  34.52,  34.56,  34.56,  34.54,  34.55,  34.54,  34.53,  34.51,  34.50,  34.49,  34.48,  34.47,  34.47,  34.47,  34.46,  34.46,  34.46,  34.47,  34.49,  34.51,  34.53,  34.54
19950619, 1800,  , TS, 18.2N, 110.2W,  50,  997, -999, -999, -999, -999, -999, -999, -999, -999, -999, -999, -999, -999, -999,  34.49,  34.48,  34.50,  34.48,  34.48,  34.47,  34.49,  34.52,  34.50,  34.50,  34.51,  34.51,  34.53,  34.57,  34.53,  34.50,  34.52,  34.56,  34.58,  34.59,  34.60,  34.60,  34.60,  34.59,  34.59,  34.57,  34.54,  34.50,  34.47,  34.46,  34.45
19950620, 0000,  , TS, 18.1N, 110.6W,  40, 1000, -999, -999, -999, -999, -999, -999, -999, -999, -999, -999, -999, -999, -999,  34.41,  34.41,  34.45,  34.50,  34.51,  34.51,  34.52,  34.51,  34.51,  34.50,  34.49,  34.48,  34.50,  34.55,  34.59,  34.59,  34.61,  34.59,  34.58,  34.58,  34.57,  34.56,  34.55,  34.53,  34.51,  34.51,  34.51,  34.52,  34.52,  34.53,  34.53
19950620, 0600,  , TS, 18.2N, 111.0W,  35, 1001, -999, -999, -999, -999, -999, -999, -999, -999, -999, -999, -999, -999, -999,  34.51,  34.51,  34.51,  34.47,  34.47,  34.48,  34.51,  34.52,  34.49,  34.48,  34.50,  34.51,  34.53,  34.57,  34.55,  34.56,  34.57,  34.56,  34.54,  34.53,  34.54,  34.53,  34.52,  34.52,  34.53,  34.54,  34.56,  34.58,  34.58,  34.57,  34.55
19950620, 1200,  , TD, 18.2N, 111.2W,  30, 1002, -999, -999, -999, -999, -999, -999, -999, -999, -999, -999, -999, -999, -999,  34.50,  34.51,  34.50,  34.48,  34.49,  34.51,  34.52,  34.51,  34.50,  34.50,  34.50,  34.52,  34.52,  34.54,  34.51,  34.52,  34.52,  34.53,  34.52,  34.53,  34.54,  34.54,  34.53,  34.52,  34.54,  34.57,  34.58,  34.59,  34.58,  34.56,  34.55
19950620, 1800,  , TD, 18.3N, 111.4W,  30, 1003, -999, -999, -999, -999, -999, -999, -999, -999, -999, -999, -999, -999, -999,  34.45,  34.45,  34.46,  34.49,  34.52,  34.51,  34.50,  34.50,  34.50,  34.51,  34.52,  34.52,  34.52,  34.51,  34.53,  34.54,  34.55,  34.55,  34.56,  34.56,  34.53,  34.52,  34.51,  34.54,  34.57,  34.59,  34.59,  34.58,  34.56,  34.52,  34.50
19950621, 0000,  , TD, 18.3N, 111.5W,  25, 1004, -999, -999, -999, -999, -999, -999, -999, -999, -999, -999, -999, -999, -999,  34.49,  34.52,  34.52,  34.53,  34.52,  34.51,  34.51,  34.51,  34.52,  34.52,  34.51,  34.51,  34.52,  34.52,  34.52,  34.52,  34.54,  34.55,  34.56,  34.54,  34.50,  34.52,  34.52,  34.55,  34.56,  34.55,  34.54,  34.50,  34.50,  34.51,  34.51
19950621, 0600,  , TD, 18.4N, 111.5W,  20, 1006, -999, -999, -999, -999, -999, -999, -999, -999, -999, -999, -999, -999, -999,  34.49,  34.52,  34.52,  34.53,  34.52,  34.51,  34.51,  34.51,  34.52,  34.52,  34.51,  34.51,  34.52,  34.52,  34.52,  34.52,  34.54,  34.55,  34.56,  34.54,  34.50,  34.52,  34.52,  34.55,  34.56,  34.55,  34.54,  34.50,  34.50,  34.51,  34.51
