EP022005,            BEATRIZ,     19,
20050621, 1800,  , TD, 13.6N, 101.7W,  25, 1006,    0,    0,    0,    0,    0,    0,    0,    0,    0,    0,    0,    0, -999,  17.83,  17.99,  17.98,  17.65,  17.43,  16.43,  16.88,  16.63,  17.20,  16.82,  17.27,  16.58,  16.50,  16.75,  15.10,  15.22,  14.46,  14.12,  13.83,  13.81,  13.70,  13.46,  13.54,  13.53,  13.68,  13.72,  13.62,  14.22,  14.05,  14.30,  14.02
20050622, 0000,  , TD, 13.9N, 102.8W,  30, 1005,    0,    0,    0,    0,    0,    0,    0,    0,    0,    0,    0,    0, -999,  20.24,  20.96,  21.16,  21.87,  21.63,  21.97,  21.11,  21.40,  21.26,  22.01,  19.97,  19.20,  20.65,  19.38,  19.79,  18.48,  16.70,  17.00,  16.47,  16.34,  16.84,  16.09,  15.99,  16.23,  16.13,  15.52,  14.52,  14.48,  14.40,  13.81,  13.63
20050622, 0600,  , TD, 14.3N, 103.8W,  30, 1004,    0,    0,    0,    0,    0,    0,    0,    0,    0,    0,    0,    0, -999,  18.77,  18.82,  19.00,  19.72,  19.64,  19.57,  19.48,  19.40,  19.36,  19.52,  19.33,  19.41,  20.28,  19.91,  20.16,  19.32,  17.47,  17.98,  17.45,  18.57,  18.04,  18.91,  18.47,  18.53,  18.25,  16.91,  16.85,  16.47,  15.66,  15.40,  14.96
20050622, 1200,  , TS, 14.8N, 104.9W,  35, 1003,  125,   30,   30,  125,    0,    0,    0,    0,    0,    0,    0,    0, -999,  18.07,  17.99,  18.51,  18.59,  19.24,  19.15,  18.62,  19.37,  19.27,  18.24,  17.93,  18.15,  18.99,  18.48,  18.48,  18.31,  18.02,  17.63,  17.65,  18.25,  18.16,  18.17,  17.34,  17.58,  17.37,  16.51,  17.21,  16.50,  15.17,  16.17,  15.77
20050622, 1800,  , TS, 15.2N, 106.0W,  40, 1002,  125,   30,   30,  125,    0,    0,    0,    0,    0,    0,    0,    0, -999,  17.04,  16.74,  16.41,  16.40,  16.76,  16.92,  17.34,  17.08,  17.35,  17.06,  16.80,  16.56,  16.48,  16.60,  16.86,  16.94,  16.64,  16.05,  15.83,  16.06,  15.79,  15.70,  15.46,  15.18,  14.79,  14.19,  13.91,  14.02,  13.55,  14.21,  14.00
20050623, 0000,  , TS, 15.7N, 107.1W,  45, 1000,  125,   40,   30,  125,    0,    0,    0,    0,    0,    0,    0,    0, -999,  21.16,  21.58,  20.98,  21.05,  21.23,  21.01,  20.20,  20.49,  20.37,  20.69,  20.45,  20.79,  20.82,  20.18,  19.59,  19.48,  18.55,  18.52,  18.70,  17.94,  18.45,  17.49,  17.52,  15.86,  15.00,  15.34,  14.89,  14.97,  14.91,  14.61,  15.97
20050623, 0600,  , TS, 16.3N, 108.3W,  45, 1000,  125,   40,   40,  125,    0,    0,    0,    0,    0,    0,    0,    0, -999,  16.07,  16.80,  17.11,  16.30,  16.90,  16.70,  16.41,  16.29,  16.79,  16.90,  17.08,  16.73,  16.20,  16.32,  16.16,  15.85,  15.54,  15.68,  15.63,  15.32,  16.19,  16.45,  16.49,  15.56,  15.48,  15.25,  15.42,  15.09,  14.88,  14.85,  15.83
20050623, 1200,  , TS, 16.7N, 109.4W,  40, 1002,  125,   40,   40,  125,    0,    0,    0,    0,    0,    0,    0,    0, -999,  17.84,  17.76,  17.28,  16.61,  16.55,  16.70,  16.53,  16.11,  16.20,  16.30,  16.45,  17.24,  17.65,  17.48,  17.52,  17.28,  16.40,  16.14,  15.61,  15.63,  15.57,  15.71,  15.68,  15.47,  15.57,  15.59,  15.37,  15.54,  15.79,  15.23,  15.70
20050623, 1800,  , TS, 16.9N, 110.4W,  35, 1004,  100,   40,   40,  100,    0,    0,    0,    0,    0,    0,    0,    0, -999,  18.82,  18.90,  18.50,  18.06,  18.08,  17.71,  17.12,  16.96,  16.68,  16.73,  16.24,  16.37,  16.42,  16.29,  16.52,  16.80,  16.76,  16.77,  16.55,  16.19,  15.93,  16.15,  15.63,  15.43,  15.03,  14.61,  14.62,  15.15,  15.45,  15.42,  15.66
20050624, 0000,  , TD, 17.1N, 111.3W,  30, 1005,    0,    0,    0,    0,    0,    0,    0,    0,    0,    0,    0,    0, -999,  21.89,  21.44,  21.29,  21.47,  21.37,  21.62,  22.80,  21.81,  21.31,  21.43,  21.32,  21.64,  21.76,  21.30,  20.36,  20.72,  20.46,  20.79,  21.08,  21.14,  21.53,  20.44,  19.91,  18.76,  18.20,  18.07,  17.32,  16.93,  16.61,  17.94,  19.07
20050624, 0600,  , LO, 17.4N, 112.2W,  25, 1006,    0,    0,    0,    0,    0,    0,    0,    0,    0,    0,    0,    0, -999,  20.28,  19.90,  20.23,  20.29,  19.84,  19.81,  18.98,  18.48,  18.01,  18.26,  18.21,  18.61,  19.03,  18.87,  18.76,  19.09,  18.77,  19.10,  19.88,  20.02,  19.78,  19.46,  19.34,  18.81,  18.51,  17.77,  16.94,  15.77,  16.05,  16.73,  16.57
20050624, 1200,  , LO, 17.8N, 112.9W,  20, 1007,    0,    0,    0,    0,    0,    0,    0,    0,    0,    0,    0,    0, -999,  18.94,  18.79,  18.81,  18.42,  17.78,  17.09,  16.99,  16.99,  16.57,  16.82,  17.08,  17.58,  17.78,  17.35,  17.23,  17.41,  17.22,  17.49,  17.63,  16.90,  16.76,  17.16,  17.18,  16.77,  16.31,  16.12,  15.55,  15.21,  15.31,  14.90,  14.86
20050624, 1800,  , LO, 18.2N, 113.6W,  20, 1008,    0,    0,    0,    0,    0,    0,    0,    0,    0,    0,    0,    0, -999,  16.50,  16.48,  16.57,  15.72,  15.66,  15.63,  15.42,  15.48,  15.56,  15.59,  15.80,  16.19,  16.41,  16.43,  16.54,  17.12,  16.91,  16.95,  17.12,  16.48,  16.48,  16.74,  16.61,  16.27,  16.14,  15.90,  15.83,  15.73,  16.63,  16.31,  16.22
20050625, 0000,  , LO, 18.7N, 114.3W,  20, 1009,    0,    0,    0,    0,    0,    0,    0,    0,    0,    0,    0,    0, -999,  16.03,  16.28,  15.61,  15.14,  14.97,  14.96,  14.97,  14.83,  14.80,  14.70,  14.85,  14.57,  14.50,  14.39,  15.45,  15.27,  15.43,  15.32,  15.24,  15.20,  15.05,  15.12,  15.50,  15.46,  15.20,  15.54,  15.24,  16.08,  16.06,  16.15,  16.20
20050625, 0600,  , LO, 18.7N, 114.5W,  20, 1009,    0,    0,    0,    0,    0,    0,    0,    0,    0,    0,    0,    0, -999,  16.03,  16.17,  15.56,  15.41,  15.28,  15.18,  15.37,  15.20,  15.04,  15.01,  14.97,  14.80,  14.59,  14.52,  15.45,  15.18,  15.38,  15.44,  15.20,  15.24,  15.07,  14.98,  15.21,  15.18,  14.80,  15.22,  14.87,  15.79,  15.81,  16.02,  16.22
20050625, 1200,  , LO, 18.6N, 114.7W,  20, 1009,    0,    0,    0,    0,    0,    0,    0,    0,    0,    0,    0,    0, -999,  16.29,  16.42,  15.79,  15.70,  15.60,  15.32,  15.62,  15.54,  15.61,  15.74,  15.78,  15.80,  15.75,  15.66,  16.06,  15.79,  15.67,  15.52,  15.38,  15.29,  15.07,  15.12,  15.17,  14.90,  14.58,  14.94,  14.67,  15.46,  15.59,  15.87,  16.15
20050625, 1800,  , LO, 18.4N, 114.7W,  20, 1009,    0,    0,    0,    0,    0,    0,    0,    0,    0,    0,    0,    0, -999,  17.61,  17.49,  17.13,  16.65,  15.98,  15.70,  15.18,  15.43,  15.38,  15.46,  15.52,  15.52,  15.34,  15.44,  15.72,  15.59,  15.52,  15.60,  15.27,  15.00,  14.55,  14.99,  14.76,  14.48,  14.44,  14.79,  14.55,  15.47,  15.70,  15.88,  15.97
20050626, 0000,  , LO, 18.2N, 114.7W,  20, 1009,    0,    0,    0,    0,    0,    0,    0,    0,    0,    0,    0,    0, -999,  17.61,  17.45,  17.36,  16.88,  16.56,  15.52,  15.45,  15.49,  15.49,  15.52,  15.62,  15.35,  15.47,  15.63,  15.64,  15.66,  15.52,  15.09,  14.87,  14.75,  14.63,  14.54,  14.35,  14.56,  14.68,  14.72,  15.34,  15.42,  15.64,  15.67,  15.79
20050626, 0600,  , LO, 18.0N, 114.5W,  20, 1010,    0,    0,    0,    0,    0,    0,    0,    0,    0,    0,    0,    0, -999,  17.43,  17.11,  17.03,  16.96,  16.68,  15.96,  15.67,  15.39,  15.36,  15.35,  15.54,  15.29,  15.24,  15.36,  15.31,  15.30,  15.18,  15.02,  14.93,  15.17,  14.81,  14.69,  14.44,  14.76,  14.98,  14.94,  15.39,  15.48,  15.52,  15.51,  16.12
