EP032020,              BORIS,     25,
20200624, 0600,  , TD, 10.0N, 131.9W,  25, 1008,    0,    0,    0,    0,    0,    0,    0,    0,    0,    0,    0,    0, -999,  21.44,  21.55,  19.83,  19.33,  19.30,  19.62,  20.62,  21.69,  19.43,  20.11,  19.30,  19.39,  19.25,  18.79,  19.30,  18.36,  17.82,  19.20,  17.70,  18.04,  19.34,  19.02,  19.34,  19.10,  19.47,  19.19,  18.55,  19.45,  17.67,  18.73,  18.23
20200624, 1200,  , TD, 10.2N, 132.7W,  30, 1007,    0,    0,    0,    0,    0,    0,    0,    0,    0,    0,    0,    0, -999,  21.75,  22.37,  20.99,  20.84,  19.92,  21.90,  19.89,  21.60,  21.35,  20.91,  19.50,  19.59,  18.36,  18.58,  18.99,  18.92,  18.39,  20.21,  18.11,  18.64,  19.52,  19.08,  20.44,  19.66,  20.19,  20.43,  18.81,  19.20,  19.73,  18.89,  18.28
20200624, 1800,  , TD, 10.4N, 133.6W,  30, 1007,    0,    0,    0,    0,    0,    0,    0,    0,    0,    0,    0,    0, -999,  25.93,  24.61,  25.36,  24.45,  24.45,  23.71,  22.98,  22.84,  22.60,  21.97,  20.23,  19.84,  20.04,  19.21,  19.51,  20.16,  18.84,  19.69,  17.95,  18.76,  20.33,  18.80,  19.43,  19.61,  20.39,  20.12,  20.05,  22.02,  21.18,  20.87,  18.94
20200625, 0000,  , TD, 10.5N, 134.4W,  30, 1007,    0,    0,    0,    0,    0,    0,    0,    0,    0,    0,    0,    0, -999,  25.32,  25.30,  23.84,  23.77,  24.70,  23.16,  24.32,  23.48,  23.21,  23.29,  21.10,  22.00,  20.45,  19.40,  21.41,  17.95,  20.91,  19.73,  17.25,  18.70,  18.05,  17.08,  19.26,  17.80,  20.70,  19.71,  20.24,  20.00,  21.42,  20.07,  19.76
20200625, 0600,  , TD, 10.5N, 135.1W,  30, 1007,    0,    0,    0,    0,    0,    0,    0,    0,    0,    0,    0,    0, -999,  24.91,  24.73,  24.31,  22.68,  23.29,  21.51,  24.17,  23.48,  23.52,  23.35,  22.63,  22.55,  21.27,  21.40,  21.36,  19.55,  20.01,  21.14,  18.77,  19.23,  19.21,  17.65,  19.49,  19.08,  19.88,  19.43,  20.75,  21.55,  20.74,  20.55,  20.35
20200625, 1200,  , TD, 10.7N, 135.9W,  30, 1007,    0,    0,    0,    0,    0,    0,    0,    0,    0,    0,    0,    0, -999,  25.49,  25.57,  23.95,  24.29,  24.15,  22.20,  24.32,  22.82,  22.83,  22.71,  21.90,  23.09,  22.38,  21.75,  21.58,  21.34,  21.67,  20.76,  21.82,  19.82,  19.64,  18.83,  20.19,  17.70,  18.64,  20.45,  20.42,  19.88,  20.64,  19.23,  19.34
20200625, 1800,  , TS, 11.0N, 136.8W,  35, 1005,   40,   40,   40,    0,    0,    0,    0,    0,    0,    0,    0,    0, -999,  26.07,  25.78,  25.35,  24.65,  25.48,  24.89,  25.05,  24.08,  24.77,  24.23,  23.32,  22.67,  22.34,  20.88,  21.97,  22.03,  22.58,  22.86,  22.20,  21.15,  20.59,  19.70,  22.18,  20.26,  21.75,  19.12,  19.91,  19.73,  19.20,  19.80,  19.24
20200626, 0000,  , TS, 11.3N, 137.6W,  35, 1005,   40,   40,   40,    0,    0,    0,    0,    0,    0,    0,    0,    0, -999,  26.71,  26.45,  25.77,  27.06,  26.08,  26.51,  26.71,  26.42,  26.22,  25.42,  24.86,  23.81,  22.64,  22.10,  23.06,  23.12,  22.14,  23.30,  20.44,  21.74,  21.09,  20.43,  19.40,  22.23,  20.53,  19.87,  20.78,  21.19,  22.25,  19.38,  20.84
20200626, 0600,  , TD, 11.6N, 138.1W,  30, 1006,    0,    0,    0,    0,    0,    0,    0,    0,    0,    0,    0,    0, -999,  26.72,  26.81,  26.77,  26.32,  26.15,  26.36,  26.01,  26.12,  26.39,  26.10,  26.12,  25.80,  24.74,  24.05,  23.93,  23.87,  22.79,  23.45,  22.38,  21.90,  21.23,  22.04,  20.30,  21.17,  21.48,  19.90,  20.52,  20.14,  21.66,  20.75,  22.50
20200626, 1200,  , TD, 11.9N, 138.5W,  30, 1006,    0,    0,    0,    0,    0,    0,    0,    0,    0,    0,    0,    0, -999,  25.99,  26.01,  25.86,  25.28,  25.60,  25.25,  25.13,  25.28,  25.38,  25.34,  25.85,  25.71,  25.59,  25.56,  25.92,  26.29,  25.62,  24.90,  23.74,  23.06,  22.42,  21.89,  21.02,  21.11,  21.31,  22.22,  22.96,  22.23,  21.31,  21.48,  21.89
20200626, 1800,  , TD, 12.2N, 138.9W,  30, 1006,    0,    0,    0,    0,    0,    0,    0,    0,    0,    0,    0,    0, -999,  26.97,  26.45,  26.40,  25.33,  25.43,  25.52,  25.23,  25.45,  25.20,  24.88,  25.66,  25.75,  25.46,  25.73,  25.66,  25.68,  25.51,  24.84,  23.95,  23.78,  23.66,  23.38,  22.45,  22.46,  22.28,  21.48,  22.06,  22.61,  23.92,  23.35,  23.62
20200627, 0000,  , TD, 12.4N, 139.4W,  30, 1006,    0,    0,    0,    0,    0,    0,    0,    0,    0,    0,    0,    0, -999,  26.83,  26.88,  26.14,  26.57,  26.53,  26.28,  26.56,  26.25,  25.54,  26.41,  26.35,  25.56,  25.72,  25.47,  25.45,  25.03,  24.53,  24.07,  24.29,  24.20,  24.22,  22.63,  23.40,  23.79,  22.77,  23.62,  23.64,  23.13,  24.09,  23.86,  23.37
20200627, 0600,  , TD, 12.4N, 139.9W,  30, 1007,    0,    0,    0,    0,    0,    0,    0,    0,    0,    0,    0,    0, -999,  27.01,  26.96,  26.60,  26.57,  26.06,  26.59,  26.78,  26.56,  26.17,  26.50,  26.62,  26.06,  26.32,  25.78,  25.39,  25.16,  24.71,  24.14,  24.09,  23.90,  24.05,  22.66,  23.05,  22.83,  22.96,  23.75,  23.86,  23.80,  24.87,  24.42,  24.74
20200627, 1200,  , TD, 12.4N, 140.4W,  30, 1007,    0,    0,    0,    0,    0,    0,    0,    0,    0,    0,    0,    0, -999,  26.58,  26.53,  26.14,  26.20,  25.57,  26.16,  26.84,  26.51,  26.35,  26.54,  26.88,  26.55,  26.74,  26.51,  25.76,  25.61,  25.03,  24.47,  24.13,  24.18,  24.27,  23.30,  23.06,  22.49,  22.80,  23.60,  24.11,  24.13,  24.61,  24.39,  24.86
20200627, 1800,  , TD, 12.3N, 141.0W,  30, 1007,    0,    0,    0,    0,    0,    0,    0,    0,    0,    0,    0,    0, -999,  26.51,  26.60,  26.55,  26.46,  25.99,  26.02,  25.83,  25.85,  26.38,  26.30,  26.43,  26.33,  26.65,  26.80,  26.89,  26.94,  26.91,  26.13,  25.80,  25.35,  25.22,  24.39,  24.08,  23.75,  23.45,  23.87,  23.80,  24.03,  23.71,  24.76,  24.09
20200628, 0000,  , LO, 12.2N, 141.7W,  25, 1008,    0,    0,    0,    0,    0,    0,    0,    0,    0,    0,    0,    0, -999,  26.69,  27.09,  27.25,  27.06,  27.21,  26.52,  26.19,  25.80,  25.74,  26.29,  26.68,  26.68,  26.93,  26.70,  26.57,  26.82,  25.43,  25.92,  25.44,  25.52,  25.34,  25.01,  24.92,  24.74,  24.76,  24.18,  24.73,  23.72,  25.05,  24.25,  23.83
20200628, 0600,  , LO, 11.9N, 142.5W,  25, 1008,    0,    0,    0,    0,    0,    0,    0,    0,    0,    0,    0,    0, -999,  26.35,  26.61,  26.95,  27.35,  27.27,  26.90,  27.04,  26.60,  26.52,  26.44,  26.27,  26.72,  26.82,  26.43,  27.02,  26.70,  25.83,  25.50,  24.87,  25.64,  25.30,  25.42,  25.27,  25.03,  25.17,  24.90,  24.85,  24.98,  25.66,  25.12,  24.94
20200628, 1200,  , LO, 11.5N, 143.4W,  25, 1008,    0,    0,    0,    0,    0,    0,    0,    0,    0,    0,    0,    0, -999,  26.72,  26.73,  26.85,  26.98,  26.79,  26.97,  26.88,  26.94,  26.40,  25.75,  25.41,  26.07,  26.45,  26.82,  26.72,  26.44,  25.07,  24.94,  24.15,  25.58,  25.11,  25.55,  25.46,  25.55,  24.84,  24.70,  24.50,  25.50,  25.72,  25.48,  25.36
20200628, 1800,  , LO, 11.2N, 144.4W,  25, 1008,    0,    0,    0,    0,    0,    0,    0,    0,    0,    0,    0,    0, -999,  26.91,  26.82,  26.81,  26.51,  26.54,  26.60,  26.64,  26.62,  26.45,  26.31,  25.99,  26.04,  25.63,  26.02,  26.02,  26.23,  26.62,  26.01,  25.97,  25.98,  26.38,  26.14,  25.62,  26.24,  25.60,  25.82,  25.38,  25.86,  26.00,  25.98,  25.02
20200629, 0000,  , LO, 11.0N, 145.5W,  25, 1008,    0,    0,    0,    0,    0,    0,    0,    0,    0,    0,    0,    0, -999,  26.77,  26.64,  26.15,  26.39,  26.24,  26.19,  26.27,  26.37,  26.02,  26.08,  26.04,  26.40,  26.26,  26.15,  26.65,  26.67,  25.80,  26.16,  25.77,  26.57,  27.01,  26.61,  26.75,  26.77,  26.22,  26.52,  27.23,  26.93,  27.05,  26.15,  26.44
20200629, 0600,  , LO, 10.7N, 146.6W,  25, 1008,    0,    0,    0,    0,    0,    0,    0,    0,    0,    0,    0,    0, -999,  27.08,  26.84,  26.79,  26.29,  26.11,  25.98,  25.76,  25.76,  25.46,  25.45,  24.76,  25.75,  25.86,  26.16,  25.59,  25.66,  25.67,  25.98,  24.86,  25.84,  25.90,  26.00,  25.65,  25.90,  26.33,  26.64,  26.14,  26.94,  26.51,  26.54,  26.93
20200629, 1200,  , LO, 10.3N, 147.8W,  25, 1008,    0,    0,    0,    0,    0,    0,    0,    0,    0,    0,    0,    0, -999,  27.80,  27.52,  27.48,  27.38,  27.21,  27.11,  26.99,  26.54,  26.08,  25.84,  25.58,  26.23,  25.29,  26.11,  25.66,  25.69,  25.43,  25.13,  22.80,  24.62,  22.86,  23.65,  23.41,  24.20,  23.66,  23.45,  22.83,  24.08,  23.92,  24.47,  24.03
20200629, 1800,  , LO,  9.8N, 148.8W,  25, 1008,    0,    0,    0,    0,    0,    0,    0,    0,    0,    0,    0,    0, -999,  27.57,  27.35,  27.45,  27.62,  27.52,  27.40,  27.37,  27.34,  27.32,  27.21,  27.24,  27.34,  27.25,  27.23,  25.90,  26.15,  25.07,  26.14,  25.43,  25.53,  24.71,  24.20,  24.69,  23.86,  23.25,  23.58,  23.45,  23.30,  23.66,  23.71,  23.07
20200630, 0000,  , LO,  9.4N, 149.7W,  25, 1008,    0,    0,    0,    0,    0,    0,    0,    0,    0,    0,    0,    0, -999,  27.29,  27.28,  27.37,  27.01,  27.28,  27.30,  27.42,  27.43,  27.17,  27.29,  26.89,  27.34,  27.11,  27.39,  27.22,  26.30,  25.81,  25.87,  24.71,  25.90,  24.82,  25.35,  24.70,  25.50,  25.14,  23.98,  25.12,  24.98,  25.00,  24.84,  25.97
20200630, 0600,  , LO,  9.0N, 150.6W,  25, 1009,    0,    0,    0,    0,    0,    0,    0,    0,    0,    0,    0,    0, -999,  26.96,  26.46,  27.42,  26.83,  27.63,  27.00,  26.74,  26.94,  27.03,  26.24,  26.75,  27.30,  26.48,  27.01,  26.37,  26.86,  26.46,  26.40,  26.50,  26.07,  26.16,  27.00,  25.24,  26.19,  25.10,  27.32,  25.77,  26.44,  25.06,  24.77,  26.01
