EP042012,             DANIEL,     41,
20120704, 0600,  , TD, 12.1N, 105.3W,  30, 1006,    0,    0,    0,    0,    0,    0,    0,    0,    0,    0,    0,    0, -999,  34.00,  33.93,  33.84,  33.83,  33.80,  34.03,  34.62,  34.45,  34.95,  34.81,  34.56,  34.17,  34.21,  34.08,  34.04,  34.25,  34.41,  34.58,  34.56,  34.60,  34.48,  34.45,  34.64,  34.77,  34.68,  34.83,  34.67,  34.61,  34.51,  34.48,  34.37
20120704, 1200,  , TD, 12.7N, 106.3W,  30, 1006,    0,    0,    0,    0,    0,    0,    0,    0,    0,    0,    0,    0, -999,  33.98,  33.93,  33.78,  33.62,  33.61,  33.73,  33.86,  34.19,  34.09,  34.24,  34.26,  34.11,  34.17,  33.86,  33.82,  33.80,  33.80,  33.73,  33.71,  33.68,  33.79,  34.05,  33.75,  34.29,  33.83,  34.48,  33.69,  34.68,  33.89,  34.66,  34.16
20120704, 1800,  , TD, 13.2N, 107.3W,  30, 1005,    0,    0,    0,    0,    0,    0,    0,    0,    0,    0,    0,    0, -999,  33.76,  33.80,  33.79,  34.36,  33.82,  34.47,  34.55,  34.01,  34.05,  34.68,  34.63,  34.20,  33.97,  33.78,  33.81,  33.80,  33.84,  34.63,  34.01,  33.80,  33.84,  35.11,  33.74,  34.86,  33.91,  35.49,  33.82,  35.26,  34.36,  34.77,  33.82
20120705, 0000,  , TD, 13.6N, 108.1W,  30, 1005,    0,    0,    0,    0,    0,    0,    0,    0,    0,    0,    0,    0, -999,  33.91,  35.29,  35.09,  34.97,  35.23,  35.40,  35.41,  34.96,  34.89,  34.63,  35.30,  34.64,  34.34,  34.13,  33.79,  34.61,  35.43,  34.33,  34.95,  33.86,  35.16,  33.96,  35.22,  33.87,  35.07,  33.83,  35.15,  34.05,  34.71,  33.69,  34.73
20120705, 0600,  , TS, 13.8N, 109.0W,  35, 1004,   30,    0,    0,    0,    0,    0,    0,    0,    0,    0,    0,    0, -999,  34.66,  34.55,  34.76,  34.59,  34.69,  34.68,  34.56,  34.72,  34.72,  34.72,  34.70,  34.46,  34.72,  34.65,  34.67,  34.80,  34.90,  34.68,  34.94,  34.34,  35.20,  34.28,  35.01,  33.91,  34.70,  33.69,  34.57,  33.65,  33.63,  33.61,  33.63
20120705, 1200,  , TS, 14.0N, 110.0W,  40, 1002,   30,    0,    0,    0,    0,    0,    0,    0,    0,    0,    0,    0, -999,  34.41,  34.42,  34.45,  34.46,  34.48,  34.44,  34.48,  34.45,  34.42,  34.43,  34.40,  34.41,  34.42,  34.40,  34.42,  34.45,  34.37,  34.40,  34.53,  34.58,  34.80,  34.73,  34.33,  34.10,  34.82,  34.25,  34.87,  34.59,  34.76,  34.78,  34.72
20120705, 1800,  , TS, 14.1N, 111.2W,  50,  997,   50,   30,   30,   40,   20,    0,    0,    0,    0,    0,    0,    0, -999,  34.16,  34.09,  34.08,  34.07,  34.10,  34.08,  34.05,  34.13,  34.08,  34.11,  34.10,  34.13,  34.12,  34.16,  34.09,  34.10,  34.05,  33.96,  34.21,  33.99,  34.26,  34.00,  34.19,  34.32,  34.65,  34.69,  34.29,  34.28,  34.38,  34.50,  34.42
20120706, 0000,  , TS, 14.3N, 112.6W,  55,  995,   80,   70,   60,   70,   40,   30,   20,   30,    0,    0,    0,    0, -999,  34.08,  34.15,  33.98,  34.05,  34.15,  34.18,  34.18,  34.11,  34.07,  34.04,  34.09,  34.05,  34.10,  34.12,  34.09,  34.04,  34.16,  34.10,  34.20,  34.13,  34.20,  34.23,  34.27,  34.21,  34.23,  34.18,  34.25,  34.30,  34.21,  34.27,  34.19
20120706, 0600,  , TS, 14.4N, 113.5W,  55,  995,   80,   70,   60,   70,   40,   30,   20,   30,    0,    0,    0,    0, -999,  34.02,  33.97,  34.03,  34.03,  34.05,  34.12,  34.18,  34.06,  34.17,  34.03,  33.98,  33.84,  33.84,  33.87,  33.91,  33.97,  33.96,  34.04,  34.06,  34.30,  34.10,  34.23,  34.24,  34.27,  34.26,  34.27,  34.41,  34.32,  34.34,  34.34,  34.33
20120706, 1200,  , TS, 14.4N, 114.5W,  55,  995,   90,   70,   70,   80,   40,   30,   20,   30,    0,    0,    0,    0, -999,  34.20,  34.12,  34.15,  34.11,  34.16,  34.24,  34.28,  34.35,  34.31,  34.31,  34.14,  34.15,  34.15,  34.13,  34.13,  34.12,  34.13,  34.16,  34.20,  34.23,  34.33,  34.27,  34.19,  34.10,  33.95,  34.20,  33.78,  34.16,  33.81,  33.93,  33.84
20120706, 1800,  , TS, 14.4N, 115.5W,  60,  993,   90,   70,   70,   80,   40,   30,   20,   30,    0,    0,    0,    0, -999,  34.22,  34.27,  34.22,  34.27,  34.24,  34.21,  34.16,  34.15,  34.14,  34.15,  34.15,  34.18,  34.07,  34.08,  34.12,  34.01,  34.11,  34.15,  34.13,  34.15,  34.30,  34.27,  34.24,  34.07,  34.21,  34.30,  34.29,  34.23,  34.44,  34.21,  34.42
20120707, 0000,  , HU, 14.4N, 116.5W,  65,  988,   90,   80,   70,   90,   40,   30,   20,   40,   20,    0,    0,   20, -999,  34.37,  34.44,  34.38,  34.29,  34.31,  34.33,  34.35,  34.34,  34.30,  34.30,  34.27,  34.27,  34.24,  34.16,  34.18,  34.10,  34.06,  34.16,  34.14,  34.38,  34.21,  34.28,  34.27,  34.30,  34.30,  34.30,  34.34,  34.30,  34.33,  34.32,  34.32
20120707, 0600,  , HU, 14.5N, 117.5W,  70,  984,   90,   90,   70,   90,   40,   30,   20,   40,   20,    0,    0,   20, -999,  34.44,  34.42,  34.39,  34.37,  34.37,  34.39,  34.41,  34.40,  34.38,  34.33,  34.34,  34.34,  34.34,  34.27,  34.33,  34.36,  34.33,  34.31,  34.34,  34.32,  34.24,  34.36,  34.30,  34.26,  34.27,  34.26,  34.28,  34.20,  34.16,  34.16,  34.17
20120707, 1200,  , HU, 14.6N, 118.6W,  75,  980,   90,   90,   70,   90,   40,   30,   20,   40,   20,   15,    0,   20, -999,  34.41,  34.41,  34.42,  34.43,  34.45,  34.45,  34.41,  34.38,  34.36,  34.37,  34.40,  34.36,  34.30,  34.27,  34.25,  34.21,  34.30,  34.25,  34.22,  34.09,  34.16,  34.72,  34.42,  34.46,  34.50,  34.50,  34.55,  34.31,  34.42,  34.33,  34.40
20120707, 1800,  , HU, 14.7N, 119.6W,  80,  977,   90,   90,   70,   90,   40,   30,   20,   40,   20,   15,   10,   20, -999,  34.48,  34.26,  34.24,  34.60,  34.77,  34.72,  34.89,  34.71,  34.36,  34.33,  34.02,  34.18,  34.29,  34.42,  34.42,  34.68,  34.70,  34.67,  34.26,  34.25,  34.30,  34.33,  34.19,  34.56,  34.48,  34.40,  34.35,  34.12,  34.10,  34.08,  34.14
20120708, 0000,  , HU, 14.8N, 120.7W,  90,  968,  100,   90,   70,   90,   40,   30,   30,   40,   25,   20,   15,   25, -999,  34.32,  34.24,  34.11,  34.21,  34.29,  34.31,  34.32,  34.54,  34.48,  34.52,  34.51,  34.44,  34.58,  34.56,  34.66,  34.70,  34.86,  34.50,  34.16,  34.20,  34.22,  34.36,  34.19,  34.17,  34.43,  34.68,  34.44,  34.41,  34.46,  34.50,  34.25
20120708, 0600,  , HU, 14.9N, 121.7W, 100,  961,  110,   90,   60,   90,   30,   30,   20,   30,   15,   15,   10,   15, -999,  34.51,  34.48,  34.50,  34.50,  34.38,  34.03,  34.40,  34.17,  34.24,  34.42,  34.43,  34.39,  34.36,  34.34,  34.30,  34.23,  34.18,  34.34,  34.19,  34.25,  34.20,  34.36,  34.30,  34.27,  34.35,  34.36,  34.33,  34.35,  34.33,  34.36,  34.36
20120708, 1200,  , HU, 15.0N, 123.1W,  90,  968,  110,   90,   60,   90,   30,   30,   20,   30,   15,   15,   10,   15, -999,  33.94,  33.97,  34.07,  34.08,  34.24,  34.33,  34.34,  34.42,  34.40,  34.28,  34.24,  34.21,  34.30,  34.30,  34.28,  34.36,  34.30,  34.30,  34.26,  34.35,  34.31,  34.36,  34.34,  34.36,  34.35,  34.32,  34.35,  34.29,  34.32,  34.31,  34.30
20120708, 1800,  , HU, 15.1N, 124.4W,  90,  970,  110,   90,   60,   90,   30,   30,   20,   30,   15,   15,   10,   15, -999,  34.32,  34.30,  34.35,  34.42,  34.37,  34.36,  34.37,  34.33,  34.43,  34.51,  34.46,  34.41,  34.46,  34.45,  34.48,  34.57,  34.50,  34.38,  34.40,  34.52,  34.33,  34.35,  34.52,  34.48,  34.47,  34.48,  34.50,  34.48,  34.47,  34.53,  34.51
20120709, 0000,  , HU, 15.2N, 125.7W,  85,  973,  110,   80,   60,   90,   30,   30,   20,   30,   15,   15,   10,   15, -999,  34.58,  34.55,  34.52,  34.58,  34.53,  34.47,  34.50,  34.40,  34.43,  34.41,  34.39,  34.39,  34.40,  34.37,  34.40,  34.41,  34.52,  34.63,  34.66,  34.64,  34.65,  34.54,  34.49,  34.64,  34.49,  34.50,  34.41,  34.25,  34.36,  34.40,  34.39
20120709, 0600,  , HU, 15.3N, 127.0W,  80,  977,  100,   80,   60,   90,   30,   30,   20,   30,   15,   15,   10,   15, -999,  34.72,  34.70,  34.78,  34.81,  34.82,  34.80,  34.78,  34.75,  34.73,  34.76,  34.72,  34.73,  34.74,  34.79,  34.78,  34.82,  34.76,  34.86,  34.71,  34.74,  34.74,  34.50,  34.48,  34.54,  34.45,  34.49,  34.45,  34.42,  34.42,  34.38,  34.41
20120709, 1200,  , HU, 15.3N, 128.4W,  75,  984,  100,   70,   60,   90,   40,   30,   20,   40,   20,   20,    0,   20, -999,  34.44,  34.47,  34.52,  34.52,  34.46,  34.44,  34.45,  34.45,  34.44,  34.41,  34.32,  34.35,  34.36,  34.35,  34.35,  34.32,  34.34,  34.40,  34.31,  34.45,  34.36,  34.34,  34.41,  34.39,  34.38,  34.40,  34.41,  34.43,  34.38,  34.42,  34.40
20120709, 1800,  , HU, 15.4N, 129.9W,  70,  988,   90,   60,   60,   90,   40,   30,   30,   40,   20,    0,    0,   20, -999,  34.62,  34.61,  34.62,  34.62,  34.60,  34.63,  34.63,  34.64,  34.63,  34.64,  34.64,  34.61,  34.61,  34.61,  34.61,  34.58,  34.57,  34.55,  34.54,  34.56,  34.52,  34.53,  34.54,  34.48,  34.56,  34.50,  34.54,  34.47,  34.58,  34.44,  34.64
20120710, 0000,  , HU, 15.4N, 131.5W,  65,  992,   90,   60,   60,   90,   40,   30,   30,   40,   20,    0,    0,   20, -999,  34.56,  34.56,  34.56,  34.56,  34.57,  34.55,  34.57,  34.54,  34.65,  34.65,  34.62,  34.59,  34.62,  34.62,  34.62,  34.65,  34.59,  34.70,  34.69,  34.68,  34.74,  34.73,  34.78,  34.77,  34.79,  34.80,  34.78,  34.79,  34.73,  34.69,  34.72
20120710, 0600,  , TS, 15.4N, 133.0W,  60,  994,   90,   60,   60,   90,   40,   30,   30,   40,    0,    0,    0,    0, -999,  34.63,  34.62,  34.62,  34.61,  34.60,  34.60,  34.57,  34.58,  34.65,  34.66,  34.64,  34.66,  34.64,  34.62,  34.63,  34.61,  34.45,  34.61,  34.54,  34.61,  34.55,  34.45,  34.55,  34.54,  34.56,  34.61,  34.70,  34.78,  34.72,  34.85,  34.86
20120710, 1200,  , TS, 15.3N, 134.3W,  55,  996,   80,   50,   50,   80,   30,   10,   10,   30,    0,    0,    0,    0, -999,  34.79,  34.78,  34.75,  34.79,  34.80,  34.84,  34.83,  34.81,  34.80,  34.84,  34.82,  34.84,  34.82,  34.81,  34.81,  34.80,  34.77,  34.79,  34.77,  34.76,  34.70,  34.61,  34.62,  34.57,  34.52,  34.54,  34.58,  34.59,  34.68,  34.72,  34.83
20120710, 1800,  , TS, 15.3N, 135.9W,  50, 1000,   80,   50,   50,   80,   30,   10,   10,   30,    0,    0,    0,    0, -999,  34.81,  34.79,  34.79,  34.80,  34.84,  34.87,  34.86,  34.86,  34.86,  34.85,  34.83,  34.82,  34.78,  34.75,  34.73,  34.73,  34.71,  34.67,  34.65,  34.58,  34.51,  34.53,  34.50,  34.49,  34.54,  34.49,  34.52,  34.60,  34.61,  34.64,  34.63
20120711, 0000,  , TS, 15.4N, 137.5W,  45, 1003,   60,   30,   30,   60,    0,    0,    0,    0,    0,    0,    0,    0, -999,  34.74,  34.74,  34.75,  34.79,  34.86,  34.89,  34.89,  34.90,  34.90,  34.90,  34.88,  34.83,  34.81,  34.82,  34.84,  34.84,  34.82,  34.81,  34.85,  34.84,  34.85,  34.81,  34.79,  34.77,  34.77,  34.80,  34.81,  34.75,  34.70,  34.70,  34.72
20120711, 0600,  , TS, 15.4N, 139.0W,  40, 1005,   50,   20,   30,   50,    0,    0,    0,    0,    0,    0,    0,    0, -999,  34.80,  34.78,  34.77,  34.77,  34.75,  34.74,  34.74,  34.75,  34.75,  34.76,  34.77,  34.76,  34.74,  34.76,  34.82,  34.85,  34.84,  34.83,  34.81,  34.81,  34.80,  34.80,  34.81,  34.81,  34.81,  34.78,  34.78,  34.74,  34.72,  34.72,  34.69
20120711, 1200,  , TS, 15.4N, 140.4W,  35, 1006,   50,   20,   30,   50,    0,    0,    0,    0,    0,    0,    0,    0, -999,  34.74,  34.74,  34.75,  34.76,  34.76,  34.75,  34.75,  34.74,  34.74,  34.74,  34.74,  34.74,  34.73,  34.72,  34.71,  34.72,  34.71,  34.69,  34.68,  34.70,  34.69,  34.69,  34.72,  34.74,  34.74,  34.74,  34.74,  34.75,  34.73,  34.73,  34.71
20120711, 1800,  , TD, 15.4N, 141.5W,  30, 1007,    0,    0,    0,    0,    0,    0,    0,    0,    0,    0,    0,    0, -999,  34.75,  34.75,  34.75,  34.75,  34.73,  34.73,  34.72,  34.72,  34.72,  34.73,  34.75,  34.77,  34.77,  34.76,  34.75,  34.74,  34.73,  34.71,  34.70,  34.69,  34.69,  34.69,  34.69,  34.68,  34.68,  34.69,  34.69,  34.69,  34.67,  34.64,  34.65
20120712, 0000,  , TD, 15.5N, 143.0W,  30, 1007,    0,    0,    0,    0,    0,    0,    0,    0,    0,    0,    0,    0, -999,  34.70,  34.71,  34.72,  34.71,  34.71,  34.73,  34.76,  34.76,  34.73,  34.72,  34.71,  34.71,  34.71,  34.72,  34.73,  34.73,  34.74,  34.74,  34.73,  34.73,  34.73,  34.73,  34.73,  34.73,  34.72,  34.72,  34.73,  34.73,  34.73,  34.74,  34.74
20120712, 0600,  , TD, 15.5N, 144.4W,  25, 1007,    0,    0,    0,    0,    0,    0,    0,    0,    0,    0,    0,    0, -999,  34.70,  34.71,  34.73,  34.74,  34.75,  34.76,  34.78,  34.78,  34.78,  34.78,  34.77,  34.77,  34.76,  34.75,  34.75,  34.75,  34.74,  34.73,  34.73,  34.73,  34.73,  34.71,  34.71,  34.69,  34.69,  34.75,  34.80,  34.80,  34.79,  34.78,  34.78
20120712, 1200,  , LO, 15.5N, 145.7W,  25, 1008,    0,    0,    0,    0,    0,    0,    0,    0,    0,    0,    0,    0, -999,  34.63,  34.64,  34.66,  34.66,  34.67,  34.67,  34.68,  34.69,  34.72,  34.74,  34.76,  34.80,  34.82,  34.80,  34.78,  34.75,  34.73,  34.72,  34.73,  34.73,  34.73,  34.72,  34.73,  34.73,  34.72,  34.73,  34.73,  34.72,  34.72,  34.71,  34.70
20120712, 1800,  , LO, 15.6N, 147.1W,  25, 1008,    0,    0,    0,    0,    0,    0,    0,    0,    0,    0,    0,    0, -999,  34.67,  34.70,  34.72,  34.73,  34.73,  34.73,  34.72,  34.71,  34.73,  34.74,  34.73,  34.73,  34.73,  34.74,  34.74,  34.74,  34.73,  34.73,  34.73,  34.74,  34.74,  34.75,  34.75,  34.75,  34.75,  34.76,  34.75,  34.74,  34.73,  34.74,  34.76
20120713, 0000,  , LO, 15.6N, 148.3W,  25, 1008,    0,    0,    0,    0,    0,    0,    0,    0,    0,    0,    0,    0, -999,  34.84,  34.87,  34.85,  34.80,  34.77,  34.78,  34.71,  34.72,  34.72,  34.76,  34.75,  34.74,  34.75,  34.75,  34.76,  34.75,  34.75,  34.75,  34.75,  34.74,  34.74,  34.74,  34.76,  34.76,  34.76,  34.75,  34.75,  34.74,  34.73,  34.73,  34.74
20120713, 0600,  , LO, 15.5N, 150.0W,  25, 1008,    0,    0,    0,    0,    0,    0,    0,    0,    0,    0,    0,    0, -999,  34.87,  34.86,  34.85,  34.79,  34.69,  34.76,  34.96,  34.87,  34.84,  34.83,  34.80,  34.79,  34.80,  34.83,  34.84,  34.86,  34.85,  34.84,  34.85,  34.85,  34.86,  34.86,  34.86,  34.84,  34.82,  34.81,  34.81,  34.83,  34.84,  34.87,  34.87
20120713, 1200,  , LO, 15.2N, 151.6W,  25, 1008,    0,    0,    0,    0,    0,    0,    0,    0,    0,    0,    0,    0, -999,  34.93,  34.96,  34.99,  35.01,  35.03,  35.04,  35.04,  35.02,  34.94,  34.93,  34.91,  34.90,  34.90,  34.90,  34.91,  34.93,  34.96,  34.95,  34.91,  34.88,  34.88,  34.86,  34.85,  34.83,  34.89,  34.89,  34.88,  34.88,  34.88,  34.87,  34.86
20120713, 1800,  , LO, 15.0N, 153.5W,  25, 1008,    0,    0,    0,    0,    0,    0,    0,    0,    0,    0,    0,    0, -999,  34.87,  34.82,  34.80,  34.78,  34.79,  34.82,  34.86,  34.92,  34.98,  35.02,  34.98,  34.96,  35.00,  35.04,  35.09,  35.11,  35.12,  35.13,  35.14,  35.14,  35.17,  35.18,  35.17,  35.16,  35.16,  35.17,  35.17,  35.19,  35.18,  35.19,  35.17
20120714, 0000,  , LO, 15.0N, 155.3W,  25, 1009,    0,    0,    0,    0,    0,    0,    0,    0,    0,    0,    0,    0, -999,  34.55,  34.55,  34.56,  34.58,  34.59,  34.61,  34.62,  34.63,  34.66,  34.66,  34.66,  34.65,  34.64,  34.64,  34.64,  34.65,  34.66,  34.66,  34.67,  34.69,  34.70,  34.73,  34.74,  34.77,  34.78,  34.79,  34.80,  34.80,  34.81,  34.81,  34.82
20120714, 0600,  , LO, 15.0N, 157.2W,  25, 1009,    0,    0,    0,    0,    0,    0,    0,    0,    0,    0,    0,    0, -999,  34.71,  34.68,  34.67,  34.67,  34.71,  34.75,  34.77,  34.79,  34.82,  34.82,  34.83,  34.85,  34.85,  34.84,  34.84,  34.82,  34.84,  34.82,  34.82,  34.84,  34.85,  34.86,  34.86,  34.84,  34.83,  34.84,  34.86,  34.87,  34.87,  34.87,  34.86
