EP042001,              ERICK,     14,
20010720, 1800,  , TD, 13.9N, 117.4W,  30, 1007, -999, -999, -999, -999, -999, -999, -999, -999, -999, -999, -999, -999, -999,  34.77,  34.63,  34.41,  34.52,  34.38,  34.49,  34.41,  34.34,  34.27,  34.19,  34.21,  34.33,  34.44,  34.39,  34.26,  34.22,  34.20,  34.19,  34.10,  34.16,  34.08,  34.37,  34.36,  34.38,  34.41,  34.39,  34.39,  34.41,  34.40,  34.35,  34.24
20010721, 0000,  , TD, 14.3N, 118.1W,  30, 1007, -999, -999, -999, -999, -999, -999, -999, -999, -999, -999, -999, -999, -999,  34.18,  34.16,  34.08,  34.08,  34.11,  34.27,  34.43,  34.40,  34.32,  34.27,  34.19,  34.24,  34.28,  34.30,  34.30,  34.27,  34.14,  34.11,  34.10,  34.07,  34.09,  34.08,  34.09,  34.16,  34.16,  34.20,  34.19,  34.20,  34.27,  34.22,  34.23
20010721, 0600,  , TD, 14.9N, 118.8W,  30, 1007, -999, -999, -999, -999, -999, -999, -999, -999, -999, -999, -999, -999, -999,  34.14,  34.14,  34.16,  34.17,  34.15,  34.16,  34.18,  34.27,  34.23,  34.25,  34.22,  34.31,  34.36,  34.18,  34.05,  34.05,  34.46,  34.31,  34.30,  34.22,  34.23,  34.22,  34.29,  34.29,  34.31,  34.28,  34.26,  34.22,  34.24,  34.24,  34.17
20010721, 1200,  , TD, 15.5N, 119.6W,  30, 1007, -999, -999, -999, -999, -999, -999, -999, -999, -999, -999, -999, -999, -999,  34.30,  34.28,  34.30,  34.36,  34.44,  34.43,  34.43,  34.46,  34.48,  34.57,  34.76,  34.75,  34.90,  35.16,  35.25,  35.06,  34.70,  34.69,  34.74,  34.74,  34.63,  34.60,  34.53,  34.45,  34.35,  34.34,  34.30,  34.29,  34.23,  34.19,  34.22
20010721, 1800,  , TS, 16.2N, 120.4W,  35, 1005, -999, -999, -999, -999, -999, -999, -999, -999, -999, -999, -999, -999, -999,  34.46,  34.52,  34.52,  34.53,  34.69,  34.78,  34.79,  34.72,  34.61,  34.54,  34.52,  34.95,  35.06,  34.87,  34.61,  34.53,  34.43,  34.46,  34.45,  34.42,  34.46,  34.63,  34.57,  34.68,  34.68,  34.60,  34.59,  34.53,  34.57,  34.52,  34.44
20010722, 0000,  , TS, 17.0N, 121.5W,  35, 1005, -999, -999, -999, -999, -999, -999, -999, -999, -999, -999, -999, -999, -999,  34.43,  34.40,  34.35,  34.32,  34.37,  34.32,  34.31,  34.27,  34.25,  34.25,  34.30,  34.33,  34.38,  34.45,  34.49,  34.51,  34.59,  34.61,  34.57,  34.47,  34.37,  34.30,  34.38,  34.31,  34.16,  34.11,  34.07,  34.12,  34.20,  34.18,  34.22
20010722, 0600,  , TS, 17.7N, 122.3W,  35, 1005, -999, -999, -999, -999, -999, -999, -999, -999, -999, -999, -999, -999, -999,  34.42,  34.40,  34.35,  34.35,  34.39,  34.40,  34.38,  34.38,  34.39,  34.39,  34.37,  34.36,  34.40,  34.42,  34.42,  34.42,  34.44,  34.42,  34.42,  34.41,  34.37,  34.31,  34.29,  34.22,  34.17,  34.14,  34.11,  34.09,  34.11,  34.16,  34.18
20010722, 1200,  , TS, 18.5N, 123.3W,  35, 1001, -999, -999, -999, -999, -999, -999, -999, -999, -999, -999, -999, -999, -999,  34.44,  34.45,  34.46,  34.47,  34.47,  34.45,  34.42,  34.41,  34.38,  34.38,  34.39,  34.41,  34.40,  34.42,  34.42,  34.44,  34.45,  34.43,  34.49,  34.45,  34.43,  34.49,  34.51,  34.52,  34.49,  34.37,  34.33,  34.33,  34.35,  34.44,  34.45
20010722, 1800,  , TS, 19.2N, 124.5W,  35, 1002, -999, -999, -999, -999, -999, -999, -999, -999, -999, -999, -999, -999, -999,  34.18,  34.18,  34.17,  34.16,  34.13,  34.12,  34.16,  34.15,  34.16,  34.16,  34.18,  34.19,  34.17,  34.18,  34.20,  34.22,  34.24,  34.25,  34.19,  34.17,  34.24,  34.34,  34.43,  34.39,  34.28,  34.31,  34.34,  34.31,  34.23,  34.17,  34.20
20010723, 0000,  , TS, 19.6N, 125.6W,  35, 1002, -999, -999, -999, -999, -999, -999, -999, -999, -999, -999, -999, -999, -999,  34.26,  34.23,  34.23,  34.20,  34.13,  34.07,  34.03,  34.01,  34.01,  34.04,  34.09,  34.09,  34.09,  34.14,  34.16,  34.16,  34.13,  34.09,  34.12,  34.11,  34.03,  34.02,  34.05,  34.05,  34.05,  34.05,  34.07,  34.07,  34.11,  34.11,  34.06
20010723, 0600,  , TS, 20.0N, 126.5W,  35, 1003, -999, -999, -999, -999, -999, -999, -999, -999, -999, -999, -999, -999, -999,  34.15,  34.14,  34.11,  34.12,  34.13,  34.12,  34.14,  34.13,  34.17,  34.19,  34.21,  34.18,  34.19,  34.21,  34.21,  34.19,  34.16,  34.15,  34.14,  34.13,  34.03,  34.05,  34.14,  34.09,  34.06,  34.05,  34.02,  34.07,  34.09,  34.10,  34.10
20010723, 1200,  , TD, 20.4N, 127.4W,  30, 1005, -999, -999, -999, -999, -999, -999, -999, -999, -999, -999, -999, -999, -999,  34.30,  34.32,  34.36,  34.40,  34.37,  34.39,  34.41,  34.41,  34.42,  34.43,  34.46,  34.46,  34.45,  34.43,  34.43,  34.44,  34.47,  34.47,  34.48,  34.46,  34.42,  34.40,  34.50,  34.48,  34.39,  34.40,  34.42,  34.34,  34.31,  34.39,  34.43
20010723, 1800,  , TD, 20.8N, 128.0W,  30, 1006, -999, -999, -999, -999, -999, -999, -999, -999, -999, -999, -999, -999, -999,  34.27,  34.27,  34.26,  34.25,  34.32,  34.39,  34.44,  34.46,  34.45,  34.41,  34.41,  34.42,  34.45,  34.46,  34.46,  34.47,  34.44,  34.41,  34.38,  34.39,  34.38,  34.40,  34.42,  34.42,  34.38,  34.40,  34.40,  34.36,  34.34,  34.35,  34.37
20010724, 0000,  , TD, 21.1N, 128.6W,  25, 1008, -999, -999, -999, -999, -999, -999, -999, -999, -999, -999, -999, -999, -999,  34.21,  34.21,  34.22,  34.23,  34.25,  34.27,  34.27,  34.28,  34.26,  34.29,  34.31,  34.35,  34.38,  34.39,  34.39,  34.32,  34.27,  34.23,  34.21,  34.21,  34.23,  34.25,  34.29,  34.33,  34.30,  34.31,  34.33,  34.33,  34.33,  34.39,  34.39
