EP041996,              BORIS,     19,
19960627, 0000,  , TD, 12.7N,  94.4W,  25, 1010, -999, -999, -999, -999, -999, -999, -999, -999, -999, -999, -999, -999, -999,  34.08,  34.05,  33.98,  34.00,  34.04,  34.05,  34.08,  34.07,  34.09,  34.10,  34.16,  34.13,  34.21,  34.30,  34.34,  34.39,  34.26,  34.11,  34.06,  34.27,  34.23,  34.21,  34.15,  34.08,  34.15,  34.27,  34.26,  34.26,  34.41,  34.35,  34.61
19960627, 0600,  , TD, 12.8N,  95.0W,  25, 1010, -999, -999, -999, -999, -999, -999, -999, -999, -999, -999, -999, -999, -999,  34.09,  34.07,  34.09,  34.14,  34.12,  34.13,  34.13,  34.27,  34.27,  34.73,  34.39,  34.49,  34.35,  34.28,  34.16,  34.21,  34.09,  34.05,  34.06,  34.28,  34.29,  34.32,  34.14,  34.14,  34.06,  34.02,  34.05,  34.09,  34.11,  34.09,  34.24
19960627, 1200,  , TD, 12.8N,  95.5W,  25, 1009, -999, -999, -999, -999, -999, -999, -999, -999, -999, -999, -999, -999, -999,  34.16,  34.18,  34.22,  34.20,  34.17,  34.15,  34.05,  34.24,  34.42,  34.38,  34.25,  34.34,  34.25,  34.26,  34.30,  34.32,  34.29,  34.31,  34.30,  34.53,  34.47,  34.50,  34.30,  34.26,  34.18,  34.05,  34.08,  33.98,  34.08,  34.06,  34.18
19960627, 1800,  , TD, 12.7N,  96.1W,  25, 1009, -999, -999, -999, -999, -999, -999, -999, -999, -999, -999, -999, -999, -999,  34.25,  34.24,  34.23,  34.22,  34.20,  34.19,  34.06,  33.97,  34.10,  34.17,  34.31,  34.32,  34.43,  34.48,  34.58,  34.52,  34.43,  34.44,  34.33,  34.34,  34.28,  34.31,  34.26,  34.21,  34.18,  34.11,  34.10,  34.17,  34.31,  34.27,  34.34
19960628, 0000,  , TD, 13.0N,  96.9W,  25, 1008, -999, -999, -999, -999, -999, -999, -999, -999, -999, -999, -999, -999, -999,  34.32,  34.32,  34.33,  34.34,  34.33,  34.19,  34.11,  34.16,  34.25,  34.25,  34.18,  34.18,  34.07,  34.19,  34.18,  34.15,  34.25,  34.21,  34.32,  34.10,  34.37,  34.20,  34.32,  34.19,  34.23,  34.20,  34.41,  34.67,  34.66,  34.63,  34.58
19960628, 0600,  , TD, 13.5N,  97.7W,  30, 1007, -999, -999, -999, -999, -999, -999, -999, -999, -999, -999, -999, -999, -999,  34.23,  34.24,  34.29,  34.25,  34.25,  34.16,  34.18,  34.10,  34.14,  34.14,  34.07,  34.06,  34.16,  34.18,  34.15,  34.14,  34.27,  34.18,  34.21,  34.29,  34.32,  34.35,  34.40,  34.39,  34.42,  34.41,  34.53,  34.61,  34.60,  34.61,  34.63
19960628, 1200,  , TS, 14.0N,  98.4W,  35, 1006, -999, -999, -999, -999, -999, -999, -999, -999, -999, -999, -999, -999, -999,  34.96,  34.97,  34.95,  34.85,  34.66,  34.46,  34.29,  34.20,  34.14,  34.22,  34.22,  34.21,  33.98,  34.00,  33.97,  33.97,  34.25,  34.34,  34.47,  34.35,  34.43,  34.34,  34.22,  34.08,  34.19,  34.11,  34.20,  34.27,  34.19,  34.29,  34.31
19960628, 1800,  , TS, 14.6N,  99.0W,  40, 1002, -999, -999, -999, -999, -999, -999, -999, -999, -999, -999, -999, -999, -999,  34.81,  34.78,  34.78,  34.78,  34.72,  34.68,  34.66,  34.66,  34.65,  34.76,  34.75,  34.67,  34.44,  34.45,  34.26,  34.07,  34.00,  34.11,  34.22,  33.89,  34.09,  33.88,  34.05,  33.94,  34.14,  34.27,  34.15,  34.34,  34.15,  34.31,  34.24
19960629, 0000,  , TS, 15.2N,  99.6W,  55,  995, -999, -999, -999, -999, -999, -999, -999, -999, -999, -999, -999, -999, -999,  34.39,  34.35,  34.34,  34.31,  34.28,  34.26,  34.26,  34.26,  34.24,  34.22,  34.57,  34.56,  34.69,  34.68,  34.56,  34.28,  34.52,  34.56,  34.38,  34.45,  34.35,  34.29,  34.26,  34.07,  34.20,  34.16,  34.17,  34.17,  34.07,  33.96,  33.94
19960629, 0600,  , HU, 15.9N, 100.2W,  65,  987, -999, -999, -999, -999, -999, -999, -999, -999, -999, -999, -999, -999, -999,  34.37,  34.36,  34.33,  34.31,  34.24,  34.19,  34.20,  34.11,  34.12,  34.01,  34.06,  34.14,  34.26,  34.18,  34.14,  34.12,  34.27,  34.30,  34.23,  34.13,  34.23,  34.21,  34.33,  34.32,  34.34,  34.29,  34.33,  34.21,  34.16,  33.91,  33.87
19960629, 1200,  , HU, 16.6N, 100.8W,  80,  979, -999, -999, -999, -999, -999, -999, -999, -999, -999, -999, -999, -999, -999,  34.31,  34.33,  34.33,  34.34,  34.32,  34.28,  34.24,  34.24,  34.30,  34.37,  34.39,  34.31,  34.54,  34.79,  34.95,  34.96,  34.36,  34.53,  34.43,  34.50,  34.29,  34.13,  34.18,  34.18,  34.18,  34.23,  34.19,  34.19,  34.09,  34.08,  34.13
19960629, 1800, L, HU, 17.6N, 101.5W,  80,  980, -999, -999, -999, -999, -999, -999, -999, -999, -999, -999, -999, -999, -999,  34.53,  34.54,  34.55,  34.56,  34.53,  34.56,  34.49,  34.50,  34.37,  34.35,  34.28,  34.49,  34.51,  34.47,  34.45,  34.43,  34.48,  34.13,  34.11,  34.13,  34.46,  34.44,  34.50,  34.51,  34.52,  34.53,  34.52,  34.54,  34.55,  34.48,  34.44
19960630, 0000,  , HU, 18.7N, 102.2W,  65,  990, -999, -999, -999, -999, -999, -999, -999, -999, -999, -999, -999, -999, -999,    nan,    nan,    nan,    nan,    nan,    nan,    nan,    nan,    nan,    nan,    nan,    nan,    nan,    nan,    nan,    nan,    nan,    nan,    nan,    nan,    nan,    nan,    nan,    nan,    nan,    nan,    nan,    nan,    nan,    nan,    nan
19960630, 0600,  , TS, 19.5N, 102.9W,  45, 1000, -999, -999, -999, -999, -999, -999, -999, -999, -999, -999, -999, -999, -999,    nan,    nan,    nan,    nan,    nan,    nan,    nan,    nan,    nan,    nan,    nan,    nan,    nan,    nan,    nan,    nan,    nan,    nan,    nan,    nan,    nan,    nan,    nan,    nan,    nan,    nan,    nan,    nan,    nan,    nan,    nan
19960630, 1200,  , TD, 19.8N, 103.7W,  30, 1004, -999, -999, -999, -999, -999, -999, -999, -999, -999, -999, -999, -999, -999,    nan,    nan,    nan,    nan,    nan,    nan,    nan,    nan,    nan,    nan,    nan,    nan,    nan,    nan,    nan,    nan,    nan,    nan,    nan,    nan,    nan,    nan,    nan,    nan,    nan,    nan,    nan,    nan,    nan,    nan,    nan
19960630, 1800,  , TD, 19.5N, 104.5W,  30, 1005, -999, -999, -999, -999, -999, -999, -999, -999, -999, -999, -999, -999, -999,    nan,    nan,    nan,    nan,    nan,    nan,    nan,    nan,    nan,    nan,    nan,    nan,    nan,    nan,    nan,    nan,    nan,    nan,    nan,    nan,    nan,    nan,    nan,    nan,    nan,    nan,    nan,    nan,    nan,    nan,    nan
19960701, 0000,  , TD, 19.0N, 105.1W,  25, 1006, -999, -999, -999, -999, -999, -999, -999, -999, -999, -999, -999, -999, -999,  34.30,  34.27,  34.29,  34.30,  34.43,  34.44,  34.43,  34.48,  34.59,  34.78,  34.75,  34.75,  34.66,  34.56,  34.52,  34.52,  34.54,  34.39,  34.40,  34.38,  34.33,  34.31,  34.30,  34.36,  34.46,  34.52,  34.64,  34.65,  34.69,  34.86,  34.76
19960701, 0600,  , TD, 18.8N, 105.4W,  25, 1007, -999, -999, -999, -999, -999, -999, -999, -999, -999, -999, -999, -999, -999,  34.31,  34.25,  34.25,  34.29,  34.37,  34.32,  34.31,  34.38,  34.56,  34.55,  34.72,  34.76,  34.65,  34.56,  34.47,  34.46,  34.45,  34.42,  34.36,  34.29,  34.22,  34.19,  34.20,  34.20,  34.22,  34.24,  34.26,  34.28,  34.37,  34.29,  34.26
19960701, 1200,  , TD, 19.0N, 105.6W,  25, 1007, -999, -999, -999, -999, -999, -999, -999, -999, -999, -999, -999, -999, -999,  34.25,  34.25,  34.27,  34.28,  34.28,  34.27,  34.26,  34.40,  34.52,  34.64,  34.61,  34.65,  34.56,  34.54,  34.50,  34.50,  34.50,  34.55,  34.54,  34.51,  34.42,  34.29,  34.25,  34.19,  34.21,  34.23,  34.20,  34.10,  34.12,  34.20,  34.26
