EP052019,             DALILA,     18,
20190722, 0600,  , TD, 14.7N, 116.2W,  30, 1006,    0,    0,    0,    0,    0,    0,    0,    0,    0,    0,    0,    0, -999,  21.79,  21.10,  21.71,  21.42,  20.62,  20.94,  20.86,  20.83,  19.53,  19.23,  19.39,  19.73,  19.44,  19.87,  20.32,  20.59,  19.73,  19.57,  20.48,  20.61,  20.09,  19.64,  19.80,  19.96,  19.73,  18.82,  18.78,  18.07,  18.30,  18.05,  18.15
20190722, 1200,  , TD, 15.6N, 116.3W,  30, 1006,    0,    0,    0,    0,    0,    0,    0,    0,    0,    0,    0,    0, -999,  19.14,  19.32,  19.31,  19.39,  19.18,  19.32,  19.37,  19.39,  19.39,  18.97,  18.79,  18.61,  18.30,  18.77,  18.56,  18.28,  18.50,  17.70,  17.64,  17.70,  17.71,  17.90,  18.40,  18.25,  19.15,  18.78,  19.14,  18.53,  18.97,  18.29,  18.95
20190722, 1800,  , TD, 16.5N, 116.5W,  30, 1006,    0,    0,    0,    0,    0,    0,    0,    0,    0,    0,    0,    0, -999,  18.23,  18.24,  17.72,  18.50,  18.19,  18.52,  18.12,  18.02,  17.34,  17.26,  16.83,  17.50,  17.46,  16.70,  16.24,  16.35,  16.98,  16.79,  16.61,  16.76,  16.96,  17.71,  17.71,  18.15,  18.23,  18.09,  18.07,  18.80,  19.08,  19.84,  19.19
20190723, 0000,  , TD, 17.2N, 116.8W,  30, 1006,    0,    0,    0,    0,    0,    0,    0,    0,    0,    0,    0,    0, -999,  19.97,  18.99,  19.88,  18.98,  18.98,  18.98,  18.88,  18.89,  19.36,  18.93,  19.25,  19.19,  18.52,  17.92,  17.46,  17.67,  17.77,  17.48,  17.15,  16.70,  16.72,  17.07,  16.38,  16.46,  16.48,  16.63,  17.22,  17.21,  17.15,  17.15,  17.04
20190723, 0600,  , TS, 17.8N, 117.1W,  35, 1005,    0,   80,   80,    0,    0,    0,    0,    0,    0,    0,    0,    0, -999,  20.77,  20.90,  21.28,  19.98,  19.64,  19.61,  19.32,  19.11,  19.01,  18.95,  19.33,  18.94,  18.31,  18.11,  18.54,  18.41,  18.39,  18.34,  18.52,  17.33,  17.48,  17.92,  17.26,  17.34,  17.25,  18.07,  18.52,  18.54,  18.80,  18.93,  18.49
20190723, 1200,  , TS, 18.3N, 117.4W,  40, 1004,    0,   80,   80,    0,    0,    0,    0,    0,    0,    0,    0,    0, -999,  20.95,  21.38,  21.31,  19.51,  19.07,  19.05,  19.15,  18.84,  19.22,  19.14,  19.46,  19.55,  18.54,  18.99,  19.25,  19.44,  18.93,  19.16,  19.21,  19.04,  18.99,  19.18,  18.71,  18.58,  18.77,  18.82,  18.91,  19.13,  19.31,  19.38,  19.41
20190723, 1800,  , TS, 18.8N, 117.8W,  40, 1005,    0,   80,   80,    0,    0,    0,    0,    0,    0,    0,    0,    0, -999,  20.03,  20.11,  20.21,  19.68,  19.61,  20.28,  20.34,  20.51,  20.41,  20.15,  20.54,  20.21,  19.49,  19.82,  19.87,  20.00,  19.92,  19.49,  19.59,  19.29,  19.38,  19.20,  18.63,  18.23,  18.06,  17.96,  18.20,  18.22,  18.71,  18.62,  18.84
20190724, 0000,  , TS, 19.2N, 118.2W,  35, 1006,    0,   80,    0,    0,    0,    0,    0,    0,    0,    0,    0,    0, -999,  19.05,  19.31,  19.03,  18.70,  19.00,  19.72,  19.33,  19.09,  19.12,  18.81,  19.11,  18.75,  18.44,  18.93,  19.27,  19.23,  18.95,  18.97,  18.23,  18.27,  17.92,  17.35,  17.12,  17.18,  17.22,  17.36,  17.55,  17.40,  17.59,  17.37,  17.66
20190724, 0600,  , TD, 19.7N, 118.6W,  30, 1007,    0,    0,    0,    0,    0,    0,    0,    0,    0,    0,    0,    0, -999,  17.30,  17.58,  16.82,  16.52,  16.75,  17.23,  17.25,  17.19,  17.61,  17.57,  17.62,  17.49,  17.62,  17.86,  17.61,  17.53,  16.93,  17.48,  17.08,  17.00,  16.87,  16.65,  16.45,  16.62,  16.84,  17.41,  17.93,  17.81,  17.12,  17.60,  17.23
20190724, 1200,  , TD, 20.2N, 119.0W,  30, 1008,    0,    0,    0,    0,    0,    0,    0,    0,    0,    0,    0,    0, -999,  18.01,  18.28,  17.53,  17.09,  17.78,  17.66,  17.42,  17.38,  17.31,  17.45,  17.62,  17.56,  17.72,  17.50,  17.46,  17.64,  17.17,  17.52,  17.28,  17.33,  17.09,  16.95,  17.06,  16.84,  17.21,  17.55,  18.08,  17.64,  17.33,  17.16,  16.92
20190724, 1800,  , TD, 20.7N, 119.5W,  25, 1008,    0,    0,    0,    0,    0,    0,    0,    0,    0,    0,    0,    0, -999,  19.23,  18.88,  18.31,  17.68,  18.20,  18.41,  18.19,  17.80,  17.82,  17.73,  17.68,  17.56,  17.44,  17.49,  17.54,  17.74,  17.53,  17.59,  17.37,  17.28,  17.16,  17.39,  17.31,  17.42,  17.78,  17.75,  17.79,  17.36,  17.32,  17.37,  17.58
20190725, 0000,  , TD, 21.1N, 119.8W,  25, 1008,    0,    0,    0,    0,    0,    0,    0,    0,    0,    0,    0,    0, -999,  18.93,  18.19,  17.84,  18.07,  18.50,  18.35,  18.18,  18.07,  18.20,  18.06,  17.83,  17.55,  17.45,  17.68,  17.68,  17.63,  17.57,  17.20,  17.13,  16.99,  17.13,  17.10,  16.96,  17.06,  17.20,  17.25,  17.11,  17.16,  17.10,  17.18,  17.39
20190725, 0600,  , TD, 21.4N, 120.1W,  25, 1009,    0,    0,    0,    0,    0,    0,    0,    0,    0,    0,    0,    0, -999,  19.07,  18.77,  18.69,  19.11,  19.23,  19.15,  19.28,  19.28,  19.37,  19.61,  19.11,  18.85,  18.75,  19.02,  18.97,  18.67,  18.38,  17.87,  17.69,  17.49,  17.68,  17.78,  17.82,  18.00,  17.75,  17.52,  17.31,  17.58,  17.47,  17.74,  18.06
20190725, 1200,  , LO, 21.8N, 120.6W,  20, 1009,    0,    0,    0,    0,    0,    0,    0,    0,    0,    0,    0,    0, -999,  18.46,  18.12,  18.14,  18.55,  18.63,  18.72,  18.83,  18.99,  18.98,  19.17,  18.89,  18.77,  18.58,  18.93,  18.92,  18.61,  18.00,  17.81,  17.80,  17.84,  18.19,  18.48,  18.78,  18.96,  18.82,  18.98,  18.66,  18.73,  18.74,  18.80,  19.04
20190725, 1800,  , LO, 22.0N, 121.2W,  20, 1009,    0,    0,    0,    0,    0,    0,    0,    0,    0,    0,    0,    0, -999,  17.84,  18.02,  18.14,  18.41,  18.43,  18.41,  18.63,  18.85,  19.21,  19.32,  19.10,  18.98,  18.84,  19.20,  19.17,  19.00,  18.76,  18.73,  18.90,  19.01,  19.03,  19.03,  19.49,  19.54,  19.48,  19.54,  19.41,  19.47,  19.37,  19.21,  19.06
20190726, 0000,  , LO, 22.2N, 121.7W,  20, 1009,    0,    0,    0,    0,    0,    0,    0,    0,    0,    0,    0,    0, -999,  17.65,  17.62,  17.76,  17.54,  17.73,  17.94,  18.18,  18.40,  18.66,  18.63,  18.44,  18.24,  18.54,  18.66,  18.53,  18.46,  18.34,  18.43,  18.68,  19.00,  19.05,  19.27,  19.28,  19.24,  19.43,  19.56,  19.80,  19.70,  19.70,  19.78,  19.97
20190726, 0600,  , LO, 22.4N, 122.3W,  20, 1010,    0,    0,    0,    0,    0,    0,    0,    0,    0,    0,    0,    0, -999,  17.73,  17.50,  17.79,  17.74,  17.89,  18.39,  18.50,  18.25,  18.23,  18.10,  17.85,  17.91,  18.05,  18.11,  18.08,  18.25,  17.94,  18.20,  18.50,  18.63,  18.72,  18.72,  18.50,  18.50,  18.62,  18.77,  18.85,  18.85,  18.62,  18.66,  19.25
20190726, 1200,  , LO, 22.5N, 123.0W,  20, 1010,    0,    0,    0,    0,    0,    0,    0,    0,    0,    0,    0,    0, -999,  17.57,  17.30,  17.39,  17.40,  17.54,  17.70,  17.79,  17.89,  18.27,  18.20,  18.00,  17.85,  17.80,  17.97,  17.81,  17.81,  17.76,  17.95,  18.06,  17.96,  18.02,  18.04,  18.07,  18.07,  18.07,  18.70,  18.69,  18.55,  18.38,  18.52,  18.66
