EP052003,            ENRIQUE,     23,
20030710, 1200,  , TD, 14.1N, 106.3W,  25, 1005, -999, -999, -999, -999, -999, -999, -999, -999, -999, -999, -999, -999, -999,  19.19,  19.97,  19.72,  20.04,  19.67,  20.06,  20.35,  19.42,  19.50,  19.76,  20.91,  20.45,  20.66,  20.41,  20.03,  19.97,  20.00,  20.20,  20.63,  21.89,  21.22,  22.07,  21.50,  22.00,  21.52,  21.69,  21.35,  21.43,  21.57,  21.91,  22.07
20030710, 1800,  , TD, 14.6N, 107.5W,  30, 1005, -999, -999, -999, -999, -999, -999, -999, -999, -999, -999, -999, -999, -999,  21.46,  20.87,  20.18,  20.60,  20.75,  20.49,  20.55,  20.14,  20.76,  21.31,  20.46,  20.62,  20.02,  20.24,  20.36,  19.87,  19.44,  19.61,  19.40,  19.22,  19.69,  19.31,  20.55,  20.80,  19.00,  19.27,  18.32,  20.12,  19.33,  20.38,  19.25
20030711, 0000,  , TD, 14.6N, 108.7W,  30, 1005, -999, -999, -999, -999, -999, -999, -999, -999, -999, -999, -999, -999, -999,  23.27,  23.58,  22.13,  21.06,  22.71,  22.02,  21.93,  21.46,  21.57,  21.33,  20.68,  20.40,  21.06,  21.69,  21.81,  21.65,  21.05,  20.59,  20.10,  20.29,  20.30,  20.56,  21.23,  20.37,  20.89,  20.13,  20.70,  20.15,  20.88,  19.82,  19.76
20030711, 0600,  , TD, 14.6N, 109.5W,  30, 1005, -999, -999, -999, -999, -999, -999, -999, -999, -999, -999, -999, -999, -999,  23.31,  23.67,  22.96,  21.36,  21.05,  20.96,  21.57,  22.05,  22.04,  21.21,  21.20,  21.82,  21.95,  22.93,  23.49,  24.43,  23.93,  24.42,  23.95,  24.24,  23.01,  24.68,  23.72,  24.55,  24.11,  23.62,  24.91,  23.45,  25.16,  22.42,  22.49
20030711, 1200,  , TS, 14.7N, 110.4W,  40, 1000, -999, -999, -999, -999, -999, -999, -999, -999, -999, -999, -999, -999, -999,  21.05,  22.46,  21.99,  21.02,  21.55,  21.07,  21.21,  21.26,  21.04,  20.59,  21.53,  21.16,  21.97,  21.52,  21.72,  22.67,  20.86,  21.67,  21.14,  21.57,  20.62,  22.73,  21.18,  22.46,  21.97,  23.41,  22.10,  21.85,  22.79,  20.83,  21.29
20030711, 1800,  , TS, 14.9N, 111.2W,  45,  999, -999, -999, -999, -999, -999, -999, -999, -999, -999, -999, -999, -999, -999,  22.25,  22.65,  22.49,  22.60,  22.81,  22.00,  22.14,  22.33,  22.26,  22.29,  22.07,  21.26,  21.51,  21.48,  21.72,  22.27,  20.35,  20.38,  20.51,  21.28,  21.02,  21.63,  21.59,  21.45,  22.15,  22.84,  22.38,  21.20,  22.08,  20.56,  21.21
20030712, 0000,  , TS, 15.3N, 112.1W,  55,  994, -999, -999, -999, -999, -999, -999, -999, -999, -999, -999, -999, -999, -999,  21.74,  21.69,  21.20,  21.60,  21.05,  21.00,  20.95,  20.71,  21.37,  21.80,  21.60,  21.80,  21.94,  21.96,  22.22,  20.30,  19.63,  20.55,  20.79,  20.61,  21.57,  20.92,  22.24,  21.58,  22.11,  21.07,  20.65,  20.62,  20.56,  21.43,  20.21
20030712, 0600,  , TS, 16.2N, 113.3W,  55,  993, -999, -999, -999, -999, -999, -999, -999, -999, -999, -999, -999, -999, -999,  20.74,  20.81,  20.66,  21.09,  21.77,  21.34,  20.86,  20.92,  21.57,  21.96,  21.05,  21.20,  21.08,  21.37,  21.04,  19.32,  17.52,  19.67,  19.69,  19.93,  21.54,  20.11,  20.10,  20.08,  19.88,  20.65,  19.36,  20.40,  19.86,  19.07,  19.65
20030712, 1200,  , TS, 17.2N, 114.3W,  55,  994, -999, -999, -999, -999, -999, -999, -999, -999, -999, -999, -999, -999, -999,  20.81,  20.55,  20.74,  21.08,  21.06,  20.80,  21.12,  21.37,  21.66,  22.06,  21.83,  21.20,  20.94,  21.20,  20.75,  21.32,  20.34,  21.01,  19.65,  20.77,  21.14,  20.78,  21.24,  20.47,  20.61,  21.51,  21.06,  21.69,  21.32,  21.40,  22.49
20030712, 1800,  , TS, 18.0N, 115.6W,  55,  994, -999, -999, -999, -999, -999, -999, -999, -999, -999, -999, -999, -999, -999,  19.50,  19.57,  18.95,  18.47,  18.47,  19.18,  19.43,  19.30,  19.64,  19.91,  20.34,  20.52,  20.56,  20.91,  20.92,  20.45,  20.50,  19.72,  19.25,  19.66,  19.37,  18.69,  19.30,  19.90,  18.47,  19.06,  18.76,  18.84,  18.99,  19.23,  18.65
20030713, 0000,  , TS, 18.9N, 117.1W,  50,  997, -999, -999, -999, -999, -999, -999, -999, -999, -999, -999, -999, -999, -999,  21.74,  22.10,  22.17,  21.97,  21.81,  21.74,  22.13,  22.53,  22.70,  22.67,  22.58,  22.50,  22.27,  22.32,  22.38,  22.21,  21.85,  22.00,  23.29,  23.26,  23.04,  23.54,  23.35,  23.24,  23.23,  22.86,  22.75,  22.89,  22.68,  22.44,  22.43
20030713, 0600,  , TS, 19.3N, 118.7W,  45,  999, -999, -999, -999, -999, -999, -999, -999, -999, -999, -999, -999, -999, -999,  19.88,  20.20,  20.44,  20.38,  20.07,  19.94,  20.05,  19.55,  19.54,  19.60,  19.40,  19.66,  19.41,  19.43,  19.86,  20.02,  19.79,  20.40,  21.39,  21.83,  21.60,  22.16,  22.27,  22.62,  22.84,  22.94,  23.25,  23.45,  23.41,  23.57,  23.33
20030713, 1200,  , TS, 19.7N, 119.7W,  35, 1002, -999, -999, -999, -999, -999, -999, -999, -999, -999, -999, -999, -999, -999,  22.51,  22.58,  22.55,  22.54,  22.34,  22.31,  22.42,  22.53,  22.53,  22.57,  22.63,  22.57,  22.44,  22.49,  23.09,  23.20,  23.03,  23.46,  23.07,  22.66,  22.63,  22.28,  22.13,  22.57,  22.75,  22.64,  22.73,  22.89,  22.65,  22.75,  22.45
20030713, 1800,  , TD, 20.0N, 121.2W,  30, 1005, -999, -999, -999, -999, -999, -999, -999, -999, -999, -999, -999, -999, -999,  23.09,  23.16,  23.18,  23.29,  23.25,  23.27,  23.01,  22.70,  22.75,  22.54,  22.82,  23.05,  22.99,  23.14,  23.22,  23.14,  23.48,  23.49,  23.52,  23.48,  23.34,  23.13,  23.05,  23.26,  23.59,  23.58,  23.61,  23.84,  24.06,  24.37,  23.96
20030714, 0000,  , LO, 20.0N, 122.5W,  25, 1006, -999, -999, -999, -999, -999, -999, -999, -999, -999, -999, -999, -999, -999,  20.61,  20.64,  20.72,  20.30,  20.49,  20.49,  20.55,  20.83,  20.79,  20.91,  21.02,  20.56,  20.55,  20.80,  21.29,  21.33,  21.49,  21.32,  21.41,  21.21,  21.35,  21.24,  21.25,  22.43,  23.77,  23.92,  24.06,  24.00,  24.43,  24.42,  24.28
20030714, 0600,  , LO, 19.9N, 123.9W,  25, 1006, -999, -999, -999, -999, -999, -999, -999, -999, -999, -999, -999, -999, -999,  19.84,  20.04,  19.76,  19.36,  19.29,  19.07,  18.89,  18.80,  19.41,  19.76,  19.24,  18.15,  17.95,  18.43,  18.75,  19.05,  19.04,  19.27,  19.19,  19.39,  19.46,  19.22,  19.08,  19.38,  19.32,  19.67,  19.90,  19.88,  20.20,  20.66,  21.25
20030714, 1200,  , LO, 19.7N, 125.1W,  25, 1007, -999, -999, -999, -999, -999, -999, -999, -999, -999, -999, -999, -999, -999,  19.37,  19.34,  19.91,  19.64,  19.43,  19.47,  19.34,  19.07,  19.43,  19.96,  20.52,  20.23,  20.09,  20.04,  19.99,  20.06,  19.75,  19.86,  19.61,  19.88,  20.18,  20.06,  20.46,  20.91,  20.91,  21.86,  22.34,  22.29,  21.97,  21.62,  21.55
20030714, 1800,  , LO, 19.2N, 126.2W,  20, 1008, -999, -999, -999, -999, -999, -999, -999, -999, -999, -999, -999, -999, -999,  21.53,  21.51,  21.66,  21.94,  21.85,  22.12,  22.42,  22.54,  22.85,  22.65,  22.23,  21.87,  21.64,  21.47,  21.57,  21.64,  21.50,  21.51,  21.35,  21.69,  22.20,  22.54,  22.70,  22.66,  21.32,  22.06,  22.23,  22.19,  22.19,  22.21,  22.29
20030715, 0000,  , LO, 18.9N, 126.9W,  20, 1008, -999, -999, -999, -999, -999, -999, -999, -999, -999, -999, -999, -999, -999,  23.28,  23.36,  23.41,  23.30,  23.66,  23.66,  23.86,  23.99,  23.70,  23.64,  23.62,  23.49,  23.16,  23.17,  23.06,  23.04,  23.03,  22.72,  22.97,  22.99,  22.80,  22.76,  22.79,  22.55,  21.89,  21.38,  21.06,  20.92,  20.87,  21.07,  21.30
20030715, 0600,  , LO, 18.7N, 127.8W,  20, 1009, -999, -999, -999, -999, -999, -999, -999, -999, -999, -999, -999, -999, -999,  23.30,  23.30,  23.55,  23.77,  23.75,  23.82,  23.73,  23.59,  23.82,  24.33,  24.23,  24.15,  24.28,  24.11,  24.18,  24.21,  23.65,  23.17,  23.61,  23.82,  23.88,  23.70,  23.61,  23.69,  22.92,  22.92,  22.30,  21.80,  21.88,  21.95,  21.98
20030715, 1200,  , LO, 18.6N, 128.8W,  20, 1009, -999, -999, -999, -999, -999, -999, -999, -999, -999, -999, -999, -999, -999,  22.91,  22.77,  23.00,  23.18,  22.89,  22.85,  22.79,  22.76,  23.18,  23.77,  23.68,  23.55,  23.29,  23.12,  23.46,  23.41,  23.34,  23.21,  23.45,  23.69,  24.01,  24.01,  23.84,  24.01,  23.94,  23.93,  23.97,  23.84,  24.05,  24.16,  24.32
20030715, 1800,  , LO, 18.6N, 129.8W,  20, 1009, -999, -999, -999, -999, -999, -999, -999, -999, -999, -999, -999, -999, -999,  21.94,  22.08,  22.15,  22.05,  21.90,  21.98,  21.96,  21.98,  22.03,  22.10,  21.99,  21.90,  22.11,  22.15,  22.51,  22.60,  22.49,  22.56,  22.42,  22.73,  22.96,  23.03,  22.95,  23.02,  23.36,  23.86,  23.76,  24.01,  23.88,  24.04,  24.37
20030716, 0000,  , LO, 18.6N, 130.6W,  20, 1009, -999, -999, -999, -999, -999, -999, -999, -999, -999, -999, -999, -999, -999,  22.38,  22.25,  22.12,  22.00,  21.99,  22.09,  22.19,  22.01,  22.00,  21.85,  21.72,  22.00,  22.14,  22.41,  22.50,  22.39,  22.48,  22.36,  22.37,  22.54,  22.48,  22.31,  22.54,  22.71,  23.28,  23.21,  23.68,  23.77,  23.98,  24.37,  24.27
