EP052020,           CRISTINA,     37,
20200706, 1800,  , TD, 10.4N,  99.5W,  30, 1007,    0,    0,    0,    0,    0,    0,    0,    0,    0,    0,    0,    0, -999,  34.02,  33.95,  33.92,  33.84,  33.88,  34.05,  34.07,  34.06,  34.10,  34.06,  33.98,  33.89,  33.78,  33.82,  33.81,  33.92,  34.00,  34.09,  33.93,  34.08,  34.10,  33.97,  34.16,  34.07,  34.15,  34.14,  34.22,  34.18,  34.23,  34.15,  34.12
20200707, 0000,  , TD, 10.8N, 100.5W,  30, 1007,    0,    0,    0,    0,    0,    0,    0,    0,    0,    0,    0,    0, -999,  33.80,  33.89,  33.89,  33.90,  33.93,  33.86,  33.89,  33.95,  33.89,  33.98,  33.83,  33.78,  33.82,  34.01,  33.98,  33.97,  34.05,  33.90,  34.07,  34.00,  34.02,  34.14,  34.08,  34.13,  34.02,  34.05,  34.04,  34.03,  34.09,  34.04,  34.06
20200707, 0600,  , TS, 11.4N, 101.5W,  35, 1005,   30,   30,    0,    0,    0,    0,    0,    0,    0,    0,    0,    0, -999,  33.83,  33.83,  33.85,  33.93,  33.94,  33.92,  33.97,  33.98,  33.92,  33.96,  33.94,  33.96,  33.97,  33.98,  34.02,  34.05,  33.95,  33.97,  34.01,  34.01,  34.00,  34.03,  33.99,  34.00,  33.98,  33.97,  33.93,  33.95,  33.98,  34.00,  34.05
20200707, 1200,  , TS, 12.0N, 102.4W,  35, 1005,   30,   30,    0,    0,    0,    0,    0,    0,    0,    0,    0,    0, -999,  33.93,  33.96,  33.92,  33.99,  33.98,  34.01,  34.05,  34.04,  34.09,  34.13,  34.12,  34.06,  33.95,  33.95,  33.92,  33.96,  33.84,  33.83,  33.91,  33.87,  33.91,  33.91,  33.95,  33.93,  33.92,  34.04,  33.88,  33.95,  34.01,  33.94,  34.03
20200707, 1800,  , TS, 12.7N, 103.3W,  40, 1003,   30,   30,    0,   30,    0,    0,    0,    0,    0,    0,    0,    0, -999,  33.96,  33.95,  33.98,  33.92,  33.89,  33.91,  33.90,  33.86,  33.87,  33.91,  33.96,  33.96,  33.99,  34.02,  34.01,  34.12,  34.03,  34.11,  34.04,  34.12,  34.05,  34.09,  34.00,  34.05,  33.99,  34.03,  34.07,  34.10,  33.97,  33.98,  33.90
20200708, 0000,  , TS, 13.3N, 104.5W,  40, 1003,   30,   30,    0,   30,    0,    0,    0,    0,    0,    0,    0,    0, -999,  34.05,  34.08,  34.07,  34.02,  34.02,  33.97,  33.97,  33.99,  33.97,  33.99,  33.97,  33.94,  33.95,  33.97,  33.99,  33.92,  33.94,  33.94,  33.96,  33.97,  34.00,  33.95,  33.97,  33.89,  33.87,  33.91,  33.97,  34.01,  34.03,  34.04,  34.03
20200708, 0600,  , TS, 13.8N, 105.7W,  40, 1003,   30,   30,    0,    0,    0,    0,    0,    0,    0,    0,    0,    0, -999,  34.38,  34.38,  34.35,  34.34,  34.33,  34.30,  34.24,  34.17,  34.15,  34.06,  34.00,  33.94,  33.88,  33.89,  33.85,  33.85,  33.91,  33.87,  33.86,  33.94,  33.96,  33.96,  34.00,  33.96,  34.00,  33.95,  33.95,  33.99,  34.06,  34.10,  34.12
20200708, 1200,  , TS, 14.4N, 106.7W,  45, 1001,   40,   40,    0,    0,    0,    0,    0,    0,    0,    0,    0,    0, -999,  34.18,  34.18,  34.16,  34.20,  34.26,  34.31,  34.28,  34.29,  34.36,  34.42,  34.48,  34.47,  34.39,  34.30,  34.16,  34.09,  34.06,  34.02,  34.05,  34.00,  34.11,  34.11,  34.15,  34.22,  34.23,  34.24,  34.27,  34.22,  34.25,  34.31,  34.37
20200708, 1800,  , TS, 15.1N, 107.7W,  45, 1001,   40,   50,    0,   30,    0,    0,    0,    0,    0,    0,    0,    0, -999,  34.46,  34.47,  34.46,  34.45,  34.44,  34.34,  34.26,  34.21,  34.22,  34.26,  34.30,  34.30,  34.25,  34.18,  34.15,  34.18,  34.17,  34.14,  34.16,  34.23,  34.31,  34.24,  34.25,  34.28,  34.29,  34.36,  34.30,  34.23,  34.22,  34.27,  34.21
20200709, 0000,  , TS, 15.8N, 108.4W,  50,  999,   50,   60,   60,   30,   20,   30,    0,    0,    0,    0,    0,    0, -999,  34.38,  34.35,  34.31,  34.32,  34.33,  34.35,  34.40,  34.37,  34.34,  34.36,  34.33,  34.29,  34.26,  34.27,  34.25,  34.15,  34.19,  34.17,  34.25,  34.30,  34.33,  34.32,  34.37,  34.36,  34.34,  34.38,  34.41,  34.43,  34.40,  34.40,  34.40
20200709, 0600,  , TS, 16.5N, 109.1W,  50,  999,   50,   60,   60,   40,   20,   30,    0,    0,    0,    0,    0,    0, -999,  34.43,  34.39,  34.35,  34.36,  34.39,  34.41,  34.43,  34.43,  34.38,  34.38,  34.34,  34.29,  34.26,  34.25,  34.25,  34.24,  34.23,  34.32,  34.33,  34.47,  34.44,  34.42,  34.43,  34.41,  34.38,  34.42,  34.55,  34.53,  34.55,  34.49,  34.45
20200709, 1200,  , TS, 17.1N, 109.8W,  50,  999,   60,   60,   60,   50,   20,   30,    0,    0,    0,    0,    0,    0, -999,  34.49,  34.47,  34.46,  34.42,  34.47,  34.51,  34.48,  34.45,  34.42,  34.41,  34.39,  34.38,  34.33,  34.32,  34.30,  34.25,  34.24,  34.22,  34.26,  34.41,  34.30,  34.43,  34.43,  34.43,  34.37,  34.36,  34.43,  34.38,  34.32,  34.37,  34.40
20200709, 1800,  , TS, 17.5N, 110.5W,  55,  996,   70,   60,   60,   60,   30,   30,    0,    0,    0,    0,    0,    0, -999,  34.45,  34.43,  34.38,  34.37,  34.35,  34.41,  34.41,  34.43,  34.44,  34.43,  34.44,  34.48,  34.50,  34.49,  34.48,  34.46,  34.41,  34.40,  34.36,  34.41,  34.37,  34.42,  34.48,  34.45,  34.34,  34.39,  34.30,  34.31,  34.31,  34.33,  34.38
20200710, 0000,  , TS, 18.1N, 111.4W,  55,  996,   70,   60,   60,   60,   30,   30,    0,    0,    0,    0,    0,    0, -999,  34.40,  34.44,  34.49,  34.49,  34.52,  34.52,  34.49,  34.48,  34.47,  34.45,  34.45,  34.46,  34.44,  34.41,  34.42,  34.43,  34.38,  34.36,  34.39,  34.41,  34.38,  34.40,  34.44,  34.38,  34.41,  34.42,  34.39,  34.38,  34.34,  34.31,  34.36
20200710, 0600,  , TS, 18.5N, 112.4W,  55,  996,   80,   60,   60,   70,   30,   30,    0,    0,    0,    0,    0,    0, -999,  34.45,  34.45,  34.50,  34.50,  34.47,  34.47,  34.45,  34.44,  34.46,  34.47,  34.46,  34.46,  34.44,  34.43,  34.42,  34.43,  34.30,  34.34,  34.34,  34.34,  34.36,  34.39,  34.40,  34.42,  34.40,  34.41,  34.38,  34.37,  34.36,  34.42,  34.43
20200710, 1200,  , TS, 19.0N, 113.6W,  55,  996,   90,   70,   50,   80,   30,   30,    0,    0,    0,    0,    0,    0, -999,  34.38,  34.36,  34.37,  34.39,  34.40,  34.41,  34.42,  34.44,  34.43,  34.39,  34.37,  34.37,  34.38,  34.39,  34.43,  34.46,  34.45,  34.36,  34.34,  34.33,  34.33,  34.28,  34.26,  34.24,  34.27,  34.25,  34.29,  34.35,  34.34,  34.35,  34.34
20200710, 1800,  , TS, 19.4N, 114.8W,  60,  993,  100,   80,   50,   90,   40,   30,    0,   40,    0,    0,    0,    0, -999,  34.48,  34.47,  34.48,  34.48,  34.48,  34.46,  34.46,  34.42,  34.37,  34.35,  34.35,  34.34,  34.34,  34.31,  34.29,  34.31,  34.31,  34.31,  34.32,  34.34,  34.35,  34.33,  34.32,  34.33,  34.32,  34.31,  34.31,  34.35,  34.36,  34.38,  34.39
20200711, 0000,  , TS, 19.9N, 116.1W,  60,  993,  100,   80,   50,   90,   40,   30,    0,   40,    0,    0,    0,    0, -999,  34.28,  34.31,  34.34,  34.37,  34.37,  34.37,  34.39,  34.39,  34.38,  34.36,  34.35,  34.33,  34.36,  34.37,  34.41,  34.44,  34.37,  34.42,  34.41,  34.43,  34.43,  34.42,  34.41,  34.42,  34.43,  34.43,  34.44,  34.45,  34.45,  34.43,  34.42
20200711, 0600,  , TS, 20.2N, 117.6W,  55,  996,   90,   70,   50,   80,   40,    0,    0,   40,    0,    0,    0,    0, -999,  34.37,  34.36,  34.37,  34.37,  34.38,  34.38,  34.39,  34.38,  34.37,  34.33,  34.30,  34.28,  34.25,  34.25,  34.23,  34.26,  34.24,  34.30,  34.33,  34.32,  34.31,  34.32,  34.26,  34.27,  34.28,  34.26,  34.24,  34.23,  34.24,  34.21,  34.22
20200711, 1200,  , TS, 20.3N, 119.0W,  50,  999,   80,   60,   50,   80,   40,    0,    0,   40,    0,    0,    0,    0, -999,  34.20,  34.20,  34.22,  34.26,  34.29,  34.34,  34.38,  34.39,  34.37,  34.36,  34.37,  34.36,  34.34,  34.32,  34.31,  34.34,  34.36,  34.35,  34.30,  34.30,  34.31,  34.29,  34.30,  34.28,  34.24,  34.22,  34.25,  34.26,  34.27,  34.27,  34.28
20200711, 1800,  , TS, 20.3N, 120.3W,  45, 1002,   70,   50,   50,   70,    0,    0,    0,    0,    0,    0,    0,    0, -999,  34.49,  34.54,  34.54,  34.53,  34.50,  34.49,  34.50,  34.46,  34.40,  34.35,  34.35,  34.39,  34.43,  34.46,  34.49,  34.49,  34.47,  34.47,  34.46,  34.46,  34.47,  34.47,  34.48,  34.47,  34.47,  34.47,  34.45,  34.45,  34.43,  34.45,  34.46
20200712, 0000,  , TS, 20.4N, 121.6W,  45, 1002,   60,   40,   40,   60,    0,    0,    0,    0,    0,    0,    0,    0, -999,  34.44,  34.44,  34.45,  34.46,  34.47,  34.48,  34.48,  34.48,  34.48,  34.48,  34.49,  34.49,  34.49,  34.49,  34.50,  34.48,  34.43,  34.41,  34.35,  34.26,  34.27,  34.27,  34.25,  34.27,  34.39,  34.43,  34.41,  34.39,  34.39,  34.40,  34.41
20200712, 0600,  , TS, 20.5N, 122.7W,  40, 1004,   50,   30,   30,   50,    0,    0,    0,    0,    0,    0,    0,    0, -999,  34.52,  34.52,  34.50,  34.48,  34.46,  34.43,  34.41,  34.42,  34.42,  34.45,  34.50,  34.49,  34.47,  34.48,  34.48,  34.48,  34.48,  34.47,  34.45,  34.44,  34.40,  34.36,  34.34,  34.33,  34.34,  34.34,  34.30,  34.30,  34.36,  34.38,  34.38
20200712, 1200,  , TS, 20.6N, 123.7W,  35, 1006,   40,    0,    0,   40,    0,    0,    0,    0,    0,    0,    0,    0, -999,  34.59,  34.54,  34.49,  34.46,  34.47,  34.46,  34.44,  34.44,  34.51,  34.55,  34.53,  34.51,  34.52,  34.57,  34.60,  34.61,  34.58,  34.57,  34.56,  34.57,  34.58,  34.58,  34.58,  34.56,  34.57,  34.57,  34.58,  34.58,  34.59,  34.59,  34.59
20200712, 1800,  , LO, 20.6N, 124.8W,  35, 1006,   40,    0,    0,   40,    0,    0,    0,    0,    0,    0,    0,    0, -999,  34.52,  34.54,  34.57,  34.58,  34.60,  34.61,  34.65,  34.67,  34.65,  34.65,  34.64,  34.63,  34.63,  34.61,  34.55,  34.53,  34.55,  34.54,  34.52,  34.52,  34.53,  34.53,  34.53,  34.51,  34.55,  34.55,  34.55,  34.57,  34.59,  34.57,  34.55
20200713, 0000,  , LO, 20.7N, 126.0W,  30, 1008,    0,    0,    0,    0,    0,    0,    0,    0,    0,    0,    0,    0, -999,  34.69,  34.68,  34.68,  34.66,  34.65,  34.66,  34.65,  34.64,  34.61,  34.60,  34.61,  34.63,  34.71,  34.70,  34.68,  34.63,  34.61,  34.58,  34.59,  34.59,  34.57,  34.56,  34.62,  34.65,  34.64,  34.63,  34.64,  34.63,  34.62,  34.61,  34.60
20200713, 0600,  , LO, 20.9N, 127.1W,  30, 1008,    0,    0,    0,    0,    0,    0,    0,    0,    0,    0,    0,    0, -999,  34.58,  34.63,  34.60,  34.57,  34.56,  34.58,  34.62,  34.64,  34.63,  34.62,  34.62,  34.62,  34.62,  34.60,  34.57,  34.60,  34.63,  34.63,  34.59,  34.56,  34.56,  34.56,  34.58,  34.60,  34.62,  34.64,  34.71,  34.77,  34.79,  34.79,  34.79
20200713, 1200,  , LO, 21.0N, 128.2W,  25, 1010,    0,    0,    0,    0,    0,    0,    0,    0,    0,    0,    0,    0, -999,  34.58,  34.60,  34.60,  34.61,  34.61,  34.60,  34.59,  34.59,  34.59,  34.60,  34.61,  34.61,  34.60,  34.60,  34.60,  34.69,  34.68,  34.69,  34.68,  34.66,  34.66,  34.65,  34.66,  34.66,  34.67,  34.73,  34.71,  34.67,  34.66,  34.67,  34.68
20200713, 1800,  , LO, 21.2N, 129.4W,  25, 1010,    0,    0,    0,    0,    0,    0,    0,    0,    0,    0,    0,    0, -999,  34.67,  34.67,  34.68,  34.73,  34.73,  34.75,  34.74,  34.74,  34.74,  34.75,  34.75,  34.75,  34.76,  34.78,  34.78,  34.81,  34.80,  34.80,  34.80,  34.79,  34.79,  34.78,  34.76,  34.77,  34.76,  34.75,  34.73,  34.71,  34.71,  34.70,  34.70
20200714, 0000,  , LO, 21.5N, 130.6W,  25, 1010,    0,    0,    0,    0,    0,    0,    0,    0,    0,    0,    0,    0, -999,  34.80,  34.81,  34.83,  34.84,  34.83,  34.82,  34.81,  34.78,  34.76,  34.73,  34.72,  34.71,  34.73,  34.74,  34.73,  34.73,  34.72,  34.73,  34.75,  34.80,  34.81,  34.80,  34.80,  34.77,  34.74,  34.74,  34.75,  34.76,  34.75,  34.74,  34.72
20200714, 0600,  , LO, 21.8N, 132.0W,  25, 1010,    0,    0,    0,    0,    0,    0,    0,    0,    0,    0,    0,    0, -999,  34.85,  34.87,  34.88,  34.89,  34.91,  34.94,  34.95,  34.96,  34.95,  34.93,  34.91,  34.91,  34.91,  34.91,  34.92,  34.91,  34.91,  34.91,  34.91,  34.91,  34.91,  34.91,  34.91,  34.91,  34.91,  34.90,  34.90,  34.90,  34.88,  34.88,  34.87
20200714, 1200,  , LO, 22.1N, 133.5W,  25, 1010,    0,    0,    0,    0,    0,    0,    0,    0,    0,    0,    0,    0, -999,  34.84,  34.86,  34.87,  34.86,  34.86,  34.86,  34.87,  34.86,  34.87,  34.88,  34.87,  34.87,  34.85,  34.84,  34.84,  34.84,  34.85,  34.86,  34.86,  34.87,  34.87,  34.85,  34.84,  34.84,  34.83,  34.83,  34.84,  34.89,  34.90,  34.89,  34.90
20200714, 1800,  , LO, 22.4N, 135.0W,  25, 1010,    0,    0,    0,    0,    0,    0,    0,    0,    0,    0,    0,    0, -999,  35.05,  35.06,  35.05,  35.02,  35.01,  35.01,  35.00,  35.00,  34.99,  35.00,  35.00,  35.00,  34.99,  34.98,  34.98,  34.98,  34.98,  34.99,  35.00,  35.01,  35.01,  35.01,  35.00,  35.00,  34.99,  35.00,  35.00,  35.01,  35.01,  35.00,  35.00
20200715, 0000,  , LO, 22.7N, 136.5W,  25, 1010,    0,    0,    0,    0,    0,    0,    0,    0,    0,    0,    0,    0, -999,  34.95,  34.97,  34.97,  34.99,  34.99,  34.99,  34.98,  34.98,  34.96,  34.97,  34.96,  34.97,  34.97,  34.95,  34.93,  34.89,  34.84,  34.82,  34.81,  34.80,  34.81,  34.82,  34.83,  34.84,  34.84,  34.85,  34.84,  34.85,  34.87,  34.89,  34.91
20200715, 0600,  , LO, 23.0N, 137.8W,  25, 1010,    0,    0,    0,    0,    0,    0,    0,    0,    0,    0,    0,    0, -999,  34.91,  34.90,  34.89,  34.90,  34.92,  34.94,  34.94,  34.91,  34.87,  34.87,  34.88,  34.90,  34.88,  34.91,  34.94,  34.93,  34.95,  34.97,  34.98,  34.97,  34.95,  34.92,  34.87,  34.88,  34.89,  34.91,  34.95,  34.96,  34.97,  34.97,  34.97
20200715, 1200,  , LO, 23.4N, 139.0W,  25, 1010,    0,    0,    0,    0,    0,    0,    0,    0,    0,    0,    0,    0, -999,  35.09,  35.10,  35.10,  35.09,  35.08,  35.06,  35.03,  35.01,  34.99,  35.00,  34.99,  35.00,  35.01,  34.97,  34.98,  34.95,  34.94,  34.92,  34.94,  34.92,  34.93,  34.96,  34.96,  34.96,  34.98,  35.01,  35.00,  34.99,  35.00,  35.00,  34.98
20200715, 1800,  , LO, 23.8N, 140.0W,  25, 1010,    0,    0,    0,    0,    0,    0,    0,    0,    0,    0,    0,    0, -999,  35.15,  35.19,  35.20,  35.21,  35.20,  35.16,  35.15,  35.12,  35.11,  35.08,  35.06,  35.04,  35.06,  35.08,  35.08,  35.10,  35.14,  35.15,  35.16,  35.16,  35.16,  35.15,  35.15,  35.15,  35.14,  35.16,  35.19,  35.17,  35.18,  35.17,  35.17
