EP061993,             EUGENE,     38,
19930715, 1800,  , TD, 11.3N, 112.8W,  30, 1010, -999, -999, -999, -999, -999, -999, -999, -999, -999, -999, -999, -999, -999,  15.83,  16.20,  16.29,  16.44,  16.19,  16.33,  16.56,  15.92,  16.38,  16.14,  16.29,  16.39,  17.06,  17.48,  17.70,  17.86,  17.86,  17.55,  17.50,  17.38,  17.81,  17.83,  18.16,  17.68,  18.14,  17.70,  17.77,  17.86,  17.82,  17.76,  18.02
19930716, 0000,  , TD, 11.4N, 113.6W,  30, 1009, -999, -999, -999, -999, -999, -999, -999, -999, -999, -999, -999, -999, -999,  17.71,  17.56,  17.32,  17.06,  17.00,  16.88,  16.58,  16.94,  16.92,  16.86,  16.76,  16.91,  17.10,  17.32,  17.23,  17.34,  17.01,  17.41,  16.88,  17.19,  16.89,  17.33,  16.84,  17.40,  17.21,  17.59,  17.48,  17.16,  16.57,  17.06,  16.97
19930716, 0600,  , TD, 11.4N, 114.4W,  30, 1006, -999, -999, -999, -999, -999, -999, -999, -999, -999, -999, -999, -999, -999,  17.77,  18.39,  18.80,  18.59,  18.77,  18.73,  18.63,  18.53,  18.25,  17.93,  17.81,  17.91,  17.92,  18.24,  17.66,  17.80,  17.50,  18.06,  17.18,  17.72,  17.07,  17.52,  16.92,  17.15,  16.70,  16.98,  16.99,  16.74,  16.34,  16.35,  16.26
19930716, 1200,  , TS, 11.4N, 115.2W,  35, 1003, -999, -999, -999, -999, -999, -999, -999, -999, -999, -999, -999, -999, -999,  19.62,  20.47,  20.09,  19.38,  19.98,  19.17,  19.14,  19.00,  19.00,  18.94,  18.58,  19.52,  19.06,  19.72,  18.25,  18.21,  18.29,  18.68,  17.61,  18.61,  16.79,  17.94,  17.10,  17.30,  17.44,  17.43,  16.78,  16.50,  16.46,  16.08,  15.98
19930716, 1800,  , TS, 11.4N, 115.9W,  45,  998, -999, -999, -999, -999, -999, -999, -999, -999, -999, -999, -999, -999, -999,  18.57,  19.38,  19.42,  18.77,  19.04,  18.84,  18.47,  18.67,  18.85,  19.07,  18.61,  19.21,  19.09,  19.66,  18.41,  18.23,  18.80,  18.11,  17.37,  18.45,  17.41,  18.51,  18.20,  18.31,  18.85,  18.61,  17.46,  16.42,  16.96,  16.35,  16.49
19930717, 0000,  , TS, 11.4N, 116.6W,  55,  992, -999, -999, -999, -999, -999, -999, -999, -999, -999, -999, -999, -999, -999,  19.19,  19.53,  17.64,  18.57,  17.91,  17.74,  17.93,  17.99,  18.03,  17.50,  18.26,  18.51,  18.04,  16.29,  17.93,  18.55,  17.14,  16.96,  17.01,  16.77,  16.97,  17.05,  16.10,  17.61,  16.97,  17.84,  17.20,  18.03,  18.44,  17.02,  17.16
19930717, 0600,  , HU, 11.3N, 117.2W,  65,  986, -999, -999, -999, -999, -999, -999, -999, -999, -999, -999, -999, -999, -999,  17.34,  17.19,  16.39,  16.78,  16.84,  16.48,  17.09,  17.58,  17.78,  17.43,  18.46,  18.51,  17.00,  16.00,  17.06,  17.75,  16.16,  16.70,  15.55,  16.26,  15.99,  15.95,  15.76,  16.52,  16.98,  16.99,  17.53,  17.14,  17.23,  16.72,  16.66
19930717, 1200,  , HU, 11.2N, 117.7W,  75,  978, -999, -999, -999, -999, -999, -999, -999, -999, -999, -999, -999, -999, -999,  16.84,  16.84,  16.18,  16.08,  15.88,  15.93,  16.25,  16.30,  16.63,  16.34,  17.24,  16.78,  16.09,  15.84,  16.66,  16.93,  16.15,  15.92,  15.33,  15.80,  16.41,  16.35,  16.87,  17.35,  18.00,  17.91,  18.07,  18.40,  17.88,  18.73,  18.39
19930717, 1800,  , HU, 11.1N, 118.1W,  85,  970, -999, -999, -999, -999, -999, -999, -999, -999, -999, -999, -999, -999, -999,  16.53,  16.47,  16.43,  16.28,  16.42,  16.61,  16.50,  16.48,  16.70,  16.30,  16.90,  16.36,  15.71,  15.63,  16.42,  16.98,  16.52,  16.20,  15.70,  15.80,  15.32,  15.44,  15.13,  15.82,  16.17,  16.66,  16.59,  16.81,  16.84,  17.91,  17.04
19930718, 0000,  , HU, 11.2N, 118.5W, 100,  960, -999, -999, -999, -999, -999, -999, -999, -999, -999, -999, -999, -999, -999,  15.81,  16.39,  16.38,  16.95,  17.21,  17.11,  16.99,  17.02,  16.44,  16.66,  16.31,  15.87,  15.66,  16.30,  16.65,  16.65,  16.49,  16.07,  15.84,  15.62,  15.53,  15.15,  15.38,  15.22,  15.43,  15.28,  15.67,  15.60,  16.35,  16.09,  16.44
19930718, 0600,  , HU, 11.5N, 118.9W, 105,  959, -999, -999, -999, -999, -999, -999, -999, -999, -999, -999, -999, -999, -999,  15.58,  15.44,  15.94,  17.12,  17.53,  18.17,  17.88,  19.27,  18.28,  18.52,  17.83,  17.94,  17.37,  17.85,  18.16,  18.22,  17.51,  16.11,  15.52,  15.50,  15.00,  15.18,  15.19,  14.97,  15.20,  14.83,  15.21,  15.21,  15.95,  15.93,  16.29
19930718, 1200,  , HU, 12.1N, 119.3W, 100,  960, -999, -999, -999, -999, -999, -999, -999, -999, -999, -999, -999, -999, -999,  17.61,  17.32,  17.35,  18.28,  18.33,  18.75,  18.44,  18.68,  18.53,  18.59,  18.14,  18.59,  18.04,  18.57,  19.70,  19.96,  19.12,  18.17,  16.93,  16.02,  15.51,  15.59,  15.64,  15.57,  16.34,  15.91,  16.13,  16.39,  17.16,  17.35,  17.95
19930718, 1800,  , HU, 12.8N, 119.8W, 100,  960, -999, -999, -999, -999, -999, -999, -999, -999, -999, -999, -999, -999, -999,  19.90,  19.75,  19.27,  19.87,  20.59,  20.76,  21.59,  21.66,  20.67,  20.96,  21.34,  19.35,  18.51,  18.40,  19.42,  19.93,  20.55,  18.46,  18.65,  17.31,  17.17,  17.10,  17.97,  16.98,  16.63,  17.90,  17.18,  17.16,  18.27,  18.51,  19.61
19930719, 0000,  , HU, 13.5N, 120.5W, 100,  958, -999, -999, -999, -999, -999, -999, -999, -999, -999, -999, -999, -999, -999,  21.06,  21.38,  21.04,  21.71,  21.78,  21.77,  21.85,  21.63,  20.51,  20.47,  20.67,  21.47,  21.04,  24.37,  20.86,  22.94,  19.34,  19.82,  18.80,  18.09,  17.85,  19.21,  19.25,  18.71,  17.71,  17.31,  17.48,  18.24,  18.29,  18.76,  19.38
19930719, 0600,  , HU, 14.3N, 121.3W, 100,  956, -999, -999, -999, -999, -999, -999, -999, -999, -999, -999, -999, -999, -999,  21.14,  21.02,  21.48,  22.27,  21.63,  21.02,  21.26,  21.13,  21.11,  20.91,  21.08,  21.17,  22.32,  22.58,  23.77,  23.23,  21.05,  22.77,  21.14,  21.06,  22.14,  23.06,  21.98,  23.06,  20.73,  21.24,  20.14,  20.74,  19.90,  20.11,  19.29
19930719, 1200,  , HU, 14.9N, 122.3W, 110,  951, -999, -999, -999, -999, -999, -999, -999, -999, -999, -999, -999, -999, -999,  18.35,  18.21,  18.24,  18.47,  17.91,  18.16,  18.23,  18.29,  18.60,  17.70,  18.96,  19.50,  20.27,  20.55,  18.83,  19.83,  17.78,  20.93,  17.87,  20.30,  18.70,  19.94,  19.58,  20.32,  20.11,  19.58,  19.62,  19.15,  19.34,  19.13,  18.69
19930719, 1800,  , HU, 15.4N, 123.6W, 110,  948, -999, -999, -999, -999, -999, -999, -999, -999, -999, -999, -999, -999, -999,  16.78,  16.52,  16.60,  16.23,  15.96,  15.83,  15.63,  15.54,  15.91,  16.07,  16.82,  17.11,  17.09,  18.01,  17.79,  17.71,  17.17,  17.30,  17.04,  17.20,  17.88,  17.48,  18.35,  17.76,  17.83,  17.72,  18.53,  18.51,  18.77,  19.38,  17.75
19930720, 0000,  , HU, 15.9N, 124.8W, 105,  950, -999, -999, -999, -999, -999, -999, -999, -999, -999, -999, -999, -999, -999,  19.03,  18.90,  18.51,  18.62,  18.94,  19.27,  18.67,  17.99,  17.54,  17.91,  18.77,  19.44,  20.66,  20.67,  20.39,  18.17,  18.38,  18.90,  18.69,  18.09,  17.25,  17.54,  16.92,  16.84,  16.47,  16.89,  16.76,  16.44,  16.41,  16.46,  15.43
19930720, 0600,  , HU, 16.4N, 126.2W, 100,  955, -999, -999, -999, -999, -999, -999, -999, -999, -999, -999, -999, -999, -999,  20.49,  21.04,  21.26,  21.17,  20.62,  20.40,  19.97,  20.04,  20.77,  20.94,  20.80,  21.32,  22.33,  22.55,  22.54,  22.18,  20.41,  21.25,  21.51,  20.50,  21.58,  21.31,  21.45,  21.53,  21.44,  21.50,  20.80,  21.32,  21.21,  20.59,  20.43
19930720, 1200,  , HU, 16.8N, 127.6W, 100,  959, -999, -999, -999, -999, -999, -999, -999, -999, -999, -999, -999, -999, -999,  20.79,  21.04,  21.31,  21.54,  21.69,  21.20,  20.85,  20.35,  20.86,  21.68,  20.64,  20.69,  21.34,  22.11,  21.51,  21.34,  19.80,  20.59,  20.07,  20.05,  20.30,  19.77,  20.23,  20.17,  20.05,  19.80,  20.00,  19.48,  19.46,  19.49,  19.12
19930720, 1800,  , HU, 17.2N, 128.9W,  95,  961, -999, -999, -999, -999, -999, -999, -999, -999, -999, -999, -999, -999, -999,  19.35,  19.12,  21.10,  22.05,  22.55,  21.74,  21.16,  21.36,  21.38,  21.42,  21.59,  21.65,  22.24,  23.48,  22.86,  22.27,  21.52,  21.53,  20.84,  21.39,  21.82,  20.98,  21.59,  21.05,  21.12,  21.47,  21.02,  21.28,  21.12,  21.38,  21.27
19930721, 0000,  , HU, 17.5N, 130.2W,  95,  962, -999, -999, -999, -999, -999, -999, -999, -999, -999, -999, -999, -999, -999,  21.35,  22.15,  22.80,  22.50,  22.84,  22.90,  22.64,  22.70,  22.83,  23.02,  23.10,  23.50,  24.68,  24.50,  24.19,  24.24,  23.44,  23.43,  24.25,  23.70,  24.36,  23.91,  22.94,  23.98,  23.15,  23.23,  23.54,  23.09,  23.11,  22.98,  22.93
19930721, 0600,  , HU, 17.9N, 131.3W,  90,  964, -999, -999, -999, -999, -999, -999, -999, -999, -999, -999, -999, -999, -999,  19.77,  19.53,  19.46,  19.31,  19.21,  18.64,  18.59,  18.88,  18.99,  18.49,  18.49,  18.79,  19.03,  18.52,  20.36,  20.57,  18.41,  19.55,  21.20,  20.69,  20.14,  23.70,  21.39,  22.59,  21.99,  22.14,  23.81,  23.51,  24.02,  22.86,  23.92
19930721, 1200,  , HU, 18.3N, 132.4W,  90,  970, -999, -999, -999, -999, -999, -999, -999, -999, -999, -999, -999, -999, -999,  20.44,  20.45,  20.41,  20.41,  20.32,  19.84,  19.88,  20.03,  20.59,  20.35,  20.24,  20.21,  20.29,  20.14,  21.74,  21.36,  20.08,  21.67,  21.67,  20.11,  20.65,  21.03,  19.71,  20.27,  20.66,  19.78,  20.44,  20.64,  19.77,  19.70,  19.79
19930721, 1800,  , HU, 18.6N, 133.8W,  85,  977, -999, -999, -999, -999, -999, -999, -999, -999, -999, -999, -999, -999, -999,  21.19,  20.79,  20.58,  20.57,  20.57,  20.63,  21.09,  21.09,  21.36,  21.38,  21.39,  21.73,  21.93,  22.57,  22.74,  22.79,  23.20,  23.09,  22.52,  22.30,  22.19,  22.14,  21.85,  22.05,  21.39,  21.52,  21.66,  21.10,  21.20,  20.70,  20.52
19930722, 0000,  , HU, 18.7N, 135.3W,  75,  981, -999, -999, -999, -999, -999, -999, -999, -999, -999, -999, -999, -999, -999,  22.37,  22.36,  22.38,  22.07,  21.77,  21.58,  21.70,  21.65,  21.54,  21.53,  21.42,  21.12,  21.82,  22.17,  22.05,  22.22,  22.21,  21.31,  21.65,  21.80,  21.86,  22.08,  22.53,  21.96,  21.93,  22.26,  21.71,  21.36,  21.34,  21.30,  21.29
19930722, 0600,  , TS, 18.8N, 136.8W,  60,  987, -999, -999, -999, -999, -999, -999, -999, -999, -999, -999, -999, -999, -999,  21.97,  22.01,  21.89,  22.29,  22.53,  22.47,  22.63,  22.70,  22.77,  22.78,  22.74,  22.96,  23.02,  22.97,  22.87,  22.82,  22.54,  22.81,  23.11,  22.75,  23.16,  22.95,  22.81,  22.22,  22.05,  22.03,  22.20,  22.22,  22.21,  22.29,  22.47
19930722, 1200,  , TS, 18.8N, 138.3W,  45,  994, -999, -999, -999, -999, -999, -999, -999, -999, -999, -999, -999, -999, -999,  22.74,  22.62,  22.76,  22.85,  22.89,  22.95,  23.06,  22.95,  22.93,  22.86,  22.63,  23.11,  23.26,  23.22,  23.07,  23.12,  22.98,  23.17,  23.06,  23.33,  23.47,  23.46,  23.15,  23.30,  23.20,  22.86,  22.62,  22.42,  22.45,  22.63,  22.51
19930722, 1800,  , TS, 19.2N, 139.8W,  40,  997, -999, -999, -999, -999, -999, -999, -999, -999, -999, -999, -999, -999, -999,  22.70,  22.63,  22.67,  22.92,  22.71,  22.99,  23.32,  23.48,  23.85,  23.98,  24.30,  24.30,  23.97,  23.83,  23.67,  24.06,  24.40,  23.60,  23.44,  23.86,  24.07,  22.40,  21.86,  21.85,  22.15,  21.81,  22.05,  21.93,  22.04,  22.20,  22.43
19930723, 0000,  , TS, 19.5N, 142.0W,  35, 1000, -999, -999, -999, -999, -999, -999, -999, -999, -999, -999, -999, -999, -999,  21.92,  21.73,  21.61,  21.44,  21.90,  22.14,  22.76,  22.98,  22.89,  22.80,  22.75,  22.77,  23.05,  23.28,  23.39,  23.43,  23.16,  23.35,  23.45,  23.65,  23.68,  24.05,  24.21,  24.04,  23.88,  24.02,  23.68,  23.44,  23.29,  23.24,  23.26
19930723, 0600,  , TS, 19.2N, 144.5W,  35, 1002, -999, -999, -999, -999, -999, -999, -999, -999, -999, -999, -999, -999, -999,  22.93,  23.07,  22.99,  23.15,  23.50,  23.84,  24.23,  24.09,  23.66,  23.84,  23.73,  23.40,  23.28,  23.25,  23.05,  22.77,  22.52,  22.75,  22.75,  22.65,  22.85,  22.99,  23.01,  22.88,  22.66,  22.43,  22.23,  22.35,  22.51,  22.59,  22.60
19930723, 1200,  , TS, 19.1N, 146.7W,  35, 1004, -999, -999, -999, -999, -999, -999, -999, -999, -999, -999, -999, -999, -999,  22.08,  22.05,  22.11,  22.24,  22.42,  22.81,  22.84,  23.30,  23.27,  23.49,  24.18,  24.12,  24.22,  24.06,  24.11,  24.46,  24.61,  24.45,  24.41,  24.47,  24.48,  24.07,  24.13,  24.09,  24.15,  24.16,  24.35,  24.49,  24.52,  24.47,  24.49
19930723, 1800,  , TD, 19.0N, 148.8W,  30, 1005, -999, -999, -999, -999, -999, -999, -999, -999, -999, -999, -999, -999, -999,  22.64,  22.47,  22.56,  22.76,  23.07,  23.65,  23.93,  24.19,  24.18,  24.18,  24.14,  23.98,  23.91,  23.81,  23.63,  23.41,  23.73,  23.48,  23.50,  23.64,  23.33,  23.20,  23.09,  22.71,  22.84,  22.90,  22.94,  23.61,  23.38,  23.64,  23.70
19930724, 0000,  , TD, 19.1N, 151.0W,  30, 1007, -999, -999, -999, -999, -999, -999, -999, -999, -999, -999, -999, -999, -999,  22.58,  22.93,  22.99,  22.84,  22.64,  22.68,  23.50,  23.59,  23.76,  23.77,  23.84,  23.85,  23.86,  23.81,  23.52,  23.65,  23.53,  23.48,  23.47,  23.36,  23.27,  23.29,  23.64,  23.47,  23.88,  24.15,  23.92,  23.78,  24.09,  24.09,  24.00
19930724, 0600,  , TD, 19.1N, 153.5W,  30, 1008, -999, -999, -999, -999, -999, -999, -999, -999, -999, -999, -999, -999, -999,  22.66,  23.09,  23.28,  23.75,  23.95,  23.80,  23.91,  24.08,  24.16,  24.11,  24.04,  24.00,  23.89,  23.49,  23.19,  23.23,  23.21,  23.33,  23.55,  23.60,  23.93,  23.91,  23.75,  22.91,  22.62,  22.52,  22.73,  22.70,  23.13,  23.11,  23.46
19930724, 1200,  , TD, 19.2N, 155.3W,  30, 1009, -999, -999, -999, -999, -999, -999, -999, -999, -999, -999, -999, -999, -999,  22.74,  22.98,  23.23,  23.36,  23.11,  23.11,  23.20,  23.61,  23.62,  23.61,  23.90,  23.71,  23.67,  23.72,  23.42,  23.53,  23.95,  23.66,  23.36,  22.97,  23.11,  23.47,  23.48,  23.14,  23.15,  23.01,  23.26,  23.07,  22.91,  22.90,  22.40
19930724, 1800,  , TD, 19.3N, 158.0W,  25, 1010, -999, -999, -999, -999, -999, -999, -999, -999, -999, -999, -999, -999, -999,  24.41,  24.28,  24.22,  24.22,  24.21,  24.29,  24.37,  24.47,  24.49,  24.45,  24.48,  24.45,  24.49,  24.56,  24.51,  24.50,  24.38,  24.41,  24.25,  24.09,  23.99,  23.99,  24.26,  24.59,  24.87,  25.13,  25.32,  25.27,  24.78,  24.87,  24.70
19930725, 0000,  , TD, 19.4N, 160.0W,  25, 1010, -999, -999, -999, -999, -999, -999, -999, -999, -999, -999, -999, -999, -999,  24.45,  24.57,  24.79,  24.88,  24.93,  24.82,  25.12,  24.84,  25.00,  24.67,  24.73,  24.95,  24.65,  24.67,  24.61,  24.71,  24.73,  24.61,  24.67,  24.63,  24.69,  25.03,  25.10,  25.02,  24.83,  24.90,  24.69,  24.71,  24.98,  25.29,  25.39
