EP061995,              ERICK,     26,
19950801, 1800,  , TD, 15.4N, 110.8W,  25, 1008, -999, -999, -999, -999, -999, -999, -999, -999, -999, -999, -999, -999, -999,  34.39,  34.34,  34.29,  34.23,  34.23,  34.21,  34.06,  34.23,  34.16,  34.21,  34.19,  34.22,  34.21,  34.28,  34.29,  34.30,  34.27,  33.98,  34.22,  34.14,  34.11,  34.14,  34.11,  34.18,  34.18,  34.20,  34.22,  34.23,  34.25,  34.24,  34.33
19950802, 0000,  , TD, 14.9N, 112.0W,  25, 1008, -999, -999, -999, -999, -999, -999, -999, -999, -999, -999, -999, -999, -999,  34.30,  34.29,  34.28,  34.29,  34.29,  34.31,  34.36,  34.36,  34.41,  34.33,  34.39,  34.40,  34.39,  34.35,  34.32,  34.27,  33.98,  34.20,  34.04,  34.13,  34.05,  34.05,  34.06,  34.06,  34.08,  34.10,  34.13,  34.13,  34.13,  34.10,  34.13
19950802, 0600,  , TD, 14.5N, 112.6W,  25, 1008, -999, -999, -999, -999, -999, -999, -999, -999, -999, -999, -999, -999, -999,  34.29,  34.28,  34.27,  34.26,  34.25,  34.25,  34.25,  34.25,  34.25,  34.25,  34.27,  34.34,  34.38,  34.38,  34.37,  34.35,  34.05,  34.17,  33.99,  34.17,  33.98,  34.15,  34.09,  34.10,  34.13,  34.08,  34.09,  34.09,  34.09,  34.11,  34.17
19950802, 1200,  , TD, 14.1N, 112.9W,  25, 1007, -999, -999, -999, -999, -999, -999, -999, -999, -999, -999, -999, -999, -999,  34.28,  34.28,  34.28,  34.27,  34.26,  34.25,  34.26,  34.25,  34.25,  34.25,  34.23,  34.23,  34.23,  34.24,  34.24,  34.24,  34.14,  34.14,  33.91,  34.12,  33.97,  34.14,  34.02,  34.10,  34.12,  34.14,  34.18,  34.19,  34.20,  34.20,  34.20
19950802, 1800,  , TD, 13.8N, 113.2W,  25, 1006, -999, -999, -999, -999, -999, -999, -999, -999, -999, -999, -999, -999, -999,  34.28,  34.28,  34.28,  34.29,  34.27,  34.26,  34.25,  34.25,  34.27,  34.25,  34.24,  34.23,  34.23,  34.23,  34.24,  34.23,  34.14,  34.13,  34.00,  34.13,  34.08,  34.17,  34.10,  34.13,  34.15,  34.17,  34.20,  34.20,  34.21,  34.21,  34.19
19950803, 0000,  , TD, 13.8N, 113.7W,  30, 1006, -999, -999, -999, -999, -999, -999, -999, -999, -999, -999, -999, -999, -999,  34.30,  34.30,  34.28,  34.27,  34.27,  34.26,  34.26,  34.27,  34.25,  34.23,  34.23,  34.23,  34.24,  34.23,  34.22,  34.19,  34.37,  34.25,  34.22,  34.22,  34.27,  34.25,  34.29,  34.28,  34.25,  34.23,  34.23,  34.21,  34.21,  34.20,  34.21
19950803, 0600,  , TD, 14.1N, 114.1W,  30, 1005, -999, -999, -999, -999, -999, -999, -999, -999, -999, -999, -999, -999, -999,  34.29,  34.29,  34.26,  34.26,  34.26,  34.26,  34.27,  34.27,  34.29,  34.27,  34.26,  34.25,  34.25,  34.21,  34.18,  34.19,  34.31,  34.22,  34.30,  34.24,  34.24,  34.20,  34.17,  34.24,  34.18,  34.25,  34.24,  34.29,  34.25,  34.26,  34.27
19950803, 1200,  , TD, 14.6N, 114.5W,  30, 1005, -999, -999, -999, -999, -999, -999, -999, -999, -999, -999, -999, -999, -999,  34.30,  34.33,  34.30,  34.28,  34.27,  34.22,  34.22,  34.24,  34.25,  34.24,  34.24,  34.23,  34.17,  34.21,  34.25,  34.06,  34.03,  34.11,  34.13,  34.10,  34.11,  34.19,  34.24,  34.27,  34.23,  34.21,  34.25,  34.25,  34.30,  34.30,  34.30
19950803, 1800,  , TD, 15.3N, 115.1W,  30, 1005, -999, -999, -999, -999, -999, -999, -999, -999, -999, -999, -999, -999, -999,  34.29,  34.29,  34.29,  34.31,  34.33,  34.34,  34.36,  34.36,  34.37,  34.40,  34.43,  34.26,  34.12,  34.14,  34.17,  34.22,  34.23,  34.29,  34.32,  34.32,  34.30,  34.30,  34.30,  34.30,  34.34,  34.38,  34.47,  34.48,  34.36,  34.31,  34.32
19950804, 0000,  , TD, 15.9N, 115.9W,  30, 1005, -999, -999, -999, -999, -999, -999, -999, -999, -999, -999, -999, -999, -999,  34.28,  34.29,  34.30,  34.32,  34.33,  34.36,  34.38,  34.36,  34.31,  34.20,  34.13,  34.17,  34.24,  34.31,  34.36,  34.42,  34.38,  34.31,  34.31,  34.31,  34.31,  34.32,  34.40,  34.39,  34.40,  34.34,  34.31,  34.30,  34.32,  34.34,  34.33
19950804, 0600,  , TS, 16.2N, 116.8W,  35, 1004, -999, -999, -999, -999, -999, -999, -999, -999, -999, -999, -999, -999, -999,  34.18,  34.16,  34.10,  34.06,  34.13,  34.06,  34.14,  34.16,  34.16,  34.22,  34.22,  34.28,  34.30,  34.30,  34.27,  34.26,  34.27,  34.26,  34.24,  34.24,  34.25,  34.25,  34.23,  34.20,  34.20,  34.15,  34.14,  34.14,  34.13,  34.15,  34.16
19950804, 1200,  , TS, 16.5N, 117.7W,  45, 1000, -999, -999, -999, -999, -999, -999, -999, -999, -999, -999, -999, -999, -999,  34.31,  34.29,  34.29,  34.31,  34.31,  34.34,  34.34,  34.35,  34.34,  34.33,  34.32,  34.31,  34.29,  34.29,  34.25,  34.22,  34.22,  34.20,  34.19,  34.16,  34.17,  34.17,  34.16,  34.17,  34.18,  34.18,  34.19,  34.20,  34.20,  34.21,  34.22
19950804, 1800,  , TS, 16.8N, 118.5W,  50,  997, -999, -999, -999, -999, -999, -999, -999, -999, -999, -999, -999, -999, -999,  34.23,  34.22,  34.21,  34.21,  34.20,  34.19,  34.19,  34.19,  34.19,  34.20,  34.20,  34.18,  34.16,  34.16,  34.12,  34.12,  34.10,  34.11,  34.10,  34.11,  34.12,  34.11,  34.10,  34.10,  34.11,  34.10,  34.08,  34.04,  34.01,  34.00,  34.03
19950805, 0000,  , TS, 17.2N, 119.2W,  55,  994, -999, -999, -999, -999, -999, -999, -999, -999, -999, -999, -999, -999, -999,  34.14,  34.13,  34.13,  34.09,  34.07,  34.08,  34.05,  34.09,  34.09,  34.09,  34.10,  34.11,  34.09,  34.09,  34.18,  34.14,  34.12,  34.12,  34.11,  34.07,  34.07,  34.06,  34.06,  34.03,  33.99,  34.01,  34.03,  34.02,  34.01,  34.01,  34.04
19950805, 0600,  , TS, 17.6N, 119.9W,  55,  994, -999, -999, -999, -999, -999, -999, -999, -999, -999, -999, -999, -999, -999,  34.22,  34.17,  34.15,  34.05,  34.06,  34.12,  34.07,  34.05,  33.99,  34.00,  33.97,  33.99,  33.99,  33.99,  34.01,  34.08,  34.12,  34.16,  34.17,  34.18,  34.18,  34.19,  34.21,  34.22,  34.23,  34.26,  34.27,  34.28,  34.29,  34.29,  34.27
19950805, 1200,  , TS, 18.1N, 120.3W,  50,  997, -999, -999, -999, -999, -999, -999, -999, -999, -999, -999, -999, -999, -999,  34.22,  34.24,  34.27,  34.32,  34.34,  34.35,  34.34,  34.33,  34.31,  34.27,  34.27,  34.25,  34.26,  34.25,  34.23,  34.25,  34.26,  34.25,  34.26,  34.27,  34.28,  34.29,  34.28,  34.27,  34.28,  34.28,  34.29,  34.29,  34.31,  34.31,  34.30
19950805, 1800,  , TS, 18.6N, 120.7W,  45, 1000, -999, -999, -999, -999, -999, -999, -999, -999, -999, -999, -999, -999, -999,  34.38,  34.37,  34.36,  34.36,  34.35,  34.34,  34.33,  34.31,  34.32,  34.30,  34.29,  34.30,  34.35,  34.35,  34.36,  34.39,  34.41,  34.41,  34.42,  34.43,  34.43,  34.42,  34.42,  34.41,  34.41,  34.41,  34.39,  34.39,  34.37,  34.38,  34.38
19950806, 0000,  , TS, 18.9N, 121.0W,  40, 1002, -999, -999, -999, -999, -999, -999, -999, -999, -999, -999, -999, -999, -999,  34.36,  34.33,  34.32,  34.32,  34.31,  34.31,  34.31,  34.35,  34.36,  34.36,  34.36,  34.37,  34.37,  34.37,  34.36,  34.36,  34.41,  34.42,  34.43,  34.41,  34.40,  34.40,  34.40,  34.40,  34.41,  34.39,  34.38,  34.38,  34.38,  34.39,  34.39
19950806, 0600,  , TS, 19.2N, 121.3W,  35, 1004, -999, -999, -999, -999, -999, -999, -999, -999, -999, -999, -999, -999, -999,  34.42,  34.42,  34.41,  34.42,  34.41,  34.41,  34.42,  34.42,  34.42,  34.42,  34.42,  34.42,  34.41,  34.41,  34.41,  34.41,  34.40,  34.40,  34.39,  34.39,  34.39,  34.39,  34.37,  34.37,  34.37,  34.37,  34.37,  34.38,  34.39,  34.39,  34.41
19950806, 1200,  , TD, 19.4N, 121.3W,  30, 1004, -999, -999, -999, -999, -999, -999, -999, -999, -999, -999, -999, -999, -999,  34.42,  34.42,  34.42,  34.42,  34.43,  34.43,  34.42,  34.41,  34.42,  34.41,  34.42,  34.42,  34.41,  34.41,  34.41,  34.41,  34.41,  34.41,  34.39,  34.38,  34.37,  34.37,  34.37,  34.37,  34.38,  34.38,  34.38,  34.40,  34.42,  34.43,  34.44
19950806, 1800,  , TD, 19.6N, 121.2W,  30, 1004, -999, -999, -999, -999, -999, -999, -999, -999, -999, -999, -999, -999, -999,  34.43,  34.42,  34.42,  34.41,  34.43,  34.42,  34.41,  34.41,  34.39,  34.39,  34.40,  34.40,  34.39,  34.39,  34.40,  34.39,  34.40,  34.41,  34.41,  34.40,  34.39,  34.39,  34.39,  34.39,  34.40,  34.41,  34.42,  34.43,  34.43,  34.43,  34.43
19950807, 0000,  , TD, 19.9N, 121.2W,  30, 1004, -999, -999, -999, -999, -999, -999, -999, -999, -999, -999, -999, -999, -999,  34.42,  34.42,  34.41,  34.41,  34.40,  34.40,  34.40,  34.39,  34.38,  34.41,  34.43,  34.43,  34.43,  34.43,  34.43,  34.42,  34.41,  34.41,  34.41,  34.41,  34.41,  34.41,  34.41,  34.41,  34.41,  34.41,  34.42,  34.41,  34.41,  34.40,  34.39
19950807, 0600,  , TD, 20.3N, 121.1W,  30, 1004, -999, -999, -999, -999, -999, -999, -999, -999, -999, -999, -999, -999, -999,  34.41,  34.41,  34.40,  34.40,  34.40,  34.39,  34.39,  34.38,  34.38,  34.39,  34.40,  34.42,  34.43,  34.43,  34.42,  34.42,  34.42,  34.42,  34.41,  34.42,  34.42,  34.41,  34.41,  34.41,  34.40,  34.40,  34.39,  34.39,  34.38,  34.37,  34.37
19950807, 1200,  , TD, 20.5N, 121.0W,  25, 1004, -999, -999, -999, -999, -999, -999, -999, -999, -999, -999, -999, -999, -999,  34.40,  34.39,  34.39,  34.38,  34.38,  34.38,  34.38,  34.39,  34.39,  34.42,  34.43,  34.43,  34.42,  34.42,  34.41,  34.41,  34.40,  34.40,  34.39,  34.39,  34.38,  34.37,  34.36,  34.36,  34.36,  34.36,  34.36,  34.37,  34.36,  34.37,  34.38
19950807, 1800,  , TD, 20.6N, 120.8W,  25, 1005, -999, -999, -999, -999, -999, -999, -999, -999, -999, -999, -999, -999, -999,  34.42,  34.42,  34.41,  34.41,  34.40,  34.39,  34.39,  34.39,  34.39,  34.40,  34.43,  34.43,  34.42,  34.41,  34.41,  34.40,  34.40,  34.39,  34.38,  34.37,  34.37,  34.36,  34.35,  34.36,  34.36,  34.37,  34.36,  34.36,  34.35,  34.34,  34.30
19950808, 0000,  , TD, 20.7N, 120.6W,  25, 1006, -999, -999, -999, -999, -999, -999, -999, -999, -999, -999, -999, -999, -999,  34.41,  34.41,  34.41,  34.43,  34.44,  34.44,  34.44,  34.43,  34.42,  34.42,  34.42,  34.41,  34.42,  34.42,  34.42,  34.41,  34.41,  34.41,  34.40,  34.40,  34.39,  34.38,  34.37,  34.37,  34.36,  34.36,  34.36,  34.36,  34.36,  34.36,  34.35
