EP062016,            ESTELLE,     38,
20160715, 0000,  , LO, 13.5N, 104.5W,  25, 1008,    0,    0,    0,    0,    0,    0,    0,    0,    0,    0,    0,    0, -999,  20.79,  21.23,  21.56,  22.07,  21.15,  20.98,  21.73,  21.30,  21.48,  20.36,  19.28,  20.09,  19.65,  19.10,  18.18,    nan,  16.59,  16.56,  16.20,  16.23,  16.54,  16.86,  16.49,  14.64,  14.94,  14.04,  14.00,  13.95,  13.96,  14.09,  14.35
20160715, 0600,  , LO, 13.7N, 105.2W,  25, 1008,    0,    0,    0,    0,    0,    0,    0,    0,    0,    0,    0,    0, -999,  18.58,  20.25,  20.12,  20.69,  19.35,  20.51,  21.35,  19.45,  19.63,  20.02,  20.31,  20.83,  20.92,  21.95,  22.45,    nan,  21.90,  21.87,  21.30,  21.79,  21.57,  21.87,  22.83,  23.15,  22.67,  22.23,  23.07,  19.67,  18.47,  17.85,  16.82
20160715, 1200,  , TD, 14.0N, 106.0W,  25, 1008,    0,    0,    0,    0,    0,    0,    0,    0,    0,    0,    0,    0, -999,  17.25,  18.60,  17.58,  17.40,  17.61,  18.36,  19.15,  19.24,  18.48,  18.15,  18.67,  18.72,  18.77,  19.58,  20.44,    nan,  21.06,  21.18,  20.79,  21.51,  21.18,  23.00,  21.51,  20.24,  18.47,  18.27,  18.85,  17.73,  16.52,  15.93,  15.72
20160715, 1800,  , TD, 14.4N, 106.7W,  30, 1007,    0,    0,    0,    0,    0,    0,    0,    0,    0,    0,    0,    0, -999,  18.04,  17.87,  16.04,  18.10,  19.06,  19.08,  19.79,  19.68,  18.53,  19.57,  19.80,  18.92,  19.15,  18.93,  18.81,    nan,  18.24,  17.69,  17.20,  17.21,  17.11,  16.43,  16.14,  17.42,  18.03,  18.04,  18.05,  18.34,  18.03,  18.08,  18.45
20160716, 0000,  , TS, 14.8N, 107.4W,  35, 1005,   70,    0,    0,    0,    0,    0,    0,    0,    0,    0,    0,    0, -999,  19.25,  17.67,  18.12,  17.12,  17.62,  17.29,  17.52,  16.98,  17.15,  17.51,  17.66,  17.77,  17.28,  18.57,    nan,  17.98,  17.84,  17.66,  18.31,  18.30,  17.98,  18.23,  19.42,  19.54,  19.59,  19.31,  19.08,  19.51,  18.85,  18.46,  18.18
20160716, 0600,  , TS, 15.3N, 108.1W,  40, 1004,   70,    0,    0,    0,    0,    0,    0,    0,    0,    0,    0,    0, -999,  15.10,  14.98,  15.34,  14.53,  14.93,  14.76,  16.37,  17.61,  17.90,  17.75,  16.59,  17.08,  17.20,  17.88,    nan,  16.14,  15.71,  16.93,  16.82,  16.88,  17.09,  16.23,  16.99,  16.85,  18.12,  18.44,  17.43,  18.76,  17.67,  16.86,  17.26
20160716, 1200,  , TS, 15.7N, 108.7W,  45, 1003,   70,   20,   20,   40,    0,    0,    0,    0,    0,    0,    0,    0, -999,  16.30,  15.99,  15.77,  15.50,  16.20,  16.10,  15.36,  17.08,  16.70,  16.30,  15.49,  15.30,  15.39,  16.09,    nan,  13.99,  13.83,  15.68,  15.59,  15.78,  16.02,  15.75,  16.33,  15.89,  16.23,  15.93,  15.52,  15.53,  15.90,  15.41,  15.76
20160716, 1800,  , TS, 15.9N, 109.4W,  45, 1002,   80,   30,   30,   40,    0,    0,    0,    0,    0,    0,    0,    0, -999,  19.14,  19.13,  19.80,  19.72,  20.13,  19.56,  18.08,  19.22,  18.44,  18.91,  18.25,  19.77,  18.31,  17.41,    nan,  15.68,  13.13,  14.57,  15.49,  16.14,  16.04,  15.57,  16.56,  16.60,  16.05,  16.20,  16.01,  15.54,  16.71,  16.95,  16.58
20160717, 0000,  , TS, 16.0N, 110.1W,  45, 1000,   90,   50,   50,   50,    0,    0,    0,    0,    0,    0,    0,    0, -999,  20.52,  19.47,  19.63,  21.17,  21.71,  22.69,  23.25,  23.56,  22.89,  23.02,  23.23,  24.26,  20.73,    nan,  21.27,  16.88,  16.45,  17.43,  17.06,  16.69,  16.18,  15.73,  15.73,  15.79,  15.34,  15.27,  15.16,  15.79,  16.40,  15.71,  15.30
20160717, 0600,  , TS, 16.1N, 110.8W,  50,  998,   90,   70,   60,   70,   30,    0,    0,    0,    0,    0,    0,    0, -999,  24.21,  23.78,  23.78,  23.45,  22.59,  22.90,  22.44,  22.51,  22.44,  23.21,  23.27,  23.84,  18.97,    nan,  19.78,  18.78,  16.99,  17.82,  17.98,  17.64,  18.60,  17.87,  17.97,  19.42,  19.07,  18.04,  17.78,  18.60,  19.03,  19.74,  18.94
20160717, 1200,  , TS, 16.3N, 111.5W,  55,  994,  100,   80,   70,   80,   50,   30,    0,   30,    0,    0,    0,    0, -999,  24.10,  24.15,  23.33,  22.79,  21.98,  22.00,  21.90,  22.00,  21.78,  22.18,  22.00,  21.78,  19.14,    nan,  20.23,  21.87,  18.60,  19.73,  18.25,  18.41,  18.47,  18.30,  18.13,  19.32,  19.79,  19.33,  19.41,  20.13,  19.49,  20.54,  20.36
20160717, 1800,  , TS, 16.5N, 112.2W,  60,  990,  110,  100,   80,   90,   60,   60,   20,   40,    0,    0,    0,    0, -999,  22.32,  23.31,  22.77,  23.69,  23.68,  22.77,  22.29,  21.77,  21.90,  22.38,  21.15,  20.87,  20.78,    nan,  19.58,  20.86,  18.48,  17.41,  17.35,  17.86,  17.88,  18.02,  18.34,  18.40,  18.57,  17.77,  17.52,  18.17,  17.58,  18.20,  18.89
20160718, 0000,  , TS, 16.8N, 113.0W,  60,  990,  120,  110,   80,  100,   70,   70,   20,   60,    0,    0,    0,    0, -999,  19.87,  18.96,  19.84,  19.37,  19.54,  18.95,  19.46,  18.41,  18.60,  18.71,  18.71,  18.79,    nan,  18.26,  20.41,  20.54,  16.41,  17.23,  18.27,  18.89,  18.05,  19.01,  18.35,  17.55,  17.66,  16.92,  17.42,  16.95,  17.58,  17.82,  17.66
20160718, 0600,  , TS, 17.2N, 113.7W,  60,  990,  130,  120,   80,  100,   80,   70,   20,   70,    0,    0,    0,    0, -999,  16.42,  16.31,  16.75,  16.88,  16.79,  17.75,  17.14,  17.50,  18.47,  18.14,  18.75,  18.54,    nan,  19.14,  18.93,  17.53,  15.50,  15.48,  15.00,  16.03,  16.49,  16.16,  16.44,  16.66,  16.79,  16.71,  17.07,  17.11,  17.53,  17.50,  17.35
20160718, 1200,  , TS, 17.6N, 114.4W,  55,  991,  130,  120,   80,  110,   80,   60,   20,   80,    0,    0,    0,    0, -999,  18.31,  17.93,  17.92,  18.12,  17.53,  18.39,  17.79,  17.44,  17.80,  18.85,  19.39,  19.00,    nan,  19.76,  19.57,  18.13,  16.51,  15.62,  13.21,  15.94,  16.67,  16.61,  16.42,  16.99,  16.30,  15.95,  16.59,  16.48,  16.87,  16.59,  17.84
20160718, 1800,  , TS, 17.9N, 115.3W,  55,  992,  140,  130,   80,  110,   80,   50,   30,   80,    0,    0,    0,    0, -999,  20.62,  20.34,  19.61,  19.76,  19.20,  20.24,  19.53,  18.89,  18.47,  18.72,  19.27,  18.78,    nan,  19.38,  19.40,  18.95,  18.45,  16.62,  15.26,  17.41,  17.25,  16.34,  16.05,  16.48,  16.01,  16.12,  16.15,  15.57,  16.09,  16.27,  17.20
20160719, 0000,  , TS, 18.1N, 116.2W,  55,  993,  140,  130,   80,  120,   80,   40,   30,   80,    0,    0,    0,    0, -999,  19.85,  19.58,  19.84,  19.97,  19.64,  20.11,  21.14,  20.72,  20.72,  20.59,  21.32,    nan,  23.39,  23.65,  24.38,  23.39,  18.65,  18.93,  21.41,  20.89,  21.64,  19.56,  18.91,  18.45,  18.28,  17.80,  18.30,  18.74,  18.04,  18.89,  18.69
20160719, 0600,  , TS, 18.4N, 117.1W,  55,  993,  140,  130,   80,  120,   80,   40,   30,   80,    0,    0,    0,    0, -999,  18.90,  17.93,  17.77,  18.25,  18.11,  18.87,  22.15,  22.68,  23.13,  23.49,  23.47,    nan,  24.12,  24.05,  24.25,  23.46,  19.52,  21.40,  22.66,  22.05,  23.07,  21.57,  20.37,  21.29,  19.88,  19.64,  21.09,  20.80,  21.13,  21.24,  20.37
20160719, 1200,  , TS, 18.7N, 118.1W,  60,  992,  140,  130,   80,  120,   80,   40,   40,   70,    0,    0,    0,    0, -999,  18.80,  20.02,  20.72,  21.55,  21.23,  21.80,  22.40,  22.02,  22.95,  22.70,  22.58,    nan,  23.26,  23.34,  23.35,  23.02,  21.43,  23.64,  22.46,  24.15,  24.02,  23.04,  23.25,  23.70,  20.89,  21.75,  22.30,  22.81,  23.16,  23.04,  22.17
20160719, 1800,  , TS, 18.9N, 119.2W,  60,  991,  140,  130,   80,  120,   70,   40,   40,   70,    0,    0,    0,    0, -999,  18.52,  18.17,  18.63,  20.42,  20.72,  20.33,  20.18,  20.64,  20.79,  21.03,  21.03,    nan,  22.16,  20.94,  21.23,  20.71,  20.52,  20.63,  19.89,  20.07,  20.51,  20.37,  20.72,  21.74,  20.62,  20.46,  20.87,  21.75,  21.83,  21.85,  21.64
20160720, 0000,  , TS, 19.0N, 120.4W,  60,  990,  130,  130,   80,  120,   70,   40,   40,   60,    0,    0,    0,    0, -999,  16.50,  16.75,  17.18,  17.15,  17.49,  18.57,  21.46,  21.71,  21.34,  21.43,    nan,  22.02,  20.72,  21.03,  20.41,  20.92,  20.00,  19.90,  20.19,  21.06,  21.07,  20.73,  21.08,  21.24,  21.47,  21.21,  21.73,  22.08,  21.65,  20.12,  20.36
20160720, 0600,  , TS, 19.0N, 121.6W,  60,  990,  130,  120,   80,  120,   70,   40,   40,   60,    0,    0,    0,    0, -999,  19.04,  19.86,  17.99,  16.67,  15.56,  15.42,  16.04,  16.17,  16.07,  16.33,    nan,  17.82,  17.97,  18.84,  18.39,  20.27,  18.30,  17.48,  20.54,  20.16,  19.56,  21.78,  20.72,  21.02,  21.54,  21.00,  20.62,  20.95,  20.77,  20.24,  20.38
20160720, 1200,  , TS, 19.1N, 122.7W,  60,  990,  120,  110,   80,  120,   70,   40,   40,   50,    0,    0,    0,    0, -999,  22.06,  22.53,  22.25,  21.65,  21.17,  21.10,  21.23,  21.68,  22.21,  21.89,    nan,  21.96,  19.92,  20.29,  20.75,  20.48,  18.41,  19.32,  19.57,  17.92,  18.08,  17.62,  17.62,  17.60,  17.68,  17.72,  17.77,  18.14,  17.52,  17.31,  18.24
20160720, 1800,  , TS, 19.2N, 123.8W,  55,  992,  120,  100,   80,  110,   60,   40,   40,   50,    0,    0,    0,    0, -999,  20.36,  20.16,  19.91,  19.61,  19.54,  20.12,  20.96,  20.93,  22.67,  22.58,    nan,  22.17,  22.99,  22.66,  22.52,  22.39,  22.72,  22.56,  22.09,  21.64,  23.12,  22.93,  21.98,  22.89,  23.21,  23.06,  23.23,  23.34,  21.28,  21.11,  21.07
20160721, 0000,  , TS, 19.3N, 124.9W,  55,  994,  110,   90,   70,  100,   50,   30,   30,   40,    0,    0,    0,    0, -999,  23.16,  23.17,  23.16,  23.10,  22.81,  22.99,  22.55,  22.54,  22.18,    nan,  21.91,  22.93,  23.62,  21.70,  22.08,  22.80,  21.93,  20.39,  21.48,  21.25,  22.05,  21.99,  22.12,  22.12,  22.11,  22.33,  22.26,  22.17,  22.70,  22.02,  22.92
20160721, 0600,  , TS, 19.5N, 126.1W,  55,  996,  100,   80,   60,   90,   40,    0,    0,   30,    0,    0,    0,    0, -999,  23.45,  23.42,  23.55,  23.41,  23.07,  22.64,  22.20,  22.64,  23.06,    nan,  23.09,  22.99,  23.44,  20.74,  20.93,  21.98,  23.09,  20.87,  22.84,  22.80,  22.29,  23.14,  22.56,  22.14,  21.92,  22.87,  22.53,  22.30,  22.57,  22.69,  22.14
20160721, 1200,  , TS, 19.9N, 127.4W,  50,  999,   90,   70,   50,   80,   40,    0,    0,   30,    0,    0,    0,    0, -999,  21.12,  21.02,  21.37,  21.32,  20.81,  21.23,  21.86,  22.31,  22.88,    nan,  22.73,  22.78,  23.18,  22.75,  22.17,  22.31,  21.84,  21.84,  21.30,  21.39,  22.22,  21.66,  21.57,  22.81,  22.44,  22.26,  22.19,  22.58,  22.13,  22.23,  22.46
20160721, 1800,  , TS, 20.4N, 128.9W,  45, 1002,   80,   60,    0,   70,    0,    0,    0,    0,    0,    0,    0,    0, -999,  20.45,  20.59,  21.12,  21.05,  21.12,  21.16,  21.30,  21.34,  21.48,    nan,  21.47,  21.47,  21.43,  21.48,  21.87,  21.90,  20.90,  21.46,  21.71,  21.03,  21.21,  21.19,  21.19,  21.56,  21.23,  21.09,  20.99,  21.23,  20.86,  20.83,  20.56
20160722, 0000,  , LO, 20.8N, 130.2W,  40, 1004,   70,    0,    0,   60,    0,    0,    0,    0,    0,    0,    0,    0, -999,  22.79,  22.71,  23.02,  22.57,  22.32,  22.57,  21.76,  22.32,    nan,  22.74,  23.11,  23.31,  23.32,  22.59,  22.30,  21.99,  21.52,  21.88,  20.39,  20.37,  20.15,  20.27,  19.70,  19.48,  19.83,  20.01,  21.06,  20.20,  20.50,  20.63,  21.41
20160722, 0600,  , LO, 21.1N, 131.5W,  35, 1005,   60,    0,    0,   50,    0,    0,    0,    0,    0,    0,    0,    0, -999,  21.12,  21.31,  21.34,  21.81,  21.78,  22.11,  20.89,  21.27,    nan,  20.89,  20.81,  20.98,  21.90,  22.79,  22.52,  21.81,  21.21,  21.59,  21.52,  21.37,  21.02,  20.82,  20.91,  21.18,  22.21,  22.10,  22.37,  22.02,  22.45,  22.40,  22.50
20160722, 1200,  , LO, 21.5N, 132.8W,  35, 1005,   60,    0,    0,   50,    0,    0,    0,    0,    0,    0,    0,    0, -999,  19.61,  20.12,  20.02,  19.82,  20.57,  20.59,  20.46,  20.68,    nan,  21.15,  21.23,  20.99,  20.96,  20.89,  21.01,  20.87,  21.01,  21.51,  21.59,  21.69,  21.56,  21.46,  21.43,  21.51,  21.29,  21.11,  21.34,  21.21,  19.29,  19.23,  19.58
20160722, 1800,  , LO, 22.1N, 134.1W,  30, 1006,    0,    0,    0,    0,    0,    0,    0,    0,    0,    0,    0,    0, -999,  21.00,  20.23,  19.66,  19.16,  18.82,  18.43,  18.49,  19.64,    nan,  19.48,  19.54,  19.82,  20.10,  20.11,  19.94,  20.15,  20.27,  20.17,  20.44,  20.42,  20.47,  20.48,  20.26,  20.48,  20.64,  20.58,  20.49,  21.23,  21.06,  21.30,  20.61
20160723, 0000,  , LO, 22.6N, 135.3W,  30, 1007,    0,    0,    0,    0,    0,    0,    0,    0,    0,    0,    0,    0, -999,  22.27,  22.05,  22.23,  22.14,  19.30,  19.09,  19.52,    nan,  19.86,  19.72,  19.95,  20.69,  21.21,  21.10,  21.23,  20.77,  20.58,  20.78,  20.36,  20.45,  20.69,  19.74,  19.63,  20.06,  20.03,  20.09,  20.22,  20.15,  20.20,  19.90,  20.21
20160723, 0600,  , LO, 23.0N, 136.4W,  30, 1008,    0,    0,    0,    0,    0,    0,    0,    0,    0,    0,    0,    0, -999,  22.77,  22.65,  22.70,  22.09,  21.87,  22.29,  22.22,    nan,  22.02,  21.87,  21.17,  20.92,  20.83,  20.39,  20.40,  20.47,  20.95,  20.90,  20.85,  20.69,  20.61,  20.45,  20.43,  20.21,  20.13,  20.62,  20.65,  20.70,  20.58,  20.38,  20.51
20160723, 1200,  , LO, 23.4N, 137.5W,  30, 1009,    0,    0,    0,    0,    0,    0,    0,    0,    0,    0,    0,    0, -999,  21.50,  21.28,  21.24,  21.27,  21.27,  21.39,  21.45,    nan,  21.89,  21.80,  21.93,  21.86,  21.62,  22.08,  21.57,  21.32,  20.70,  21.60,  21.91,  22.16,  22.20,  22.37,  22.35,  22.64,  22.62,  22.55,  22.47,  22.77,  22.58,  22.05,  22.28
20160723, 1800,  , LO, 23.7N, 138.8W,  25, 1010,    0,    0,    0,    0,    0,    0,    0,    0,    0,    0,    0,    0, -999,  21.83,  21.84,  21.54,  21.81,  22.09,  22.10,  22.05,    nan,  21.93,  21.78,  21.90,  21.92,  21.87,  21.81,  22.28,  22.61,  22.42,  22.15,  22.07,  22.09,  22.20,  21.93,  21.64,  21.60,  21.46,  21.42,  21.38,  21.42,  21.31,  21.49,  21.45
20160724, 0000,  , LO, 24.0N, 140.1W,  25, 1010,    0,    0,    0,    0,    0,    0,    0,    0,    0,    0,    0,    0, -999,  22.16,  22.28,  22.31,  22.39,  22.15,  22.18,    nan,  22.30,  22.23,  22.16,  22.37,  22.49,  22.50,  22.68,  22.14,  21.99,  21.61,  20.84,  20.84,  21.21,  21.39,  21.27,  21.44,  21.54,  21.79,  21.73,  21.76,  21.77,  21.78,  21.75,  21.76
20160724, 0600,  , LO, 24.3N, 141.6W,  25, 1010,    0,    0,    0,    0,    0,    0,    0,    0,    0,    0,    0,    0, -999,  22.12,  22.16,  22.11,  22.05,  22.16,  22.14,    nan,  22.34,  22.23,  22.16,  22.33,  22.44,  22.74,  23.08,  23.17,  23.14,  22.84,  22.39,  22.46,  22.61,  22.82,  22.13,  21.90,  20.90,  21.20,  21.59,  21.99,  22.10,  22.14,  22.66,  22.58
