EP062000,             DANIEL,     54,
20000723, 0000,  , TD, 10.1N, 102.3W,  25, 1009, -999, -999, -999, -999, -999, -999, -999, -999, -999, -999, -999, -999, -999,  28.13,  28.02,  28.28,  28.59,  28.30,  28.52,  28.55,  28.79,  28.89,  28.71,  27.79,  27.53,  27.69,  27.84,  28.01,  28.05,  27.99,  28.03,  28.08,  28.49,  28.38,  28.22,  28.33,  28.30,  28.32,  28.26,  28.15,  28.08,  27.75,  27.79,  27.82
20000723, 0600,  , TD, 10.3N, 104.1W,  30, 1009, -999, -999, -999, -999, -999, -999, -999, -999, -999, -999, -999, -999, -999,  28.27,  28.03,  28.18,  28.41,  28.35,  28.40,  28.35,  28.68,  28.83,  28.69,  28.07,  27.83,  27.80,  28.13,  28.00,  28.28,  28.23,  28.22,  28.57,  28.51,  28.51,  28.30,  28.20,  28.16,  28.11,  28.25,  28.02,  28.09,  27.89,  27.81,  27.99
20000723, 1200,  , TD, 10.6N, 105.9W,  30, 1007, -999, -999, -999, -999, -999, -999, -999, -999, -999, -999, -999, -999, -999,  27.56,  27.65,  28.32,  28.62,  28.44,  28.36,  28.45,  28.82,  28.92,  28.73,  28.43,  28.29,  28.06,  28.34,  28.56,  28.49,  27.96,  27.94,  28.00,  28.11,  28.42,  28.44,  28.54,  28.32,  28.31,  28.25,  27.85,  27.84,  27.59,  27.37,  27.35
20000723, 1800,  , TS, 10.9N, 107.6W,  35, 1004, -999, -999, -999, -999, -999, -999, -999, -999, -999, -999, -999, -999, -999,  28.17,  28.39,  28.34,  28.60,  28.47,  28.09,  28.08,  28.46,  28.36,  28.07,  28.15,  28.08,  27.70,  27.88,  27.55,  27.59,  27.53,  27.61,  27.85,  28.00,  27.91,  28.01,  28.33,  28.48,  28.39,  28.35,  28.09,  27.94,  27.71,  27.57,  27.48
20000724, 0000,  , TS, 11.3N, 109.1W,  45, 1001, -999, -999, -999, -999, -999, -999, -999, -999, -999, -999, -999, -999, -999,  28.42,  28.04,  28.21,  27.82,  27.79,  28.18,  28.42,  28.59,  28.26,  27.99,  28.19,  28.42,  28.50,  28.12,  28.30,  28.02,  27.81,  27.62,  27.52,  27.34,  27.35,  27.65,  27.97,  27.98,  27.57,  27.61,  27.51,  27.46,  27.29,  27.30,  27.66
20000724, 0600,  , TS, 11.8N, 110.7W,  55,  997, -999, -999, -999, -999, -999, -999, -999, -999, -999, -999, -999, -999, -999,  28.29,  28.26,  28.16,  28.13,  28.16,  28.39,  28.37,  28.50,  28.13,  28.22,  28.50,  28.28,  28.48,  28.79,  28.45,  28.61,  28.37,  28.17,  28.29,  28.60,  28.78,  28.57,  28.74,  28.61,  28.35,  27.91,  28.16,  28.46,  28.45,  28.39,  28.57
20000724, 1200,  , HU, 12.3N, 112.3W,  65,  991, -999, -999, -999, -999, -999, -999, -999, -999, -999, -999, -999, -999, -999,  28.67,  28.56,  27.86,  27.77,  27.79,  27.94,  27.97,  28.14,  27.69,  27.90,  27.75,  27.68,  28.03,  28.29,  28.45,  28.33,  28.24,  28.32,  28.31,  28.92,  28.59,  28.78,  28.85,  28.61,  28.15,  27.83,  27.79,  27.70,  27.45,  27.33,  27.43
20000724, 1800,  , HU, 12.9N, 114.1W,  75,  980, -999, -999, -999, -999, -999, -999, -999, -999, -999, -999, -999, -999, -999,  28.06,  28.02,  27.72,  27.80,  27.87,  28.19,  28.42,  28.32,  28.10,  28.35,  27.98,  28.12,  28.12,  27.99,  27.87,  27.81,  28.04,  27.34,  27.47,  27.86,  27.68,  28.07,  27.78,  27.91,  27.98,  28.06,  28.02,  27.96,  27.77,  27.79,  27.77
20000725, 0000,  , HU, 13.4N, 116.0W,  95,  970, -999, -999, -999, -999, -999, -999, -999, -999, -999, -999, -999, -999, -999,  28.14,  27.95,  28.05,  28.10,  28.19,  28.32,  28.48,  28.59,  28.40,  28.10,  28.07,  28.04,  27.81,  27.37,  28.02,  28.22,  28.32,  27.73,  27.75,  27.02,  27.58,  28.10,  28.59,  28.50,  28.34,  28.14,  27.73,  27.41,  27.28,  27.34,  27.39
20000725, 0600,  , HU, 13.8N, 117.8W, 100,  964, -999, -999, -999, -999, -999, -999, -999, -999, -999, -999, -999, -999, -999,  26.90,  26.91,  26.90,  27.00,  27.00,  27.02,  27.22,  27.65,  27.69,  27.66,  27.65,  27.44,  27.70,  27.34,  27.35,  27.24,  27.18,  26.95,  27.01,  27.18,  27.25,  27.43,  28.11,  28.27,  27.68,  27.67,  27.68,  27.65,  27.56,  27.18,  27.06
20000725, 1200,  , HU, 14.0N, 119.4W, 105,  955, -999, -999, -999, -999, -999, -999, -999, -999, -999, -999, -999, -999, -999,  26.50,  26.44,  26.67,  26.87,  26.49,  26.55,  26.52,  26.75,  26.69,  26.78,  26.86,  26.77,  26.99,  26.72,  26.87,  26.80,  26.74,  26.21,  26.27,  26.57,  26.55,  26.70,  26.91,  27.24,  26.38,  26.55,  26.41,  26.91,  26.96,  26.96,  26.99
20000725, 1800,  , HU, 14.3N, 121.1W, 110,  954, -999, -999, -999, -999, -999, -999, -999, -999, -999, -999, -999, -999, -999,  26.25,  25.99,  26.07,  26.29,  26.23,  26.14,  26.50,  26.64,  26.70,  26.71,  26.72,  26.66,  26.63,  26.44,  26.27,  26.53,  26.74,  26.62,  26.89,  26.91,  27.15,  27.23,  27.17,  26.93,  26.76,  26.67,  26.49,  26.25,  26.38,  26.57,  26.77
20000726, 0000,  , HU, 14.5N, 122.5W, 110,  954, -999, -999, -999, -999, -999, -999, -999, -999, -999, -999, -999, -999, -999,  25.05,  24.75,  24.83,  24.65,  24.69,  24.96,  25.22,  25.64,  25.67,  25.63,  25.69,  25.46,  25.32,  25.34,  25.47,  25.77,  25.94,  25.84,  25.71,  25.09,  25.51,  25.06,  25.46,  24.75,  26.10,  25.95,  26.15,  26.14,  25.51,  26.36,  26.11
20000726, 0600,  , HU, 14.9N, 123.9W, 105,  956, -999, -999, -999, -999, -999, -999, -999, -999, -999, -999, -999, -999, -999,  25.80,  25.61,  25.61,  25.06,  24.79,  25.29,  25.50,  25.71,  25.87,  25.81,  26.04,  26.00,  26.01,  25.95,  25.92,  25.88,  25.80,  25.81,  25.64,  25.57,  25.69,  25.63,  25.68,  25.32,  25.80,  25.11,  25.83,  25.69,  25.35,  25.91,  26.22
20000726, 1200,  , HU, 15.3N, 125.3W, 105,  959, -999, -999, -999, -999, -999, -999, -999, -999, -999, -999, -999, -999, -999,  25.81,  25.94,  25.92,  25.99,  25.57,  25.75,  26.04,  26.31,  26.29,  26.22,  26.23,  26.32,  26.34,  25.98,  25.90,  26.06,  25.86,  26.00,  26.10,  26.07,  25.94,  26.06,  26.03,  26.02,  25.88,  26.20,  26.16,  25.93,  25.49,  25.71,  25.71
20000726, 1800,  , HU, 15.5N, 127.0W, 105,  961, -999, -999, -999, -999, -999, -999, -999, -999, -999, -999, -999, -999, -999,  25.72,  25.85,  25.81,  25.77,  25.65,  25.69,  25.98,  25.97,  25.93,  25.80,  25.88,  25.93,  25.93,  25.87,  25.83,  25.89,  25.88,  25.89,  26.02,  25.85,  25.63,  25.58,  25.66,  25.64,  25.44,  25.64,  25.58,  25.71,  25.33,  25.44,  25.07
20000727, 0000,  , HU, 15.6N, 128.5W, 100,  963, -999, -999, -999, -999, -999, -999, -999, -999, -999, -999, -999, -999, -999,  25.84,  25.91,  25.95,  25.73,  25.70,  25.80,  25.93,  25.96,  25.92,  25.92,  25.89,  25.98,  25.81,  25.95,  26.02,  25.77,  25.68,  25.93,  25.94,  25.79,  25.79,  25.95,  26.17,  26.23,  26.37,  26.45,  26.33,  25.91,  25.73,  25.55,  25.72
20000727, 0600,  , HU, 15.7N, 130.1W,  95,  964, -999, -999, -999, -999, -999, -999, -999, -999, -999, -999, -999, -999, -999,  25.94,  26.07,  25.82,  25.88,  25.91,  26.12,  26.30,  26.26,  26.32,  26.15,  26.02,  25.95,  25.92,  25.90,  26.14,  26.12,  25.88,  26.09,  26.11,  26.01,  25.89,  26.08,  26.33,  26.59,  26.77,  26.89,  26.89,  26.77,  26.44,  26.20,  26.29
20000727, 1200,  , HU, 15.9N, 131.6W,  90,  965, -999, -999, -999, -999, -999, -999, -999, -999, -999, -999, -999, -999, -999,  25.68,  25.93,  25.64,  25.70,  25.67,  25.72,  25.71,  26.17,  26.07,  25.80,  25.79,  25.93,  26.00,  26.05,  26.23,  26.20,  25.97,  26.14,  26.34,  26.27,  25.94,  25.84,  26.07,  26.01,  26.09,  26.18,  26.21,  25.83,  25.53,  25.36,  25.35
20000727, 1800,  , HU, 16.0N, 133.2W,  95,  964, -999, -999, -999, -999, -999, -999, -999, -999, -999, -999, -999, -999, -999,  25.65,  25.95,  25.91,  25.95,  25.87,  25.84,  25.89,  26.43,  26.20,  26.03,  25.86,  25.83,  25.55,  25.56,  25.80,  25.89,  25.88,  25.88,  26.04,  26.02,  25.71,  25.34,  25.71,  25.58,  25.86,  26.28,  26.33,  25.91,  26.05,  26.07,  25.96
20000728, 0000,  , HU, 16.4N, 134.8W,  95,  962, -999, -999, -999, -999, -999, -999, -999, -999, -999, -999, -999, -999, -999,  25.29,  25.19,  25.17,  25.18,  25.16,  25.38,  25.56,  25.55,  25.39,  25.22,  25.08,  25.00,  25.09,  25.29,  25.66,  25.74,  25.91,  26.00,  26.05,  25.96,  25.82,  25.81,  25.63,  25.83,  25.86,  25.65,  25.45,  25.44,  25.57,  25.68,  25.73
20000728, 0600,  , HU, 16.8N, 136.4W, 105,  961, -999, -999, -999, -999, -999, -999, -999, -999, -999, -999, -999, -999, -999,  24.44,  24.44,  24.32,  24.21,  24.22,  24.18,  24.60,  24.80,  24.83,  24.74,  24.74,  24.70,  24.77,  24.83,  24.94,  25.13,  24.93,  25.23,  25.28,  25.35,  25.27,  25.27,  25.50,  25.61,  25.65,  25.70,  25.52,  25.37,  25.35,  25.09,  25.18
20000728, 1200,  , HU, 17.2N, 138.2W, 100,  963, -999, -999, -999, -999, -999, -999, -999, -999, -999, -999, -999, -999, -999,  24.42,  24.50,  24.48,  24.34,  24.24,  24.24,  24.40,  24.65,  24.68,  24.60,  24.73,  24.70,  24.67,  24.75,  24.79,  24.82,  24.61,  24.66,  24.80,  24.87,  24.78,  24.77,  24.61,  24.79,  24.86,  24.95,  24.78,  24.82,  24.94,  25.02,  25.26
20000728, 1800,  , HU, 17.5N, 139.6W,  90,  968, -999, -999, -999, -999, -999, -999, -999, -999, -999, -999, -999, -999, -999,  24.98,  25.28,  25.32,  25.17,  24.96,  25.03,  24.96,  24.91,  24.80,  24.65,  24.76,  24.72,  24.59,  24.47,  24.65,  24.70,  24.61,  24.57,  24.66,  24.62,  24.59,  24.54,  24.40,  24.59,  24.96,  25.18,  25.03,  24.98,  25.01,  25.08,  25.28
20000729, 0000,  , HU, 18.0N, 141.3W,  80,  980, -999, -999, -999, -999, -999, -999, -999, -999, -999, -999, -999, -999, -999,  24.70,  24.85,  24.79,  24.84,  25.20,  25.24,  25.09,  25.33,  25.35,  25.32,  25.31,  25.33,  25.12,  25.29,  25.31,  25.35,  25.15,  25.27,  25.38,  25.52,  25.32,  25.20,  25.58,  25.80,  25.91,  25.76,  25.55,  25.34,  25.07,  25.09,  25.03
20000729, 0600,  , HU, 18.4N, 142.9W,  65,  990, -999, -999, -999, -999, -999, -999, -999, -999, -999, -999, -999, -999, -999,  24.54,  24.44,  24.14,  24.30,  24.73,  24.81,  24.89,  25.09,  25.19,  25.14,  25.17,  25.05,  24.93,  24.82,  25.09,  25.07,  25.05,  25.08,  25.21,  25.19,  24.95,  24.99,  25.04,  25.15,  25.36,  25.34,  25.29,  25.31,  25.15,  25.29,  25.24
20000729, 1200,  , HU, 18.7N, 144.6W,  65,  990, -999, -999, -999, -999, -999, -999, -999, -999, -999, -999, -999, -999, -999,  24.62,  24.66,  24.56,  24.72,  24.82,  24.72,  24.72,  24.94,  24.95,  24.92,  24.89,  24.93,  24.56,  24.56,  24.82,  25.10,  25.20,  25.28,  25.53,  25.11,  25.03,  24.62,  24.73,  24.76,  25.05,  25.28,  25.28,  25.24,  24.95,  24.93,  25.09
20000729, 1800,  , HU, 18.9N, 146.3W,  65,  990, -999, -999, -999, -999, -999, -999, -999, -999, -999, -999, -999, -999, -999,  24.69,  24.69,  24.88,  24.93,  24.87,  24.89,  24.99,  25.25,  25.27,  25.21,  25.25,  25.30,  24.97,  24.89,  24.99,  25.23,  25.21,  25.25,  25.39,  25.37,  25.30,  25.13,  25.04,  25.00,  25.32,  25.41,  25.34,  25.20,  25.24,  25.31,  25.56
20000730, 0000,  , TS, 19.3N, 147.7W,  60,  995, -999, -999, -999, -999, -999, -999, -999, -999, -999, -999, -999, -999, -999,  24.41,  24.48,  24.64,  24.60,  24.74,  24.82,  25.05,  25.02,  25.10,  25.17,  25.18,  24.79,  24.54,  24.83,  25.24,  25.27,  25.27,  25.38,  25.11,  24.99,  24.84,  24.49,  24.35,  24.62,  24.70,  24.86,  24.93,  24.94,  24.94,  25.12,  25.09
20000730, 0600,  , TS, 19.8N, 148.9W,  55,  997, -999, -999, -999, -999, -999, -999, -999, -999, -999, -999, -999, -999, -999,  24.34,  24.58,  24.61,  24.52,  24.65,  24.73,  24.91,  24.93,  24.94,  24.88,  24.93,  24.88,  24.73,  24.77,  24.97,  25.06,  25.03,  24.92,  25.12,  24.86,  24.60,  24.25,  24.25,  24.38,  24.42,  24.41,  24.53,  24.61,  24.67,  24.78,  24.94
20000730, 1200,  , TS, 20.1N, 150.0W,  55,  997, -999, -999, -999, -999, -999, -999, -999, -999, -999, -999, -999, -999, -999,  24.96,  25.02,  25.03,  25.09,  25.08,  24.97,  25.21,  25.14,  25.15,  24.96,  25.05,  25.12,  25.05,  25.08,  25.04,  25.15,  25.18,  25.07,  25.31,  25.27,  25.23,  25.16,  25.09,  24.96,  24.65,  24.36,  24.36,  24.67,  24.88,  24.87,  24.96
20000730, 1800,  , TS, 20.5N, 151.0W,  50,  995, -999, -999, -999, -999, -999, -999, -999, -999, -999, -999, -999, -999, -999,  24.91,  24.90,  24.83,  24.78,  24.86,  24.81,  25.13,  24.96,  25.04,  24.82,  24.91,  25.10,  25.04,  25.16,  25.30,  25.33,  25.46,  25.09,  24.93,  25.10,  25.20,  25.19,  25.15,  25.24,  25.21,  25.17,  24.93,  25.12,  25.35,  25.39,  25.41
20000731, 0000,  , TS, 20.7N, 151.8W,  55,  993, -999, -999, -999, -999, -999, -999, -999, -999, -999, -999, -999, -999, -999,  24.81,  24.78,  24.80,  24.94,  24.87,  25.08,  24.89,  24.92,  24.69,  24.76,  24.82,  24.71,  24.78,  24.93,  25.00,  25.29,  25.06,  24.91,  25.05,  25.07,  25.02,  24.86,  24.87,  24.76,  24.80,  24.63,  24.71,  24.92,  24.99,  25.01,  25.07
20000731, 0600,  , TS, 20.8N, 152.5W,  50,  995, -999, -999, -999, -999, -999, -999, -999, -999, -999, -999, -999, -999, -999,  24.96,  24.98,  25.05,  25.16,  25.09,  25.16,  25.03,  25.13,  24.99,  25.00,  24.94,  24.77,  24.70,  24.76,  24.84,  25.17,  25.01,  24.99,  25.07,  25.08,  25.14,  24.99,  24.90,  24.75,  24.80,  24.74,  24.80,  24.99,  25.13,  25.24,  25.32
20000731, 1200,  , TS, 21.0N, 153.1W,  45,  998, -999, -999, -999, -999, -999, -999, -999, -999, -999, -999, -999, -999, -999,  24.99,  25.04,  25.07,  25.15,  25.13,  25.03,  24.95,  25.13,  25.08,  25.08,  25.28,  25.23,  25.11,  25.17,  25.29,  25.32,  25.31,  25.29,  25.34,  25.45,  25.45,  25.38,  25.37,  25.29,  25.26,  25.04,  25.06,  25.15,  25.22,  25.28,  25.34
20000731, 1800,  , TS, 21.3N, 153.8W,  60,  993, -999, -999, -999, -999, -999, -999, -999, -999, -999, -999, -999, -999, -999,  25.43,  25.43,  25.39,  25.39,  25.31,  25.04,  25.10,  25.23,  25.31,  25.32,  25.55,  25.42,  25.31,  25.38,  25.57,  25.46,  25.41,  25.47,  25.48,  25.61,  25.63,  25.70,  25.74,  25.63,  25.69,  25.62,  25.58,  25.73,  25.78,  25.87,  25.89
20000801, 0000,  , TS, 21.8N, 154.5W,  60,  998, -999, -999, -999, -999, -999, -999, -999, -999, -999, -999, -999, -999, -999,  25.44,  25.50,  25.50,  25.51,  25.19,  25.20,  25.16,  25.24,  25.24,  25.43,  25.24,  25.18,  25.17,  25.32,  25.30,  25.43,  25.28,  25.30,  25.54,  25.69,  25.85,  26.00,  25.93,  26.00,  25.91,  25.68,  25.82,  25.76,  25.85,  25.89,  25.56
20000801, 0600,  , TS, 22.3N, 155.2W,  50, 1001, -999, -999, -999, -999, -999, -999, -999, -999, -999, -999, -999, -999, -999,  25.41,  25.59,  25.51,  25.39,  25.38,  25.21,  25.21,  25.15,  25.23,  25.43,  25.25,  25.19,  25.09,  25.11,  25.25,  25.23,  25.23,  25.38,  25.47,  25.48,  25.57,  25.55,  25.59,  25.51,  25.38,  25.24,  25.32,  25.30,  25.44,  25.53,  25.30
20000801, 1200,  , TS, 22.9N, 156.1W,  45, 1004, -999, -999, -999, -999, -999, -999, -999, -999, -999, -999, -999, -999, -999,  25.55,  25.52,  25.43,  25.49,  25.45,  25.48,  25.45,  25.51,  25.50,  25.57,  25.48,  25.53,  25.46,  25.58,  25.74,  25.83,  25.67,  25.70,  25.73,  25.73,  25.75,  25.59,  25.70,  25.78,  25.71,  25.63,  25.71,  25.73,  25.79,  25.76,  25.69
20000801, 1800,  , TS, 23.6N, 157.2W,  45, 1006, -999, -999, -999, -999, -999, -999, -999, -999, -999, -999, -999, -999, -999,  25.70,  25.75,  25.66,  25.70,  25.55,  25.71,  25.50,  25.39,  25.43,  25.36,  25.37,  25.55,  25.57,  25.59,  25.90,  25.91,  25.75,  25.64,  25.70,  25.62,  25.49,  25.48,  25.58,  25.78,  25.73,  25.79,  25.86,  25.85,  25.86,  25.69,  25.88
20000802, 0000,  , TS, 24.2N, 158.4W,  40, 1008, -999, -999, -999, -999, -999, -999, -999, -999, -999, -999, -999, -999, -999,  25.76,  25.66,  25.74,  25.52,  25.33,  25.20,  25.12,  25.13,  25.09,  25.30,  25.48,  25.52,  25.59,  25.62,  25.70,  25.71,  25.44,  25.56,  25.62,  25.59,  25.87,  25.69,  25.69,  25.72,  25.78,  25.87,  25.80,  25.75,  25.64,  25.68,  25.86
20000802, 0600,  , TS, 25.0N, 159.6W,  45, 1006, -999, -999, -999, -999, -999, -999, -999, -999, -999, -999, -999, -999, -999,  26.26,  26.28,  26.23,  26.09,  25.88,  25.71,  25.68,  25.50,  25.53,  25.56,  25.53,  25.51,  25.50,  25.30,  25.32,  25.99,  25.81,  25.91,  25.95,  25.91,  26.02,  25.79,  26.13,  26.14,  26.16,  26.08,  26.02,  25.99,  25.94,  25.87,  25.98
20000802, 1200,  , TS, 25.8N, 160.9W,  45, 1007, -999, -999, -999, -999, -999, -999, -999, -999, -999, -999, -999, -999, -999,  26.06,  26.14,  25.96,  25.91,  25.80,  25.70,  25.65,  25.66,  25.70,  25.75,  25.64,  25.64,  25.65,  25.47,  25.58,  25.97,  25.99,  26.02,  25.93,  25.95,  25.81,  25.67,  25.86,  26.18,  26.16,  26.19,  26.20,  26.25,  26.33,  26.28,  26.35
20000802, 1800,  , TS, 26.9N, 162.3W,  45, 1008, -999, -999, -999, -999, -999, -999, -999, -999, -999, -999, -999, -999, -999,  25.17,  25.15,  25.04,  25.08,  25.11,  24.96,  25.01,  25.04,  25.11,  25.03,  25.14,  25.43,  25.55,  25.56,  25.93,  26.14,  26.11,  26.00,  25.68,  25.59,  25.50,  25.39,  25.49,  25.91,  26.29,  26.37,  26.22,  26.15,  25.98,  26.01,  26.14
20000803, 0000,  , TS, 27.9N, 163.7W,  40, 1010, -999, -999, -999, -999, -999, -999, -999, -999, -999, -999, -999, -999, -999,  24.89,  24.69,  24.81,  24.89,  25.12,  25.09,  25.11,  25.00,  24.89,  25.06,  25.31,  25.55,  25.27,  25.07,  25.30,  25.48,  25.57,  25.40,  25.40,  25.53,  25.59,  25.68,  25.67,  25.74,  25.60,  25.52,  25.73,  25.79,  25.83,  26.04,  26.05
20000803, 0600,  , TS, 28.8N, 165.2W,  35, 1008, -999, -999, -999, -999, -999, -999, -999, -999, -999, -999, -999, -999, -999,  25.01,  24.75,  24.75,  24.66,  24.57,  24.56,  24.65,  24.79,  24.78,  24.87,  25.09,  25.03,  24.99,  25.08,  25.15,  25.35,  25.44,  25.40,  25.30,  25.33,  25.45,  25.47,  25.63,  25.97,  26.02,  26.22,  26.20,  25.89,  26.01,  26.13,  26.32
20000803, 1200,  , TD, 29.8N, 166.5W,  30, 1009, -999, -999, -999, -999, -999, -999, -999, -999, -999, -999, -999, -999, -999,  24.76,  24.73,  24.75,  24.68,  24.66,  24.68,  24.75,  24.86,  24.88,  24.92,  24.96,  25.12,  25.12,  25.19,  25.27,  25.36,  25.18,  25.17,  25.40,  25.40,  25.27,  25.36,  25.38,  25.41,  25.45,  25.65,  25.77,  26.20,  26.29,  26.48,  26.64
20000803, 1800,  , TD, 30.5N, 167.6W,  30, 1010, -999, -999, -999, -999, -999, -999, -999, -999, -999, -999, -999, -999, -999,  24.09,  24.09,  24.11,  23.96,  23.91,  23.67,  23.59,  23.79,  23.98,  24.06,  24.23,  24.64,  24.73,  24.86,  24.80,  24.98,  24.95,  24.70,  24.74,  25.11,  25.02,  25.25,  25.48,  25.52,  25.64,  25.77,  25.70,  26.39,  26.21,  26.25,  26.41
20000804, 0000,  , TD, 31.4N, 168.6W,  30, 1012, -999, -999, -999, -999, -999, -999, -999, -999, -999, -999, -999, -999, -999,  24.11,  24.24,  24.18,  24.18,  24.23,  24.24,  23.89,  23.82,  23.94,  23.76,  23.71,  23.83,  24.21,  24.16,  24.09,  24.30,  24.48,  24.61,  24.46,  24.48,  24.57,  24.59,  24.85,  24.93,  24.84,  24.62,  25.02,  24.74,  24.78,  24.98,  25.38
20000804, 0600,  , TD, 32.2N, 169.3W,  30, 1012, -999, -999, -999, -999, -999, -999, -999, -999, -999, -999, -999, -999, -999,  24.11,  24.04,  23.99,  23.95,  23.97,  23.97,  23.83,  23.80,  23.88,  24.02,  24.07,  24.25,  24.32,  24.36,  24.28,  24.19,  24.16,  23.88,  24.15,  24.54,  24.77,  25.04,  25.26,  25.44,  25.26,  24.94,  25.19,  25.03,  25.16,  25.32,  25.43
20000804, 1200,  , TD, 33.0N, 169.9W,  25, 1013, -999, -999, -999, -999, -999, -999, -999, -999, -999, -999, -999, -999, -999,  23.52,  23.34,  23.28,  23.43,  23.32,  23.15,  23.02,  22.76,  22.45,  22.90,  23.32,  23.54,  23.80,  23.97,  23.70,  23.50,  23.49,  23.35,  23.29,  23.55,  23.54,  24.12,  24.34,  24.29,  24.42,  24.04,  23.82,  23.84,  23.53,  23.86,  24.02
20000804, 1800,  , TD, 33.9N, 170.3W,  25, 1015, -999, -999, -999, -999, -999, -999, -999, -999, -999, -999, -999, -999, -999,  22.85,  22.58,  22.43,  22.61,  22.59,  22.57,  22.52,  22.52,  22.43,  22.62,  22.54,  22.55,  22.90,  23.14,  23.02,  23.08,  23.00,  22.66,  22.81,  22.66,  22.95,  23.23,  23.33,  23.34,  23.43,  23.24,  23.04,  23.42,  23.79,  24.02,  24.23
20000805, 0000,  , TD, 35.0N, 170.5W,  25, 1017, -999, -999, -999, -999, -999, -999, -999, -999, -999, -999, -999, -999, -999,  22.71,  22.68,  22.75,  22.72,  22.70,  22.62,  22.64,  22.52,  22.50,  22.58,  22.79,  22.99,  23.26,  23.29,  23.36,  23.60,  23.40,  23.39,  23.26,  23.32,  23.71,  24.25,  24.40,  24.37,  24.84,  24.62,  24.77,  24.84,  24.83,  24.92,  24.68
20000805, 0600,  , TD, 36.1N, 170.7W,  25, 1017, -999, -999, -999, -999, -999, -999, -999, -999, -999, -999, -999, -999, -999,  22.10,  22.10,  21.77,  21.73,  21.60,  22.09,  22.63,  22.50,  22.17,  22.15,  22.18,  22.21,  22.32,  22.57,  22.86,  22.88,  23.20,  23.78,  24.04,  23.93,  24.10,  24.11,  24.00,  23.77,  24.04,  23.83,  24.17,  24.21,  24.01,  23.84,  23.97
