EP072007,             DALILA,     34,
20070722, 0000,  , TD, 12.5N, 104.6W,  25, 1008,    0,    0,    0,    0,    0,    0,    0,    0,    0,    0,    0,    0, -999,  29.18,  29.23,  29.06,  28.89,  28.88,  29.00,  28.99,  28.89,  28.83,  28.89,  28.75,  28.89,  28.88,  28.83,  28.62,  28.25,  28.33,  28.36,  27.68,  27.41,  27.31,  27.63,  27.18,  26.81,  27.05,  27.34,  27.12,  26.48,  27.19,  27.64,  27.00
20070722, 0600,  , TD, 12.6N, 105.3W,  25, 1008,    0,    0,    0,    0,    0,    0,    0,    0,    0,    0,    0,    0, -999,  28.86,  28.75,  28.36,  28.35,  28.16,  28.57,  28.74,  28.68,  28.78,  29.08,  28.83,  28.85,  28.64,  28.48,  28.44,  28.15,  28.04,  28.26,  28.05,  28.04,  27.75,  27.71,  27.53,  27.30,  27.60,  27.86,  27.37,  27.07,  27.50,  28.21,  28.09
20070722, 1200,  , TD, 12.7N, 105.9W,  30, 1007,    0,    0,    0,    0,    0,    0,    0,    0,    0,    0,    0,    0, -999,  28.80,  28.88,  28.55,  28.81,  28.68,  28.55,  28.57,  28.43,  28.35,  28.58,  28.62,  28.60,  28.35,  28.17,  28.16,  28.05,  28.03,  28.15,  28.27,  28.34,  28.66,  28.67,  28.56,  28.52,  28.54,  28.51,  27.98,  27.85,  27.80,  28.11,  28.33
20070722, 1800,  , TD, 12.9N, 106.6W,  30, 1007,    0,    0,    0,    0,    0,    0,    0,    0,    0,    0,    0,    0, -999,  28.23,  28.39,  28.20,  28.38,  28.28,  28.33,  28.15,  28.07,  27.92,  28.27,  28.34,  28.42,  28.34,  27.91,  28.01,  28.32,  28.22,  28.12,  27.75,  27.45,  27.57,  27.52,  27.51,  27.58,  27.67,  27.89,  27.82,  27.78,  27.66,  27.83,  28.07
20070723, 0000,  , TD, 13.2N, 107.3W,  30, 1007,    0,    0,    0,    0,    0,    0,    0,    0,    0,    0,    0,    0, -999,  28.13,  28.23,  28.30,  28.28,  28.08,  28.14,  28.09,  28.05,  28.37,  28.22,  28.20,  28.63,  28.23,  28.06,  27.80,  27.55,  27.59,  27.61,  27.27,  27.32,  27.34,  27.29,  27.49,  27.54,  27.52,  27.63,  27.64,  27.11,  27.40,  27.83,  27.28
20070723, 0600,  , TD, 13.8N, 108.0W,  30, 1007,    0,    0,    0,    0,    0,    0,    0,    0,    0,    0,    0,    0, -999,  26.85,  26.85,  27.29,  27.39,  27.76,  27.29,  27.50,  28.03,  27.81,  26.93,  26.90,  27.17,  27.53,  27.45,  27.16,  27.38,  27.18,  27.56,  27.57,  27.25,  27.13,  27.18,  27.20,  27.03,  26.92,  26.87,  27.00,  26.91,  27.13,  27.10,  26.84
20070723, 1200,  , TD, 14.5N, 108.5W,  30, 1006,    0,    0,    0,    0,    0,    0,    0,    0,    0,    0,    0,    0, -999,  26.96,  26.70,  26.86,  27.09,  26.74,  26.56,  26.73,  27.69,  26.20,  27.03,  25.64,  26.22,  26.55,  26.59,  26.55,  26.86,  26.30,  26.54,  27.37,  26.41,  26.89,  27.20,  27.49,  26.97,  26.97,  26.68,  26.45,  26.70,  26.62,  26.72,  26.45
20070723, 1800,  , TD, 15.1N, 108.9W,  30, 1006,    0,    0,    0,    0,    0,    0,    0,    0,    0,    0,    0,    0, -999,  26.86,  26.73,  26.39,  27.06,  26.45,  26.62,  27.54,  27.13,  27.28,  26.87,  26.97,  26.38,  26.49,  26.71,  26.96,  27.20,  26.54,  26.31,  27.20,  27.05,  27.04,  26.56,  26.25,  26.89,  26.92,  27.30,  26.47,  26.99,  26.70,  27.11,  26.70
20070724, 0000,  , TS, 15.8N, 109.3W,  35, 1005,    0,   60,   90,    0,    0,    0,    0,    0,    0,    0,    0,    0, -999,  27.25,  27.27,  26.98,  27.48,  27.57,  27.87,  28.12,  27.30,  27.49,  27.13,  26.99,  26.77,  27.25,  27.00,  27.02,  26.86,  26.45,  26.91,  26.45,  26.66,  26.70,  26.80,  26.89,  27.21,  26.93,  26.77,  26.46,  26.80,  26.57,  26.85,  26.72
20070724, 0600,  , TS, 16.4N, 109.7W,  35, 1004,    0,   90,   90,    0,    0,    0,    0,    0,    0,    0,    0,    0, -999,  26.39,  26.61,  26.72,  26.59,  27.26,  26.98,  27.50,  26.93,  27.54,  27.30,  27.73,  28.00,  26.97,  27.05,  26.82,  25.77,  25.92,  27.08,  26.91,  26.40,  26.27,  26.45,  26.55,  26.23,  26.34,  25.95,  25.89,  26.18,  26.02,  26.40,  26.45
20070724, 1200,  , TS, 16.9N, 110.0W,  40, 1002,   50,  100,  100,    0,    0,    0,    0,    0,    0,    0,    0,    0, -999,  26.81,  26.57,  27.06,  26.91,  27.80,  28.41,  28.79,  28.22,  27.37,  27.10,  26.80,  27.00,  26.49,  26.80,  26.47,  26.46,  25.89,  27.18,  27.30,  25.42,  26.05,  25.97,  26.84,  26.78,  26.72,  26.86,  26.63,  26.77,  26.43,  26.60,  26.66
20070724, 1800,  , TS, 17.5N, 110.3W,  45,  999,   50,  100,  100,    0,    0,    0,    0,    0,    0,    0,    0,    0, -999,  26.25,  26.04,  26.53,  26.45,  26.58,  26.88,  26.25,  26.53,  26.79,  26.97,  26.95,  27.06,  26.35,  26.36,  26.29,  26.18,  25.72,  25.01,  27.20,  25.98,  25.42,  26.22,  26.07,  25.42,  24.88,  24.99,  25.12,  24.92,  25.66,  25.91,  25.79
20070725, 0000,  , TS, 18.1N, 110.6W,  50,  995,   90,  120,  120,    0,    0,   50,    0,    0,    0,    0,    0,    0, -999,  22.54,  23.48,  23.64,  24.29,  24.45,  23.87,  24.14,  24.68,  24.23,  24.31,  24.38,  23.70,  23.93,  24.07,  23.66,  23.19,  21.87,  22.16,  21.49,  20.75,  21.02,  21.36,  21.38,  20.47,  19.99,  20.40,  20.65,  20.68,  21.09,  21.34,  21.24
20070725, 0600,  , TS, 18.7N, 110.9W,  50,  996,   90,  120,   90,    0,    0,   50,    0,    0,    0,    0,    0,    0, -999,  21.99,  22.37,  23.55,  23.94,  23.64,  23.53,  23.30,  23.18,  23.12,  22.55,  22.61,  22.19,  22.10,  22.37,  22.02,  21.25,  20.39,  19.31,  19.53,  20.87,  19.57,  19.55,  21.49,  20.55,  20.10,  20.69,  19.56,  20.95,  21.35,  20.40,  21.35
20070725, 1200,  , TS, 19.3N, 111.3W,  45,  998,   75,  120,   90,   30,    0,    0,    0,    0,    0,    0,    0,    0, -999,  22.32,  23.44,  23.77,  22.97,  22.39,  22.42,  22.86,  22.59,  21.93,  22.33,  22.48,  22.33,  23.25,  23.51,  23.34,  22.31,  21.15,  20.55,  21.04,  21.40,  21.07,  21.00,  21.17,  20.70,  20.11,  19.85,  20.52,  20.17,  19.74,  20.22,  21.06
20070725, 1800,  , TS, 19.8N, 111.8W,  45, 1000,   60,  120,   75,   30,    0,    0,    0,    0,    0,    0,    0,    0, -999,  23.11,  23.50,  23.69,  23.77,  23.58,  23.50,  23.76,  24.22,  23.54,  23.09,  23.06,  22.90,  23.11,  23.28,  23.27,  22.95,  22.56,  22.16,  22.13,  21.72,  21.78,  22.07,  20.92,  19.81,  20.05,  20.41,  20.41,  20.41,  20.69,  21.17,  21.19
20070726, 0000,  , TS, 20.3N, 112.3W,  45, 1000,   60,  120,   75,   30,    0,    0,    0,    0,    0,    0,    0,    0, -999,  21.93,  22.03,  21.80,  21.54,  21.36,  21.60,  21.91,  21.45,  21.05,  20.62,  20.07,  20.43,  20.97,  21.07,  21.00,  20.51,  20.39,  20.96,  21.08,  21.15,  21.34,  20.82,  20.65,  20.71,  20.13,  20.18,  20.12,  20.24,  21.28,  21.43,  21.60
20070726, 0600,  , TS, 20.9N, 112.9W,  45, 1000,   60,  120,   60,   30,    0,    0,    0,    0,    0,    0,    0,    0, -999,  19.44,  19.44,  20.00,  20.34,  20.79,  21.18,  21.12,  20.82,  19.84,  19.10,  18.60,  19.12,  19.88,  20.22,  20.22,  20.22,  20.00,  19.73,  19.34,  19.66,  19.39,  19.27,  19.80,  20.22,  20.19,  20.39,  20.17,  20.55,  21.17,  21.36,  20.95
20070726, 1200,  , TS, 21.5N, 113.7W,  45, 1000,   60,   90,   30,   30,    0,    0,    0,    0,    0,    0,    0,    0, -999,  19.32,  19.84,  20.76,  21.41,  21.24,  21.15,  21.20,  21.62,  21.64,  21.20,  20.25,  20.70,  21.29,  21.57,  20.88,  20.88,  19.86,  20.15,  19.15,  19.06,  19.12,  19.22,  19.04,  19.11,  18.56,  18.28,  18.20,  18.35,  18.67,  18.86,  19.32
20070726, 1800,  , TS, 22.0N, 114.8W,  40, 1002,   60,   60,    0,   30,    0,    0,    0,    0,    0,    0,    0,    0, -999,  19.98,  20.04,  20.82,  20.76,  20.45,  20.36,  20.61,  20.89,  21.06,  20.87,  20.98,  21.13,  20.90,  21.12,  21.46,  21.82,  21.76,  22.44,  21.50,  21.23,  21.61,  21.23,  20.94,  20.74,  20.90,  21.37,  21.15,  20.32,  20.61,  20.96,  21.48
20070727, 0000,  , TS, 22.4N, 115.7W,  35, 1003,   60,    0,    0,   30,    0,    0,    0,    0,    0,    0,    0,    0, -999,  20.88,  21.18,  20.68,  20.18,  20.21,  20.73,  20.79,  21.43,  21.35,  21.52,  21.86,  21.60,  21.26,  20.97,  20.95,  20.88,  20.72,  21.43,  20.53,  20.02,  19.56,  19.61,  19.52,  19.70,  19.40,  19.17,  18.93,  19.05,  18.98,  19.78,  20.48
20070727, 0600,  , TD, 22.7N, 116.6W,  30, 1005,    0,    0,    0,    0,    0,    0,    0,    0,    0,    0,    0,    0, -999,  20.46,  20.52,  20.72,  20.85,  20.97,  21.29,  21.47,  21.40,  21.23,  21.31,  20.80,  19.81,  19.61,  19.15,  19.09,  18.64,  18.65,  19.28,  18.81,  19.00,  18.87,  19.37,  19.71,  19.92,  20.10,  20.39,  20.46,  20.90,  21.31,  21.45,  21.82
20070727, 1200,  , TD, 23.0N, 117.5W,  25, 1006,    0,    0,    0,    0,    0,    0,    0,    0,    0,    0,    0,    0, -999,  18.56,  18.44,  18.26,  18.01,  18.23,  18.63,  18.92,  18.97,  19.03,  18.95,  18.42,  17.92,  17.77,  17.59,  18.55,  19.33,  18.55,  18.73,  18.79,  18.85,  18.48,  18.67,  18.96,  19.16,  19.04,  18.42,  18.25,  18.34,  18.48,  18.89,  18.82
20070727, 1800,  , LO, 23.3N, 118.2W,  25, 1008,    0,    0,    0,    0,    0,    0,    0,    0,    0,    0,    0,    0, -999,  20.39,  20.58,  20.94,  20.97,  21.12,  20.87,  20.56,  20.55,  20.49,  20.32,  20.04,  19.90,  18.98,  18.50,  18.44,  19.20,  19.08,  19.14,  19.26,  18.88,  18.76,  18.64,  18.77,  18.91,  18.99,  18.83,  18.51,  18.32,  18.42,  18.77,  19.02
20070728, 0000,  , LO, 23.6N, 118.9W,  25, 1009,    0,    0,    0,    0,    0,    0,    0,    0,    0,    0,    0,    0, -999,  20.98,  20.97,  21.29,  20.79,  20.69,  20.67,  21.07,  21.26,  21.06,  20.96,  20.90,  20.24,  20.07,  19.59,  19.69,  19.49,  19.41,  19.69,  19.05,  18.89,  18.89,  19.21,  19.32,  19.41,  19.25,  18.46,  17.97,  17.74,  18.43,  19.33,  19.58
20070728, 0600,  , LO, 23.9N, 119.6W,  25, 1009,    0,    0,    0,    0,    0,    0,    0,    0,    0,    0,    0,    0, -999,  19.41,  19.60,  19.76,  19.39,  19.49,  19.59,  19.76,  20.19,  20.31,  20.38,  20.05,  19.95,  19.97,  20.04,  20.21,  20.16,  19.66,  19.78,  19.75,  19.82,  19.85,  19.70,  19.57,  19.47,  19.16,  18.77,  19.05,  19.07,  18.76,  18.80,  18.80
20070728, 1200,  , LO, 24.2N, 120.3W,  25, 1009,    0,    0,    0,    0,    0,    0,    0,    0,    0,    0,    0,    0, -999,  19.77,  19.96,  20.06,  19.57,  19.44,  19.71,  19.91,  20.32,  20.38,  20.23,  19.68,  19.63,  19.66,  19.84,  19.95,  20.47,  20.27,  20.18,  20.16,  20.25,  20.38,  20.36,  20.40,  20.31,  19.96,  19.73,  20.04,  20.32,  20.36,  20.32,  20.35
20070728, 1800,  , LO, 24.5N, 121.0W,  25, 1009,    0,    0,    0,    0,    0,    0,    0,    0,    0,    0,    0,    0, -999,  18.71,  18.82,  19.01,  19.05,  19.03,  18.93,  19.13,  19.42,  19.68,  19.63,  19.56,  19.50,  19.52,  19.46,  19.65,  19.82,  19.63,  18.97,  19.11,  19.31,  19.47,  19.64,  19.74,  19.86,  19.66,  19.58,  19.69,  19.97,  20.23,  20.03,  20.09
20070729, 0000,  , LO, 24.6N, 121.5W,  25, 1009,    0,    0,    0,    0,    0,    0,    0,    0,    0,    0,    0,    0, -999,  19.00,  19.16,  19.18,  19.31,  19.16,  19.49,  19.70,  19.83,  20.05,  20.13,  20.25,  20.36,  20.42,  20.51,  20.66,  20.55,  19.86,  19.92,  19.99,  20.15,  20.25,  20.31,  20.45,  20.11,  19.87,  19.75,  19.90,  19.91,  20.03,  20.06,  20.02
20070729, 0600,  , LO, 24.6N, 121.9W,  25, 1009,    0,    0,    0,    0,    0,    0,    0,    0,    0,    0,    0,    0, -999,  18.76,  18.75,  18.80,  19.09,  18.96,  19.22,  19.17,  19.18,  19.39,  19.52,  19.86,  20.20,  20.41,  20.55,  20.72,  20.73,  20.30,  20.53,  20.71,  20.80,  20.80,  20.63,  20.60,  20.28,  20.27,  20.26,  20.20,  20.22,  20.31,  20.45,  20.52
20070729, 1200,  , LO, 24.6N, 122.2W,  25, 1009,    0,    0,    0,    0,    0,    0,    0,    0,    0,    0,    0,    0, -999,  18.63,  18.88,  18.92,  19.36,  19.21,  19.63,  19.61,  19.98,  20.15,  20.11,  19.99,  20.17,  20.34,  20.54,  20.62,  20.52,  19.96,  20.38,  20.89,  21.15,  21.12,  21.02,  21.08,  20.90,  20.77,  20.67,  20.76,  20.70,  20.80,  20.80,  21.08
20070729, 1800,  , LO, 24.4N, 122.5W,  25, 1009,    0,    0,    0,    0,    0,    0,    0,    0,    0,    0,    0,    0, -999,  18.77,  18.99,  19.05,  19.09,  19.11,  19.63,  19.50,  19.70,  19.78,  19.78,  19.65,  19.59,  19.75,  19.89,  19.95,  20.13,  19.64,  19.80,  20.05,  20.45,  20.48,  20.38,  20.37,  20.45,  20.36,  20.37,  20.50,  20.76,  21.18,  21.45,  21.74
20070730, 0000,  , LO, 24.1N, 122.5W,  20, 1009,    0,    0,    0,    0,    0,    0,    0,    0,    0,    0,    0,    0, -999,  19.11,  19.11,  19.21,  19.25,  19.60,  19.65,  19.62,  19.64,  19.68,  19.67,  19.70,  19.67,  19.76,  19.89,  20.26,  20.04,  19.88,  19.85,  20.08,  20.29,  20.37,  20.35,  20.09,  20.18,  20.41,  20.57,  20.80,  21.02,  21.07,  21.11,  21.25
20070730, 0600,  , LO, 23.8N, 122.5W,  20, 1009,    0,    0,    0,    0,    0,    0,    0,    0,    0,    0,    0,    0, -999,  20.71,  20.90,  21.06,  21.19,  21.38,  21.47,  21.47,  21.42,  21.26,  21.14,  21.28,  21.36,  21.41,  21.32,  21.34,  21.00,  21.19,  21.35,  21.56,  21.67,  21.91,  22.02,  21.76,  21.70,  21.63,  21.80,  21.89,  22.01,  21.78,  21.65,  21.67
