EP082005,             HILARY,     34,
20050819, 1800,  , TD, 13.3N,  96.6W,  25, 1007,    0,    0,    0,    0,    0,    0,    0,    0,    0,    0,    0,    0, -999,  28.68,  28.01,  28.41,  28.83,  29.04,  28.98,  28.19,  28.82,  28.97,  29.02,  29.06,  28.36,  29.03,  25.48,  27.67,  27.64,  26.58,  26.46,  25.11,  24.24,  24.13,  24.71,  25.37,  24.95,  25.45,  25.08,  25.57,  24.15,  24.39,  24.88,  23.44
20050820, 0000,  , TD, 13.5N,  98.2W,  30, 1006,    0,    0,    0,    0,    0,    0,    0,    0,    0,    0,    0,    0, -999,  28.18,  27.98,  28.31,  28.02,  28.03,  27.88,  27.77,  27.95,  28.11,  28.63,  29.29,  29.36,  29.27,  29.83,  29.43,  28.40,  27.57,  27.41,  26.93,  27.58,  28.20,  28.25,  28.40,  27.83,  27.68,  27.65,  28.09,  28.24,  28.30,  27.70,  27.84
20050820, 0600,  , TS, 13.6N,  99.8W,  40, 1002,   40,   30,   30,   40,    0,    0,    0,    0,    0,    0,    0,    0, -999,  29.18,  29.59,  29.12,  29.53,  29.42,  28.92,  28.89,  28.58,  28.21,  28.47,  28.27,  29.21,  29.50,  29.10,  29.39,  29.62,  29.02,  28.52,  27.67,  28.38,  28.28,  28.05,  27.95,  28.16,  27.88,  28.64,  29.13,  29.82,  29.86,  28.76,  28.62
20050820, 1200,  , TS, 13.8N, 101.3W,  50,  997,   60,   40,   40,   60,   20,   10,   10,   20,    0,    0,    0,    0, -999,  29.12,  29.39,  29.26,  29.14,  28.91,  28.46,  28.56,  28.31,  28.59,  28.39,  28.66,  29.02,  28.97,  29.20,  29.40,  29.08,  29.40,  29.04,  29.35,  29.29,  29.38,  29.26,  29.11,  28.80,  29.27,  29.43,  29.18,  28.88,  28.52,  28.30,  28.04
20050820, 1800,  , TS, 14.0N, 102.5W,  55,  994,   80,   40,   40,   80,   30,   20,   20,   30,    0,    0,    0,    0, -999,  29.59,  29.33,  29.63,  29.64,  29.14,  28.91,  28.70,  28.64,  28.43,  28.18,  28.45,  28.85,  28.98,  29.15,  29.22,  28.87,  29.22,  29.09,  29.21,  29.02,  29.33,  29.62,  29.73,  29.47,  29.41,  29.26,  28.93,  29.18,  29.24,  28.87,  28.93
20050821, 0000,  , HU, 14.3N, 103.7W,  65,  987,   90,   50,   50,   90,   40,   25,   25,   40,   20,    0,    0,   20, -999,  28.08,  28.09,  28.67,  28.10,  28.22,  27.74,  28.02,  27.76,  28.16,  28.21,  28.65,  28.61,  28.82,  28.57,  28.40,  28.73,  28.54,  28.16,  28.27,  28.42,  28.67,  28.74,  28.85,  28.64,  28.64,  28.09,  28.54,  28.58,  28.55,  28.70,  29.30
20050821, 0600,  , HU, 14.9N, 104.7W,  70,  983,  150,   50,   50,  100,   40,   25,   25,   40,   20,    0,    0,   20, -999,  28.61,  28.80,  29.16,  28.73,  28.98,  28.71,  28.60,  28.52,  28.55,  28.42,  28.52,  28.21,  28.80,  28.43,  28.37,  28.73,  28.48,  28.34,  27.72,  28.53,  28.42,  28.16,  27.82,  27.53,  27.71,  27.79,  28.24,  28.60,  28.46,  28.76,  28.91
20050821, 1200,  , HU, 15.7N, 105.6W,  70,  981,  175,   75,   50,  120,   50,   40,   25,   40,   20,   20,    0,   20, -999,  28.48,  28.38,  28.79,  28.31,  29.05,  28.87,  28.70,  28.39,  28.25,  28.20,  28.58,  28.65,  28.71,  28.46,  28.22,  28.21,  28.52,  28.74,  27.79,  28.54,  28.76,  26.80,  28.47,  26.94,  28.08,  28.95,  28.77,  28.94,  27.90,  28.12,  28.30
20050821, 1800,  , HU, 16.5N, 107.1W,  75,  979,  240,  120,  100,  150,   75,   60,   40,   60,   20,   20,   10,   20, -999,  26.86,  26.53,  26.68,  27.07,  27.27,  28.56,  27.19,  27.33,  27.09,  26.87,  26.59,  27.01,  28.74,  26.93,  27.15,  28.68,  28.85,  28.27,  27.82,  28.24,  28.24,  28.56,  27.70,  27.77,  27.86,  27.34,  27.18,  26.57,  27.01,  27.09,  26.79
20050822, 0000,  , HU, 17.2N, 108.5W,  90,  972,  240,  175,  100,  175,   75,   60,   40,   60,   25,   25,   15,   25, -999,  24.00,  24.26,  24.57,  24.75,  24.89,  24.91,  24.86,  24.77,  24.80,  25.05,  24.67,  24.46,  24.94,  25.27,  26.16,  26.28,  27.61,  27.50,  27.32,  25.98,  26.07,  26.23,  25.12,  25.72,  25.24,  25.01,  25.26,  25.41,  25.92,  25.72,  25.50
20050822, 0600,  , HU, 17.8N, 110.0W,  90,  970,  275,  200,  150,  175,   75,   60,   40,   60,   25,   25,   15,   25, -999,  26.13,  26.42,  26.30,  26.60,  27.90,  28.61,  26.89,  26.53,  26.79,  26.62,  25.91,  26.00,  25.66,  24.85,  24.84,  25.06,  24.69,  24.85,  23.37,  23.70,  22.32,  21.73,  20.75,  21.45,  20.50,  20.45,  21.41,  20.98,  21.07,  21.88,  22.16
20050822, 1200,  , HU, 18.3N, 111.5W,  90,  972,  300,  250,  175,  175,   75,   60,   40,   60,   25,   25,   15,   25, -999,  22.11,  23.04,  23.34,  23.61,  23.88,  24.10,  24.48,  24.85,  25.93,  26.35,  26.43,  26.33,  26.32,  25.80,  25.08,  24.59,  22.78,  21.90,  20.84,  21.95,  23.31,  22.31,  23.90,  24.28,  23.14,  24.10,  22.84,  22.27,  23.24,  24.04,  24.17
20050822, 1800,  , HU, 18.6N, 112.3W,  85,  974,  250,  250,  175,  175,   75,   60,   40,   60,   25,   25,   15,   25, -999,  23.14,  23.10,  23.56,  23.92,  24.13,  24.25,  24.21,  23.99,  24.65,  25.96,  26.00,  25.35,  25.17,  24.96,  25.42,  24.61,  23.28,  22.27,  22.23,  22.88,  23.73,  24.90,  24.77,  24.84,  23.26,  22.78,  20.97,  21.05,  21.34,  21.56,  21.51
20050823, 0000,  , HU, 18.9N, 113.2W,  80,  976,  250,  200,  175,  150,   75,   60,   40,   60,   25,   25,   15,   25, -999,  23.67,  24.14,  25.12,  25.69,  25.40,  25.19,  25.82,  26.36,  26.64,  25.94,  24.82,  24.78,  25.41,  25.80,  24.65,  23.73,  23.68,  23.70,  22.53,  22.97,  23.50,  23.53,  24.32,  24.44,  24.59,  24.57,  22.94,  22.42,  22.41,  22.00,  21.56
20050823, 0600,  , HU, 19.2N, 114.1W,  75,  981,  150,  175,  175,  150,   75,   60,   40,   60,   25,   25,   15,   25, -999,  25.55,  25.78,  25.89,  25.85,  25.90,  26.05,  26.09,  26.38,  26.60,  26.20,  25.93,  25.82,  25.41,  25.42,  25.88,  25.97,  25.56,  24.75,  22.28,  21.38,  21.80,  21.82,  21.80,  22.15,  21.78,  21.79,  22.02,  22.84,  23.52,  23.70,  22.95
20050823, 1200,  , HU, 19.6N, 114.9W,  70,  983,  100,  150,  150,  150,   50,   50,   40,   50,   20,   20,   15,   20, -999,  26.16,  26.31,  26.11,  26.38,  26.28,  26.28,  26.23,  26.94,  26.98,  26.85,  26.66,  26.49,  26.46,  26.87,  27.05,  27.13,  25.86,  25.74,  24.55,  23.81,  23.67,  23.01,  22.04,  22.83,  22.93,  22.32,  23.39,  24.21,  24.22,  24.77,  24.49
20050823, 1800,  , HU, 20.0N, 115.6W,  70,  985,  100,  150,  150,  125,   30,   50,   40,   25,   20,   20,   15,   20, -999,  24.32,  24.16,  24.62,  25.51,  25.27,  24.79,  25.27,  25.21,  25.43,  25.55,  25.70,  25.66,  25.78,  26.29,  26.82,  27.18,  26.41,  26.48,  25.08,  24.66,  24.68,  24.52,  24.50,  24.30,  24.57,  24.44,  24.63,  24.54,  23.82,  23.44,  23.51
20050824, 0000,  , HU, 20.4N, 116.1W,  65,  986,  100,  125,  125,   75,   30,   50,   40,   25,   20,   20,   10,    0, -999,  22.42,  21.89,  22.54,  22.05,  21.70,  21.46,  21.74,  22.09,  22.39,  22.41,  22.45,  22.76,  23.63,  24.47,  25.46,  24.87,  25.50,  24.59,  23.76,  22.44,  23.10,  22.95,  22.79,  22.48,  21.61,  21.04,  20.77,  20.46,  20.57,  20.92,  21.28
20050824, 0600,  , HU, 20.9N, 116.7W,  65,  987,  100,  120,  120,   70,   30,   50,   40,   25,   20,   20,   10,    0, -999,  21.24,  21.61,  21.91,  22.13,  22.60,  22.42,  22.07,  21.89,  21.64,  21.37,  21.00,  21.40,  21.54,  21.42,  21.24,  21.37,  20.78,  20.92,  20.76,  20.71,  20.70,  21.36,  21.15,  20.58,  20.62,  20.42,  20.90,  20.90,  20.55,  20.88,  21.40
20050824, 1200,  , HU, 21.4N, 117.2W,  65,  990,   80,  105,  105,   70,   30,   50,   35,   30,   20,   20,   10,    0, -999,  21.08,  21.01,  21.36,  21.80,  21.73,  21.35,  20.63,  20.77,  20.97,  21.45,  21.75,  21.74,  21.53,  21.24,  21.38,  22.89,  20.90,  20.20,  20.47,  21.30,  21.27,  21.12,  21.05,  20.46,  19.79,  19.53,  20.24,  20.93,  20.58,  20.20,  20.56
20050824, 1800,  , TS, 22.0N, 117.7W,  55,  994,   60,   90,   90,   60,   30,   50,   30,   30,    0,    0,    0,    0, -999,  20.07,  19.92,  20.40,  21.10,  21.78,  21.12,  20.37,  20.97,  21.59,  21.90,  21.23,  21.04,  21.39,  21.54,  21.43,  23.01,  21.59,  20.73,  21.11,  20.84,  21.41,  21.46,  20.41,  20.00,  20.23,  20.35,  20.33,  20.56,  20.90,  20.44,  20.54
20050825, 0000,  , TS, 22.7N, 118.4W,  45,  998,   60,   90,   60,   60,    0,    0,    0,    0,    0,    0,    0,    0, -999,  20.36,  20.89,  20.90,  20.86,  20.85,  21.12,  21.36,  21.14,  21.58,  21.45,  20.12,  19.45,  20.09,  19.94,  19.55,  18.84,  19.08,  19.56,  20.16,  20.35,  20.52,  21.01,  21.80,  22.33,  22.25,  22.18,  22.22,  22.20,  22.06,  22.19,  22.27
20050825, 0600,  , TS, 23.3N, 119.1W,  40, 1000,   60,   90,   60,   60,    0,    0,    0,    0,    0,    0,    0,    0, -999,  20.70,  20.75,  20.44,  20.73,  20.66,  20.37,  20.37,  20.48,  20.38,  20.11,  19.61,  19.27,  19.76,  20.26,  20.93,  21.44,  21.33,  21.29,  21.34,  21.26,  21.16,  21.48,  21.78,  21.99,  21.98,  22.22,  22.12,  22.29,  22.19,  21.58,  21.80
20050825, 1200,  , TS, 23.9N, 119.9W,  35, 1002,   60,   90,   60,   60,    0,    0,    0,    0,    0,    0,    0,    0, -999,  20.93,  20.95,  20.76,  20.39,  20.12,  19.98,  19.84,  20.36,  20.77,  21.06,  20.65,  20.91,  21.33,  21.88,  21.64,  21.34,  21.10,  20.95,  21.04,  21.08,  21.05,  21.22,  21.45,  21.52,  21.69,  22.03,  22.25,  22.51,  22.62,  22.90,  22.95
20050825, 1800,  , TD, 24.3N, 120.7W,  30, 1003,    0,    0,    0,    0,    0,    0,    0,    0,    0,    0,    0,    0, -999,  20.31,  20.28,  20.32,  20.35,  20.40,  20.23,  20.32,  20.81,  21.11,  21.17,  21.66,  21.85,  21.93,  22.24,  22.35,  22.27,  22.02,  21.87,  21.83,  21.84,  21.90,  22.00,  22.00,  21.63,  21.61,  21.77,  22.02,  22.35,  22.06,  22.35,  22.37
20050826, 0000,  , LO, 24.7N, 121.6W,  25, 1004,    0,    0,    0,    0,    0,    0,    0,    0,    0,    0,    0,    0, -999,  20.46,  20.49,  20.49,  20.54,  20.62,  20.96,  21.33,  21.52,  21.68,  21.37,  21.62,  21.81,  21.83,  21.84,  21.83,  21.82,  21.64,  21.53,  21.44,  21.11,  20.84,  20.72,  20.55,  20.53,  20.60,  20.73,  21.60,  22.02,  22.33,  22.32,  22.11
20050826, 0600,  , LO, 25.0N, 122.6W,  25, 1005,    0,    0,    0,    0,    0,    0,    0,    0,    0,    0,    0,    0, -999,  22.11,  22.09,  21.85,  21.77,  21.62,  21.60,  21.89,  22.17,  22.22,  22.07,  22.24,  22.28,  22.16,  22.05,  21.76,  21.75,  21.75,  21.50,  21.49,  21.46,  21.39,  21.47,  21.63,  21.75,  21.88,  22.08,  22.50,  22.31,  22.31,  22.26,  21.46
20050826, 1200,  , LO, 25.3N, 123.6W,  25, 1006,    0,    0,    0,    0,    0,    0,    0,    0,    0,    0,    0,    0, -999,  20.35,  20.60,  21.03,  21.25,  21.39,  21.21,  21.67,  22.02,  22.43,  22.43,  22.42,  22.48,  22.36,  22.45,  22.28,  22.25,  22.14,  21.24,  21.41,  21.52,  21.58,  21.69,  21.71,  21.68,  21.76,  21.91,  22.23,  22.01,  22.32,  22.33,  22.00
20050826, 1800,  , LO, 25.6N, 124.6W,  25, 1007,    0,    0,    0,    0,    0,    0,    0,    0,    0,    0,    0,    0, -999,  21.49,  21.53,  21.65,  21.34,  21.47,  21.34,  21.48,  21.59,  21.74,  21.85,  21.94,  22.09,  22.08,  22.04,  21.94,  22.02,  21.97,  21.23,  21.60,  21.10,  21.11,  21.32,  21.45,  21.50,  21.68,  21.92,  22.03,  22.17,  22.37,  22.29,  22.19
20050827, 0000,  , LO, 25.7N, 125.5W,  25, 1008,    0,    0,    0,    0,    0,    0,    0,    0,    0,    0,    0,    0, -999,  21.96,  22.06,  21.86,  21.88,  21.68,  21.72,  21.80,  21.87,  21.95,  21.93,  22.00,  22.00,  21.94,  21.81,  21.74,  21.79,  21.07,  21.47,  21.20,  21.10,  21.05,  20.89,  20.84,  20.95,  21.07,  21.13,  21.23,  21.37,  21.47,  21.60,  21.48
20050827, 0600,  , LO, 25.7N, 126.5W,  25, 1008,    0,    0,    0,    0,    0,    0,    0,    0,    0,    0,    0,    0, -999,  21.81,  21.77,  21.84,  22.05,  22.04,  22.18,  22.36,  22.20,  22.19,  22.14,  22.12,  22.05,  21.98,  21.86,  21.84,  21.92,  21.62,  21.65,  21.60,  21.65,  21.75,  21.77,  21.76,  21.94,  21.92,  21.46,  21.24,  21.34,  21.53,  21.98,  21.85
20050827, 1200,  , LO, 25.6N, 127.5W,  25, 1009,    0,    0,    0,    0,    0,    0,    0,    0,    0,    0,    0,    0, -999,  22.10,  21.93,  22.30,  22.40,  21.88,  21.90,  21.90,  22.03,  22.25,  22.30,  22.32,  22.28,  22.25,  22.19,  22.12,  22.16,  21.95,  22.02,  22.02,  22.04,  22.14,  22.19,  22.21,  22.24,  22.27,  22.23,  22.36,  22.44,  22.30,  22.25,  22.15
20050827, 1800,  , LO, 25.5N, 128.5W,  25, 1009,    0,    0,    0,    0,    0,    0,    0,    0,    0,    0,    0,    0, -999,  22.67,  22.66,  22.82,  22.45,  22.13,  22.14,  22.15,  22.07,  22.03,  22.09,  22.11,  22.09,  22.12,  22.16,  22.19,  22.15,  21.91,  22.00,  22.16,  22.24,  22.33,  22.34,  22.35,  22.34,  22.45,  22.75,  22.65,  22.69,  22.83,  22.56,  22.42
20050828, 0000,  , LO, 25.5N, 129.4W,  25, 1010,    0,    0,    0,    0,    0,    0,    0,    0,    0,    0,    0,    0, -999,  22.66,  22.69,  22.39,  21.93,  22.01,  22.01,  21.98,  21.98,  21.92,  21.86,  21.81,  21.81,  21.98,  22.02,  21.79,  21.72,  21.75,  22.04,  22.00,  21.99,  22.07,  22.20,  22.31,  22.42,  22.47,  22.52,  22.64,  22.68,  22.57,  22.49,  22.47
