EP082022,          GEORGETTE,     37,
20220727, 1200,  , TD, 16.2N, 114.2W,  30, 1007,    0,    0,    0,    0,    0,    0,    0,    0,    0,    0,    0,    0,   40,  34.30,  34.25,  34.20,  34.21,  34.16,  34.11,  34.11,  34.11,  34.15,  34.17,  34.19,  34.21,  34.23,  34.25,  34.27,  34.30,  34.29,  34.30,  34.25,  34.25,  34.33,  34.23,  34.29,  34.27,  34.30,  34.30,  34.29,  34.30,  34.30,  34.29,  34.37
20220727, 1800,  , TS, 16.3N, 115.2W,  35, 1005,    0,    0,    0,   20,    0,    0,    0,    0,    0,    0,    0,    0,   30,  34.30,  34.30,  34.31,  34.30,  34.29,  34.27,  34.26,  34.28,  34.29,  34.33,  34.35,  34.33,  34.31,  34.31,  34.31,  34.30,  34.30,  34.30,  34.28,  34.25,  34.25,  34.27,  34.26,  34.25,  34.24,  34.24,  34.23,  34.30,  34.20,  34.24,  34.24
20220728, 0000,  , TS, 16.2N, 116.2W,  40, 1002,   30,    0,    0,   30,    0,    0,    0,    0,    0,    0,    0,    0,   20,  34.24,  34.20,  34.19,  34.23,  34.28,  34.27,  34.27,  34.25,  34.25,  34.28,  34.26,  34.25,  34.24,  34.25,  34.24,  34.25,  34.23,  34.21,  34.19,  34.33,  34.41,  34.22,  34.30,  34.19,  34.20,  34.26,  34.28,  34.34,  34.37,  34.39,  34.34
20220728, 0600,  , TS, 16.1N, 117.2W,  45, 1000,   30,    0,    0,   30,    0,    0,    0,    0,    0,    0,    0,    0,   20,  34.36,  34.36,  34.36,  34.32,  34.33,  34.28,  34.29,  34.25,  34.28,  34.33,  34.30,  34.27,  34.26,  34.27,  34.25,  34.26,  34.27,  34.28,  34.33,  34.24,  34.21,  34.39,  34.28,  34.32,  34.29,  34.31,  34.34,  34.34,  34.37,  34.36,  34.33
20220728, 1200,  , TS, 16.0N, 118.2W,  45, 1000,   30,    0,   30,   30,    0,    0,    0,    0,    0,    0,    0,    0,   20,  34.31,  34.33,  34.33,  34.36,  34.40,  34.41,  34.41,  34.41,  34.36,  34.39,  34.40,  34.40,  34.42,  34.41,  34.42,  34.42,  34.37,  34.35,  34.33,  34.36,  34.33,  34.30,  34.32,  34.30,  34.25,  34.25,  34.26,  34.26,  34.26,  34.30,  34.29
20220728, 1800,  , TS, 15.8N, 119.2W,  45, 1000,   30,   20,   30,   30,    0,    0,    0,    0,    0,    0,    0,    0,   10,  34.33,  34.35,  34.37,  34.36,  34.37,  34.35,  34.34,  34.34,  34.32,  34.33,  34.34,  34.32,  34.31,  34.32,  34.35,  34.30,  34.29,  34.32,  34.30,  34.33,  34.29,  34.32,  34.36,  34.32,  34.31,  34.31,  34.30,  34.32,  34.31,  34.36,  34.37
20220729, 0000,  , TS, 15.6N, 120.2W,  45, 1000,   30,   20,   30,   30,    0,    0,    0,    0,    0,    0,    0,    0,   10,  34.30,  34.31,  34.32,  34.33,  34.34,  34.37,  34.39,  34.38,  34.45,  34.45,  34.45,  34.42,  34.45,  34.40,  34.39,  34.37,  34.36,  34.33,  34.33,  34.31,  34.29,  34.25,  34.25,  34.32,  34.27,  34.26,  34.29,  34.29,  34.32,  34.30,  34.26
20220729, 0600,  , TS, 15.4N, 121.3W,  50,  998,   30,   20,   30,   30,   10,    0,    0,   10,    0,    0,    0,    0,   10,  34.44,  34.46,  34.45,  34.47,  34.49,  34.50,  34.51,  34.50,  34.50,  34.50,  34.48,  34.48,  34.48,  34.45,  34.45,  34.47,  34.49,  34.51,  34.52,  34.53,  34.53,  34.51,  34.48,  34.47,  34.44,  34.41,  34.41,  34.42,  34.45,  34.49,  34.52
20220729, 1200,  , TS, 15.1N, 122.4W,  50,  998,   30,   20,   30,   30,   10,    0,    0,   10,    0,    0,    0,    0,   10,  34.41,  34.43,  34.39,  34.39,  34.42,  34.41,  34.42,  34.37,  34.41,  34.42,  34.41,  34.41,  34.41,  34.39,  34.38,  34.38,  34.38,  34.33,  34.34,  34.36,  34.36,  34.37,  34.36,  34.37,  34.38,  34.38,  34.38,  34.39,  34.41,  34.42,  34.41
20220729, 1800,  , TS, 14.9N, 123.5W,  45, 1000,   30,   20,   30,   30,    0,    0,    0,    0,    0,    0,    0,    0,   10,  34.44,  34.45,  34.45,  34.45,  34.45,  34.43,  34.43,  34.43,  34.46,  34.45,  34.46,  34.48,  34.49,  34.47,  34.46,  34.44,  34.43,  34.38,  34.38,  34.38,  34.36,  34.38,  34.38,  34.36,  34.35,  34.34,  34.33,  34.36,  34.38,  34.42,  34.43
20220730, 0000,  , TS, 14.6N, 124.6W,  45, 1000,   30,   20,   30,   30,    0,    0,    0,    0,    0,    0,    0,    0,   10,  34.47,  34.49,  34.47,  34.47,  34.40,  34.38,  34.39,  34.42,  34.42,  34.42,  34.41,  34.41,  34.39,  34.38,  34.33,  34.30,  34.28,  34.30,  34.29,  34.32,  34.32,  34.36,  34.36,  34.36,  34.39,  34.36,  34.44,  34.45,  34.45,  34.46,  34.47
20220730, 0600,  , TS, 14.3N, 125.5W,  45, 1000,   30,   20,   30,   30,    0,    0,    0,    0,    0,    0,    0,    0,   10,  34.57,  34.56,  34.55,  34.56,  34.56,  34.56,  34.55,  34.55,  34.55,  34.53,  34.50,  34.52,  34.53,  34.55,  34.56,  34.55,  34.60,  34.61,  34.63,  34.60,  34.62,  34.61,  34.60,  34.58,  34.57,  34.56,  34.58,  34.58,  34.56,  34.55,  34.53
20220730, 1200,  , TS, 14.0N, 126.4W,  45, 1000,   30,   20,   30,   30,    0,    0,    0,    0,    0,    0,    0,    0,   10,  34.56,  34.56,  34.54,  34.54,  34.56,  34.57,  34.60,  34.62,  34.62,  34.62,  34.60,  34.57,  34.55,  34.54,  34.51,  34.50,  34.53,  34.54,  34.57,  34.57,  34.59,  34.60,  34.59,  34.56,  34.56,  34.53,  34.54,  34.52,  34.51,  34.51,  34.52
20220730, 1800,  , TS, 13.7N, 127.3W,  45, 1000,   30,   20,   30,   30,    0,    0,    0,    0,    0,    0,    0,    0,   10,  34.61,  34.59,  34.61,  34.60,  34.61,  34.61,  34.61,  34.60,  34.61,  34.62,  34.63,  34.63,  34.64,  34.61,  34.56,  34.59,  34.61,  34.63,  34.59,  34.60,  34.56,  34.52,  34.59,  34.59,  34.58,  34.50,  34.50,  34.50,  34.52,  34.53,  34.51
20220731, 0000,  , TS, 13.5N, 128.2W,  45, 1000,   30,   20,   30,   30,    0,    0,    0,    0,    0,    0,    0,    0,   10,  34.63,  34.65,  34.64,  34.64,  34.63,  34.63,  34.61,  34.56,  34.59,  34.57,  34.61,  34.61,  34.60,  34.61,  34.60,  34.59,  34.62,  34.59,  34.59,  34.53,  34.55,  34.54,  34.54,  34.54,  34.52,  34.54,  34.52,  34.52,  34.54,  34.53,  34.56
20220731, 0600,  , TS, 13.3N, 128.9W,  40, 1002,   20,   10,   30,   30,    0,    0,    0,    0,    0,    0,    0,    0,   10,  34.65,  34.64,  34.63,  34.60,  34.58,  34.59,  34.60,  34.57,  34.59,  34.59,  34.61,  34.57,  34.57,  34.57,  34.56,  34.54,  34.53,  34.55,  34.57,  34.55,  34.56,  34.62,  34.61,  34.63,  34.59,  34.53,  34.53,  34.52,  34.54,  34.55,  34.58
20220731, 1200,  , TS, 13.0N, 129.4W,  35, 1004,   20,    0,   30,   30,    0,    0,    0,    0,    0,    0,    0,    0,   10,  34.58,  34.57,  34.62,  34.64,  34.65,  34.64,  34.60,  34.59,  34.56,  34.53,  34.51,  34.50,  34.56,  34.55,  34.55,  34.58,  34.61,  34.65,  34.66,  34.63,  34.59,  34.57,  34.55,  34.51,  34.51,  34.49,  34.53,  34.55,  34.62,  34.62,  34.63
20220731, 1800,  , TD, 12.8N, 129.7W,  30, 1006,    0,    0,    0,    0,    0,    0,    0,    0,    0,    0,    0,    0,   10,  34.60,  34.60,  34.65,  34.66,  34.64,  34.58,  34.58,  34.57,  34.54,  34.52,  34.50,  34.49,  34.55,  34.56,  34.58,  34.59,  34.62,  34.62,  34.58,  34.55,  34.51,  34.53,  34.53,  34.49,  34.48,  34.48,  34.53,  34.56,  34.63,  34.63,  34.62
20220801, 0000,  , TD, 12.7N, 130.0W,  30, 1006,    0,    0,    0,    0,    0,    0,    0,    0,    0,    0,    0,    0,   10,  34.56,  34.60,  34.61,  34.55,  34.54,  34.60,  34.58,  34.57,  34.56,  34.55,  34.52,  34.52,  34.48,  34.49,  34.50,  34.52,  34.52,  34.48,  34.47,  34.44,  34.45,  34.46,  34.46,  34.48,  34.49,  34.55,  34.57,  34.58,  34.54,  34.52,  34.54
20220801, 0600,  , TD, 12.8N, 130.4W,  30, 1006,    0,    0,    0,    0,    0,    0,    0,    0,    0,    0,    0,    0,   10,  34.55,  34.53,  34.52,  34.54,  34.57,  34.59,  34.58,  34.59,  34.55,  34.53,  34.49,  34.50,  34.47,  34.48,  34.48,  34.45,  34.45,  34.43,  34.45,  34.40,  34.42,  34.43,  34.43,  34.43,  34.43,  34.56,  34.57,  34.57,  34.52,  34.50,  34.54
20220801, 1200,  , TD, 13.0N, 130.8W,  30, 1006,    0,    0,    0,    0,    0,    0,    0,    0,    0,    0,    0,    0,   10,  34.63,  34.65,  34.64,  34.63,  34.63,  34.66,  34.64,  34.64,  34.64,  34.63,  34.62,  34.62,  34.57,  34.55,  34.51,  34.48,  34.46,  34.44,  34.42,  34.41,  34.48,  34.48,  34.49,  34.43,  34.39,  34.46,  34.45,  34.48,  34.45,  34.44,  34.46
20220801, 1800,  , TD, 13.1N, 131.0W,  30, 1006,    0,    0,    0,    0,    0,    0,    0,    0,    0,    0,    0,    0,   10,  34.57,  34.59,  34.58,  34.58,  34.59,  34.59,  34.60,  34.60,  34.58,  34.56,  34.52,  34.52,  34.49,  34.49,  34.46,  34.44,  34.43,  34.42,  34.41,  34.42,  34.50,  34.48,  34.46,  34.40,  34.39,  34.45,  34.45,  34.47,  34.43,  34.41,  34.42
20220802, 0000,  , TD, 13.3N, 131.1W,  30, 1006,    0,    0,    0,    0,    0,    0,    0,    0,    0,    0,    0,    0,   10,  34.51,  34.50,  34.52,  34.55,  34.55,  34.55,  34.56,  34.52,  34.51,  34.50,  34.51,  34.50,  34.49,  34.48,  34.48,  34.46,  34.47,  34.48,  34.51,  34.53,  34.50,  34.50,  34.47,  34.45,  34.51,  34.52,  34.53,  34.51,  34.51,  34.53,  34.50
20220802, 0600,  , TD, 13.6N, 130.9W,  30, 1006,    0,    0,    0,    0,    0,    0,    0,    0,    0,    0,    0,    0,   20,  34.55,  34.54,  34.55,  34.56,  34.55,  34.53,  34.50,  34.47,  34.43,  34.41,  34.41,  34.42,  34.47,  34.44,  34.46,  34.50,  34.50,  34.47,  34.47,  34.50,  34.47,  34.44,  34.41,  34.38,  34.41,  34.39,  34.39,  34.36,  34.34,  34.37,  34.37
20220802, 1200,  , TD, 13.9N, 130.7W,  30, 1006,    0,    0,    0,    0,    0,    0,    0,    0,    0,    0,    0,    0,   30,  34.58,  34.55,  34.55,  34.53,  34.52,  34.48,  34.44,  34.42,  34.42,  34.44,  34.44,  34.45,  34.45,  34.45,  34.48,  34.48,  34.48,  34.45,  34.44,  34.45,  34.41,  34.38,  34.36,  34.34,  34.36,  34.38,  34.40,  34.39,  34.39,  34.39,  34.42
20220802, 1800,  , TD, 14.4N, 130.4W,  30, 1006,    0,    0,    0,    0,    0,    0,    0,    0,    0,    0,    0,    0,   30,  34.47,  34.45,  34.44,  34.47,  34.46,  34.47,  34.51,  34.51,  34.49,  34.48,  34.46,  34.49,  34.51,  34.56,  34.56,  34.55,  34.48,  34.42,  34.37,  34.40,  34.34,  34.37,  34.36,  34.37,  34.41,  34.41,  34.46,  34.44,  34.44,  34.41,  34.39
20220803, 0000,  , TD, 15.0N, 130.0W,  30, 1006,    0,    0,    0,    0,    0,    0,    0,    0,    0,    0,    0,    0,   30,  34.52,  34.48,  34.45,  34.42,  34.44,  34.48,  34.47,  34.52,  34.53,  34.55,  34.55,  34.55,  34.55,  34.55,  34.53,  34.51,  34.43,  34.44,  34.45,  34.43,  34.38,  34.42,  34.39,  34.38,  34.42,  34.39,  34.40,  34.36,  34.39,  34.40,  34.41
20220803, 0600,  , TD, 15.7N, 129.6W,  30, 1006,    0,    0,    0,    0,    0,    0,    0,    0,    0,    0,    0,    0,   30,  34.56,  34.56,  34.53,  34.55,  34.57,  34.55,  34.56,  34.50,  34.51,  34.51,  34.52,  34.52,  34.52,  34.49,  34.46,  34.42,  34.33,  34.33,  34.36,  34.38,  34.35,  34.44,  34.45,  34.48,  34.47,  34.44,  34.40,  34.39,  34.36,  34.37,  34.42
20220803, 1200,  , TD, 16.4N, 129.3W,  30, 1007,    0,    0,    0,    0,    0,    0,    0,    0,    0,    0,    0,    0,   30,  34.33,  34.33,  34.40,  34.41,  34.37,  34.37,  34.49,  34.50,  34.48,  34.49,  34.48,  34.50,  34.50,  34.47,  34.40,  34.41,  34.32,  34.36,  34.34,  34.31,  34.33,  34.33,  34.34,  34.39,  34.41,  34.45,  34.45,  34.42,  34.42,  34.41,  34.45
20220803, 1800,  , LO, 17.2N, 129.2W,  30, 1008,    0,    0,    0,    0,    0,    0,    0,    0,    0,    0,    0,    0,   30,  34.50,  34.50,  34.52,  34.52,  34.53,  34.52,  34.51,  34.50,  34.52,  34.55,  34.54,  34.53,  34.48,  34.46,  34.45,  34.48,  34.46,  34.43,  34.39,  34.38,  34.42,  34.38,  34.33,  34.34,  34.37,  34.40,  34.42,  34.44,  34.45,  34.43,  34.44
20220804, 0000,  , LO, 17.9N, 129.5W,  30, 1008,    0,    0,    0,    0,    0,    0,    0,    0,    0,    0,    0,    0,   30,  34.51,  34.52,  34.53,  34.51,  34.51,  34.50,  34.51,  34.52,  34.54,  34.54,  34.56,  34.55,  34.51,  34.50,  34.50,  34.50,  34.49,  34.49,  34.49,  34.50,  34.51,  34.49,  34.48,  34.59,  34.60,  34.58,  34.56,  34.55,  34.56,  34.58,  34.56
20220804, 0600,  , LO, 18.3N, 129.9W,  30, 1009,    0,    0,    0,    0,    0,    0,    0,    0,    0,    0,    0,    0,   30,  34.52,  34.50,  34.51,  34.48,  34.47,  34.51,  34.50,  34.51,  34.53,  34.52,  34.53,  34.54,  34.52,  34.51,  34.51,  34.57,  34.57,  34.56,  34.56,  34.56,  34.56,  34.55,  34.57,  34.57,  34.58,  34.59,  34.59,  34.61,  34.62,  34.62,  34.59
20220804, 1200,  , LO, 18.7N, 130.4W,  30, 1009,    0,    0,    0,    0,    0,    0,    0,    0,    0,    0,    0,    0,   30,  34.48,  34.49,  34.51,  34.49,  34.54,  34.55,  34.52,  34.52,  34.52,  34.52,  34.53,  34.52,  34.51,  34.51,  34.51,  34.58,  34.59,  34.61,  34.64,  34.67,  34.69,  34.66,  34.61,  34.58,  34.59,  34.60,  34.58,  34.62,  34.64,  34.62,  34.55
20220804, 1800,  , LO, 19.0N, 131.0W,  30, 1010,    0,    0,    0,    0,    0,    0,    0,    0,    0,    0,    0,    0,   30,  34.48,  34.51,  34.52,  34.52,  34.54,  34.55,  34.51,  34.49,  34.49,  34.49,  34.50,  34.50,  34.50,  34.50,  34.50,  34.57,  34.64,  34.72,  34.77,  34.78,  34.78,  34.74,  34.73,  34.73,  34.72,  34.69,  34.64,  34.65,  34.65,  34.66,  34.63
20220805, 0000,  , LO, 19.3N, 131.7W,  30, 1010,    0,    0,    0,    0,    0,    0,    0,    0,    0,    0,    0,    0,   30,  34.54,  34.52,  34.51,  34.52,  34.55,  34.54,  34.50,  34.51,  34.51,  34.51,  34.52,  34.50,  34.50,  34.49,  34.50,  34.50,  34.51,  34.51,  34.51,  34.52,  34.55,  34.63,  34.70,  34.74,  34.75,  34.73,  34.75,  34.74,  34.73,  34.71,  34.70
20220805, 0600,  , LO, 19.4N, 132.5W,  25, 1011,    0,    0,    0,    0,    0,    0,    0,    0,    0,    0,    0,    0,   30,  34.51,  34.51,  34.53,  34.57,  34.58,  34.56,  34.53,  34.53,  34.53,  34.54,  34.56,  34.54,  34.55,  34.52,  34.52,  34.52,  34.55,  34.56,  34.54,  34.52,  34.55,  34.59,  34.58,  34.60,  34.59,  34.57,  34.59,  34.58,  34.58,  34.58,  34.58
20220805, 1200,  , LO, 19.5N, 133.5W,  25, 1011,    0,    0,    0,    0,    0,    0,    0,    0,    0,    0,    0,    0,   30,  34.72,  34.71,  34.71,  34.76,  34.80,  34.82,  34.76,  34.75,  34.73,  34.71,  34.67,  34.62,  34.60,  34.57,  34.56,  34.53,  34.51,  34.51,  34.52,  34.52,  34.54,  34.55,  34.55,  34.55,  34.56,  34.56,  34.57,  34.57,  34.60,  34.64,  34.68
