EP082004,              FRANK,     18,
20040823, 0600,  , TD, 16.7N, 110.2W,  30, 1005,    0,    0,    0,    0,    0,    0,    0,    0,    0,    0,    0,    0, -999,  24.30,  24.82,  24.84,  24.27,  24.20,  24.62,  24.55,  25.09,  24.80,  24.96,  24.46,  25.07,  25.27,  25.33,  24.83,  25.16,  24.45,  23.41,  23.40,  22.75,  22.59,  23.61,  23.56,  23.24,  23.43,  22.81,  23.10,  22.19,  21.25,  20.85,  21.48
20040823, 1200,  , TS, 17.3N, 111.2W,  45, 1004,   60,   60,   60,   60,    0,    0,    0,    0,    0,    0,    0,    0, -999,  22.19,  22.61,  22.89,  24.14,  24.30,  24.79,  24.85,  26.01,  26.07,  25.29,  25.52,  25.64,  25.69,  25.96,  26.53,  26.43,  25.94,  24.80,  24.75,  24.55,  23.62,  24.54,  24.09,  24.28,  24.61,  23.88,  22.62,  21.59,  21.30,  21.23,  21.33
20040823, 1800,  , HU, 18.0N, 112.2W,  65,  990,   60,   60,   60,   60,   25,   25,   25,   25,   10,   10,   10,   10, -999,  20.41,  19.81,  20.64,  21.70,  21.84,  22.07,  22.51,  22.88,  22.51,  21.80,  22.11,  22.41,  22.70,  22.48,  23.49,  23.74,  23.63,  22.78,  22.75,  22.50,  22.10,  21.62,  20.34,  20.90,  20.86,  21.04,  21.36,  20.42,  20.37,  20.62,  20.17
20040824, 0000,  , HU, 18.8N, 113.0W,  65,  987,   60,   60,   60,   60,   25,   25,   25,   25,   15,   15,   15,   15, -999,  21.25,  20.75,  21.13,  21.40,  21.16,  21.73,  22.34,  22.76,  22.28,  22.46,  22.53,  22.44,  22.66,  22.85,  22.52,  22.62,  21.26,  20.79,  20.69,  20.61,  19.70,  19.49,  20.40,  20.19,  20.29,  20.24,  19.63,  19.32,  19.25,  18.92,  19.46
20040824, 0600,  , HU, 19.5N, 113.7W,  75,  979,   75,   75,   75,   75,   30,   30,   30,   30,   15,   15,   15,   15, -999,  20.99,  20.36,  19.43,  19.80,  20.20,  20.17,  20.08,  20.07,  19.73,  19.66,  19.90,  20.23,  20.23,  20.46,  20.51,  20.52,  19.61,  19.41,  19.42,  19.58,  19.38,  19.99,  20.74,  20.26,  20.15,  20.63,  20.25,  19.41,  19.03,  19.12,  19.28
20040824, 1200,  , HU, 20.2N, 114.3W,  75,  979,   75,   75,   75,   75,   30,   30,   30,   30,   15,   15,   15,   15, -999,  19.18,  19.08,  18.78,  19.04,  19.26,  19.36,  19.35,  19.50,  19.09,  18.71,  18.79,  19.14,  19.34,  19.01,  18.70,  18.83,  18.51,  18.42,  17.98,  17.57,  17.16,  17.38,  17.94,  18.05,  17.90,  17.79,  17.91,  17.45,  17.11,  17.12,  17.34
20040824, 1800,  , HU, 20.8N, 115.0W,  70,  983,   75,   75,   75,   75,   30,   30,   30,   30,   15,   15,   15,   15, -999,  17.77,  17.66,  17.40,  17.59,  17.49,  17.71,  17.77,  17.75,  17.72,  17.57,  17.27,  17.35,  17.75,  17.76,  17.41,  17.26,  16.83,  16.93,  16.96,  17.01,  17.00,  17.38,  17.11,  17.13,  17.19,  17.24,  17.34,  16.85,  16.45,  16.42,  16.29
20040825, 0000,  , HU, 21.3N, 115.6W,  65,  987,   75,   75,   75,   75,   30,   30,   30,   30,   15,   15,   15,   15, -999,  16.66,  16.34,  17.23,  17.78,  17.86,  18.04,  18.13,  17.91,  17.81,  17.79,  18.16,  18.41,  18.48,  18.25,  18.14,  18.20,  17.80,  17.85,  18.29,  18.41,  18.54,  18.61,  19.12,  19.57,  20.18,  20.22,  18.71,  18.60,  18.53,  18.96,  18.76
20040825, 0600,  , TS, 21.6N, 116.2W,  50,  997,   70,   70,   70,   70,   25,   25,   25,   25,    0,    0,    0,    0, -999,  17.37,  17.09,  17.65,  17.79,  17.87,  17.98,  17.92,  17.69,  17.61,  17.58,  17.99,  18.60,  18.79,  18.46,  18.22,  18.14,  17.80,  17.58,  17.69,  17.87,  18.13,  18.16,  18.56,  18.93,  19.23,  19.46,  17.87,  17.46,  17.44,  17.42,  17.27
20040825, 1200,  , TS, 21.8N, 116.9W,  45, 1000,   70,   70,   70,   70,    0,    0,    0,    0,    0,    0,    0,    0, -999,  18.36,  18.10,  18.54,  19.06,  19.07,  19.08,  18.96,  18.43,  18.34,  18.41,  19.19,  19.83,  20.17,  19.58,  19.11,  18.87,  18.31,  17.64,  17.37,  17.48,  18.09,  18.47,  18.59,  18.59,  18.77,  18.69,  17.54,  17.07,  16.45,  16.25,  15.98
20040825, 1800,  , TS, 22.0N, 117.6W,  40, 1002,   60,   60,   60,   60,    0,    0,    0,    0,    0,    0,    0,    0, -999,  18.15,  17.87,  17.96,  18.24,  18.69,  18.84,  19.09,  18.61,  18.58,  18.71,  19.28,  19.82,  20.04,  19.58,  19.27,  19.44,  19.34,  18.22,  17.60,  17.69,  18.17,  18.72,  18.95,  18.97,  19.10,  18.91,  18.44,  18.01,  17.34,  17.05,  16.41
20040826, 0000,  , TD, 22.1N, 118.3W,  30, 1006,    0,    0,    0,    0,    0,    0,    0,    0,    0,    0,    0,    0, -999,  17.84,  17.98,  18.32,  18.66,  19.18,  19.40,  19.01,  18.89,  19.45,  19.61,  19.74,  19.72,  19.84,  19.79,  19.88,  20.04,  19.12,  18.31,  18.36,  18.67,  19.02,  19.11,  18.97,  19.36,  19.48,  19.04,  18.71,  18.50,  19.18,  19.89,  20.57
20040826, 0600,  , LO, 22.3N, 119.0W,  25, 1007,    0,    0,    0,    0,    0,    0,    0,    0,    0,    0,    0,    0, -999,  17.84,  17.96,  18.08,  18.47,  18.94,  19.17,  18.86,  18.62,  18.68,  18.82,  18.78,  18.87,  19.07,  19.16,  19.28,  19.20,  18.18,  18.09,  17.97,  17.93,  18.25,  18.50,  18.48,  18.82,  19.02,  18.89,  18.91,  18.94,  19.15,  18.97,  19.52
20040826, 1200,  , LO, 22.6N, 119.6W,  25, 1007,    0,    0,    0,    0,    0,    0,    0,    0,    0,    0,    0,    0, -999,  18.84,  19.06,  19.13,  19.21,  19.18,  19.04,  19.07,  18.74,  18.55,  18.37,  18.42,  18.54,  18.75,  18.57,  18.60,  18.46,  17.96,  17.92,  17.92,  18.02,  17.86,  18.07,  18.03,  18.27,  18.47,  18.65,  18.60,  18.49,  18.64,  18.76,  18.49
20040826, 1800,  , LO, 22.5N, 120.0W,  25, 1007,    0,    0,    0,    0,    0,    0,    0,    0,    0,    0,    0,    0, -999,  18.74,  18.72,  18.64,  18.80,  18.80,  18.69,  18.56,  18.31,  18.36,  18.56,  18.62,  18.59,  18.55,  18.55,  18.83,  18.77,  18.53,  18.63,  18.43,  18.33,  18.52,  18.70,  18.86,  18.99,  19.13,  19.05,  19.23,  19.11,  19.65,  19.52,  19.24
20040827, 0000,  , LO, 22.3N, 120.5W,  25, 1007,    0,    0,    0,    0,    0,    0,    0,    0,    0,    0,    0,    0, -999,  18.99,  18.94,  18.95,  18.80,  18.86,  18.78,  18.72,  18.40,  18.32,  18.36,  18.34,  18.09,  18.28,  18.66,  18.75,  18.73,  18.67,  18.73,  19.05,  19.11,  19.07,  19.10,  19.60,  19.45,  19.77,  19.58,  19.72,  19.94,  20.74,  20.25,  20.10
20040827, 0600,  , LO, 22.0N, 121.0W,  25, 1007,    0,    0,    0,    0,    0,    0,    0,    0,    0,    0,    0,    0, -999,  19.83,  19.73,  19.61,  19.68,  19.44,  19.51,  19.54,  19.65,  19.79,  19.60,  19.49,  19.24,  19.17,  19.65,  19.73,  19.84,  19.79,  19.83,  20.08,  20.45,  20.15,  20.05,  20.31,  20.39,  20.63,  20.37,  20.44,  20.65,  20.90,  20.69,  20.28
20040827, 1200,  , LO, 21.5N, 121.5W,  25, 1007,    0,    0,    0,    0,    0,    0,    0,    0,    0,    0,    0,    0, -999,  21.12,  21.09,  20.64,  20.86,  20.55,  20.41,  20.33,  20.14,  20.15,  20.24,  20.35,  20.38,  20.34,  20.46,  20.46,  20.53,  20.22,  20.42,  20.47,  20.45,  20.22,  20.22,  20.26,  19.96,  19.98,  20.00,  20.32,  20.29,  20.49,  20.55,  20.63
