EP081994,                LI ,     70,
19940731, 1800,  , TD, 13.1N, 125.2W,  25, -999, -999, -999, -999, -999, -999, -999, -999, -999, -999, -999, -999, -999, -999,  26.07,  27.27,  26.90,  27.48,  21.74,  23.34,  23.01,  22.05,  23.10,  21.29,  23.01,  21.87,  23.15,  21.55,  21.86,  21.24,  21.07,  20.19,  20.83,  20.47,  21.15,  18.98,  19.22,  18.73,  19.15,  18.80,  19.51,  19.00,  19.32,  19.84,  19.85
19940801, 0000,  , TD, 12.9N, 126.9W,  25, -999, -999, -999, -999, -999, -999, -999, -999, -999, -999, -999, -999, -999, -999,  26.20,  24.32,  23.66,  21.85,  22.00,  22.08,  21.26,  22.69,  22.68,  23.52,  22.62,  23.44,  24.66,  27.40,  26.25,  25.41,  26.56,  24.08,  24.55,  27.34,  24.22,  26.75,  19.90,  21.72,  20.57,  21.07,  19.68,  19.37,  18.93,  19.09,  19.52
19940801, 0600,  , TD, 12.7N, 128.6W,  25, -999, -999, -999, -999, -999, -999, -999, -999, -999, -999, -999, -999, -999, -999,  21.65,  23.80,  21.00,  21.43,  20.18,  20.09,  20.04,  21.15,  20.96,  21.10,  21.45,  22.84,  22.96,  22.73,  22.83,  21.86,  21.83,  22.22,  22.43,  21.34,  20.93,  19.48,  19.12,  19.14,  19.34,  20.02,  19.97,  20.02,  21.48,  19.69,  19.79
19940801, 1200,  , TD, 12.6N, 130.3W,  25, -999, -999, -999, -999, -999, -999, -999, -999, -999, -999, -999, -999, -999, -999,  18.30,  18.58,  18.00,  18.10,  18.07,  18.90,  18.14,  18.02,  17.68,  17.61,  19.47,  19.75,  20.14,  19.52,  19.07,  18.14,  17.98,  17.75,  17.85,  17.96,  17.26,  18.36,  17.82,  19.75,  18.71,  19.84,  19.42,  18.68,  17.82,  19.06,  19.81
19940801, 1800,  , TD, 12.5N, 132.0W,  25, -999, -999, -999, -999, -999, -999, -999, -999, -999, -999, -999, -999, -999, -999,  18.36,  20.44,  18.79,  18.92,  19.41,  19.14,  18.80,  18.32,  19.25,  18.81,  20.10,  20.42,  19.85,  19.21,  19.59,  18.48,  18.66,  17.78,  19.24,  18.38,  18.23,  17.43,  17.11,  17.02,  16.73,  16.93,  16.79,  16.04,  16.79,  15.64,  16.77
19940802, 0000,  , TD, 12.4N, 133.6W,  25, -999, -999, -999, -999, -999, -999, -999, -999, -999, -999, -999, -999, -999, -999,  20.67,  20.77,  20.37,  21.51,  20.83,  20.75,  19.35,  20.54,  19.12,  20.48,  18.96,  20.37,  20.08,  20.74,  19.60,  19.32,  18.35,  18.95,  18.23,  18.58,  16.51,  16.21,  15.50,  16.11,  15.32,  16.06,  13.94,  14.69,  13.70,  14.98,  15.34
19940802, 0600,  , TD, 12.2N, 135.0W,  25, -999, -999, -999, -999, -999, -999, -999, -999, -999, -999, -999, -999, -999, -999,  20.59,  20.21,  19.88,  20.68,  20.59,  20.37,  18.28,  20.89,  19.18,  19.74,  18.94,  19.87,  19.88,  20.03,  20.08,  19.43,  19.57,  19.41,  18.95,  18.42,  17.83,  17.59,  17.07,  17.68,  17.31,  16.86,  16.33,  16.03,  15.55,  16.33,  16.30
19940802, 1200,  , TD, 12.1N, 136.5W,  25, -999, -999, -999, -999, -999, -999, -999, -999, -999, -999, -999, -999, -999, -999,  19.04,  21.20,  20.11,  21.23,  19.16,  20.57,  18.88,  17.69,  17.43,  17.43,  17.69,  18.00,  17.57,  18.51,  16.97,  17.30,  16.84,  15.22,  14.67,  13.07,  13.55,  13.76,  13.71,  14.07,  12.46,  13.75,  14.52,  15.35,  16.45,  15.34,  16.31
19940802, 1800,  , TD, 11.8N, 137.9W,  30, -999, -999, -999, -999, -999, -999, -999, -999, -999, -999, -999, -999, -999, -999,  17.14,  17.81,  17.77,  18.79,  20.05,  19.59,  19.89,  16.32,  16.75,  17.22,  19.40,  18.02,  21.18,  17.95,  20.24,  18.71,  18.68,  16.57,  16.71,  15.13,  15.88,  15.15,  14.55,  14.39,  14.02,  13.18,  14.15,  13.73,  14.13,  14.60,  15.41
19940803, 0000,  , TD, 11.5N, 139.1W,  30, -999, -999, -999, -999, -999, -999, -999, -999, -999, -999, -999, -999, -999, -999,  17.01,  19.79,  17.66,  19.57,  18.18,  18.77,  15.60,  17.85,  15.82,  18.23,  15.71,  16.59,  15.48,  17.32,  16.71,  17.38,  15.18,  16.32,  16.11,  17.34,  16.86,  16.33,  15.89,  15.52,  15.18,  14.68,  14.32,  14.28,  14.65,  15.45,  14.89
19940803, 0600,  , TD, 11.1N, 140.0W,  25, -999, -999, -999, -999, -999, -999, -999, -999, -999, -999, -999, -999, -999, -999,  16.30,  20.04,  15.70,  18.58,  15.56,  18.06,  15.03,  16.10,  15.39,  15.71,  15.25,  14.48,  14.98,  16.00,  15.96,  16.43,  15.79,  16.57,  16.50,  16.52,  16.95,  16.34,  16.12,  15.64,  15.55,  15.34,  14.96,  14.69,  14.43,  14.50,  14.34
19940803, 1200,  , TD, 11.0N, 140.8W,  30, -999, -999, -999, -999, -999, -999, -999, -999, -999, -999, -999, -999, -999, -999,  15.21,  18.57,  15.26,  17.74,  16.65,  16.79,  15.18,  15.22,  15.10,  14.56,  15.04,  14.36,  15.61,  15.44,  16.03,  16.04,  15.15,  15.88,  17.23,  16.11,  18.82,  16.93,  17.11,  17.00,  16.18,  16.13,  15.85,  14.70,  14.98,  14.78,  14.76
19940803, 1800,  , TD, 10.9N, 142.0W,  25, -999, -999, -999, -999, -999, -999, -999, -999, -999, -999, -999, -999, -999, -999,  14.95,  16.83,  14.87,  16.46,  15.50,  14.62,  14.84,  14.23,  15.52,  13.57,  16.42,  14.22,  16.72,  14.75,  17.39,  14.70,  17.03,  15.37,  16.02,  15.81,  16.81,  17.35,  16.75,  17.04,  15.61,  15.54,  14.98,  14.93,  14.36,  13.56,  13.81
19940804, 0000,  , TD, 10.7N, 143.5W,  25, -999, -999, -999, -999, -999, -999, -999, -999, -999, -999, -999, -999, -999, -999,  14.20,  14.09,  14.61,  15.00,  13.94,  14.52,  12.21,  13.91,  12.55,  14.47,  12.86,  15.19,  14.04,  15.40,  14.29,  16.63,  13.66,  16.66,  14.87,  16.28,  15.54,  16.04,  16.25,  15.03,  16.79,  15.65,  15.61,  15.03,  14.70,  14.46,  14.06
19940804, 0600,  , TD, 10.5N, 145.1W,  25, -999, -999, -999, -999, -999, -999, -999, -999, -999, -999, -999, -999, -999, -999,  16.02,  18.17,  15.71,  17.42,  14.14,  15.36,  13.38,  14.34,  14.07,  14.53,  13.61,  14.34,  14.65,  14.90,  14.11,  14.47,  14.03,  14.49,  13.97,  14.71,  14.99,  13.67,  16.84,  14.27,  15.71,  14.38,  15.20,  15.16,  14.68,  15.54,  14.46
19940804, 1200,  , TD, 10.3N, 146.4W,  25, -999, -999, -999, -999, -999, -999, -999, -999, -999, -999, -999, -999, -999, -999,  17.19,  18.30,  16.29,  17.46,  17.62,  16.53,  17.02,  16.46,  16.75,  16.57,  17.69,  16.23,  17.50,  16.71,  16.63,  15.92,  15.62,  15.06,  14.55,  15.12,  16.40,  14.38,  16.73,  16.11,  16.12,  15.94,  15.65,  14.90,  15.88,  15.56,  15.36
19940804, 1800,  , TD, 10.1N, 147.8W,  25, -999, -999, -999, -999, -999, -999, -999, -999, -999, -999, -999, -999, -999, -999,  18.00,  18.15,  19.70,  16.71,  20.32,  15.69,  19.57,  18.65,  20.46,  18.89,  20.70,  18.66,  19.40,  16.86,  17.54,  15.81,  18.25,  15.02,  19.09,  14.31,  18.36,  13.71,  14.78,  16.52,  14.40,  15.95,  15.88,  15.07,  15.36,  15.87,  16.19
19940805, 0000,  , TD,  9.7N, 149.2W,  25, -999, -999, -999, -999, -999, -999, -999, -999, -999, -999, -999, -999, -999, -999,  14.77,  15.86,  14.08,  16.54,  13.00,  16.83,  16.10,  16.53,  16.58,  16.21,  18.44,  15.96,  15.94,  14.18,  15.81,  16.26,  13.82,  16.58,  13.34,  15.33,  14.72,  15.45,  15.86,  16.18,  16.35,  17.39,  16.12,  16.40,  16.55,  15.26,  18.40
19940805, 0600,  , TD,  9.7N, 150.9W,  25, -999, -999, -999, -999, -999, -999, -999, -999, -999, -999, -999, -999, -999, -999,  17.43,  17.71,  19.05,  17.63,  18.23,  17.33,  17.95,  18.00,  18.62,  18.53,  17.24,  16.59,  16.35,  14.72,  15.48,  14.95,  14.92,  15.34,  16.06,  13.16,  16.60,  14.22,  17.01,  15.11,  16.27,  16.04,  15.67,  16.51,  16.37,  15.90,  16.70
19940805, 1200,  , TD,  9.9N, 152.7W,  25, -999, -999, -999, -999, -999, -999, -999, -999, -999, -999, -999, -999, -999, -999,  18.22,  18.39,  19.27,  18.10,  19.23,  17.24,  17.95,  18.94,  19.19,  17.78,  18.39,  18.08,  17.04,  16.58,  18.18,  16.38,  17.30,  16.41,  18.27,  14.43,  18.20,  14.88,  16.64,  16.80,  14.95,  16.95,  14.82,  17.25,  15.49,  16.15,  15.73
19940805, 1800,  , TD, 10.5N, 154.2W,  25, -999, -999, -999, -999, -999, -999, -999, -999, -999, -999, -999, -999, -999, -999,  17.70,  18.76,  21.70,  18.01,  23.34,  18.54,  21.60,  20.02,  23.80,  18.62,  21.19,  18.54,  19.82,  17.16,  19.14,  17.49,  19.34,  15.11,  19.57,  14.22,  17.82,  16.08,  16.88,  16.88,  16.91,  16.32,  16.77,  17.95,  17.18,  17.47,  18.07
19940806, 0000,  , TD, 11.0N, 155.3W,  25, -999, -999, -999, -999, -999, -999, -999, -999, -999, -999, -999, -999, -999, -999,  22.81,  26.01,  20.14,  27.38,  18.92,  23.14,  20.85,  27.12,  20.00,  25.69,  19.12,  24.00,  21.54,  21.04,  21.51,  21.42,  18.05,  20.47,  18.23,  19.72,  18.68,  19.06,  17.88,  18.16,  18.32,  17.93,  19.12,  18.18,  19.54,  19.43,  19.09
19940806, 0600,  , TD, 11.6N, 155.9W,  25, -999, -999, -999, -999, -999, -999, -999, -999, -999, -999, -999, -999, -999, -999,  20.67,  20.90,  20.91,  27.17,  21.97,  25.13,  19.98,  26.51,  21.55,  25.45,  21.26,  24.03,  24.07,  22.47,  23.36,  21.44,  19.37,  21.02,  21.69,  19.14,  18.49,  18.71,  18.21,  18.03,  18.82,  17.91,  19.36,  17.98,  18.87,  18.05,  18.43
19940806, 1200,  , TD, 12.2N, 156.5W,  25, -999, -999, -999, -999, -999, -999, -999, -999, -999, -999, -999, -999, -999, -999,  25.59,  25.40,  24.60,  25.28,  25.53,  25.53,  20.14,  26.38,  21.13,  25.14,  23.22,  24.98,  24.72,  23.57,  24.17,  23.88,  20.45,  20.56,  21.12,  20.70,  20.82,  21.02,  21.08,  19.93,  20.16,  18.89,  19.76,  18.91,  19.90,  18.86,  19.22
19940806, 1800,  , TD, 12.6N, 157.5W,  25, -999, -999, -999, -999, -999, -999, -999, -999, -999, -999, -999, -999, -999, -999,  25.80,  25.58,  25.53,  25.49,  25.59,  26.15,  23.46,  26.88,  25.36,  27.34,  25.44,  25.76,  25.35,  25.49,  25.82,  25.61,  25.95,  23.64,  25.80,  24.95,  24.88,  24.45,  24.55,  22.97,  25.32,  21.93,  23.96,  21.33,  23.79,  21.00,  22.95
19940807, 0000,  , TD, 13.0N, 158.4W,  25, -999, -999, -999, -999, -999, -999, -999, -999, -999, -999, -999, -999, -999, -999,  26.06,  26.05,  26.31,  26.36,  26.18,  25.96,  26.49,  26.06,  27.10,  25.58,  27.27,  26.02,  24.69,  25.69,  25.74,  26.41,  23.52,  26.64,  25.82,  26.08,  26.03,  25.77,  25.88,  25.10,  25.14,  25.23,  24.68,  25.32,  23.88,  25.15,  25.07
19940807, 0600,  , TD, 13.4N, 159.2W,  25, -999, -999, -999, -999, -999, -999, -999, -999, -999, -999, -999, -999, -999, -999,  24.82,  25.19,  24.96,  24.84,  24.39,  25.92,  25.63,  25.50,  26.59,  25.33,  26.42,  25.45,  25.42,  26.01,  25.33,  25.98,  22.18,  26.71,  22.66,  27.29,  23.73,  25.28,  25.68,  25.40,  25.48,  25.04,  24.82,  24.51,  22.96,  22.61,  23.68
19940807, 1200,  , TD, 13.5N, 160.0W,  25, -999, -999, -999, -999, -999, -999, -999, -999, -999, -999, -999, -999, -999, -999,  25.42,  25.43,  25.02,  24.99,  25.45,  26.05,  25.35,  25.51,  26.91,  25.24,  25.65,  24.65,  25.52,  25.20,  24.63,  26.06,  23.41,  25.97,  22.95,  26.19,  22.23,  24.31,  23.71,  24.37,  25.35,  25.47,  25.21,  25.50,  25.16,  25.48,  25.85
19940807, 1800,  , TD, 13.5N, 161.2W,  25, -999, -999, -999, -999, -999, -999, -999, -999, -999, -999, -999, -999, -999, -999,  25.64,  25.73,  25.72,  26.01,  26.04,  25.82,  25.46,  26.69,  25.19,  26.66,  26.68,  25.73,  25.45,  25.56,  24.85,  26.00,  24.75,  23.45,  23.41,  25.25,  21.99,  24.94,  23.95,  24.43,  24.99,  24.22,  25.08,  24.63,  24.75,  24.59,  26.39
19940808, 0000,  , TD, 13.5N, 162.3W,  25, -999, -999, -999, -999, -999, -999, -999, -999, -999, -999, -999, -999, -999, -999,  26.25,  26.33,  26.31,  26.15,  26.12,  25.54,  25.49,  25.02,  25.86,  24.81,  24.71,  25.12,  25.33,  24.50,  25.49,  25.35,  24.03,  25.16,  23.43,  24.75,  23.88,  24.03,  24.55,  24.25,  24.17,  24.21,  23.57,  24.80,  24.05,  23.82,  24.24
19940808, 0600,  , TD, 13.5N, 163.5W,  30, -999, -999, -999, -999, -999, -999, -999, -999, -999, -999, -999, -999, -999, -999,  26.16,  25.89,  25.71,  25.61,  25.62,  25.19,  25.74,  25.72,  25.96,  25.47,  25.68,  25.36,  25.27,  25.57,  25.70,  25.14,  25.11,  25.21,  23.65,  25.36,  23.16,  25.33,  22.43,  24.31,  22.67,  23.75,  22.73,  23.52,  23.54,  23.39,  23.41
19940808, 1200,  , TS, 13.5N, 164.8W,  40, -999, -999, -999, -999, -999, -999, -999, -999, -999, -999, -999, -999, -999, -999,  27.62,  26.77,  25.98,  25.96,  26.03,  25.80,  26.13,  26.44,  26.34,  26.22,  26.34,  26.57,  26.41,  26.61,  26.27,  26.62,  25.28,  25.13,  25.17,  25.14,  24.74,  25.59,  25.28,  25.26,  25.18,  25.39,  25.27,  25.59,  25.34,  25.72,  25.49
19940808, 1800,  , TS, 13.5N, 166.3W,  45, -999, -999, -999, -999, -999, -999, -999, -999, -999, -999, -999, -999, -999, -999,  26.11,  25.91,  25.66,  25.75,  26.06,  26.03,  26.26,  26.58,  26.09,  26.13,  25.93,  26.44,  26.60,  26.94,  26.97,  27.07,  27.27,  25.76,  27.33,  27.11,  27.32,  26.48,  27.29,  25.44,  26.66,  25.72,  25.96,  26.12,  25.03,  25.67,  25.83
19940809, 0000,  , TS, 13.6N, 167.5W,  50, -999, -999, -999, -999, -999, -999, -999, -999, -999, -999, -999, -999, -999, -999,  25.81,  25.44,  25.81,  26.11,  26.38,  26.50,  26.28,  25.56,  25.42,  25.43,  25.61,  25.61,  25.37,  25.79,  25.47,  25.48,  24.38,  25.63,  24.79,  25.43,  24.77,  25.72,  26.06,  26.80,  26.74,  27.74,  27.74,  27.11,  27.28,  27.50,  27.71
19940809, 0600,  , TS, 13.6N, 168.2W,  50, -999, -999, -999, -999, -999, -999, -999, -999, -999, -999, -999, -999, -999, -999,  26.23,  26.10,  26.33,  26.30,  26.26,  26.21,  26.23,  25.77,  25.76,  25.53,  25.55,  25.58,  25.58,  25.88,  25.62,  25.83,  25.00,  25.89,  25.06,  26.27,  25.34,  27.55,  25.76,  26.53,  25.37,  27.71,  26.49,  25.62,  27.20,  27.07,  27.29
19940809, 1200,  , TS, 13.6N, 169.1W,  45, -999, -999, -999, -999, -999, -999, -999, -999, -999, -999, -999, -999, -999, -999,  25.97,  25.85,  26.04,  26.08,  25.94,  25.88,  25.97,  25.75,  25.92,  25.61,  25.59,  25.74,  25.83,  25.75,  25.56,  25.74,  25.16,  26.50,  26.42,  26.21,  25.97,  26.39,  25.97,  26.80,  26.94,  27.60,  27.68,  27.55,  27.53,  27.79,  27.91
19940809, 1800,  , TS, 13.6N, 170.0W,  45, -999, -999, -999, -999, -999, -999, -999, -999, -999, -999, -999, -999, -999, -999,  26.34,  26.30,  26.41,  26.55,  26.22,  25.90,  26.25,  25.91,  26.00,  25.73,  25.41,  25.10,  25.04,  25.25,  25.37,  25.51,  25.63,  24.55,  25.92,  26.06,  26.06,  26.28,  26.15,  26.49,  25.55,  25.66,  25.73,  25.61,  25.87,  27.49,  27.55
19940810, 0000,  , TS, 13.5N, 171.0W,  45, -999, -999, -999, -999, -999, -999, -999, -999, -999, -999, -999, -999, -999, -999,  26.43,  26.53,  26.94,  26.77,  26.54,  26.70,  26.47,  26.47,  26.16,  26.68,  26.42,  26.49,  26.11,  26.38,  26.15,  26.39,  25.24,  26.69,  25.85,  26.48,  25.28,  25.92,  25.53,  25.97,  25.75,  25.94,  25.98,  26.08,  26.07,  25.99,  25.53
19940810, 0600,  , TS, 13.6N, 171.6W,  45, -999, -999, -999, -999, -999, -999, -999, -999, -999, -999, -999, -999, -999, -999,  26.56,  26.44,  26.17,  26.18,  25.97,  26.05,  25.60,  25.84,  25.82,  26.17,  26.12,  26.20,  25.90,  26.24,  26.16,  26.38,  25.40,  26.50,  25.35,  26.03,  25.84,  25.86,  25.83,  26.10,  25.91,  26.00,  25.84,  26.15,  26.14,  26.11,  25.87
19940810, 1200,  , TS, 13.7N, 172.2W,  45, -999, -999, -999, -999, -999, -999, -999, -999, -999, -999, -999, -999, -999, -999,  26.42,  26.19,  26.21,  26.34,  26.38,  26.28,  26.19,  26.17,  26.41,  26.63,  26.77,  26.62,  26.24,  26.49,  26.47,  26.66,  26.02,  27.18,  26.72,  27.66,  27.64,  27.71,  27.55,  27.60,  27.09,  27.45,  26.54,  26.83,  26.79,  26.88,  26.95
19940810, 1800,  , TS, 13.9N, 172.7W,  50, -999, -999, -999, -999, -999, -999, -999, -999, -999, -999, -999, -999, -999, -999,  26.55,  25.98,  25.77,  26.07,  26.26,  26.16,  26.04,  26.07,  26.40,  26.75,  26.79,  26.73,  26.83,  26.89,  27.62,  27.62,  27.58,  27.56,  27.66,  27.70,  27.64,  27.72,  27.62,  27.69,  27.62,  27.38,  27.29,  27.21,  26.89,  26.97,  26.90
19940811, 0000,  , TS, 13.9N, 173.3W,  50, -999, -999, -999, -999, -999, -999, -999, -999, -999, -999, -999, -999, -999, -999,  25.92,  25.70,  25.92,  26.14,  26.25,  26.53,  26.57,  26.93,  27.03,  27.08,  27.01,  26.84,  26.99,  27.20,  27.60,  27.23,  26.86,  27.65,  27.55,  27.48,  27.63,  27.41,  27.54,  27.60,  27.32,  27.26,  27.48,  27.18,  26.87,  26.27,  26.72
19940811, 0600,  , TS, 13.8N, 174.2W,  45, -999, -999, -999, -999, -999, -999, -999, -999, -999, -999, -999, -999, -999, -999,  26.49,  26.88,  26.96,  27.04,  26.79,  26.95,  26.84,  26.87,  27.06,  27.34,  27.25,  26.91,  27.21,  27.30,  27.19,  27.44,  27.45,  27.55,  27.17,  27.10,  26.84,  26.92,  27.05,  27.29,  27.43,  27.45,  27.52,  27.42,  27.20,  27.27,  27.02
19940811, 1200,  , TS, 13.6N, 175.1W,  45, -999, -999, -999, -999, -999, -999, -999, -999, -999, -999, -999, -999, -999, -999,  25.90,  26.18,  26.46,  26.52,  26.28,  26.51,  26.60,  26.93,  27.23,  27.39,  27.53,  27.42,  27.23,  27.30,  27.46,  27.48,  27.65,  27.56,  27.12,  27.14,  27.03,  27.24,  27.17,  27.45,  27.47,  27.71,  27.25,  27.34,  27.39,  27.20,  27.24
19940811, 1800,  , TS, 13.3N, 176.0W,  50, -999, -999, -999, -999, -999, -999, -999, -999, -999, -999, -999, -999, -999, -999,  26.41,  26.54,  26.66,  26.62,  26.32,  26.54,  26.41,  26.36,  26.59,  26.76,  27.02,  26.94,  27.34,  27.54,  27.48,  27.38,  27.15,  27.47,  27.21,  26.56,  27.37,  27.59,  27.21,  27.10,  27.58,  27.80,  27.23,  27.23,  25.74,  26.71,  27.12
19940812, 0000,  , TS, 13.0N, 176.9W,  55, -999, -999, -999, -999, -999, -999, -999, -999, -999, -999, -999, -999, -999, -999,  27.87,  27.77,  27.79,  27.31,  27.49,  27.19,  26.87,  26.33,  26.15,  26.44,  26.40,  26.38,  26.97,  27.49,  27.40,  27.21,  27.78,  27.46,  27.35,  27.83,  27.68,  27.90,  27.95,  27.98,  28.20,  27.67,  27.18,  27.16,  27.20,  26.94,  26.87
19940812, 0600,  , TS, 12.7N, 177.9W,  60, -999, -999, -999, -999, -999, -999, -999, -999, -999, -999, -999, -999, -999, -999,  27.76,  27.69,  27.64,  27.37,  27.52,  27.14,  27.26,  26.56,  26.49,  27.12,  27.30,  27.35,  27.27,  26.94,  26.92,  26.98,  26.34,  26.88,  25.85,  26.93,  27.08,  27.34,  27.70,  27.84,  27.81,  27.46,  27.43,  27.22,  27.56,  27.81,  27.32
19940812, 1200,  , HU, 12.6N, 178.9W,  65, -999, -999, -999, -999, -999, -999, -999, -999, -999, -999, -999, -999, -999, -999,  27.65,  27.57,  27.73,  27.54,  27.55,  27.39,  27.46,  27.21,  27.21,  27.44,  27.21,  26.98,  27.13,  27.35,  27.11,  27.19,  27.37,  26.59,  26.08,  26.19,  26.12,  26.66,  26.58,  27.41,  27.84,  27.94,  27.65,  27.31,  27.48,  27.26,  27.40
19940812, 1800,  , TS, 12.6N, 179.9W,  60, -999, -999, -999, -999, -999, -999, -999, -999, -999, -999, -999, -999, -999, -999,  26.99,  26.82,  26.97,  27.20,  27.34,  27.23,  27.17,  26.95,  27.07,  27.41,  27.58,  27.41,  27.88,  27.81,  27.98,  27.50,  27.49,  26.32,  26.18,  26.08,  26.21,  26.02,  26.44,  26.50,  26.47,  26.15,  27.22,  27.81,  27.95,  27.26,  27.24
19940813, 0000,  , TS, 12.9N, 178.9E,  55, -999, -999, -999, -999, -999, -999, -999, -999, -999, -999, -999, -999, -999, -999,  27.60,  27.69,  27.88,  27.45,  27.13,  27.01,  26.90,  26.91,  26.91,  26.95,  26.98,  27.21,  27.25,  27.65,  27.57,  27.63,  27.57,  27.76,  27.60,  27.41,  27.03,  27.11,  27.65,  27.64,  27.17,  27.09,  27.18,  27.30,  26.86,  27.27,  27.44
19940813, 0600,  , TS, 13.3N, 177.9E,  50, -999, -999, -999, -999, -999, -999, -999, -999, -999, -999, -999, -999, -999, -999,  26.87,  27.04,  26.82,  26.96,  27.01,  26.82,  26.91,  26.83,  27.16,  27.11,  27.12,  27.32,  27.35,  27.33,  27.35,  27.26,  26.59,  27.75,  27.69,  27.48,  27.49,  27.92,  27.62,  27.82,  27.69,  27.81,  27.67,  27.84,  27.91,  27.79,  27.80
19940813, 1200,  , TS, 13.8N, 177.0E,  45, -999, -999, -999, -999, -999, -999, -999, -999, -999, -999, -999, -999, -999, -999,  27.38,  27.55,  27.56,  28.15,  28.03,  27.72,  27.61,  27.29,  27.39,  27.27,  26.93,  27.19,  27.31,  27.33,  27.38,  27.00,  27.09,  27.21,  27.66,  27.01,  27.18,  27.66,  27.06,  27.92,  27.64,  27.30,  27.29,  27.45,  27.50,  27.62,  27.59
19940813, 1800,  , TS, 14.2N, 176.1E,  40, -999, -999, -999, -999, -999, -999, -999, -999, -999, -999, -999, -999, -999, -999,  27.27,  27.36,  27.41,  27.46,  27.50,  27.23,  27.01,  27.09,  27.13,  27.43,  27.23,  27.21,  27.29,  27.43,  27.45,  27.44,  27.24,  26.84,  27.36,  27.16,  27.49,  27.59,  27.62,  28.13,  28.19,  27.66,  27.43,  27.26,  27.41,  27.57,  27.27
19940814, 0000,  , TS, 14.7N, 175.1E,  40, -999, -999, -999, -999, -999, -999, -999, -999, -999, -999, -999, -999, -999, -999,  27.54,  27.50,  27.36,  27.33,  27.19,  27.05,  26.90,  27.17,  27.24,  27.23,  27.30,  27.19,  27.21,  27.27,  27.05,  27.26,  26.39,  26.93,  27.40,  27.29,  27.78,  27.27,  27.74,  27.48,  27.47,  27.39,  27.36,  27.41,  27.37,  27.25,  27.42
19940814, 0600,  , TS, 15.1N, 174.2E,  35, -999, -999, -999, -999, -999, -999, -999, -999, -999, -999, -999, -999, -999, -999,  27.86,  27.17,  26.72,  26.61,  26.34,  26.51,  26.47,  26.68,  26.64,  26.86,  26.80,  26.90,  26.91,  27.08,  27.17,  27.23,  26.32,  27.14,  27.09,  27.27,  27.92,  27.59,  27.83,  27.57,  27.53,  27.50,  27.31,  27.36,  27.42,  27.20,  27.10
19940814, 1200,  , TS, 15.6N, 173.3E,  35, -999, -999, -999, -999, -999, -999, -999, -999, -999, -999, -999, -999, -999, -999,  27.70,  27.02,  26.63,  26.69,  26.51,  26.80,  26.66,  26.85,  26.88,  27.15,  27.18,  27.16,  27.17,  27.18,  27.21,  27.20,  26.56,  27.00,  26.86,  27.24,  26.74,  26.92,  27.04,  27.05,  27.24,  27.27,  27.38,  27.28,  27.26,  27.39,  27.36
19940814, 1800,  , TS, 16.0N, 172.5E,  35, -999, -999, -999, -999, -999, -999, -999, -999, -999, -999, -999, -999, -999, -999,  26.49,  26.49,  26.19,  26.32,  26.19,  26.60,  26.76,  26.53,  26.61,  27.24,  27.13,  26.90,  27.15,  27.51,  27.56,  27.56,  27.82,  27.04,  27.09,  27.18,  26.80,  27.04,  26.61,  26.94,  27.08,  27.23,  27.00,  27.21,  27.08,  27.02,  27.08
19940815, 0000,  , TS, 16.5N, 171.7E,  35, -999, -999, -999, -999, -999, -999, -999, -999, -999, -999, -999, -999, -999, -999,  25.45,  25.40,  25.44,  25.58,  25.43,  25.41,  25.33,  25.28,  25.28,  24.97,  24.94,  24.86,  25.64,  25.98,  26.30,  26.03,  25.13,  25.16,  25.34,  25.58,  26.32,  25.86,  25.54,  26.09,  26.18,  26.87,  26.55,  27.07,  27.08,  26.95,  26.79
19940815, 0600,  , TS, 17.0N, 170.9E,  35, -999, -999, -999, -999, -999, -999, -999, -999, -999, -999, -999, -999, -999, -999,  26.01,  25.82,  25.74,  25.68,  25.54,  25.48,  25.19,  24.98,  24.78,  24.76,  24.79,  24.91,  25.06,  25.49,  25.57,  25.27,  24.67,  24.64,  24.44,  24.66,  24.98,  24.42,  24.93,  25.07,  25.12,  25.87,  25.95,  26.23,  26.34,  26.17,  26.96
19940815, 1200,  , TS, 17.5N, 170.3E,  35, -999, -999, -999, -999, -999, -999, -999, -999, -999, -999, -999, -999, -999, -999,  26.06,  26.11,  26.06,  26.05,  25.96,  26.02,  25.94,  25.72,  25.55,  25.01,  25.04,  24.81,  24.68,  24.69,  24.75,  24.87,  24.85,  24.92,  24.70,  24.49,  24.98,  24.53,  24.75,  25.05,  25.30,  25.48,  25.69,  25.71,  25.65,  25.59,  26.01
19940815, 1800,  , TD, 17.9N, 169.8E,  30, -999, -999, -999, -999, -999, -999, -999, -999, -999, -999, -999, -999, -999, -999,  26.17,  26.09,  26.18,  26.28,  26.41,  26.45,  26.44,  26.17,  26.19,  26.07,  25.85,  25.68,  25.73,  25.88,  25.79,  25.52,  25.26,  24.92,  25.07,  24.41,  25.07,  25.28,  25.19,  25.83,  25.79,  25.81,  26.09,  25.80,  25.55,  25.22,  25.18
19940816, 0000,  , TD, 18.1N, 169.5E,  30, -999, -999, -999, -999, -999, -999, -999, -999, -999, -999, -999, -999, -999, -999,  26.19,  26.12,  26.20,  26.13,  26.34,  26.39,  26.24,  26.24,  26.21,  26.13,  26.08,  25.90,  26.05,  26.24,  26.25,  26.12,  25.45,  25.51,  24.95,  24.69,  24.41,  24.27,  24.70,  24.87,  25.07,  25.84,  25.17,  25.18,  25.26,  25.07,  25.10
19940816, 0600,  , TD, 18.3N, 169.2E,  30, -999, -999, -999, -999, -999, -999, -999, -999, -999, -999, -999, -999, -999, -999,  26.13,  25.89,  25.95,  26.23,  26.75,  26.78,  26.93,  26.75,  26.62,  26.62,  26.30,  26.38,  26.19,  26.37,  26.61,  26.68,  26.29,  25.22,  25.13,  25.23,  24.38,  24.73,  24.87,  25.07,  25.44,  25.71,  25.11,  25.07,  25.02,  24.95,  24.83
19940816, 1200,  , TD, 18.5N, 169.0E,  25, -999, -999, -999, -999, -999, -999, -999, -999, -999, -999, -999, -999, -999, -999,  26.42,  26.39,  26.24,  26.81,  28.03,  28.17,  27.91,  27.02,  26.73,  26.37,  25.96,  26.21,  26.18,  26.31,  26.56,  26.48,  26.12,  25.07,  25.23,  25.52,  25.91,  25.73,  25.44,  25.14,  25.08,  25.13,  24.90,  24.85,  24.90,  24.81,  24.96
19940816, 1800,  , TD, 18.7N, 168.9E,  25, -999, -999, -999, -999, -999, -999, -999, -999, -999, -999, -999, -999, -999, -999,  26.54,  26.48,  26.45,  26.86,  26.75,  26.61,  26.41,  26.15,  26.04,  26.06,  25.86,  26.00,  26.00,  26.15,  26.30,  26.22,  25.55,  24.83,  25.29,  25.49,  25.63,  25.36,  24.83,  24.88,  25.03,  25.19,  25.08,  25.12,  25.26,  25.34,  25.53
19940817, 0000,  , TD, 18.8N, 168.8E,  25, -999, -999, -999, -999, -999, -999, -999, -999, -999, -999, -999, -999, -999, -999,  26.55,  26.58,  26.47,  26.50,  26.07,  25.88,  25.38,  25.61,  25.89,  25.89,  26.19,  26.03,  26.31,  26.34,  26.09,  25.50,  25.18,  25.60,  25.18,  24.72,  24.95,  25.06,  25.31,  25.41,  25.51,  25.66,  25.94,  26.00,  25.84,  25.74,  25.67
19940817, 0600,  , TD, 19.0N, 168.9E,  25, -999, -999, -999, -999, -999, -999, -999, -999, -999, -999, -999, -999, -999, -999,  26.35,  26.16,  25.83,  25.62,  25.76,  25.66,  25.62,  25.68,  25.76,  25.65,  25.59,  25.65,  25.95,  25.90,  25.85,  25.49,  24.86,  24.99,  24.97,  24.55,  25.31,  25.58,  25.08,  25.01,  25.21,  25.81,  26.21,  25.86,  25.46,  25.23,  25.28
19940817, 1200,  , TD, 19.1N, 169.2E,  25, -999, -999, -999, -999, -999, -999, -999, -999, -999, -999, -999, -999, -999, -999,  26.12,  26.08,  25.91,  25.84,  25.98,  25.58,  25.31,  25.25,  25.30,  25.42,  25.40,  25.36,  25.59,  25.53,  25.52,  25.25,  24.52,  24.67,  24.85,  24.45,  24.86,  25.18,  24.75,  24.64,  24.71,  25.11,  25.56,  25.43,  24.86,  25.03,  25.26
19940817, 1800,  , TD, 19.2N, 169.7E,  25, -999, -999, -999, -999, -999, -999, -999, -999, -999, -999, -999, -999, -999, -999,  25.40,  25.40,  25.19,  25.14,  25.06,  24.95,  24.99,  24.76,  24.99,  25.13,  25.43,  25.48,  25.42,  25.22,  24.79,  24.52,  23.69,  23.58,  24.12,  24.06,  24.06,  23.82,  23.98,  24.23,  24.38,  24.50,  24.56,  24.49,  24.42,  24.36,  24.52
19940818, 0000,  , TD, 19.3N, 170.2E,  20, -999, -999, -999, -999, -999, -999, -999, -999, -999, -999, -999, -999, -999, -999,  26.01,  26.11,  26.07,  25.97,  25.92,  25.91,  26.12,  26.34,  26.50,  26.60,  26.81,  26.86,  26.25,  25.46,  25.26,  24.47,  24.20,  24.38,  24.36,  24.56,  24.72,  24.66,  25.16,  25.25,  25.10,  25.39,  25.20,  25.03,  25.04,  24.99,  24.90
