EP082001,                GIL,     23,
20010904, 0600,  , TD, 15.4N, 122.6W,  30, 1006, -999, -999, -999, -999, -999, -999, -999, -999, -999, -999, -999, -999, -999,  34.23,  34.30,  34.31,  34.36,  34.36,  34.39,  34.45,  34.45,  34.41,  34.38,  34.35,  34.39,  34.44,  34.71,  34.70,  34.68,  34.73,  34.59,  34.63,  34.67,  34.65,  34.57,  34.48,  34.58,  34.86,  34.93,  34.88,  34.77,  34.86,  34.72,  34.61
20010904, 1200,  , TS, 15.4N, 123.4W,  35, 1004, -999, -999, -999, -999, -999, -999, -999, -999, -999, -999, -999, -999, -999,  34.16,  34.21,  34.21,  34.28,  34.17,  34.19,  34.17,  34.09,  34.17,  34.28,  34.27,  34.24,  34.21,  34.18,  34.25,  34.45,  34.48,  34.52,  34.35,  34.32,  34.12,  34.12,  34.10,  34.08,  34.09,  34.12,  34.11,  34.11,  34.11,  34.13,  34.12
20010904, 1800,  , TS, 15.4N, 124.2W,  40, 1002, -999, -999, -999, -999, -999, -999, -999, -999, -999, -999, -999, -999, -999,  34.19,  34.29,  34.30,  34.30,  34.30,  34.26,  34.21,  34.25,  34.20,  34.16,  34.22,  34.23,  34.13,  34.21,  34.22,  34.23,  34.22,  33.94,  33.98,  34.09,  34.10,  34.12,  34.08,  34.04,  34.06,  34.07,  34.05,  34.03,  34.07,  34.12,  34.15
20010905, 0000,  , TS, 15.4N, 124.5W,  50,  997, -999, -999, -999, -999, -999, -999, -999, -999, -999, -999, -999, -999, -999,  34.31,  34.29,  34.30,  34.28,  34.27,  34.21,  34.23,  34.16,  34.07,  34.09,  34.21,  34.11,  34.16,  34.22,  34.24,  34.11,  34.03,  34.09,  34.15,  34.12,  34.11,  34.09,  34.06,  34.08,  34.07,  34.03,  34.09,  34.15,  34.17,  34.14,  34.18
20010905, 0600,  , TS, 15.4N, 124.7W,  55,  994, -999, -999, -999, -999, -999, -999, -999, -999, -999, -999, -999, -999, -999,  34.30,  34.29,  34.29,  34.27,  34.26,  34.20,  34.22,  34.13,  34.09,  34.14,  34.14,  34.11,  34.07,  34.20,  34.16,  34.09,  34.10,  34.12,  34.09,  34.11,  34.08,  34.08,  34.09,  34.11,  34.12,  34.17,  34.21,  34.23,  34.21,  34.15,  34.17
20010905, 1200,  , TS, 15.3N, 125.0W,  55,  994, -999, -999, -999, -999, -999, -999, -999, -999, -999, -999, -999, -999, -999,  34.18,  34.23,  34.18,  34.15,  34.11,  34.09,  34.13,  34.16,  34.12,  34.09,  34.13,  34.17,  34.15,  34.20,  34.20,  34.20,  34.10,  34.16,  34.13,  34.12,  34.12,  34.08,  34.13,  34.09,  34.15,  34.18,  34.13,  34.09,  34.08,  34.11,  34.15
20010905, 1800,  , TS, 15.2N, 125.5W,  60,  990, -999, -999, -999, -999, -999, -999, -999, -999, -999, -999, -999, -999, -999,  34.21,  34.17,  34.09,  34.14,  34.11,  34.16,  34.20,  34.20,  34.20,  34.22,  34.22,  34.21,  34.20,  34.21,  34.17,  34.07,  34.08,  34.20,  34.15,  34.13,  34.17,  34.21,  34.15,  34.21,  34.12,  34.08,  34.11,  34.11,  34.18,  34.22,  34.24
20010906, 0000,  , HU, 15.1N, 126.0W,  65,  986, -999, -999, -999, -999, -999, -999, -999, -999, -999, -999, -999, -999, -999,  34.27,  34.19,  34.29,  34.23,  34.16,  34.11,  34.04,  34.05,  34.05,  34.11,  34.05,  34.24,  33.99,  34.06,  34.19,  34.09,  34.09,  34.09,  34.03,  34.00,  34.01,  33.98,  33.98,  34.00,  34.05,  34.10,  34.06,  34.11,  34.14,  34.20,  34.23
20010906, 0600,  , HU, 15.1N, 126.5W,  70,  983, -999, -999, -999, -999, -999, -999, -999, -999, -999, -999, -999, -999, -999,  34.29,  34.28,  34.29,  34.29,  34.28,  34.18,  34.14,  34.13,  34.08,  34.07,  34.05,  34.22,  34.24,  34.20,  34.28,  34.02,  34.05,  34.11,  33.99,  33.98,  33.94,  33.98,  33.93,  33.98,  34.01,  34.00,  33.95,  34.01,  34.16,  34.12,  34.20
20010906, 1200,  , HU, 15.0N, 127.3W,  75,  979, -999, -999, -999, -999, -999, -999, -999, -999, -999, -999, -999, -999, -999,  34.28,  34.29,  34.28,  34.28,  34.27,  34.26,  34.25,  34.25,  34.25,  34.25,  34.25,  34.24,  34.23,  34.20,  34.22,  34.27,  34.28,  34.20,  34.54,  34.19,  34.22,  34.27,  34.30,  34.23,  33.93,  33.91,  33.99,  34.06,  34.12,  34.16,  34.21
20010906, 1800,  , HU, 14.9N, 128.0W,  85,  975, -999, -999, -999, -999, -999, -999, -999, -999, -999, -999, -999, -999, -999,  34.27,  34.25,  34.21,  34.19,  34.21,  34.23,  34.25,  34.26,  34.27,  34.27,  34.27,  34.29,  34.28,  34.28,  34.28,  34.27,  34.27,  34.20,  34.18,  34.42,  34.28,  34.28,  34.49,  34.21,  34.37,  34.20,  34.37,  34.21,  34.26,  34.11,  34.00
20010907, 0000,  , HU, 15.1N, 128.5W,  85,  975, -999, -999, -999, -999, -999, -999, -999, -999, -999, -999, -999, -999, -999,  34.17,  34.23,  34.20,  34.19,  34.19,  34.21,  34.21,  34.19,  34.17,  34.18,  34.14,  34.14,  34.17,  34.19,  34.19,  34.17,  34.08,  34.03,  34.23,  34.12,  34.13,  34.30,  34.28,  34.39,  34.44,  34.40,  34.35,  34.34,  34.36,  34.32,    nan
20010907, 0600,  , HU, 15.4N, 128.7W,  85,  975, -999, -999, -999, -999, -999, -999, -999, -999, -999, -999, -999, -999, -999,  34.18,  34.22,  34.25,  34.24,  34.26,  34.26,  34.27,  34.26,  34.25,  34.25,  34.26,  34.25,  34.26,  34.24,  34.23,  34.18,  34.23,  34.21,  34.44,  34.47,  34.34,  34.28,  34.24,  34.16,  34.14,  34.17,  34.18,  34.19,  34.36,  34.37,    nan
20010907, 1200,  , HU, 15.9N, 129.1W,  80,  979, -999, -999, -999, -999, -999, -999, -999, -999, -999, -999, -999, -999, -999,  34.15,  34.14,  34.15,  34.23,  34.26,  34.27,  34.27,  34.26,  34.26,  34.25,  34.25,  34.25,  34.26,  34.28,  34.31,  34.27,  34.17,  34.17,  34.16,  34.20,  34.38,  34.38,  34.22,  34.13,  34.18,  34.17,  34.11,  34.09,  34.05,  33.81,    nan
20010907, 1800,  , HU, 16.5N, 129.5W,  75,  979, -999, -999, -999, -999, -999, -999, -999, -999, -999, -999, -999, -999, -999,  34.16,  34.16,  34.16,  34.16,  34.17,  34.18,  34.20,  34.29,  34.47,  34.45,  34.41,  34.40,  34.39,  34.41,  34.40,  34.34,  34.35,  34.33,  34.32,  34.27,  34.24,  34.24,  34.21,  34.15,  34.13,  34.15,  34.16,  34.18,  34.31,  34.34,    nan
20010908, 0000,  , HU, 17.4N, 129.5W,  65,  987, -999, -999, -999, -999, -999, -999, -999, -999, -999, -999, -999, -999, -999,  34.37,  34.37,  34.36,  34.37,  34.38,  34.38,  34.40,  34.43,  34.47,  34.50,  34.54,  34.56,  34.56,  34.56,  34.54,  34.49,  34.42,  34.45,  34.41,  34.41,  34.41,  34.42,  34.41,  34.43,  34.46,  34.45,  34.49,  34.47,  34.44,    nan,  34.45
20010908, 0600,  , TS, 18.8N, 129.8W,  60,  990, -999, -999, -999, -999, -999, -999, -999, -999, -999, -999, -999, -999, -999,  34.61,  34.61,  34.60,  34.61,  34.62,  34.63,  34.64,  34.64,  34.63,  34.64,  34.66,  34.66,  34.65,  34.65,  34.64,  34.62,  34.57,  34.56,  34.55,  34.53,  34.53,  34.53,  34.54,  34.53,  34.53,  34.53,  34.54,  34.53,  34.54,    nan,  34.53
20010908, 1200,  , TS, 20.6N, 130.3W,  50,  997, -999, -999, -999, -999, -999, -999, -999, -999, -999, -999, -999, -999, -999,  34.61,  34.61,  34.61,  34.59,  34.55,  34.52,  34.50,  34.49,  34.50,  34.50,  34.51,  34.52,  34.51,  34.51,  34.52,  34.52,  34.53,  34.52,  34.53,  34.53,  34.53,  34.53,  34.52,  34.52,  34.53,  34.54,  34.54,  34.55,  34.54,    nan,  34.55
20010908, 1800,  , TS, 22.1N, 132.1W,  40, 1003, -999, -999, -999, -999, -999, -999, -999, -999, -999, -999, -999, -999, -999,  34.63,  34.66,  34.67,  34.67,  34.67,  34.69,  34.73,  34.72,  34.73,  34.73,  34.73,  34.73,  34.73,  34.74,  34.75,  34.75,  34.75,  34.75,  34.74,  34.75,  34.73,  34.72,  34.72,  34.71,  34.69,  34.69,  34.69,  34.66,  34.63,    nan,  34.61
20010909, 0000,  , TD, 22.4N, 134.5W,  30, 1006, -999, -999, -999, -999, -999, -999, -999, -999, -999, -999, -999, -999, -999,  34.71,  34.71,  34.71,  34.71,  34.72,  34.72,  34.73,  34.73,  34.73,  34.71,  34.70,  34.70,  34.70,  34.71,  34.71,  34.71,  34.71,  34.71,  34.71,  34.71,  34.71,  34.71,  34.71,  34.71,  34.71,  34.71,  34.71,  34.72,    nan,  34.72,  34.72
20010909, 0600,  , TD, 21.5N, 136.2W,  30, 1008, -999, -999, -999, -999, -999, -999, -999, -999, -999, -999, -999, -999, -999,  34.74,  34.74,  34.73,  34.72,  34.72,  34.72,  34.73,  34.72,  34.73,  34.72,  34.73,  34.74,  34.74,  34.75,  34.76,  34.74,  34.69,  34.67,  34.67,  34.66,  34.66,  34.66,  34.66,  34.66,  34.67,  34.67,  34.66,  34.66,    nan,  34.66,  34.67
20010909, 1200,  , TD, 20.7N, 137.2W,  30, 1008, -999, -999, -999, -999, -999, -999, -999, -999, -999, -999, -999, -999, -999,  34.65,  34.65,  34.65,  34.63,  34.62,  34.61,  34.62,  34.62,  34.63,  34.64,  34.65,  34.64,  34.65,  34.65,  34.65,  34.66,  34.65,  34.63,  34.62,  34.61,  34.61,  34.59,  34.59,  34.60,  34.60,  34.61,  34.61,  34.62,    nan,  34.63,  34.64
20010909, 1800,  , TD, 20.7N, 137.5W,  25, 1009, -999, -999, -999, -999, -999, -999, -999, -999, -999, -999, -999, -999, -999,  34.66,  34.66,  34.66,  34.66,  34.66,  34.66,  34.66,  34.67,  34.67,  34.67,  34.67,  34.68,  34.67,  34.67,  34.67,  34.67,  34.66,  34.66,  34.67,  34.67,  34.67,  34.67,  34.66,  34.66,  34.63,  34.62,  34.61,  34.60,    nan,  34.60,  34.60
