EP102002,             HERNAN,     31,
20020830, 0600,  , TD, 13.5N, 103.1W,  30, 1006, -999, -999, -999, -999, -999, -999, -999, -999, -999, -999, -999, -999, -999,  19.55,  19.77,  20.18,  20.53,  20.89,  21.04,  19.92,  20.41,  20.25,  20.75,  20.66,  20.75,  20.31,  20.98,  20.92,  21.12,  20.55,  19.18,  18.84,  17.88,  17.90,  17.96,  18.75,  18.38,  18.50,  18.69,  19.01,  18.91,  19.29,  18.88,  19.35
20020830, 1200,  , TS, 13.9N, 103.4W,  40, 1002, -999, -999, -999, -999, -999, -999, -999, -999, -999, -999, -999, -999, -999,  19.91,  19.46,  19.69,  19.52,  19.93,  19.99,  18.84,  19.37,  18.59,  18.58,  18.88,  18.89,  19.39,  19.07,  19.41,  19.30,  19.46,  17.77,  17.51,  15.77,  15.41,  15.81,  16.05,  16.71,  16.88,  17.34,  17.69,  18.19,  18.38,  18.35,  18.43
20020830, 1800,  , TS, 14.2N, 104.0W,  45, 1000, -999, -999, -999, -999, -999, -999, -999, -999, -999, -999, -999, -999, -999,  20.51,  20.26,  20.74,  20.74,  20.72,  21.12,  20.54,  20.65,  19.11,  18.75,  18.93,  18.28,  18.77,  18.10,  18.61,  18.12,  18.10,  16.14,  15.30,  14.49,  14.54,  14.96,  15.05,  15.96,  16.83,  17.90,  17.95,  17.71,  17.79,  17.86,  17.72
20020831, 0000,  , TS, 14.7N, 104.8W,  55,  991, -999, -999, -999, -999, -999, -999, -999, -999, -999, -999, -999, -999, -999,  21.12,  20.93,  20.96,  20.61,  20.76,  21.11,  21.46,  21.27,  20.11,  20.86,  21.10,  20.39,  20.54,  21.17,  20.85,  20.66,  18.67,  17.50,  16.95,  16.60,  16.56,  16.35,  16.68,  17.17,  18.01,  18.02,  17.99,  18.22,  18.52,  18.91,  19.14
20020831, 0600,  , HU, 15.1N, 105.8W,  65,  987, -999, -999, -999, -999, -999, -999, -999, -999, -999, -999, -999, -999, -999,  22.49,  22.07,  21.59,  21.26,  21.33,  21.22,  21.29,  21.55,  20.87,  21.69,  22.12,  21.52,  21.73,  21.57,  22.97,  22.41,  20.32,  19.88,  20.29,  19.86,  19.14,  18.86,  19.41,  18.90,  18.95,  18.96,  18.88,  18.99,  18.97,  19.23,  19.79
20020831, 1200,  , HU, 15.3N, 106.9W,  85,  970, -999, -999, -999, -999, -999, -999, -999, -999, -999, -999, -999, -999, -999,  24.22,  24.15,  23.28,  22.93,  23.30,  23.11,  22.55,  22.76,  22.97,  23.47,  21.68,  22.60,  22.72,  22.78,  22.65,  23.23,  22.20,  21.54,  19.66,  20.09,  19.72,  20.64,  20.32,  19.63,  19.77,  19.94,  18.19,  17.54,  16.90,  17.06,  17.89
20020831, 1800,  , HU, 15.7N, 107.8W, 100,  962, -999, -999, -999, -999, -999, -999, -999, -999, -999, -999, -999, -999, -999,  22.57,  23.73,  22.59,  22.49,  22.39,  22.26,  22.69,  22.31,  21.86,  22.75,  20.91,  21.95,  21.62,  22.96,  23.47,  23.29,  22.98,  21.85,  21.92,  21.40,  20.85,  20.90,  19.99,  20.13,  20.61,  19.79,  19.06,  18.52,  18.59,  18.89,  19.46
20020901, 0000,  , HU, 16.5N, 108.8W, 115,  948, -999, -999, -999, -999, -999, -999, -999, -999, -999, -999, -999, -999, -999,  21.17,  21.60,  21.89,  21.69,  21.99,  21.98,  21.35,  20.68,  21.11,  20.68,  20.89,  20.46,  20.86,  20.74,  20.27,  19.94,  17.80,  17.96,  18.01,  17.77,  17.97,  18.54,  18.55,  18.53,  18.61,  17.63,  17.56,  17.59,  17.42,  17.13,  16.81
20020901, 0600,  , HU, 16.7N, 110.1W, 130,  931, -999, -999, -999, -999, -999, -999, -999, -999, -999, -999, -999, -999, -999,  23.09,  23.24,  22.51,  22.16,  22.30,  21.81,  22.17,  22.20,  22.12,  22.00,  21.16,  20.44,  20.33,  20.58,  21.04,  20.33,  17.37,  16.46,  16.05,  16.74,  17.21,  17.36,  18.87,  19.76,  19.12,  18.54,  18.96,  18.95,  18.80,  19.17,  18.68
20020901, 1200,  , HU, 17.2N, 111.1W, 140,  921, -999, -999, -999, -999, -999, -999, -999, -999, -999, -999, -999, -999, -999,  20.30,  20.55,  21.12,  21.57,  21.84,  21.83,  22.22,  23.35,  23.61,  24.14,  23.42,  22.72,  23.47,  22.17,  22.73,  21.92,  18.19,  17.77,  17.29,  17.67,  17.07,  16.93,  18.92,  20.43,  21.69,  21.32,  20.65,  21.29,  21.76,  22.68,  20.84
20020901, 1800,  , HU, 17.7N, 112.2W, 140,  921, -999, -999, -999, -999, -999, -999, -999, -999, -999, -999, -999, -999, -999,  16.77,  17.03,  18.17,  18.12,  18.03,  17.84,  18.67,  19.23,  19.91,  20.43,  20.91,  20.25,  20.90,  20.49,  19.69,  20.54,  19.18,  18.82,  18.93,  18.55,  18.31,  18.47,  18.62,  18.53,  19.20,  19.79,  19.33,  19.25,  19.64,  20.15,  18.73
20020902, 0000,  , HU, 17.9N, 113.3W, 135,  927, -999, -999, -999, -999, -999, -999, -999, -999, -999, -999, -999, -999, -999,  19.38,  20.15,  20.38,  20.49,  20.62,  20.19,  19.74,  19.68,  20.26,  20.42,  19.97,  20.61,  20.68,  20.18,  20.59,  20.21,  19.14,  19.53,  18.79,  18.64,  18.89,  18.85,  19.28,  19.36,  19.96,  19.68,  19.28,  18.56,  18.91,  19.34,  18.48
20020902, 0600,  , HU, 18.2N, 114.3W, 115,  948, -999, -999, -999, -999, -999, -999, -999, -999, -999, -999, -999, -999, -999,  19.54,  20.04,  20.36,  20.16,  20.39,  20.68,  20.88,  20.90,  20.73,  20.88,  20.06,  20.29,  20.83,  20.90,  20.89,  20.46,  19.67,  18.96,  18.24,  18.08,  18.09,  18.41,  18.56,  18.12,  18.57,  18.37,  17.93,  17.66,  17.29,  17.52,  17.87
20020902, 1200,  , HU, 18.4N, 115.4W, 110,  952, -999, -999, -999, -999, -999, -999, -999, -999, -999, -999, -999, -999, -999,  18.56,  19.21,  19.50,  19.51,  19.42,  19.72,  19.77,  19.54,  19.58,  19.56,  19.44,  19.48,  19.40,  19.44,  19.25,  19.18,  18.29,  17.17,  16.78,  16.61,  16.72,  16.27,  15.80,  16.14,  16.16,  16.25,  16.23,  16.13,  16.05,  16.66,  17.61
20020902, 1800,  , HU, 18.6N, 116.3W, 105,  956, -999, -999, -999, -999, -999, -999, -999, -999, -999, -999, -999, -999, -999,  20.33,  21.19,  21.90,  21.48,  21.40,  21.77,  21.79,  22.14,  21.84,  21.97,  22.21,  22.22,  22.24,  21.79,  21.22,  20.99,  18.78,  17.28,  17.45,  17.95,  18.05,  17.16,  16.64,  16.70,  17.00,  17.09,  17.40,  17.35,  17.06,  16.85,  17.26
20020903, 0000,  , HU, 18.7N, 117.3W,  95,  965, -999, -999, -999, -999, -999, -999, -999, -999, -999, -999, -999, -999, -999,  22.85,  23.12,  22.86,  22.90,  23.37,  23.39,  23.64,  23.41,  23.73,  23.91,  23.29,  23.12,  22.99,  23.50,  23.89,  21.91,  19.77,  19.65,  19.95,  19.65,  19.26,  18.93,  19.02,  18.73,  18.52,  18.79,  18.73,  18.53,  18.37,  18.26,  18.46
20020903, 0600,  , HU, 18.8N, 118.3W,  90,  970, -999, -999, -999, -999, -999, -999, -999, -999, -999, -999, -999, -999, -999,  21.28,  21.68,  21.44,  21.08,  21.84,  22.30,  21.92,  22.31,  22.43,  22.41,  21.45,  21.07,  22.45,  22.88,  23.43,  23.55,  23.33,  22.62,  22.29,  22.65,  22.20,  21.82,  21.93,  21.64,  21.67,  21.62,  21.39,  21.32,  21.39,  21.42,  21.27
20020903, 1200,  , HU, 18.9N, 119.3W,  85,  975, -999, -999, -999, -999, -999, -999, -999, -999, -999, -999, -999, -999, -999,  19.72,  19.59,  19.53,  19.38,  19.43,  19.69,  19.63,  19.64,  20.29,  20.83,  19.59,  18.90,  19.24,  19.90,  20.21,  21.04,  21.11,  20.51,  20.61,  21.30,  21.15,  21.04,  20.86,  20.59,  20.73,  20.69,  20.42,  20.38,  20.88,  21.11,  21.33
20020903, 1800,  , HU, 19.2N, 120.1W,  80,  976, -999, -999, -999, -999, -999, -999, -999, -999, -999, -999, -999, -999, -999,  19.80,  19.29,  18.77,  18.50,  18.29,  18.25,  19.21,  19.57,  19.19,  19.08,  17.93,  17.69,  18.25,  17.90,  17.72,  17.81,  17.21,  15.89,  16.22,  16.85,  16.28,  17.30,  17.21,  16.65,  16.51,  17.20,  17.61,  17.66,  17.93,  18.02,  17.92
20020904, 0000,  , HU, 19.5N, 120.8W,  70,  983, -999, -999, -999, -999, -999, -999, -999, -999, -999, -999, -999, -999, -999,  21.67,  21.91,  21.88,  21.41,  20.80,  20.74,  20.39,  19.91,  20.13,  19.72,  19.73,  19.35,  19.25,  19.30,  19.68,  19.58,  18.78,  18.59,  18.49,  18.46,  19.51,  19.90,  19.90,  19.04,  19.43,  19.75,  19.61,  19.34,  19.63,  19.87,  19.80
20020904, 0600,  , HU, 20.2N, 121.6W,  65,  987, -999, -999, -999, -999, -999, -999, -999, -999, -999, -999, -999, -999, -999,  21.71,  21.82,  21.68,  21.63,  22.02,  22.48,  21.74,  21.02,  21.45,  21.49,  21.31,  20.30,  20.31,  20.49,  20.68,  20.81,  20.55,  19.75,  20.05,  20.34,  20.54,  20.10,  19.54,  19.00,  19.09,  19.26,  19.33,  19.22,  19.18,  18.95,  19.20
20020904, 1200,  , TS, 20.7N, 122.1W,  55,  994, -999, -999, -999, -999, -999, -999, -999, -999, -999, -999, -999, -999, -999,  21.74,  21.96,  21.87,  21.89,  21.94,  21.94,  21.70,  21.45,  22.14,  22.53,  22.80,  21.76,  21.68,  21.41,  20.95,  20.22,  20.37,  20.57,  21.23,  21.32,  20.60,  19.83,  19.39,  19.12,  19.18,  18.90,  19.08,  19.49,  19.42,  19.50,  19.55
20020904, 1800,  , TS, 21.1N, 122.8W,  50,  997, -999, -999, -999, -999, -999, -999, -999, -999, -999, -999, -999, -999, -999,  21.30,  21.24,  21.12,  21.14,  21.24,  21.15,  21.29,  21.32,  21.50,  21.70,  21.60,  20.22,  20.16,  19.30,  19.63,  19.82,  19.68,  19.62,  19.90,  20.21,  19.02,  17.84,  17.77,  17.96,  18.05,  18.38,  18.86,  19.40,  19.57,  19.35,  19.49
20020905, 0000,  , TS, 21.5N, 123.3W,  40, 1002, -999, -999, -999, -999, -999, -999, -999, -999, -999, -999, -999, -999, -999,  19.21,  19.06,  19.05,  19.09,  18.71,  18.63,  18.57,  18.71,  18.77,  18.80,  17.93,  17.65,  17.22,  18.09,  18.00,  17.79,  18.31,  19.05,  19.43,  18.73,  17.86,  18.02,  18.16,  18.12,  18.29,  18.44,  18.92,  19.18,  19.41,  19.53,  19.65
20020905, 0600,  , TS, 21.8N, 123.7W,  35, 1005, -999, -999, -999, -999, -999, -999, -999, -999, -999, -999, -999, -999, -999,  19.38,  19.37,  19.34,  19.50,  18.79,  18.68,  18.51,  18.48,  18.46,  18.41,  17.29,  16.87,  16.70,  18.22,  17.94,  17.64,  18.12,  18.45,  18.53,  18.34,  17.94,  18.07,  18.18,  18.14,  18.42,  18.56,  18.89,  18.86,  18.64,  18.53,  18.77
20020905, 1200,  , TD, 22.3N, 124.1W,  30, 1004, -999, -999, -999, -999, -999, -999, -999, -999, -999, -999, -999, -999, -999,  21.90,  21.95,  21.76,  21.76,  20.84,  20.46,  20.25,  20.30,  20.39,  20.23,  19.90,  19.62,  19.29,  20.95,  20.79,  20.62,  20.25,  18.93,  18.25,  17.84,  17.74,  17.63,  17.73,  17.89,  18.53,  18.78,  18.66,  18.84,  19.17,  19.14,  18.97
20020905, 1800,  , TD, 22.8N, 124.4W,  30, 1006, -999, -999, -999, -999, -999, -999, -999, -999, -999, -999, -999, -999, -999,  21.64,  21.68,  21.62,  21.66,  21.27,  21.05,  20.64,  20.75,  20.71,  20.77,  19.80,  19.30,  19.15,  20.49,  20.85,  21.27,  21.34,  20.80,  20.29,  19.74,  19.49,  19.33,  19.21,  19.02,  19.23,  19.19,  18.60,  18.46,  18.46,  18.63,  18.76
20020906, 0000,  , TD, 23.3N, 124.4W,  30, 1006, -999, -999, -999, -999, -999, -999, -999, -999, -999, -999, -999, -999, -999,  20.84,  20.37,  20.12,  20.00,  20.00,  19.77,  19.68,  19.75,  19.89,  19.17,  18.54,  18.27,  19.51,  19.80,  20.18,  20.15,  19.84,  19.97,  19.39,  19.44,  19.29,  19.26,  19.24,  19.23,  19.25,  19.15,  19.24,  19.17,  19.37,  19.37,  19.36
20020906, 0600,  , TD, 23.7N, 124.5W,  25, 1009, -999, -999, -999, -999, -999, -999, -999, -999, -999, -999, -999, -999, -999,  20.35,  20.11,  19.83,  19.62,  19.42,  19.31,  19.33,  19.30,  19.21,  17.92,  17.52,  17.55,  18.31,  18.64,  18.93,  18.95,  18.73,  18.73,  18.44,  18.34,  18.20,  18.14,  18.09,  18.12,  18.24,  18.26,  18.35,  18.42,  18.55,  18.65,  18.77
20020906, 1200,  , TD, 24.0N, 124.6W,  25, 1009, -999, -999, -999, -999, -999, -999, -999, -999, -999, -999, -999, -999, -999,  18.71,  18.36,  18.37,  18.42,  18.34,  18.38,  18.55,  18.65,  18.77,  18.17,  17.57,  17.77,  18.17,  18.27,  18.35,  18.18,  17.74,  17.75,  17.93,  18.16,  18.06,  18.01,  17.92,  17.99,  18.09,  18.02,  18.05,  18.18,  18.21,  18.30,  18.39
20020906, 1800,  , LO, 24.5N, 124.7W,  20, 1009, -999, -999, -999, -999, -999, -999, -999, -999, -999, -999, -999, -999, -999,  18.89,  18.66,  18.59,  18.57,  18.31,  18.31,  18.22,  18.11,  18.21,  17.57,  17.36,  17.46,  17.59,  17.57,  17.65,  17.41,  17.10,  17.20,  17.66,  17.68,  17.61,  17.73,  18.04,  18.22,  18.32,  18.21,  18.22,  18.29,  18.27,  18.23,  18.08
