EP102010,                TEN,     10,
20100903, 0000,  , TD, 19.3N, 109.0W,  30, 1003,    0,    0,    0,    0,    0,    0,    0,    0,    0,    0,    0,    0, -999,  34.38,  34.40,  34.38,  34.39,  34.41,  34.42,  34.40,  34.38,  34.39,  34.46,  34.38,  34.40,  34.39,  34.41,  34.39,  34.34,  34.32,  34.38,  34.38,  34.38,  34.32,  34.31,  34.28,  34.22,  34.20,  34.21,  34.24,  34.27,  34.30,  34.29,  34.25
20100903, 0600,  , TD, 19.6N, 109.4W,  30, 1003,    0,    0,    0,    0,    0,    0,    0,    0,    0,    0,    0,    0, -999,  34.43,  34.42,  34.41,  34.39,  34.40,  34.42,  34.45,  34.45,  34.42,  34.48,  34.46,  34.47,  34.46,  34.47,  34.37,  34.39,  34.41,  34.39,  34.38,  34.36,  34.33,  34.34,  34.34,  34.36,  34.36,  34.35,  34.32,  34.30,  34.25,  34.22,  34.23
20100903, 1200,  , TD, 19.9N, 109.8W,  30, 1003,    0,    0,    0,    0,    0,    0,    0,    0,    0,    0,    0,    0, -999,  34.50,  34.50,  34.48,  34.48,  34.49,  34.49,  34.49,  34.50,  34.50,  34.42,  34.43,  34.48,  34.45,  34.40,  34.43,  34.39,  34.36,  34.36,  34.36,  34.37,  34.37,  34.38,  34.40,  34.42,  34.45,  34.46,  34.47,  34.46,  34.41,  34.36,  34.31
20100903, 1800,  , TD, 20.3N, 110.3W,  30, 1003,    0,    0,    0,    0,    0,    0,    0,    0,    0,    0,    0,    0, -999,  34.50,  34.50,  34.49,  34.48,  34.47,  34.46,  34.46,  34.46,  34.46,  34.48,  34.48,  34.48,  34.47,  34.48,  34.48,  34.42,  34.40,  34.42,  34.43,  34.45,  34.45,  34.46,  34.46,  34.46,  34.46,  34.46,  34.46,  34.46,  34.45,  34.45,  34.45
20100904, 0000,  , TD, 20.8N, 110.8W,  30, 1003,    0,    0,    0,    0,    0,    0,    0,    0,    0,    0,    0,    0, -999,  34.28,  34.28,  34.27,  34.26,  34.28,  34.33,  34.37,  34.45,  34.48,  34.42,  34.32,  34.38,  34.46,  34.52,  34.51,  34.39,  34.37,  34.37,  34.38,  34.39,  34.40,  34.41,  34.41,  34.43,  34.44,  34.45,  34.46,  34.46,  34.47,  34.47,  34.47
20100904, 0600,  , TD, 21.3N, 111.3W,  25, 1005,    0,    0,    0,    0,    0,    0,    0,    0,    0,    0,    0,    0, -999,  34.19,  34.26,  34.27,  34.22,  34.16,  34.10,  34.16,  34.15,  34.10,  34.08,  34.07,  34.09,  34.12,  34.15,  34.16,  34.12,  34.09,  34.12,  34.15,  34.17,  34.20,  34.24,  34.30,  34.33,  34.38,  34.44,  34.45,  34.45,  34.45,  34.45,  34.45
20100904, 1200,  , LO, 21.8N, 111.8W,  25, 1006,    0,    0,    0,    0,    0,    0,    0,    0,    0,    0,    0,    0, -999,  34.09,  34.16,  34.18,  34.24,  34.34,  34.39,  34.43,  34.41,  34.38,  34.16,  34.16,  34.16,  34.17,  34.19,  34.19,  34.21,  34.16,  34.19,  34.22,  34.26,  34.28,  34.31,  34.32,  34.32,  34.33,  34.33,  34.34,  34.34,  34.33,  34.32,  34.31
20100904, 1800,  , LO, 22.3N, 112.4W,  20, 1007,    0,    0,    0,    0,    0,    0,    0,    0,    0,    0,    0,    0, -999,  34.11,  34.20,  34.33,  34.34,  34.27,  34.25,  34.31,  34.32,  34.41,  34.46,  34.45,  34.40,  34.38,  34.36,  34.35,  34.36,  34.30,  34.30,  34.31,  34.33,  34.38,  34.40,  34.39,  34.42,  34.48,  34.51,  34.48,  34.47,  34.52,  34.54,  34.47
20100905, 0000,  , LO, 22.8N, 112.9W,  20, 1008,    0,    0,    0,    0,    0,    0,    0,    0,    0,    0,    0,    0, -999,  34.06,  34.06,  34.03,  33.98,  33.96,  33.89,  33.86,  33.85,  33.85,  33.86,  33.87,  33.90,  33.94,  33.96,  33.95,  33.89,  33.84,  33.83,  33.85,  33.92,  33.93,  33.94,  34.01,  34.05,  34.05,  34.04,  34.10,  34.18,  34.20,  34.19,  34.20
20100905, 0600,  , LO, 23.3N, 113.4W,  20, 1008,    0,    0,    0,    0,    0,    0,    0,    0,    0,    0,    0,    0, -999,  34.12,  34.15,  34.19,  34.22,  34.21,  34.20,  34.16,  34.14,  34.14,  34.14,  34.13,  34.14,  34.14,  34.13,  34.11,  34.09,  34.07,  34.07,  34.06,  34.05,  34.04,  34.04,  34.02,  33.99,  33.96,  33.96,  33.97,  33.95,  33.94,  33.95,  33.96
