EP102013,           JULIETTE,     11,
20130828, 1200,  , TS, 19.3N, 106.4W,  35, 1003,   40,   40,    0,    0,    0,    0,    0,    0,    0,    0,    0,    0, -999,  15.77,  15.91,  16.68,  16.86,  16.60,  16.50,  16.51,  16.36,  16.09,  15.61,  15.45,  15.41,  14.65,  15.43,  15.14,  15.13,  15.43,  15.63,  15.93,  16.09,  16.29,  16.57,  16.31,  16.05,  15.82,  15.83,  15.75,  15.54,  15.66,  14.56,  14.45
20130828, 1800,  , TS, 20.9N, 108.1W,  40, 1002,   50,   50,    0,   40,    0,    0,    0,    0,    0,    0,    0,    0, -999,  12.46,  13.15,  14.47,  14.76,  14.42,  15.32,  14.72,  15.67,  14.95,  14.62,  13.41,  13.40,  13.55,  14.17,  12.42,  12.34,  13.97,  13.87,  13.93,  14.21,  15.58,  15.34,  14.84,  14.70,  14.64,  14.68,  15.31,  15.70,  15.45,  15.34,  15.11
20130829, 0000,  , TS, 22.3N, 109.5W,  50,  998,   60,   60,    0,   30,   20,   30,    0,    0,    0,    0,    0,    0, -999,  14.95,  15.99,  16.32,  15.65,  16.45,  15.15,  16.02,  14.75,  14.64,  14.62,  14.71,  15.89,  16.61,  14.75,  14.60,  15.53,  19.04,  17.54,  17.11,  16.07,  16.05,  15.56,  15.57,  15.47,  15.68,  15.59,  15.91,  15.58,  15.76,  15.96,  16.37
20130829, 0600,  , TS, 23.8N, 111.0W,  55,  997,   60,   60,    0,   30,   30,   40,    0,    0,    0,    0,    0,    0, -999,  14.34,  14.05,  13.95,  13.32,  13.97,  13.23,  13.95,  13.96,  14.28,  14.44,  15.16,  17.55,  17.56,  16.24,  15.68,  15.39,  16.60,  16.94,  16.73,  16.42,  16.02,  15.89,  16.16,  15.87,  15.64,  15.74,  15.68,  15.70,  15.72,  15.99,  15.78
20130829, 0900, L, TS, 24.4N, 111.7W,  55,  997,   60,   60,    0,   30,   30,   40,    0,    0,    0,    0,    0,    0, -999,    nan,    nan,    nan,    nan,    nan,    nan,    nan,    nan,    nan,    nan,    nan,    nan,    nan,    nan,    nan,    nan,    nan,    nan,    nan,    nan,    nan,    nan,    nan,    nan,    nan,    nan,    nan,    nan,    nan,    nan,    nan
20130829, 1200,  , TS, 25.0N, 112.4W,  45, 1000,   40,   40,    0,   20,    0,    0,    0,    0,    0,    0,    0,    0, -999,  15.19,  15.15,  15.21,  14.68,  15.10,  14.64,  15.17,  14.69,  14.64,  14.74,  15.10,  17.07,  18.12,  17.88,  17.49,  16.68,  16.38,  15.77,  15.96,  16.03,  15.39,  15.22,  15.74,  15.60,  15.79,  16.39,  16.72,  16.28,  16.60,  16.31,  16.29
20130829, 1800,  , TS, 25.7N, 113.3W,  35, 1005,   20,   20,    0,    0,    0,    0,    0,    0,    0,    0,    0,    0, -999,  12.19,  12.30,  12.51,  11.98,  12.43,  11.46,  12.53,  11.47,  11.43,  11.39,  11.59,  13.61,  14.14,  13.92,  14.01,  13.96,  13.92,  13.83,  13.86,  13.89,  13.79,  13.86,  14.02,  12.88,  12.98,  13.25,  13.32,  13.05,  13.10,  12.98,  13.01
20130830, 0000,  , LO, 26.4N, 114.3W,  30, 1007,    0,    0,    0,    0,    0,    0,    0,    0,    0,    0,    0,    0, -999,  11.51,  11.47,  11.42,  11.16,  11.27,  10.96,  11.09,  11.01,  10.98,  11.07,  10.97,  11.10,  10.99,  11.17,  11.28,  11.32,  11.47,  11.64,  11.66,  11.81,  11.79,  11.79,  12.31,  12.10,  12.04,  11.85,  12.99,  12.88,  11.82,  11.86,  11.84
20130830, 0600,  , LO, 27.0N, 115.2W,  25, 1010,    0,    0,    0,    0,    0,    0,    0,    0,    0,    0,    0,    0, -999,  13.65,  13.49,  13.48,  13.61,  13.21,  13.33,  10.76,  10.65,  10.49,  10.48,  10.45,  10.58,  10.43,  10.30,  10.44,  10.64,  10.87,  11.31,  11.52,  11.76,  11.69,  11.77,  12.70,  12.63,  12.53,  12.35,  12.82,  12.70,  10.96,  10.88,  11.06
20130830, 1200,  , LO, 27.4N, 116.3W,  25, 1010,    0,    0,    0,    0,    0,    0,    0,    0,    0,    0,    0,    0, -999,  13.57,  14.39,  14.41,  14.22,  13.78,  14.37,  11.72,  12.04,  11.95,  12.66,  12.53,  12.58,  12.35,  12.47,  12.34,  12.51,  12.31,  12.39,  12.49,  12.35,  12.24,  12.44,  12.61,  12.62,  12.40,  11.59,  11.57,  11.62,  11.59,  11.55,  11.05
20130830, 1800,  , LO, 27.8N, 117.5W,  25, 1010,    0,    0,    0,    0,    0,    0,    0,    0,    0,    0,    0,    0, -999,  12.49,  12.45,  12.61,  11.72,  12.95,  12.84,  12.64,  12.73,  12.86,  13.28,  13.12,  13.01,  13.15,  12.95,  12.86,  12.78,  12.65,  12.42,  12.36,  12.15,  12.42,  12.48,  12.14,  12.16,  12.04,  11.91,  11.88,  11.81,  13.49,  13.48,  13.75
