EP102012,               JOHN,     20,
20120902, 1200,  , TS, 17.5N, 107.6W,  35, 1004,  120,    0,    0,  100,    0,    0,    0,    0,    0,    0,    0,    0, -999,  34.41,  34.43,  34.38,  34.31,  34.36,  34.33,  34.33,  34.29,  34.25,  34.34,  34.42,  34.43,  34.47,  34.45,  34.41,  34.39,  34.49,  34.47,  34.52,  34.48,  34.47,  34.51,  34.40,  34.52,  34.47,  34.38,  34.41,  34.50,  34.46,  34.28,  34.40
20120902, 1800,  , TS, 18.0N, 108.9W,  40, 1001,  160,    0,    0,  100,    0,    0,    0,    0,    0,    0,    0,    0, -999,  34.50,  34.31,  34.24,  34.05,  34.06,  34.11,  34.18,  34.27,  34.34,  34.43,  34.52,  34.56,  34.52,  34.50,  34.49,  34.47,  34.47,  34.46,  34.46,  34.45,  34.45,  34.45,  34.45,  34.44,  34.43,  34.41,  34.36,  34.34,  34.36,  34.37,  34.36
20120903, 0000,  , TS, 18.7N, 110.1W,  40, 1000,  160,    0,    0,  100,    0,    0,    0,    0,    0,    0,    0,    0, -999,  34.48,  34.47,  34.47,  34.47,  34.47,  34.48,  34.48,  34.48,  34.48,  34.48,  34.49,  34.50,  34.48,  34.49,  34.51,  34.51,  34.47,  34.40,  34.42,  34.48,  34.53,  34.51,  34.50,  34.52,  34.52,  34.51,  34.52,  34.52,  34.50,  34.48,  34.48
20120903, 0600,  , TS, 19.3N, 111.2W,  35, 1001,  160,    0,    0,   80,    0,    0,    0,    0,    0,    0,    0,    0, -999,  34.45,  34.42,  34.41,  34.42,  34.45,  34.48,  34.49,  34.47,  34.43,  34.42,  34.44,  34.45,  34.48,  34.55,  34.55,  34.54,  34.53,  34.45,  34.45,  34.47,  34.51,  34.49,  34.52,  34.51,  34.55,  34.55,  34.54,  34.52,  34.51,  34.51,  34.49
20120903, 1200,  , TS, 20.0N, 112.3W,  35, 1003,  160,    0,    0,   60,    0,    0,    0,    0,    0,    0,    0,    0, -999,  34.28,  34.13,  34.16,  33.93,  33.99,  33.99,  33.79,  33.98,  34.06,  34.18,  34.30,  34.36,  34.30,  34.28,  34.25,  34.24,  34.23,  34.25,  34.28,  34.27,  34.26,  34.30,  34.28,  34.27,  34.30,  34.30,  34.27,  34.25,  34.26,  34.23,  34.20
20120903, 1800,  , TS, 20.8N, 113.4W,  35, 1003,  160,    0,    0,   60,    0,    0,    0,    0,    0,    0,    0,    0, -999,  34.26,  34.29,  34.32,  34.32,  34.31,  34.31,  34.29,  34.24,  34.22,  34.19,  34.18,  34.19,  34.20,  34.19,  34.18,  34.18,  34.20,  34.21,  34.22,  34.23,  34.21,  34.20,  34.21,  34.22,  34.22,  34.23,  34.27,  34.29,  34.30,  34.28,  34.27
20120904, 0000,  , TD, 21.4N, 114.2W,  30, 1004,    0,    0,    0,    0,    0,    0,    0,    0,    0,    0,    0,    0, -999,  34.36,  34.35,  34.35,  34.35,  34.34,  34.33,  34.33,  34.33,  34.31,  34.30,  34.30,  34.27,  34.21,  34.14,  34.12,  34.12,  34.13,  34.13,  34.13,  34.12,  34.13,  34.13,  34.12,  34.11,  34.11,  34.12,  34.13,  34.13,  34.12,  34.12,  34.12
20120904, 0600,  , TD, 22.2N, 115.1W,  30, 1004,    0,    0,    0,    0,    0,    0,    0,    0,    0,    0,    0,    0, -999,  34.13,  34.13,  34.12,  34.12,  34.12,  34.11,  34.12,  34.12,  34.14,  34.14,  34.14,  34.15,  34.17,  34.17,  34.17,  34.17,  34.18,  34.18,  34.17,  34.16,  34.15,  34.14,  34.14,  34.14,  34.13,  34.11,  34.10,  34.12,  34.12,  34.11,  34.10
20120904, 1200,  , LO, 23.1N, 116.1W,  30, 1005,    0,    0,    0,    0,    0,    0,    0,    0,    0,    0,    0,    0, -999,  33.97,  33.99,  34.01,  34.03,  34.04,  34.06,  34.06,  34.04,  34.01,  33.99,  33.99,  34.00,  34.04,  34.07,  34.12,  34.14,  34.13,  34.11,  34.12,  34.13,  34.13,  34.15,  34.14,  34.13,  34.12,  34.13,  34.13,  34.15,  34.16,  34.16,  34.17
20120904, 1800,  , LO, 24.0N, 117.3W,  30, 1006,    0,    0,    0,    0,    0,    0,    0,    0,    0,    0,    0,    0, -999,  33.88,  33.88,  33.89,  33.90,  33.94,  33.98,  34.01,  34.02,  34.02,  34.01,  34.00,  34.00,  34.00,  33.98,  33.98,  33.96,  33.94,  33.93,  33.92,  33.92,  33.91,  33.91,  33.92,  33.92,  33.92,  33.92,  33.91,  33.91,  33.92,  33.94,  33.99
20120905, 0000,  , LO, 24.5N, 118.6W,  30, 1006,    0,    0,    0,    0,    0,    0,    0,    0,    0,    0,    0,    0, -999,  34.04,  34.04,  34.04,  34.05,  34.04,  34.03,  34.02,  34.02,  34.01,  34.02,  34.02,  34.01,  33.98,  33.99,  33.98,  33.98,  33.97,  33.99,  33.97,  33.91,  33.84,  33.75,  33.69,  33.70,  33.74,  33.78,  33.77,  33.72,  33.72,  33.77,  33.83
20120905, 0600,  , LO, 24.8N, 119.5W,  25, 1006,    0,    0,    0,    0,    0,    0,    0,    0,    0,    0,    0,    0, -999,  33.91,  33.88,  33.85,  33.83,  33.77,  33.75,  33.83,  33.84,  33.84,  33.86,  33.86,  33.86,  33.92,  33.92,  33.91,  33.89,  33.87,  33.89,  33.93,  33.92,  33.85,  33.77,  33.80,  33.89,  33.94,  33.96,  33.97,  33.93,  33.88,  33.85,  33.84
20120905, 1200,  , LO, 25.2N, 120.2W,  20, 1007,    0,    0,    0,    0,    0,    0,    0,    0,    0,    0,    0,    0, -999,  33.94,  33.94,  33.93,  33.91,  33.92,  33.93,  33.95,  33.95,  33.94,  33.88,  33.79,  33.76,  33.80,  33.98,  33.98,  33.95,  33.89,  33.94,  33.99,  33.98,  33.95,  33.93,  33.94,  33.94,  33.92,  33.91,  33.90,  33.91,  33.91,  33.92,  33.94
20120905, 1800,  , LO, 25.6N, 120.7W,  20, 1007,    0,    0,    0,    0,    0,    0,    0,    0,    0,    0,    0,    0, -999,  34.00,  34.01,  34.01,  34.01,  34.00,  33.98,  33.98,  33.98,  33.98,  33.97,  33.97,  33.94,  33.93,  33.96,  33.94,  33.93,  33.91,  33.91,  33.89,  33.86,  33.84,  33.88,  33.91,  33.90,  33.89,  33.89,  33.91,  33.93,  33.89,  33.86,  33.84
20120906, 0000,  , LO, 26.0N, 121.1W,  20, 1007,    0,    0,    0,    0,    0,    0,    0,    0,    0,    0,    0,    0, -999,  33.73,  33.70,  33.69,  33.68,  33.65,  33.63,  33.60,  33.55,  33.51,  33.46,  33.43,  33.44,  33.45,  33.44,  33.43,  33.43,  33.43,  33.44,  33.45,  33.47,  33.49,  33.53,  33.56,  33.60,  33.67,  33.69,  33.67,  33.66,  33.65,  33.70,  33.75
20120906, 0600,  , LO, 26.2N, 121.4W,  20, 1007,    0,    0,    0,    0,    0,    0,    0,    0,    0,    0,    0,    0, -999,  33.61,  33.59,  33.57,  33.54,  33.49,  33.46,  33.43,  33.41,  33.41,  33.42,  33.43,  33.45,  33.46,  33.48,  33.51,  33.54,  33.50,  33.51,  33.52,  33.52,  33.54,  33.55,  33.57,  33.61,  33.63,  33.59,  33.61,  33.60,  33.64,  33.66,  33.66
20120906, 1200,  , LO, 26.4N, 121.8W,  15, 1008,    0,    0,    0,    0,    0,    0,    0,    0,    0,    0,    0,    0, -999,  33.50,  33.49,  33.48,  33.47,  33.45,  33.44,  33.44,  33.44,  33.45,  33.46,  33.48,  33.49,  33.57,  33.55,  33.59,  33.61,  33.54,  33.54,  33.53,  33.54,  33.55,  33.56,  33.59,  33.59,  33.59,  33.59,  33.59,  33.58,  33.59,  33.60,  33.63
20120906, 1800,  , LO, 26.5N, 122.0W,  15, 1008,    0,    0,    0,    0,    0,    0,    0,    0,    0,    0,    0,    0, -999,  33.53,  33.53,  33.53,  33.53,  33.52,  33.51,  33.49,  33.49,  33.49,  33.49,  33.50,  33.53,  33.58,  33.59,  33.60,  33.60,  33.57,  33.57,  33.56,  33.56,  33.56,  33.56,  33.59,  33.59,  33.59,  33.60,  33.59,  33.59,  33.59,  33.59,  33.60
20120907, 0000,  , LO, 26.6N, 122.1W,  15, 1008,    0,    0,    0,    0,    0,    0,    0,    0,    0,    0,    0,    0, -999,  33.54,  33.54,  33.54,  33.54,  33.53,  33.52,  33.52,  33.55,  33.53,  33.55,  33.58,  33.58,  33.57,  33.56,  33.60,  33.57,  33.57,  33.58,  33.59,  33.59,  33.58,  33.58,  33.59,  33.59,  33.59,  33.58,  33.57,  33.57,  33.58,  33.59,  33.60
20120907, 0600,  , LO, 26.7N, 122.2W,  15, 1008,    0,    0,    0,    0,    0,    0,    0,    0,    0,    0,    0,    0, -999,  33.57,  33.58,  33.59,  33.59,  33.60,  33.60,  33.59,  33.61,  33.60,  33.61,  33.61,  33.61,  33.61,  33.61,  33.61,  33.61,  33.62,  33.62,  33.62,  33.61,  33.59,  33.57,  33.57,  33.58,  33.59,  33.60,  33.62,  33.64,  33.64,  33.64,  33.63
