EP112013,               KIKO,     23,
20130829, 1800,  , LO, 15.0N, 115.1W,  20, 1008,    0,    0,    0,    0,    0,    0,    0,    0,    0,    0,    0,    0, -999,  33.87,  33.92,  33.88,  33.71,  34.02,  34.21,  34.10,  34.23,  33.93,  33.56,  33.70,  33.80,  33.87,  34.25,  34.08,  33.95,  33.98,  33.98,  34.17,  34.12,  34.15,  34.12,  34.25,  34.17,  34.03,  34.10,  34.18,  34.16,  34.19,  34.39,  34.24
20130830, 0000,  , LO, 15.7N, 115.1W,  25, 1008,    0,    0,    0,    0,    0,    0,    0,    0,    0,    0,    0,    0, -999,  34.40,  34.14,  34.02,  34.28,  34.46,  34.06,  34.38,  34.06,  34.07,  34.06,  33.98,  34.09,  34.17,  33.80,  33.81,  33.90,  34.04,  34.09,  34.25,  34.34,  34.41,  34.09,  34.31,  34.29,  34.39,  34.37,  34.11,  34.29,  34.26,  34.10,  34.27
20130830, 0600,  , LO, 16.4N, 115.1W,  25, 1008,    0,    0,    0,    0,    0,    0,    0,    0,    0,    0,    0,    0, -999,  34.17,  34.07,  33.96,  34.44,  34.34,  34.36,  34.31,  34.27,  34.33,  34.28,  34.28,  34.19,  34.12,  34.18,  34.13,  34.09,  34.18,  34.19,  34.25,  34.26,  34.20,  34.27,  34.34,  34.31,  34.31,  34.32,  34.53,  34.48,  34.45,  34.38,  34.48
20130830, 1200,  , TD, 17.0N, 115.2W,  25, 1007,    0,    0,    0,    0,    0,    0,    0,    0,    0,    0,    0,    0, -999,  34.13,  33.81,  33.94,  34.16,  34.27,  34.20,  34.20,  34.25,  34.22,  34.25,  34.21,  34.20,  34.01,  34.12,  34.13,  34.10,  34.10,  34.09,  34.08,  34.09,  34.14,  34.10,  34.28,  34.25,  34.24,  34.23,  34.34,  34.30,  34.35,  34.38,  34.36
20130830, 1800,  , TD, 17.6N, 115.4W,  30, 1007,    0,    0,    0,    0,    0,    0,    0,    0,    0,    0,    0,    0, -999,  34.32,  33.99,  33.92,  34.31,  34.40,  34.12,  34.17,  34.25,  34.15,  34.19,  34.21,  34.02,  34.01,  34.06,  34.05,  34.05,  34.05,  34.05,  34.05,  34.03,  34.02,  34.02,  34.09,  34.11,  34.05,  34.09,  34.20,  34.20,  34.26,  34.29,  34.28
20130831, 0000,  , TD, 18.0N, 115.9W,  30, 1005,    0,    0,    0,    0,    0,    0,    0,    0,    0,    0,    0,    0, -999,  34.11,  34.29,  34.20,  34.28,  34.10,  34.06,  34.06,  34.03,  34.11,  34.11,  33.95,  34.06,  33.93,  33.91,  33.84,  33.86,  33.84,  33.95,  33.91,  33.91,  33.99,  34.10,  34.11,  34.12,  34.11,  34.19,  34.25,  34.19,  34.22,  34.28,  34.14
20130831, 0600,  , TD, 18.4N, 116.3W,  30, 1005,    0,    0,    0,    0,    0,    0,    0,    0,    0,    0,    0,    0, -999,  34.31,  34.50,  34.35,  34.28,  34.38,  34.22,  34.11,  34.16,  34.23,  34.27,  34.24,  34.42,  34.13,  34.08,  34.04,  33.98,  33.94,  33.86,  33.82,  33.95,  34.04,  34.18,  34.31,  34.32,  34.37,  34.41,  34.42,  34.08,  34.13,  34.18,  33.98
20130831, 1200,  , TS, 18.8N, 116.4W,  35, 1003,   30,   40,    0,   30,    0,    0,    0,    0,    0,    0,    0,    0, -999,  34.05,  34.03,  33.95,  33.98,  33.95,  34.04,  34.01,  33.97,  33.86,  33.85,  33.87,  33.84,  33.77,  33.75,  33.73,  33.75,  33.79,  33.76,  33.73,  33.82,  33.96,  34.03,  34.04,  34.02,  34.04,  34.13,  34.20,  34.15,  34.14,  34.15,  34.00
20130831, 1800,  , TS, 19.2N, 116.2W,  45, 1001,   50,   40,   30,   40,    0,    0,    0,    0,    0,    0,    0,    0, -999,  34.11,  34.00,  34.08,  33.97,  33.90,  33.99,  34.02,  34.05,  34.02,  34.00,  34.09,  34.06,  34.06,  34.05,  34.03,  33.98,  33.95,  33.92,  33.88,  33.96,  34.19,  34.28,  34.29,  34.30,  34.30,  34.32,  34.35,  34.30,  34.28,  34.35,  34.18
20130901, 0000,  , TS, 19.7N, 115.9W,  55,  996,   60,   50,   40,   40,   20,   20,    0,   20,    0,    0,    0,    0, -999,  33.97,  34.18,  34.01,  34.16,  33.97,  34.06,  34.02,  34.02,  34.03,  33.99,  34.07,  34.13,  34.13,  34.11,  34.11,  34.12,  34.13,  34.08,  34.15,  34.17,  34.11,  34.12,  34.13,  34.13,  34.13,  34.11,  34.05,  34.08,  34.09,  34.02,  34.08
20130901, 0600,  , HU, 20.3N, 115.6W,  65,  989,   60,   50,   40,   40,   30,   20,    0,   20,   20,   10,    0,   10, -999,  33.91,  34.14,  33.94,  34.16,  33.92,  34.00,  34.00,  34.03,  34.03,  33.98,  34.03,  34.19,  34.19,  34.17,  34.16,  34.17,  34.13,  34.09,  34.13,  34.11,  34.12,  34.12,  34.11,  34.07,  34.04,  34.01,  34.02,  34.06,  34.06,  34.03,  34.08
20130901, 1200,  , HU, 21.0N, 115.6W,  65,  989,   60,   50,   40,   40,   30,   20,    0,   20,   20,   10,    0,   10, -999,  34.05,  34.09,  34.01,  34.14,  33.99,  34.02,  34.02,  34.04,  34.07,  33.92,  33.86,  34.03,  34.10,  34.13,  34.04,  34.05,  34.07,  34.12,  34.11,  34.16,  34.09,  34.06,  34.03,  33.96,  34.04,  34.04,  34.05,  34.07,  34.07,  34.08,  34.08
20130901, 1800,  , TS, 21.7N, 115.7W,  55,  995,   60,   50,   30,   40,   20,   20,    0,   20,    0,    0,    0,    0, -999,  34.10,  34.11,  34.13,  34.08,  34.16,  34.16,  34.17,  34.17,  34.16,  34.11,  34.13,  34.07,  34.06,  34.05,  34.01,  34.01,  34.00,  34.13,  34.17,  34.11,  34.05,  33.99,  34.05,  34.01,  34.04,  34.06,  34.07,  34.06,  34.07,  34.08,  34.07
20130902, 0000,  , TS, 22.3N, 116.0W,  45, 1000,   60,   50,   30,   40,    0,    0,    0,    0,    0,    0,    0,    0, -999,  34.11,  34.09,  34.12,  34.10,  34.09,  34.09,  34.10,  34.11,  34.12,  34.13,  34.14,  34.14,  34.15,  34.15,  34.17,  34.15,  34.18,  34.14,  33.95,  33.91,  33.87,  33.87,  33.88,  33.95,  33.94,  33.97,  34.00,  34.03,  34.04,  34.03,  34.02
20130902, 0600,  , TS, 22.6N, 116.2W,  35, 1003,   50,   40,    0,   40,    0,    0,    0,    0,    0,    0,    0,    0, -999,  34.17,  34.19,  34.17,  34.18,  34.18,  34.18,  34.18,  34.18,  34.18,  34.17,  34.17,  34.14,  34.11,  34.08,  34.05,  34.04,  34.07,  34.03,  33.93,  33.91,  33.91,  33.91,  33.90,  33.85,  33.85,  34.00,  34.01,  34.03,  34.04,  34.06,  34.06
20130902, 1200,  , LO, 22.8N, 116.3W,  30, 1005,    0,    0,    0,    0,    0,    0,    0,    0,    0,    0,    0,    0, -999,  34.18,  34.20,  34.17,  34.18,  34.18,  34.18,  34.17,  34.16,  34.12,  34.10,  34.06,  34.02,  34.00,  33.99,  33.98,  33.98,  33.99,  33.94,  33.87,  33.80,  33.80,  33.79,  33.79,  33.78,  33.80,  33.87,  33.92,  33.97,  34.02,  34.05,  34.06
20130902, 1800,  , LO, 22.9N, 116.5W,  30, 1005,    0,    0,    0,    0,    0,    0,    0,    0,    0,    0,    0,    0, -999,  34.16,  33.97,  34.18,  34.03,  34.05,  34.08,  34.11,  34.11,  34.17,  34.16,  34.11,  34.06,  34.04,  34.02,  34.00,  33.98,  34.02,  34.01,  33.93,  33.91,  33.89,  33.88,  33.87,  33.88,  33.89,  33.89,  33.87,  33.88,  33.91,  33.92,  33.94
20130903, 0000,  , LO, 22.8N, 116.6W,  25, 1006,    0,    0,    0,    0,    0,    0,    0,    0,    0,    0,    0,    0, -999,  33.97,  34.08,  34.03,  34.05,  34.08,  34.11,  34.11,  34.17,  34.16,  34.11,  34.06,  34.04,  34.02,  34.00,  33.98,  34.02,  34.01,  33.93,  33.91,  33.89,  33.88,  33.87,  33.88,  33.89,  33.89,  33.87,  33.88,  33.91,  33.92,  33.94,  33.94
20130903, 0600,  , LO, 22.7N, 116.5W,  20, 1008,    0,    0,    0,    0,    0,    0,    0,    0,    0,    0,    0,    0, -999,  34.03,  34.21,  34.03,  34.03,  34.04,  34.04,  34.05,  34.10,  34.12,  34.13,  34.15,  34.16,  34.15,  34.14,  34.11,  34.13,  34.12,  34.06,  34.03,  34.02,  34.01,  34.00,  33.93,  33.90,  33.92,  33.93,  33.99,  34.01,  34.02,  34.02,  34.02
20130903, 1200,  , LO, 22.7N, 116.4W,  20, 1008,    0,    0,    0,    0,    0,    0,    0,    0,    0,    0,    0,    0, -999,  34.15,  34.19,  34.15,  34.15,  34.16,  34.16,  34.17,  34.18,  34.18,  34.17,  34.15,  34.12,  34.08,  34.05,  34.02,  34.07,  34.04,  33.98,  33.94,  33.93,  33.92,  33.90,  33.83,  33.81,  33.96,  34.01,  34.02,  34.05,  34.06,  34.07,  34.07
20130903, 1800,  , LO, 22.7N, 116.2W,  20, 1008,    0,    0,    0,    0,    0,    0,    0,    0,    0,    0,    0,    0, -999,  34.19,  34.17,  34.18,  34.18,  34.18,  34.18,  34.18,  34.18,  34.17,  34.17,  34.14,  34.11,  34.08,  34.05,  34.04,  34.07,  34.03,  33.93,  33.91,  33.91,  33.91,  33.90,  33.85,  33.85,  34.00,  34.01,  34.03,  34.04,  34.06,  34.06,  34.07
20130904, 0000,  , LO, 22.6N, 116.1W,  15, 1009,    0,    0,    0,    0,    0,    0,    0,    0,    0,    0,    0,    0, -999,  34.17,  34.18,  34.18,  34.18,  34.18,  34.18,  34.18,  34.17,  34.17,  34.14,  34.11,  34.08,  34.05,  34.04,  34.07,  34.03,  33.93,  33.91,  33.91,  33.91,  33.90,  33.85,  33.85,  34.00,  34.01,  34.03,  34.04,  34.06,  34.06,  34.07,  34.07
20130904, 0600,  , LO, 22.4N, 116.1W,  15, 1010,    0,    0,    0,    0,    0,    0,    0,    0,    0,    0,    0,    0, -999,  34.18,  34.15,  34.15,  34.15,  34.16,  34.16,  34.16,  34.16,  34.16,  34.16,  34.17,  34.16,  34.16,  34.16,  34.16,  34.14,  34.05,  34.06,  34.07,  34.07,  34.05,  34.02,  34.01,  34.02,  34.01,  34.02,  34.02,  34.02,  34.03,  34.05,  34.05
