EP112015,             ELEVEN,     17,
20150816, 0000,  , TD, 16.5N, 112.9W,  30, 1003,    0,    0,    0,    0,    0,    0,    0,    0,    0,    0,    0,    0, -999,  34.42,  34.42,  34.40,  34.38,  34.51,  34.31,  34.10,  34.31,  34.04,  33.87,  33.85,  33.77,  33.80,  33.75,  33.75,  33.76,  33.90,  33.79,  33.76,  33.97,  33.85,  34.29,  34.11,  34.26,  34.40,  35.06,  34.15,  34.10,  34.02,  33.96,  34.10
20150816, 0600,  , TD, 17.2N, 114.0W,  30, 1003,    0,    0,    0,    0,    0,    0,    0,    0,    0,    0,    0,    0, -999,  34.51,  34.46,  34.44,  34.41,  34.40,  34.39,  34.41,  34.47,  34.42,  34.38,  34.35,  34.31,  34.25,  34.23,  34.23,  34.22,  34.18,  34.19,  34.23,  34.25,  34.21,  34.16,  34.19,    nan,  34.04,  34.23,  34.18,  34.49,  34.54,  34.43,  34.54
20150816, 1200,  , TD, 18.1N, 115.3W,  30, 1003,    0,    0,    0,    0,    0,    0,    0,    0,    0,    0,    0,    0, -999,  34.48,  34.47,  34.47,  34.43,  34.40,  34.42,  34.43,  34.41,  34.40,  34.43,  34.44,  34.44,  34.44,  34.38,  34.29,  34.29,  34.40,  34.39,  34.40,  34.35,  34.37,  34.42,  34.46,  34.53,  34.64,  34.58,  34.66,  34.69,  34.60,  34.62,  34.56
20150816, 1800,  , TD, 18.9N, 116.7W,  30, 1003,    0,    0,    0,    0,    0,    0,    0,    0,    0,    0,    0,    0, -999,  34.46,  34.48,  34.48,  34.49,  34.47,  34.46,  34.46,  34.43,  34.46,  34.47,  34.46,  34.44,  34.41,  34.41,  34.41,  34.41,  34.44,  34.46,  34.48,  34.48,  34.50,  34.52,  34.52,  34.56,  34.58,  34.56,  34.58,  34.59,  34.59,  34.58,  34.58
20150817, 0000,  , TD, 19.7N, 118.1W,  30, 1003,    0,    0,    0,    0,    0,    0,    0,    0,    0,    0,    0,    0, -999,  34.43,  34.47,  34.49,  34.50,  34.51,  34.51,  34.50,  34.50,  34.48,  34.46,  34.42,  34.41,  34.40,  34.41,  34.41,  34.44,  34.47,  34.50,  34.50,  34.50,  34.53,  34.48,  34.50,  34.56,  34.49,  34.47,  34.45,  34.41,  34.41,  34.41,  34.42
20150817, 0600,  , TD, 20.6N, 119.3W,  30, 1004,    0,    0,    0,    0,    0,    0,    0,    0,    0,    0,    0,    0, -999,  34.49,  34.47,  34.50,  34.48,  34.47,  34.46,  34.48,  34.50,  34.49,  34.47,  34.46,  34.47,  34.46,  34.46,  34.46,  34.45,  34.45,  34.44,  34.42,  34.37,  34.32,  34.32,  34.27,  34.25,  34.27,  34.30,  34.32,  34.32,  34.32,  34.32,  34.37
20150817, 1200,  , TD, 21.5N, 120.6W,  30, 1004,    0,    0,    0,    0,    0,    0,    0,    0,    0,    0,    0,    0, -999,  34.45,  34.46,  34.46,  34.46,  34.49,  34.47,  34.47,  34.49,  34.46,  34.47,  34.47,  34.43,  34.38,  34.36,  34.32,  34.27,  34.22,  34.22,  34.34,  34.37,  34.34,  34.38,  34.35,  34.34,  34.34,  34.27,  34.22,  34.15,  34.02,  33.95,  33.94
20150817, 1800,  , TD, 22.5N, 122.0W,  30, 1004,    0,    0,    0,    0,    0,    0,    0,    0,    0,    0,    0,    0, -999,  34.58,  34.58,  34.58,  34.59,  34.63,  34.54,  34.51,  34.55,  34.51,  34.50,  34.48,  34.45,  34.44,  34.42,  34.40,  34.38,  34.38,  34.34,  34.31,  34.26,  34.26,  34.23,  34.25,  34.25,  34.26,  34.25,  34.26,  34.25,  34.26,  34.25,  34.24
20150818, 0000,  , LO, 23.5N, 123.4W,  25, 1005,    0,    0,    0,    0,    0,    0,    0,    0,    0,    0,    0,    0, -999,  34.31,  34.28,  34.27,  34.27,  34.26,  34.25,  34.21,  34.20,  34.19,  34.21,  34.16,  34.21,  34.27,  34.36,  34.39,  34.48,  34.45,  34.44,  34.46,  34.45,  34.47,  34.38,  34.37,  34.37,  34.36,  34.33,  34.33,  34.34,  34.33,  34.39,  34.35
20150818, 0600,  , LO, 24.5N, 125.0W,  25, 1005,    0,    0,    0,    0,    0,    0,    0,    0,    0,    0,    0,    0, -999,  34.55,  34.53,  34.54,  34.54,  34.53,  34.52,  34.50,  34.48,  34.44,  34.47,  34.47,  34.52,  34.56,  34.62,  34.67,  34.74,  34.75,  34.60,  34.60,  34.57,  34.56,  34.54,  34.53,  34.52,  34.51,  34.49,  34.48,  34.48,  34.47,  34.46,  34.46
20150818, 1200,  , LO, 25.2N, 126.3W,  25, 1006,    0,    0,    0,    0,    0,    0,    0,    0,    0,    0,    0,    0, -999,  34.30,  34.28,  34.29,  34.27,  34.28,  34.38,  34.45,  34.49,  34.55,  34.56,  34.57,  34.52,  34.46,  34.46,  34.50,  34.57,  34.58,  34.52,  34.40,  34.38,  34.39,  34.37,  34.38,  34.39,  34.41,  34.45,  34.49,  34.48,  34.48,  34.55,  34.58
20150818, 1800,  , LO, 25.9N, 127.4W,  20, 1007,    0,    0,    0,    0,    0,    0,    0,    0,    0,    0,    0,    0, -999,  34.14,  34.13,  34.13,  34.21,  34.26,  34.25,  34.20,  34.15,  34.13,  34.17,  34.19,  34.23,  34.22,  34.20,  34.17,  34.16,  34.14,  34.11,  34.09,  34.07,  34.06,  34.02,  34.09,  34.11,  34.08,  34.06,  34.06,  34.08,  34.10,  34.12,  34.25
20150819, 0000,  , LO, 26.5N, 128.6W,  20, 1007,    0,    0,    0,    0,    0,    0,    0,    0,    0,    0,    0,    0, -999,  34.23,  34.23,  34.21,  34.24,  34.29,  34.29,  34.25,  34.22,  34.28,  34.32,  34.31,  34.29,  34.27,  34.27,  34.31,  34.36,  34.35,  34.29,  34.25,  34.28,  34.36,  34.38,  34.40,  34.41,  34.40,  34.37,  34.33,  34.34,  34.34,  34.37,  34.39
20150819, 0600,  , LO, 26.9N, 129.7W,  20, 1008,    0,    0,    0,    0,    0,    0,    0,    0,    0,    0,    0,    0, -999,  34.17,  34.15,  34.06,  33.99,  34.03,  33.92,  33.92,  34.01,  33.97,  34.03,  34.11,  34.16,  34.25,  34.25,  34.29,  34.30,  34.31,  34.31,  34.32,  34.32,  34.29,  34.27,  34.26,  34.27,  34.24,  34.24,  34.22,  34.14,  34.25,  34.22,  34.24
20150819, 1200,  , LO, 27.7N, 130.6W,  20, 1009,    0,    0,    0,    0,    0,    0,    0,    0,    0,    0,    0,    0, -999,  34.19,  34.11,  34.20,  34.21,  34.26,  34.25,  34.25,  34.30,  34.33,  34.35,  34.37,  34.32,  34.36,  34.38,  34.26,  34.23,  34.35,  34.33,  34.36,  34.29,  34.23,  34.31,  34.27,  34.19,  34.06,  34.05,  34.06,  34.12,  34.24,  34.23,  34.31
20150819, 1800,  , LO, 28.6N, 131.1W,  20, 1010,    0,    0,    0,    0,    0,    0,    0,    0,    0,    0,    0,    0, -999,  34.39,  34.37,  34.51,  34.46,  34.48,  34.48,  34.45,  34.44,  34.44,  34.48,  34.50,  34.44,  34.45,  34.48,  34.43,  34.44,  34.43,  34.44,  34.42,  34.42,  34.43,  34.41,  34.34,  34.24,  34.43,  34.42,  34.45,  34.48,  34.47,  34.48,  34.41
20150820, 0000,  , LO, 29.3N, 131.4W,  15, 1010,    0,    0,    0,    0,    0,    0,    0,    0,    0,    0,    0,    0, -999,  34.58,  34.42,  34.34,  34.33,  34.41,  34.42,  34.42,  34.42,  34.40,  34.31,  34.27,  34.31,  34.35,  34.36,  34.35,  34.33,  34.31,  34.30,  34.30,  34.30,  34.31,  34.32,  34.33,  34.33,  34.32,  34.33,  34.33,  34.34,  34.35,  34.39,  34.40
