EP112017,             ELEVEN,     17,
20170804, 0000,  , LO, 15.9N, 106.0W,  25, 1009,    0,    0,    0,    0,    0,    0,    0,    0,    0,    0,    0,    0, -999,  34.84,  34.89,  34.88,  34.70,  34.72,  34.75,  34.76,  34.64,  34.65,  34.72,  34.68,  34.70,  34.70,  34.84,  34.85,  34.64,  34.88,  34.76,  34.64,  34.63,  34.70,  34.58,  34.68,  34.57,    nan,  34.71,  34.52,  34.54,  34.44,  34.43,  34.52
20170804, 0600,  , TD, 16.5N, 107.3W,  30, 1007,    0,    0,    0,    0,    0,    0,    0,    0,    0,    0,    0,    0, -999,  34.94,  34.93,  34.83,  34.76,  34.70,  34.75,  34.43,  34.29,  34.30,  34.40,  34.30,  34.39,  34.60,  34.36,  34.34,  34.51,  34.50,  34.56,  34.61,  34.71,  34.75,  34.80,  34.66,  34.79,    nan,  34.66,  34.69,  34.54,  34.49,  34.46,  34.48
20170804, 1200,  , TD, 17.1N, 108.6W,  30, 1007,    0,    0,    0,    0,    0,    0,    0,    0,    0,    0,    0,    0, -999,  34.57,  34.48,  34.40,  34.38,  34.35,  34.35,  34.30,  34.31,  34.20,  34.23,  34.13,  34.19,  34.35,  34.33,  34.39,  34.52,  34.44,  34.45,  34.49,  34.49,  34.53,  34.62,  34.57,  34.64,    nan,  34.61,  34.46,  34.41,  34.38,  34.16,  34.30
20170804, 1800,  , TD, 17.7N, 109.8W,  30, 1006,    0,    0,    0,    0,    0,    0,    0,    0,    0,    0,    0,    0, -999,  34.25,  34.32,  34.39,  34.53,  34.56,  34.59,  34.68,  34.70,  34.77,  34.87,  34.80,  34.78,  34.80,  34.70,  34.88,  34.36,  34.63,  34.69,  34.71,  34.55,  34.65,  34.57,  34.46,  34.65,    nan,  34.45,  34.60,  34.60,  34.63,  34.58,  34.62
20170805, 0000,  , TD, 18.3N, 110.6W,  30, 1006,    0,    0,    0,    0,    0,    0,    0,    0,    0,    0,    0,    0, -999,  34.69,  34.71,  34.76,  34.75,  34.74,  34.78,  34.70,  34.69,  34.61,  34.77,  34.66,  34.54,  34.49,  34.41,  34.48,  34.29,  34.21,  34.10,  34.12,  34.39,  34.30,  34.43,  34.34,    nan,  34.45,  34.25,  34.25,  34.29,  34.37,  34.55,  34.59
20170805, 0600,  , TD, 18.9N, 111.1W,  30, 1006,    0,    0,    0,    0,    0,    0,    0,    0,    0,    0,    0,    0, -999,  34.42,  34.40,  34.40,  34.39,  34.41,  34.47,  34.46,  34.19,  34.17,  34.24,  34.26,  34.20,  34.17,  34.18,  34.43,  34.20,  34.16,  34.21,  34.26,  34.31,  34.26,  34.45,  34.28,    nan,  34.45,  34.23,  34.25,  34.25,  34.25,  34.41,  34.45
20170805, 1200,  , TD, 19.4N, 111.4W,  30, 1006,    0,    0,    0,    0,    0,    0,    0,    0,    0,    0,    0,    0, -999,  34.33,  34.34,  34.28,  34.20,  34.24,  34.26,  34.28,  34.09,  34.10,  34.19,  34.23,  34.23,  34.28,  34.30,  34.36,  34.39,  34.33,  34.34,  34.30,  34.24,  34.24,  34.32,  34.25,    nan,  34.34,  34.34,  34.34,  34.37,  34.41,  34.46,  34.47
20170805, 1800,  , LO, 20.0N, 111.6W,  25, 1008,    0,    0,    0,    0,    0,    0,    0,    0,    0,    0,    0,    0, -999,  34.38,  34.28,  34.26,  34.15,  34.18,  34.19,  34.23,  34.12,  34.15,  34.22,  34.23,  34.22,  34.21,  34.23,  34.22,  34.40,  34.38,  34.34,  34.29,  34.22,  34.17,  34.39,  34.17,    nan,  34.44,  34.25,  34.25,  34.24,  34.25,  34.39,  34.41
20170806, 0000,  , LO, 20.4N, 112.0W,  25, 1009,    0,    0,    0,    0,    0,    0,    0,    0,    0,    0,    0,    0, -999,  34.08,  34.15,  34.13,  34.12,  34.13,  34.19,  34.11,  34.14,  34.18,  34.18,  34.20,  34.18,  34.14,  34.23,  34.25,  34.26,  34.16,  34.06,  34.05,  34.05,  34.34,  34.04,    nan,  34.30,  34.16,  34.19,  34.22,  34.22,  34.23,  34.27,  34.23
20170806, 0600,  , LO, 20.6N, 112.1W,  20, 1010,    0,    0,    0,    0,    0,    0,    0,    0,    0,    0,    0,    0, -999,  34.19,  34.22,  34.18,  34.19,  34.18,  34.21,  34.15,  34.12,  34.18,  34.17,  34.17,  34.17,  34.12,  34.29,  34.18,  34.25,  34.16,  34.10,  34.06,  34.08,  34.33,  34.10,    nan,  34.32,  34.15,  34.17,  34.19,  34.22,  34.23,  34.27,  34.19
20170806, 1200,  , LO, 20.7N, 112.2W,  20, 1010,    0,    0,    0,    0,    0,    0,    0,    0,    0,    0,    0,    0, -999,  34.20,  34.22,  34.13,  34.12,  34.13,  34.19,  34.17,  34.18,  34.23,  34.23,  34.21,  34.15,  34.11,  34.27,  34.17,  34.23,  34.13,  34.06,  34.05,  34.07,  34.35,  34.14,    nan,  34.27,  34.21,  34.22,  34.21,  34.18,  34.15,  34.14,  34.02
20170806, 1800,  , LO, 20.6N, 112.3W,  20, 1010,    0,    0,    0,    0,    0,    0,    0,    0,    0,    0,    0,    0, -999,  34.20,  34.22,  34.13,  34.12,  34.13,  34.19,  34.17,  34.18,  34.23,  34.23,  34.21,  34.15,  34.11,  34.27,  34.17,  34.23,  34.13,  34.06,  34.05,  34.07,  34.35,  34.14,    nan,  34.27,  34.21,  34.22,  34.21,  34.18,  34.15,  34.14,  34.02
20170807, 0000,  , LO, 20.5N, 112.4W,  15, 1010,    0,    0,    0,    0,    0,    0,    0,    0,    0,    0,    0,    0, -999,  34.28,  34.24,  34.20,  34.13,  34.14,  34.04,  34.09,  34.13,  34.14,  34.11,  34.10,  34.07,  34.19,  34.12,  34.12,  34.02,  34.01,  34.01,  34.03,  34.33,  34.14,    nan,  34.30,  34.16,  34.13,  34.11,  34.13,  34.11,  34.17,  34.13,  34.15
20170807, 0600,  , LO, 20.4N, 112.3W,  15, 1010,    0,    0,    0,    0,    0,    0,    0,    0,    0,    0,    0,    0, -999,  34.24,  34.18,  34.17,  34.17,  34.23,  34.17,  34.19,  34.20,  34.19,  34.21,  34.17,  34.12,  34.21,  34.21,  34.22,  34.11,  33.99,  34.01,  34.02,  34.31,  34.14,    nan,  34.28,  34.17,  34.17,  34.15,  34.15,  34.11,  34.08,  34.02,  34.11
20170807, 1200,  , LO, 20.4N, 112.1W,  15, 1010,    0,    0,    0,    0,    0,    0,    0,    0,    0,    0,    0,    0, -999,  34.15,  34.13,  34.12,  34.13,  34.19,  34.11,  34.14,  34.18,  34.18,  34.20,  34.18,  34.14,  34.23,  34.25,  34.26,  34.16,  34.06,  34.05,  34.05,  34.34,  34.04,    nan,  34.30,  34.16,  34.19,  34.22,  34.22,  34.23,  34.27,  34.23,  34.19
20170807, 1800,  , LO, 20.6N, 112.0W,  15, 1010,    0,    0,    0,    0,    0,    0,    0,    0,    0,    0,    0,    0, -999,  34.22,  34.18,  34.19,  34.18,  34.21,  34.15,  34.12,  34.18,  34.17,  34.17,  34.17,  34.12,  34.29,  34.18,  34.25,  34.16,  34.10,  34.06,  34.08,  34.33,  34.10,    nan,  34.32,  34.15,  34.17,  34.19,  34.22,  34.23,  34.27,  34.19,  34.17
20170808, 0000,  , LO, 20.6N, 112.0W,  15, 1010,    0,    0,    0,    0,    0,    0,    0,    0,    0,    0,    0,    0, -999,  34.18,  34.19,  34.18,  34.21,  34.15,  34.12,  34.18,  34.17,  34.17,  34.17,  34.12,  34.29,  34.18,  34.25,  34.16,  34.10,  34.06,  34.08,  34.33,  34.10,    nan,  34.32,  34.15,  34.17,  34.19,  34.22,  34.23,  34.27,  34.19,  34.17,  34.15
