EP111995,           JULIETTE,     41,
19950916, 1800,  , TD, 14.8N, 105.0W,  30, 1008, -999, -999, -999, -999, -999, -999, -999, -999, -999, -999, -999, -999, -999,  28.77,  28.50,  28.61,  28.65,  28.73,  28.97,  28.86,  29.00,  29.00,  29.23,  29.37,  29.78,  29.42,  29.39,  29.66,  29.32,  28.91,  28.72,  28.81,  28.80,  28.84,  28.45,  28.29,  28.16,  28.23,  28.27,  28.69,  28.91,  28.66,  28.40,  27.91
19950917, 0000,  , TD, 15.1N, 105.8W,  30, 1006, -999, -999, -999, -999, -999, -999, -999, -999, -999, -999, -999, -999, -999,  28.59,  28.63,  28.72,  28.47,  28.85,  28.78,  28.79,  28.58,  28.88,  29.04,  29.25,  29.02,  28.98,  29.10,  28.54,  28.43,  28.38,  28.54,  28.63,  28.65,  28.37,  28.37,  28.15,  28.14,  28.03,  28.12,  28.85,  28.81,  28.33,  27.84,  28.13
19950917, 0600,  , TD, 15.4N, 106.3W,  30, 1006, -999, -999, -999, -999, -999, -999, -999, -999, -999, -999, -999, -999, -999,  28.28,  28.43,  28.30,  28.04,  28.26,  28.63,  28.44,  28.34,  28.38,  28.68,  28.70,  28.59,  28.30,  28.52,  28.26,  28.20,  28.11,  27.83,  28.10,  28.27,  27.69,  27.68,  27.46,  27.87,  27.88,  28.00,  28.51,  28.45,  27.95,  27.77,  27.76
19950917, 1200,  , TS, 15.6N, 106.7W,  35, 1005, -999, -999, -999, -999, -999, -999, -999, -999, -999, -999, -999, -999, -999,  28.31,  28.19,  27.98,  27.80,  27.99,  28.53,  28.43,  28.46,  28.41,  28.79,  28.71,  28.60,  28.37,  28.48,  28.41,  28.21,  28.07,  27.44,  27.17,  27.11,  27.29,  27.41,  27.63,  27.65,  27.76,  27.85,  28.16,  28.36,  28.10,  27.95,  27.88
19950917, 1800,  , TS, 15.8N, 107.0W,  45, 1000, -999, -999, -999, -999, -999, -999, -999, -999, -999, -999, -999, -999, -999,  28.38,  28.38,  28.27,  28.06,  28.17,  28.50,  28.41,  28.44,  28.22,  28.23,  28.50,  28.71,  28.01,  27.92,  28.15,  28.25,  28.22,  27.10,  27.07,  27.01,  26.91,  27.17,  27.55,  27.75,  27.83,  27.73,  27.76,  27.89,  27.69,  27.68,  27.51
19950918, 0000,  , TS, 16.1N, 107.5W,  50,  997, -999, -999, -999, -999, -999, -999, -999, -999, -999, -999, -999, -999, -999,  28.22,  28.04,  27.91,  28.23,  28.62,  28.75,  28.80,  28.32,  28.43,  28.37,  28.61,  28.02,  27.87,  28.05,  27.92,  27.45,  26.48,  26.44,  26.51,  26.26,  26.55,  26.91,  27.30,  27.62,  27.67,  27.85,  28.12,  27.78,  27.86,  27.57,  27.91
19950918, 0600,  , TS, 16.2N, 108.1W,  55,  994, -999, -999, -999, -999, -999, -999, -999, -999, -999, -999, -999, -999, -999,  28.38,  28.31,  28.41,  28.66,  28.94,  28.73,  28.77,  28.29,  28.68,  28.47,  28.85,  28.46,  28.58,  28.96,  28.75,  28.15,  27.04,  26.98,  27.25,  26.67,  27.11,  27.28,  27.39,  27.57,  27.52,  27.59,  28.09,  27.93,  27.98,  27.76,  27.87
19950918, 1200,  , HU, 16.3N, 108.6W,  70,  985, -999, -999, -999, -999, -999, -999, -999, -999, -999, -999, -999, -999, -999,  28.58,  28.62,  28.62,  28.97,  29.06,  28.73,  28.71,  28.44,  28.80,  28.66,  29.01,  29.04,  29.20,  29.10,  28.87,  28.58,  27.84,  27.82,  28.09,  27.43,  27.58,  27.63,  27.58,  27.36,  27.38,  27.41,  27.74,  27.66,  27.78,  27.56,  27.77
19950918, 1800,  , HU, 16.4N, 109.1W,  85,  974, -999, -999, -999, -999, -999, -999, -999, -999, -999, -999, -999, -999, -999,  28.88,  28.60,  28.43,  28.61,  28.89,  28.59,  28.60,  28.36,  28.57,  28.51,  28.74,  28.46,  28.72,  28.67,  28.59,  28.47,  28.14,  27.96,  28.11,  27.95,  27.98,  28.10,  28.13,  27.88,  27.63,  27.47,  27.72,  27.73,  27.62,  27.49,  27.68
19950919, 0000,  , HU, 16.6N, 109.4W, 100,  960, -999, -999, -999, -999, -999, -999, -999, -999, -999, -999, -999, -999, -999,  28.76,  28.68,  28.69,  28.96,  28.60,  28.61,  28.41,  28.47,  28.57,  28.87,  28.52,  28.83,  28.70,  28.47,  28.35,  28.06,  28.05,  27.98,  27.71,  27.66,  27.92,  28.09,  27.65,  27.62,  27.60,  27.78,  27.75,  27.59,  27.46,  27.75,  27.85
19950919, 0600,  , HU, 16.7N, 109.8W, 105,  958, -999, -999, -999, -999, -999, -999, -999, -999, -999, -999, -999, -999, -999,  28.69,  28.54,  28.58,  28.81,  28.51,  28.49,  28.06,  28.00,  28.51,  29.01,  28.48,  28.79,  28.84,  28.55,  28.52,  28.04,  28.13,  28.00,  27.45,  27.49,  27.65,  28.06,  28.26,  27.83,  27.98,  28.22,  28.34,  28.34,  27.95,  28.01,  27.66
19950919, 1200,  , HU, 16.9N, 110.4W, 105,  955, -999, -999, -999, -999, -999, -999, -999, -999, -999, -999, -999, -999, -999,  28.40,  28.34,  28.60,  28.88,  28.70,  28.71,  28.17,  27.92,  28.43,  28.97,  28.86,  29.03,  29.00,  28.56,  28.54,  28.21,  28.13,  28.03,  27.16,  26.88,  26.99,  27.55,  27.87,  27.54,  27.91,  27.84,  28.07,  28.21,  27.88,  28.03,  28.13
19950919, 1800,  , HU, 17.2N, 111.2W, 105,  955, -999, -999, -999, -999, -999, -999, -999, -999, -999, -999, -999, -999, -999,  27.94,  27.87,  27.93,  28.20,  28.11,  28.49,  28.26,  27.94,  28.38,  28.88,  28.80,  28.94,  29.00,  28.71,  28.94,  28.66,  28.32,  27.53,  27.05,  26.67,  26.46,  26.95,  27.19,  27.34,  28.04,  28.00,  27.98,  28.00,  27.93,  27.90,  27.98
19950920, 0000,  , HU, 17.5N, 111.6W, 110,  950, -999, -999, -999, -999, -999, -999, -999, -999, -999, -999, -999, -999, -999,  27.90,  27.98,  28.16,  27.93,  28.24,  28.06,  27.90,  28.27,  28.58,  28.66,  28.88,  29.04,  28.73,  28.95,  28.75,  28.11,  27.08,  26.38,  26.15,  25.78,  26.74,  27.11,  27.18,  27.56,  27.75,  27.74,  27.79,  27.75,  27.72,  27.82,  27.70
19950920, 0600,  , HU, 17.8N, 112.4W, 120,  942, -999, -999, -999, -999, -999, -999, -999, -999, -999, -999, -999, -999, -999,  28.04,  28.07,  28.21,  27.80,  27.86,  27.78,  27.67,  27.98,  28.36,  28.44,  28.51,  28.55,  28.19,  28.30,  28.25,  27.63,  26.09,  26.02,  25.69,  26.13,  25.98,  26.35,  26.41,  26.38,  26.59,  26.78,  26.73,  26.79,  26.50,  26.59,  26.55
19950920, 1200,  , HU, 17.8N, 113.5W, 130,  930, -999, -999, -999, -999, -999, -999, -999, -999, -999, -999, -999, -999, -999,  27.99,  27.88,  28.06,  27.81,  27.75,  27.57,  27.50,  27.83,  28.30,  28.10,  28.30,  28.34,  28.16,  28.25,  28.29,  27.87,  25.37,  24.05,  25.20,  25.25,  25.36,  25.86,  26.27,  25.79,  26.06,  26.21,  26.01,  26.33,  26.00,  26.23,  26.18
19950920, 1800,  , HU, 17.8N, 114.3W, 130,  933, -999, -999, -999, -999, -999, -999, -999, -999, -999, -999, -999, -999, -999,  27.74,  27.68,  27.94,  27.86,  27.81,  27.62,  27.78,  27.85,  28.11,  28.12,  28.10,  27.84,  27.77,  27.98,  27.89,  27.72,  27.00,  26.13,  26.09,  25.51,  26.01,  26.19,  26.09,  25.43,  25.88,  26.25,  25.95,  26.01,  26.11,  26.23,  26.20
19950921, 0000,  , HU, 18.0N, 114.7W, 120,  942, -999, -999, -999, -999, -999, -999, -999, -999, -999, -999, -999, -999, -999,  27.39,  27.71,  27.63,  27.83,  27.71,  27.96,  27.74,  28.03,  28.18,  28.03,  27.84,  27.70,  27.98,  27.71,  27.55,  27.12,  26.27,  26.04,  25.35,  25.81,  25.65,  25.28,  24.63,  25.14,  25.69,  25.66,  25.68,  25.91,  26.15,  26.24,  26.04
19950921, 0600,  , HU, 18.2N, 115.3W, 110,  950, -999, -999, -999, -999, -999, -999, -999, -999, -999, -999, -999, -999, -999,  27.54,  27.82,  27.72,  28.05,  28.20,  28.48,  28.09,  28.30,  28.56,  28.43,  28.14,  28.13,  28.28,  27.71,  27.58,  27.21,  26.73,  26.27,  25.73,  26.03,  25.72,  25.10,  24.52,  24.30,  25.03,  25.03,  25.02,  25.30,  25.60,  25.79,  25.43
19950921, 1200,  , HU, 18.3N, 115.9W, 100,  960, -999, -999, -999, -999, -999, -999, -999, -999, -999, -999, -999, -999, -999,  27.62,  27.95,  27.76,  28.14,  28.24,  28.47,  28.07,  28.28,  28.43,  28.34,  28.04,  27.96,  28.09,  28.06,  27.70,  27.27,  26.57,  25.92,  25.28,  25.30,  25.27,  24.55,  24.46,  25.01,  25.40,  25.06,  25.29,  25.60,  25.73,  25.97,  25.49
19950921, 1800,  , HU, 18.5N, 116.5W,  95,  963, -999, -999, -999, -999, -999, -999, -999, -999, -999, -999, -999, -999, -999,  27.01,  27.63,  27.45,  27.95,  27.99,  28.11,  27.69,  27.99,  28.13,  28.00,  27.74,  27.32,  27.69,  27.61,  27.03,  26.85,  26.45,  25.64,  25.44,  25.28,  24.71,  23.76,  23.84,  24.21,  25.00,  24.82,  24.74,  24.86,  24.74,  24.97,  25.14
19950922, 0000,  , HU, 18.8N, 117.1W,  95,  965, -999, -999, -999, -999, -999, -999, -999, -999, -999, -999, -999, -999, -999,  27.31,  27.11,  27.69,  27.87,  27.92,  27.75,  27.86,  28.04,  27.98,  27.42,  26.86,  27.25,  27.23,  26.65,  26.51,  25.58,  25.02,  24.91,  24.82,  24.10,  23.55,  23.89,  24.19,  24.55,  24.48,  24.52,  24.48,  24.52,  24.63,  25.00,  25.21
19950922, 0600,  , HU, 18.9N, 117.6W,  90,  970, -999, -999, -999, -999, -999, -999, -999, -999, -999, -999, -999, -999, -999,  27.44,  27.18,  27.69,  27.86,  27.82,  27.65,  27.57,  27.71,  27.84,  27.66,  27.24,  27.51,  27.44,  26.82,  26.78,  25.62,  25.50,  25.31,  24.94,  23.80,  23.40,  23.49,  23.62,  24.07,  24.25,  24.44,  24.25,  24.21,  24.32,  24.88,  25.07
19950922, 1200,  , HU, 19.1N, 118.5W,  85,  975, -999, -999, -999, -999, -999, -999, -999, -999, -999, -999, -999, -999, -999,  27.05,  26.91,  27.31,  27.51,  27.33,  27.18,  26.94,  27.11,  27.24,  27.11,  27.04,  27.10,  27.36,  27.14,  27.25,  27.03,  26.67,  26.25,  26.10,  24.81,  23.96,  23.82,  23.73,  23.53,  23.44,  23.34,  23.34,  23.29,  23.37,  23.42,  23.55
19950922, 1800,  , HU, 19.3N, 118.9W,  85,  974, -999, -999, -999, -999, -999, -999, -999, -999, -999, -999, -999, -999, -999,  26.64,  26.63,  27.03,  27.40,  27.28,  27.10,  26.90,  27.06,  27.11,  26.98,  26.84,  26.83,  27.13,  26.79,  26.77,  26.47,  26.11,  25.68,  25.65,  24.41,  23.65,  23.38,  23.66,  23.63,  23.40,  23.26,  23.13,  22.83,  23.05,  23.14,  23.58
19950923, 0000,  , HU, 19.6N, 119.2W,  90,  970, -999, -999, -999, -999, -999, -999, -999, -999, -999, -999, -999, -999, -999,  25.94,  26.44,  26.69,  26.67,  26.54,  26.28,  26.43,  26.39,  26.13,  26.17,  26.15,  26.54,  26.30,  26.23,  25.96,  25.63,  24.60,  24.39,  23.05,  22.87,  22.77,  22.86,  22.79,  22.74,  22.81,  22.92,  22.71,  23.15,  23.08,  23.23,  23.15
19950923, 0600,  , HU, 20.2N, 119.3W,  90,  970, -999, -999, -999, -999, -999, -999, -999, -999, -999, -999, -999, -999, -999,  25.44,  25.91,  26.00,  26.02,  25.97,  25.85,  26.10,  26.08,  25.84,  25.91,  25.71,  25.92,  25.76,  25.77,  25.77,  24.86,  24.21,  23.88,  22.91,  22.86,  22.96,  23.06,  23.14,  23.23,  23.40,  23.37,  23.09,  23.46,  23.44,  23.72,  23.80
19950923, 1200,  , HU, 20.6N, 119.4W,  90,  970, -999, -999, -999, -999, -999, -999, -999, -999, -999, -999, -999, -999, -999,  25.09,  25.50,  25.66,  25.77,  25.69,  25.46,  25.43,  25.26,  25.04,  25.38,  25.22,  25.22,  25.15,  25.20,  25.30,  24.80,  24.29,  24.03,  23.90,  23.50,  23.61,  23.59,  23.36,  23.12,  23.04,  22.92,  22.81,  23.16,  23.26,  23.55,  23.85
19950923, 1800,  , HU, 21.4N, 119.2W,  90,  971, -999, -999, -999, -999, -999, -999, -999, -999, -999, -999, -999, -999, -999,  24.73,  25.34,  25.65,  25.84,  25.49,  25.71,  25.72,  25.49,  25.27,  25.27,  25.11,  25.14,  25.40,  25.55,  25.60,  25.41,  25.08,  24.45,  24.17,  23.37,  23.35,  23.32,  22.95,  22.75,  22.76,  22.63,  22.59,  22.87,  22.89,  23.16,  23.27
19950924, 0000,  , HU, 22.3N, 118.5W,  85,  972, -999, -999, -999, -999, -999, -999, -999, -999, -999, -999, -999, -999, -999,  24.75,  25.09,  25.15,  25.23,  25.47,  25.43,  25.25,  25.06,  24.77,  24.45,  24.47,  24.55,  24.54,  24.47,  24.41,  24.25,  23.94,  23.46,  22.82,  22.60,  22.50,  22.50,  22.33,  22.35,  22.35,  22.52,  22.50,  22.48,  22.60,  22.91,  22.80
19950924, 0600,  , HU, 23.2N, 118.0W,  80,  977, -999, -999, -999, -999, -999, -999, -999, -999, -999, -999, -999, -999, -999,  24.28,  24.51,  24.64,  24.93,  25.03,  24.92,  24.84,  24.80,  24.40,  24.08,  24.27,  24.37,  24.15,  23.94,  23.78,  23.70,  23.43,  23.17,  22.52,  22.33,  22.35,  22.18,  22.07,  22.10,  22.17,  22.18,  22.00,  21.78,  21.87,  22.15,  22.30
19950924, 1200,  , HU, 23.9N, 117.7W,  70,  983, -999, -999, -999, -999, -999, -999, -999, -999, -999, -999, -999, -999, -999,  23.81,  23.98,  24.06,  24.34,  24.47,  24.66,  24.73,  24.77,  24.07,  23.85,  23.91,  23.87,  23.42,  23.51,  23.65,  23.89,  23.78,  24.02,  23.46,  23.15,  22.97,  22.81,  22.73,  22.60,  22.40,  22.21,  22.04,  21.79,  21.98,  22.03,  21.76
19950924, 1800,  , HU, 24.1N, 117.6W,  65,  987, -999, -999, -999, -999, -999, -999, -999, -999, -999, -999, -999, -999, -999,  23.78,  23.93,  23.98,  24.23,  24.32,  24.59,  24.69,  24.68,  23.96,  23.73,  23.76,  23.67,  23.27,  23.41,  23.58,  23.89,  23.89,  24.14,  23.62,  23.37,  23.16,  22.99,  22.87,  22.74,  22.56,  22.35,  22.15,  21.87,  22.06,  22.12,  21.78
19950925, 0000,  , TS, 24.2N, 117.5W,  55,  994, -999, -999, -999, -999, -999, -999, -999, -999, -999, -999, -999, -999, -999,  23.95,  24.02,  24.16,  24.23,  24.56,  24.63,  24.62,  23.96,  23.74,  23.71,  23.53,  23.21,  23.37,  23.61,  23.84,  23.89,  24.07,  23.59,  23.38,  23.23,  23.11,  23.02,  22.84,  22.69,  22.48,  22.26,  21.96,  22.13,  22.18,  21.85,  21.85
19950925, 0600,  , TS, 24.0N, 117.5W,  50,  997, -999, -999, -999, -999, -999, -999, -999, -999, -999, -999, -999, -999, -999,  23.93,  24.01,  24.23,  24.34,  24.66,  24.77,  24.80,  24.07,  23.83,  23.85,  23.77,  23.43,  23.61,  23.88,  24.16,  24.15,  24.36,  23.74,  23.46,  23.26,  23.08,  22.96,  22.81,  22.61,  22.37,  22.17,  21.95,  22.13,  22.24,  21.84,  21.83
19950925, 1200,  , TS, 23.7N, 117.4W,  45, 1000, -999, -999, -999, -999, -999, -999, -999, -999, -999, -999, -999, -999, -999,  24.69,  24.95,  25.18,  25.35,  25.51,  25.54,  25.37,  24.59,  24.29,  24.42,  24.55,  24.31,  24.41,  24.44,  24.56,  24.07,  24.35,  23.55,  23.19,  23.10,  22.91,  22.77,  22.85,  23.03,  22.76,  22.41,  22.10,  22.19,  22.16,  21.81,  22.24
19950925, 1800,  , TS, 23.3N, 117.3W,  35, 1005, -999, -999, -999, -999, -999, -999, -999, -999, -999, -999, -999, -999, -999,  25.34,  25.65,  25.79,  25.85,  25.82,  25.91,  26.06,  25.50,  24.83,  24.83,  24.90,  24.70,  24.89,  25.02,  25.20,  24.77,  24.87,  23.78,  23.18,  23.03,  22.95,  23.09,  23.30,  23.55,  23.29,  23.03,  22.40,  22.48,  22.59,  22.54,  22.89
19950926, 0000,  , TD, 23.0N, 117.3W,  30, 1006, -999, -999, -999, -999, -999, -999, -999, -999, -999, -999, -999, -999, -999,  25.91,  26.05,  26.20,  26.28,  26.38,  26.36,  25.80,  25.13,  25.09,  25.09,  24.98,  25.13,  25.32,  25.50,  24.90,  24.86,  23.55,  22.99,  23.00,  23.22,  23.11,  22.99,  23.06,  22.89,  22.59,  22.18,  22.35,  22.71,  22.83,  23.06,  23.12
19950926, 0600,  , TD, 22.9N, 117.2W,  30, 1006, -999, -999, -999, -999, -999, -999, -999, -999, -999, -999, -999, -999, -999,  25.99,  26.19,  26.36,  26.43,  26.45,  26.40,  25.92,  25.27,  25.20,  25.24,  25.18,  25.34,  25.51,  25.59,  24.93,  24.83,  23.46,  22.93,  22.96,  23.12,  22.82,  22.65,  22.75,  22.69,  22.50,  22.38,  22.49,  22.87,  23.01,  23.20,  23.24
19950926, 1200,  , TD, 22.9N, 117.1W,  25, 1006, -999, -999, -999, -999, -999, -999, -999, -999, -999, -999, -999, -999, -999,  26.15,  26.31,  26.50,  26.60,  26.58,  26.48,  26.00,  25.37,  25.31,  25.38,  25.36,  25.50,  25.59,  25.68,  25.36,  25.26,  23.89,  23.30,  23.32,  23.58,  23.50,  23.48,  23.63,  23.44,  23.13,  22.90,  22.96,  23.28,  23.47,  23.68,  23.77
19950926, 1800,  , TD, 23.1N, 117.0W,  25, 1007, -999, -999, -999, -999, -999, -999, -999, -999, -999, -999, -999, -999, -999,  25.60,  25.73,  25.81,  25.82,  26.05,  26.36,  25.81,  25.13,  25.08,  25.13,  24.99,  25.17,  25.28,  25.49,  25.28,  25.21,  23.88,  23.23,  23.10,  23.20,  23.28,  23.45,  23.78,  23.83,  23.72,  23.21,  23.29,  23.33,  23.22,  23.53,  23.63
