EP112001,           JULIETTE,     48,
20010921, 0600,  , TD, 12.6N,  91.1W,  30, 1007, -999, -999, -999, -999, -999, -999, -999, -999, -999, -999, -999, -999, -999,  33.82,  33.76,  33.69,  33.73,  33.72,  33.77,  33.75,  33.64,  33.69,  33.73,  33.72,  33.64,  33.60,  33.57,  33.56,  33.65,    nan,  33.63,  33.63,  33.63,  33.69,  33.77,  33.85,  33.84,  33.81,  33.75,  33.66,  33.66,  33.68,  33.74,  33.72
20010921, 1200,  , TS, 13.0N,  92.8W,  35, 1005, -999, -999, -999, -999, -999, -999, -999, -999, -999, -999, -999, -999, -999,  33.77,  33.76,  33.73,  33.71,  33.62,  33.62,  33.58,  33.59,  33.44,  33.54,  33.52,  33.59,  33.60,  33.57,  33.55,  33.55,    nan,  33.51,  33.51,  33.52,  33.52,  33.52,  33.49,  33.48,  33.47,  33.45,  33.43,  33.45,  33.49,  33.49,  33.50
20010921, 1800,  , TS, 13.5N,  94.3W,  35,  997, -999, -999, -999, -999, -999, -999, -999, -999, -999, -999, -999, -999, -999,  33.70,  33.68,  33.61,  33.57,  33.56,  33.55,  33.59,  33.61,  33.64,  33.67,  33.68,  33.73,  33.76,  33.80,  33.81,  33.81,    nan,  33.86,  33.85,  33.81,  33.81,  33.71,  33.64,  33.57,  33.54,  33.45,  33.51,  33.54,  33.55,  33.58,  33.57
20010922, 0000,  , TS, 13.6N,  95.8W,  40,  996, -999, -999, -999, -999, -999, -999, -999, -999, -999, -999, -999, -999, -999,  33.79,  33.76,  33.79,  33.79,  33.80,  33.80,  33.77,  33.78,  33.76,  33.70,  33.76,  33.76,  33.73,  33.73,  33.73,    nan,  33.67,  33.67,  33.68,  33.66,  33.71,  33.68,  33.71,  33.67,  33.59,  33.68,  33.72,  33.74,  33.73,  33.71,  33.64
20010922, 0600,  , TS, 13.6N,  97.3W,  45,  996, -999, -999, -999, -999, -999, -999, -999, -999, -999, -999, -999, -999, -999,  33.82,  33.83,  33.84,  33.83,  33.80,  33.77,  33.83,  33.85,  33.80,  33.62,  33.62,  33.60,  33.59,  33.60,  33.65,    nan,  33.47,  33.60,  33.62,  33.55,  33.53,  33.46,  33.33,  33.48,  33.63,  33.75,  33.80,  33.72,  33.70,  33.77,  33.78
20010922, 1200,  , TS, 13.5N,  98.5W,  45,  995, -999, -999, -999, -999, -999, -999, -999, -999, -999, -999, -999, -999, -999,  33.78,  33.77,  33.76,  33.77,  33.76,  33.69,  33.71,  33.80,  33.89,  33.95,  34.00,  33.93,  33.88,  33.93,  33.93,    nan,  33.85,  33.92,  33.96,  33.98,  34.00,  33.95,  33.93,  33.86,  33.84,  33.74,  33.75,  33.67,  33.70,  33.64,  33.66
20010922, 1800,  , TS, 13.5N,  99.7W,  45,  994, -999, -999, -999, -999, -999, -999, -999, -999, -999, -999, -999, -999, -999,  33.78,  33.79,  33.81,  33.79,  33.83,  33.77,  33.81,  33.80,  33.83,  33.83,  33.84,  33.84,  33.82,  33.80,  33.78,    nan,  33.80,  33.89,  33.90,  33.86,  33.87,  33.83,  33.84,  33.85,  33.73,  33.75,  33.74,  33.73,  33.72,  33.75,  33.73
20010923, 0000,  , TS, 14.2N, 100.4W,  50,  992, -999, -999, -999, -999, -999, -999, -999, -999, -999, -999, -999, -999, -999,  33.83,  33.87,  33.89,  33.92,  33.80,  33.70,  33.77,  33.85,  33.80,  33.77,  33.79,  33.75,  33.86,  33.88,    nan,  33.84,  33.80,  33.78,  33.76,  33.79,  33.79,  33.78,  33.78,  33.78,  33.74,  33.68,  33.67,  33.68,  33.69,  33.68,  33.69
20010923, 0600,  , TS, 14.6N, 101.3W,  55,  986, -999, -999, -999, -999, -999, -999, -999, -999, -999, -999, -999, -999, -999,  33.86,  33.86,  33.86,  33.86,  33.76,  33.81,  33.79,  33.80,  33.80,  33.83,  33.87,  33.87,  33.91,  33.94,    nan,  33.87,  33.80,  33.74,  33.74,  33.78,  33.80,  33.79,  33.80,  33.78,  33.78,  33.67,  33.68,  33.68,  33.68,  33.68,  33.66
20010923, 1200,  , HU, 14.8N, 102.2W,  65,  976, -999, -999, -999, -999, -999, -999, -999, -999, -999, -999, -999, -999, -999,  33.93,  33.88,  33.83,  33.81,  33.74,  33.76,  33.76,  33.74,  33.76,  33.75,  33.75,  33.75,  33.75,  33.75,    nan,  33.76,  33.70,  33.70,  33.64,  33.69,  33.70,  33.70,  33.70,  33.71,  33.77,  33.75,  33.67,  33.66,  33.68,  33.70,  33.71
20010923, 1800,  , HU, 14.9N, 102.8W,  85,  960, -999, -999, -999, -999, -999, -999, -999, -999, -999, -999, -999, -999, -999,  34.02,  34.02,  34.02,  34.03,  33.95,  33.94,  33.88,  33.89,  33.91,  33.87,  33.78,  33.76,  33.75,  33.78,    nan,  33.79,  33.72,  33.68,  33.72,  33.79,  33.78,  33.79,  33.77,  33.77,  33.74,  33.78,  33.73,  33.70,  33.71,  33.71,  33.72
20010924, 0000,  , HU, 14.8N, 103.3W, 110,  941, -999, -999, -999, -999, -999, -999, -999, -999, -999, -999, -999, -999, -999,  34.01,  33.96,  33.94,  33.86,  33.84,  33.86,  33.87,  33.88,  33.90,  33.90,  33.86,  33.74,  33.81,    nan,  33.82,  33.66,  33.84,  33.94,  33.91,  33.86,  33.83,  33.84,  33.80,  33.85,  33.72,  33.73,  33.74,  33.77,  33.81,  33.83,  33.86
20010924, 0600,  , HU, 15.0N, 103.5W, 115,  941, -999, -999, -999, -999, -999, -999, -999, -999, -999, -999, -999, -999, -999,  33.97,  33.94,  33.93,  33.85,  33.82,  33.81,  33.82,  33.82,  33.84,  33.83,  33.84,  33.83,  33.96,    nan,  34.03,  33.89,  33.95,  33.85,  33.83,  33.83,  33.83,  33.86,  33.84,  33.88,  33.74,  33.83,  33.79,  33.80,  33.80,  33.78,  33.81
20010924, 1200,  , HU, 15.1N, 103.8W, 100,  952, -999, -999, -999, -999, -999, -999, -999, -999, -999, -999, -999, -999, -999,  34.08,  34.09,  34.05,  34.03,  34.03,  34.01,  34.00,  33.96,  33.91,  33.94,  33.94,  33.92,  34.02,    nan,  34.06,  34.00,  33.95,  33.96,  33.94,  33.93,  33.93,  33.94,  33.93,  33.94,  33.83,  33.84,  33.81,  33.80,  33.70,  33.66,  33.64
20010924, 1800,  , HU, 15.2N, 104.1W,  95,  957, -999, -999, -999, -999, -999, -999, -999, -999, -999, -999, -999, -999, -999,  34.09,  34.08,  34.04,  34.04,  34.03,  34.03,  34.03,  34.02,  34.03,  34.00,  33.97,  33.96,  34.04,    nan,  34.06,  34.00,  33.95,  33.92,  33.92,  33.92,  33.93,  33.91,  33.91,  33.92,  33.89,  33.83,  33.85,  33.84,  33.81,  33.80,  33.73
20010925, 0000,  , HU, 15.4N, 104.7W, 115,  941, -999, -999, -999, -999, -999, -999, -999, -999, -999, -999, -999, -999, -999,  34.07,  34.04,  34.05,  34.05,  34.06,  34.06,  34.06,  34.02,  33.99,  33.97,  33.92,  34.01,    nan,  33.98,  33.95,  33.92,  33.94,  33.87,  33.89,  33.88,  33.84,  33.83,  33.83,  33.87,  33.85,  33.79,  33.82,  33.82,  33.82,  33.83,  33.82
20010925, 0600,  , HU, 15.9N, 105.3W, 125,  935, -999, -999, -999, -999, -999, -999, -999, -999, -999, -999, -999, -999, -999,  33.98,  34.01,  34.03,  34.04,  34.07,  34.12,  34.12,  33.99,  33.94,  33.89,  33.83,  33.89,    nan,  33.89,  33.87,  33.80,  33.77,  33.82,  33.86,  33.83,  33.91,  33.91,  33.95,  33.88,  33.90,  33.91,  33.93,  33.89,  33.91,  33.88,  33.88
20010925, 1200,  , HU, 16.2N, 106.2W, 125,  928, -999, -999, -999, -999, -999, -999, -999, -999, -999, -999, -999, -999, -999,  34.19,  34.26,  34.26,  34.25,  34.22,  34.21,  34.19,  34.12,  34.10,  34.07,  34.09,  34.06,    nan,  34.09,  34.19,  34.20,  34.09,  34.05,  34.09,  34.09,  34.05,  34.09,  34.05,  34.07,  34.06,  34.08,  34.07,  34.07,  34.06,  34.07,  34.07
20010925, 1800,  , HU, 16.4N, 107.2W, 125,  923, -999, -999, -999, -999, -999, -999, -999, -999, -999, -999, -999, -999, -999,  34.08,  34.08,  34.06,  34.05,  34.05,  34.05,  34.05,  34.05,  34.05,  34.05,  34.05,  34.06,    nan,  34.08,  34.09,  34.09,  34.02,  34.02,  34.02,  34.07,  34.03,  34.05,  34.08,  34.03,  33.94,  33.97,  33.97,  33.99,  33.99,  34.01,  34.02
20010926, 0000,  , HU, 16.8N, 107.9W, 125,  925, -999, -999, -999, -999, -999, -999, -999, -999, -999, -999, -999, -999, -999,  34.17,  34.11,  34.13,  34.14,  34.13,  34.13,  34.13,  34.16,  34.15,  34.16,  34.14,    nan,  34.21,  34.22,  34.21,  34.16,  34.09,  34.09,  33.98,  33.97,  34.05,  34.10,  34.07,  33.90,  33.89,  33.92,  33.95,  33.97,  33.98,  34.00,  34.01
20010926, 0600,  , HU, 17.5N, 108.6W, 115,  930, -999, -999, -999, -999, -999, -999, -999, -999, -999, -999, -999, -999, -999,  34.28,  34.25,  34.28,  34.26,  34.25,  34.23,  34.20,  34.19,  34.20,  34.20,  34.20,    nan,  34.18,  34.19,  34.18,  34.13,  34.01,  34.09,  34.15,  34.14,  34.12,  34.12,  34.13,  34.14,  34.14,  34.17,  34.20,  34.20,  34.20,  34.19,  34.17
20010926, 1200,  , HU, 18.2N, 109.1W, 105,  935, -999, -999, -999, -999, -999, -999, -999, -999, -999, -999, -999, -999, -999,  34.33,  34.34,  34.24,  34.23,  34.23,  34.23,  34.24,  34.25,  34.27,  34.26,  34.27,    nan,  34.25,  34.22,  34.27,  34.22,  34.20,  34.08,  34.10,  34.09,  34.10,  34.10,  34.09,  34.12,  34.12,  34.12,  34.13,  34.14,  34.14,  34.15,  34.17
20010926, 1800,  , HU, 18.8N, 109.8W, 100,  940, -999, -999, -999, -999, -999, -999, -999, -999, -999, -999, -999, -999, -999,  34.39,  34.40,  34.02,  34.06,  34.09,  34.16,  34.34,  34.35,  34.35,  34.37,  34.35,    nan,  34.31,  34.33,  34.31,  34.31,  34.14,  34.20,  34.20,  34.15,  34.19,  34.19,  34.19,  34.19,  34.19,  34.19,  34.19,  34.19,  34.20,  34.20,  34.21
20010927, 0000,  , HU, 19.4N, 110.3W,  95,  942, -999, -999, -999, -999, -999, -999, -999, -999, -999, -999, -999, -999, -999,  34.28,  34.23,  34.23,  34.30,  34.45,  34.45,  34.48,  34.51,  34.51,  34.48,    nan,  34.40,  34.40,  34.38,  34.35,  34.25,  34.20,  34.18,  34.17,  34.18,  34.18,  34.17,  34.19,  34.19,  34.18,  34.18,  34.18,  34.18,  34.17,  34.16,  34.17
20010927, 0600,  , HU, 20.1N, 110.5W,  90,  949, -999, -999, -999, -999, -999, -999, -999, -999, -999, -999, -999, -999, -999,  34.32,  34.25,  34.23,  34.25,  34.25,  34.28,  34.30,  34.33,  34.41,  34.48,    nan,  34.50,  34.49,  34.48,  34.46,  34.40,  34.17,  34.14,  34.08,  34.08,  34.14,  34.12,  34.12,  34.15,  34.13,  34.13,  34.13,  34.13,  34.18,  34.20,  34.22
20010927, 1200,  , HU, 20.7N, 110.8W,  85,  955, -999, -999, -999, -999, -999, -999, -999, -999, -999, -999, -999, -999, -999,  34.48,  34.42,  34.45,  34.44,  34.44,  34.44,  34.42,  34.42,  34.43,  34.41,    nan,  34.32,  34.31,  34.32,  34.34,  34.33,  34.10,  34.12,  34.13,  34.20,  34.23,  34.23,  34.26,  34.22,  34.16,  34.16,  34.17,  34.15,  34.15,  34.16,  34.18
20010927, 1800,  , HU, 21.4N, 110.7W,  80,  961, -999, -999, -999, -999, -999, -999, -999, -999, -999, -999, -999, -999, -999,  34.43,  34.37,  34.37,  34.41,  34.38,  34.36,  34.39,  34.42,  34.39,  34.39,    nan,  34.47,  34.46,  34.40,  34.37,  34.27,  34.23,  34.18,  34.18,  34.19,  34.18,  34.19,  34.20,  34.17,  34.15,  34.16,  34.17,  34.20,  34.21,  34.22,  34.23
20010928, 0000,  , HU, 22.3N, 110.7W,  80,  968, -999, -999, -999, -999, -999, -999, -999, -999, -999, -999, -999, -999, -999,  34.39,  34.35,  34.38,  34.39,  34.40,  34.39,  34.39,  34.38,  34.33,    nan,  34.32,  34.33,  34.40,  34.44,  34.45,  34.25,  34.21,  34.22,  34.22,  34.22,  34.23,  34.24,  34.24,  34.24,  34.25,  34.27,  34.29,  34.27,  34.26,  34.24,  34.22
20010928, 0600,  , HU, 22.8N, 111.0W,  75,  971, -999, -999, -999, -999, -999, -999, -999, -999, -999, -999, -999, -999, -999,  34.73,  34.58,  34.45,  34.38,  34.50,  34.70,  34.83,  34.80,  34.77,    nan,  34.37,  34.33,  34.34,  34.32,  34.34,  34.29,  34.24,  34.17,  34.08,  34.06,  34.20,  34.25,  34.26,  34.26,  34.29,  34.29,  34.28,  34.28,  34.27,  34.24,  34.21
20010928, 1200,  , HU, 23.0N, 111.1W,  70,  981, -999, -999, -999, -999, -999, -999, -999, -999, -999, -999, -999, -999, -999,  34.45,  34.44,  34.54,  34.54,  34.49,  34.44,  34.59,  34.73,  34.81,    nan,  34.75,  34.47,  34.31,  34.34,  34.33,  34.30,  34.25,  34.18,  34.12,  34.06,  34.02,  34.24,  34.27,  34.27,  34.27,  34.28,  34.29,  34.28,  34.28,  34.28,  34.28
20010928, 1800,  , TS, 23.2N, 111.1W,  60,  987, -999, -999, -999, -999, -999, -999, -999, -999, -999, -999, -999, -999, -999,  34.47,  34.38,  34.44,  34.51,  34.55,  34.51,  34.48,  34.66,  34.77,    nan,  34.79,  34.70,  34.32,  34.32,  34.35,  34.30,  34.24,  34.17,  34.11,  34.03,  34.02,  34.24,  34.27,  34.30,  34.31,  34.27,  34.27,  34.27,  34.26,  34.27,  34.28
20010929, 0000,  , TS, 23.4N, 111.2W,  60,  987, -999, -999, -999, -999, -999, -999, -999, -999, -999, -999, -999, -999, -999,  34.41,  34.38,  34.36,  34.39,  34.49,  34.51,  34.50,  34.61,    nan,  34.73,  34.78,  34.55,  34.33,  34.33,  34.31,  34.22,  34.16,  34.12,  34.11,  34.06,  34.13,  34.31,  34.29,  34.38,  34.31,  34.25,  34.25,  34.23,  34.24,  34.26,  34.28
20010929, 0600,  , HU, 23.6N, 111.3W,  65,  983, -999, -999, -999, -999, -999, -999, -999, -999, -999, -999, -999, -999, -999,  34.47,  34.40,  34.28,  34.20,  34.21,  34.25,  34.31,  34.38,    nan,  34.46,  34.49,  34.69,  34.61,  34.41,  34.30,  34.26,  34.21,  34.15,  34.14,  34.13,  34.09,  34.13,  34.32,  34.32,  34.34,  34.33,  34.24,  34.23,  34.23,  34.23,  34.24
20010929, 1200,  , HU, 23.8N, 111.5W,  65,  985, -999, -999, -999, -999, -999, -999, -999, -999, -999, -999, -999, -999, -999,  34.55,  34.51,  34.44,  34.35,  34.28,  34.23,  34.20,  34.20,    nan,  34.27,  34.32,  34.42,  34.51,  34.56,  34.39,  34.28,  34.28,  34.24,  34.23,  34.23,  34.19,  34.13,  34.13,  34.33,  34.34,  34.35,  34.25,  34.26,  34.23,  34.22,  34.24
20010929, 1800,  , TS, 24.0N, 111.7W,  45,  990, -999, -999, -999, -999, -999, -999, -999, -999, -999, -999, -999, -999, -999,  34.58,  34.59,  34.61,  34.63,  34.62,  34.58,  34.56,  34.53,    nan,  34.46,  34.64,  34.67,  34.65,  34.62,  34.58,  34.56,  34.32,  34.30,  34.32,  34.44,  34.53,  34.51,  34.51,  34.50,  34.26,  34.39,  34.39,  34.38,  34.33,  34.32,  34.30
20010930, 0000, L, TS, 25.0N, 112.0W,  35, 1000, -999, -999, -999, -999, -999, -999, -999, -999, -999, -999, -999, -999, -999,    nan,    nan,    nan,    nan,    nan,    nan,    nan,    nan,    nan,    nan,    nan,    nan,    nan,    nan,    nan,    nan,    nan,    nan,    nan,    nan,    nan,    nan,    nan,    nan,    nan,    nan,    nan,    nan,    nan,    nan,    nan
20010930, 0600,  , TD, 26.1N, 111.8W,  30, 1003, -999, -999, -999, -999, -999, -999, -999, -999, -999, -999, -999, -999, -999,    nan,    nan,    nan,    nan,    nan,    nan,    nan,    nan,    nan,    nan,    nan,    nan,    nan,    nan,    nan,    nan,    nan,    nan,    nan,    nan,    nan,    nan,    nan,    nan,    nan,    nan,    nan,    nan,    nan,    nan,    nan
20010930, 1200,  , TD, 27.1N, 111.8W,  30, 1005, -999, -999, -999, -999, -999, -999, -999, -999, -999, -999, -999, -999, -999,  34.92,  34.96,  35.01,  35.03,  35.03,  34.99,  34.93,    nan,  34.90,  34.91,  34.93,  34.92,  34.90,  34.90,  34.89,  34.91,  34.93,  35.06,  35.12,  35.14,  35.12,  35.11,  35.03,  34.94,  34.90,  34.92,  34.91,  34.92,  34.89,  34.87,  34.86
20010930, 1800,  , TD, 28.2N, 112.0W,  30, 1005, -999, -999, -999, -999, -999, -999, -999, -999, -999, -999, -999, -999, -999,  35.17,  35.16,  35.12,  35.07,  35.06,  35.08,  35.12,    nan,  35.18,  35.19,  35.22,  35.21,  35.23,  35.25,  35.26,  35.28,  35.03,  34.85,  34.86,  34.94,  35.12,  35.17,  35.13,  35.17,  35.15,  35.13,  35.13,  35.18,  35.22,  35.30,  35.21
20011001, 0000,  , TD, 28.7N, 112.2W,  25, 1005, -999, -999, -999, -999, -999, -999, -999, -999, -999, -999, -999, -999, -999,  35.27,  35.26,  35.25,  35.24,  35.24,  35.24,    nan,  35.27,  35.28,  35.28,  35.28,  35.28,  35.29,  35.30,  35.30,  35.32,  35.33,  35.26,  35.16,  35.19,  35.27,  35.29,  35.30,  35.30,  35.29,  35.28,  35.29,  35.33,  35.35,  35.37,  35.39
20011001, 0600,  , TD, 29.2N, 112.5W,  25, 1006, -999, -999, -999, -999, -999, -999, -999, -999, -999, -999, -999, -999, -999,  35.48,  35.48,  35.48,  35.47,  35.46,  35.47,    nan,  35.47,  35.49,  35.51,  35.51,  35.52,  35.52,  35.52,  35.53,  35.52,  35.48,  35.40,  35.37,  35.37,  35.38,  35.38,  35.40,  35.43,  35.46,  35.48,  35.50,  35.53,  35.56,  35.56,  35.58
20011001, 1200,  , TD, 29.7N, 112.7W,  25, 1006, -999, -999, -999, -999, -999, -999, -999, -999, -999, -999, -999, -999, -999,  35.46,  35.47,  35.47,  35.48,  35.48,  35.49,    nan,  35.49,  35.50,  35.51,  35.51,  35.51,  35.51,  35.51,  35.51,  35.52,  35.52,  35.53,  35.52,  35.51,  35.51,  35.53,  35.54,  35.54,  35.55,  35.55,  35.56,  35.57,  35.58,  35.58,  35.59
20011001, 1800,  , TD, 30.2N, 113.1W,  30, 1006, -999, -999, -999, -999, -999, -999, -999, -999, -999, -999, -999, -999, -999,  35.53,  35.53,  35.52,  35.50,  35.48,  35.48,    nan,  35.48,  35.49,  35.50,  35.52,  35.54,  35.56,  35.58,  35.60,  35.61,  35.59,  35.55,  35.52,  35.52,  35.53,  35.53,  35.53,  35.54,  35.55,  35.56,  35.58,  35.59,  35.60,  35.60,  35.61
20011002, 0000,  , TD, 30.4N, 113.3W,  30, 1006, -999, -999, -999, -999, -999, -999, -999, -999, -999, -999, -999, -999, -999,  35.55,  35.55,  35.55,  35.53,  35.51,    nan,  35.51,  35.52,  35.54,  35.55,  35.57,  35.56,  35.56,  35.58,  35.61,  35.59,  35.59,  35.57,  35.54,  35.55,  35.55,  35.57,  35.58,    nan,  35.59,  35.60,  35.60,  35.61,  35.61,  35.62,  35.62
20011002, 0600,  , TD, 30.6N, 113.6W,  30, 1006, -999, -999, -999, -999, -999, -999, -999, -999, -999, -999, -999, -999, -999,  35.57,  35.57,  35.56,  35.56,  35.55,    nan,  35.54,  35.55,  35.56,  35.57,  35.57,  35.57,  35.57,  35.57,  35.58,  35.55,  35.51,  35.57,  35.59,  35.59,  35.59,  35.59,  35.59,  35.60,  35.60,  35.60,  35.60,  35.61,  35.61,  35.61,  35.61
20011002, 1200,  , TD, 30.5N, 113.8W,  30, 1006, -999, -999, -999, -999, -999, -999, -999, -999, -999, -999, -999, -999, -999,  35.56,  35.57,  35.58,  35.57,  35.56,    nan,  35.55,  35.56,  35.57,  35.57,  35.58,  35.60,  35.62,  35.62,  35.61,  35.53,  35.45,  35.60,  35.59,  35.58,  35.59,  35.59,  35.59,  35.60,  35.60,  35.61,  35.61,  35.62,  35.61,  35.62,  35.62
20011002, 1800,  , TD, 30.4N, 114.4W,  30, 1007, -999, -999, -999, -999, -999, -999, -999, -999, -999, -999, -999, -999, -999,  35.58,  35.60,  35.61,  35.61,  35.62,    nan,  35.61,  35.59,  35.58,  35.57,  35.56,  35.57,  35.58,  35.58,  35.59,  35.58,  35.57,  35.59,  35.61,  35.62,  35.63,  35.63,  35.64,  35.64,  35.64,  35.64,  35.64,  35.66,  35.66,  35.66,  35.66
20011003, 0000,  , TD, 30.2N, 114.6W,  25, 1008, -999, -999, -999, -999, -999, -999, -999, -999, -999, -999, -999, -999, -999,  35.59,  35.60,  35.61,  35.62,    nan,  35.63,  35.64,  35.64,  35.64,  35.63,  35.62,  35.61,  35.60,  35.60,  35.59,  35.58,  35.60,  35.62,  35.63,  35.64,  35.64,  35.65,  35.66,  35.67,  35.68,  35.69,  35.72,  35.73,  35.74,  35.73,  35.73
