EP122012,               LANE,     20,
20120915, 1200,  , TD, 13.2N, 122.8W,  30, 1006,    0,    0,    0,    0,    0,    0,    0,    0,    0,    0,    0,    0, -999,  19.56,  21.98,  21.71,  21.50,  21.69,  22.67,  22.21,  22.36,  22.66,  23.13,  21.95,  23.05,  22.99,  21.86,  19.94,  19.68,  18.51,  18.50,  18.61,  17.61,  18.79,  16.95,  18.93,  17.42,  19.63,  19.31,  18.97,  17.92,  18.78,  18.05,  17.88
20120915, 1800,  , TS, 13.1N, 123.2W,  35, 1004,   50,   50,   30,   50,    0,    0,    0,    0,    0,    0,    0,    0, -999,  18.46,  19.17,  19.15,  19.94,  21.15,  22.51,  21.33,  21.80,  22.67,  23.32,  21.93,  23.96,  24.17,  23.36,  21.17,  23.16,  21.42,  20.37,  21.85,  19.41,  20.10,  17.64,  17.49,  16.09,  17.97,  17.71,  17.55,  16.32,  16.79,  19.01,  18.36
20120916, 0000,  , TS, 13.1N, 123.6W,  40, 1002,   50,   50,   30,   50,    0,    0,    0,    0,    0,    0,    0,    0, -999,  17.86,  17.25,  17.90,  18.87,  18.51,  19.10,  19.00,  21.13,  23.17,  22.55,  24.12,  23.32,  23.51,  22.13,  23.74,  22.08,  21.55,  22.67,  20.79,  23.49,  19.87,  20.80,  17.64,  17.99,  17.01,  15.83,  14.29,  14.58,  17.11,  16.35,  16.89
20120916, 0600,  , TS, 13.3N, 124.2W,  50, 1001,   50,   50,   30,   40,   30,   30,    0,   20,    0,    0,    0,    0, -999,  15.77,  15.37,  16.39,  15.93,  15.08,  15.98,  15.29,  15.45,  15.76,  15.84,  16.93,  16.33,  16.91,  15.94,  17.50,  16.13,  15.36,  16.62,  15.84,  16.80,  14.89,  15.82,  17.16,  17.41,  17.18,  15.31,  15.89,  16.80,  18.18,  16.86,  16.79
20120916, 1200,  , TS, 13.7N, 124.7W,  50, 1001,   50,   70,   30,   30,   30,   30,    0,    0,    0,    0,    0,    0, -999,  17.73,  17.71,  18.70,  18.80,  18.02,  18.43,  18.36,  17.83,  17.63,  17.57,  17.92,  17.95,  17.26,  17.26,  18.66,  17.89,  16.88,  17.24,  15.85,  18.65,  15.18,  15.73,  16.05,  16.17,  16.02,  14.71,  14.11,  17.04,  17.48,  17.52,  18.19
20120916, 1800,  , TS, 14.1N, 125.2W,  55,  997,   60,   70,   30,   30,   30,   30,    0,    0,    0,    0,    0,    0, -999,  17.62,  17.82,  17.57,  17.31,  17.24,  16.79,  17.66,  17.82,  18.18,  18.40,  17.83,  18.22,  18.52,  18.18,  19.02,  18.01,  17.47,  16.43,  16.99,  17.47,  16.87,  17.64,  16.93,  16.98,  16.22,  16.22,  15.89,  15.09,  15.81,  16.17,  16.23
20120917, 0000,  , TS, 14.7N, 125.6W,  60,  995,   70,   70,   30,   30,   30,   30,    0,    0,    0,    0,    0,    0, -999,  19.80,  19.47,  19.12,  18.61,  18.17,  18.20,  17.72,  17.71,  17.83,  17.46,  18.00,  18.36,  17.56,  17.84,  17.13,  17.07,  14.78,  17.00,  17.97,  17.68,  18.94,  18.82,  18.52,  18.85,  18.94,  19.25,  19.16,  19.87,  19.53,  19.22,  18.19
20120917, 0600,  , HU, 15.5N, 126.0W,  65,  993,   70,   70,   30,   30,   30,   30,    0,    0,   15,    0,    0,    0, -999,  21.92,  20.89,  21.31,  21.52,  21.04,  20.69,  20.35,  19.99,  20.12,  20.31,  19.32,  19.17,  19.25,  20.01,  20.03,  19.28,  15.38,  17.37,  17.90,  18.19,  18.82,  17.75,  17.38,  16.78,  16.55,  16.50,  15.06,  16.62,  17.59,  16.30,  17.74
20120917, 1200,  , HU, 16.4N, 126.4W,  65,  993,   70,   70,   30,   30,   30,   30,    0,   20,   15,   15,    0,   10, -999,  23.45,  24.11,  24.13,  24.34,  24.57,  24.17,  23.80,  23.78,  23.37,  22.94,  21.93,  22.49,  22.52,  23.26,  23.28,  23.16,  20.23,  21.40,  19.88,  20.59,  19.90,  19.35,  19.44,  19.05,  19.34,  19.54,  18.91,  19.97,  20.60,  20.91,  22.58
20120917, 1800,  , HU, 17.2N, 126.9W,  70,  988,   70,   70,   40,   40,   30,   30,   20,   20,   15,   15,   10,   10, -999,  25.07,  25.13,  24.76,  24.83,  23.91,  22.53,  21.81,  22.50,  23.12,  23.07,  22.81,  22.89,  22.96,  23.35,  23.15,  22.86,  20.92,  20.42,  19.92,  20.63,  19.63,  20.36,  20.46,  20.56,  21.23,  21.27,  21.52,  21.46,  21.61,  22.25,  22.61
20120918, 0000,  , HU, 18.0N, 127.4W,  75,  985,   70,   70,   40,   40,   30,   30,   20,   20,   15,   15,   10,   10, -999,  24.31,  24.48,  24.61,  24.62,  22.97,  23.32,  23.73,  24.16,  24.11,  24.18,  24.09,  24.08,  24.25,  23.53,  23.43,  22.71,  22.19,  23.25,  22.94,  22.36,  22.60,  21.86,  22.34,  22.38,  22.26,  22.05,  22.36,  22.72,  21.98,  22.45,  23.00
20120918, 0600,  , HU, 18.8N, 127.9W,  65,  989,   70,   70,   40,   40,   30,   30,   20,   20,   15,   15,    0,   10, -999,  21.50,  21.24,  21.45,  21.72,  21.39,  21.74,  21.96,  22.65,  22.43,  22.65,  22.52,  22.39,  22.34,  21.77,  20.90,  20.92,  19.35,  20.32,  19.98,  19.53,  19.79,  19.91,  19.40,  19.55,  19.91,  19.55,  19.95,  20.12,  20.07,  20.05,  20.72
20120918, 1200,  , TS, 19.6N, 128.4W,  55,  995,   60,   50,   30,   50,   30,   20,   20,   20,    0,    0,    0,    0, -999,  19.98,  19.81,  20.17,  20.35,  20.36,  20.36,  20.63,  21.83,  21.87,  21.84,  21.69,  21.52,  21.61,  21.29,  20.72,  20.70,  19.37,  20.39,  19.64,  19.36,  19.56,  19.89,  19.39,  19.57,  20.18,  20.15,  20.59,  20.75,  20.84,  21.07,  21.20
20120918, 1800,  , TS, 20.1N, 129.0W,  45,  999,   50,   40,   30,   40,    0,    0,    0,    0,    0,    0,    0,    0, -999,  19.94,  19.96,  19.94,  20.37,  20.61,  20.70,  20.52,  20.93,  21.19,  20.94,  21.14,  21.25,  21.17,  20.84,  20.68,  20.73,  20.45,  20.84,  20.47,  20.37,  20.66,  20.50,  19.97,  20.49,  21.03,  20.80,  20.85,  20.98,  20.80,  20.77,  21.04
20120919, 0000,  , TS, 20.5N, 129.7W,  40, 1005,   40,   30,   30,   30,    0,    0,    0,    0,    0,    0,    0,    0, -999,  20.60,  20.63,  20.91,  20.76,  20.62,  20.70,  20.83,  20.85,  21.04,  20.95,  20.89,  20.90,  20.82,  20.84,  20.71,  20.89,  20.42,  20.34,  20.62,  20.59,  20.07,  19.82,  20.34,  20.22,  20.10,  20.48,  20.71,  20.68,  20.69,  21.26,  21.18
20120919, 0600,  , LO, 20.7N, 130.5W,  30, 1009,    0,    0,    0,    0,    0,    0,    0,    0,    0,    0,    0,    0, -999,  20.52,  20.53,  20.55,  20.55,  20.73,  21.02,  20.82,  20.94,  21.20,  21.22,  21.13,  21.12,  21.40,  21.41,  21.48,  21.57,  20.91,  21.06,  21.25,  21.31,  21.20,  21.18,  21.53,  21.50,  21.11,  21.10,  21.35,  21.15,  20.76,  20.66,  20.90
20120919, 1200,  , LO, 20.8N, 131.0W,  30, 1010,    0,    0,    0,    0,    0,    0,    0,    0,    0,    0,    0,    0, -999,  20.91,  21.03,  21.27,  21.25,  21.27,  21.17,  21.17,  21.34,  21.41,  21.64,  21.44,  21.42,  22.16,  22.34,  22.41,  22.29,  20.99,  21.37,  21.07,  20.63,  20.57,  20.78,  20.76,  20.58,  20.74,  20.88,  20.91,  20.90,  20.86,  20.90,  20.89
20120919, 1800,  , LO, 20.9N, 131.5W,  30, 1011,    0,    0,    0,    0,    0,    0,    0,    0,    0,    0,    0,    0, -999,  20.36,  20.18,  20.46,  20.48,  20.60,  20.63,  20.63,  20.59,  20.66,  20.99,  21.00,  20.97,  21.74,  21.85,  22.35,  22.26,  20.89,  21.41,  21.19,  20.85,  21.00,  21.41,  21.32,  20.91,  21.19,  21.33,  21.31,  21.34,  21.35,  21.45,  21.47
20120920, 0000,  , LO, 21.0N, 132.2W,  30, 1012,    0,    0,    0,    0,    0,    0,    0,    0,    0,    0,    0,    0, -999,  20.94,  21.42,  21.41,  21.55,  21.51,  21.70,  21.77,  21.86,  21.87,  21.82,  21.95,  22.23,  22.14,  22.14,  22.00,  21.54,  21.56,  21.46,  21.41,  21.45,  21.39,  21.40,  21.35,  21.48,  21.47,  21.53,  21.43,  21.23,  21.12,  20.73,  20.07
20120920, 0600,  , LO, 21.0N, 133.0W,  25, 1013,    0,    0,    0,    0,    0,    0,    0,    0,    0,    0,    0,    0, -999,  20.85,  21.37,  21.49,  21.49,  21.59,  21.59,  21.41,  21.37,  21.60,  21.55,  21.41,  21.38,  21.42,  21.26,  21.14,  21.18,  21.18,  21.25,  21.32,  21.22,  20.78,  20.75,  20.22,  20.19,  20.14,  19.76,  20.26,  21.14,  20.90,  21.03,  21.00
