EP122000,               JOHN,     18,
20000828, 0600,  , TD, 14.9N, 137.4W,  30, 1007, -999, -999, -999, -999, -999, -999, -999, -999, -999, -999, -999, -999, -999,  25.70,  25.78,  25.89,  26.35,  26.73,  27.10,  27.36,  27.46,  27.25,  26.75,  26.33,  26.64,  26.25,  26.34,  26.41,  25.46,  25.44,  25.53,  25.55,  25.48,  25.51,  25.89,  25.80,  25.88,  25.80,  26.23,  26.31,  26.21,  26.35,  26.36,  26.61
20000828, 1200,  , TS, 15.1N, 137.8W,  35, 1005, -999, -999, -999, -999, -999, -999, -999, -999, -999, -999, -999, -999, -999,  25.90,  25.91,  26.02,  26.24,  26.54,  26.92,  26.95,  27.29,  27.33,  26.84,  26.92,  26.82,  26.58,  26.44,  26.28,  26.09,  25.85,  25.80,  25.93,  26.06,  25.99,  25.80,  25.96,  25.90,  26.04,  26.19,  26.43,  26.34,  26.23,  26.06,  26.18
20000828, 1800,  , TS, 15.4N, 138.2W,  45, 1003, -999, -999, -999, -999, -999, -999, -999, -999, -999, -999, -999, -999, -999,  25.34,  25.87,  25.76,  26.17,  26.16,  26.47,  26.36,  26.67,  26.63,  26.58,  26.65,  26.87,  26.66,  26.61,  26.65,  26.32,  25.98,  26.12,  25.97,  26.05,  26.14,  25.58,  25.64,  25.24,  25.76,  25.78,  26.43,  26.25,  26.17,  26.04,  26.34
20000829, 0000,  , TS, 15.7N, 138.5W,  55, 1001, -999, -999, -999, -999, -999, -999, -999, -999, -999, -999, -999, -999, -999,  25.28,  25.22,  25.36,  25.56,  25.89,  25.99,  26.15,  26.19,  26.18,  26.14,  26.18,  26.35,  26.44,  26.46,  26.40,  26.28,  25.94,  26.43,  26.29,  26.05,  26.00,  25.93,  25.08,  25.51,  25.23,  26.38,  25.70,  25.95,  25.86,  26.30,  26.16
20000829, 0600,  , TS, 16.1N, 138.9W,  55, 1000, -999, -999, -999, -999, -999, -999, -999, -999, -999, -999, -999, -999, -999,  25.28,  25.38,  25.39,  25.56,  25.47,  25.54,  25.69,  25.51,  25.16,  24.87,  25.06,  25.37,  25.67,  25.32,  25.26,  25.57,  25.50,  25.67,  25.64,  25.79,  26.34,  26.25,  25.51,  25.18,  25.94,  26.34,  26.51,  26.29,  25.94,  25.98,  25.92
20000829, 1200,  , TS, 16.6N, 139.2W,  55,  999, -999, -999, -999, -999, -999, -999, -999, -999, -999, -999, -999, -999, -999,  25.30,  25.37,  25.42,  25.49,  25.37,  25.32,  25.41,  25.31,  25.06,  24.71,  24.57,  24.74,  24.97,  25.11,  25.09,  25.41,  25.16,  25.08,  25.02,  25.03,  25.38,  25.41,  25.56,  25.59,  25.61,  26.13,  26.41,  26.18,  26.10,  25.99,  26.00
20000829, 1800,  , TS, 16.8N, 139.7W,  55,  998, -999, -999, -999, -999, -999, -999, -999, -999, -999, -999, -999, -999, -999,  25.83,  25.98,  26.09,  26.24,  26.42,  26.65,  26.61,  26.57,  26.24,  26.05,  26.16,  25.94,  25.81,  25.75,  25.29,  25.42,  25.19,  24.89,  24.65,  24.64,  24.59,  24.40,  24.63,  24.81,  24.80,  24.95,  25.36,  26.02,  26.18,  26.34,  26.30
20000830, 0000,  , TS, 16.9N, 140.1W,  55,  997, -999, -999, -999, -999, -999, -999, -999, -999, -999, -999, -999, -999, -999,  26.18,  25.84,  26.09,  26.15,  26.16,  26.21,  26.27,  26.29,  26.12,  26.22,  25.75,  25.63,  25.71,  25.70,  25.67,  25.06,  25.03,  24.64,  24.61,  24.56,  24.62,  24.74,  24.66,  24.64,  24.86,  25.17,  25.14,  25.15,  25.22,  25.48,  25.52
20000830, 0600,  , TS, 17.1N, 140.4W,  55,  996, -999, -999, -999, -999, -999, -999, -999, -999, -999, -999, -999, -999, -999,  25.49,  25.09,  25.50,  25.48,  25.55,  25.98,  26.13,  26.12,  25.93,  26.07,  25.78,  25.76,  25.85,  25.77,  25.58,  25.06,  24.85,  24.45,  24.49,  24.44,  24.75,  24.80,  24.66,  24.60,  24.77,  24.76,  24.69,  24.68,  24.80,  25.07,  25.21
20000830, 1200,  , TS, 17.2N, 140.5W,  55,  996, -999, -999, -999, -999, -999, -999, -999, -999, -999, -999, -999, -999, -999,  25.21,  24.90,  25.09,  25.03,  24.99,  25.30,  25.69,  25.97,  25.65,  25.88,  25.58,  25.48,  25.69,  25.02,  24.99,  24.85,  24.69,  24.49,  24.58,  24.44,  24.87,  24.87,  24.65,  24.55,  24.74,  24.76,  24.69,  24.66,  24.77,  25.06,  25.28
20000830, 1800,  , TS, 17.3N, 140.4W,  60,  994, -999, -999, -999, -999, -999, -999, -999, -999, -999, -999, -999, -999, -999,  25.21,  24.90,  25.09,  25.03,  24.99,  25.30,  25.69,  25.97,  25.65,  25.88,  25.58,  25.48,  25.69,  25.02,  24.99,  24.85,  24.69,  24.49,  24.58,  24.44,  24.87,  24.87,  24.65,  24.55,  24.74,  24.76,  24.69,  24.66,  24.77,  25.06,  25.28
20000831, 0000,  , TS, 17.4N, 140.3W,  55,  996, -999, -999, -999, -999, -999, -999, -999, -999, -999, -999, -999, -999, -999,  24.65,  24.91,  25.01,  25.04,  25.22,  25.22,  25.16,  24.82,  24.97,  24.76,  24.82,  24.96,  25.05,  25.05,  24.78,  24.91,  24.80,  24.66,  24.43,  24.49,  24.77,  24.57,  24.55,  24.70,  24.79,  24.74,  24.78,  25.21,  25.61,  25.68,  25.70
20000831, 0600,  , TS, 17.2N, 140.6W,  45,  999, -999, -999, -999, -999, -999, -999, -999, -999, -999, -999, -999, -999, -999,  24.86,  25.05,  24.94,  24.99,  25.45,  25.90,  26.02,  25.69,  25.91,  25.79,  25.77,  25.87,  25.29,  25.14,  24.86,  24.71,  24.45,  24.51,  24.41,  24.88,  24.90,  24.68,  24.62,  24.80,  24.78,  24.73,  24.69,  24.70,  24.74,  24.76,  24.88
20000831, 1200,  , TS, 17.0N, 141.2W,  35, 1004, -999, -999, -999, -999, -999, -999, -999, -999, -999, -999, -999, -999, -999,  25.79,  25.82,  25.82,  25.92,  26.09,  26.13,  26.14,  25.91,  25.98,  25.93,  25.85,  25.87,  25.93,  26.07,  26.11,  26.02,  25.19,  25.11,  24.82,  24.85,  25.54,  25.01,  25.19,  25.44,  25.06,  24.95,  24.91,  24.80,  24.71,  24.59,  24.53
20000831, 1800,  , TS, 17.1N, 141.7W,  35, 1006, -999, -999, -999, -999, -999, -999, -999, -999, -999, -999, -999, -999, -999,  25.67,  25.61,  25.60,  25.68,  25.89,  25.91,  25.99,  25.62,  25.54,  25.76,  25.75,  25.76,  25.84,  26.10,  26.14,  26.15,  25.98,  25.09,  24.98,  24.93,  25.70,  25.41,  25.30,  25.72,  25.97,  25.90,  25.86,  25.71,  25.55,  25.12,  25.02
20000901, 0000,  , TD, 17.3N, 141.9W,  30, 1006, -999, -999, -999, -999, -999, -999, -999, -999, -999, -999, -999, -999, -999,  25.54,  25.48,  25.59,  25.74,  25.73,  25.75,  25.37,  25.21,  25.52,  25.52,  25.41,  25.52,  25.68,  25.95,  25.94,  25.46,  24.99,  24.86,  24.96,  25.37,  25.07,  24.97,  25.59,  25.87,  25.91,  25.87,  25.72,  25.45,  25.04,  24.94,  24.91
20000901, 0600,  , TD, 17.4N, 141.9W,  30, 1008, -999, -999, -999, -999, -999, -999, -999, -999, -999, -999, -999, -999, -999,  25.53,  25.45,  25.56,  25.68,  25.68,  25.68,  25.25,  25.13,  25.44,  25.40,  25.40,  25.52,  25.57,  25.94,  25.58,  24.90,  24.75,  24.71,  24.89,  24.95,  24.86,  24.71,  25.20,  25.51,  25.58,  25.62,  25.49,  25.31,  25.05,  24.97,  24.99
20000901, 1200,  , TD, 17.5N, 141.9W,  25, 1008, -999, -999, -999, -999, -999, -999, -999, -999, -999, -999, -999, -999, -999,  25.53,  25.45,  25.56,  25.68,  25.68,  25.68,  25.25,  25.13,  25.44,  25.40,  25.40,  25.52,  25.57,  25.94,  25.58,  24.90,  24.75,  24.71,  24.89,  24.95,  24.86,  24.71,  25.20,  25.51,  25.58,  25.62,  25.49,  25.31,  25.05,  24.97,  24.99
