EP122002,             ISELLE,     22,
20020915, 0600,  , TD, 15.2N, 103.8W,  25, 1005, -999, -999, -999, -999, -999, -999, -999, -999, -999, -999, -999, -999, -999,  34.00,  33.99,  33.98,  33.98,  33.98,  33.97,  33.95,  33.93,  33.92,  33.83,  33.84,  33.84,  33.85,  33.86,  33.86,  33.88,  33.81,  33.83,  33.84,  33.84,  33.84,  33.85,  33.83,  33.84,  33.81,  33.81,  33.79,  33.76,  33.77,  33.77,  33.78
20020915, 1200,  , TD, 15.6N, 104.6W,  25, 1005, -999, -999, -999, -999, -999, -999, -999, -999, -999, -999, -999, -999, -999,  34.05,  34.01,  34.03,  33.97,  33.97,  33.97,  33.98,  33.98,  33.98,  33.97,  33.97,  33.98,  33.97,  33.92,  33.89,  33.89,  33.85,  33.83,  33.79,  33.81,  33.84,  33.89,  33.90,  33.87,  33.81,  33.85,  33.78,  33.88,  33.91,  33.93,  33.93
20020915, 1800,  , TD, 16.2N, 105.5W,  30, 1005, -999, -999, -999, -999, -999, -999, -999, -999, -999, -999, -999, -999, -999,  34.32,  34.28,  34.27,  34.26,  34.27,  34.25,  34.23,  34.25,  34.24,  34.23,  34.21,  34.16,  34.13,  34.03,  34.01,  34.08,  34.08,  34.08,  34.07,  34.06,  34.02,  34.00,  33.98,  33.97,  33.91,  33.87,  33.84,  33.83,  33.83,  33.84,  33.84
20020916, 0000,  , TS, 16.9N, 106.8W,  40, 1001, -999, -999, -999, -999, -999, -999, -999, -999, -999, -999, -999, -999, -999,  34.33,  34.32,  34.31,  34.30,  34.30,  34.27,  34.27,  34.28,  34.22,  34.22,  34.19,  34.16,  34.16,  34.16,  34.20,  34.25,  34.27,  34.27,  34.22,  34.20,  34.19,  34.15,  34.14,  34.14,  34.17,  34.21,  34.25,  34.24,  34.23,  34.22,  34.22
20020916, 0600,  , TS, 17.7N, 107.8W,  40, 1000, -999, -999, -999, -999, -999, -999, -999, -999, -999, -999, -999, -999, -999,  34.18,  34.21,  34.18,  34.18,  34.31,  34.29,  34.30,  34.31,  34.30,  34.31,  34.31,  34.29,  34.29,  34.24,  34.24,  34.23,  34.25,  34.24,  34.26,  34.25,  34.25,  34.26,  34.25,  34.24,  34.22,  34.19,  34.18,  34.17,  34.19,  34.20,  34.22
20020916, 1200,  , TS, 18.4N, 109.0W,  45,  998, -999, -999, -999, -999, -999, -999, -999, -999, -999, -999, -999, -999, -999,  34.18,  34.17,  34.18,  34.19,  34.21,  34.25,  34.23,  34.29,  34.28,  34.25,  34.28,  34.28,  34.26,  34.22,  34.22,  34.25,  34.23,  34.21,  34.22,  34.25,  34.26,  34.27,  34.27,  34.27,  34.27,  34.26,  34.27,  34.26,  34.25,  34.24,  34.20
20020916, 1800,  , TS, 19.2N, 110.4W,  45,  998, -999, -999, -999, -999, -999, -999, -999, -999, -999, -999, -999, -999, -999,  34.33,  34.23,  34.24,  34.23,  34.18,  34.13,  34.14,  34.17,  34.23,  34.26,  34.26,  34.27,  34.28,  34.30,  34.30,  34.30,  34.30,  34.31,  34.30,  34.29,  34.29,  34.30,  34.31,  34.32,  34.33,  34.36,  34.37,  34.36,  34.41,  34.43,  34.43
20020917, 0000,  , TS, 20.0N, 111.6W,  50,  996, -999, -999, -999, -999, -999, -999, -999, -999, -999, -999, -999, -999, -999,  34.48,  34.47,  34.46,  34.46,  34.44,  34.37,  34.34,  34.34,  34.34,  34.34,  34.34,  34.34,  34.34,  34.35,  34.35,  34.36,  34.35,  34.36,  34.35,  34.35,  34.35,  34.34,  34.33,  34.34,  34.33,  34.33,  34.33,  34.33,  34.34,  34.34,  34.35
20020917, 0600,  , TS, 20.5N, 112.5W,  55,  994, -999, -999, -999, -999, -999, -999, -999, -999, -999, -999, -999, -999, -999,  34.30,  34.25,  34.27,  34.33,  34.34,  34.31,  34.31,  34.33,  34.33,  34.33,  34.33,  34.32,  34.32,  34.33,  34.34,  34.34,  34.34,  34.36,  34.36,  34.36,  34.36,  34.36,  34.36,  34.36,  34.36,  34.36,  34.36,  34.37,  34.37,  34.37,  34.36
20020917, 1200,  , TS, 21.1N, 113.2W,  55,  994, -999, -999, -999, -999, -999, -999, -999, -999, -999, -999, -999, -999, -999,  34.37,  34.34,  34.35,  34.37,  34.36,  34.36,  34.36,  34.36,  34.36,  34.36,  34.35,  34.33,  34.33,  34.34,  34.34,  34.34,  34.34,  34.35,  34.38,  34.38,  34.37,  34.37,  34.37,  34.36,  34.35,  34.35,  34.35,  34.34,  34.34,  34.35,  34.36
20020917, 1800,  , TS, 21.6N, 114.0W,  60,  990, -999, -999, -999, -999, -999, -999, -999, -999, -999, -999, -999, -999, -999,  34.20,  34.31,  34.28,  34.26,  34.26,  34.25,  34.20,  34.19,  34.21,  34.20,  34.19,  34.22,  34.21,  34.18,  34.19,  34.21,  34.20,  34.07,  34.00,  33.98,  33.99,  34.02,  34.03,  34.02,  34.02,  34.03,  34.03,  34.06,  34.09,  34.09,  34.10
20020918, 0000,  , TS, 21.9N, 114.6W,  60,  990, -999, -999, -999, -999, -999, -999, -999, -999, -999, -999, -999, -999, -999,  34.27,  34.32,  34.32,  34.29,  34.26,  34.23,  34.19,  34.16,  34.14,  34.13,  34.16,  34.21,  34.24,  34.27,  34.28,  34.28,  34.28,  34.24,  34.23,  34.23,  34.22,  34.22,  34.22,  34.22,  34.22,  34.21,  34.19,  34.20,  34.21,  34.22,  34.21
20020918, 0600,  , TS, 22.1N, 114.3W,  45,  998, -999, -999, -999, -999, -999, -999, -999, -999, -999, -999, -999, -999, -999,  34.30,  34.32,  34.34,  34.34,  34.34,  34.33,  34.29,  34.23,  34.19,  34.17,  34.17,  34.18,  34.20,  34.23,  34.25,  34.26,  34.27,  34.25,  34.26,  34.26,  34.25,  34.24,  34.23,  34.23,  34.23,  34.23,  34.23,  34.23,  34.23,  34.23,  34.23
20020918, 1200,  , TS, 22.3N, 114.1W,  40, 1002, -999, -999, -999, -999, -999, -999, -999, -999, -999, -999, -999, -999, -999,  34.26,  34.26,  34.26,  34.26,  34.26,  34.26,  34.28,  34.29,  34.27,  34.23,  34.18,  34.16,  34.17,  34.16,  34.16,  34.16,  34.15,  34.14,  34.16,  34.19,  34.20,  34.20,  34.19,  34.15,  34.11,  34.08,  34.06,  34.10,  34.18,  34.16,  34.15
20020918, 1800,  , TS, 22.5N, 114.0W,  35, 1005, -999, -999, -999, -999, -999, -999, -999, -999, -999, -999, -999, -999, -999,  34.30,  34.29,  34.29,  34.27,  34.26,  34.26,  34.25,  34.26,  34.27,  34.28,  34.27,  34.25,  34.21,  34.18,  34.17,  34.16,  34.15,  34.14,  34.14,  34.14,  34.15,  34.16,  34.18,  34.21,  34.22,  34.20,  34.14,  34.13,  34.12,  34.12,  34.11
20020919, 0000,  , TS, 22.7N, 113.7W,  35, 1005, -999, -999, -999, -999, -999, -999, -999, -999, -999, -999, -999, -999, -999,  34.28,  34.28,  34.27,  34.26,  34.26,  34.26,  34.25,  34.24,  34.23,  34.22,  34.22,  34.20,  34.17,  34.15,  34.15,  34.14,  34.13,  34.12,  34.11,  34.10,  34.11,  34.11,  34.13,  34.16,  34.17,  34.15,  34.09,  34.09,  34.09,  34.08,  34.09
20020919, 0600,  , TS, 23.0N, 113.3W,  35, 1005, -999, -999, -999, -999, -999, -999, -999, -999, -999, -999, -999, -999, -999,  34.27,  34.28,  34.25,  34.25,  34.25,  34.23,  34.22,  34.22,  34.22,  34.22,  34.22,  34.23,  34.22,  34.22,  34.20,  34.18,  34.15,  34.15,  34.18,  34.20,  34.22,  34.22,  34.19,  34.17,  34.13,  34.06,  34.05,  34.08,  34.10,  34.09,  34.10
20020919, 1200,  , TS, 23.5N, 112.9W,  35, 1004, -999, -999, -999, -999, -999, -999, -999, -999, -999, -999, -999, -999, -999,  34.34,  34.34,  34.33,  34.32,  34.32,  34.31,  34.31,  34.29,  34.29,  34.28,  34.27,  34.27,  34.25,  34.25,  34.25,  34.25,  34.23,  34.25,  34.25,  34.23,  34.23,  34.21,  34.19,  34.21,  34.22,  34.25,  34.29,  34.31,  34.31,  34.30,  34.23
20020919, 1800,  , TD, 23.8N, 112.5W,  30, 1005, -999, -999, -999, -999, -999, -999, -999, -999, -999, -999, -999, -999, -999,  34.03,  34.00,  33.96,  33.94,  33.93,  33.95,  34.00,  34.02,  34.08,  34.12,  34.15,  34.24,  34.29,  34.33,  34.32,  34.30,  34.31,  34.30,  34.32,  34.33,  34.34,  34.35,  34.36,  34.35,  34.34,  34.33,  34.33,  34.34,  34.34,  34.36,  34.39
20020920, 0000,  , TD, 24.1N, 112.6W,  25, 1003, -999, -999, -999, -999, -999, -999, -999, -999, -999, -999, -999, -999, -999,  34.28,  34.33,  34.59,  34.78,  34.79,  34.79,  34.77,  34.75,  34.73,  34.72,  34.69,  34.53,  34.36,  34.11,  34.02,  34.17,  34.23,  34.25,  34.25,  34.26,  34.28,  34.31,  34.33,  34.34,  34.33,  34.33,  34.32,  34.34,  34.38,  34.38,  34.39
20020920, 0600,  , LO, 24.5N, 112.8W,  25, 1005, -999, -999, -999, -999, -999, -999, -999, -999, -999, -999, -999, -999, -999,  33.94,  33.94,  34.00,  34.22,  34.51,  34.70,  34.82,  34.78,  34.74,  34.76,  34.73,  34.69,  34.66,  34.56,  34.45,  34.41,  34.30,  34.20,  34.16,  34.19,  34.22,  34.24,  34.27,  34.29,  34.33,  34.34,  34.34,  34.34,  34.34,  34.36,  34.40
20020920, 1200,  , LO, 24.9N, 113.0W,  20, 1006, -999, -999, -999, -999, -999, -999, -999, -999, -999, -999, -999, -999, -999,  33.90,  33.88,  33.90,  33.94,  34.12,  34.32,  34.55,  34.75,  34.80,  34.74,  34.69,  34.70,  34.72,  34.69,  34.70,  34.72,  34.67,  34.54,  34.49,  34.47,  34.46,  34.49,  34.48,  34.50,  34.51,  34.53,  34.48,  34.37,  34.34,  34.33,  34.33
