EP122016,                KAY,     38,
20160817, 0000,  , LO, 12.4N, 106.5W,  25, 1008,    0,    0,    0,    0,    0,    0,    0,    0,    0,    0,    0,    0, -999,  34.27,  34.42,  34.66,  34.62,  34.78,  35.00,  34.93,  35.36,  35.04,  34.91,  34.85,  34.65,  34.57,  34.51,  34.50,  34.52,  34.41,  34.51,  34.62,  34.61,  34.61,  34.62,  34.53,  34.51,  34.43,  34.68,  34.74,  34.78,  34.84,  34.69,  34.30
20160817, 0600,  , LO, 13.1N, 106.9W,  25, 1007,    0,    0,    0,    0,    0,    0,    0,    0,    0,    0,    0,    0, -999,  34.62,  34.96,  34.92,  34.91,  34.22,  34.02,  34.19,  34.70,  34.51,  34.21,  34.19,  34.16,  33.95,  34.03,  34.13,  34.26,  34.21,  34.35,  34.44,  34.44,  34.46,  34.65,  34.57,  34.54,  34.38,  34.45,  34.29,  34.20,  34.20,  34.14,  34.06
20160817, 1200,  , LO, 13.8N, 107.3W,  25, 1007,    0,    0,    0,    0,    0,    0,    0,    0,    0,    0,    0,    0, -999,  34.41,  34.50,  34.85,  35.21,  35.41,  35.30,  35.36,  35.25,  35.15,  35.02,  35.13,  34.90,  34.58,  34.28,  34.13,  34.03,  34.07,  34.17,  34.27,  34.34,  34.26,  34.38,  34.42,  34.51,  34.38,  34.09,  34.17,  34.41,  34.44,  34.35,  34.28
20160817, 1800,  , LO, 14.6N, 107.8W,  25, 1007,    0,    0,    0,    0,    0,    0,    0,    0,    0,    0,    0,    0, -999,  33.97,  33.88,  34.03,  33.98,  33.88,  33.82,  34.31,  34.36,  34.30,  34.70,  34.90,  34.88,  34.77,  34.70,  34.59,  34.67,  34.64,  34.65,  34.65,  34.51,  34.74,  34.71,  34.73,  34.71,  34.52,  34.40,  34.41,  34.71,  34.64,  34.51,  34.56
20160818, 0000,  , LO, 15.4N, 108.3W,  25, 1006,    0,    0,    0,    0,    0,    0,    0,    0,    0,    0,    0,    0, -999,  34.11,  34.06,  33.91,  33.71,  33.62,  34.09,  34.23,  34.34,  34.66,  35.07,  34.99,  34.84,  34.77,  34.70,  34.70,  34.70,  34.74,  34.69,  34.60,  34.76,  34.89,  34.85,  34.88,  34.51,  34.38,  34.41,  33.93,  33.80,  33.96,  33.87,  33.86
20160818, 0600,  , LO, 16.2N, 108.8W,  25, 1006,    0,    0,    0,    0,    0,    0,    0,    0,    0,    0,    0,    0, -999,  34.47,  34.66,  34.57,  34.10,  33.83,  34.26,  34.20,  34.25,  34.29,  34.34,  34.35,  34.26,  34.24,  34.23,  34.21,  34.27,  34.42,  34.48,  34.44,  34.53,  34.50,  34.45,  34.44,  34.30,  34.44,  34.58,  34.59,  34.66,  34.61,  34.70,  34.72
20160818, 1200,  , TD, 16.9N, 109.2W,  30, 1005,    0,    0,    0,    0,    0,    0,    0,    0,    0,    0,    0,    0, -999,  34.34,  34.22,  34.14,  33.82,  33.90,  34.05,  34.11,  34.22,  34.30,  33.96,  33.84,  33.78,  33.85,  33.98,  34.08,  34.39,  34.66,  34.80,  34.84,  34.71,  34.51,  34.51,  34.52,  34.82,  34.72,  34.49,  34.25,  34.24,  34.26,  34.24,  34.23
20160818, 1800,  , TD, 17.4N, 109.7W,  30, 1005,    0,    0,    0,    0,    0,    0,    0,    0,    0,    0,    0,    0, -999,  34.20,  34.11,  34.16,  34.08,  34.13,  34.30,  34.39,  34.35,  34.35,  34.44,  34.31,  34.41,  34.39,  34.63,  34.66,  34.82,  34.87,  34.85,  34.86,  34.80,  34.76,  34.72,  34.83,  34.78,  34.64,  34.81,  34.55,  34.58,  34.53,  34.52,  34.56
20160819, 0000,  , TD, 17.7N, 110.1W,  30, 1005,    0,    0,    0,    0,    0,    0,    0,    0,    0,    0,    0,    0, -999,  34.20,  34.22,  34.17,  34.17,  34.40,  34.43,  34.45,  34.52,  34.62,  34.79,  34.93,  34.97,  35.22,  35.07,  34.98,  34.94,  34.85,  34.76,  34.65,  34.48,  34.43,  34.38,  34.25,  34.21,  34.19,  34.20,  34.12,  34.17,  34.15,  34.13,  34.23
20160819, 0600,  , TS, 18.0N, 110.6W,  35, 1004,    0,   70,    0,    0,    0,    0,    0,    0,    0,    0,    0,    0, -999,  34.26,  34.48,  34.45,  34.44,  34.67,  34.74,  34.73,  34.71,  34.70,  34.61,  34.51,  34.62,  34.55,  34.42,  34.34,  34.38,  34.41,  34.40,  34.34,  34.33,  34.37,  34.28,  34.26,  34.33,  34.40,  34.30,  34.44,  34.48,  34.51,  34.55,  34.72
20160819, 1200,  , TS, 18.3N, 111.1W,  35, 1004,    0,   70,    0,    0,    0,    0,    0,    0,    0,    0,    0,    0, -999,  34.35,  34.49,  34.53,  34.49,  34.53,  34.58,  34.69,  34.59,  34.50,  34.34,  34.12,  34.17,  34.21,  34.21,  34.22,  34.22,  34.25,  34.26,  34.23,  34.30,  34.33,  34.32,  34.53,  34.50,  34.50,  34.41,  34.50,  34.49,  34.37,  34.33,  34.50
20160819, 1800,  , TS, 18.6N, 111.5W,  35, 1004,    0,   70,   50,   40,    0,    0,    0,    0,    0,    0,    0,    0, -999,  34.20,  34.55,  34.48,  34.42,  34.41,  34.23,  34.20,  34.09,  34.13,  34.11,  34.09,  34.12,  34.13,  34.16,  34.19,  34.23,  34.25,  34.26,  34.27,  34.27,  34.27,  34.28,  34.30,  34.29,  34.34,  34.33,  34.31,  34.31,  34.32,  34.31,  34.32
20160820, 0000,  , TS, 19.1N, 111.8W,  40, 1003,    0,    0,   50,   40,    0,    0,    0,    0,    0,    0,    0,    0, -999,  34.30,  34.23,  34.21,  34.23,  34.23,  34.24,  34.17,  34.19,  34.19,  34.22,  34.23,  34.27,  34.28,  34.28,  34.28,  34.28,  34.29,  34.28,  34.28,  34.29,  34.29,  34.29,  34.31,  34.32,  34.32,  34.31,  34.31,  34.31,  34.31,  34.31,  34.30
20160820, 0600,  , TS, 19.5N, 112.1W,  40, 1003,    0,    0,   50,   40,    0,    0,    0,    0,    0,    0,    0,    0, -999,  34.22,  34.23,  34.25,  34.25,  34.26,  34.27,  34.27,  34.27,  34.27,  34.28,  34.28,  34.28,  34.29,  34.28,  34.27,  34.26,  34.27,  34.27,  34.27,  34.27,  34.28,  34.29,  34.30,  34.31,  34.32,  34.32,  34.31,  34.31,  34.31,  34.31,  34.31
20160820, 1200,  , TS, 19.8N, 112.4W,  45, 1002,    0,    0,   50,   40,    0,    0,    0,    0,    0,    0,    0,    0, -999,  34.20,  34.22,  34.22,  34.23,  34.24,  34.23,  34.22,  34.22,  34.23,  34.21,  34.20,  34.22,  34.22,  34.22,  34.22,  34.23,  34.25,  34.27,  34.25,  34.25,  34.25,  34.24,  34.28,  34.30,  34.29,  34.30,  34.30,  34.29,  34.29,  34.28,  34.28
20160820, 1800,  , TS, 20.1N, 112.7W,  40, 1003,    0,    0,   40,   40,    0,    0,    0,    0,    0,    0,    0,    0, -999,  34.20,  34.20,  34.20,  34.21,  34.20,  34.20,  34.17,  34.08,  34.14,  34.19,  34.21,  34.21,  34.20,  34.19,  34.18,  34.18,  34.18,  34.19,  34.18,  34.19,  34.22,  34.28,  34.32,  34.32,  34.31,  34.30,  34.29,  34.27,  34.27,  34.26,  34.25
20160821, 0000,  , TS, 20.4N, 113.1W,  40, 1003,    0,    0,   40,   40,    0,    0,    0,    0,    0,    0,    0,    0, -999,  34.16,  34.13,  34.13,  34.16,  34.18,  34.20,  34.19,  34.17,  34.16,  34.13,  34.13,  34.11,  34.11,  34.12,  34.11,  34.12,  34.13,  34.14,  34.15,  34.16,  34.16,  34.18,  34.19,  34.20,  34.20,  34.20,  34.20,  34.20,  34.20,  34.21,  34.22
20160821, 0600,  , TS, 20.7N, 113.7W,  35, 1005,   50,   40,   30,   40,    0,    0,    0,    0,    0,    0,    0,    0, -999,  34.16,  34.16,  34.16,  34.15,  34.12,  34.09,  34.09,  34.08,  34.07,  34.06,  34.06,  34.07,  34.07,  34.07,  34.05,  34.05,  34.06,  34.06,  34.07,  34.07,  34.08,  34.08,  34.08,  34.08,  34.08,  34.07,  34.08,  34.09,  34.09,  34.09,  34.09
20160821, 1200,  , TS, 21.0N, 114.4W,  40, 1002,   50,   40,   30,   40,    0,    0,    0,    0,    0,    0,    0,    0, -999,  34.09,  34.10,  34.08,  34.09,  34.08,  34.05,  34.03,  34.03,  34.00,  33.99,  34.00,  34.02,  34.02,  34.05,  34.08,  34.12,  34.16,  34.19,  34.21,  34.22,  34.22,  34.21,  34.20,  34.20,  34.18,  34.18,  34.18,  34.16,  34.15,  34.13,  34.13
20160821, 1800,  , TS, 21.3N, 115.0W,  45, 1000,   50,   30,   30,   40,    0,    0,    0,    0,    0,    0,    0,    0, -999,  34.15,  34.14,  34.14,  34.05,  34.07,  34.04,  34.03,  34.01,  34.01,  34.03,  34.02,  34.02,  34.03,  34.12,  34.15,  34.16,  34.18,  34.15,  34.12,  34.07,  34.01,  33.99,  33.99,  33.98,  33.99,  33.99,  34.00,  34.01,  34.01,  34.02,  34.03
20160822, 0000,  , TS, 21.6N, 115.6W,  45, 1000,   40,   30,   30,   40,    0,    0,    0,    0,    0,    0,    0,    0, -999,  34.09,  34.11,  34.01,  34.01,  34.01,  34.01,  34.01,  33.96,  33.98,  34.02,  33.97,  34.00,  34.19,  34.16,  34.15,  34.14,  34.06,  33.97,  34.01,  34.01,  34.07,  34.10,  34.10,  34.19,  34.19,  34.15,  34.12,  34.12,  34.10,  34.07,  34.05
20160822, 0600,  , TS, 21.8N, 116.2W,  45, 1001,   40,   30,   30,   40,    0,    0,    0,    0,    0,    0,    0,    0, -999,  34.09,  34.08,  34.10,  34.14,  34.17,  34.17,  34.17,  34.16,  34.15,  34.13,  34.15,  34.13,  34.10,  34.09,  34.13,  34.05,  34.00,  33.96,  33.94,  33.97,  33.99,  34.03,  34.06,  34.08,  34.06,  34.05,  34.03,  34.03,  34.02,  33.99,  33.96
20160822, 1200,  , TS, 21.9N, 116.8W,  45, 1001,   40,   30,   30,   40,    0,    0,    0,    0,    0,    0,    0,    0, -999,  34.06,  34.05,  34.08,  34.09,  34.12,  34.12,  34.12,  34.12,  34.11,  34.10,  34.09,  34.06,  34.05,  34.03,  34.04,  34.03,  34.02,  33.95,  33.95,  34.00,  34.00,  33.98,  33.95,  33.88,  33.84,  33.83,  33.84,  33.84,  33.86,  33.87,  33.86
20160822, 1800,  , TS, 21.9N, 117.5W,  40, 1003,   30,   30,   30,   30,    0,    0,    0,    0,    0,    0,    0,    0, -999,  34.00,  33.98,  34.10,  34.17,  34.27,  34.33,  34.35,  34.32,  34.24,  34.20,  34.15,  34.13,  34.14,  34.06,  34.15,  34.16,  34.12,  34.08,  33.93,  33.84,  33.85,  33.83,  33.80,  33.75,  33.75,  33.77,  33.78,  33.77,  33.81,  33.85,  33.87
20160823, 0000,  , TS, 21.9N, 118.2W,  35, 1004,   30,   30,   30,   30,    0,    0,    0,    0,    0,    0,    0,    0, -999,  34.15,  34.31,  34.34,  34.21,  34.14,  34.10,  34.10,  34.11,  34.22,  34.20,  34.15,  34.30,  34.31,  34.31,  34.32,  34.28,  34.21,  34.16,  34.12,  34.11,  34.06,  34.00,  33.93,  33.87,  33.84,  33.89,  33.93,  33.96,  33.95,  33.87,  33.85
20160823, 0600,  , TD, 22.1N, 119.0W,  30, 1006,    0,    0,    0,    0,    0,    0,    0,    0,    0,    0,    0,    0, -999,  34.03,  34.07,  34.06,  33.95,  33.95,  33.92,  33.91,  33.90,  34.19,  34.17,  34.12,  34.17,  34.18,  34.18,  34.18,  34.16,  34.11,  34.07,  34.11,  34.11,  34.10,  34.11,  33.72,  33.73,  33.67,  33.71,  33.87,  33.92,  33.94,  33.92,  33.94
20160823, 1200,  , LO, 22.6N, 119.8W,  30, 1008,    0,    0,    0,    0,    0,    0,    0,    0,    0,    0,    0,    0, -999,  34.04,  33.98,  33.98,  33.94,  33.91,  33.89,  33.94,  33.95,  34.00,  34.04,  33.99,  34.07,  34.06,  34.03,  34.09,  34.03,  33.98,  34.00,  34.12,  34.05,  34.01,  33.98,  33.73,  33.79,  33.75,  33.77,  34.07,  34.16,  34.11,  34.16,  34.20
20160823, 1800,  , LO, 23.2N, 120.6W,  30, 1009,    0,    0,    0,    0,    0,    0,    0,    0,    0,    0,    0,    0, -999,  34.03,  34.03,  34.00,  34.08,  34.06,  34.09,  34.08,  34.08,  34.07,  34.08,  34.12,  34.14,  34.15,  34.15,  34.16,  34.15,  34.14,  34.11,  34.13,  34.03,  34.01,  33.98,  33.96,  34.10,  34.02,  33.91,  33.86,  33.99,  34.00,  34.07,  33.95
20160824, 0000,  , LO, 23.5N, 121.5W,  25, 1010,    0,    0,    0,    0,    0,    0,    0,    0,    0,    0,    0,    0, -999,  34.28,  34.20,  34.13,  34.10,  34.19,  34.17,  34.15,  34.13,  34.10,  34.08,  34.08,  34.06,  34.03,  34.02,  34.02,  33.98,  33.94,  33.96,  33.97,  33.98,  34.01,  34.05,  34.07,  34.09,  34.10,  34.12,  34.12,  34.15,  34.14,  34.11,  34.12
20160824, 0600,  , LO, 23.7N, 122.5W,  25, 1010,    0,    0,    0,    0,    0,    0,    0,    0,    0,    0,    0,    0, -999,  34.20,  34.16,  34.16,  34.14,  34.15,  34.13,  34.11,  34.08,  34.06,  34.09,  34.10,  34.00,  33.97,  33.94,  33.92,  33.89,  33.88,  33.91,  33.92,  33.94,  33.96,  33.97,  33.95,  33.89,  33.95,  33.92,  33.95,  33.99,  34.05,  34.11,  34.19
20160824, 1200,  , LO, 23.8N, 123.5W,  25, 1011,    0,    0,    0,    0,    0,    0,    0,    0,    0,    0,    0,    0, -999,  34.20,  34.23,  34.23,  34.25,  34.27,  34.27,  34.27,  34.28,  34.27,  34.26,  34.26,  34.17,  34.14,  34.13,  34.11,  34.09,  34.06,  34.11,  34.10,  34.06,  34.04,  34.03,  34.05,  34.01,  34.04,  34.08,  34.05,  34.03,  34.01,  33.97,  33.93
20160824, 1800,  , LO, 23.9N, 124.5W,  25, 1012,    0,    0,    0,    0,    0,    0,    0,    0,    0,    0,    0,    0, -999,  34.17,  34.16,  34.14,  34.12,  34.03,  34.00,  34.34,  34.27,  34.22,  34.16,  34.23,  34.21,  34.25,  34.34,  34.35,  34.31,  34.30,  34.35,  34.33,  34.34,  34.37,  34.39,  34.41,  34.43,  34.41,  34.35,  34.29,  34.22,  34.13,  34.08,  34.06
20160825, 0000,  , LO, 23.9N, 125.5W,  20, 1012,    0,    0,    0,    0,    0,    0,    0,    0,    0,    0,    0,    0, -999,  33.99,  33.99,  33.99,  34.08,  34.12,  34.13,  34.15,  34.15,  34.15,  34.47,  34.51,  34.76,  34.66,  34.61,  34.58,  34.56,  34.54,  34.52,  34.52,  34.56,  34.55,  34.58,  34.52,  34.59,  34.69,  34.77,  34.80,  34.62,  34.46,  34.31,  34.32
20160825, 0600,  , LO, 23.8N, 126.6W,  20, 1013,    0,    0,    0,    0,    0,    0,    0,    0,    0,    0,    0,    0, -999,  34.64,  34.62,  34.71,  34.70,  34.67,  34.55,  34.48,  34.58,  34.69,  34.70,  34.69,  34.74,  34.86,  34.98,  34.96,  34.94,  34.83,  34.85,  34.88,  34.87,  34.86,  34.85,  34.84,  34.82,  34.72,  34.71,  34.76,  34.79,  34.81,  34.83,  34.85
20160825, 1200,  , LO, 23.8N, 127.7W,  20, 1013,    0,    0,    0,    0,    0,    0,    0,    0,    0,    0,    0,    0, -999,  34.27,  34.28,  34.35,  34.34,  34.34,  34.38,  34.44,  34.50,  34.53,  34.55,  34.57,  34.52,  34.49,  34.41,  34.46,  34.45,  34.51,  34.43,  34.43,  34.37,  34.35,  34.36,  34.35,  34.32,  34.54,  34.57,  34.58,  34.61,  34.63,  34.61,  34.61
20160825, 1800,  , LO, 23.7N, 128.7W,  20, 1014,    0,    0,    0,    0,    0,    0,    0,    0,    0,    0,    0,    0, -999,  34.43,  34.29,  34.28,  34.22,  34.28,  34.27,  34.26,  34.32,  34.36,  34.41,  34.51,  34.57,  34.64,  34.72,  34.87,  35.01,  35.06,  34.91,  34.94,  34.82,  34.78,  34.77,  34.78,  34.79,  35.14,  34.93,  34.75,  34.62,  34.58,  34.49,  34.44
20160826, 0000,  , LO, 23.6N, 129.7W,  20, 1014,    0,    0,    0,    0,    0,    0,    0,    0,    0,    0,    0,    0, -999,  34.74,  34.75,  34.75,  34.74,  34.70,  34.72,  34.74,  34.72,  34.71,  34.75,  34.77,  34.80,  34.84,  34.88,  34.94,  34.92,  34.87,  34.88,  35.00,  35.04,  34.91,  34.84,  34.77,  34.98,  35.09,  35.02,  35.06,  35.30,  35.25,  35.11,  35.08
20160826, 0600,  , LO, 23.5N, 130.7W,  20, 1014,    0,    0,    0,    0,    0,    0,    0,    0,    0,    0,    0,    0, -999,  34.59,  34.61,  34.69,  34.76,  34.79,  34.81,  34.81,  34.81,  34.80,  34.81,  34.82,  34.83,  34.85,  34.86,  34.86,  34.86,  34.81,  34.78,  34.76,  34.73,  34.77,  34.76,  34.80,  34.80,  34.73,  34.68,  34.65,  34.64,  34.64,  34.66,  34.70
