EP132020,             HERNAN,     15,
20200825, 0600,  , LO, 16.1N, 107.6W,  25, 1006,    0,    0,    0,    0,    0,    0,    0,    0,    0,    0,    0,    0, -999,  34.55,  34.58,  34.59,  34.61,  34.61,  34.61,  34.61,  34.60,  34.60,  34.64,  34.54,  34.63,  34.60,  34.62,  34.66,  34.60,  34.67,  34.71,  34.68,  34.73,  34.65,  34.75,  34.73,  34.66,  34.69,  34.64,  34.66,  34.63,  34.63,  34.62,  34.59
20200825, 1200,  , LO, 16.3N, 107.5W,  25, 1006,    0,    0,    0,    0,    0,    0,    0,    0,    0,    0,    0,    0, -999,  34.56,  34.58,  34.58,  34.62,  34.60,  34.59,  34.61,  34.58,  34.59,  34.64,  34.52,  34.63,  34.60,  34.62,  34.66,  34.56,  34.63,  34.67,  34.65,  34.71,  34.62,  34.72,  34.71,  34.62,  34.66,  34.61,  34.64,  34.63,  34.64,  34.62,  34.60
20200825, 1800,  , LO, 16.5N, 107.4W,  30, 1006,    0,    0,    0,    0,    0,    0,    0,    0,    0,    0,    0,    0, -999,  34.57,  34.58,  34.58,  34.62,  34.61,  34.59,  34.63,  34.59,  34.59,  34.69,  34.53,  34.67,  34.63,  34.60,  34.68,  34.63,  34.63,  34.66,  34.58,  34.64,  34.58,  34.66,  34.68,  34.58,  34.59,  34.58,  34.59,  34.60,  34.62,  34.60,  34.56
20200826, 0000,  , LO, 16.8N, 107.2W,  30, 1006,    0,    0,    0,    0,    0,    0,    0,    0,    0,    0,    0,    0, -999,  34.58,  34.59,  34.62,  34.63,  34.60,  34.62,  34.63,  34.60,  34.69,  34.54,  34.65,  34.63,  34.55,  34.66,  34.61,  34.54,  34.67,  34.53,  34.66,  34.57,  34.57,  34.66,  34.53,  34.51,  34.53,  34.52,  34.51,  34.57,  34.59,  34.53,  34.59
20200826, 0600,  , TS, 17.2N, 106.8W,  35, 1005,    0,   40,   70,    0,    0,    0,    0,    0,    0,    0,    0,    0, -999,  34.57,  34.58,  34.60,  34.65,  34.64,  34.64,  34.65,  34.63,  34.62,  34.55,  34.62,  34.62,  34.65,  34.64,  34.69,  34.63,  34.66,  34.56,  34.60,  34.62,  34.57,  34.62,  34.56,  34.55,  34.62,  34.55,  34.51,  34.62,  34.60,  34.58,  34.64
20200826, 1200,  , TS, 17.2N, 106.3W,  35, 1005,    0,   50,   70,    0,    0,    0,    0,    0,    0,    0,    0,    0, -999,  34.60,  34.61,  34.61,  34.64,  34.66,  34.64,  34.64,  34.59,  34.55,  34.53,  34.58,  34.65,  34.68,  34.67,  34.69,  34.67,  34.67,  34.64,  34.66,  34.68,  34.73,  34.73,  34.65,  34.66,  34.65,  34.59,  34.53,  34.62,  34.57,  34.54,  34.60
20200826, 1800,  , TS, 17.6N, 105.8W,  35, 1004,    0,   70,   90,    0,    0,    0,    0,    0,    0,    0,    0,    0, -999,  34.60,  34.64,  34.65,  34.65,  34.66,  34.65,  34.65,  34.65,  34.63,  34.63,  34.69,  34.73,  34.75,  34.70,  34.68,  34.68,  34.68,  34.65,  34.66,  34.66,  34.74,  34.67,  34.64,  34.64,  34.60,  34.64,  34.64,  34.64,  34.68,  34.64,  34.69
20200827, 0000,  , TS, 18.0N, 105.8W,  35, 1004,    0,   70,   90,    0,    0,    0,    0,    0,    0,    0,    0,    0, -999,  34.67,  34.69,  34.70,  34.68,  34.67,  34.68,  34.68,  34.68,  34.66,  34.70,  34.74,  34.74,  34.70,  34.69,  34.63,  34.64,  34.63,  34.56,  34.59,  34.64,  34.66,  34.64,  34.60,  34.60,  34.67,  34.64,  34.67,  34.66,  34.64,  34.69,  34.70
20200827, 0600,  , TS, 18.4N, 105.8W,  40, 1001,    0,   70,   90,    0,    0,    0,    0,    0,    0,    0,    0,    0, -999,  34.67,  34.69,  34.69,  34.67,  34.68,  34.65,  34.64,  34.62,  34.63,  34.65,  34.66,  34.66,  34.64,  34.65,  34.61,  34.59,  34.65,  34.54,  34.56,  34.61,  34.62,  34.62,  34.61,  34.56,  34.59,  34.59,  34.61,  34.64,  34.61,  34.64,  34.62
20200827, 1200,  , TS, 18.8N, 105.9W,  40, 1001,    0,   70,   90,    0,    0,    0,    0,    0,    0,    0,    0,    0, -999,  34.67,  34.67,  34.66,  34.64,  34.64,  34.64,  34.63,  34.62,  34.61,  34.62,  34.63,  34.60,  34.59,  34.59,  34.54,  34.56,  34.61,  34.53,  34.55,  34.59,  34.56,  34.56,  34.56,  34.52,  34.55,  34.55,  34.54,  34.51,  34.55,  34.56,  34.60
20200827, 1800,  , TS, 19.4N, 106.0W,  35, 1004,    0,   50,   90,    0,    0,    0,    0,    0,    0,    0,    0,    0, -999,  34.64,  34.63,  34.61,  34.60,  34.60,  34.59,  34.59,  34.56,  34.53,  34.54,  34.56,  34.54,  34.48,  34.52,  34.44,  34.42,  34.51,  34.46,  34.49,  34.51,  34.48,  34.53,  34.55,  34.50,  34.51,  34.50,  34.49,  34.51,  34.54,  34.55,  34.54
20200828, 0000,  , TS, 20.7N, 106.1W,  35, 1004,   30,   50,   70,    0,    0,    0,    0,    0,    0,    0,    0,    0, -999,  34.59,  34.58,  34.59,  34.59,  34.61,  34.59,  34.62,  34.45,  34.45,  34.50,  34.57,  34.60,  34.59,  34.52,  34.50,  34.54,  34.47,  34.49,  34.59,  34.61,  34.59,  34.63,  34.60,  34.62,  34.63,  34.56,  34.52,  34.52,  34.47,  34.44,  34.44
20200828, 0600,  , TS, 22.4N, 106.7W,  35, 1004,   30,   40,    0,    0,    0,    0,    0,    0,    0,    0,    0,    0, -999,  34.58,  34.62,  34.58,  34.58,  34.57,  34.58,  34.59,  34.56,  34.59,  34.63,  34.51,  34.53,  34.54,  34.48,  34.50,  34.61,  34.60,  34.55,  34.57,  34.62,  34.62,  34.55,  34.53,  34.55,  34.53,  34.53,  34.56,  34.56,  34.60,  34.62,  34.66
20200828, 1200,  , TD, 23.1N, 108.6W,  30, 1006,    0,    0,    0,    0,    0,    0,    0,    0,    0,    0,    0,    0, -999,  34.67,  34.65,  34.64,  34.67,  34.66,  34.67,  34.67,  34.65,  34.67,  34.62,  34.56,  34.58,  34.64,  34.65,  34.62,  34.60,  34.59,  34.57,  34.58,  34.59,  34.58,  34.57,  34.57,  34.56,  34.55,  34.55,  34.54,  34.55,  34.58,  34.58,  34.57
20200828, 1800,  , LO, 23.0N, 109.6W,  25, 1008,    0,    0,    0,    0,    0,    0,    0,    0,    0,    0,    0,    0, -999,  34.70,  34.68,  34.66,  34.67,  34.66,  34.66,  34.66,  34.77,  34.81,  34.80,  34.74,  34.63,  34.69,  34.72,  34.73,  34.69,  34.72,  34.70,  34.69,  34.73,  34.73,  34.67,  34.62,  34.63,  34.64,  34.63,  34.64,  34.64,  34.67,  34.66,  34.64
