EP132000,             KRISTY,     13,
20000831, 0000,  , TD, 13.0N, 131.4W,  25, 1008, -999, -999, -999, -999, -999, -999, -999, -999, -999, -999, -999, -999, -999,  27.75,  27.81,  27.91,  28.03,  27.77,  27.61,  27.71,  28.05,  27.70,  27.48,  27.45,  27.26,  27.00,  26.65,  27.07,  27.18,  27.33,  26.93,  26.64,  26.92,  26.74,  27.06,  27.13,  27.01,  26.91,  26.63,  26.70,  26.99,  27.22,  27.63,  27.66
20000831, 0600,  , TD, 13.2N, 132.2W,  25, 1008, -999, -999, -999, -999, -999, -999, -999, -999, -999, -999, -999, -999, -999,  27.57,  27.83,  27.80,  27.92,  27.83,  27.77,  27.74,  27.93,  27.76,  27.13,  27.30,  27.11,  26.96,  26.80,  27.07,  27.06,  27.35,  27.03,  26.88,  27.15,  26.88,  27.14,  26.83,  26.77,  27.22,  27.13,  27.03,  26.91,  26.85,  26.82,  26.83
20000831, 1200,  , TD, 13.4N, 132.6W,  30, 1008, -999, -999, -999, -999, -999, -999, -999, -999, -999, -999, -999, -999, -999,  27.59,  27.85,  27.90,  28.05,  27.99,  27.89,  28.03,  28.25,  27.59,  27.20,  27.08,  26.92,  26.98,  26.82,  27.08,  27.19,  27.53,  27.06,  26.78,  27.04,  26.80,  27.00,  26.75,  26.67,  26.68,  26.76,  26.80,  26.79,  26.80,  26.80,  26.67
20000831, 1800,  , TD, 13.5N, 133.0W,  30, 1007, -999, -999, -999, -999, -999, -999, -999, -999, -999, -999, -999, -999, -999,  27.66,  27.71,  27.79,  27.88,  27.90,  28.07,  28.35,  28.58,  28.48,  27.93,  27.79,  27.22,  27.23,  26.95,  26.91,  27.16,  27.44,  27.01,  26.78,  26.98,  26.80,  26.80,  26.60,  26.75,  26.83,  26.88,  26.84,  26.89,  27.02,  26.98,  26.70
20000901, 0000,  , TD, 13.7N, 133.2W,  30, 1007, -999, -999, -999, -999, -999, -999, -999, -999, -999, -999, -999, -999, -999,  27.74,  27.45,  27.54,  27.67,  27.84,  28.04,  28.35,  28.54,  28.02,  27.71,  27.74,  27.71,  27.46,  27.24,  27.28,  27.29,  27.09,  26.77,  26.86,  26.66,  26.70,  26.46,  26.74,  26.65,  26.68,  26.82,  26.86,  26.88,  26.89,  26.92,  26.81
20000901, 0600,  , TD, 13.8N, 133.2W,  30, 1007, -999, -999, -999, -999, -999, -999, -999, -999, -999, -999, -999, -999, -999,  27.74,  27.55,  27.48,  27.64,  27.76,  28.03,  28.34,  28.40,  28.20,  27.91,  27.66,  27.44,  27.30,  27.16,  27.29,  27.39,  27.27,  26.80,  26.91,  26.62,  26.61,  26.52,  26.75,  26.65,  26.67,  26.72,  26.84,  26.86,  26.95,  26.90,  26.84
20000901, 1200,  , TD, 13.8N, 133.3W,  30, 1006, -999, -999, -999, -999, -999, -999, -999, -999, -999, -999, -999, -999, -999,  27.74,  27.55,  27.48,  27.64,  27.76,  28.03,  28.34,  28.40,  28.20,  27.91,  27.66,  27.44,  27.30,  27.16,  27.29,  27.39,  27.27,  26.80,  26.91,  26.62,  26.61,  26.52,  26.75,  26.65,  26.67,  26.72,  26.84,  26.86,  26.95,  26.90,  26.84
20000901, 1800,  , TD, 13.5N, 133.3W,  30, 1006, -999, -999, -999, -999, -999, -999, -999, -999, -999, -999, -999, -999, -999,  27.66,  27.72,  27.78,  27.67,  27.88,  27.90,  28.06,  28.12,  27.71,  27.56,  27.55,  27.46,  27.16,  27.12,  27.14,  27.29,  27.07,  26.83,  26.96,  26.68,  26.71,  26.37,  26.77,  26.78,  26.84,  26.80,  26.79,  26.90,  27.02,  26.89,  26.64
20000902, 0000,  , TS, 13.2N, 133.3W,  35, 1004, -999, -999, -999, -999, -999, -999, -999, -999, -999, -999, -999, -999, -999,  28.01,  27.83,  27.90,  28.13,  28.16,  27.82,  28.49,  27.86,  27.43,  27.41,  27.47,  27.10,  27.16,  27.38,  27.32,  26.96,  26.77,  27.07,  26.73,  26.72,  26.45,  26.72,  26.73,  26.78,  27.05,  27.16,  27.23,  27.22,  26.84,  26.75,  26.58
20000902, 0600,  , TS, 13.2N, 133.5W,  35, 1005, -999, -999, -999, -999, -999, -999, -999, -999, -999, -999, -999, -999, -999,  27.85,  27.71,  27.68,  27.87,  27.68,  27.75,  27.97,  27.26,  27.41,  27.40,  27.26,  26.97,  27.01,  27.28,  27.21,  27.04,  26.76,  26.87,  26.59,  26.72,  26.36,  26.73,  26.72,  26.76,  27.02,  27.05,  27.30,  27.31,  27.01,  26.88,  26.77
20000902, 1200,  , TS, 13.6N, 133.4W,  35, 1006, -999, -999, -999, -999, -999, -999, -999, -999, -999, -999, -999, -999, -999,  27.59,  27.50,  27.51,  27.62,  27.84,  28.12,  28.23,  27.73,  27.43,  27.80,  27.83,  27.48,  27.47,  27.38,  27.40,  27.27,  26.87,  26.86,  26.69,  26.66,  26.42,  26.68,  26.72,  26.74,  26.85,  26.90,  26.93,  27.02,  26.95,  26.89,  26.82
20000902, 1800,  , TD, 14.3N, 133.2W,  30, 1007, -999, -999, -999, -999, -999, -999, -999, -999, -999, -999, -999, -999, -999,  27.73,  27.49,  27.36,  27.32,  27.59,  27.97,  27.77,  27.63,  27.81,  28.07,  27.78,  27.24,  26.93,  27.04,  27.24,  27.59,  26.94,  26.95,  26.80,  26.83,  26.67,  26.64,  26.44,  26.48,  26.49,  26.70,  26.80,  26.86,  26.96,  26.90,  26.76
20000903, 0000,  , TD, 14.7N, 133.2W,  25, 1007, -999, -999, -999, -999, -999, -999, -999, -999, -999, -999, -999, -999, -999,  27.57,  27.40,  27.16,  27.13,  27.38,  27.36,  27.38,  27.29,  27.39,  27.55,  27.17,  27.09,  27.17,  27.30,  27.48,  26.95,  26.88,  26.78,  26.98,  26.77,  26.71,  26.53,  26.57,  26.48,  26.51,  26.62,  26.75,  26.82,  26.71,  26.59,  26.72
