EP132022,             LESTER,      9,
20220915, 1200,  , LO, 12.4N,  95.1W,  25, 1008,    0,    0,    0,    0,    0,    0,    0,    0,    0,    0,    0,    0,   50,  33.76,  33.76,  33.78,  33.77,  33.76,  33.75,  33.75,  33.72,  33.75,  33.74,  33.77,  33.76,  33.72,  33.65,  33.70,  33.73,  34.18,  34.16,  34.09,  34.08,  33.82,  34.12,  33.72,  33.81,  33.80,  33.69,  33.85,  33.90,  34.02,  34.19,  33.83
20220915, 1800,  , TD, 12.6N,  95.0W,  30, 1007,    0,    0,    0,    0,    0,    0,    0,    0,    0,    0,    0,    0,   50,  33.76,  33.78,  33.79,  33.77,  33.77,  33.76,  33.76,  33.73,  33.77,  33.77,  33.78,  33.77,  33.70,  33.67,  33.73,  33.73,  34.07,  34.16,  34.05,  33.95,  33.77,  34.01,  33.73,  33.72,  33.78,  33.75,  33.87,  33.94,  34.10,  34.17,  33.77
20220916, 0000,  , TD, 12.8N,  95.1W,  30, 1006,    0,    0,    0,    0,    0,    0,    0,    0,    0,    0,    0,    0,   40,  33.78,  33.78,  33.76,  33.77,  33.77,  33.75,  33.75,  33.79,  33.78,  33.77,  33.76,  33.72,  33.76,  33.87,  33.75,  33.89,  34.12,  33.99,  33.90,  33.74,  33.97,  33.75,  33.77,  33.84,  33.80,  33.87,  33.94,  34.10,  34.17,  33.84,  33.81
20220916, 0600,  , TS, 13.1N,  95.4W,  35, 1005,    0,   40,   50,    0,    0,    0,    0,    0,    0,    0,    0,    0,   30,  33.72,  33.72,  33.73,  33.75,  33.74,  33.71,  33.71,  33.72,  33.73,  33.76,  33.77,  33.75,  33.73,  33.69,  33.73,  33.99,  34.14,  34.03,  33.98,  33.88,  34.02,  33.78,  33.70,  33.70,  33.82,  33.85,  33.91,  34.12,  34.17,  33.91,  33.93
20220916, 1200,  , TS, 13.5N,  96.1W,  35, 1005,    0,   40,   50,    0,    0,    0,    0,    0,    0,    0,    0,    0,   30,  33.67,  33.69,  33.68,  33.65,  33.65,  33.70,  33.70,  33.75,  33.73,  33.77,  33.80,  33.78,  33.77,  33.71,  33.70,  33.77,  34.04,  33.98,  34.03,  33.93,  34.13,  33.81,  34.05,  33.88,  33.97,  33.92,  33.96,  33.74,  33.66,  33.63,  33.73
20220916, 1800,  , TS, 14.0N,  96.8W,  35, 1005,   30,   20,   40,   60,    0,    0,    0,    0,    0,    0,    0,    0,   30,  33.88,  33.90,  33.87,  33.78,  33.73,  33.77,  33.85,  33.87,  33.91,  33.94,  33.92,  33.96,  33.90,  33.91,  33.78,  33.77,  33.80,  33.92,  33.91,  33.81,  33.98,  33.85,  34.03,  33.86,  33.88,  34.03,  33.93,  33.94,  33.76,  33.87,  33.79
20220917, 0000,  , TS, 14.4N,  97.3W,  35, 1005,   20,   20,   40,   40,    0,    0,    0,    0,    0,    0,    0,    0,   30,  34.04,  34.03,  33.99,  33.90,  33.99,  33.91,  33.99,  33.95,  34.01,  34.00,  34.10,  34.04,  34.09,  33.98,  33.90,  33.85,  33.97,  33.87,  33.82,  33.80,  33.87,  33.79,  33.86,  33.76,  33.86,  33.75,  33.91,  33.92,  33.91,  33.73,  33.86
20220917, 0600,  , TS, 15.1N,  97.4W,  35, 1005,    0,    0,   30,   20,    0,    0,    0,    0,    0,    0,    0,    0,   30,  33.97,  34.05,  34.01,  34.02,  34.02,  34.06,  34.02,  33.99,  33.97,  33.99,  33.93,  33.91,  33.88,  33.94,  33.90,  34.00,  34.03,  34.02,  33.79,  33.73,  33.78,  33.71,  33.76,  33.85,  33.89,  33.89,  33.85,  33.88,  33.88,  33.83,  33.76
20220917, 1200, L, TD, 15.8N,  97.0W,  30, 1006,    0,    0,    0,    0,    0,    0,    0,    0,    0,    0,    0,    0,   40,  34.19,  34.22,  34.20,  34.05,  34.07,  34.06,  34.07,  34.11,  34.13,  34.11,  33.88,  33.94,  33.89,  33.79,  33.77,  33.81,  33.92,  33.92,  33.87,  33.89,  33.77,  33.74,  33.81,  33.87,  33.94,  34.03,  34.06,  34.10,  34.08,  34.08,  34.01
