EP142015,              KEVIN,     23,
20150831, 1800,  , TD, 11.8N, 111.7W,  30, 1006,    0,    0,    0,    0,    0,    0,    0,    0,    0,    0,    0,    0, -999,  19.78,  21.80,  23.97,  22.40,  22.39,  22.48,  23.61,  20.05,  19.40,  21.84,  21.07,  24.49,  22.59,  23.13,  20.41,  24.73,  20.75,  22.31,  20.22,  21.60,  23.19,  24.99,  23.53,  23.05,  21.98,  27.07,  26.56,  27.81,  27.21,  25.02,  25.49
20150901, 0000,  , TD, 12.0N, 112.4W,  30, 1006,    0,    0,    0,    0,    0,    0,    0,    0,    0,    0,    0,    0, -999,  21.07,  22.37,  21.02,  20.56,  20.50,  23.84,  21.25,  20.98,  21.08,  22.06,  23.82,  22.05,  23.28,  21.75,  24.44,  22.79,  26.26,  23.84,  21.29,  23.56,  24.33,  25.20,  22.03,  21.57,  24.58,  24.07,  25.70,  26.45,  24.96,  24.53,  25.07
20150901, 0600,  , TD, 12.2N, 113.1W,  30, 1006,    0,    0,    0,    0,    0,    0,    0,    0,    0,    0,    0,    0, -999,  19.34,  19.99,  20.01,  19.75,  19.61,  21.46,  19.91,  21.85,  18.97,  20.95,  22.30,  23.23,  22.22,  22.95,  24.09,  22.02,  23.57,  24.87,  23.71,  22.61,  22.09,  23.39,  22.13,  24.97,  23.73,  24.57,  24.11,  24.72,  24.80,  25.53,  24.05
20150901, 1200,  , TD, 12.6N, 113.5W,  30, 1006,    0,    0,    0,    0,    0,    0,    0,    0,    0,    0,    0,    0, -999,  19.93,  21.40,  20.36,  21.96,  19.72,  22.80,  20.97,  22.17,  19.84,  20.66,  22.21,  25.07,  21.49,  23.79,  23.46,  23.46,  22.80,  22.56,  21.60,  23.22,  22.68,  24.89,  22.00,  26.05,  24.86,  25.80,  23.56,  22.75,  23.47,  23.12,  23.66
20150901, 1800,  , TS, 13.1N, 113.9W,  35, 1006,   60,  150,    0,    0,    0,    0,    0,    0,    0,    0,    0,    0, -999,  23.68,  24.41,  26.30,  27.05,  27.69,  26.23,  23.63,  24.38,  23.43,  22.23,  23.68,  21.82,  21.27,  21.21,  21.78,  23.26,  22.54,  19.05,  20.65,  21.56,  22.09,  21.70,  21.19,  22.66,  21.36,  22.95,  20.78,  22.70,  21.93,  23.29,  22.36
20150902, 0000,  , TS, 13.8N, 114.2W,  35, 1006,   60,  120,    0,    0,    0,    0,    0,    0,    0,    0,    0,    0, -999,  23.94,  24.80,  24.72,  26.16,  26.97,  26.41,  24.97,  24.86,  24.92,  22.85,  25.92,  24.49,  24.44,  22.73,  21.42,  22.43,  20.75,  22.89,  21.18,  21.55,  21.90,  22.30,  22.20,  21.14,  22.45,  21.57,  24.14,  23.31,  24.46,  24.02,  26.66
20150902, 0600,  , TS, 14.7N, 114.4W,  35, 1005,   40,   90,    0,   40,    0,    0,    0,    0,    0,    0,    0,    0, -999,  19.82,  19.73,  18.90,  18.52,  18.59,  19.01,  18.98,  19.64,  18.95,  16.59,  18.90,  17.68,  18.11,  19.18,  19.36,  18.32,  18.17,  19.41,  19.51,  23.18,  21.58,  22.62,  21.77,  24.92,  22.07,  22.98,  23.45,  23.81,  23.87,  24.49,  24.56
20150902, 1200,  , TS, 15.6N, 114.7W,  35, 1005,   40,   60,    0,   40,    0,    0,    0,    0,    0,    0,    0,    0, -999,  17.28,  17.38,  16.80,  17.98,  17.82,  18.36,  18.06,  18.83,  19.18,  18.88,  19.29,  18.80,  18.54,  20.03,  20.15,  20.37,  19.00,  17.96,  17.83,  18.25,  18.34,  18.69,  18.12,  19.38,  19.70,  20.00,  20.31,  20.71,  21.55,  20.36,  19.57
20150902, 1800,  , TS, 16.2N, 114.9W,  35, 1005,   40,   30,    0,   40,    0,    0,    0,    0,    0,    0,    0,    0, -999,  17.91,  17.46,  17.02,  19.55,  19.21,  19.67,  20.16,  20.30,  18.45,  19.62,  19.77,  19.59,  17.90,  19.30,  20.24,  18.24,  17.88,  17.84,  17.64,  17.64,  17.82,  17.35,  17.53,  18.92,  19.21,  19.82,  19.84,  19.64,  18.03,  19.47,  19.28
20150903, 0000,  , TS, 16.7N, 115.1W,  40, 1003,   40,    0,    0,   60,    0,    0,    0,    0,    0,    0,    0,    0, -999,  20.89,  20.02,  19.43,  18.69,  18.22,  17.72,  17.73,  17.95,  17.31,  18.09,  18.02,  16.59,  17.03,  18.30,  18.18,  17.80,  16.88,  17.03,  17.32,  16.97,  16.93,  17.38,  18.16,  17.42,  18.07,  18.08,  18.50,  17.56,  18.33,  18.21,  17.09
20150903, 0600,  , TS, 17.2N, 115.4W,  45, 1001,   40,    0,    0,   60,    0,    0,    0,    0,    0,    0,    0,    0, -999,  18.87,  18.85,  17.44,  17.11,  17.09,  17.22,  16.91,  16.77,  17.18,  17.13,  16.92,  16.04,  16.17,  17.62,  17.00,  17.30,  16.33,  16.71,  16.41,  16.58,  16.41,  16.20,  16.41,  16.03,  15.78,  15.67,  15.63,  15.41,  16.13,  16.36,  15.70
20150903, 1200,  , TS, 17.7N, 115.6W,  45, 1000,   40,    0,    0,   60,    0,    0,    0,    0,    0,    0,    0,    0, -999,  17.57,  17.74,  17.02,  16.62,  16.71,  16.89,  16.67,  16.40,  16.54,  16.61,  16.41,  16.00,  15.94,  17.09,  16.54,  16.64,  15.80,  15.80,  15.55,  15.95,  15.85,  15.96,  16.30,  16.14,  16.13,  16.05,  15.89,  15.96,  15.73,  15.90,  15.86
20150903, 1800,  , TS, 18.5N, 115.8W,  50,  998,   40,    0,    0,   60,   20,    0,    0,    0,    0,    0,    0,    0, -999,  16.56,  16.57,  16.85,  17.09,  16.86,  17.50,  17.09,  17.38,  17.75,  17.39,  17.39,  17.15,  16.91,  17.89,  16.80,  17.36,  16.47,  16.30,  16.59,  16.67,  15.96,  16.12,  17.11,  16.66,  16.55,  16.39,  16.11,  16.12,  16.19,  15.39,  15.50
20150904, 0000,  , TS, 19.4N, 115.7W,  45,  999,   40,    0,    0,   60,    0,    0,    0,    0,    0,    0,    0,    0, -999,  17.28,  17.29,  17.15,  16.87,  16.94,  17.06,  16.78,  16.95,  17.12,  17.15,  17.10,  16.68,  17.88,  17.10,  17.23,  16.94,  16.28,  16.57,  16.58,  15.72,  15.96,  16.60,  16.27,  16.27,  16.09,  15.92,  16.06,  16.29,  16.34,  15.87,    nan
20150904, 0600,  , TS, 20.2N, 115.5W,  45, 1000,   40,    0,    0,   60,    0,    0,    0,    0,    0,    0,    0,    0, -999,  16.91,  16.46,  16.93,  16.85,  16.55,  16.73,  16.68,  16.70,  16.84,  17.28,  17.78,  17.23,  17.49,  17.50,  17.34,  17.38,  16.53,  16.70,  16.18,  16.32,  16.43,  16.89,  16.22,  16.45,  16.82,  16.11,  15.91,  16.27,  16.15,  16.00,    nan
20150904, 1200,  , TS, 20.9N, 115.3W,  45, 1001,   40,    0,    0,   60,    0,    0,    0,    0,    0,    0,    0,    0, -999,  16.41,  16.32,  16.25,  16.29,  16.18,  16.35,  15.84,  16.36,  16.39,  16.84,  17.02,  16.99,  16.90,  17.35,  17.35,  17.30,  16.56,  17.22,  16.53,  16.42,  16.95,  17.08,  15.77,  16.05,  17.00,  15.95,  15.34,  15.75,  15.09,  15.74,    nan
20150904, 1800,  , TS, 21.6N, 115.1W,  40, 1002,   40,    0,    0,   60,    0,    0,    0,    0,    0,    0,    0,    0, -999,  17.34,  17.43,  17.46,  17.36,  17.21,  17.18,  17.46,  17.88,  17.18,  17.37,  17.33,  17.39,  17.39,  17.74,  17.75,  17.78,  17.31,  17.70,  17.49,  17.55,  17.04,  16.94,  15.66,  15.33,  16.14,  14.67,  14.95,  14.41,  14.35,  14.68,    nan
20150905, 0000,  , TS, 22.3N, 114.8W,  35, 1003,   40,    0,    0,   60,    0,    0,    0,    0,    0,    0,    0,    0, -999,  17.26,  17.08,  16.57,  16.60,  16.36,  15.94,  16.86,  16.27,  16.47,  15.99,  16.64,  16.61,  16.48,  16.63,  16.71,  17.00,  16.52,  16.32,  16.65,  16.00,  18.00,  14.07,  13.90,  14.92,  13.46,  13.75,  13.38,  12.97,  13.48,    nan,  14.72
20150905, 0600,  , TD, 22.8N, 114.6W,  30, 1005,    0,    0,    0,    0,    0,    0,    0,    0,    0,    0,    0,    0, -999,  15.45,  15.46,  14.91,  15.00,  15.09,  15.15,  16.42,  15.90,  15.78,  15.76,  16.17,  16.11,  16.07,  16.37,  16.20,  16.34,  16.12,  15.93,  15.96,  17.10,  17.44,  14.06,  13.51,  13.96,  13.89,  13.91,  13.62,  13.91,  14.27,    nan,  14.46
20150905, 1200,  , LO, 23.2N, 114.3W,  25, 1008,    0,    0,    0,    0,    0,    0,    0,    0,    0,    0,    0,    0, -999,  15.38,  15.40,  14.75,  14.60,  14.76,  14.88,  16.10,  15.84,  15.66,  15.71,  16.14,  16.24,  16.43,  16.57,  16.57,  16.43,  16.11,  16.04,  16.01,  17.07,  18.21,  14.88,  14.44,  14.29,  14.63,  15.01,  14.11,  14.47,  14.43,    nan,  14.52
20150905, 1800,  , LO, 23.7N, 114.5W,  20, 1010,    0,    0,    0,    0,    0,    0,    0,    0,    0,    0,    0,    0, -999,  15.78,  15.63,  15.28,  15.15,  15.10,  14.86,  16.65,  15.81,  15.31,  14.85,  14.65,  14.43,  15.01,  14.98,  15.07,  15.17,  15.07,  15.04,  14.75,  15.11,  15.70,  14.39,  14.38,  14.33,  13.89,  13.67,  13.82,  14.88,  14.57,    nan,  14.41
20150906, 0000,  , LO, 24.0N, 114.7W,  15, 1012,    0,    0,    0,    0,    0,    0,    0,    0,    0,    0,    0,    0, -999,  16.19,  15.91,  15.66,  15.69,  15.73,  16.52,  15.28,  15.16,  14.78,  14.63,  14.39,  14.90,  14.67,  14.71,  14.71,  14.45,  14.59,  13.83,  13.92,  14.07,  13.93,  14.15,  13.93,  13.52,  13.64,  13.56,  14.62,  14.52,    nan,  14.58,  14.46
20150906, 0600,  , LO, 24.1N, 114.8W,  15, 1013,    0,    0,    0,    0,    0,    0,    0,    0,    0,    0,    0,    0, -999,  16.19,  15.91,  15.66,  15.69,  15.73,  16.52,  15.28,  15.16,  14.78,  14.63,  14.39,  14.90,  14.67,  14.71,  14.71,  14.45,  14.59,  13.83,  13.92,  14.07,  13.93,  14.15,  13.93,  13.52,  13.64,  13.56,  14.62,  14.52,    nan,  14.58,  14.46
