EP142023,           FOURTEEN,     17,
20230923, 1200,  , TD, 13.6N, 118.5W,  25, 1007,    0,    0,    0,    0,    0,    0,    0,    0,    0,    0,    0,    0,   20,  15.23,  15.28,  15.75,  15.71,  15.60,  15.42,  15.13,  16.21,  15.18,  15.65,  15.24,  16.63,  16.05,  15.80,  16.88,  16.03,  15.75,  16.43,  15.71,  15.64,  15.83,  16.29,  16.52,  16.59,  16.20,  16.02,  15.91,  15.49,  15.30,  14.63,  15.06
20230923, 1800,  , TD, 14.0N, 119.7W,  30, 1006,    0,    0,    0,    0,    0,    0,    0,    0,    0,    0,    0,    0,   20,  15.20,  15.21,  15.11,  15.58,  15.13,  15.27,  14.94,  15.53,  16.32,  15.94,  15.46,  16.47,  16.10,  15.82,  15.49,  14.77,  14.61,  15.89,  16.75,  15.14,  16.08,  15.62,  15.11,  15.44,  15.92,  15.65,  15.46,  16.30,  15.58,  14.80,  14.83
20230924, 0000,  , TD, 14.4N, 120.9W,  30, 1006,    0,    0,    0,    0,    0,    0,    0,    0,    0,    0,    0,    0,   20,  15.44,  15.68,  15.31,  16.00,  15.12,  14.71,  15.15,  15.31,  14.91,  14.64,  16.00,  15.56,  14.76,  15.25,  14.57,  14.65,  15.55,  15.46,  13.91,  14.33,  14.36,  13.66,  13.79,  14.42,  13.92,  14.02,  14.45,  14.47,  13.27,  13.19,  13.57
20230924, 0600,  , TD, 14.8N, 122.1W,  30, 1007,    0,    0,    0,    0,    0,    0,    0,    0,    0,    0,    0,    0,   20,  16.45,  16.69,  16.65,  16.79,  16.32,  16.14,  15.91,  16.39,  16.42,  15.59,  15.64,  15.82,  14.64,  15.66,  15.75,  15.49,  14.80,  16.55,  15.47,  14.34,  14.38,  13.72,  13.73,  12.67,  13.42,  13.78,  12.42,  13.12,  11.71,  11.62,  13.35
20230924, 1200,  , TD, 15.1N, 123.4W,  30, 1007,    0,    0,    0,    0,    0,    0,    0,    0,    0,    0,    0,    0,   20,  17.10,  16.57,  15.57,  15.79,  15.68,  15.81,  15.71,  15.02,  14.57,  15.45,  16.23,  16.57,  15.14,  16.13,  16.99,  15.44,  15.83,  17.76,  17.22,  16.76,  17.19,  16.32,  16.08,  15.70,  16.69,  16.55,  16.14,  15.93,  16.36,  15.02,  15.27
20230924, 1800,  , TD, 15.1N, 124.9W,  30, 1008,    0,    0,    0,    0,    0,    0,    0,    0,    0,    0,    0,    0,   25,  15.91,  15.32,  16.02,  15.63,  15.43,  16.00,  15.74,  14.73,  14.48,  16.09,  15.41,  15.21,  15.39,  14.83,  15.06,  14.86,  15.32,  17.06,  15.58,  15.84,  16.17,  16.09,  15.07,  14.63,  15.83,  15.05,  15.63,  15.75,  15.54,  15.13,  15.71
20230925, 0000,  , LO, 15.1N, 125.9W,  25, 1008,    0,    0,    0,    0,    0,    0,    0,    0,    0,    0,    0,    0,   30,  17.18,  17.47,  16.53,  16.05,  16.29,  16.35,  16.51,  16.75,  16.03,  16.15,  15.76,  16.33,  14.79,  15.37,  15.72,  15.78,  16.39,  15.48,  16.51,  16.00,  15.41,  16.22,  16.27,  16.18,  15.69,  17.00,  15.59,  15.75,  15.71,  16.79,  16.19
20230925, 0600,  , LO, 15.4N, 126.8W,  25, 1008,    0,    0,    0,    0,    0,    0,    0,    0,    0,    0,    0,    0,   30,  17.86,  18.35,  18.45,  18.26,  18.06,  18.38,  18.18,  18.32,  17.94,  18.03,  17.77,  18.25,  17.74,  16.88,  17.14,  18.15,  17.13,  16.46,  17.12,  16.93,  16.88,  16.92,  17.48,  16.72,  17.79,  17.77,  17.34,  17.43,  17.47,  17.79,  17.66
20230925, 1200,  , LO, 15.8N, 128.0W,  25, 1008,    0,    0,    0,    0,    0,    0,    0,    0,    0,    0,    0,    0,   30,  19.20,  19.62,  19.63,  19.30,  19.57,  19.62,  19.97,  20.13,  19.37,  18.83,  19.17,  19.35,  19.30,  18.76,  19.09,  18.93,  18.34,  18.70,  18.02,  18.61,  18.44,  18.51,  18.67,  18.52,  18.79,  18.39,  18.67,  19.00,  18.22,  18.98,  18.96
20230925, 1800,  , LO, 15.7N, 129.6W,  25, 1008,    0,    0,    0,    0,    0,    0,    0,    0,    0,    0,    0,    0,   30,  19.61,  19.82,  19.80,  18.78,  19.47,  19.43,  19.58,  18.75,  17.97,  18.28,  18.55,  19.01,  18.84,  18.36,  18.63,  18.58,  19.13,  18.81,  18.57,  19.01,  19.14,  19.46,  19.50,  19.38,  19.19,  19.24,  19.76,  19.00,  19.18,  19.06,  19.05
20230926, 0000,  , LO, 15.3N, 131.1W,  25, 1008,    0,    0,    0,    0,    0,    0,    0,    0,    0,    0,    0,    0,   30,  19.67,  20.02,  20.40,  19.83,  19.49,  20.12,  20.26,  20.54,  20.73,  20.33,  20.33,  20.43,  20.04,  20.06,  20.15,  20.56,  20.21,  19.54,  19.15,  19.69,  20.11,  20.15,  20.14,  20.13,  19.75,  19.93,  19.41,  20.20,  19.96,  19.50,  19.35
20230926, 0600,  , LO, 14.9N, 132.5W,  25, 1009,    0,    0,    0,    0,    0,    0,    0,    0,    0,    0,    0,    0,   30,  19.89,  19.96,  19.42,  18.73,  18.41,  19.10,  19.21,  18.63,  18.70,  19.03,  19.00,  18.81,  19.29,  18.87,  19.12,  19.07,  18.43,  18.54,  19.07,  19.47,  19.06,  19.38,  19.09,  19.12,  19.79,  20.15,  20.20,  20.52,  20.54,  19.53,  20.22
20230926, 1200,  , LO, 14.5N, 134.0W,  20, 1011,    0,    0,    0,    0,    0,    0,    0,    0,    0,    0,    0,    0,   30,  20.19,  19.52,  19.14,  19.43,  18.70,  17.53,  18.91,  18.47,  18.62,  19.46,  18.70,  18.61,  18.72,  18.20,  17.98,  18.80,  18.55,  19.48,  19.40,  19.34,  18.27,  18.37,  18.10,  18.33,  18.57,  18.31,  18.86,  19.26,  19.31,  18.75,  18.72
20230926, 1800,  , LO, 13.9N, 135.8W,  20, 1011,    0,    0,    0,    0,    0,    0,    0,    0,    0,    0,    0,    0,   30,  18.58,  18.68,  18.27,  18.05,  18.19,  17.84,  17.31,  18.89,  18.70,  18.72,  19.00,  19.04,  17.97,  18.33,  17.49,  18.25,  18.22,  18.03,  18.55,  18.80,  18.42,  18.73,  18.86,  18.09,  18.08,  18.63,  18.95,  19.33,  19.16,  19.19,  18.80
20230927, 0000,  , LO, 13.3N, 137.7W,  20, 1011,    0,    0,    0,    0,    0,    0,    0,    0,    0,    0,    0,    0,   30,  19.47,  19.18,  19.87,  19.97,  19.56,  18.49,  18.61,  19.61,  19.15,  18.43,  18.20,  17.80,  17.83,  17.78,  18.08,  18.59,  17.20,  17.56,  17.16,  16.31,  17.24,  17.94,  17.06,  17.25,  17.21,  17.57,  17.19,  17.54,  17.49,  17.69,  17.96
20230927, 0600,  , LO, 12.5N, 139.5W,  20, 1011,    0,    0,    0,    0,    0,    0,    0,    0,    0,    0,    0,    0,   30,  16.79,  16.85,  16.39,  16.86,  16.78,  16.40,  16.68,  17.18,  17.26,  16.84,  16.07,  17.01,  16.45,  16.01,  16.68,  15.67,  15.54,  15.15,  14.99,  15.30,  15.21,  15.15,  14.95,  15.38,  15.37,  14.95,  14.82,  14.61,  13.97,  13.60,  13.47
20230927, 1200,  , LO, 12.0N, 141.2W,  20, 1011,    0,    0,    0,    0,    0,    0,    0,    0,    0,    0,    0,    0,   30,  16.88,  16.07,  15.73,  15.64,  16.45,  16.05,  16.57,  16.13,  16.20,  16.25,  16.36,  16.49,  16.67,  16.35,  15.10,  14.83,  14.76,  14.09,  14.74,  15.02,  15.37,  14.64,  14.12,  14.49,  14.87,  13.39,  13.55,  13.00,  13.44,  12.74,  13.22
