EP152019,             LORENA,     23,
20190917, 0600,  , TS, 12.3N,  98.4W,  35, 1006,    0,   30,    0,    0,    0,    0,    0,    0,    0,    0,    0,    0, -999,  21.37,  20.00,  20.17,  20.35,  20.48,  20.75,  20.44,  20.29,  20.51,  20.00,  20.64,  19.71,  18.99,  19.00,  18.39,  17.02,  17.02,  16.67,  16.85,  16.71,  16.52,  18.19,  16.52,  16.51,  16.19,  15.29,  15.27,  14.41,  15.16,  13.80,  14.58
20190917, 1200,  , TS, 13.2N,  99.6W,  40, 1004,    0,   30,    0,    0,    0,    0,    0,    0,    0,    0,    0,    0, -999,  23.87,  23.51,  23.43,  22.52,  22.58,  22.10,  21.72,  22.57,  22.85,  23.32,  22.22,  22.23,  22.18,  21.41,  21.78,  20.30,  21.70,  18.44,  18.07,  17.45,  17.23,  17.34,  16.45,  16.50,  16.50,  16.77,  15.41,  14.82,  14.82,  15.74,  14.73
20190917, 1800,  , TS, 14.1N, 100.8W,  40, 1002,   40,   40,   60,   40,    0,    0,    0,    0,    0,    0,    0,    0, -999,  21.88,  22.40,  22.00,  21.13,  20.70,  21.56,  22.40,  22.02,  21.44,  23.16,  22.77,  23.34,  22.07,  21.75,  22.79,  20.61,  21.80,  20.21,  21.96,  20.25,  20.52,  20.11,  18.70,  19.30,  19.14,  20.95,  19.21,  19.41,  17.89,  18.70,  18.58
20190918, 0000,  , TS, 14.8N, 101.8W,  45, 1000,   40,   40,   60,   40,    0,    0,    0,    0,    0,    0,    0,    0, -999,  23.48,  22.81,  22.40,  22.79,  23.08,  22.43,  21.34,  22.95,  22.62,  23.87,  23.33,  22.40,  23.70,  22.95,  22.29,  23.69,  21.94,  22.42,  23.00,  24.21,  23.31,  22.14,  23.62,  22.72,  23.78,  22.63,  22.14,  22.53,  21.00,  20.35,  20.37
20190918, 0600,  , TS, 15.8N, 102.4W,  50,  998,   40,   60,   80,   30,   20,    0,    0,    0,    0,    0,    0,    0, -999,  22.15,  22.59,  22.60,  22.31,  22.53,  22.65,  22.19,  22.12,  22.11,  22.50,  22.39,  22.14,  22.23,  22.20,  21.37,  22.07,  22.51,  21.87,  20.96,  20.66,  22.26,  21.41,  21.40,  20.50,  20.12,  20.96,  20.79,  21.05,  20.26,  19.80,  20.48
20190918, 1200,  , TS, 16.8N, 103.1W,  55,  995,   40,   60,   80,   30,   20,   20,    0,    0,    0,    0,    0,    0, -999,  20.23,  21.39,  20.12,  20.81,  20.85,  19.57,  20.35,  21.49,  21.37,  21.20,  20.21,  20.55,  20.11,  20.37,  20.11,  20.50,  18.01,  19.36,  17.94,  17.72,  19.62,  20.50,  20.79,  19.71,  20.59,  20.38,  19.16,  19.15,  19.96,  19.60,  18.66
20190918, 1800,  , TS, 17.6N, 103.8W,  60,  990,   50,   60,   80,   30,   20,   20,   20,   10,    0,    0,    0,    0, -999,  20.83,  21.05,  19.41,  20.21,  20.17,  19.58,  20.94,  21.32,  21.25,  21.12,  21.16,  21.71,  21.73,  21.45,  21.49,  22.48,  26.67,  20.75,  21.95,  22.50,  20.75,  22.14,  22.50,  20.17,  19.47,  20.06,  19.54,  19.10,  19.16,  20.38,  18.41
20190919, 0000,  , HU, 18.4N, 104.2W,  70,  985,   50,   60,   80,   30,   30,   30,   20,   10,   15,   15,    0,    0, -999,  21.09,  19.53,  20.12,  21.09,  21.05,  21.62,  21.52,  21.60,  21.93,  22.31,  21.59,  21.31,  20.57,  20.68,  20.97,  20.92,  20.95,  23.36,  19.93,  19.20,  20.89,  19.09,  18.61,  18.46,  18.52,  19.51,  18.85,  19.73,  20.40,  18.83,  18.69
20190919, 0600, L, HU, 19.3N, 104.8W,  65,  990,   40,   40,   70,   30,   30,   30,   20,   10,   15,   15,    0,    0, -999,    nan,    nan,    nan,    nan,    nan,    nan,    nan,    nan,    nan,    nan,    nan,    nan,    nan,    nan,    nan,    nan,    nan,    nan,    nan,    nan,    nan,    nan,    nan,    nan,    nan,    nan,    nan,    nan,    nan,    nan,    nan
20190919, 1200,  , TS, 20.3N, 105.6W,  60,  994,   20,   40,   70,   30,   10,   20,   20,   20,    0,    0,    0,    0, -999,  22.72,  21.43,  21.49,  20.97,  21.65,  21.35,  21.63,  20.99,  21.14,  22.12,  22.69,  21.18,  20.90,  20.65,  21.10,  21.59,  23.89,  25.83,  26.30,  25.48,  24.66,  21.37,  20.14,  18.31,  16.82,  17.99,  18.66,  20.13,  20.88,  21.08,  21.70
20190919, 1800,  , TS, 21.3N, 106.7W,  55,  994,   30,   40,   60,   30,   10,   20,   20,   20,    0,    0,    0,    0, -999,  19.03,  19.15,  19.28,  19.70,  19.80,  19.85,  20.56,  19.92,  18.99,  19.88,  19.46,  19.21,  18.64,  18.48,  18.73,  18.96,  19.61,  19.20,  19.63,  20.10,  18.58,  18.61,  19.77,  20.15,  18.07,  18.39,  18.17,  18.16,  18.24,  18.94,  19.32
20190920, 0000,  , TS, 21.9N, 107.5W,  55,  994,   30,   40,   60,   30,   10,   20,   20,   20,    0,    0,    0,    0, -999,  16.23,  15.67,  16.74,  16.60,  16.69,  17.67,  17.47,  17.70,  17.95,  19.07,  19.34,  18.60,  18.55,  19.23,  19.20,  18.88,  18.96,  19.15,  18.28,  18.61,  18.53,  18.93,  18.99,  18.85,  18.87,  17.91,  17.89,  17.22,  17.81,  18.78,  18.67
20190920, 0600,  , TS, 22.3N, 108.2W,  60,  992,   30,   50,   30,   20,   10,   20,   10,    0,    0,    0,    0,    0, -999,  19.80,  19.65,  19.06,  18.84,  18.49,  19.16,  19.36,  19.43,  19.23,  19.53,  19.54,  18.72,  18.95,  18.32,  17.93,  18.10,  18.16,  18.77,  18.24,  17.46,  17.07,  17.54,  17.40,  17.59,  17.97,  17.17,  17.12,  17.11,  17.55,  17.21,  16.66
20190920, 1200,  , HU, 22.6N, 108.8W,  65,  989,   30,   50,   30,   20,   10,   20,   10,    0,    5,   10,    0,    0, -999,  18.66,  18.82,  19.12,  18.71,  18.70,  19.66,  19.63,  19.45,  19.26,  19.84,  19.61,  19.23,  20.14,  19.51,  19.71,  19.86,  19.81,  20.18,  19.70,  18.04,  17.73,  17.78,  17.46,  17.00,  17.39,  17.29,  17.79,  18.71,  19.24,  19.71,  19.60
20190920, 1800,  , HU, 23.0N, 109.2W,  75,  986,   30,   40,   30,   20,   10,   20,   10,   10,    5,   10,    0,    0, -999,  17.75,  18.29,  18.52,  17.53,  17.35,  18.10,  18.14,  17.79,  17.74,  17.54,  17.68,  18.19,  19.54,  19.08,  19.50,  20.30,  20.82,  19.43,  18.88,  19.16,  19.21,  19.52,  20.01,  20.64,  20.89,  20.81,  20.79,  20.71,  21.14,  21.25,  21.05
20190921, 0000,  , HU, 23.7N, 109.5W,  70,  987,   30,   40,   30,   20,   10,   20,   10,   10,    5,   10,    0,    0, -999,  21.19,  21.22,  19.23,  19.35,  19.18,  19.81,  19.45,  19.43,  18.78,  18.78,  19.34,  21.18,  21.34,  22.62,  22.70,  22.32,  21.02,  20.98,  20.87,  21.80,  21.71,  21.64,  22.09,  22.46,  22.43,  22.57,  22.10,  21.97,  22.16,  21.37,  21.59
20190921, 0300, L, HU, 23.9N, 109.8W,  70,  987,   30,   40,   30,   20,   10,   20,   10,   10,    5,   10,    0,    0, -999,  21.34,  21.41,  19.85,  20.24,  19.39,  19.72,  19.53,  19.76,  19.21,  19.93,  20.39,  21.14,  21.50,  22.27,  21.97,  21.85,  21.22,  21.47,  21.73,  21.98,  21.32,  21.53,  21.92,  21.98,  21.91,  21.46,  21.29,  21.48,  21.69,  21.23,  21.36
20190921, 0600,  , TS, 24.2N, 110.2W,  60,  989,   30,   40,   30,   20,   10,   20,   10,   10,    0,    0,    0,    0, -999,    nan,    nan,    nan,    nan,    nan,    nan,    nan,    nan,    nan,    nan,    nan,    nan,    nan,    nan,    nan,    nan,    nan,    nan,    nan,    nan,    nan,    nan,    nan,    nan,    nan,    nan,    nan,    nan,    nan,    nan,    nan
20190921, 1200,  , TS, 25.0N, 110.6W,  55,  994,   30,   40,   30,   20,   10,   20,   10,   10,    0,    0,    0,    0, -999,  20.26,  20.44,  20.82,  20.90,  21.00,  20.62,  21.42,  21.54,  20.75,  21.26,  21.28,  22.46,  23.13,  22.76,  22.15,  22.62,  21.94,  20.99,  21.21,  21.27,  21.46,  21.52,  21.15,  21.69,  21.53,  21.53,  21.56,  21.18,  20.80,  21.06,  21.29
20190921, 1800,  , TS, 25.9N, 111.0W,  45, 1002,   40,   40,    0,   20,    0,    0,    0,    0,    0,    0,    0,    0, -999,  21.63,  22.02,  22.42,  22.14,  21.96,  21.75,  21.09,  20.86,  21.16,  21.78,  21.88,  22.17,  22.66,  23.14,  22.99,  22.87,  22.39,  22.60,  22.54,  22.13,  21.52,  21.10,  21.29,  21.10,  21.39,  21.57,  21.64,  21.02,  21.15,  21.15,  21.22
20190922, 0000,  , TS, 26.9N, 111.4W,  35, 1004,   40,   40,    0,   20,    0,    0,    0,    0,    0,    0,    0,    0, -999,  22.00,  21.98,  22.12,  21.45,  21.30,  21.42,  21.45,  21.13,  22.07,  22.75,  22.76,  23.07,  23.32,  22.93,  23.88,  23.44,  22.82,  22.57,  22.02,  21.80,  21.58,  21.90,  21.56,  22.00,  22.44,  22.56,  20.97,  21.06,  20.45,  20.81,  21.02
20190922, 0600,  , TD, 27.9N, 111.5W,  30, 1005,    0,    0,    0,    0,    0,    0,    0,    0,    0,    0,    0,    0, -999,  22.10,  22.14,  21.93,  20.79,  20.98,  20.94,  21.89,  21.51,  21.09,  21.36,  21.17,  21.61,  21.26,  20.96,  21.21,  20.31,  20.68,  20.80,  21.21,  21.64,  21.20,  21.11,  20.85,  20.90,  20.80,  20.70,  19.54,  19.64,  19.58,  18.90,  18.77
20190922, 1200,  , LO, 28.5N, 111.5W,  25, 1006,    0,    0,    0,    0,    0,    0,    0,    0,    0,    0,    0,    0, -999,    nan,    nan,    nan,    nan,    nan,    nan,    nan,    nan,    nan,    nan,    nan,    nan,    nan,    nan,    nan,    nan,    nan,    nan,    nan,    nan,    nan,    nan,    nan,    nan,    nan,    nan,    nan,    nan,    nan,    nan,    nan
