EP152022,             NEWTON,     31,
20220921, 1200,  , TD, 16.9N, 104.3W,  30, 1007,    0,    0,    0,    0,    0,    0,    0,    0,    0,    0,    0,    0,   30,  14.66,  14.54,  14.67,  14.35,  14.46,  14.42,  14.55,  14.82,  14.51,  14.51,  14.65,  14.80,  15.20,  14.87,  15.21,  14.97,  15.05,  14.67,  14.56,  14.06,  14.15,  14.47,  13.99,  13.95,  14.41,  14.24,  14.31,  14.88,  14.81,  14.73,  14.71
20220921, 1800,  , TS, 17.2N, 105.4W,  35, 1005,   30,    0,    0,    0,    0,    0,    0,    0,    0,    0,    0,    0,   30,  15.04,  15.25,  14.98,  15.06,  14.90,  15.03,  15.06,  15.15,  15.45,  15.48,  15.03,  14.76,  14.88,  14.56,  14.76,  14.60,  14.84,  14.41,  14.45,  14.00,  14.22,  14.39,  14.47,  15.05,  14.73,  15.28,  15.01,  15.89,  15.63,  15.61,  15.20
20220922, 0000,  , TS, 17.4N, 106.6W,  40, 1003,   50,   20,    0,   50,    0,    0,    0,    0,    0,    0,    0,    0,   20,  16.78,  15.45,  16.55,  15.76,  15.48,  16.38,  16.08,  15.93,  16.26,  16.18,  16.02,  15.66,  15.04,  16.07,  15.15,  14.91,  15.04,  15.00,  14.79,  14.96,  14.91,  14.93,  14.92,  14.93,  15.31,  14.27,  14.57,  14.85,  14.59,  13.88,  14.23
20220922, 0600,  , TS, 17.5N, 107.5W,  50,  999,   50,   20,   20,   50,   20,    0,    0,    0,    0,    0,    0,    0,   10,  15.09,  14.75,  15.17,  14.63,  14.85,  15.36,  15.03,  15.35,  15.51,  15.80,  15.45,  14.96,  15.01,  15.51,  14.71,  14.93,  15.38,  14.91,  14.82,  15.63,  15.34,  15.27,  15.86,  15.17,  15.24,  13.74,  14.30,  14.34,  14.41,  14.68,  14.31
20220922, 1200,  , TS, 17.6N, 108.2W,  55,  997,   40,   30,   20,   40,   20,   20,    0,    0,    0,    0,    0,    0,   10,  14.18,  14.11,  14.20,  13.89,  14.15,  14.24,  14.08,  14.70,  14.47,  14.31,  14.36,  14.19,  14.38,  15.16,  14.62,  14.78,  14.58,  14.41,  14.64,  14.88,  14.97,  14.87,  15.85,  15.94,  16.01,  15.71,  16.15,  16.05,  16.45,  15.68,  15.16
20220922, 1800,  , TS, 17.8N, 108.8W,  50,  998,   40,   20,   20,   40,   20,    0,    0,    0,    0,    0,    0,    0,   10,  13.93,  14.19,  13.97,  13.84,  14.55,  14.22,  14.11,  14.75,  14.52,  14.27,  14.45,  14.25,  14.07,  14.58,  13.90,  14.02,  14.06,  13.91,  14.14,  14.17,  14.08,  14.02,  14.18,  14.59,  14.52,  14.73,  14.78,  15.05,  16.34,  16.11,  15.97
20220923, 0000,  , TS, 17.9N, 109.4W,  50,  998,   40,   20,   20,   40,   20,    0,    0,    0,    0,    0,    0,    0,   10,  14.65,  13.39,  13.47,  14.39,  13.90,  13.99,  15.00,  14.63,  14.41,  14.50,  14.29,  14.16,  14.62,  14.27,  14.16,  14.30,  14.20,  14.38,  14.20,  13.73,  13.75,  13.79,  13.91,  13.95,  14.23,  14.01,  14.38,  14.59,  14.45,  14.73,  14.31
20220923, 0600,  , TS, 17.9N, 109.9W,  45, 1000,   40,   20,   20,   40,    0,    0,    0,    0,    0,    0,    0,    0,   15,  14.19,  13.00,  13.29,  14.09,  13.64,  13.77,  14.96,  14.27,  14.40,  14.47,  14.00,  14.17,  14.57,  14.36,  14.37,  14.36,  14.48,  14.81,  14.05,  13.80,  14.05,  14.08,  14.20,  14.44,  14.42,  14.13,  14.32,  14.28,  13.94,  13.92,  13.97
20220923, 1200,  , TS, 18.0N, 110.4W,  45, 1000,   40,   20,   20,   40,    0,    0,    0,    0,    0,    0,    0,    0,   15,  13.94,  13.22,  12.98,  13.45,  13.47,  13.65,  14.70,  14.23,  14.61,  14.56,  14.18,  14.76,  14.52,  14.50,  14.79,  14.42,  14.16,  15.08,  14.60,  14.12,  14.40,  14.72,  14.85,  14.98,  14.73,  14.39,  14.81,  15.26,  14.92,  15.36,  15.16
20220923, 1800,  , TS, 18.1N, 110.9W,  40, 1003,   40,   20,   20,   40,    0,    0,    0,    0,    0,    0,    0,    0,   20,  13.50,  13.27,  13.39,  13.26,  13.30,  13.62,  13.92,  14.05,  14.52,  14.37,  14.25,  15.10,  14.48,  14.39,  15.30,  14.38,  14.29,  14.98,  15.12,  14.60,  14.72,  14.93,  15.26,  15.10,  14.62,  14.70,  14.52,  14.48,  14.51,  14.67,  14.54
20220924, 0000,  , TS, 18.5N, 111.5W,  40, 1003,   40,   20,   20,   40,    0,    0,    0,    0,    0,    0,    0,    0,   20,  13.36,  13.48,  13.47,  13.45,  13.82,  13.96,  14.08,  13.93,  14.00,  13.99,  14.20,  14.72,  14.14,  14.29,  14.97,  14.61,  14.68,  14.63,  15.17,  14.88,  15.35,  15.25,  15.39,  15.34,  14.82,  14.63,  14.27,  14.44,  14.43,  14.67,  15.00
20220924, 0600,  , TS, 18.9N, 112.1W,  35, 1004,   40,   20,    0,   40,    0,    0,    0,    0,    0,    0,    0,    0,   20,  13.87,  13.79,  13.56,  13.68,  13.81,  13.52,  13.69,  13.86,  13.49,  13.21,  13.59,  13.59,  13.35,  13.32,  13.96,  14.07,  13.33,  13.60,  13.98,  13.91,  14.63,  14.54,  14.54,  14.60,  14.69,  14.22,  14.35,  14.33,  14.34,  14.50,  15.14
20220924, 1200,  , TS, 19.1N, 112.8W,  35, 1004,   40,    0,    0,   40,    0,    0,    0,    0,    0,    0,    0,    0,   20,  13.85,  14.17,  13.88,  13.91,  14.29,  14.16,  13.91,  14.20,  14.07,  13.52,  13.80,  14.02,  13.77,  13.77,  14.41,  14.10,  13.76,  13.77,  13.91,  13.62,  13.61,  13.79,  13.87,  13.79,  13.46,  13.75,  14.20,  13.96,  14.21,  14.39,  14.65
20220924, 1800,  , TD, 19.3N, 113.6W,  30, 1005,    0,    0,    0,    0,    0,    0,    0,    0,    0,    0,    0,    0,   20,  16.36,  15.67,  15.29,  15.51,  15.88,  15.00,  14.69,  15.50,  15.37,  14.44,  14.77,  15.38,  15.19,  14.86,  15.25,  15.25,  14.71,  14.65,  14.60,  14.34,  14.46,  15.31,  14.86,  14.33,  14.18,  14.18,  14.37,  14.36,  14.30,  14.53,  14.59
20220925, 0000,  , TD, 19.5N, 114.4W,  30, 1006,    0,    0,    0,    0,    0,    0,    0,    0,    0,    0,    0,    0,   20,  16.03,  16.14,  16.27,  15.77,  15.11,  15.72,  15.93,  15.64,  15.46,  16.12,  15.93,  15.71,  15.56,  15.53,  15.56,  15.19,  15.13,  15.49,  15.71,  15.74,  15.36,  15.42,  15.10,  14.91,  15.16,  15.08,  14.80,  15.13,  15.28,  15.28,  15.04
20220925, 0600,  , TD, 19.5N, 115.2W,  30, 1006,    0,    0,    0,    0,    0,    0,    0,    0,    0,    0,    0,    0,   20,  16.38,  17.20,  16.75,  16.11,  16.45,  16.51,  17.14,  16.58,  16.11,  17.22,  15.89,  15.31,  15.72,  15.92,  15.66,  15.42,  16.21,  16.07,  16.85,  16.28,  15.22,  15.08,  15.37,  15.38,  15.20,  15.06,  15.24,  15.69,  15.68,  15.51,  15.48
20220925, 1200,  , TD, 19.2N, 116.0W,  30, 1007,    0,    0,    0,    0,    0,    0,    0,    0,    0,    0,    0,    0,   20,  14.95,  15.21,  15.33,  15.26,  15.84,  16.75,  16.32,  16.54,  16.86,  16.61,  15.98,  15.58,  16.35,  16.63,  16.90,  16.26,  15.80,  15.74,  15.87,  16.14,  15.53,  15.46,  15.52,  15.19,  15.28,  15.23,  15.60,  15.82,  15.52,  15.59,  15.71
20220925, 1800,  , LO, 18.6N, 116.7W,  25, 1008,    0,    0,    0,    0,    0,    0,    0,    0,    0,    0,    0,    0,   20,  15.02,  15.26,  15.33,  15.24,  15.28,  15.94,  15.68,  15.45,  15.46,  15.16,  14.85,  15.16,  16.25,  16.12,  16.06,  15.67,  15.85,  15.78,  15.81,  15.78,  15.80,  15.36,  15.47,  15.26,  15.08,  15.14,  15.21,  14.86,  15.07,  15.24,  15.05
20220926, 0000,  , LO, 17.9N, 117.5W,  25, 1008,    0,    0,    0,    0,    0,    0,    0,    0,    0,    0,    0,    0,   20,  16.48,  17.02,  16.94,  16.79,  16.75,  16.83,  16.55,  16.34,  16.15,  16.21,  16.14,  15.98,  15.85,  16.39,  16.86,  16.63,  16.18,  15.96,  16.14,  16.36,  16.44,  16.48,  16.53,  16.55,  16.91,  16.96,  16.35,  16.44,  16.98,  17.00,  16.63
20220926, 0600,  , LO, 17.2N, 118.1W,  25, 1009,    0,    0,    0,    0,    0,    0,    0,    0,    0,    0,    0,    0,   20,  14.79,  14.78,  15.08,  14.92,  14.74,  14.84,  14.96,  15.20,  15.01,  15.19,  14.89,  15.15,  15.55,  15.23,  14.84,  14.64,  15.02,  15.56,  15.41,  15.06,  15.38,  15.93,  15.91,  16.36,  16.64,  17.02,  17.21,  17.07,  16.62,  16.55,  16.70
20220926, 1200,  , LO, 16.6N, 118.6W,  25, 1009,    0,    0,    0,    0,    0,    0,    0,    0,    0,    0,    0,    0,   20,  14.29,  14.42,  14.44,  14.77,  14.87,  14.96,  15.06,  14.82,  14.58,  14.32,  14.00,  14.57,  14.16,  13.83,  14.00,  14.24,  13.78,  13.69,  13.51,  13.79,  13.89,  14.45,  15.17,  15.83,  16.03,  16.06,  15.59,  14.85,  14.41,  14.32,  13.97
20220926, 1800,  , LO, 16.1N, 119.2W,  25, 1009,    0,    0,    0,    0,    0,    0,    0,    0,    0,    0,    0,    0,   20,  14.64,  14.59,  15.06,  15.58,  16.07,  16.01,  15.80,  15.79,  15.11,  14.96,  15.25,  14.76,  14.59,  14.47,  14.53,  13.89,  13.81,  13.66,  13.54,  13.36,  13.29,  13.77,  13.91,  13.85,  13.81,  13.90,  13.77,  13.75,  14.03,  14.22,  13.81
20220927, 0000,  , LO, 15.6N, 119.7W,  25, 1009,    0,    0,    0,    0,    0,    0,    0,    0,    0,    0,    0,    0,   20,  14.54,  14.89,  15.44,  15.71,  16.36,  16.26,  15.70,  16.04,  15.96,  15.81,  14.94,  14.80,  15.26,  15.12,  14.48,  14.39,  14.94,  14.57,  14.57,  14.03,  14.18,  14.44,  14.22,  14.42,  14.10,  13.51,  13.51,  13.20,  13.15,  13.67,  13.73
20220927, 0600,  , LO, 15.1N, 120.3W,  25, 1009,    0,    0,    0,    0,    0,    0,    0,    0,    0,    0,    0,    0,   20,  13.40,  13.80,  14.17,  14.08,  14.16,  13.74,  14.55,  15.04,  14.04,  13.73,  13.72,  13.92,  13.89,  14.00,  14.38,  14.42,  13.79,  14.33,  14.46,  13.99,  14.12,  14.54,  13.95,  13.80,  13.74,  13.42,  13.69,  13.72,  13.70,  13.94,  13.59
20220927, 1200,  , LO, 14.6N, 120.8W,  25, 1008,    0,    0,    0,    0,    0,    0,    0,    0,    0,    0,    0,    0,   20,  12.75,  12.86,  13.04,  13.09,  12.73,  12.64,  13.64,  13.59,  12.80,  12.69,  12.99,  12.99,  12.84,  13.21,  13.27,  12.72,  12.93,  13.43,  13.07,  12.73,  13.09,  13.36,  13.17,  13.34,  13.53,  13.20,  13.46,  13.02,  13.13,  13.23,  13.29
20220927, 1800,  , LO, 14.2N, 121.4W,  25, 1008,    0,    0,    0,    0,    0,    0,    0,    0,    0,    0,    0,    0,   30,  12.64,  12.66,  12.85,  12.77,  12.89,  12.86,  13.30,  13.50,  13.40,  13.48,  13.31,  13.34,  13.30,  13.47,  13.26,  12.78,  12.87,  12.93,  12.70,  12.66,  12.64,  12.86,  12.77,  12.75,  12.56,  12.58,  12.69,  12.59,  12.69,  12.59,  12.51
20220928, 0000,  , LO, 13.9N, 122.2W,  25, 1007,    0,    0,    0,    0,    0,    0,    0,    0,    0,    0,    0,    0,   30,  13.39,  13.32,  13.11,  13.42,  13.43,  13.61,  13.72,  14.12,  13.94,  13.73,  13.58,  13.19,  13.56,  13.55,  13.07,  13.05,  13.01,  13.16,  13.02,  12.78,  12.86,  12.86,  12.89,  12.77,  12.86,  12.84,  12.86,  12.89,  12.66,  12.59,  12.71
20220928, 0600,  , LO, 13.7N, 123.0W,  25, 1007,    0,    0,    0,    0,    0,    0,    0,    0,    0,    0,    0,    0,   30,  13.02,  13.10,  13.11,  13.45,  13.70,  13.60,  13.79,  13.97,  14.05,  13.59,  13.27,  12.69,  13.05,  13.47,  13.01,  12.61,  12.58,  12.59,  12.84,  12.62,  12.69,  12.52,  12.77,  12.79,  12.81,  12.63,  12.59,  12.52,  12.47,  12.52,  12.77
20220928, 1200,  , LO, 13.7N, 123.8W,  25, 1007,    0,    0,    0,    0,    0,    0,    0,    0,    0,    0,    0,    0,   30,  12.02,  11.91,  12.04,  12.49,  13.44,  13.28,  13.48,  13.50,  13.58,  13.20,  12.96,  12.55,  13.19,  13.29,  13.00,  12.82,  12.66,  12.70,  13.05,  12.42,  12.22,  11.78,  11.91,  11.99,  12.15,  12.03,  12.04,  11.88,  11.93,  11.90,  12.25
20220928, 1800,  , LO, 13.7N, 124.6W,  20, 1008,    0,    0,    0,    0,    0,    0,    0,    0,    0,    0,    0,    0,   30,  12.62,  12.59,  12.21,  12.08,  12.76,  12.33,  12.11,  12.24,  11.86,  11.61,  11.68,  11.50,  11.92,  12.19,  12.15,  11.95,  12.07,  12.04,  12.76,  12.30,  12.19,  12.29,  12.64,  12.73,  12.95,  12.46,  12.24,  11.96,  11.93,  12.12,  11.93
20220929, 0000,  , LO, 13.9N, 125.2W,  20, 1008,    0,    0,    0,    0,    0,    0,    0,    0,    0,    0,    0,    0,   30,  13.23,  12.27,  12.38,  13.22,  12.84,  12.72,  12.98,  12.56,  12.20,  12.71,  12.44,  12.33,  12.18,  12.01,  11.79,  12.08,  12.22,  12.91,  12.19,  12.13,  12.26,  12.43,  12.39,  12.60,  12.35,  12.38,  12.67,  12.65,  12.63,  12.05,  12.01
