EP151993,                MAX,     17,
19930930, 0000,  , TD, 10.5N, 114.6W,  30, 1008, -999, -999, -999, -999, -999, -999, -999, -999, -999, -999, -999, -999, -999,  27.32,  27.34,  27.06,  26.92,  26.85,  26.77,  26.78,  26.91,  26.91,  27.00,  27.09,  27.39,  27.52,  27.35,  27.38,  27.89,  27.78,  27.60,  27.75,  27.58,  27.06,  26.55,  26.31,  26.20,  26.77,  26.77,  27.04,  27.27,  27.12,  26.84,  26.47
19930930, 0600,  , TD, 10.8N, 114.8W,  30, 1007, -999, -999, -999, -999, -999, -999, -999, -999, -999, -999, -999, -999, -999,  27.40,  27.18,  27.00,  26.95,  26.93,  27.02,  27.05,  27.09,  27.28,  27.39,  27.73,  27.97,  28.19,  27.55,  26.96,  26.44,  26.73,  26.12,  27.31,  27.38,  27.13,  26.39,  26.26,  25.95,  26.62,  26.67,  26.97,  27.19,  26.91,  26.66,  26.64
19930930, 1200,  , TS, 11.2N, 114.9W,  35, 1004, -999, -999, -999, -999, -999, -999, -999, -999, -999, -999, -999, -999, -999,  27.48,  27.32,  27.25,  27.28,  27.23,  27.29,  27.37,  27.23,  27.34,  27.41,  27.47,  27.60,  27.82,  27.38,  27.48,  27.51,  27.78,  26.16,  27.42,  27.58,  27.33,  26.41,  26.09,  25.70,  26.87,  26.61,  27.29,  27.36,  26.98,  26.95,  26.96
19930930, 1800,  , TS, 11.3N, 115.1W,  35, 1004, -999, -999, -999, -999, -999, -999, -999, -999, -999, -999, -999, -999, -999,  27.43,  27.25,  27.25,  27.26,  27.28,  27.20,  27.39,  27.34,  27.36,  27.47,  27.45,  27.70,  27.89,  27.45,  27.62,  27.79,  27.93,  27.43,  27.77,  27.82,  27.50,  26.70,  26.16,  25.73,  26.75,  26.47,  26.91,  27.34,  27.03,  27.13,  27.12
19931001, 0000,  , TD, 11.4N, 115.4W,  30, 1008, -999, -999, -999, -999, -999, -999, -999, -999, -999, -999, -999, -999, -999,  27.19,  27.13,  27.12,  27.22,  27.10,  27.16,  27.19,  27.29,  27.51,  27.55,  27.94,  28.00,  27.67,  27.83,  27.91,  27.98,  27.89,  27.94,  27.85,  27.82,  26.84,  26.71,  25.88,  26.86,  26.45,  26.52,  27.38,  27.10,  27.22,  27.13,  27.01
19931001, 0600,  , TD, 11.4N, 115.7W,  30, 1009, -999, -999, -999, -999, -999, -999, -999, -999, -999, -999, -999, -999, -999,  27.26,  27.13,  27.07,  27.17,  27.08,  27.07,  27.11,  27.18,  27.43,  27.52,  28.01,  28.05,  27.74,  27.91,  27.97,  28.05,  27.96,  28.00,  27.72,  27.75,  26.90,  26.75,  26.47,  26.80,  26.58,  26.62,  27.35,  27.17,  27.20,  27.05,  27.00
19931001, 1200,  , TD, 11.4N, 116.0W,  30, 1008, -999, -999, -999, -999, -999, -999, -999, -999, -999, -999, -999, -999, -999,  27.38,  27.24,  27.18,  27.18,  26.99,  26.97,  26.91,  27.03,  27.32,  27.41,  27.98,  28.04,  27.77,  27.97,  28.10,  28.23,  28.13,  28.04,  26.48,  27.12,  26.65,  26.50,  26.85,  26.55,  27.24,  26.71,  27.21,  27.14,  27.13,  26.91,  26.83
19931001, 1800,  , TS, 11.3N, 116.4W,  35, 1004, -999, -999, -999, -999, -999, -999, -999, -999, -999, -999, -999, -999, -999,  27.52,  27.38,  27.30,  27.31,  27.15,  26.95,  26.70,  27.02,  27.28,  27.45,  27.91,  27.95,  27.70,  27.90,  28.11,  28.25,  28.21,  28.10,  25.43,  26.19,  26.09,  25.97,  26.83,  26.20,  27.21,  26.64,  27.29,  27.08,  27.30,  27.09,  26.72
19931002, 0000,  , TS, 11.0N, 116.7W,  40, 1000, -999, -999, -999, -999, -999, -999, -999, -999, -999, -999, -999, -999, -999,  27.55,  27.52,  27.50,  27.48,  27.24,  26.80,  26.92,  27.09,  27.33,  27.67,  27.85,  27.28,  27.62,  27.87,  28.11,  28.12,  27.93,  21.08,  24.10,  23.60,  25.13,  26.06,  25.13,  26.42,  25.99,  27.39,  25.74,  27.52,  26.14,  26.75,  27.00
19931002, 0600,  , TS, 10.7N, 117.0W,  40, 1001, -999, -999, -999, -999, -999, -999, -999, -999, -999, -999, -999, -999, -999,  27.76,  27.66,  27.56,  27.67,  27.35,  27.23,  27.34,  27.56,  27.73,  27.92,  27.93,  27.20,  27.46,  27.68,  27.79,  27.99,  27.84,  22.14,  23.07,  22.26,  24.17,  23.65,  23.12,  24.78,  25.66,  25.28,  25.49,  26.24,  23.69,  26.25,  23.46
19931002, 1200,  , TS, 10.5N, 117.0W,  35, 1002, -999, -999, -999, -999, -999, -999, -999, -999, -999, -999, -999, -999, -999,  28.19,  28.14,  28.01,  28.06,  27.65,  27.50,  27.32,  27.50,  27.62,  27.67,  27.75,  26.79,  26.91,  27.54,  27.76,  27.96,  27.86,  23.70,  25.95,  23.27,  24.77,  23.20,  24.38,  24.63,  23.64,  23.34,  24.17,  24.13,  23.57,  25.21,  23.60
19931002, 1800,  , TS, 10.6N, 117.0W,  35, 1003, -999, -999, -999, -999, -999, -999, -999, -999, -999, -999, -999, -999, -999,  27.84,  27.79,  27.75,  27.79,  27.45,  27.36,  27.39,  27.60,  27.83,  28.00,  28.09,  27.25,  27.54,  27.79,  27.84,  27.87,  26.48,  22.51,  24.19,  22.84,  24.13,  23.31,  24.02,  24.85,  25.41,  23.72,  24.37,  25.15,  22.73,  25.37,  22.43
19931003, 0000,  , TS, 10.2N, 116.9W,  35, 1004, -999, -999, -999, -999, -999, -999, -999, -999, -999, -999, -999, -999, -999,  28.41,  28.26,  28.12,  27.64,  27.26,  26.99,  27.26,  27.47,  27.62,  27.63,  26.64,  26.73,  27.53,  27.62,  27.90,  26.63,  24.30,  26.64,  23.64,  26.16,  23.28,  25.88,  25.14,  25.13,  24.66,  24.38,  25.01,  24.11,  25.56,  24.19,  25.56
19931003, 0600,  , TS, 10.5N, 116.6W,  35, 1004, -999, -999, -999, -999, -999, -999, -999, -999, -999, -999, -999, -999, -999,  28.14,  27.87,  27.70,  27.28,  27.16,  27.15,  27.42,  27.67,  27.93,  27.91,  27.05,  27.09,  27.59,  27.68,  27.84,  25.61,  22.99,  26.04,  23.97,  25.85,  24.28,  26.41,  25.28,  25.16,  24.27,  24.64,  25.36,  24.97,  25.20,  25.09,  27.10
19931003, 1200,  , TD, 11.7N, 117.0W,  30, 1005, -999, -999, -999, -999, -999, -999, -999, -999, -999, -999, -999, -999, -999,  28.22,  28.21,  28.20,  27.87,  27.59,  27.53,  27.76,  27.88,  28.00,  27.79,  27.47,  27.72,  27.85,  27.97,  28.03,  28.01,  26.71,  27.27,  25.50,  25.59,  26.00,  26.62,  26.38,  26.73,  27.18,  27.20,  27.14,  26.72,  26.80,  26.86,  27.35
19931003, 1800,  , TD, 12.5N, 116.8W,  30, 1007, -999, -999, -999, -999, -999, -999, -999, -999, -999, -999, -999, -999, -999,  27.70,  27.42,  27.12,  26.58,  26.70,  26.69,  26.81,  26.96,  27.32,  27.14,  27.09,  27.25,  27.60,  27.64,  27.23,  27.34,  27.18,  27.29,  26.90,  27.31,  27.67,  27.67,  27.80,  27.89,  27.88,  27.65,  27.57,  26.63,  27.07,  27.14,  27.32
19931004, 0000,  , TD, 13.9N, 116.7W,  25, 1008, -999, -999, -999, -999, -999, -999, -999, -999, -999, -999, -999, -999, -999,  26.40,  26.48,  26.41,  26.66,  26.75,  26.79,  26.84,  27.19,  26.95,  26.63,  27.05,  26.91,  27.12,  27.30,  27.66,  27.28,  27.48,  27.70,  27.66,  28.22,  28.00,  28.04,  28.09,  28.16,  28.16,  27.97,  27.58,  27.30,  27.85,  27.45,  27.54
