EP152003,               OLAF,     21,
20031003, 0600,  , TD, 11.7N,  98.4W,  30, 1006, -999, -999, -999, -999, -999, -999, -999, -999, -999, -999, -999, -999, -999,  34.09,  34.09,  34.17,  34.22,  34.42,  34.42,  34.55,  34.59,  34.55,  34.58,  34.57,  34.65,  34.69,  34.67,  34.68,  34.70,  34.71,  34.71,  34.69,  34.70,  34.68,  34.68,  34.63,  34.55,  34.51,  34.38,  34.35,  34.32,  34.27,  34.35,  34.38
20031003, 1200,  , TS, 12.1N,  98.9W,  40, 1002, -999, -999, -999, -999, -999, -999, -999, -999, -999, -999, -999, -999, -999,  34.67,  34.62,  34.61,  34.59,  34.55,  34.64,  34.55,  34.61,  34.55,  34.56,  34.62,  34.59,  34.65,  34.65,  34.65,  34.65,  34.66,  34.67,  34.66,  34.62,  34.64,  34.65,  34.66,  34.66,  34.68,  34.68,  34.70,  34.70,  34.70,  34.69,  34.66
20031003, 1800,  , TS, 12.4N,  99.5W,  50, 1000, -999, -999, -999, -999, -999, -999, -999, -999, -999, -999, -999, -999, -999,  34.69,  34.67,  34.61,  34.59,  34.60,  34.61,  34.59,  34.72,  34.60,  34.58,  34.58,  34.51,  34.49,  34.47,  34.52,  34.54,  34.61,  34.57,  34.54,  34.58,  34.61,  34.61,  34.58,  34.59,  34.62,  34.63,  34.65,  34.64,  34.66,  34.66,  34.67
20031004, 0000,  , TS, 13.1N, 100.0W,  45, 1000, -999, -999, -999, -999, -999, -999, -999, -999, -999, -999, -999, -999, -999,  34.69,  34.59,  34.52,  34.52,  34.52,  34.50,  34.55,  34.42,  34.38,  34.34,  34.16,  34.28,  34.21,  34.27,  34.29,  34.37,  34.38,  34.41,  34.48,  34.26,  34.39,  34.39,  34.56,  34.64,  34.66,  34.72,  34.77,  34.83,  34.83,  34.83,  34.83
20031004, 0600,  , TS, 13.8N, 100.6W,  45, 1000, -999, -999, -999, -999, -999, -999, -999, -999, -999, -999, -999, -999, -999,  34.10,  34.06,  34.07,  34.13,  34.05,  33.99,  34.08,  33.96,  33.97,  34.01,  34.11,  34.06,  33.91,  33.83,  33.64,  33.59,  33.45,  33.38,  33.48,  33.56,  33.72,  33.69,  33.91,  34.09,  34.18,  34.30,  34.30,  34.43,  34.38,  34.49,  34.50
20031004, 1200,  , TS, 14.5N, 101.3W,  50,  997, -999, -999, -999, -999, -999, -999, -999, -999, -999, -999, -999, -999, -999,  34.31,  34.27,  34.15,  33.96,  33.82,  33.80,  33.66,  33.69,  33.76,  33.80,  33.84,  33.92,  33.91,  33.97,  34.00,  34.28,  33.99,  33.87,  33.68,  33.61,  33.63,  33.51,  34.02,  34.16,  34.15,  34.05,  34.01,  34.15,  34.07,  34.13,  33.99
20031004, 1800,  , TS, 15.0N, 102.1W,  55,  994, -999, -999, -999, -999, -999, -999, -999, -999, -999, -999, -999, -999, -999,  34.19,  34.19,  34.23,  34.25,  34.28,  34.20,  34.13,  34.12,  34.22,  34.22,  34.13,  34.05,  33.92,  33.91,  33.75,  33.67,  33.63,  33.65,  33.62,  33.67,  33.60,  33.65,  34.11,  34.34,  34.25,  34.26,  34.35,  34.27,  34.14,  34.25,  34.01
20031005, 0000,  , TS, 15.5N, 102.9W,  55,  994, -999, -999, -999, -999, -999, -999, -999, -999, -999, -999, -999, -999, -999,  34.48,  34.20,  34.15,  34.24,  34.26,  34.26,  34.21,  34.15,  34.04,  34.03,  34.03,  34.01,  34.06,  34.15,  34.18,  34.11,  34.12,  34.12,  33.95,  33.77,  33.73,  33.78,  33.83,  33.79,  33.70,  33.75,  33.69,  33.75,  33.79,  33.83,  33.88
20031005, 0600,  , TS, 15.9N, 103.6W,  55,  992, -999, -999, -999, -999, -999, -999, -999, -999, -999, -999, -999, -999, -999,  34.43,  34.47,  34.49,  34.47,  34.47,  34.47,  34.44,  34.42,  34.29,  34.27,  34.25,  34.25,  34.27,  34.31,  34.37,  34.21,  34.12,  34.09,  33.83,  33.71,  33.99,  34.10,  34.16,  34.15,  34.08,  34.01,  33.84,  33.78,  33.80,  33.85,  33.67
20031005, 1200,  , HU, 16.5N, 104.2W,  65,  987, -999, -999, -999, -999, -999, -999, -999, -999, -999, -999, -999, -999, -999,  34.46,  34.44,  34.44,  34.41,  34.47,  34.46,  34.40,  34.41,  34.23,  34.26,  34.24,  34.25,  34.37,  34.48,  34.58,  34.49,  34.45,  34.46,  34.25,  34.22,  34.33,  34.46,  34.45,  34.47,  34.44,  34.41,  34.40,  34.36,  34.27,  34.20,  34.13
20031005, 1800,  , TS, 17.1N, 104.8W,  55,  990, -999, -999, -999, -999, -999, -999, -999, -999, -999, -999, -999, -999, -999,  34.46,  34.59,  34.59,  34.60,  34.59,  34.54,  34.38,  34.33,  34.29,  34.28,  34.26,  34.32,  34.38,  34.48,  34.49,  34.29,  34.17,  34.32,  34.27,  34.21,  34.30,  34.34,  34.45,  34.47,  34.40,  34.40,  34.40,  34.43,  34.41,  34.34,  34.20
20031006, 0000,  , TS, 17.4N, 105.0W,  50,  995, -999, -999, -999, -999, -999, -999, -999, -999, -999, -999, -999, -999, -999,  34.73,  34.75,  34.78,  34.75,  34.64,  34.46,  34.41,  34.27,  34.19,  34.19,  34.16,  34.13,  34.25,  34.32,  34.31,  34.32,  34.53,  34.49,  34.47,  34.51,  34.53,  34.51,  34.46,  34.45,  34.44,  34.43,  34.42,  34.45,  34.35,  34.25,  34.22
20031006, 0600,  , TS, 17.5N, 104.9W,  45, 1000, -999, -999, -999, -999, -999, -999, -999, -999, -999, -999, -999, -999, -999,  34.70,  34.66,  34.57,  34.50,  34.48,  34.37,  34.32,  34.22,  34.18,  34.15,  34.17,  34.14,  34.30,  34.38,  34.33,  34.36,  34.55,  34.45,  34.37,  34.36,  34.48,  34.52,  34.53,  34.51,  34.44,  34.40,  34.38,  34.40,  34.40,  34.29,  34.30
20031006, 1200,  , TS, 17.4N, 104.5W,  35, 1000, -999, -999, -999, -999, -999, -999, -999, -999, -999, -999, -999, -999, -999,  34.31,  34.33,  34.32,  34.39,  34.44,  34.40,  34.34,  34.25,  34.21,  34.11,  34.05,  34.01,  34.11,  34.21,  34.18,  34.14,  34.19,  34.11,  34.13,  34.02,  34.14,  34.23,  34.20,  34.23,  34.28,  34.32,  34.33,  34.36,  34.34,  34.34,  34.30
20031006, 1800,  , TS, 17.9N, 104.4W,  40,  998, -999, -999, -999, -999, -999, -999, -999, -999, -999, -999, -999, -999, -999,  34.32,  34.37,  34.38,  34.41,  34.39,  34.36,  34.37,  34.30,  34.28,  34.10,  34.37,  34.61,  34.52,  34.46,  34.42,  34.46,  34.30,  34.22,  34.23,  34.17,  34.23,  34.24,  34.24,  34.19,  34.22,  34.32,  34.27,  34.23,  34.23,  34.22,  34.23
20031007, 0000,  , TS, 18.4N, 104.5W,  45,  997, -999, -999, -999, -999, -999, -999, -999, -999, -999, -999, -999, -999, -999,  34.23,  34.16,  34.35,  34.44,  34.31,  34.38,  34.56,  34.54,  34.58,  34.61,  34.64,  34.46,  34.35,  34.34,  34.31,  34.28,  34.22,  34.19,  34.17,  34.18,  34.19,  34.12,  34.13,  34.20,  34.19,  34.19,  34.19,  34.21,  34.21,  34.23,  34.23
20031007, 0600,  , TS, 19.0N, 104.6W,  50,  997, -999, -999, -999, -999, -999, -999, -999, -999, -999, -999, -999, -999, -999,  34.16,  34.17,  34.20,  34.20,  34.29,  34.35,  34.58,  34.45,  34.38,  34.44,  34.49,  34.28,  34.27,  34.25,  34.30,  34.23,  34.31,  34.38,  34.40,  34.43,  34.44,  34.44,  34.44,  34.45,  34.50,  34.45,  34.46,  34.54,  34.55,  34.54,  34.48
20031007, 0800, L, TS, 19.2N, 104.6W,  50,  997, -999, -999, -999, -999, -999, -999, -999, -999, -999, -999, -999, -999, -999,  34.22,  34.21,  34.21,  34.21,  34.55,  34.59,  34.59,  34.66,  34.63,  34.61,  34.61,  34.49,  34.53,  34.59,  34.63,  34.43,  34.66,  34.68,  34.76,  34.76,  34.72,  34.69,  34.68,  34.58,  34.69,  34.70,  34.70,  34.69,  34.69,  34.69,  34.71
20031007, 1200,  , TS, 19.6N, 104.6W,  40,  999, -999, -999, -999, -999, -999, -999, -999, -999, -999, -999, -999, -999, -999,    nan,    nan,    nan,    nan,    nan,    nan,    nan,    nan,    nan,    nan,    nan,    nan,    nan,    nan,    nan,    nan,    nan,    nan,    nan,    nan,    nan,    nan,    nan,    nan,    nan,    nan,    nan,    nan,    nan,    nan,    nan
20031007, 1800,  , TD, 20.3N, 104.5W,  30, 1002, -999, -999, -999, -999, -999, -999, -999, -999, -999, -999, -999, -999, -999,    nan,    nan,    nan,    nan,    nan,    nan,    nan,    nan,    nan,    nan,    nan,    nan,    nan,    nan,    nan,    nan,    nan,    nan,    nan,    nan,    nan,    nan,    nan,    nan,    nan,    nan,    nan,    nan,    nan,    nan,    nan
20031008, 0000,  , TD, 20.8N, 103.8W,  25, 1004, -999, -999, -999, -999, -999, -999, -999, -999, -999, -999, -999, -999, -999,    nan,    nan,    nan,    nan,    nan,    nan,    nan,    nan,    nan,    nan,    nan,    nan,    nan,    nan,    nan,    nan,    nan,    nan,    nan,    nan,    nan,    nan,    nan,    nan,    nan,    nan,    nan,    nan,    nan,    nan,    nan
