EP162003,           PATRICIA,     25,
20031020, 1200,  , TD, 10.0N, 100.3W,  30, 1007, -999, -999, -999, -999, -999, -999, -999, -999, -999, -999, -999, -999, -999,  33.19,  33.10,  33.15,  33.19,  33.15,  33.18,  33.19,  33.22,  33.19,  33.21,  33.21,  33.15,  33.16,  33.19,  33.19,  33.13,  33.06,  33.03,  33.10,  33.07,  33.11,  33.15,  33.12,  33.17,  33.18,  33.19,  33.18,  33.19,  33.21,  33.24,  33.25
20031020, 1800,  , TS, 10.3N, 101.2W,  35, 1002, -999, -999, -999, -999, -999, -999, -999, -999, -999, -999, -999, -999, -999,  33.21,  33.29,  33.27,  33.23,  33.20,  33.23,  33.14,  33.17,  33.17,  33.15,  33.24,  33.20,  33.15,  33.23,  33.22,  33.17,  33.13,  33.07,  33.13,  33.16,  33.20,  33.21,  33.21,  33.24,  33.28,  33.31,  33.34,  33.34,  33.34,  33.35,  33.32
20031021, 0000,  , TS, 10.6N, 101.9W,  45, 1000, -999, -999, -999, -999, -999, -999, -999, -999, -999, -999, -999, -999, -999,  33.33,  33.32,  33.30,  33.26,  33.27,  33.23,  33.18,  33.23,  33.24,  33.25,  33.26,  33.28,  33.29,  33.29,  33.27,  33.17,  33.20,  33.23,  33.27,  33.27,  33.35,  33.34,  33.35,  33.36,  33.38,  33.37,  33.37,  33.34,  33.40,  33.36,  33.39
20031021, 0600,  , TS, 10.9N, 102.6W,  55,  994, -999, -999, -999, -999, -999, -999, -999, -999, -999, -999, -999, -999, -999,  33.48,  33.47,  33.45,  33.43,  33.41,  33.39,  33.34,  33.36,  33.34,  33.33,  33.33,  33.31,  33.29,  33.28,  33.27,  33.16,  33.19,  33.26,  33.39,  33.37,  33.41,  33.40,  33.41,  33.42,  33.48,  33.54,  33.50,  33.44,  33.44,  33.36,  33.37
20031021, 1200,  , HU, 11.3N, 103.4W,  65,  987, -999, -999, -999, -999, -999, -999, -999, -999, -999, -999, -999, -999, -999,  33.51,  33.44,  33.42,  33.41,  33.40,  33.40,  33.38,  33.36,  33.39,  33.42,  33.42,  33.44,  33.45,  33.42,  33.41,  33.37,  33.25,  33.38,  33.34,  33.35,  33.38,  33.42,  33.41,  33.43,  33.43,  33.48,  33.46,  33.50,  33.50,  33.50,  33.52
20031021, 1800,  , HU, 11.6N, 104.2W,  65,  987, -999, -999, -999, -999, -999, -999, -999, -999, -999, -999, -999, -999, -999,  33.48,  33.39,  33.41,  33.41,  33.40,  33.40,  33.39,  33.40,  33.39,  33.41,  33.39,  33.41,  33.43,  33.41,  33.40,  33.43,  33.41,  33.45,  33.45,  33.44,  33.45,  33.45,  33.45,  33.41,  33.41,  33.38,  33.41,  33.50,  33.50,  33.46,  33.40
20031022, 0000,  , HU, 11.7N, 105.0W,  70,  984, -999, -999, -999, -999, -999, -999, -999, -999, -999, -999, -999, -999, -999,  33.42,  33.44,  33.44,  33.43,  33.42,  33.43,  33.43,  33.44,  33.44,  33.43,  33.44,  33.43,  33.43,  33.42,  33.45,  33.43,  33.46,  33.46,  33.45,  33.46,  33.45,  33.47,  33.46,  33.47,  33.47,  33.48,  33.48,  33.47,  33.47,  33.45,  33.46
20031022, 0600,  , HU, 11.9N, 105.8W,  65,  987, -999, -999, -999, -999, -999, -999, -999, -999, -999, -999, -999, -999, -999,  33.45,  33.48,  33.46,  33.42,  33.44,  33.45,  33.48,  33.50,  33.52,  33.56,  33.56,  33.56,  33.60,  33.61,  33.62,  33.56,  33.61,  33.61,  33.56,  33.58,  33.53,  33.56,  33.53,  33.52,  33.49,  33.49,  33.51,  33.51,  33.52,  33.50,  33.49
20031022, 1200,  , TS, 12.0N, 106.7W,  60,  990, -999, -999, -999, -999, -999, -999, -999, -999, -999, -999, -999, -999, -999,  33.39,  33.39,  33.46,  33.45,  33.51,  33.59,  33.65,  33.65,  33.65,  33.61,  33.58,  33.60,  33.58,  33.58,  33.63,  33.61,  33.62,  33.72,  33.74,  33.76,  33.77,  33.76,  33.76,  33.74,  33.56,  33.52,  33.62,  33.60,  33.56,  33.52,  33.54
20031022, 1800,  , TS, 12.2N, 107.8W,  55,  994, -999, -999, -999, -999, -999, -999, -999, -999, -999, -999, -999, -999, -999,  33.49,  33.46,  33.47,  33.44,  33.45,  33.47,  33.44,  33.45,  33.46,  33.52,  33.52,  33.55,  33.55,  33.58,  33.62,  33.54,  33.50,  33.55,  33.57,  33.54,  33.57,  33.57,  33.57,  33.61,  33.62,  33.62,  33.60,  33.59,  33.62,  33.63,  33.61
20031023, 0000,  , TS, 12.4N, 108.6W,  45, 1000, -999, -999, -999, -999, -999, -999, -999, -999, -999, -999, -999, -999, -999,  33.46,  33.45,  33.44,  33.45,  33.47,  33.58,  33.64,  33.62,  33.56,  33.49,  33.51,  33.61,  33.67,  33.68,  33.63,  33.61,  33.65,  33.65,  33.66,  33.64,  33.66,  33.64,  33.62,  33.59,  33.61,  33.62,  33.63,  33.63,  33.61,  33.61,  33.63
20031023, 0600,  , TS, 12.8N, 109.5W,  40, 1002, -999, -999, -999, -999, -999, -999, -999, -999, -999, -999, -999, -999, -999,  33.64,  33.62,  33.58,  33.55,  33.51,  33.55,  33.54,  33.56,  33.57,  33.57,  33.61,  33.62,  33.65,  33.64,  33.64,  33.65,  33.63,  33.60,  33.60,  33.59,  33.55,  33.56,  33.56,  33.58,  33.54,  33.44,  33.39,  33.43,  33.42,  33.48,  33.41
20031023, 1200,  , TS, 13.2N, 110.7W,  40, 1003, -999, -999, -999, -999, -999, -999, -999, -999, -999, -999, -999, -999, -999,  33.93,  33.95,  33.95,  33.95,  33.90,  33.87,  33.77,  33.77,  33.75,  33.79,  33.76,  33.80,  33.80,  33.82,  33.92,  33.96,  33.91,  33.94,  33.98,  33.97,  34.00,  33.98,  34.06,  34.04,  34.03,  34.06,  33.94,  33.93,  33.84,  33.77,  33.81
20031023, 1800,  , TS, 13.3N, 111.7W,  35, 1005, -999, -999, -999, -999, -999, -999, -999, -999, -999, -999, -999, -999, -999,  33.74,  33.78,  33.87,  33.97,  33.97,  33.98,  33.99,  34.02,  33.99,  34.02,  33.96,  33.97,  33.96,  33.95,  34.00,  34.02,  34.03,  33.89,  33.88,  33.88,  33.86,  33.83,  33.82,  33.87,  33.86,  33.90,  33.88,  33.90,  33.89,  33.86,  33.86
20031024, 0000,  , TS, 13.6N, 112.3W,  35, 1005, -999, -999, -999, -999, -999, -999, -999, -999, -999, -999, -999, -999, -999,  33.73,  33.70,  33.68,  33.72,  33.80,  33.91,  33.96,  33.97,  33.98,  34.01,  34.00,  34.01,  34.00,  34.00,  33.99,  33.95,  33.88,  33.89,  33.91,  33.90,  33.89,  33.87,  33.87,  33.82,  33.81,  33.94,  34.01,  34.10,  34.10,  34.08,  34.05
20031024, 0600,  , TS, 13.7N, 112.6W,  35, 1005, -999, -999, -999, -999, -999, -999, -999, -999, -999, -999, -999, -999, -999,  33.60,  33.69,  33.74,  33.73,  33.72,  33.74,  33.79,  33.90,  33.93,  33.99,  33.99,  34.00,  34.00,  34.02,  34.01,  33.98,  33.93,  33.91,  33.93,  33.92,  33.91,  33.89,  33.89,  33.87,  33.83,  33.84,  33.86,  33.88,  33.91,  33.89,  33.94
20031024, 1200,  , TS, 13.9N, 112.9W,  40, 1002, -999, -999, -999, -999, -999, -999, -999, -999, -999, -999, -999, -999, -999,  33.51,  33.51,  33.65,  33.75,  33.74,  33.72,  33.69,  33.69,  33.72,  33.77,  33.81,  33.89,  33.92,  33.97,  33.99,  33.99,  33.94,  33.91,  33.96,  33.95,  33.94,  33.94,  33.94,  33.92,  33.88,  33.86,  33.89,  33.87,  33.87,  33.87,  33.86
20031024, 1800,  , TS, 14.3N, 113.2W,  40, 1002, -999, -999, -999, -999, -999, -999, -999, -999, -999, -999, -999, -999, -999,  34.04,  34.05,  34.05,  34.06,  34.07,  34.04,  34.07,  34.03,  34.08,  34.08,  34.13,  34.13,  34.12,  34.09,  34.05,  34.01,  33.92,  33.96,  34.03,  34.02,  34.05,  34.05,  34.05,  34.04,  34.01,  33.98,  33.99,  33.96,  33.93,  33.94,  33.91
20031025, 0000,  , TS, 14.6N, 113.5W,  35, 1005, -999, -999, -999, -999, -999, -999, -999, -999, -999, -999, -999, -999, -999,  34.03,  34.08,  34.10,  34.12,  34.11,  34.12,  34.11,  34.12,  34.09,  34.12,  34.12,  34.14,  34.13,  34.12,  34.07,  34.01,  34.03,  34.05,  34.01,  34.00,  33.99,  33.98,  34.01,  33.98,  34.01,  34.01,  33.99,  33.98,  34.00,  33.99,  33.97
20031025, 0600,  , TS, 14.9N, 113.8W,  35, 1005, -999, -999, -999, -999, -999, -999, -999, -999, -999, -999, -999, -999, -999,  33.83,  33.85,  33.86,  33.89,  33.93,  33.95,  34.01,  34.03,  34.12,  34.12,  34.12,  34.13,  34.13,  34.14,  34.14,  34.13,  34.14,  34.15,  34.14,  34.13,  34.10,  34.10,  34.09,  34.07,  33.99,  34.01,  33.94,  33.95,  33.95,  33.97,  33.96
20031025, 1200,  , TD, 15.2N, 114.1W,  30, 1008, -999, -999, -999, -999, -999, -999, -999, -999, -999, -999, -999, -999, -999,  34.15,  34.16,  34.20,  34.20,  34.20,  34.21,  34.20,  34.18,  34.10,  33.99,  33.90,  33.90,  33.91,  33.93,  33.99,  33.98,  34.04,  34.03,  34.05,  34.03,  34.02,  34.06,  34.06,  34.09,  34.07,  34.03,  34.04,  34.02,  33.99,  34.00,  33.98
20031025, 1800,  , TD, 15.5N, 114.4W,  30, 1008, -999, -999, -999, -999, -999, -999, -999, -999, -999, -999, -999, -999, -999,  34.24,  34.23,  34.25,  34.25,  34.26,  34.27,  34.26,  34.24,  34.20,  34.13,  34.05,  33.99,  33.92,  33.94,  33.93,  33.96,  33.96,  34.02,  34.00,  34.11,  34.09,  34.15,  34.14,  34.14,  34.08,  34.09,  34.06,  34.01,  33.93,  33.90,  33.90
20031026, 0000,  , TD, 15.7N, 114.7W,  25, 1008, -999, -999, -999, -999, -999, -999, -999, -999, -999, -999, -999, -999, -999,  34.27,  34.27,  34.27,  34.27,  34.27,  34.26,  34.25,  34.25,  34.22,  34.19,  34.17,  34.12,  34.14,  34.09,  34.15,  34.07,  34.17,  34.17,  34.22,  34.20,  34.21,  34.19,  34.19,  34.13,  34.13,  34.11,  34.04,  33.96,  33.96,  33.94,  33.97
20031026, 0600,  , LO, 15.8N, 115.1W,  20, 1009, -999, -999, -999, -999, -999, -999, -999, -999, -999, -999, -999, -999, -999,  34.21,  34.22,  34.25,  34.27,  34.28,  34.29,  34.29,  34.28,  34.28,  34.28,  34.28,  34.28,  34.28,  34.27,  34.25,  34.23,  34.21,  34.21,  34.22,  34.22,  34.22,  34.21,  34.20,  34.16,  34.17,  34.16,  34.17,  34.19,  34.22,  34.22,  34.21
20031026, 1200,  , LO, 15.8N, 115.5W,  20, 1009, -999, -999, -999, -999, -999, -999, -999, -999, -999, -999, -999, -999, -999,  34.21,  34.22,  34.22,  34.23,  34.23,  34.25,  34.26,  34.27,  34.28,  34.28,  34.27,  34.27,  34.26,  34.25,  34.24,  34.22,  34.22,  34.23,  34.24,  34.22,  34.22,  34.21,  34.19,  34.15,  34.16,  34.14,  34.19,  34.21,  34.20,  34.20,  34.18
