EP172014,               POLO,     44,
20140916, 0000,  , TS, 11.4N,  97.6W,  35, 1007,    0,   80,   40,    0,    0,    0,    0,    0,    0,    0,    0,    0, -999,  34.59,  34.37,  34.75,  34.71,  34.58,  34.10,  34.25,  34.73,  34.70,  34.67,  34.58,  34.64,  34.83,  34.60,  34.40,  34.38,  34.51,  34.47,  34.73,  34.71,  34.79,  34.80,  34.41,  34.38,  34.34,  34.24,  34.53,  34.58,  34.61,  34.84,  35.16
20140916, 0600,  , TS, 11.6N,  98.3W,  40, 1006,    0,   70,   40,    0,    0,    0,    0,    0,    0,    0,    0,    0, -999,  34.76,  34.85,  34.95,  34.51,  34.52,  33.76,  33.83,  34.26,  34.40,  34.55,  34.70,  34.61,  34.56,  34.28,  34.06,  33.72,  34.23,  34.10,  34.35,  34.35,  34.42,  34.39,  34.42,  34.39,  34.29,  34.30,  34.27,  34.35,  34.40,  34.43,  34.73
20140916, 1200,  , TS, 12.1N,  99.1W,  40, 1005,    0,   60,   40,    0,    0,    0,    0,    0,    0,    0,    0,    0, -999,  34.89,  34.89,  34.82,  35.03,  35.01,  34.96,  34.80,  34.89,  35.01,  35.01,  34.97,  35.13,  35.09,  34.63,  34.77,  34.25,  34.15,  34.22,  34.17,  34.24,  34.39,  34.66,  34.69,  34.84,  34.84,  34.79,  34.94,  34.90,  34.81,  34.83,  35.01
20140916, 1800,  , TS, 12.8N, 100.0W,  45, 1003,   50,   60,   50,   50,    0,    0,    0,    0,    0,    0,    0,    0, -999,  34.87,  34.40,  34.58,  34.61,  34.64,  34.94,  34.58,  34.57,  34.56,  34.71,  34.90,  34.80,  34.87,  35.01,  35.22,  35.08,  35.07,  35.09,  35.14,  35.13,  34.82,  34.87,  34.97,  35.02,  35.11,  35.03,  34.98,  34.94,  34.88,  34.89,  34.86
20140917, 0000,  , TS, 13.6N, 100.8W,  45, 1000,   60,   70,   60,   50,    0,    0,    0,    0,    0,    0,    0,    0, -999,  34.67,  34.78,  34.42,  35.09,  35.05,  35.05,  34.76,  34.82,  34.67,  34.97,  34.68,  34.70,  34.28,  34.68,  34.51,  34.13,  34.38,  34.06,  34.32,  34.33,  34.65,  34.50,  34.80,  35.04,  34.65,  34.53,  34.44,  34.29,  34.40,  34.37,  34.33
20140917, 0600,  , TS, 14.4N, 101.5W,  45,  998,   60,   70,   60,   50,    0,    0,    0,    0,    0,    0,    0,    0, -999,  33.80,  33.50,  33.60,  35.05,  35.50,  34.93,  34.31,  33.82,  33.86,  33.68,  33.56,  34.06,  34.23,  34.33,  35.01,  34.41,  34.57,  34.37,  34.38,  33.71,  33.38,  33.42,  33.48,  34.18,  34.20,  34.15,  34.41,  33.88,  34.02,  33.95,  33.58
20140917, 1200,  , TS, 15.2N, 102.3W,  50,  994,   60,   70,   60,   50,   20,   20,    0,   20,    0,    0,    0,    0, -999,  33.77,  34.07,  33.89,  33.86,  33.81,  34.01,  33.80,  33.83,  33.77,  33.77,  33.80,  33.76,  33.73,  33.83,  33.74,  33.87,  33.77,  33.92,  36.33,  34.59,  33.37,  34.04,  33.18,  33.09,  34.35,  34.25,  34.95,  34.75,  35.89,  35.38,  35.42
20140917, 1800,  , TS, 15.7N, 103.1W,  60,  986,   70,   70,   60,   60,   30,   30,    0,   20,    0,    0,    0,    0, -999,  34.32,  34.14,  34.03,  33.97,  34.33,  34.24,  34.21,  34.28,  34.37,  34.53,  34.23,  34.17,  33.91,  33.99,  34.03,  33.94,  34.08,  34.24,  34.68,  35.45,  34.71,  35.13,  35.02,  35.48,  35.42,  35.57,  34.59,  34.90,  34.54,  34.42,  34.79
20140918, 0000,  , HU, 16.0N, 104.0W,  65,  979,   70,   70,   60,   60,   30,   30,   20,   20,   15,   15,   10,   10, -999,  34.29,  34.33,  34.29,  34.52,  34.33,  34.32,  34.08,  34.41,  34.51,  34.97,  34.67,  35.12,  35.11,  34.64,  34.98,  35.29,  35.34,  34.57,  34.63,  34.82,  34.90,  35.01,  35.06,  34.87,  34.82,  34.84,  34.95,  34.86,  34.86,  34.90,  34.89
20140918, 0600,  , HU, 16.4N, 104.7W,  65,  979,   80,   70,   60,   60,   30,   30,   20,   20,   15,   15,   10,   10, -999,  34.63,  34.79,  34.56,  34.90,  34.73,  34.47,  34.29,  34.55,  35.56,  34.97,  34.77,  34.83,  34.90,  34.68,  34.88,  34.70,  34.76,  34.78,  34.77,  34.65,  34.60,  34.40,  34.45,  34.51,  34.57,  34.43,  34.43,  34.40,  34.53,  34.51,  34.59
20140918, 1200,  , HU, 16.9N, 105.2W,  65,  980,   90,   70,   60,   60,   30,   30,   20,   20,   15,   15,   10,   10, -999,  34.99,  34.96,  35.09,  34.73,  34.54,  34.69,  34.64,  34.39,  34.14,  33.97,  34.30,  34.51,  34.53,  34.50,  34.51,  34.45,  34.61,  34.60,  34.63,  34.65,  34.58,  34.60,  34.57,  34.53,  34.47,  34.62,  34.61,  34.27,  34.29,  34.27,  34.37
20140918, 1800,  , TS, 17.5N, 105.6W,  60,  981,  100,   70,   60,   70,   30,   30,   30,   20,    0,    0,    0,    0, -999,  34.44,  34.33,  34.34,  34.27,  34.34,  34.03,  34.11,  34.23,  34.27,  34.16,  34.05,  34.31,  34.43,  34.49,  34.36,  34.44,  34.62,  34.61,  34.60,  34.63,  34.55,  34.61,  34.63,  34.59,  34.64,  34.52,  34.48,  34.46,  34.63,  34.64,  34.45
20140919, 0000,  , TS, 18.1N, 106.1W,  60,  982,  100,   70,   60,   70,   30,   30,   30,   20,    0,    0,    0,    0, -999,  34.66,  34.76,  34.37,  34.37,  34.18,  34.37,  34.32,  34.21,  34.50,  34.61,  34.30,  34.51,  34.42,  34.42,  35.33,  35.52,  35.33,  35.32,  34.86,  35.07,  34.72,  34.41,  34.49,  34.35,  34.48,  34.44,  34.73,  34.69,  34.76,  34.64,  35.00
20140919, 0600,  , TS, 18.5N, 106.7W,  60,  983,   90,   70,   60,   60,   30,   30,   30,   20,    0,    0,    0,    0, -999,  34.54,  34.64,  34.43,  34.46,  34.42,  34.49,  34.47,  34.47,  34.46,  34.41,  34.26,  34.46,  33.85,  34.01,  34.42,  34.75,  34.76,  35.01,  34.56,  34.65,  34.45,  34.23,  34.25,  34.50,  34.35,  34.28,  34.49,  34.76,  34.71,  34.64,  34.64
20140919, 1200,  , TS, 18.9N, 107.2W,  60,  985,   80,   80,   60,   60,   30,   40,   30,    0,    0,    0,    0,    0, -999,  34.24,  34.25,  34.14,  34.15,  34.16,  34.12,  34.16,  34.13,  34.13,  34.14,  34.21,  34.35,  34.21,  33.86,  34.56,  34.20,  34.76,  34.42,  34.57,  34.64,  34.58,  34.53,  34.50,  34.47,  34.45,  34.39,  34.39,  34.44,  34.47,  34.53,  34.58
20140919, 1800,  , TS, 19.4N, 107.6W,  60,  987,   80,   80,   70,   60,   30,   50,   40,    0,    0,    0,    0,    0, -999,  34.35,  34.39,  34.27,  34.36,  34.38,  34.35,  34.32,  34.28,  34.38,  34.39,  34.24,  34.52,  34.25,  34.47,  34.47,  34.35,  34.54,  34.43,  34.16,  34.31,  34.32,  34.30,  34.27,  34.33,  34.41,  34.49,  34.53,  34.53,  34.50,  34.41,  34.41
20140920, 0000,  , TS, 19.8N, 107.9W,  55,  990,   70,   80,   70,   50,   30,   60,   50,    0,    0,    0,    0,    0, -999,  34.66,  34.36,  34.42,  34.48,  34.58,  34.98,  34.93,  34.47,  35.01,  34.58,  34.54,  34.62,  34.58,  34.54,  34.44,  34.37,  34.48,  34.36,  34.41,  34.29,  34.27,  34.46,  34.44,  34.59,  34.52,  34.44,  34.37,  34.37,  34.42,  34.50,  34.36
20140920, 0600,  , TS, 20.2N, 108.2W,  50,  995,   60,   80,   70,   40,   20,   60,   50,    0,    0,    0,    0,    0, -999,  34.54,  34.23,  34.44,  34.04,  33.94,  33.94,  33.97,  34.09,  34.18,  34.92,  34.51,  34.31,  34.36,  34.43,  34.15,  34.09,  34.50,  34.52,  34.51,  34.39,  34.51,  34.49,  34.28,  34.25,  34.33,  34.56,  34.69,  34.55,  34.38,  34.32,  34.30
20140920, 1200,  , TS, 20.7N, 108.6W,  45, 1000,   60,   80,   70,   40,    0,    0,    0,    0,    0,    0,    0,    0, -999,  34.09,  34.17,  34.09,  34.18,  33.89,  33.75,  33.56,  33.59,  33.84,  34.02,  34.18,  34.31,  34.49,  34.34,  34.31,  34.52,  34.33,  34.24,  34.36,  34.27,  34.26,  34.30,  34.44,  34.47,  34.47,  34.47,  34.44,  34.45,  34.39,  34.37,  34.47
20140920, 1800,  , TS, 21.1N, 109.1W,  40, 1002,   50,   80,   60,   30,    0,    0,    0,    0,    0,    0,    0,    0, -999,  34.90,  34.92,  34.92,  35.02,  34.91,  34.89,  34.59,  34.57,  34.56,  34.67,  34.47,  34.52,  34.50,  34.55,  34.51,  34.45,  34.40,  34.34,  34.41,  34.33,  34.46,  34.46,  34.41,  34.39,  34.32,  34.18,  34.22,  34.36,  34.35,  34.38,  34.40
20140921, 0000,  , TS, 21.4N, 109.6W,  35, 1003,   50,   60,   50,   30,    0,    0,    0,    0,    0,    0,    0,    0, -999,  34.56,  34.56,  34.72,  34.86,  35.05,  34.20,  34.07,  34.21,  34.29,  34.36,  34.19,  34.57,  34.58,  34.51,  34.53,  34.57,  34.50,  34.53,  34.48,  34.50,  34.40,  34.44,  34.25,  34.28,  34.16,  34.26,  34.27,  34.33,  34.31,  34.25,  34.27
20140921, 0600,  , TS, 21.6N, 110.2W,  35, 1003,   40,   40,   50,   30,    0,    0,    0,    0,    0,    0,    0,    0, -999,  34.37,  34.52,  34.60,  34.68,  34.88,  34.48,  34.52,  34.51,  34.55,  34.46,  34.38,  34.49,  34.69,  34.87,  34.55,  34.40,  34.30,  34.37,  34.18,  34.41,  34.27,  34.13,  34.10,  34.05,  33.97,  33.98,  34.03,  34.13,  34.26,  34.33,  34.31
20140921, 1200,  , TS, 22.0N, 111.0W,  40, 1003,   40,   30,   40,   30,    0,    0,    0,    0,    0,    0,    0,    0, -999,  34.37,  34.58,  34.44,  34.13,  34.31,  34.39,  34.44,  34.34,  34.38,  34.38,  34.34,  34.38,  34.31,  34.12,  34.02,  34.12,  34.47,  34.38,  34.52,  34.81,  34.73,  34.60,  34.35,  34.20,  34.31,  34.30,  34.14,  34.08,  34.17,  34.24,  33.96
20140921, 1800,  , TS, 22.4N, 111.8W,  40, 1003,   50,    0,   40,   30,    0,    0,    0,    0,    0,    0,    0,    0, -999,  34.26,  34.23,  34.05,  34.18,  34.16,  34.20,  34.18,  34.22,  34.15,  34.09,  34.02,  34.03,  34.04,  34.01,  34.12,  34.13,  34.25,  34.31,  34.39,  34.51,  34.46,  34.52,  34.48,  34.46,  34.49,  34.41,  34.42,  34.40,  34.29,  34.11,  33.97
20140922, 0000,  , TS, 22.6N, 112.7W,  35, 1003,   50,    0,   40,   30,    0,    0,    0,    0,    0,    0,    0,    0, -999,  33.97,  33.90,  34.02,  33.91,  34.06,  34.06,  34.08,  34.01,  33.94,  33.92,  33.95,  33.98,  34.02,  34.06,  34.06,  34.06,  34.04,  34.14,  34.16,  34.13,  34.17,  34.14,  34.16,  34.20,  34.18,  34.18,  34.18,  34.18,  34.13,  34.25,  34.30
20140922, 0600,  , TD, 22.5N, 113.5W,  30, 1004,    0,    0,    0,    0,    0,    0,    0,    0,    0,    0,    0,    0, -999,  33.98,  33.96,  33.97,  33.79,  33.88,  33.84,  34.00,  34.06,  34.08,  34.09,  34.07,  34.17,  34.20,  34.23,  34.20,  34.18,  34.16,  34.22,  34.22,  34.15,  34.20,  34.20,  34.25,  34.23,  34.21,  34.17,  34.20,  34.20,  34.17,  34.24,  34.35
20140922, 1200,  , LO, 22.3N, 114.2W,  25, 1005,    0,    0,    0,    0,    0,    0,    0,    0,    0,    0,    0,    0, -999,  34.22,  34.46,  34.25,  34.10,  34.11,  34.12,  34.11,  34.12,  34.18,  34.20,  34.08,  34.17,  34.14,  34.15,  34.09,  34.08,  33.98,  34.01,  34.02,  34.02,  34.15,  34.27,  34.17,  34.25,  34.26,  34.17,  34.24,  34.27,  34.23,  34.43,  34.55
20140922, 1800,  , LO, 22.1N, 114.8W,  25, 1006,    0,    0,    0,    0,    0,    0,    0,    0,    0,    0,    0,    0, -999,  34.11,  34.23,  34.18,  34.06,  33.98,  34.03,  34.00,  33.97,  34.03,  34.03,  33.98,  34.10,  34.11,  34.09,  34.06,  34.09,  34.03,  34.08,  34.11,  34.10,  34.09,  34.12,  33.86,  33.91,  33.96,  33.98,  33.97,  34.12,  34.14,  34.30,  34.62
20140923, 0000,  , LO, 21.9N, 115.1W,  25, 1007,    0,    0,    0,    0,    0,    0,    0,    0,    0,    0,    0,    0, -999,  34.08,  34.00,  33.98,  33.83,  33.81,  34.05,  34.12,  34.16,  34.10,  34.10,  34.12,  34.05,  34.01,  34.00,  33.97,  33.91,  33.89,  33.94,  33.97,  34.00,  34.03,  34.04,  34.06,  34.09,  34.10,  34.02,  34.20,  34.18,  34.16,  34.32,  34.31
20140923, 0600,  , LO, 21.6N, 115.4W,  25, 1007,    0,    0,    0,    0,    0,    0,    0,    0,    0,    0,    0,    0, -999,  34.11,  34.01,  33.98,  33.92,  33.89,  34.01,  34.02,  34.16,  34.13,  34.04,  34.08,  34.06,  34.02,  34.01,  34.02,  34.01,  34.08,  34.05,  34.09,  34.11,  34.09,  34.02,  34.18,  34.31,  34.36,  34.10,  34.33,  34.37,  34.21,  34.22,  34.41
20140923, 1200,  , LO, 21.3N, 115.7W,  25, 1007,    0,    0,    0,    0,    0,    0,    0,    0,    0,    0,    0,    0, -999,  34.12,  34.03,  34.01,  34.01,  33.95,  34.07,  34.06,  34.24,  34.24,  34.20,  34.22,  34.13,  34.12,  34.13,  34.12,  34.19,  34.21,  34.12,  34.15,  34.11,  34.13,  34.10,  34.30,  34.35,  34.35,  34.09,  34.22,  34.23,  34.21,  34.32,  34.32
20140923, 1800,  , LO, 21.0N, 115.8W,  20, 1007,    0,    0,    0,    0,    0,    0,    0,    0,    0,    0,    0,    0, -999,  34.50,  34.31,  34.26,  34.18,  34.13,  34.16,  34.17,  34.31,  34.25,  34.22,  34.28,  34.27,  34.27,  34.28,  34.30,  34.27,  34.20,  34.21,  34.09,  34.11,  34.18,  34.16,  34.35,  34.33,  34.28,  34.07,  34.15,  34.14,  34.15,  34.28,  34.30
20140924, 0000,  , LO, 20.6N, 115.9W,  20, 1007,    0,    0,    0,    0,    0,    0,    0,    0,    0,    0,    0,    0, -999,  34.38,  34.30,  34.27,  34.24,  34.30,  34.31,  34.27,  34.27,  34.25,  34.26,  34.30,  34.38,  34.34,  34.33,  34.22,  34.05,  34.28,  34.12,  34.27,  34.33,  34.33,  34.21,  34.16,  34.28,  34.06,  34.18,  34.28,  34.08,  34.20,  34.17,  34.30
20140924, 0600,  , LO, 20.2N, 116.0W,  20, 1007,    0,    0,    0,    0,    0,    0,    0,    0,    0,    0,    0,    0, -999,  34.21,  34.17,  34.18,  34.17,  34.25,  34.16,  34.29,  34.21,  34.03,  34.06,  34.18,  34.21,  34.17,  34.16,  34.17,  34.13,  34.07,  34.14,  34.20,  34.26,  34.28,  34.34,  34.26,  34.19,  34.23,  34.40,  34.42,  34.08,  34.13,  34.21,  34.24
20140924, 1200,  , LO, 19.7N, 116.2W,  20, 1007,    0,    0,    0,    0,    0,    0,    0,    0,    0,    0,    0,    0, -999,  34.15,  34.21,  34.20,  34.20,  34.20,  34.19,  34.27,  34.24,  34.17,  34.30,  34.24,  34.16,  34.14,  34.15,  34.09,  34.13,  34.08,  34.18,  34.06,  34.04,  34.01,  34.35,  34.20,  34.27,  34.17,  34.28,  34.24,  33.98,  34.01,  33.98,  33.98
20140924, 1800,  , LO, 19.3N, 116.4W,  20, 1007,    0,    0,    0,    0,    0,    0,    0,    0,    0,    0,    0,    0, -999,  34.26,  34.26,  34.24,  34.23,  34.27,  34.20,  34.13,  34.11,  34.13,  34.13,  34.21,  34.23,  34.26,  34.16,  34.18,  34.13,  34.04,  34.02,  34.01,  33.99,  33.98,  34.14,  34.12,  34.12,  33.99,  34.09,  34.13,  34.06,  34.04,  34.02,  34.01
20140925, 0000,  , LO, 18.9N, 116.9W,  20, 1007,    0,    0,    0,    0,    0,    0,    0,    0,    0,    0,    0,    0, -999,  34.01,  34.01,  34.01,  34.19,  34.22,  34.23,  34.18,  34.23,  34.22,  34.27,  34.31,  34.21,  34.14,  34.17,  34.11,  33.92,  33.89,  33.83,  33.78,  33.80,  33.98,  34.06,  34.08,  34.06,  34.00,  34.04,  34.07,  34.09,  34.09,  34.11,  34.15
20140925, 0600,  , LO, 18.5N, 117.5W,  20, 1007,    0,    0,    0,    0,    0,    0,    0,    0,    0,    0,    0,    0, -999,  33.87,  33.98,  33.92,  33.85,  33.82,  33.75,  33.75,  33.98,  33.99,  34.07,  33.97,  33.99,  34.14,  34.05,  33.98,  33.86,  33.89,  33.90,  33.88,  33.95,  34.18,  34.19,  34.23,  34.05,  34.07,  34.06,  34.07,  34.04,  33.98,  33.99,  34.07
20140925, 1200,  , LO, 18.0N, 118.2W,  20, 1007,    0,    0,    0,    0,    0,    0,    0,    0,    0,    0,    0,    0, -999,  34.10,  34.20,  34.17,  34.07,  34.05,  34.02,  33.99,  34.04,  33.99,  34.24,  34.25,  34.21,  34.36,  34.33,  34.27,  34.26,  34.20,  34.20,  34.16,  34.28,  34.35,  34.43,  34.53,  34.32,  34.17,  34.15,  34.15,  34.14,  34.08,  34.13,  34.24
20140925, 1800,  , LO, 17.4N, 118.8W,  20, 1007,    0,    0,    0,    0,    0,    0,    0,    0,    0,    0,    0,    0, -999,  34.04,  33.82,  33.84,  34.03,  33.96,  33.85,  33.88,  33.91,  33.84,  33.95,  33.91,  33.94,  34.20,  34.19,  34.17,  34.38,  34.23,  34.08,  33.97,  34.20,  34.19,  34.11,  34.25,  34.26,  34.14,  34.16,  34.19,  34.16,  34.21,  34.19,  34.14
20140926, 0000,  , LO, 16.9N, 119.5W,  20, 1007,    0,    0,    0,    0,    0,    0,    0,    0,    0,    0,    0,    0, -999,  33.95,  33.73,  33.58,  33.66,  33.88,  33.76,  33.75,  33.94,  34.01,  33.94,  34.27,  34.33,  34.86,  34.65,  34.57,  34.38,  34.38,  34.29,  34.13,  34.49,  34.59,  34.57,  34.47,  34.37,  34.35,  34.29,  34.16,  34.20,  34.17,  34.30,  34.08
20140926, 0600,  , LO, 16.5N, 120.2W,  20, 1007,    0,    0,    0,    0,    0,    0,    0,    0,    0,    0,    0,    0, -999,  33.84,  33.85,  33.66,  33.96,  34.01,  33.93,  33.90,  33.78,  33.90,  34.03,  34.58,  34.34,  34.21,  34.20,  34.25,  34.19,  34.19,  34.13,  34.29,  34.52,  34.49,  34.50,  34.44,  34.32,  34.29,  34.25,  34.17,  34.17,  34.20,  34.16,  34.05
20140926, 1200,  , LO, 16.0N, 120.8W,  20, 1007,    0,    0,    0,    0,    0,    0,    0,    0,    0,    0,    0,    0, -999,  34.19,  34.05,  34.31,  34.21,  34.25,  34.37,  34.42,  34.48,  34.47,  34.22,  34.22,  34.20,  34.18,  34.10,  34.10,  34.27,  34.32,  34.53,  34.52,  34.40,  34.45,  34.39,  34.38,  34.21,  34.17,  34.16,  34.16,  34.07,  34.14,  34.02,  34.05
20140926, 1800,  , LO, 15.5N, 121.4W,  20, 1007,    0,    0,    0,    0,    0,    0,    0,    0,    0,    0,    0,    0, -999,  34.06,  34.31,  34.62,  34.67,  34.44,  34.32,  34.44,  34.34,  34.34,  34.26,  34.34,  34.27,  34.30,  34.33,  34.48,  34.29,  34.11,  34.40,  34.41,  34.44,  34.26,  34.29,  34.32,  34.22,  34.11,  34.02,  33.91,  33.88,  33.91,  34.08,  34.12
