EP172021,               RICK,     15,
20211022, 1200,  , TD, 12.7N, 100.3W,  30, 1007,    0,    0,    0,    0,    0,    0,    0,    0,    0,    0,    0,    0,   50,  34.75,  34.77,  34.76,  34.75,  34.77,  34.75,  34.77,  34.77,  34.81,  34.80,  34.78,  34.78,  34.78,  34.77,  34.78,  34.78,  34.77,  34.79,  34.78,  34.79,  34.79,  34.80,  34.79,  34.79,  34.77,  34.76,  34.76,  34.76,  34.75,  34.75,  34.75
20211022, 1800,  , TS, 12.9N, 100.8W,  35, 1005,   40,   40,    0,    0,    0,    0,    0,    0,    0,    0,    0,    0,   40,  34.80,  34.79,  34.78,  34.77,  34.79,  34.77,  34.78,  34.80,  34.82,  34.80,  34.78,  34.77,  34.77,  34.76,  34.77,  34.76,  34.77,  34.78,  34.77,  34.75,  34.77,  34.75,  34.76,  34.77,  34.74,  34.73,  34.76,  34.74,  34.76,  34.72,  34.73
20211023, 0000,  , TS, 13.2N, 101.1W,  45, 1001,   40,   40,    0,   40,    0,    0,    0,    0,    0,    0,    0,    0,   30,  34.74,  34.72,  34.73,  34.74,  34.72,  34.73,  34.75,  34.76,  34.76,  34.75,  34.73,  34.72,  34.73,  34.73,  34.73,  34.74,  34.78,  34.74,  34.78,  34.76,  34.79,  34.75,  34.81,  34.81,  34.80,  34.78,  34.80,  34.77,  34.78,  34.76,  34.77
20211023, 0600,  , TS, 13.7N, 101.2W,  60,  995,   50,   50,   30,   40,    0,   20,    0,    0,    0,    0,    0,    0,   15,  34.78,  34.77,  34.77,  34.77,  34.76,  34.76,  34.77,  34.78,  34.77,  34.76,  34.76,  34.75,  34.75,  34.74,  34.74,  34.73,  34.76,  34.74,  34.75,  34.73,  34.77,  34.74,  34.76,  34.78,  34.77,  34.74,  34.77,  34.76,  34.77,  34.75,  34.77
20211023, 1200,  , HU, 14.4N, 101.4W,  75,  983,   50,   50,   30,   40,   30,   20,    0,    0,   15,    0,    0,    0,   15,  34.77,  34.75,  34.76,  34.76,  34.73,  34.75,  34.75,  34.74,  34.73,  34.71,  34.73,  34.72,  34.73,  34.72,  34.71,  34.70,  34.70,  34.73,  34.73,  34.70,  34.72,  34.76,  34.73,  34.75,  34.74,  34.73,  34.74,  34.74,  34.73,  34.73,  34.71
20211023, 1800,  , HU, 14.9N, 101.8W,  80,  979,   50,   50,   30,   50,   30,   20,    0,   30,   15,    0,    0,   15,   15,  34.75,  34.74,  34.74,  34.73,  34.74,  34.75,  34.74,  34.74,  34.73,  34.72,  34.73,  34.73,  34.75,  34.73,  34.74,  34.73,  34.71,  34.74,  34.73,  34.75,  34.74,  34.72,  34.75,  34.72,  34.74,  34.70,  34.73,  34.72,  34.70,  34.71,  34.67
20211024, 0000,  , HU, 15.1N, 101.8W,  80,  978,   50,   50,   30,   50,   30,   20,    0,   30,   15,    0,    0,   15,   10,  34.74,  34.74,  34.74,  34.74,  34.75,  34.75,  34.73,  34.72,  34.71,  34.74,  34.73,  34.74,  34.72,  34.70,  34.71,  34.71,  34.74,  34.73,  34.76,  34.72,  34.73,  34.75,  34.75,  34.76,  34.70,  34.73,  34.72,  34.69,  34.71,  34.69,  34.68
20211024, 0600,  , HU, 15.4N, 101.6W,  80,  980,   50,   50,   30,   50,   30,   20,   20,   30,   15,   10,    0,   15,   10,  34.72,  34.71,  34.73,  34.73,  34.75,  34.75,  34.72,  34.72,  34.67,  34.70,  34.71,  34.72,  34.71,  34.72,  34.68,  34.70,  34.76,  34.73,  34.77,  34.76,  34.76,  34.75,  34.75,  34.73,  34.72,  34.71,  34.71,  34.71,  34.70,  34.70,  34.67
20211024, 1200,  , HU, 15.7N, 101.5W,  75,  980,   60,   60,   40,   50,   30,   30,   20,   30,   15,   15,    0,   15,   10,  34.70,  34.70,  34.70,  34.69,  34.69,  34.69,  34.68,  34.68,  34.64,  34.68,  34.68,  34.69,  34.68,  34.69,  34.69,  34.71,  34.78,  34.76,  34.80,  34.73,  34.73,  34.72,  34.72,  34.70,  34.71,  34.67,  34.69,  34.68,  34.69,  34.67,  34.68
20211024, 1800,  , HU, 16.0N, 101.4W,  75,  980,   60,   70,   50,   60,   30,   30,   20,   30,   15,   15,    0,   15,   10,  34.70,  34.69,  34.69,  34.68,  34.65,  34.66,  34.63,  34.64,  34.61,  34.66,  34.66,  34.65,  34.67,  34.66,  34.66,  34.69,  34.77,  34.75,  34.79,  34.76,  34.78,  34.75,  34.77,  34.73,  34.72,  34.69,  34.69,  34.69,  34.68,  34.68,  34.66
20211025, 0000,  , HU, 16.5N, 101.5W,  80,  979,   70,   70,   50,   60,   30,   30,   30,   30,   20,   20,   15,   15,   15,  34.70,  34.70,  34.69,  34.65,  34.67,  34.63,  34.62,  34.64,  34.63,  34.64,  34.64,  34.65,  34.64,  34.65,  34.66,  34.60,  34.76,  34.77,  34.79,  34.77,  34.74,  34.77,  34.78,  34.77,  34.74,  34.73,  34.73,  34.71,  34.71,  34.70,  34.72
20211025, 0600,  , HU, 17.2N, 101.8W,  90,  977,   70,   70,   50,   50,   30,   30,   20,   30,   20,   20,   15,   15,   15,  34.68,  34.70,  34.70,  34.65,  34.68,  34.67,  34.64,  34.65,  34.66,  34.66,  34.67,  34.67,  34.67,  34.67,  34.65,  34.51,  34.68,  34.70,  34.72,  34.74,  34.74,  34.73,  34.73,  34.72,  34.67,  34.69,  34.69,  34.67,  34.70,  34.69,  34.68
20211025, 1100, L, HU, 17.9N, 102.0W,  90,  977,   70,   70,   50,   50,   30,   30,   20,   30,   20,   20,   15,   15,   15,  34.59,  34.58,  34.60,  34.60,  34.64,  34.64,  34.60,  34.57,  34.60,  34.64,  34.63,  34.69,  34.66,  34.66,  34.64,  34.55,  34.12,  34.41,  34.65,  34.63,  34.59,  34.59,  34.61,  34.62,  34.62,  34.62,  34.65,  34.67,  34.64,  34.66,  34.65
20211025, 1200,  , HU, 18.1N, 102.1W,  85,  980,   70,   70,   50,   50,   30,   30,   20,   30,   20,   20,   15,   15,   15,    nan,    nan,    nan,    nan,    nan,    nan,    nan,    nan,    nan,    nan,    nan,    nan,    nan,    nan,    nan,    nan,    nan,    nan,    nan,    nan,    nan,    nan,    nan,    nan,    nan,    nan,    nan,    nan,    nan,    nan,    nan
20211025, 1800,  , TS, 19.0N, 102.5W,  50,  997,   40,   40,    0,    0,   20,    0,    0,    0,    0,    0,    0,    0,   20,    nan,    nan,    nan,    nan,    nan,    nan,    nan,    nan,    nan,    nan,    nan,    nan,    nan,    nan,    nan,    nan,    nan,    nan,    nan,    nan,    nan,    nan,    nan,    nan,    nan,    nan,    nan,    nan,    nan,    nan,    nan
