EP171994,             OLIVIA,     31,
19940922, 0600,  , TD, 12.5N, 108.8W,  25, 1008, -999, -999, -999, -999, -999, -999, -999, -999, -999, -999, -999, -999, -999,  15.73,  15.52,  15.62,  15.59,  15.75,  15.54,  16.67,  16.07,  16.25,  16.95,  16.91,  16.32,  16.91,  16.82,  16.91,  16.51,  16.32,  15.94,  15.93,  16.30,  16.11,  16.40,  16.68,  16.43,  16.46,  14.93,  14.51,  14.93,  14.91,  14.89,  14.30
19940922, 1200,  , TD, 12.7N, 109.6W,  30, 1007, -999, -999, -999, -999, -999, -999, -999, -999, -999, -999, -999, -999, -999,  17.77,  17.28,  17.07,  17.07,  17.21,  17.04,  17.46,  17.36,  17.56,  17.85,  17.12,  16.93,  16.99,  17.03,  17.01,  16.86,  16.91,  16.39,  16.27,  16.22,  16.25,  16.08,  15.96,  15.98,  16.15,  15.86,  15.16,  15.57,  15.42,  15.42,  15.48
19940922, 1800,  , TS, 12.9N, 110.5W,  35, 1005, -999, -999, -999, -999, -999, -999, -999, -999, -999, -999, -999, -999, -999,  17.28,  17.21,  17.36,  17.61,  17.91,  17.65,  18.44,  18.13,  18.61,  18.81,  17.75,  17.92,  18.39,  17.83,  17.64,  17.77,  17.55,  17.32,  16.48,  15.59,  15.71,  15.40,  16.05,  16.15,  15.95,  16.14,  15.17,  15.46,  14.88,  14.79,  14.95
19940923, 0000,  , TS, 13.1N, 111.1W,  40, 1003, -999, -999, -999, -999, -999, -999, -999, -999, -999, -999, -999, -999, -999,  16.73,  17.05,  17.13,  17.37,  17.49,  17.35,  18.07,  17.77,  18.03,  17.44,  17.81,  17.58,  17.91,  17.79,  18.01,  17.76,  17.53,  17.05,  16.45,  16.81,  16.27,  16.55,  16.59,  16.54,  16.73,  15.63,  15.70,  14.98,  14.71,  14.52,  13.85
19940923, 0600,  , TS, 13.5N, 111.9W,  45, 1000, -999, -999, -999, -999, -999, -999, -999, -999, -999, -999, -999, -999, -999,  16.29,  16.20,  16.37,  16.43,  16.96,  17.07,  17.61,  17.76,  18.00,  17.26,  17.56,  17.69,  17.40,  17.25,  17.56,  17.67,  17.18,  16.66,  16.18,  16.98,  16.41,  16.93,  16.97,  16.22,  16.32,  16.09,  15.68,  15.43,  15.36,  15.01,  14.74
19940923, 1200,  , TS, 14.0N, 112.9W,  50,  997, -999, -999, -999, -999, -999, -999, -999, -999, -999, -999, -999, -999, -999,  15.57,  15.73,  15.89,  16.14,  15.99,  16.55,  16.90,  17.38,  17.42,  17.57,  17.52,  17.37,  18.09,  18.33,  18.51,  19.20,  19.14,  18.49,  18.92,  18.70,  18.84,  18.08,  18.23,  17.97,  17.44,  17.47,  16.98,  16.86,  17.20,  17.20,  16.94
19940923, 1800,  , TS, 14.3N, 113.9W,  55,  994, -999, -999, -999, -999, -999, -999, -999, -999, -999, -999, -999, -999, -999,  21.18,  21.42,  20.98,  20.78,  20.31,  19.36,  20.17,  19.92,  19.46,  20.05,  20.55,  19.99,  19.41,  19.44,  19.23,  19.14,  19.45,  18.95,  19.21,  18.89,  19.09,  18.79,  18.18,  17.69,  16.99,  16.65,  16.55,  16.61,  16.61,  16.62,  17.00
19940924, 0000,  , TS, 14.6N, 114.9W,  60,  991, -999, -999, -999, -999, -999, -999, -999, -999, -999, -999, -999, -999, -999,  22.91,  22.77,  23.01,  22.72,  22.04,  22.09,  22.29,  22.08,  21.75,  21.92,  21.27,  21.74,  21.20,  21.51,  21.52,  21.87,  21.51,  22.12,  21.92,  21.59,  21.44,  21.03,  20.71,  20.24,  19.58,  19.02,  18.84,  18.97,  18.92,  18.78,  18.85
19940924, 0600,  , HU, 14.8N, 115.9W,  65,  987, -999, -999, -999, -999, -999, -999, -999, -999, -999, -999, -999, -999, -999,  22.35,  22.54,  22.68,  22.55,  22.64,  22.46,  22.30,  22.46,  22.07,  22.75,  22.54,  23.11,  23.25,  22.93,  23.60,  24.02,  23.51,  24.14,  23.71,  23.87,  23.02,  22.59,  22.24,  21.70,  21.10,  20.81,  20.59,  20.74,  20.97,  20.60,  20.33
19940924, 1200,  , HU, 15.1N, 116.9W,  80,  975, -999, -999, -999, -999, -999, -999, -999, -999, -999, -999, -999, -999, -999,  22.25,  22.81,  22.73,  22.57,  22.62,  22.72,  22.41,  22.88,  22.15,  22.71,  23.19,  23.86,  24.10,  24.29,  24.27,  24.24,  24.66,  24.11,  24.21,  24.88,  24.28,  25.44,  24.22,  24.73,  24.27,  25.12,  24.34,  24.75,  25.47,  25.36,  25.95
19940924, 1800,  , HU, 15.6N, 117.7W,  95,  958, -999, -999, -999, -999, -999, -999, -999, -999, -999, -999, -999, -999, -999,  21.73,  22.55,  23.05,  23.43,  23.25,  22.73,  22.27,  22.57,  22.23,  22.61,  23.26,  23.80,  23.55,  23.96,  23.74,  25.15,  25.26,  25.55,  23.68,  24.24,  24.45,  26.48,  24.74,  24.99,  24.89,  24.24,  24.20,  24.07,  23.98,  23.69,  23.61
19940925, 0000,  , HU, 16.3N, 118.5W, 105,  946, -999, -999, -999, -999, -999, -999, -999, -999, -999, -999, -999, -999, -999,  21.18,  21.24,  20.99,  20.78,  20.34,  20.06,  20.11,  19.48,  19.31,  19.58,  19.57,  19.52,  19.23,  19.08,  19.21,  19.05,  18.48,  18.23,  19.05,  19.58,  19.35,  18.95,  18.17,  18.68,  18.31,  18.36,  19.26,  21.03,  21.52,  21.09,  20.38
19940925, 0600,  , HU, 17.1N, 119.2W, 120,  935, -999, -999, -999, -999, -999, -999, -999, -999, -999, -999, -999, -999, -999,  20.91,  20.96,  20.87,  20.98,  21.06,  21.02,  20.82,  20.92,  20.46,  20.52,  20.61,  20.40,  20.35,  20.40,  20.44,  20.73,  18.74,  19.09,  19.43,  19.40,  19.92,  19.58,  18.96,  19.74,  19.30,  18.76,  18.66,  18.83,  19.34,  19.41,  19.22
19940925, 1200,  , HU, 17.8N, 119.8W, 130,  923, -999, -999, -999, -999, -999, -999, -999, -999, -999, -999, -999, -999, -999,  22.58,  22.31,  22.44,  22.01,  21.55,  21.91,  21.87,  21.50,  21.18,  20.85,  20.71,  20.80,  20.79,  20.63,  20.44,  20.48,  18.84,  18.93,  18.71,  18.84,  19.02,  18.77,  18.39,  18.45,  18.66,  18.09,  17.68,  17.74,  17.87,  17.84,  17.95
19940925, 1800,  , HU, 18.7N, 120.0W, 125,  924, -999, -999, -999, -999, -999, -999, -999, -999, -999, -999, -999, -999, -999,  22.52,  22.57,  22.67,  22.99,  22.82,  22.64,  23.10,  21.94,  21.34,  20.98,  21.22,  21.44,  21.33,  21.10,  20.85,  20.92,  20.34,  19.36,  17.89,  17.06,  17.53,  17.46,  17.43,  17.87,  18.27,  17.99,  18.29,  18.58,  19.20,  19.28,  19.35
19940926, 0000,  , HU, 19.5N, 120.0W, 115,  932, -999, -999, -999, -999, -999, -999, -999, -999, -999, -999, -999, -999, -999,  21.06,  21.05,  21.10,  21.02,  20.85,  21.18,  21.15,  21.01,  21.23,  21.52,  21.68,  21.82,  21.89,  22.12,  22.32,  22.30,  21.57,  21.27,  21.37,  21.66,  21.31,  21.19,  21.17,  20.78,  21.32,  21.18,  21.28,  21.70,  21.44,  22.02,  22.05
19940926, 0600,  , HU, 20.3N, 119.7W, 110,  945, -999, -999, -999, -999, -999, -999, -999, -999, -999, -999, -999, -999, -999,  21.76,  21.87,  22.10,  22.26,  22.38,  22.60,  22.65,  23.11,  23.39,  23.09,  22.80,  22.45,  22.17,  22.13,  22.22,  22.41,  21.65,  21.38,  21.02,  20.61,  20.51,  20.74,  20.85,  21.09,  21.40,  21.46,  21.46,  21.41,  21.03,  20.60,  20.49
19940926, 1200,  , HU, 20.8N, 119.6W, 105,  950, -999, -999, -999, -999, -999, -999, -999, -999, -999, -999, -999, -999, -999,  24.31,  24.19,  23.51,  22.91,  22.88,  22.97,  22.68,  21.52,  21.38,  21.15,  21.12,  21.43,  21.41,  21.47,  21.37,  21.25,  20.73,  19.85,  19.56,  19.52,  19.53,  19.54,  19.54,  19.49,  19.76,  19.55,  19.59,  19.35,  19.32,  19.11,  19.29
19940926, 1800,  , HU, 21.0N, 119.4W, 100,  958, -999, -999, -999, -999, -999, -999, -999, -999, -999, -999, -999, -999, -999,  23.48,  23.04,  22.81,  22.66,  22.58,  22.37,  21.63,  21.03,  20.94,  20.85,  20.88,  21.06,  20.93,  20.95,  20.94,  20.99,  20.81,  20.01,  19.66,  19.71,  19.80,  19.64,  19.72,  19.69,  19.88,  19.80,  19.90,  19.66,  19.70,  19.52,  19.54
19940927, 0000,  , HU, 21.1N, 119.3W,  85,  968, -999, -999, -999, -999, -999, -999, -999, -999, -999, -999, -999, -999, -999,  23.02,  22.64,  22.36,  22.32,  22.42,  21.52,  20.99,  20.79,  20.69,  20.88,  20.89,  20.87,  20.94,  20.84,  21.03,  21.01,  20.11,  19.75,  19.93,  20.20,  20.30,  20.28,  19.97,  20.15,  20.14,  20.06,  19.73,  19.75,  19.44,  19.42,  19.43
19940927, 0600,  , HU, 21.1N, 119.1W,  80,  976, -999, -999, -999, -999, -999, -999, -999, -999, -999, -999, -999, -999, -999,  22.42,  22.20,  22.02,  21.93,  22.09,  21.22,  20.73,  20.58,  20.56,  20.68,  20.75,  20.76,  20.82,  20.83,  21.08,  21.11,  20.31,  20.21,  20.37,  20.68,  20.53,  20.28,  19.95,  20.15,  20.17,  20.19,  19.85,  19.89,  19.45,  19.39,  19.50
19940927, 1200,  , HU, 21.0N, 118.8W,  75,  978, -999, -999, -999, -999, -999, -999, -999, -999, -999, -999, -999, -999, -999,  21.81,  22.01,  22.11,  22.11,  22.28,  21.44,  21.00,  20.88,  21.00,  21.07,  21.00,  20.93,  21.05,  21.01,  21.08,  21.26,  20.49,  20.43,  20.47,  20.69,  20.27,  19.98,  19.73,  20.00,  20.08,  20.08,  19.83,  19.86,  19.53,  19.48,  19.60
19940927, 1800,  , TS, 21.1N, 119.3W,  60,  991, -999, -999, -999, -999, -999, -999, -999, -999, -999, -999, -999, -999, -999,  23.02,  22.64,  22.36,  22.32,  22.42,  21.52,  20.99,  20.79,  20.69,  20.88,  20.89,  20.87,  20.94,  20.84,  21.03,  21.01,  20.11,  19.75,  19.93,  20.20,  20.30,  20.28,  19.97,  20.15,  20.14,  20.06,  19.73,  19.75,  19.44,  19.42,  19.43
19940928, 0000,  , TS, 21.3N, 119.7W,  50,  997, -999, -999, -999, -999, -999, -999, -999, -999, -999, -999, -999, -999, -999,  23.02,  22.79,  22.67,  22.39,  22.07,  21.48,  21.52,  21.46,  21.45,  21.35,  21.39,  21.43,  21.34,  21.36,  21.40,  20.91,  20.77,  20.68,  21.11,  21.25,  21.26,  21.07,  20.79,  20.84,  20.81,  20.93,  20.98,  20.62,  20.62,  20.86,  20.61
19940928, 0600,  , TS, 21.5N, 120.3W,  40, 1003, -999, -999, -999, -999, -999, -999, -999, -999, -999, -999, -999, -999, -999,  22.99,  22.07,  21.83,  21.91,  22.11,  21.91,  21.81,  22.13,  22.46,  22.80,  23.09,  23.39,  23.45,  23.59,  23.55,  24.02,  22.50,  22.46,  23.91,  23.34,  22.97,  22.87,  22.74,  22.54,  22.41,  22.33,  21.99,  21.81,  22.10,  21.77,  21.45
19940928, 1200,  , TD, 21.6N, 121.2W,  30, 1006, -999, -999, -999, -999, -999, -999, -999, -999, -999, -999, -999, -999, -999,  23.66,  22.77,  22.45,  22.35,  22.25,  22.15,  22.13,  22.37,  22.59,  22.34,  22.05,  22.95,  23.08,  23.02,  23.14,  23.20,  23.08,  23.28,  23.13,  22.96,  22.70,  22.39,  22.42,  22.56,  22.81,  22.98,  23.18,  23.29,  23.34,  23.34,  23.29
19940928, 1800,  , TD, 21.8N, 122.2W,  30, 1007, -999, -999, -999, -999, -999, -999, -999, -999, -999, -999, -999, -999, -999,  24.88,  24.10,  23.45,  23.68,  23.93,  23.62,  23.34,  23.60,  23.51,  23.49,  23.22,  23.74,  23.85,  23.43,  23.30,  23.30,  23.30,  23.37,  23.23,  23.22,  23.11,  22.83,  22.29,  22.08,  22.05,  22.36,  22.57,  22.55,  22.45,  22.40,  22.42
19940929, 0000,  , TD, 22.0N, 122.9W,  25, 1008, -999, -999, -999, -999, -999, -999, -999, -999, -999, -999, -999, -999, -999,  22.26,  22.33,  22.60,  22.64,  22.59,  22.30,  22.36,  22.60,  23.00,  22.99,  23.24,  23.35,  22.88,  22.60,  22.44,  22.21,  22.14,  22.08,  22.04,  22.12,  22.02,  21.64,  21.55,  21.55,  22.25,  22.44,  22.51,  22.62,  22.46,  22.15,  21.83
19940929, 0600,  , TD, 22.0N, 123.7W,  25, 1008, -999, -999, -999, -999, -999, -999, -999, -999, -999, -999, -999, -999, -999,  23.21,  23.26,  23.28,  23.22,  23.12,  23.18,  22.87,  23.74,  23.13,  22.92,  22.30,  22.15,  22.15,  22.08,  22.21,  22.26,  22.23,  22.92,  23.21,  23.52,  23.37,  23.12,  22.78,  22.31,  22.14,  22.24,  22.37,  22.20,  21.88,  21.78,  21.76
19940929, 1200,  , TD, 22.1N, 124.3W,  25, 1009, -999, -999, -999, -999, -999, -999, -999, -999, -999, -999, -999, -999, -999,  23.42,  23.49,  23.54,  23.46,  23.37,  23.31,  23.34,  23.62,  23.73,  23.33,  22.87,  22.89,  23.13,  23.16,  22.89,  22.02,  21.48,  22.15,  22.44,  22.68,  22.27,  22.11,  22.28,  22.27,  22.48,  22.84,  23.31,  22.70,  22.23,  22.07,  22.27
19940929, 1800,  , TD, 22.1N, 125.1W,  20, 1010, -999, -999, -999, -999, -999, -999, -999, -999, -999, -999, -999, -999, -999,  22.50,  22.55,  22.65,  22.48,  22.19,  22.21,  22.38,  22.74,  22.85,  22.78,  22.75,  22.73,  22.96,  23.09,  23.19,  23.28,  23.35,  23.67,  23.12,  22.68,  22.48,  22.76,  23.16,  23.04,  22.75,  22.74,  22.77,  22.69,  22.67,  22.50,  22.37
