EP172000,             OLIVIA,     32,
20001002, 1200,  , TD, 15.3N, 103.1W,  25, 1006, -999, -999, -999, -999, -999, -999, -999, -999, -999, -999, -999, -999, -999,  15.50,  15.37,  15.19,  15.58,  16.02,  15.71,  15.76,  15.82,  15.68,  15.90,  15.70,  16.21,  16.30,  15.96,  15.88,  14.86,  14.56,  14.14,  14.07,  14.09,  14.05,  14.06,  14.16,  14.76,  14.63,  14.67,  14.76,  15.07,  15.13,  14.83,  15.25
20001002, 1800,  , TD, 15.3N, 103.5W,  30, 1005, -999, -999, -999, -999, -999, -999, -999, -999, -999, -999, -999, -999, -999,  15.74,  15.83,  15.61,  15.93,  16.03,  15.47,  16.00,  16.02,  16.08,  15.95,  16.28,  16.69,  17.07,  16.89,  15.74,  15.27,  15.09,  14.32,  14.34,  14.02,  13.61,  13.71,  14.23,  14.45,  14.20,  14.34,  14.25,  13.78,  13.69,  13.63,  13.95
20001003, 0000,  , TS, 15.3N, 103.8W,  35, 1005, -999, -999, -999, -999, -999, -999, -999, -999, -999, -999, -999, -999, -999,  15.80,  15.76,  16.05,  15.85,  15.35,  16.26,  15.87,  15.82,  15.70,  15.77,  16.01,  16.25,  16.26,  14.81,  14.16,  14.05,  13.21,  13.21,  13.07,  12.68,  12.76,  13.36,  13.36,  13.33,  14.17,  14.30,  13.55,  13.40,  13.45,  13.70,  13.61
20001003, 0600,  , TS, 15.3N, 104.0W,  35, 1003, -999, -999, -999, -999, -999, -999, -999, -999, -999, -999, -999, -999, -999,  16.06,  15.95,  16.11,  15.79,  15.21,  15.87,  15.51,  15.43,  15.30,  15.71,  15.96,  16.12,  16.12,  14.71,  14.11,  14.02,  13.20,  13.01,  12.89,  12.56,  12.52,  13.22,  13.32,  13.22,  13.92,  14.40,  13.60,  13.41,  13.52,  13.56,  13.44
20001003, 1200,  , TS, 15.3N, 104.2W,  40, 1002, -999, -999, -999, -999, -999, -999, -999, -999, -999, -999, -999, -999, -999,  16.06,  15.84,  15.93,  15.58,  15.10,  15.79,  15.45,  15.52,  15.55,  16.12,  16.30,  16.35,  16.47,  14.95,  14.43,  14.40,  13.45,  13.10,  13.00,  12.87,  12.79,  13.36,  13.46,  13.35,  14.23,  14.88,  13.92,  13.57,  13.58,  13.47,  13.42
20001003, 1800,  , TS, 15.4N, 104.5W,  55,  994, -999, -999, -999, -999, -999, -999, -999, -999, -999, -999, -999, -999, -999,  16.21,  15.96,  16.59,  15.86,  15.41,  16.12,  15.44,  15.66,  16.01,  16.62,  16.74,  16.86,  16.47,  15.39,  14.99,  14.78,  14.05,  13.62,  13.27,  13.44,  13.35,  13.75,  13.80,  13.57,  14.83,  15.83,  15.61,  14.78,  14.55,  14.36,  14.57
20001004, 0000,  , TS, 15.5N, 104.8W,  55,  994, -999, -999, -999, -999, -999, -999, -999, -999, -999, -999, -999, -999, -999,  16.56,  17.47,  16.32,  16.91,  17.04,  16.06,  16.96,  17.30,  17.55,  17.89,  17.60,  17.09,  16.77,  16.62,  16.46,  15.53,  15.10,  15.10,  15.09,  14.98,  15.35,  15.03,  14.67,  15.91,  16.33,  16.51,  16.23,  15.90,  15.51,  15.34,  15.20
20001004, 0600,  , TS, 15.7N, 105.2W,  55,  994, -999, -999, -999, -999, -999, -999, -999, -999, -999, -999, -999, -999, -999,  16.70,  17.85,  16.63,  17.38,  17.25,  16.30,  17.25,  17.37,  17.71,  18.22,  17.60,  17.20,  17.77,  17.42,  17.15,  16.61,  15.75,  15.87,  15.70,  15.54,  15.60,  15.52,  15.34,  16.24,  16.83,  17.07,  16.47,  15.51,  15.35,  15.77,  15.51
20001004, 1200,  , TS, 15.8N, 105.5W,  55,  994, -999, -999, -999, -999, -999, -999, -999, -999, -999, -999, -999, -999, -999,  16.76,  17.44,  16.22,  17.16,  17.05,  16.12,  16.90,  17.71,  17.91,  18.32,  18.52,  17.52,  18.47,  17.94,  17.51,  17.48,  16.35,  16.02,  16.05,  15.69,  15.66,  15.41,  14.91,  15.84,  16.04,  16.20,  16.00,  15.52,  15.24,  15.47,  15.61
20001004, 1800,  , TS, 15.9N, 105.9W,  55,  994, -999, -999, -999, -999, -999, -999, -999, -999, -999, -999, -999, -999, -999,  16.25,  16.56,  15.54,  16.73,  16.20,  16.16,  16.85,  17.08,  17.66,  18.00,  18.25,  17.69,  18.63,  18.11,  17.91,  17.90,  16.80,  16.21,  16.12,  16.30,  16.15,  15.75,  15.53,  15.41,  15.36,  15.55,  15.20,  15.27,  15.18,  15.25,  15.66
20001005, 0000,  , TS, 16.0N, 106.5W,  55,  994, -999, -999, -999, -999, -999, -999, -999, -999, -999, -999, -999, -999, -999,  16.07,  15.41,  16.07,  15.62,  15.58,  16.40,  16.23,  16.73,  16.81,  17.61,  18.09,  18.95,  18.32,  17.72,  18.40,  17.88,  16.55,  16.78,  16.70,  16.92,  16.57,  16.55,  15.70,  14.87,  15.32,  15.67,  16.12,  15.69,  15.73,  16.06,  16.55
20001005, 0600,  , TS, 16.0N, 107.0W,  55,  994, -999, -999, -999, -999, -999, -999, -999, -999, -999, -999, -999, -999, -999,  15.90,  15.59,  16.49,  15.57,  15.62,  16.73,  16.43,  16.62,  16.62,  17.98,  18.48,  19.12,  18.31,  18.41,  18.53,  19.10,  17.75,  17.83,  17.65,  17.56,  17.38,  17.17,  16.39,  15.55,  15.71,  15.72,  16.02,  15.35,  15.02,  15.05,  16.22
20001005, 1200,  , TS, 15.9N, 107.6W,  50,  994, -999, -999, -999, -999, -999, -999, -999, -999, -999, -999, -999, -999, -999,  14.46,  14.48,  15.28,  14.09,  14.59,  15.17,  15.25,  15.68,  15.42,  16.74,  17.24,  17.46,  17.24,  17.05,  16.74,  16.92,  16.63,  15.84,  15.22,  15.03,  15.37,  15.06,  15.01,  14.51,  14.74,  15.02,  15.08,  15.16,  14.61,  14.69,  15.62
20001005, 1800,  , TS, 15.8N, 108.0W,  50, 1000, -999, -999, -999, -999, -999, -999, -999, -999, -999, -999, -999, -999, -999,  14.25,  13.64,  14.29,  13.58,  13.75,  14.41,  14.22,  15.10,  14.83,  15.60,  16.01,  15.73,  16.11,  16.01,  15.38,  16.11,  15.52,  14.74,  15.01,  14.64,  14.84,  14.79,  14.76,  14.55,  14.22,  14.53,  14.77,  14.78,  13.99,  13.99,  14.37
20001006, 0000,  , TS, 15.7N, 108.4W,  45, 1000, -999, -999, -999, -999, -999, -999, -999, -999, -999, -999, -999, -999, -999,  13.82,  14.31,  14.20,  14.10,  14.73,  14.47,  15.05,  14.59,  15.74,  15.79,  15.11,  15.68,  15.48,  15.02,  15.60,  15.45,  14.05,  14.57,  13.93,  14.03,  14.50,  14.44,  14.35,  14.27,  14.75,  14.57,  14.61,  13.98,  14.05,  14.04,  14.83
20001006, 0600,  , TS, 15.6N, 108.7W,  35, 1002, -999, -999, -999, -999, -999, -999, -999, -999, -999, -999, -999, -999, -999,  13.88,  14.09,  14.19,  13.92,  14.72,  14.54,  14.92,  14.63,  15.53,  15.61,  14.93,  15.14,  14.89,  14.77,  15.29,  15.57,  13.37,  14.00,  13.26,  13.21,  13.66,  13.80,  13.88,  14.12,  14.19,  13.90,  14.08,  13.47,  13.81,  13.86,  14.66
20001006, 1200,  , TS, 15.5N, 109.1W,  45, 1001, -999, -999, -999, -999, -999, -999, -999, -999, -999, -999, -999, -999, -999,  14.24,  14.69,  14.21,  14.71,  14.96,  14.50,  14.80,  14.73,  15.24,  14.96,  14.47,  14.70,  14.33,  14.01,  15.13,  15.36,  13.64,  13.82,  13.00,  13.41,  14.12,  14.04,  14.13,  14.37,  14.10,  14.20,  14.30,  14.07,  14.23,  14.22,  15.31
20001006, 1800,  , TS, 15.6N, 109.5W,  45, 1003, -999, -999, -999, -999, -999, -999, -999, -999, -999, -999, -999, -999, -999,  14.12,  15.06,  14.48,  14.84,  14.94,  14.70,  15.04,  14.81,  14.93,  14.81,  14.53,  14.64,  14.19,  14.13,  15.22,  15.41,  14.65,  14.29,  13.43,  13.77,  14.89,  14.87,  15.06,  14.97,  14.89,  14.81,  14.80,  14.57,  14.47,  13.97,  15.29
20001007, 0000,  , TS, 15.9N, 110.0W,  45, 1002, -999, -999, -999, -999, -999, -999, -999, -999, -999, -999, -999, -999, -999,  15.86,  15.37,  15.67,  15.56,  14.86,  14.99,  14.12,  13.98,  14.05,  14.04,  14.26,  14.05,  13.67,  14.18,  14.39,  14.30,  13.84,  13.63,  13.88,  14.22,  14.07,  14.27,  13.93,  14.47,  14.57,  14.50,  14.54,  14.25,  13.71,  14.29,  14.44
20001007, 0600,  , TS, 16.1N, 110.6W,  45, 1000, -999, -999, -999, -999, -999, -999, -999, -999, -999, -999, -999, -999, -999,  16.86,  16.37,  16.45,  16.44,  16.21,  16.30,  15.71,  15.56,  15.69,  15.65,  15.37,  14.48,  14.56,  15.11,  15.16,  15.18,  14.10,  14.68,  15.05,  14.62,  15.51,  15.50,  14.46,  15.27,  14.77,  15.02,  15.13,  14.18,  13.76,  13.77,  14.07
20001007, 1200,  , TS, 16.5N, 111.3W,  45,  997, -999, -999, -999, -999, -999, -999, -999, -999, -999, -999, -999, -999, -999,  16.38,  16.12,  15.06,  14.88,  14.85,  14.81,  14.86,  14.82,  15.15,  15.00,  15.26,  14.31,  14.16,  14.41,  14.43,  14.45,  13.48,  14.38,  14.11,  14.53,  15.49,  14.68,  14.08,  14.62,  14.02,  14.45,  14.62,  14.16,  13.82,  13.46,  13.29
20001007, 1800,  , TS, 16.9N, 111.9W,  45,  994, -999, -999, -999, -999, -999, -999, -999, -999, -999, -999, -999, -999, -999,  16.68,  15.71,  14.36,  14.22,  14.41,  13.97,  14.22,  14.07,  14.38,  14.64,  14.44,  14.01,  14.06,  14.21,  14.33,  14.27,  12.94,  14.02,  13.47,  14.48,  15.66,  14.55,  13.26,  13.43,  13.31,  14.29,  14.32,  14.76,  14.78,  14.06,  14.59
20001008, 0000,  , TS, 17.4N, 112.5W,  50,  997, -999, -999, -999, -999, -999, -999, -999, -999, -999, -999, -999, -999, -999,  15.43,  14.67,  14.42,  14.33,  14.30,  14.41,  14.33,  14.60,  14.73,  14.69,  14.11,  14.15,  14.44,  14.45,  14.43,  14.67,  13.20,  13.78,  15.63,  15.69,  14.78,  14.88,  14.99,  13.62,  14.71,  14.92,  15.16,  15.93,  15.23,  14.70,  15.61
20001008, 0600,  , TS, 17.8N, 113.3W,  55, 1000, -999, -999, -999, -999, -999, -999, -999, -999, -999, -999, -999, -999, -999,  15.08,  14.57,  14.31,  13.98,  14.00,  14.30,  13.85,  13.95,  14.27,  14.56,  14.53,  14.37,  14.14,  14.51,  14.60,  14.30,  13.15,  13.88,  15.56,  15.56,  14.86,  16.37,  16.76,  16.44,  16.69,  16.00,  16.23,  16.00,  15.61,  15.57,  15.52
20001008, 1200,  , TS, 18.1N, 114.0W,  50, 1000, -999, -999, -999, -999, -999, -999, -999, -999, -999, -999, -999, -999, -999,  14.96,  14.37,  14.20,  14.18,  14.37,  14.62,  14.58,  14.37,  14.43,  14.40,  14.51,  14.63,  14.42,  14.64,  14.82,  14.71,  13.42,  14.88,  14.32,  14.37,  14.99,  17.07,  16.76,  17.93,  17.02,  15.82,  16.05,  15.97,  16.02,  15.77,  15.50
20001008, 1800,  , TS, 18.5N, 114.9W,  40, 1000, -999, -999, -999, -999, -999, -999, -999, -999, -999, -999, -999, -999, -999,  15.56,  15.63,  15.45,  15.48,  15.30,  15.32,  15.48,  15.38,  15.59,  15.43,  15.18,  15.56,  15.40,  15.07,  15.24,  15.34,  15.12,  15.17,  14.07,  14.57,  16.09,  16.23,  15.95,  16.64,  16.07,  15.25,  15.18,  15.33,  15.54,  15.98,  16.13
20001009, 0000,  , TS, 18.9N, 115.7W,  35, 1004, -999, -999, -999, -999, -999, -999, -999, -999, -999, -999, -999, -999, -999,  16.08,  16.01,  15.81,  15.72,  16.12,  16.30,  16.13,  16.28,  16.17,  16.03,  16.20,  15.82,  15.30,  15.43,  14.84,  14.90,  14.46,  14.30,  14.35,  14.66,  14.19,  14.57,  14.62,  14.27,  14.50,  14.96,  15.11,  15.42,  15.49,  15.80,  16.02
20001009, 0600,  , TD, 19.4N, 116.6W,  30, 1006, -999, -999, -999, -999, -999, -999, -999, -999, -999, -999, -999, -999, -999,  15.68,  15.95,  15.77,  15.86,  15.81,  16.31,  17.01,  17.62,  17.50,  17.39,  18.33,  18.13,  18.11,  18.13,  16.77,  16.06,  15.43,  15.81,  15.79,  15.02,  15.14,  15.83,  15.42,  15.07,  15.41,  15.88,  16.05,  16.64,  16.95,  17.11,  17.48
20001009, 1200,  , TD, 19.9N, 117.4W,  30, 1006, -999, -999, -999, -999, -999, -999, -999, -999, -999, -999, -999, -999, -999,  16.01,  16.25,  16.26,  16.00,  16.01,  16.73,  16.90,  16.82,  16.86,  16.98,  17.83,  18.30,  18.75,  19.06,  18.52,  17.86,  17.25,  17.92,  17.60,  17.29,  17.69,  17.76,  17.15,  17.42,  17.65,  17.64,  17.49,  17.45,  17.42,  18.17,  18.74
20001009, 1800,  , TD, 20.3N, 117.8W,  30, 1006, -999, -999, -999, -999, -999, -999, -999, -999, -999, -999, -999, -999, -999,  15.40,  15.27,  14.94,  14.86,  14.96,  15.64,  15.64,  15.51,  15.58,  15.46,  16.24,  16.40,  16.71,  16.98,  16.69,  16.60,  15.84,  16.29,  15.70,  15.97,  16.61,  16.65,  16.24,  16.62,  16.92,  16.73,  16.41,  16.28,  16.60,  17.39,  17.85
20001010, 0000,  , TD, 20.7N, 118.3W,  25, 1007, -999, -999, -999, -999, -999, -999, -999, -999, -999, -999, -999, -999, -999,  16.08,  15.63,  15.51,  15.44,  15.69,  15.88,  15.81,  15.85,  16.22,  16.52,  16.43,  16.02,  16.13,  15.83,  15.61,  14.92,  14.31,  14.36,  14.73,  15.22,  15.08,  15.33,  15.49,  15.74,  15.36,  14.86,  14.94,  15.17,  15.65,  15.75,  16.39
20001010, 0600,  , TD, 21.0N, 118.7W,  20, 1008, -999, -999, -999, -999, -999, -999, -999, -999, -999, -999, -999, -999, -999,  16.55,  16.02,  15.88,  15.68,  15.45,  15.48,  15.66,  15.91,  15.87,  16.19,  16.10,  15.49,  14.78,  14.52,  14.50,  14.62,  13.90,  13.83,  14.18,  14.23,  14.42,  14.42,  14.50,  14.76,  14.60,  14.54,  14.10,  14.45,  14.69,  14.73,  15.04
