EP192000,               ROSA,     21,
20001103, 1800,  , TD, 10.3N,  89.8W,  25, 1005, -999, -999, -999, -999, -999, -999, -999, -999, -999, -999, -999, -999, -999,  34.57,  34.56,  34.57,  34.53,  34.40,  34.40,  34.43,  34.44,  34.46,  34.49,  34.44,  34.50,  34.48,  34.48,  34.49,  34.47,  34.54,  34.67,  34.67,  34.73,  34.62,  34.67,  34.54,  34.59,  34.53,  34.50,  34.43,  34.45,  34.38,  34.33,  34.40
20001104, 0000,  , TD, 10.6N,  90.7W,  30, 1002, -999, -999, -999, -999, -999, -999, -999, -999, -999, -999, -999, -999, -999,  34.26,  34.36,  34.37,  34.36,  34.41,  34.39,  34.38,  34.38,  34.36,  34.41,  34.51,  34.46,  34.41,  34.37,  34.39,  34.40,  34.39,  34.40,  34.42,  34.44,  34.46,  34.42,  34.44,  34.45,  34.41,  34.46,  34.45,  34.47,  34.47,  34.49,  34.49
20001104, 0600,  , TD, 10.7N,  91.8W,  30, 1002, -999, -999, -999, -999, -999, -999, -999, -999, -999, -999, -999, -999, -999,  34.34,  34.36,  34.36,  34.41,  34.45,  34.47,  34.46,  34.47,  34.49,  34.59,  34.62,  34.59,  34.59,  34.50,  34.50,  34.46,  34.56,  34.39,  34.50,  34.53,  34.49,  34.52,  34.37,  34.31,  34.35,  34.43,  34.35,  34.48,  34.42,  34.45,  34.48
20001104, 1200,  , TD, 10.6N,  92.8W,  30, 1003, -999, -999, -999, -999, -999, -999, -999, -999, -999, -999, -999, -999, -999,  34.47,  34.45,  34.29,  34.26,  34.36,  34.48,  34.52,  34.58,  34.62,  34.66,  34.64,  34.64,  34.57,  34.52,  34.44,  34.49,  34.40,  34.37,  34.44,  34.45,  34.55,  34.60,  34.70,  34.66,  34.62,  34.54,  34.47,  34.59,  34.60,  34.64,  34.64
20001104, 1800,  , TD, 10.4N,  94.2W,  30, 1003, -999, -999, -999, -999, -999, -999, -999, -999, -999, -999, -999, -999, -999,  34.75,  34.73,  34.70,  34.71,  34.71,  34.69,  34.72,  34.76,  34.80,  34.89,  34.83,  34.88,  34.90,  34.84,  34.96,  34.89,  34.97,  34.99,  34.92,  34.94,  34.89,  34.63,  34.82,  34.62,  34.57,  34.43,  34.38,  34.40,  34.37,  34.46,  34.57
20001105, 0000,  , TD, 10.4N,  95.2W,  30, 1003, -999, -999, -999, -999, -999, -999, -999, -999, -999, -999, -999, -999, -999,  34.87,  34.86,  34.91,  34.92,  34.86,  34.86,  34.82,  34.80,  34.84,  34.78,  34.83,  34.86,  34.84,  34.87,  34.82,  34.80,  34.77,  34.71,  34.74,  34.81,  34.76,  34.88,  34.93,  34.90,  34.89,  34.88,  34.90,  34.90,  34.90,  34.86,  34.92
20001105, 0600,  , TD, 10.5N,  96.1W,  30, 1003, -999, -999, -999, -999, -999, -999, -999, -999, -999, -999, -999, -999, -999,  34.91,  34.89,  34.91,  34.90,  34.88,  34.86,  34.85,  34.85,  34.83,  34.81,  34.83,  34.83,  34.81,  34.86,  34.88,  34.96,  34.97,  34.95,  34.93,  34.89,  34.81,  34.82,  34.83,  34.85,  34.86,  34.93,  34.94,  34.97,  34.97,  34.96,  34.99
20001105, 1200,  , TS, 10.8N,  97.0W,  35, 1002, -999, -999, -999, -999, -999, -999, -999, -999, -999, -999, -999, -999, -999,  34.96,  34.95,  34.95,  34.92,  34.89,  34.81,  34.75,  34.74,  34.73,  34.78,  34.81,  34.87,  34.91,  34.92,  34.91,  34.90,  34.94,  34.94,  34.91,  34.87,  34.81,  34.86,  34.83,  34.84,  34.85,  34.87,  34.88,  34.91,  34.94,  34.95,  34.98
20001105, 1800,  , TS, 11.0N,  97.9W,  40, 1001, -999, -999, -999, -999, -999, -999, -999, -999, -999, -999, -999, -999, -999,  35.02,  35.04,  35.04,  35.04,  35.01,  34.86,  34.84,  34.71,  34.53,  34.47,  34.48,  34.50,  34.53,  34.60,  34.64,  34.65,  34.65,  34.74,  34.75,  34.75,  34.74,  34.72,  34.69,  34.65,  34.68,  34.71,  34.69,  34.74,  34.84,  34.83,  34.70
20001106, 0000,  , TS, 11.4N,  98.5W,  50,  997, -999, -999, -999, -999, -999, -999, -999, -999, -999, -999, -999, -999, -999,  34.62,  34.60,  34.57,  34.57,  34.54,  34.53,  34.47,  34.47,  34.36,  34.31,  34.19,  34.17,  34.15,  34.11,  34.33,  34.45,  34.51,  34.46,  34.47,  34.63,  34.46,  34.59,  34.58,  34.52,  34.56,  34.62,  34.31,  34.10,  34.18,  33.91,  34.02
20001106, 0600,  , TS, 11.8N,  98.8W,  55,  994, -999, -999, -999, -999, -999, -999, -999, -999, -999, -999, -999, -999, -999,  34.58,  34.57,  34.56,  34.51,  34.48,  34.46,  34.40,  34.38,  34.36,  34.39,  34.30,  34.05,  34.07,  34.26,  34.61,  34.55,  34.68,  34.75,  34.62,  34.62,  34.62,  34.46,  33.90,  33.83,  33.83,  33.84,  33.84,  33.88,  34.10,  33.64,  33.68
20001106, 1200,  , TS, 12.3N,  98.8W,  55,  994, -999, -999, -999, -999, -999, -999, -999, -999, -999, -999, -999, -999, -999,  34.34,  34.24,  34.25,  34.15,  33.77,  33.83,  33.76,  33.80,  33.73,  33.73,  33.67,  33.84,  34.16,  34.65,  34.56,  34.43,  34.62,  34.62,  34.20,  34.20,  34.03,  34.18,  34.38,  33.94,  34.10,  33.83,  33.68,  33.59,  33.64,  33.72,  33.73
20001106, 1800,  , TS, 12.7N,  98.7W,  55,  993, -999, -999, -999, -999, -999, -999, -999, -999, -999, -999, -999, -999, -999,  34.52,  34.44,  34.38,  34.35,  34.19,  34.24,  34.04,  34.15,  33.91,  33.89,  33.85,  34.00,  33.99,  34.12,  33.85,  33.81,  33.97,  34.19,  33.77,  34.30,  34.29,  33.92,  33.96,  33.95,  33.98,  33.97,  33.83,  33.72,  33.76,  33.66,  33.86
20001107, 0000,  , TS, 13.2N,  98.7W,  55,  995, -999, -999, -999, -999, -999, -999, -999, -999, -999, -999, -999, -999, -999,  34.71,  34.68,  34.63,  34.64,  34.64,  34.61,  34.46,  34.07,  33.97,  34.12,  34.33,  33.80,  33.79,  33.77,  33.79,  33.66,  33.91,  33.83,  34.11,  34.05,  33.69,  33.75,  33.84,  33.91,  34.01,  33.88,  34.03,  34.23,  33.99,  33.81,  33.95
20001107, 0600,  , TS, 13.6N,  98.2W,  50,  997, -999, -999, -999, -999, -999, -999, -999, -999, -999, -999, -999, -999, -999,  34.52,  34.45,  34.31,  34.13,  34.00,  33.83,  33.79,  33.71,  33.71,  33.72,  33.70,  33.70,  33.70,  33.71,  33.71,  33.69,  33.65,  33.63,  33.68,  33.95,  33.90,  33.96,  33.89,  34.09,  34.24,  34.36,  34.26,  34.11,  33.86,  33.76,  33.69
20001107, 1200,  , TS, 14.0N,  97.7W,  50,  998, -999, -999, -999, -999, -999, -999, -999, -999, -999, -999, -999, -999, -999,  34.22,  33.95,  33.99,  33.72,  33.70,  33.68,  33.70,  33.70,  33.71,  33.73,  33.73,  33.72,  33.71,  33.70,  33.72,  34.14,  33.97,  33.89,  33.88,  33.76,  33.94,  33.89,  34.08,  34.03,  33.94,  33.78,  33.75,  33.71,  33.65,  33.65,  33.94
20001107, 1800,  , TS, 14.5N,  97.3W,  50, 1000, -999, -999, -999, -999, -999, -999, -999, -999, -999, -999, -999, -999, -999,  33.68,  33.67,  33.70,  33.68,  33.69,  33.69,  33.70,  33.70,  33.71,  33.70,  33.72,  33.74,  34.09,  34.20,  33.84,  33.54,  33.51,  33.54,  33.74,  33.88,  33.98,  34.31,  34.49,  34.41,  34.53,  34.67,  34.66,  34.65,  34.57,  34.61,  34.48
20001108, 0000,  , TS, 15.0N,  97.0W,  45, 1001, -999, -999, -999, -999, -999, -999, -999, -999, -999, -999, -999, -999, -999,  33.68,  33.67,  33.68,  33.70,  33.82,  33.97,  34.02,  34.08,  34.11,  33.86,  33.48,  33.34,  33.37,  33.49,  33.58,  33.68,  33.80,  33.98,  34.00,  34.09,  34.03,  34.01,  33.99,  33.95,  34.09,  34.28,  34.39,  34.53,  34.47,  34.20,  34.19
20001108, 0600,  , TS, 15.5N,  96.5W,  40, 1002, -999, -999, -999, -999, -999, -999, -999, -999, -999, -999, -999, -999, -999,  33.86,  33.87,  33.93,  33.91,  33.97,  33.88,  33.81,  33.47,  33.86,  33.89,  34.12,  33.88,  33.88,  33.91,  34.20,  34.30,  34.01,  34.18,  34.26,  34.30,  34.43,  34.41,  34.52,  34.18,  34.20,  34.20,  34.13,  34.03,  33.94,  34.04,  34.06
20001108, 0700, L, TS, 15.7N,  96.3W,  35, 1002, -999, -999, -999, -999, -999, -999, -999, -999, -999, -999, -999, -999, -999,  33.98,  33.89,  33.85,  33.91,  34.20,  34.27,  34.04,  33.91,  33.93,  34.34,  33.97,  33.90,  33.83,  33.91,  34.77,  34.45,  34.16,  34.12,  34.26,  34.46,  34.47,  34.47,  34.38,  34.10,  34.38,  34.33,  34.30,  34.30,  34.25,  33.67,  34.00
20001108, 1200,  , TD, 16.3N,  95.9W,  25, 1003, -999, -999, -999, -999, -999, -999, -999, -999, -999, -999, -999, -999, -999,    nan,    nan,    nan,    nan,    nan,    nan,    nan,    nan,    nan,    nan,    nan,    nan,    nan,    nan,    nan,    nan,    nan,    nan,    nan,    nan,    nan,    nan,    nan,    nan,    nan,    nan,    nan,    nan,    nan,    nan,    nan
