EP191997,               RICK,     17,
19971107, 0000,  , TD,  9.0N, 102.5W,  25, 1008, -999, -999, -999, -999, -999, -999, -999, -999, -999, -999, -999, -999, -999,  15.16,  15.86,  15.56,  16.33,  16.62,  16.58,  16.10,  17.17,  17.75,  17.03,  17.34,  16.30,  16.79,  16.06,  16.54,  17.54,  15.75,  15.96,  17.13,  16.54,  17.90,  17.61,  17.94,  17.59,  17.18,  18.26,  16.97,  15.63,  15.63,  15.79,  17.06
19971107, 0600,  , TD,  9.5N, 102.9W,  30, 1008, -999, -999, -999, -999, -999, -999, -999, -999, -999, -999, -999, -999, -999,  15.25,  15.08,  14.98,  15.83,  15.09,  15.17,  15.64,  16.23,  16.51,  16.13,  16.29,  14.98,  15.53,  14.77,  15.14,  15.39,  14.27,  13.98,  14.60,  14.88,  15.23,  15.32,  15.57,  15.04,  15.99,  16.82,  15.39,  15.33,  13.96,  14.83,  15.21
19971107, 1200,  , TD, 10.0N, 103.2W,  30, 1008, -999, -999, -999, -999, -999, -999, -999, -999, -999, -999, -999, -999, -999,  15.27,  15.82,  15.63,  16.91,  17.13,  16.41,  16.57,  17.30,  18.95,  17.00,  16.70,  16.20,  15.00,  14.48,  15.50,  15.88,  15.27,  14.52,  14.66,  15.33,  15.50,  15.47,  15.79,  14.69,  14.92,  14.73,  14.14,  15.55,  14.17,  16.38,  16.57
19971107, 1800,  , TD, 10.7N, 103.5W,  30, 1007, -999, -999, -999, -999, -999, -999, -999, -999, -999, -999, -999, -999, -999,  20.17,  22.77,  22.21,  22.12,  21.54,  21.27,  21.36,  22.15,  22.06,  20.86,  18.73,  20.27,  20.19,  19.42,  18.53,  19.58,  16.96,  16.00,  16.78,  16.42,  16.50,  16.30,  16.75,  14.27,  15.42,  14.97,  15.77,  14.68,  15.23,  14.69,  15.80
19971108, 0000,  , TD, 11.4N, 103.7W,  30, 1006, -999, -999, -999, -999, -999, -999, -999, -999, -999, -999, -999, -999, -999,  25.10,  27.95,  28.36,  27.76,  26.79,  26.74,  27.82,  27.37,  27.21,  24.78,  25.52,  21.28,  21.60,  21.95,  22.40,  21.04,  19.46,  19.99,  17.89,  18.01,  17.67,  17.22,  16.28,  15.88,  16.00,  15.87,  15.46,  15.43,  16.33,  15.79,  16.83
19971108, 0600,  , TD, 12.1N, 103.7W,  30, 1005, -999, -999, -999, -999, -999, -999, -999, -999, -999, -999, -999, -999, -999,  25.70,  27.42,  28.14,  28.00,  27.65,  28.08,  28.30,  28.46,  27.68,  26.51,  26.53,  24.57,  23.64,  23.62,  24.36,  25.28,  19.48,  19.05,  18.04,  18.98,  17.36,  18.24,  16.10,  16.39,  16.19,  16.05,  15.98,  16.30,  17.88,  17.44,  18.39
19971108, 1200,  , TS, 12.7N, 103.5W,  35, 1004, -999, -999, -999, -999, -999, -999, -999, -999, -999, -999, -999, -999, -999,  23.86,  25.40,  25.98,  25.36,  24.04,  25.07,  24.55,  25.58,  23.43,  22.56,  22.09,  22.12,  20.68,  20.65,  19.42,  20.33,  18.75,  18.48,  18.25,  17.51,  17.51,  17.54,  17.50,  17.95,  17.33,  17.33,  17.14,  17.50,  18.86,  19.66,  19.34
19971108, 1800,  , TS, 13.3N, 102.9W,  40, 1002, -999, -999, -999, -999, -999, -999, -999, -999, -999, -999, -999, -999, -999,  24.67,  24.78,  24.53,  24.45,  22.02,  22.05,  20.25,  20.83,  21.05,  20.88,  20.21,  20.72,  19.61,  20.16,  18.49,  19.31,  18.30,  18.59,  17.96,  18.24,  18.70,  18.01,  17.71,  17.27,  17.57,  16.26,  16.71,  17.86,  19.53,  18.90,  19.45
19971109, 0000,  , TS, 14.2N, 102.0W,  50,  997, -999, -999, -999, -999, -999, -999, -999, -999, -999, -999, -999, -999, -999,  24.32,  21.16,  24.05,  22.01,  22.17,  21.49,  22.30,  21.19,  21.05,  22.57,  23.24,  25.22,  25.32,  23.12,  22.53,  21.72,  20.07,  20.62,  19.61,  21.92,  22.39,  22.92,  23.21,  24.19,  25.70,  24.37,  25.28,  26.61,  27.49,  26.93,  28.09
19971109, 0600,  , HU, 14.9N, 100.9W,  65,  987, -999, -999, -999, -999, -999, -999, -999, -999, -999, -999, -999, -999, -999,  26.56,  26.51,  26.40,  26.07,  26.17,  27.13,  26.83,  30.12,  30.22,  30.04,  30.47,  30.36,  30.19,  28.99,  29.27,  29.19,  28.13,  27.85,  27.88,  28.12,  28.17,  28.57,  28.15,  28.53,  25.23,  23.48,  23.66,  24.30,  24.82,  25.27,  24.95
19971109, 1200,  , HU, 15.3N,  99.8W,  85,  973, -999, -999, -999, -999, -999, -999, -999, -999, -999, -999, -999, -999, -999,  28.78,  28.52,  28.53,  28.88,  29.27,  29.83,  29.26,  28.40,  27.49,  27.39,  28.02,  27.68,  27.45,  27.10,  27.21,  27.21,  26.87,  27.19,  26.82,  24.36,  25.74,  23.14,  24.11,  24.11,  21.47,  20.32,  22.86,  23.46,  25.94,  26.21,  27.29
19971109, 1800,  , HU, 15.6N,  98.6W,  80,  977, -999, -999, -999, -999, -999, -999, -999, -999, -999, -999, -999, -999, -999,  28.71,  29.13,  29.41,  29.02,  29.31,  28.62,  29.09,  28.44,  27.63,  27.26,  27.36,  27.78,  28.88,  28.46,  29.19,  28.77,  28.93,  28.29,  27.73,  27.96,  27.44,  25.64,  28.48,  28.05,  27.11,  26.70,  27.01,  26.62,  26.50,  27.14,  27.71
19971110, 0000,  , HU, 15.8N,  97.5W,  75,  981, -999, -999, -999, -999, -999, -999, -999, -999, -999, -999, -999, -999, -999,  26.42,  26.52,  26.69,  27.16,  26.41,  25.96,  25.77,  25.44,  25.59,  25.98,  26.04,  25.83,  25.70,  25.71,  25.83,  26.37,  25.54,  25.91,  25.80,  25.70,  25.51,  25.87,  25.76,  25.61,  25.47,  25.44,  25.63,  25.95,  26.29,  26.80,  26.77
19971110, 0100, L, HU, 15.9N,  97.1W,  75,  981, -999, -999, -999, -999, -999, -999, -999, -999, -999, -999, -999, -999, -999,  23.52,  23.30,  23.36,  23.20,  23.09,  23.45,  23.55,  23.33,  23.27,  23.60,  24.08,  23.63,  23.37,  23.34,  23.17,  23.31,  22.92,  22.94,  23.09,  22.96,  22.84,  22.70,  22.71,  23.36,  22.89,  23.02,  23.40,  23.21,  23.16,  23.18,  23.40
19971110, 0600,  , HU, 15.9N,  96.0W,  65,  987, -999, -999, -999, -999, -999, -999, -999, -999, -999, -999, -999, -999, -999,    nan,    nan,    nan,    nan,    nan,    nan,    nan,    nan,    nan,    nan,    nan,    nan,    nan,    nan,    nan,    nan,    nan,    nan,    nan,    nan,    nan,    nan,    nan,    nan,    nan,    nan,    nan,    nan,    nan,    nan,    nan
19971110, 1200,  , TS, 16.3N,  94.5W,  40, 1002, -999, -999, -999, -999, -999, -999, -999, -999, -999, -999, -999, -999, -999,    nan,    nan,    nan,    nan,    nan,    nan,    nan,    nan,    nan,    nan,    nan,    nan,    nan,    nan,    nan,    nan,    nan,    nan,    nan,    nan,    nan,    nan,    nan,    nan,    nan,    nan,    nan,    nan,    nan,    nan,    nan
19971110, 1800,  , TD, 17.0N,  93.0W,  25, 1009, -999, -999, -999, -999, -999, -999, -999, -999, -999, -999, -999, -999, -999,    nan,    nan,    nan,    nan,    nan,    nan,    nan,    nan,    nan,    nan,    nan,    nan,    nan,    nan,    nan,    nan,    nan,    nan,    nan,    nan,    nan,    nan,    nan,    nan,    nan,    nan,    nan,    nan,    nan,    nan,    nan
