EP202014,              TRUDY,      9,
20141017, 0600,  , LO, 13.9N,  98.6W,  25, 1007,    0,    0,    0,    0,    0,    0,    0,    0,    0,    0,    0,    0, -999,  25.17,  26.42,  26.37,  26.13,  27.38,  27.27,  27.09,  27.21,  27.26,  26.57,  26.32,  26.63,  27.28,  27.99,  28.60,  28.13,  27.33,  28.06,  27.59,  27.39,  27.45,  27.56,  28.02,  28.24,  28.08,  28.02,  26.84,  28.23,  27.77,  27.34,  26.57
20141017, 1200,  , TD, 14.6N,  98.8W,  30, 1005,    0,    0,    0,    0,    0,    0,    0,    0,    0,    0,    0,    0, -999,  27.50,  28.06,  26.23,  26.35,  28.29,  27.65,  27.45,  27.23,  27.05,  26.90,  27.09,  27.14,  27.16,  26.88,  27.56,  28.42,  27.29,  27.63,  27.62,  27.71,  27.69,  27.66,  27.66,  28.13,  27.53,  26.94,  26.49,  27.52,  28.08,  27.77,  26.94
20141017, 1800,  , TS, 15.3N,  99.0W,  35, 1003,   40,   60,    0,   40,    0,    0,    0,    0,    0,    0,    0,    0, -999,  29.12,  28.99,  28.30,  28.64,  28.49,  28.27,  28.73,  27.98,  27.29,  27.12,  27.24,  27.77,  28.13,  28.52,  29.04,  28.78,  28.08,  27.65,  27.27,  27.34,  27.24,  26.95,  26.91,  26.28,  26.28,  26.67,  26.65,  26.08,  26.90,  28.19,  27.36
20141018, 0000,  , TS, 15.8N,  99.0W,  40, 1001,   40,   60,    0,   40,    0,    0,    0,    0,    0,    0,    0,    0, -999,  29.21,  28.95,  29.35,  28.96,  28.72,  28.66,  28.20,  27.52,  27.27,  27.69,  28.23,  28.37,  28.96,  29.67,  29.14,  29.15,  29.03,  28.66,  28.62,  28.13,  27.93,  27.82,  27.21,  26.85,  26.44,  26.19,  26.46,  27.49,  27.03,  26.79,  27.04
20141018, 0600,  , TS, 16.2N,  98.9W,  50,  999,   40,   50,   20,   40,   20,   20,    0,    0,    0,    0,    0,    0, -999,  28.73,  28.71,  28.99,  28.86,  29.08,  29.40,  28.87,  28.56,  28.33,  28.98,  29.22,  29.11,  29.30,  29.70,  29.19,  29.45,  29.00,  28.26,  28.77,  28.06,  27.92,  27.96,  27.45,  27.79,  27.77,  27.47,  27.45,  27.59,  27.31,  27.66,  27.87
20141018, 0915, L, TS, 16.5N,  98.8W,  55,  998,   40,   50,   20,   40,   20,   20,    0,    0,    0,    0,    0,    0, -999,    nan,    nan,    nan,    nan,    nan,    nan,    nan,    nan,    nan,    nan,    nan,    nan,    nan,    nan,    nan,    nan,    nan,    nan,    nan,    nan,    nan,    nan,    nan,    nan,    nan,    nan,    nan,    nan,    nan,    nan,    nan
20141018, 1200,  , TS, 16.7N,  98.7W,  45, 1001,    0,   40,   40,    0,    0,    0,    0,    0,    0,    0,    0,    0, -999,    nan,    nan,    nan,    nan,    nan,    nan,    nan,    nan,    nan,    nan,    nan,    nan,    nan,    nan,    nan,    nan,    nan,    nan,    nan,    nan,    nan,    nan,    nan,    nan,    nan,    nan,    nan,    nan,    nan,    nan,    nan
20141018, 1800,  , TD, 17.1N,  98.4W,  30, 1005,    0,    0,    0,    0,    0,    0,    0,    0,    0,    0,    0,    0, -999,    nan,    nan,    nan,    nan,    nan,    nan,    nan,    nan,    nan,    nan,    nan,    nan,    nan,    nan,    nan,    nan,    nan,    nan,    nan,    nan,    nan,    nan,    nan,    nan,    nan,    nan,    nan,    nan,    nan,    nan,    nan
20141019, 0000,  , TD, 17.3N,  98.2W,  25, 1007,    0,    0,    0,    0,    0,    0,    0,    0,    0,    0,    0,    0, -999,    nan,    nan,    nan,    nan,    nan,    nan,    nan,    nan,    nan,    nan,    nan,    nan,    nan,    nan,    nan,    nan,    nan,    nan,    nan,    nan,    nan,    nan,    nan,    nan,    nan,    nan,    nan,    nan,    nan,    nan,    nan
