EP212020,               POLO,     15,
20201117, 1200,  , LO, 14.7N, 111.9W,  25, 1008,    0,    0,    0,    0,    0,    0,    0,    0,    0,    0,    0,    0, -999,  14.58,  14.43,  14.44,  14.44,  14.11,  14.07,  14.93,  15.27,  15.73,  15.40,  15.33,  14.96,  15.79,  15.11,  14.76,  14.77,  15.78,  15.12,  14.42,  13.80,  13.97,  14.54,  14.49,  14.03,  14.34,  14.57,  14.55,  14.17,  14.23,  13.93,  14.75
20201117, 1800,  , TD, 15.0N, 112.9W,  30, 1007,    0,    0,    0,    0,    0,    0,    0,    0,    0,    0,    0,    0, -999,  13.67,  13.66,  14.10,  14.35,  14.50,  14.70,  14.95,  14.78,  14.88,  14.34,  14.28,  14.10,  13.87,  14.10,  13.80,  14.11,  14.48,  15.58,  14.72,  14.34,  14.76,  14.41,  14.19,  14.09,  13.90,  14.45,  14.34,  14.71,  15.00,  14.62,  14.66
20201118, 0000,  , TS, 15.4N, 113.8W,  35, 1006,   30,    0,    0,    0,    0,    0,    0,    0,    0,    0,    0,    0, -999,  14.60,  14.26,  14.67,  14.99,  14.73,  14.55,  15.32,  15.40,  14.74,  14.37,  14.02,  14.16,  13.73,  14.09,  13.73,  13.77,  14.56,  14.21,  14.32,  14.51,  13.95,  13.46,  14.27,  14.15,  14.22,  14.81,  15.05,  15.69,  15.06,  14.60,  14.23
20201118, 0600,  , TS, 15.7N, 114.7W,  35, 1005,   30,    0,    0,    0,    0,    0,    0,    0,    0,    0,    0,    0, -999,  15.47,  15.15,  15.48,  16.18,  15.63,  15.40,  15.74,  16.03,  14.90,  14.88,  14.74,  14.84,  14.31,  15.00,  14.97,  15.28,  15.20,  15.22,  14.58,  14.50,  14.34,  13.74,  14.35,  13.95,  13.87,  14.35,  14.28,  14.24,  14.12,  13.88,  14.03
20201118, 1200,  , TS, 16.0N, 115.6W,  40, 1004,   30,   20,    0,    0,    0,    0,    0,    0,    0,    0,    0,    0, -999,  15.06,  14.93,  15.13,  15.64,  15.80,  15.34,  15.63,  15.36,  15.23,  15.25,  15.62,  15.88,  15.26,  15.29,  15.32,  15.38,  15.54,  15.76,  15.21,  15.54,  15.41,  14.11,  14.61,  14.25,  13.86,  14.67,  15.17,  14.71,  14.60,  14.64,  15.25
20201118, 1800,  , TS, 16.4N, 116.7W,  40, 1004,   30,   20,    0,    0,    0,    0,    0,    0,    0,    0,    0,    0, -999,  14.50,  14.13,  15.22,  15.57,  15.77,  14.94,  15.80,  15.27,  15.99,  16.07,  15.57,  15.69,  15.63,  15.55,  15.29,  14.91,  14.98,  15.43,  15.21,  15.05,  15.17,  15.38,  15.53,  14.69,  15.17,  15.48,  14.74,  14.58,  14.72,  14.41,  14.34
20201119, 0000,  , TS, 16.8N, 117.8W,  40, 1004,   30,   20,    0,    0,    0,    0,    0,    0,    0,    0,    0,    0, -999,  13.86,  14.77,  14.73,  14.77,  14.55,  14.46,  13.84,  14.34,  15.26,  14.92,  15.08,  15.59,  15.56,  15.72,  15.47,  15.27,  14.21,  13.97,  15.10,  14.62,  15.11,  15.82,  15.71,  15.38,  15.47,  15.15,  14.95,  15.97,  16.00,  16.50,  16.51
20201119, 0600,  , TS, 17.0N, 118.8W,  35, 1005,   30,    0,    0,    0,    0,    0,    0,    0,    0,    0,    0,    0, -999,  14.92,  14.65,  14.93,  14.75,  14.49,  14.51,  13.54,  13.48,  14.09,  14.07,  14.99,  15.36,  14.79,  14.55,  14.90,  14.90,  13.29,  13.84,  14.02,  14.05,  14.18,  13.88,  13.47,  13.84,  14.52,  14.36,  14.53,  15.52,  15.98,  15.58,  16.47
20201119, 1200,  , TD, 17.0N, 119.8W,  30, 1007,    0,    0,    0,    0,    0,    0,    0,    0,    0,    0,    0,    0, -999,  16.38,  16.75,  16.55,  16.26,  16.46,  15.87,  14.90,  15.40,  15.53,  14.87,  15.85,  16.23,  15.35,  14.67,  14.33,  15.22,  14.49,  15.56,  14.98,  14.73,  15.22,  14.98,  14.92,  15.47,  15.82,  15.00,  15.02,  15.21,  15.69,  14.72,  14.66
20201119, 1800,  , LO, 16.9N, 120.8W,  30, 1007,    0,    0,    0,    0,    0,    0,    0,    0,    0,    0,    0,    0, -999,  15.39,  15.79,  15.30,  15.56,  16.05,  15.23,  14.66,  14.95,  14.72,  15.07,  15.56,  15.70,  15.89,  15.77,  15.33,  16.46,  15.71,  15.52,  15.31,  15.72,  15.59,  15.58,  15.79,  15.68,  16.54,  16.55,  16.20,  15.79,  16.00,  15.60,  15.10
20201120, 0000,  , LO, 16.8N, 121.7W,  30, 1008,    0,    0,    0,    0,    0,    0,    0,    0,    0,    0,    0,    0, -999,  15.89,  15.51,  15.09,  16.04,  16.62,  16.20,  15.96,  14.58,  14.86,  15.37,  14.07,  14.91,  14.52,  14.27,  15.57,  14.84,  14.59,  14.44,  14.95,  15.12,  15.17,  16.18,  15.68,  15.76,  15.98,  15.09,  15.30,  15.28,  15.60,  15.67,  15.77
20201120, 0600,  , LO, 16.7N, 122.6W,  30, 1008,    0,    0,    0,    0,    0,    0,    0,    0,    0,    0,    0,    0, -999,  16.76,  16.50,  16.44,  16.46,  15.85,  15.54,  15.83,  15.68,  15.95,  15.66,  14.88,  14.99,  15.00,  14.54,  15.21,  14.94,  15.35,  15.28,  15.23,  15.52,  14.97,  16.11,  15.74,  15.81,  15.93,  15.59,  15.95,  15.78,  16.32,  16.24,  16.27
20201120, 1200,  , LO, 16.7N, 123.7W,  30, 1009,    0,    0,    0,    0,    0,    0,    0,    0,    0,    0,    0,    0, -999,  17.05,  16.58,  16.91,  17.57,  17.61,  18.04,  18.46,  18.99,  18.52,  17.93,  16.95,  17.11,  16.82,  16.48,  16.86,  16.86,  16.87,  16.77,  16.82,  16.96,  16.61,  16.60,  16.47,  16.65,  16.56,  16.48,  16.48,  16.28,  16.03,  15.86,  15.81
20201120, 1800,  , LO, 16.6N, 124.8W,  25, 1010,    0,    0,    0,    0,    0,    0,    0,    0,    0,    0,    0,    0, -999,  18.19,  17.95,  17.62,  17.91,  17.78,  19.17,  18.47,  18.76,  18.27,  17.87,  18.00,  18.45,  18.64,  18.51,  18.48,  18.89,  18.87,  18.75,  18.73,  18.55,  17.91,  18.11,  17.93,  18.72,  18.29,  18.41,  17.99,  17.39,  16.71,  16.42,  17.26
20201121, 0000,  , LO, 16.4N, 126.0W,  25, 1010,    0,    0,    0,    0,    0,    0,    0,    0,    0,    0,    0,    0, -999,  18.33,  18.87,  19.13,  19.03,  19.38,  17.98,  17.77,  18.43,  18.41,  19.12,  19.13,  19.57,  19.55,  19.97,  19.66,  19.55,  18.45,  18.15,  18.44,  18.03,  17.32,  16.70,  17.35,  17.28,  17.06,  17.27,  17.12,  16.33,  16.06,  16.36,  17.05
