IO012014,                ONE,     24,
20140102, 1800,  , DB,  7.6N,  85.5E,  15, 1010,    0,    0,    0,    0,    0,    0,    0,    0,    0,    0,    0,    0, -999,  33.52,  34.49,  34.77,  34.98,  35.12,  34.98,  35.13,  35.09,  35.09,  34.99,  34.99,  34.85,  34.82,  34.88,  34.63,  34.84,  34.68,  34.38,  34.33,  33.98,  33.83,  33.86,  33.84,  33.92,  34.04,  33.90,  34.13,  34.24,  33.96,  33.91,  34.02
20140103, 0000,  , DB,  7.7N,  85.1E,  20, 1007,    0,    0,    0,    0,    0,    0,    0,    0,    0,    0,    0,    0, -999,  33.51,  34.04,  34.08,  35.04,  34.91,  34.70,  34.67,  35.10,  34.83,  34.94,  34.22,  34.40,  34.52,  34.77,  34.90,  34.79,  34.64,  34.49,  34.11,  34.01,  33.95,  33.77,  33.83,  33.78,  33.78,  33.86,  33.91,  34.00,  34.13,  34.09,  34.18
20140103, 0600,  , TD,  7.9N,  84.8E,  25, 1004,    0,    0,    0,    0,    0,    0,    0,    0,    0,    0,    0,    0, -999,  34.09,  33.66,  33.82,  34.53,  34.83,  34.87,  34.76,  34.74,  34.50,  34.38,  34.14,  34.10,  34.21,  34.64,  34.90,  34.79,  34.73,  34.68,  34.42,  34.42,  34.28,  33.97,  33.76,  33.74,  33.72,  33.84,  33.89,  33.86,  33.94,  33.90,  34.07
20140103, 1200,  , TD,  8.2N,  84.6E,  25, 1004,    0,    0,    0,    0,    0,    0,    0,    0,    0,    0,    0,    0, -999,  35.85,  35.65,  35.08,  35.43,  35.34,  34.98,  34.91,  35.17,  34.94,  34.83,  34.50,  34.33,  34.26,  34.15,  34.53,  34.43,  34.39,  34.66,  34.53,  34.58,  34.60,  34.51,  34.38,  34.21,  34.16,  34.13,  33.92,  33.85,  33.92,  33.97,  34.02
20140103, 1800,  , TD,  8.5N,  84.3E,  25, 1003,    0,    0,    0,    0,    0,    0,    0,    0,    0,    0,    0,    0, -999,  35.54,  35.55,  35.07,  35.71,  35.17,  35.28,  35.23,  35.15,  34.85,  34.88,  34.44,  34.35,  34.29,  34.23,  34.45,  34.36,  34.25,  34.51,  34.39,  34.52,  34.56,  34.51,  34.46,  34.31,  34.25,  34.22,  34.14,  34.05,  33.98,  33.95,  33.94
20140104, 0000,  , TD,  8.8N,  83.8E,  30,  999,    0,    0,    0,    0,    0,    0,    0,    0,    0,    0,    0,    0, -999,  35.62,  34.27,  35.52,  34.67,  35.09,  34.86,  34.69,  34.89,  34.62,  34.71,  34.61,  34.75,  35.11,  35.22,  35.02,  34.42,  35.15,  34.47,  34.45,  34.67,  34.67,  34.61,  34.56,  34.52,  34.46,  34.39,  34.38,  34.39,  34.39,  34.42,  34.27
20140104, 0600,  , TS,  9.0N,  83.3E,  35,  996,    0,    0,    0,    0,    0,    0,    0,    0,    0,    0,    0,    0, -999,  34.97,  34.94,  35.58,  34.39,  34.77,  34.00,  34.03,  33.99,  33.98,  34.66,  34.23,  34.98,  35.07,  35.32,  34.48,  34.88,  34.87,  34.68,  34.70,  34.73,  34.51,  34.44,  34.46,  34.39,  34.49,  34.52,  34.59,  34.59,  34.54,  34.57,  34.47
20140104, 1200,  , TS,  9.1N,  82.8E,  35,  996,    0,    0,    0,    0,    0,    0,    0,    0,    0,    0,    0,    0, -999,  33.89,  35.23,  34.83,  34.84,  34.67,  34.33,  33.62,  34.22,  33.47,  33.80,  33.72,  34.27,  33.74,  33.89,  33.90,  34.21,  34.36,  34.78,  34.81,  34.63,  33.65,  33.70,  34.12,  34.31,  34.48,  34.47,  34.88,  34.85,  34.75,  34.81,  34.69
20140104, 1800,  , TS,  9.2N,  82.4E,  40,  993,   40,   35,   35,   40,    0,    0,    0,    0,    0,    0,    0,    0, -999,  34.65,  35.21,  35.05,  35.55,  35.47,  35.29,  35.19,  35.22,  35.38,  35.26,  35.70,  35.55,  35.66,  35.54,  35.06,  33.91,  34.90,  34.03,  34.90,  34.56,  34.41,  33.95,  34.10,  33.83,  33.69,  34.13,  34.27,  34.27,  34.38,  34.30,  34.22
20140105, 0000,  , TS,  9.3N,  82.2E,  40,  993,   40,   35,   35,   40,    0,    0,    0,    0,    0,    0,    0,    0, -999,  34.84,  35.16,  35.67,  35.31,  35.27,  35.29,  35.17,  35.18,  35.22,  35.52,  35.21,  35.27,  35.46,  35.74,  34.81,  35.41,  34.39,  34.85,  34.32,  34.24,  33.94,  34.16,  33.73,  33.98,  34.28,  34.46,  34.36,  34.51,  34.65,  34.71,  34.56
20140105, 0600,  , TS,  9.3N,  81.9E,  40,  993,   40,   35,   35,   40,    0,    0,    0,    0,    0,    0,    0,    0, -999,  34.39,  34.76,  35.25,  34.98,  34.79,  34.53,  34.23,  34.55,  34.84,  35.10,  34.77,  34.57,  34.57,  34.76,  34.46,  34.49,  34.34,  34.73,  34.68,  34.68,  34.16,  34.00,  33.65,  34.65,  34.53,  34.60,  34.21,  34.62,  34.59,  34.55,  34.42
20140105, 1200,  , TS,  9.3N,  81.7E,  35,  996,   40,   35,   35,   40,    0,    0,    0,    0,    0,    0,    0,    0, -999,  34.09,  34.45,  34.65,  34.39,  34.14,  33.48,  33.98,  34.22,  34.68,  34.60,  34.36,  34.34,  34.27,  34.73,  33.88,  34.03,  34.24,  34.50,  34.72,  34.34,  33.97,  34.06,  33.83,  34.47,  34.62,  34.23,  34.11,  34.47,  34.41,  34.45,  34.53
20140105, 1800,  , TS,  9.3N,  81.5E,  35,  996,   40,   35,   35,   40,    0,    0,    0,    0,    0,    0,    0,    0, -999,  33.04,  33.68,  33.55,  33.31,  33.28,  33.00,  33.67,  34.31,  34.07,  34.27,  34.26,  34.26,  33.85,  33.95,  33.74,  34.05,  34.04,  33.66,  34.56,  34.23,  34.02,  34.04,  34.14,  34.23,  34.16,  34.13,  33.99,  34.27,  34.44,  34.44,  34.56
20140106, 0000,  , TS,  9.3N,  81.3E,  35,  996,    0,    0,    0,    0,    0,    0,    0,    0,    0,    0,    0,    0, -999,  32.99,  33.04,  32.95,  32.94,  33.39,  33.51,  34.09,  33.62,  33.95,  33.90,  33.55,  33.57,  33.58,  33.52,  33.72,  33.66,  33.68,  34.57,  33.92,  33.98,  34.17,  33.88,  34.04,  33.91,  34.00,  33.96,  34.15,  34.34,  34.36,  34.39,  34.04
20140106, 0600,  , TD,  9.1N,  81.0E,  30, 1000,    0,    0,    0,    0,    0,    0,    0,    0,    0,    0,    0,    0, -999,  33.36,  33.15,  33.17,  33.05,  33.13,  33.21,  33.15,  33.21,  32.95,  33.00,  33.12,  33.07,  33.23,  33.25,  33.19,  33.31,  33.39,  33.42,  33.41,  33.49,  33.46,  33.40,  33.39,  33.47,  33.48,  33.52,  33.54,  33.58,  33.71,  33.76,  33.68
20140106, 1200,  , TD,  8.8N,  80.7E,  25, 1004,    0,    0,    0,    0,    0,    0,    0,    0,    0,    0,    0,    0, -999,    nan,    nan,    nan,    nan,    nan,    nan,    nan,    nan,    nan,    nan,    nan,    nan,    nan,    nan,    nan,    nan,    nan,    nan,    nan,    nan,    nan,    nan,    nan,    nan,    nan,    nan,    nan,    nan,    nan,    nan,    nan
20140106, 1800,  , TD,  8.4N,  80.3E,  25, 1004,    0,    0,    0,    0,    0,    0,    0,    0,    0,    0,    0,    0, -999,    nan,    nan,    nan,    nan,    nan,    nan,    nan,    nan,    nan,    nan,    nan,    nan,    nan,    nan,    nan,    nan,    nan,    nan,    nan,    nan,    nan,    nan,    nan,    nan,    nan,    nan,    nan,    nan,    nan,    nan,    nan
20140107, 0000,  , TD,  7.9N,  79.9E,  25, 1004,    0,    0,    0,    0,    0,    0,    0,    0,    0,    0,    0,    0, -999,    nan,    nan,    nan,    nan,    nan,    nan,    nan,    nan,    nan,    nan,    nan,    nan,    nan,    nan,    nan,    nan,    nan,    nan,    nan,    nan,    nan,    nan,    nan,    nan,    nan,    nan,    nan,    nan,    nan,    nan,    nan
20140107, 0600,  , TD,  7.6N,  79.6E,  25, 1004,    0,    0,    0,    0,    0,    0,    0,    0,    0,    0,    0,    0, -999,  35.48,  35.35,  34.98,  35.09,  34.97,  35.17,  35.05,  34.89,  34.51,  34.53,  34.73,  34.77,  34.76,  34.71,  34.68,  34.64,  34.67,  34.65,  34.68,  34.72,  34.58,  34.53,  34.64,  34.70,  34.41,  34.30,  34.31,  34.62,  34.45,  34.35,  34.47
20140107, 1200,  , TD,  7.4N,  79.2E,  25, 1004,    0,    0,    0,    0,    0,    0,    0,    0,    0,    0,    0,    0, -999,  35.11,  35.01,  35.00,  34.89,  34.70,  34.52,  34.45,  34.41,  34.40,  34.42,  34.60,  34.62,  34.54,  34.50,  34.45,  34.44,  34.44,  34.59,  34.65,  34.63,  34.89,  34.64,  34.78,  34.80,  34.67,  34.51,  34.54,  34.59,  34.51,  34.51,  34.67
20140107, 1800,  , TD,  7.5N,  78.9E,  25, 1004,    0,    0,    0,    0,    0,    0,    0,    0,    0,    0,    0,    0, -999,  34.85,  34.76,  34.80,  34.73,  34.68,  34.39,  34.38,  34.35,  34.30,  34.38,  34.42,  34.36,  34.28,  34.29,  34.34,  34.44,  34.56,  34.67,  34.76,  34.64,  34.67,  34.49,  34.68,  34.67,  34.70,  34.55,  34.58,  34.57,  34.51,  34.45,  34.57
20140108, 0000,  , TD,  7.7N,  78.5E,  25, 1004,    0,    0,    0,    0,    0,    0,    0,    0,    0,    0,    0,    0, -999,  34.74,  34.75,  34.82,  34.69,  34.40,  34.44,  34.34,  34.26,  34.37,  34.46,  34.43,  34.45,  34.49,  34.54,  34.57,  34.61,  34.60,  34.56,  34.61,  34.57,  34.54,  34.57,  34.63,  34.63,  34.50,  34.43,  34.52,  34.51,  34.45,  34.49,  34.48
20140108, 0600,  , TD,  7.8N,  78.0E,  25, 1004,    0,    0,    0,    0,    0,    0,    0,    0,    0,    0,    0,    0, -999,  34.88,  34.92,  34.86,  34.45,  34.41,  34.44,  34.45,  34.42,  34.39,  34.58,  34.64,  34.69,  34.67,  34.62,  34.54,  34.49,  34.49,  34.53,  34.65,  34.62,  34.59,  34.63,  34.66,  34.54,  34.29,  34.13,  34.34,  34.33,  34.34,  34.37,  34.52
20140108, 1200,  , DB,  8.0N,  77.1E,  20, 1007,    0,    0,    0,    0,    0,    0,    0,    0,    0,    0,    0,    0, -999,    nan,    nan,    nan,    nan,    nan,    nan,    nan,    nan,    nan,    nan,    nan,    nan,    nan,    nan,    nan,    nan,    nan,    nan,    nan,    nan,    nan,    nan,    nan,    nan,    nan,    nan,    nan,    nan,    nan,    nan,    nan
