IO021997,            UNNAMED,     33,
19970919, 1800,  , LO, 14.2N,  84.0E,  15,    0,    0,    0,    0,    0,    0,    0,    0,    0,    0,    0,    0,    0, -999,  34.05,  33.91,  33.86,  33.91,  33.98,  34.00,  33.90,  33.84,  33.98,  33.99,  34.01,  34.17,  34.45,  34.34,  34.26,  34.03,  34.18,  34.22,  34.18,  34.23,  34.20,  34.23,  34.29,  34.23,  34.12,  33.98,  33.92,  34.06,  33.98,  33.92,  33.91
19970920, 0000,  , XX, 13.1N,  83.8E,  15,    0,    0,    0,    0,    0,    0,    0,    0,    0,    0,    0,    0,    0, -999,  34.37,  34.40,  34.42,  34.42,  34.42,  34.41,  34.39,  34.34,  34.21,  34.14,  34.16,  34.16,  34.12,  34.07,  34.04,  34.03,  34.08,  34.15,  34.29,  34.22,  34.13,  34.31,  34.33,  34.32,  34.28,  34.27,  34.11,  34.02,  34.17,  34.17,  34.14
19970920, 0600,  , XX, 13.2N,  83.7E,  15,    0,    0,    0,    0,    0,    0,    0,    0,    0,    0,    0,    0,    0, -999,  34.40,  34.39,  34.38,  34.38,  34.40,  34.41,  34.41,  34.37,  34.20,  34.13,  34.13,  34.13,  34.09,  34.04,  34.03,  34.03,  34.11,  34.21,  34.31,  34.16,  34.16,  34.35,  34.35,  34.30,  34.25,  34.24,  34.15,  34.09,  34.26,  34.19,  34.20
19970920, 1200,  , XX, 13.3N,  83.6E,  15,    0,    0,    0,    0,    0,    0,    0,    0,    0,    0,    0,    0,    0, -999,  34.41,  34.38,  34.38,  34.38,  34.39,  34.40,  34.39,  34.27,  33.88,  33.89,  33.98,  34.01,  33.97,  33.99,  34.07,  34.19,  34.36,  34.39,  34.18,  34.20,  34.31,  34.34,  34.32,  34.26,  34.25,  34.23,  34.03,  34.22,  34.30,  34.23,  34.19
19970920, 1800,  , XX, 13.4N,  83.5E,  15,    0,    0,    0,    0,    0,    0,    0,    0,    0,    0,    0,    0,    0, -999,  34.38,  34.36,  34.37,  34.37,  34.38,  34.38,  34.39,  34.39,  34.18,  33.87,  33.89,  33.97,  34.07,  34.22,  34.35,  34.40,  34.40,  34.30,  34.19,  34.34,  34.36,  34.26,  34.25,  34.23,  34.16,  34.08,  34.17,  34.29,  34.29,  34.27,  34.28
19970921, 0000,  , XX, 13.5N,  83.5E,  20,    0,    0,    0,    0,    0,    0,    0,    0,    0,    0,    0,    0,    0, -999,  34.36,  34.37,  34.37,  34.38,  34.38,  34.39,  34.39,  34.18,  33.87,  33.89,  33.97,  34.07,  34.22,  34.35,  34.40,  34.40,  34.30,  34.19,  34.34,  34.36,  34.26,  34.25,  34.23,  34.16,  34.08,  34.17,  34.29,  34.29,  34.27,  34.28,  34.28
19970921, 0600,  , XX, 13.7N,  83.4E,  20,    0,    0,    0,    0,    0,    0,    0,    0,    0,    0,    0,    0,    0, -999,  34.43,  34.38,  34.37,  34.38,  34.39,  34.45,  34.44,  34.43,  34.42,  34.38,  34.38,  34.34,  34.38,  34.41,  34.42,  34.35,  34.36,  34.30,  34.34,  34.28,  34.23,  34.22,  34.09,  33.99,  34.05,  34.23,  34.31,  34.27,  34.27,  34.28,  34.25
19970921, 1200,  , XX, 13.9N,  83.4E,  20,    0,    0,    0,    0,    0,    0,    0,    0,    0,    0,    0,    0,    0, -999,  34.38,  34.40,  34.39,  34.39,  34.39,  34.45,  34.43,  34.41,  34.38,  34.37,  34.32,  34.38,  34.40,  34.43,  34.41,  34.36,  34.33,  34.35,  34.29,  34.27,  34.21,  34.16,  34.07,  33.92,  34.19,  34.27,  34.25,  34.27,  34.28,  34.28,  34.24
19970921, 1800,  , XX, 14.1N,  83.3E,  25,    0,    0,    0,    0,    0,    0,    0,    0,    0,    0,    0,    0,    0, -999,  34.37,  34.41,  34.40,  34.41,  34.43,  34.40,  34.35,  34.31,  34.30,  34.31,  34.36,  34.36,  34.39,  34.40,  34.37,  34.32,  34.35,  34.37,  34.26,  34.23,  34.20,  34.12,  33.97,  34.03,  34.24,  34.28,  34.27,  34.25,  34.22,  34.20,  34.13
19970922, 0000,  , XX, 14.3N,  83.2E,  25,    0,    0,    0,    0,    0,    0,    0,    0,    0,    0,    0,    0,    0, -999,  33.86,  33.78,  34.05,  34.43,  34.42,  34.38,  34.34,  34.35,  34.34,  34.40,  34.39,  34.41,  34.37,  34.31,  34.34,  34.39,  34.36,  34.25,  34.22,  34.12,  33.98,  33.89,  34.17,  34.30,  34.25,  34.27,  34.27,  34.27,  34.26,  34.26,  34.21
19970922, 0600,  , XX, 14.5N,  83.1E,  25,    0,    0,    0,    0,    0,    0,    0,    0,    0,    0,    0,    0,    0, -999,  33.78,  33.78,  34.07,  34.45,  34.41,  34.41,  34.37,  34.28,  34.38,  34.39,  34.39,  34.38,  34.35,  34.34,  34.32,  34.33,  34.31,  34.21,  34.19,  34.08,  33.83,  34.06,  34.21,  34.23,  34.28,  34.28,  34.29,  34.28,  34.27,  34.25,  34.17
19970922, 1200,  , XX, 14.7N,  83.1E,  25,    0,    0,    0,    0,    0,    0,    0,    0,    0,    0,    0,    0,    0, -999,  33.92,  33.79,  33.94,  34.28,  34.44,  34.33,  33.99,  34.00,  34.23,  34.41,  34.41,  34.38,  34.31,  34.34,  34.34,  34.35,  34.33,  34.20,  34.14,  34.00,  33.85,  34.08,  34.30,  34.23,  34.22,  34.16,  34.14,  34.15,  34.21,  34.26,  34.28
19970922, 1800,  , XX, 15.0N,  83.0E,  25,    0,    0,    0,    0,    0,    0,    0,    0,    0,    0,    0,    0,    0, -999,  33.99,  33.94,  33.84,  34.03,  34.16,  34.00,  33.95,  33.94,  34.04,  34.41,  34.42,  34.38,  34.35,  34.35,  34.39,  34.38,  34.34,  34.20,  34.12,  33.93,  33.84,  34.10,  34.41,  34.18,  34.12,  34.00,  33.93,  33.92,  34.00,  34.12,  34.23
19970923, 0000,  , XX, 15.2N,  82.9E,  25,    0,    0,    0,    0,    0,    0,    0,    0,    0,    0,    0,    0,    0, -999,  33.96,  33.90,  33.94,  33.92,  33.91,  33.84,  34.11,  34.10,  34.24,  34.35,  34.39,  34.38,  34.34,  34.37,  34.42,  34.36,  34.21,  34.13,  34.22,  34.15,  34.61,  34.33,  33.92,  33.90,  33.88,  33.90,  33.91,  33.97,  34.05,  34.07,  33.91
19970923, 0600,  , XX, 15.3N,  82.7E,  25,    0,    0,    0,    0,    0,    0,    0,    0,    0,    0,    0,    0,    0, -999,  33.95,  33.90,  33.92,  33.92,  33.96,  33.75,  34.10,  34.09,  34.41,  34.36,  34.38,  34.41,  34.38,  34.41,  34.41,  34.29,  34.18,  34.15,  34.25,  34.22,  34.58,  34.19,  33.91,  33.90,  33.88,  33.89,  33.95,  34.06,  34.18,  34.09,  33.94
19970923, 1200,  , XX, 15.4N,  82.4E,  25,    0,    0,    0,    0,    0,    0,    0,    0,    0,    0,    0,    0,    0, -999,  34.00,  34.03,  33.97,  33.86,  34.02,  34.11,  34.23,  34.30,  34.33,  34.42,  34.46,  34.45,  34.39,  34.40,  34.36,  34.18,  34.12,  34.31,  34.11,  34.23,  34.19,  33.93,  33.88,  33.86,  33.93,  33.97,  34.17,  34.20,  34.17,  34.20,  34.22
19970923, 1800,  , LO, 15.7N,  82.3E,  25,    0,    0,    0,    0,    0,    0,    0,    0,    0,    0,    0,    0,    0, -999,  34.03,  34.03,  33.93,  33.63,  33.99,  34.17,  34.27,  34.27,  34.25,  34.30,  34.41,  34.40,  34.34,  34.38,  34.44,  34.29,  34.31,  34.07,  33.93,  33.90,  33.91,  33.90,  33.85,  33.87,  33.96,  33.94,  33.99,  34.03,  33.94,  33.93,  33.99
19970924, 0000,  , LO, 16.1N,  82.3E,  30,    0,    0,    0,    0,    0,    0,    0,    0,    0,    0,    0,    0,    0, -999,  33.90,  33.95,  34.02,  33.93,  33.83,  33.85,  33.93,  34.01,  34.10,  34.20,  34.14,  34.05,  34.01,  33.99,  34.00,  33.93,  33.92,  33.92,  33.94,  33.91,  33.92,  33.93,  33.86,  33.92,  33.93,  33.86,  33.83,  33.82,  33.90,  33.94,  33.90
19970924, 0600,  , LO, 16.5N,  82.5E,  30,    0,    0,    0,    0,    0,    0,    0,    0,    0,    0,    0,    0,    0, -999,  33.91,  33.94,  33.95,  33.94,  33.94,  33.96,  34.03,  34.04,  34.04,  34.04,  34.04,  34.04,  34.06,  34.05,  33.94,  33.88,  33.95,  33.91,  33.90,  33.88,  33.92,  33.92,  33.88,  33.90,  33.89,  33.90,  33.91,  33.93,  33.96,  33.96,  33.96
19970924, 1200,  , XX, 16.9N,  82.7E,  30,    0,    0,    0,    0,    0,    0,    0,    0,    0,    0,    0,    0,    0, -999,  33.99,  34.01,  33.94,  33.95,  33.98,  34.01,  34.04,  34.05,  34.04,  34.05,  34.05,  34.05,  34.03,  34.00,  33.95,  33.92,  33.96,  33.92,  33.89,  33.89,  33.92,  33.88,  33.87,  33.88,  33.89,  33.91,  33.92,  33.94,  33.95,  33.95,  33.97
19970924, 1800,  , TS, 17.2N,  83.2E,  35,    0,    0,    0,    0,    0,    0,    0,    0,    0,    0,    0,    0,    0, -999,  33.93,  33.95,  33.99,  34.00,  34.03,  34.04,  34.05,  34.04,  34.02,  34.01,  34.01,  33.98,  33.97,  33.97,  33.95,  33.94,  33.95,  33.91,  33.88,  33.91,  33.88,  33.89,  33.90,  33.90,  33.92,  33.95,  33.97,  33.98,  33.98,  33.99,  34.00
19970925, 0000,  , TS, 17.3N,  83.8E,  35,    0,    0,    0,    0,    0,    0,    0,    0,    0,    0,    0,    0,    0, -999,  33.95,  34.05,  34.07,  33.97,  33.92,  33.95,  33.98,  33.94,  33.93,  33.94,  33.96,  33.97,  33.99,  34.00,  33.96,  33.98,  33.95,  33.89,  33.90,  33.90,  33.92,  33.96,  34.01,  34.00,  33.95,  33.96,  34.00,  34.00,  34.01,  34.00,  33.99
19970925, 0600,  , XX, 17.6N,  84.4E,  35,    0,    0,    0,    0,    0,    0,    0,    0,    0,    0,    0,    0,    0, -999,  33.95,  34.01,  34.09,  34.01,  33.96,  33.94,  33.93,  33.95,  33.95,  33.97,  33.98,  34.00,  33.98,  33.95,  33.96,  33.95,  33.92,  33.92,  33.93,  33.91,  33.92,  33.95,  33.99,  34.00,  33.98,  33.97,  34.01,  34.02,  34.01,  34.01,  34.02
19970925, 1200,  , XX, 18.1N,  84.9E,  35,    0,    0,    0,    0,    0,    0,    0,    0,    0,    0,    0,    0,    0, -999,  33.90,  33.94,  33.89,  33.91,  33.91,  33.90,  33.83,  33.77,  33.71,  33.72,  33.77,  33.81,  33.81,  33.79,  33.77,  33.76,  33.71,  33.67,  33.61,  33.63,  33.63,  33.63,  33.63,  33.67,  33.72,  33.73,  33.72,  33.73,  33.77,  33.76,  33.78
19970925, 1800,  , XX, 18.8N,  85.7E,  45,    0,    0,    0,    0,    0,    0,    0,    0,    0,    0,    0,    0,    0, -999,  33.57,  33.61,  33.62,  33.64,  33.67,  33.62,  33.56,  33.51,  33.48,  33.49,  33.50,  33.51,  33.49,  33.49,  33.51,  33.54,  33.60,  33.62,  33.67,  33.68,  33.70,  33.64,  33.60,  33.63,  33.66,  33.68,  33.63,  33.68,  33.59,  33.60,  33.55
19970926, 0000,  , TS, 19.4N,  86.7E,  55,    0,    0,    0,    0,    0,    0,    0,    0,    0,    0,    0,    0,    0, -999,  33.59,  33.56,  33.51,  33.48,  33.48,  33.48,  33.51,  33.55,  33.61,  33.67,  33.69,  33.66,  33.62,  33.67,  33.65,  33.71,  33.67,  33.68,  33.64,  33.60,  33.66,  33.67,  33.64,  33.53,  33.59,  33.51,  33.49,  33.51,  33.51,  33.51,  33.52
19970926, 0600,  , XX, 20.0N,  88.0E,  55,    0,    0,    0,    0,    0,    0,    0,    0,    0,    0,    0,    0,    0, -999,  33.52,  33.58,  33.64,  33.74,  33.75,  33.77,  33.77,  33.71,  33.68,  33.67,  33.72,  33.77,  33.79,  33.74,  33.79,  33.75,  33.71,  33.62,  33.52,  33.48,  33.45,  33.46,  33.46,  33.46,  33.48,  33.50,  33.52,  33.54,  33.55,  33.54,  33.57
19970926, 1200,  , XX, 21.0N,  89.4E,  60,    0,    0,    0,    0,    0,    0,    0,    0,    0,    0,    0,    0,    0, -999,  32.65,  32.69,  32.72,  32.77,  32.74,  32.67,  32.64,  32.67,  32.74,  32.74,  32.69,  32.69,  32.67,  32.72,  32.99,  33.21,  33.23,  33.35,  33.32,  33.25,  33.24,  33.21,  33.19,  33.25,  33.35,  33.46,  33.48,  33.45,  33.43,  33.41,  33.36
19970926, 1800,  , HU, 21.8N,  90.4E,  65,    0,    0,    0,    0,    0,    0,    0,    0,    0,    0,    0,    0,    0, -999,    nan,    nan,    nan,    nan,    nan,    nan,    nan,    nan,    nan,    nan,    nan,    nan,    nan,    nan,    nan,    nan,    nan,    nan,    nan,    nan,    nan,    nan,    nan,    nan,    nan,    nan,    nan,    nan,    nan,    nan,    nan
19970927, 0000,  , HU, 22.6N,  91.2E,  65,    0,    0,    0,    0,    0,    0,    0,    0,    0,    0,    0,    0,    0, -999,    nan,    nan,    nan,    nan,    nan,    nan,    nan,    nan,    nan,    nan,    nan,    nan,    nan,    nan,    nan,    nan,    nan,    nan,    nan,    nan,    nan,    nan,    nan,    nan,    nan,    nan,    nan,    nan,    nan,    nan,    nan
19970927, 0600,  , XX, 23.7N,  92.3E,  65,    0,    0,    0,    0,    0,    0,    0,    0,    0,    0,    0,    0,    0, -999,    nan,    nan,    nan,    nan,    nan,    nan,    nan,    nan,    nan,    nan,    nan,    nan,    nan,    nan,    nan,    nan,    nan,    nan,    nan,    nan,    nan,    nan,    nan,    nan,    nan,    nan,    nan,    nan,    nan,    nan,    nan
19970927, 1200,  , TS, 24.8N,  93.4E,  35,    0,    0,    0,    0,    0,    0,    0,    0,    0,    0,    0,    0,    0, -999,    nan,    nan,    nan,    nan,    nan,    nan,    nan,    nan,    nan,    nan,    nan,    nan,    nan,    nan,    nan,    nan,    nan,    nan,    nan,    nan,    nan,    nan,    nan,    nan,    nan,    nan,    nan,    nan,    nan,    nan,    nan
19970927, 1800,  , LO, 26.0N,  94.4E,  25,    0,    0,    0,    0,    0,    0,    0,    0,    0,    0,    0,    0,    0, -999,    nan,    nan,    nan,    nan,    nan,    nan,    nan,    nan,    nan,    nan,    nan,    nan,    nan,    nan,    nan,    nan,    nan,    nan,    nan,    nan,    nan,    nan,    nan,    nan,    nan,    nan,    nan,    nan,    nan,    nan,    nan
