IO022014,             NANAUK,     27,
20140608, 0600,  , DB, 12.4N,  68.3E,  20, 1007,    0,    0,    0,    0,    0,    0,    0,    0,    0,    0,    0,    0, -999,  24.34,  25.19,  25.18,  24.97,  24.78,  24.37,  24.47,  24.09,  24.48,  24.17,  25.10,  24.81,  24.59,  24.19,  23.77,  23.77,  23.72,  23.45,  25.19,  24.27,  24.09,  24.52,  24.43,  24.23,  24.64,  24.05,  24.20,  23.95,  24.82,  25.25,  22.82
20140608, 1200,  , DB, 12.8N,  68.0E,  20, 1007,    0,    0,    0,    0,    0,    0,    0,    0,    0,    0,    0,    0, -999,  24.58,  24.88,  24.87,  25.12,  24.89,  24.65,  24.38,  24.05,  24.33,  24.13,  24.82,  24.60,  24.21,  24.02,  23.55,  23.48,  23.41,  23.38,  25.01,  24.22,  24.21,  24.43,  24.26,  24.45,  24.96,  24.73,  24.99,  24.31,  24.58,  24.29,  22.92
20140608, 1800,  , TD, 13.0N,  67.8E,  25, 1004,    0,    0,    0,    0,    0,    0,    0,    0,    0,    0,    0,    0, -999,  24.55,  24.84,  24.83,  25.07,  24.86,  24.63,  24.07,  24.12,  24.58,  24.68,  25.03,  24.92,  24.27,  24.30,  24.00,  23.98,  23.93,  23.64,  25.24,  24.32,  24.27,  24.42,  24.19,  23.91,  24.16,  23.68,  24.22,  23.49,  24.67,  24.35,  23.20
20140609, 0000,  , TD, 13.2N,  67.6E,  25, 1002,    0,    0,    0,    0,    0,    0,    0,    0,    0,    0,    0,    0, -999,  24.74,  24.70,  25.16,  24.99,  25.27,  24.36,  24.42,  24.87,  25.12,  25.29,  24.98,  24.21,  24.11,  23.98,  23.98,  24.02,  24.10,  25.13,  24.42,  24.23,  24.39,  24.38,  24.43,  24.36,  23.94,  23.75,  24.06,  24.92,  24.48,  24.40,  24.04
20140609, 0600,  , TD, 13.4N,  67.7E,  30, 1000,    0,    0,    0,    0,    0,    0,    0,    0,    0,    0,    0,    0, -999,  25.21,  25.31,  25.52,  25.18,  25.62,  25.06,  24.95,  25.07,  24.98,  24.81,  24.60,  24.36,  24.30,  24.49,  24.36,  24.78,  24.56,  25.02,  24.43,  24.27,  24.44,  24.33,  24.38,  24.22,  23.77,  23.71,  24.00,  24.81,  24.58,  24.18,  24.16
20140609, 1200,  , TD, 13.8N,  68.5E,  30, 1000,    0,    0,    0,    0,    0,    0,    0,    0,    0,    0,    0,    0, -999,  24.94,  25.01,  24.93,  24.81,  24.65,  24.07,  23.81,  23.93,  23.81,  24.25,  23.88,  24.36,  23.95,  23.57,  23.62,  23.51,  23.39,  23.83,  23.30,  22.75,  22.93,  23.52,  23.24,  24.64,  25.26,  24.87,  24.53,  24.32,  24.22,  23.28,  23.99
20140609, 1800,  , TD, 14.5N,  69.2E,  30, 1000,    0,    0,    0,    0,    0,    0,    0,    0,    0,    0,    0,    0, -999,  24.46,  24.53,  24.39,  24.26,  24.13,  23.55,  23.53,  24.43,  24.20,  24.34,  24.16,  24.32,  24.12,  23.90,  23.81,  23.84,  23.62,  23.26,  23.47,  22.90,  24.09,  24.50,  24.48,  25.11,  25.30,  24.82,  24.95,  24.85,  24.65,  24.60,  25.21
20140610, 0000,  , TS, 15.1N,  69.0E,  35,  996,    0,    0,    0,    0,    0,    0,    0,    0,    0,    0,    0,    0, -999,  24.68,  24.71,  24.57,  24.55,  23.87,  23.59,  24.93,  24.71,  24.63,  24.17,  24.41,  24.38,  24.20,  24.15,  24.09,  24.09,  23.61,  23.45,  23.06,  23.59,  24.64,  24.50,  24.56,  24.81,  23.75,  23.96,  23.74,  23.70,  24.07,  24.14,  25.02
20140610, 0600,  , TS, 15.7N,  68.6E,  40,  993,   50,   50,   50,   50,    0,    0,    0,    0,    0,    0,    0,    0, -999,  24.54,  24.74,  24.58,  24.33,  24.03,  23.89,  25.12,  25.12,  25.14,  24.67,  24.77,  24.79,  24.53,  24.43,  24.30,  24.30,  24.02,  23.94,  23.50,  24.26,  25.02,  25.18,  24.96,  24.93,  23.88,  23.29,  23.41,  23.07,  23.91,  23.29,  24.57
20140610, 1200,  , TS, 16.1N,  68.1E,  45,  989,   50,   50,   50,   50,    0,    0,    0,    0,    0,    0,    0,    0, -999,  23.72,  23.64,  23.68,  23.57,  23.59,  23.68,  23.76,  23.99,  24.56,  24.18,  24.13,  23.98,  23.73,  23.72,  23.41,  23.48,  23.55,  23.31,  23.02,  23.49,  23.82,  23.81,  23.81,  24.00,  23.80,  24.02,  23.81,  23.58,  24.25,  24.30,  25.45
20140610, 1800,  , TS, 16.4N,  67.6E,  50,  985,   55,   55,   55,   55,    0,    0,    0,    0,    0,    0,    0,    0, -999,  23.24,  23.31,  23.49,  23.30,  23.11,  23.54,  22.91,  22.91,  23.35,  22.52,  23.27,  23.00,  22.60,  22.76,  22.25,  22.25,  23.04,  22.97,  22.90,  22.55,  22.59,  22.71,  22.36,  22.39,  22.18,  23.89,  23.92,  23.89,  23.96,  24.02,  24.74
20140611, 0000,  , TS, 16.6N,  67.2E,  55,  982,   55,   55,   55,   55,   20,   20,   20,   20,    0,    0,    0,    0, -999,  23.54,  23.52,  23.53,  23.39,  23.98,  23.32,  23.38,  23.78,  22.79,  23.54,  23.61,  22.82,  22.76,  22.39,  22.20,  22.77,  22.91,  22.85,  22.30,  22.23,  22.59,  22.36,  22.26,  22.37,  23.69,  23.78,  23.87,  23.82,  24.11,  24.38,  24.38
20140611, 0600,  , TS, 17.0N,  66.7E,  55,  982,   65,   55,   55,   65,   30,   25,   25,   30,    0,    0,    0,    0, -999,  23.23,  23.47,  23.42,  23.20,  24.00,  23.57,  23.57,  23.65,  23.15,  23.77,  23.70,  23.40,  23.45,  23.27,  23.16,  23.71,  24.07,  23.61,  23.09,  22.64,  22.82,  23.12,  22.68,  22.80,  23.53,  22.61,  23.26,  23.00,  23.49,  23.66,  23.67
20140611, 1200,  , TS, 17.5N,  66.2E,  55,  982,   70,   60,   60,   70,   40,   35,   35,   40,    0,    0,    0,    0, -999,  23.48,  23.71,  23.65,  23.62,  24.12,  24.11,  24.18,  24.09,  23.70,  23.84,  23.84,  23.44,  23.75,  23.76,  23.42,  23.95,  24.10,  23.52,  23.36,  22.74,  22.97,  23.71,  23.76,  24.58,  24.16,  23.04,  23.76,  24.13,  23.66,  23.71,  23.62
20140611, 1800,  , TS, 17.7N,  65.7E,  55,  982,   70,   60,   60,   70,   40,   35,   35,   40,    0,    0,    0,    0, -999,  22.71,  22.97,  23.04,  23.09,  23.34,  23.48,  23.46,  23.49,  23.91,  24.15,  24.14,  23.56,  24.11,  24.40,  24.10,  24.10,  23.72,  23.07,  22.98,  22.85,  22.66,  24.01,  24.09,  24.33,  24.26,  24.23,  24.05,  24.03,  23.98,  24.15,  24.40
20140612, 0000,  , TS, 18.0N,  65.2E,  55,  982,   60,   50,   50,   60,   40,   35,   35,   40,    0,    0,    0,    0, -999,  22.50,  22.80,  22.99,  23.01,  23.21,  23.28,  23.31,  24.03,  24.06,  24.05,  23.61,  23.80,  24.67,  24.34,  23.71,  23.23,  23.16,  22.91,  23.09,  22.52,  23.68,  23.91,  24.10,  24.64,  24.39,  24.04,  23.99,  23.79,  24.28,  24.12,  23.68
20140612, 0600,  , TS, 18.2N,  64.6E,  45,  989,   80,   65,   80,   80,    0,    0,    0,    0,    0,    0,    0,    0, -999,  22.23,  22.05,  21.86,  21.78,  21.95,  22.07,  22.14,  22.41,  22.51,  22.84,  22.76,  23.27,  22.98,  23.27,  23.23,  22.92,  22.06,  22.18,  21.97,  21.97,  22.08,  22.41,  22.63,  22.43,  22.10,  21.93,  21.85,  21.65,  22.81,  23.36,  23.23
20140612, 1200,  , TS, 18.6N,  64.2E,  40,  993,   80,   65,   80,   80,    0,    0,    0,    0,    0,    0,    0,    0, -999,  22.17,  22.16,  21.83,  21.47,  21.37,  21.42,  21.33,  21.55,  21.61,  21.68,  21.89,  21.68,  21.48,  21.66,  21.80,  22.06,  21.53,  22.27,  22.46,  21.93,  22.30,  22.46,  22.82,  22.98,  23.25,  22.70,  23.23,  23.04,  23.04,  22.93,  22.65
20140612, 1800,  , TS, 19.3N,  64.1E,  35,  996,   80,   65,   80,   80,    0,    0,    0,    0,    0,    0,    0,    0, -999,  21.78,  21.79,  21.90,  21.93,  22.20,  22.29,  22.41,  22.34,  22.35,  22.36,  22.44,  21.40,  20.48,  21.46,  22.40,  22.35,  20.43,  21.09,  21.24,  21.23,  21.81,  22.34,  22.38,  22.42,  22.93,  22.75,  22.90,  22.52,  22.57,  22.99,  22.89
20140613, 0000,  , TD, 20.4N,  64.6E,  25, 1004,    0,    0,    0,    0,    0,    0,    0,    0,    0,    0,    0,    0, -999,  22.71,  22.79,  22.86,  22.96,  23.15,  23.33,  23.02,  22.88,  22.91,  22.86,  22.93,  23.51,  23.29,  22.92,  22.69,  22.35,  22.69,  22.53,  22.48,  22.62,  22.70,  23.61,  23.30,  23.31,  23.20,  22.37,  22.59,  22.53,  22.50,  22.59,  23.29
20140613, 0300,  , TD, 20.7N,  64.4E,  25, 1004,    0,    0,    0,    0,    0,    0,    0,    0,    0,    0,    0,    0, -999,  22.73,  22.76,  23.05,  23.16,  23.16,  23.03,  22.63,  22.60,  22.85,  23.12,  22.93,  23.37,  23.29,  23.10,  22.81,  22.63,  22.85,  22.68,  22.77,  22.64,  22.80,  23.44,  23.23,  23.37,  23.17,  22.36,  22.22,  22.04,  22.21,  22.53,  22.58
20140613, 0600,  , DB, 21.2N,  64.0E,  20, 1007,    0,    0,    0,    0,    0,    0,    0,    0,    0,    0,    0,    0, -999,  23.21,  23.27,  22.89,  23.32,  23.20,  23.41,  23.63,  23.67,  23.68,  23.56,  23.48,  23.12,  23.19,  23.45,  23.12,  23.10,  23.05,  23.07,  22.86,  22.93,  22.91,  22.84,  23.22,  23.16,  23.47,  23.42,  22.98,  22.88,  22.87,  22.39,  22.03
20140613, 1200,  , DB, 21.4N,  64.0E,  20, 1007,    0,    0,    0,    0,    0,    0,    0,    0,    0,    0,    0,    0, -999,  23.60,  23.60,  23.13,  23.39,  23.55,  23.81,  23.82,  23.71,  23.77,  23.84,  23.82,  23.17,  23.16,  23.67,  23.34,  23.01,  22.96,  22.89,  23.00,  22.92,  23.00,  23.05,  23.29,  22.99,  23.20,  23.32,  23.04,  23.21,  23.26,  22.70,  22.16
20140613, 1800,  , DB, 21.5N,  64.2E,  20, 1007,    0,    0,    0,    0,    0,    0,    0,    0,    0,    0,    0,    0, -999,  23.62,  23.76,  23.57,  23.88,  24.06,  24.18,  24.04,  23.81,  24.00,  23.83,  23.81,  23.68,  23.27,  23.91,  23.69,  22.88,  22.94,  22.99,  23.08,  23.00,  23.18,  23.38,  23.39,  23.63,  23.45,  23.63,  23.25,  23.24,  23.36,  22.68,  22.68
20140614, 0000,  , DB, 21.6N,  64.5E,  20, 1007,    0,    0,    0,    0,    0,    0,    0,    0,    0,    0,    0,    0, -999,  23.74,  23.93,  24.30,  24.37,  24.36,  24.03,  23.88,  24.10,  23.05,  23.28,  23.64,  23.32,  23.92,  23.91,  23.40,  23.24,  23.21,  23.38,  22.91,  22.97,  23.32,  23.17,  23.64,  23.63,  23.50,  23.45,  23.68,  23.56,  23.17,  22.38,  22.80
20140614, 0600,  , DB, 21.7N,  64.8E,  15, 1010,    0,    0,    0,    0,    0,    0,    0,    0,    0,    0,    0,    0, -999,  23.59,  23.74,  23.94,  24.02,  23.72,  23.37,  23.10,  22.98,  22.63,  22.69,  22.99,  23.29,  23.60,  23.64,  23.27,  23.45,  23.14,  23.06,  22.87,  22.65,  23.09,  23.07,  23.64,  23.69,  23.57,  23.21,  23.27,  23.55,  23.28,  22.93,  23.12
20140614, 1200,  , DB, 21.7N,  65.2E,  15, 1010,    0,    0,    0,    0,    0,    0,    0,    0,    0,    0,    0,    0, -999,  24.00,  23.65,  23.76,  23.77,  23.61,  23.30,  22.60,  22.32,  21.60,  21.70,  23.32,  23.09,  23.03,  22.87,  22.86,  22.94,  23.17,  23.38,  23.18,  22.78,  22.78,  22.68,  23.53,  23.57,  23.39,  23.33,  23.25,  23.30,  22.67,  22.65,  23.44
