IO022013,            PHAILIN,     25,
20131007, 1200,  , DB, 11.8N,  97.6E,  20, 1007,    0,    0,    0,    0,    0,    0,    0,    0,    0,    0,    0,    0, -999,  31.81,  31.78,  31.66,  31.54,  31.55,  31.55,  31.56,  31.50,  31.44,  31.39,  31.34,  31.38,  31.45,  31.46,  31.19,  30.84,  30.66,  30.75,  31.15,  31.51,  31.69,  31.92,  31.78,  31.21,  31.37,  31.48,  31.55,  31.57,  31.55,  31.67,  31.86
20131007, 1800,  , TD, 12.1N,  96.4E,  25, 1004,    0,    0,    0,    0,    0,    0,    0,    0,    0,    0,    0,    0, -999,  32.97,  32.84,  32.71,  32.80,  32.72,  32.76,  32.74,  32.86,  32.70,  32.71,  32.77,  32.84,  32.99,  33.08,  33.25,  33.29,  33.33,  33.17,  33.32,  33.35,  33.35,  33.42,  33.42,  33.34,  33.34,  33.29,  33.31,  33.32,  33.31,  33.23,  33.11
20131008, 0000,  , TD, 12.3N,  95.6E,  25, 1004,    0,    0,    0,    0,    0,    0,    0,    0,    0,    0,    0,    0, -999,  33.04,  33.26,  33.22,  33.11,  33.11,  33.12,  33.34,  33.62,  33.60,  33.62,  33.54,  33.68,  33.60,  33.70,  33.56,  33.32,  33.35,  33.31,  33.20,  33.18,  33.19,  33.16,  33.44,  33.35,  32.95,  32.99,  33.05,  33.07,  33.02,  33.02,  33.22
20131008, 0600,  , TD, 12.6N,  95.1E,  25, 1004,    0,    0,    0,    0,    0,    0,    0,    0,    0,    0,    0,    0, -999,  33.13,  32.95,  32.93,  32.87,  32.93,  32.94,  33.20,  33.43,  33.48,  33.52,  33.43,  33.38,  33.40,  33.37,  33.34,  33.26,  33.08,  33.16,  33.13,  33.16,  33.06,  33.13,  33.12,  33.00,  33.10,  32.96,  32.93,  32.72,  32.93,  33.03,  33.14
20131008, 1200,  , TD, 12.7N,  94.5E,  30, 1000,    0,    0,    0,    0,    0,    0,    0,    0,    0,    0,    0,    0, -999,  32.93,  32.93,  32.90,  33.05,  32.93,  32.96,  32.99,  32.95,  32.98,  33.13,  33.24,  33.20,  33.20,  33.20,  33.30,  33.33,  33.36,  33.12,  33.10,  33.14,  33.01,  32.94,  33.12,  33.15,  33.09,  32.83,  32.98,  32.97,  33.14,  33.42,  33.22
20131008, 1800,  , TD, 12.9N,  93.9E,  30, 1000,    0,    0,    0,    0,    0,    0,    0,    0,    0,    0,    0,    0, -999,  32.94,  32.76,  32.80,  33.13,  33.15,  33.12,  33.04,  32.97,  33.05,  33.00,  33.19,  33.22,  33.22,  33.06,  33.18,  33.09,  33.16,  32.95,  33.03,  32.94,  32.78,  32.65,  32.76,  32.78,  33.00,  32.96,  33.10,  33.36,  33.41,  33.49,  33.41
20131009, 0000,  , TS, 13.2N,  93.4E,  35,  996,    0,    0,    0,    0,    0,    0,    0,    0,    0,    0,    0,    0, -999,  33.17,  33.09,  33.23,  33.13,  33.14,  33.11,  33.08,  32.97,  33.10,  33.03,  33.09,  33.10,  32.95,  33.11,  33.01,  33.11,  33.04,  33.20,  33.06,  33.14,  33.22,  33.12,  33.13,  33.16,  33.20,  33.16,  33.24,  33.11,  33.09,  33.32,  33.27
20131009, 0600,  , TS, 13.4N,  92.8E,  40,  993,   55,   50,   50,   55,    0,    0,    0,    0,    0,    0,    0,    0, -999,    nan,    nan,    nan,    nan,    nan,    nan,    nan,    nan,    nan,    nan,    nan,    nan,    nan,    nan,    nan,    nan,    nan,    nan,    nan,    nan,    nan,    nan,    nan,    nan,    nan,    nan,    nan,    nan,    nan,    nan,    nan
20131009, 1200,  , TS, 13.7N,  92.3E,  45,  989,   55,   50,   50,   55,    0,    0,    0,    0,    0,    0,    0,    0, -999,  33.00,  33.11,  33.13,  33.25,  33.20,  33.09,  33.15,  33.18,  33.30,  33.30,  33.27,  33.17,  33.15,  33.15,  33.23,  33.17,  33.17,  33.15,  33.11,  33.02,  32.98,  32.91,  32.97,  32.91,  32.81,  32.63,  32.83,  32.87,  32.76,  32.69,  32.70
20131009, 1800,  , TS, 14.0N,  91.8E,  55,  982,   55,   55,   60,   65,    0,    0,    0,    0,    0,    0,    0,    0, -999,  33.00,  33.08,  33.18,  33.11,  33.16,  33.17,  33.01,  33.14,  33.11,  33.05,  33.08,  33.21,  33.23,  33.19,  33.16,  33.15,  32.97,  33.20,  33.09,  33.02,  32.92,  32.98,  32.95,  32.82,  32.75,  32.77,  32.76,  32.84,  32.83,  33.00,  32.90
20131010, 0000,  , HU, 14.5N,  91.3E,  65,  974,   65,   65,   70,   75,   20,   20,   20,   20,    0,    0,    0,    0, -999,  32.88,  32.96,  32.89,  32.99,  33.00,  33.16,  33.10,  33.01,  32.99,  32.97,  32.95,  32.90,  32.93,  33.26,  33.40,  33.09,  33.42,  33.28,  33.17,  33.07,  33.11,  33.09,  32.98,  33.09,  32.96,  32.96,  33.12,  33.01,  33.10,  33.25,  33.17
20131010, 0600,  , HU, 15.0N,  90.8E,  90,  956,   70,   70,   75,   80,   25,   25,   25,   25,   10,   10,   10,   10, -999,  32.82,  32.77,  32.82,  32.90,  32.97,  32.85,  32.97,  33.05,  33.00,  33.03,  33.13,  32.97,  32.95,  32.91,  32.87,  32.96,  33.04,  32.93,  32.91,  32.92,  32.92,  32.88,  32.84,  32.87,  32.78,  32.78,  32.87,  32.85,  32.97,  32.97,  33.03
20131010, 1200,  , HU, 15.4N,  90.2E, 110,  941,   70,   70,   75,   80,   25,   25,   25,   25,   15,   15,   15,   15, -999,  32.95,  33.03,  33.03,  33.05,  33.14,  33.00,  33.03,  32.84,  32.68,  32.66,  32.68,  32.65,  32.73,  32.81,  32.75,  32.94,  33.05,  32.95,  32.99,  33.12,  33.12,  33.01,  32.99,  32.94,  32.86,  32.98,  33.00,  33.00,  33.06,  33.13,  32.96
20131010, 1800,  , XX, 15.6N,  89.4E, 130,  926,   85,   80,   80,   85,   35,   35,   35,   35,   20,   20,   20,   20, -999,  33.12,  33.03,  33.06,  33.22,  33.35,  33.51,  33.29,  33.35,  33.27,  33.21,  33.14,  33.17,  33.16,  33.00,  32.98,  32.89,  32.92,  33.41,  33.36,  33.29,  33.54,  33.39,  33.15,  33.02,  32.97,  33.06,  33.10,  33.08,  33.11,  33.10,  33.04
20131011, 0000,  , XX, 15.7N,  88.7E, 135,  922,   90,   85,   80,   95,   45,   45,   55,   55,   30,   30,   30,   30, -999,  33.13,  33.36,  33.59,  33.52,  33.30,  33.28,  33.30,  33.27,  33.45,  33.53,  33.51,  33.53,  33.52,  33.51,  33.49,  33.50,  33.59,  33.57,  33.58,  33.61,  33.52,  33.51,  33.52,  33.55,  33.66,  33.62,  33.48,  33.34,  33.26,  33.23,  33.25
20131011, 0600,  , XX, 16.1N,  88.3E, 135,  922,   90,   85,   80,   95,   45,   45,   55,   55,   30,   30,   30,   30, -999,  32.97,  33.02,  33.28,  33.46,  33.19,  33.23,  33.29,  33.31,  33.43,  33.49,  33.51,  33.51,  33.47,  33.38,  33.43,  33.09,  33.75,  33.71,  33.67,  33.63,  33.62,  33.60,  33.54,  33.50,  33.32,  33.27,  33.28,  33.27,  33.23,  33.23,  33.28
20131011, 1200,  , XX, 16.7N,  87.7E, 140,  918,   90,   85,   80,   95,   45,   45,   55,   55,   30,   30,   30,   30, -999,  33.09,  33.11,  33.18,  33.21,  33.31,  33.28,  33.26,  33.26,  33.38,  33.42,  33.40,  33.44,  33.30,  33.42,  33.46,  33.43,  33.56,  33.72,  33.72,  33.63,  33.66,  33.65,  33.63,  33.61,  33.40,  33.48,  33.46,  33.40,  33.23,  33.18,  33.20
20131011, 1800,  , XX, 16.8N,  87.0E, 140,  918,  100,   90,   90,  100,   45,   45,   55,   55,   30,   30,   30,   30, -999,  32.52,  32.67,  32.53,  32.73,  32.78,  32.74,  32.84,  32.90,  32.91,  33.01,  32.98,  32.98,  32.96,  32.97,  32.93,  32.96,  33.20,  33.55,  33.93,  33.94,  33.70,  33.27,  33.13,  33.13,  33.36,  33.00,  32.95,  32.77,  32.74,  32.82,  32.83
20131012, 0000,  , XX, 17.4N,  86.4E, 140,  918,  120,  110,  110,  120,   60,   55,   55,   60,   30,   30,   30,   30, -999,  32.60,  32.69,  32.64,  32.63,  32.75,  32.93,  33.09,  33.01,  32.99,  32.88,  32.77,  32.76,  32.84,  32.83,  32.70,  33.23,  33.85,  33.59,  33.55,  33.37,  33.43,  33.45,  33.58,  33.55,  33.52,  33.22,  33.00,  32.81,  32.85,  32.69,  32.77
20131012, 0600,  , XX, 18.0N,  85.8E, 135,  922,  120,  110,  110,  120,   60,   55,   55,   60,   30,   30,   30,   30, -999,  33.20,  33.51,  33.45,  33.42,  33.58,  33.67,  33.01,  33.03,  32.81,  32.69,  32.77,  32.65,  32.85,  32.72,  32.64,  33.01,  33.51,  33.55,  33.75,  33.92,  33.81,  33.81,  33.86,  33.78,  33.77,  33.77,  33.73,  33.41,  33.64,  33.53,  33.30
20131012, 1200,  , HU, 18.7N,  85.2E, 125,  929,  120,  110,  110,  105,   55,   50,   50,   45,   25,   25,   25,   25, -999,  32.20,  32.42,  32.65,  32.61,  32.57,  32.38,  32.44,  32.56,  32.64,  32.65,  32.51,  32.40,  32.32,  32.31,  32.32,  32.47,  32.57,  32.31,  32.31,  32.18,  32.24,  32.15,  32.58,  32.47,  32.46,  32.85,  32.19,  32.02,  32.48,  33.46,  33.61
20131012, 1800,  , HU, 19.5N,  84.9E, 100,  948,  120,  110,  110,  105,   55,   50,   50,   45,   25,   25,   25,   25, -999,    nan,    nan,    nan,    nan,    nan,    nan,    nan,    nan,    nan,    nan,    nan,    nan,    nan,    nan,    nan,    nan,    nan,    nan,    nan,    nan,    nan,    nan,    nan,    nan,    nan,    nan,    nan,    nan,    nan,    nan,    nan
20131013, 0000,  , HU, 20.3N,  84.5E,  75,  967,  120,  110,  110,  105,   55,   50,   50,   45,   25,   25,   25,   25, -999,    nan,    nan,    nan,    nan,    nan,    nan,    nan,    nan,    nan,    nan,    nan,    nan,    nan,    nan,    nan,    nan,    nan,    nan,    nan,    nan,    nan,    nan,    nan,    nan,    nan,    nan,    nan,    nan,    nan,    nan,    nan
20131013, 0600,  , TS, 21.5N,  84.1E,  50,  985,  120,  110,  110,  105,    0,    0,    0,    0,    0,    0,    0,    0, -999,    nan,    nan,    nan,    nan,    nan,    nan,    nan,    nan,    nan,    nan,    nan,    nan,    nan,    nan,    nan,    nan,    nan,    nan,    nan,    nan,    nan,    nan,    nan,    nan,    nan,    nan,    nan,    nan,    nan,    nan,    nan
20131013, 1200,  , TS, 23.1N,  84.1E,  40,  993,  120,  110,  110,  105,    0,    0,    0,    0,    0,    0,    0,    0, -999,    nan,    nan,    nan,    nan,    nan,    nan,    nan,    nan,    nan,    nan,    nan,    nan,    nan,    nan,    nan,    nan,    nan,    nan,    nan,    nan,    nan,    nan,    nan,    nan,    nan,    nan,    nan,    nan,    nan,    nan,    nan
