IO031999,            UNNAMED,     15,
19990608, 0600,  , LO, 18.5N,  91.4E,  20,    0,    0,    0,    0,    0,    0,    0,    0,    0,    0,    0,    0,    0, -999,  28.65,  28.76,  28.14,  28.79,  28.73,  28.70,  28.70,  28.48,  27.30,  27.10,  26.98,  26.90,  27.05,  27.02,  26.90,  27.06,  27.16,  26.95,  27.51,  28.49,  28.68,  28.63,  28.43,  28.32,  28.52,  28.50,  28.50,  28.46,  28.44,  28.43,  28.36
19990608, 1200,  , LO, 18.5N,  91.2E,  25,    0,    0,    0,    0,    0,    0,    0,    0,    0,    0,    0,    0,    0, -999,  28.60,  28.64,  28.60,  28.56,  28.58,  28.62,  28.68,  28.48,  27.54,  28.00,  28.62,  28.28,  27.75,  27.47,  27.39,  27.43,  27.40,  27.19,  27.58,  28.44,  28.66,  28.59,  28.38,  28.21,  28.43,  28.42,  28.55,  28.51,  28.50,  28.48,  28.41
19990608, 1800,  , LO, 18.5N,  91.0E,  25,    0,    0,    0,    0,    0,    0,    0,    0,    0,    0,    0,    0,    0, -999,  28.36,  28.37,  28.34,  28.51,  28.21,  28.20,  28.50,  28.46,  28.42,  28.38,  28.45,  28.60,  28.11,  27.98,  27.98,  27.74,  27.58,  27.05,  27.35,  28.50,  28.54,  28.52,  28.46,  28.30,  28.54,  28.48,  28.56,  28.53,  28.51,  28.44,  28.35
19990609, 0000,  , LO, 18.6N,  90.9E,  25,    0,    0,    0,    0,    0,    0,    0,    0,    0,    0,    0,    0,    0, -999,  28.34,  28.11,  28.30,  28.39,  28.42,  28.42,  28.45,  28.41,  28.38,  28.43,  28.56,  27.97,  27.78,  27.59,  27.36,  27.20,  26.59,  27.27,  27.85,  28.56,  28.54,  28.38,  28.23,  28.49,  28.44,  28.52,  28.49,  28.46,  28.37,  28.34,  28.16
19990609, 0600,  , LO, 18.9N,  90.7E,  25,    0,    0,    0,    0,    0,    0,    0,    0,    0,    0,    0,    0,    0, -999,  28.24,  28.07,  28.27,  28.34,  28.37,  28.41,  28.49,  28.55,  28.59,  28.64,  28.55,  28.04,  27.82,  27.77,  27.42,  27.48,  26.96,  28.24,  28.25,  28.49,  28.53,  28.21,  28.22,  28.52,  28.44,  28.56,  28.53,  28.40,  28.29,  28.28,  28.18
19990609, 1200,  , LO, 19.3N,  90.5E,  25,    0,    0,    0,    0,    0,    0,    0,    0,    0,    0,    0,    0,    0, -999,  28.36,  28.08,  28.40,  28.49,  28.54,  28.58,  28.65,  28.67,  28.70,  28.66,  28.42,  27.96,  27.72,  27.56,  27.54,  27.54,  26.85,  27.80,  27.53,  28.47,  28.53,  28.19,  28.17,  28.52,  28.37,  28.51,  28.41,  28.35,  28.24,  28.30,  28.20
19990609, 1800,  , LO, 19.9N,  90.3E,  25,    0,    0,    0,    0,    0,    0,    0,    0,    0,    0,    0,    0,    0, -999,  28.26,  28.09,  28.22,  28.80,  28.93,  28.92,  28.79,  28.53,  28.51,  28.31,  28.20,  28.44,  27.92,  27.71,  27.56,  27.39,  28.35,  28.30,  28.41,  28.25,  28.08,  28.04,  28.18,  28.52,  28.39,  28.62,  28.17,  27.96,  27.66,  27.57,  27.45
19990610, 0000,  , LO, 20.3N,  90.0E,  25,    0,    0,    0,    0,    0,    0,    0,    0,    0,    0,    0,    0,    0, -999,  28.07,  28.14,  28.12,  28.12,  28.09,  28.03,  27.88,  27.85,  27.88,  27.79,  27.84,  27.82,  27.76,  27.70,  27.77,  27.88,  27.90,  27.70,  27.87,  28.08,  27.97,  27.98,  28.08,  27.76,  28.34,  27.96,  27.69,  27.55,  27.55,  27.57,  27.51
19990610, 0600,  , LO, 20.7N,  89.5E,  25,    0,    0,    0,    0,    0,    0,    0,    0,    0,    0,    0,    0,    0, -999,  27.93,  27.87,  27.92,  28.11,  27.83,  27.80,  27.70,  27.59,  27.83,  27.78,  27.81,  27.83,  27.86,  27.73,  27.84,  27.70,  27.77,  27.84,  27.93,  28.14,  28.03,  27.90,  28.01,  27.65,  28.16,  28.09,  28.05,  28.02,  27.96,  27.95,  27.92
19990610, 1200,  , TS, 21.1N,  88.4E,  35,    0,    0,    0,    0,    0,    0,    0,    0,    0,    0,    0,    0,    0, -999,    nan,    nan,    nan,    nan,    nan,    nan,    nan,    nan,    nan,    nan,    nan,    nan,    nan,    nan,    nan,    nan,    nan,    nan,    nan,    nan,    nan,    nan,    nan,    nan,    nan,    nan,    nan,    nan,    nan,    nan,    nan
19990610, 1800,  , TS, 22.1N,  87.2E,  35,    0,    0,    0,    0,    0,    0,    0,    0,    0,    0,    0,    0,    0, -999,    nan,    nan,    nan,    nan,    nan,    nan,    nan,    nan,    nan,    nan,    nan,    nan,    nan,    nan,    nan,    nan,    nan,    nan,    nan,    nan,    nan,    nan,    nan,    nan,    nan,    nan,    nan,    nan,    nan,    nan,    nan
19990611, 0000,  , LO, 22.9N,  85.8E,  25,    0,    0,    0,    0,    0,    0,    0,    0,    0,    0,    0,    0,    0, -999,    nan,    nan,    nan,    nan,    nan,    nan,    nan,    nan,    nan,    nan,    nan,    nan,    nan,    nan,    nan,    nan,    nan,    nan,    nan,    nan,    nan,    nan,    nan,    nan,    nan,    nan,    nan,    nan,    nan,    nan,    nan
19990611, 0600,  , LO, 23.5N,  85.3E,  20,    0,    0,    0,    0,    0,    0,    0,    0,    0,    0,    0,    0,    0, -999,    nan,    nan,    nan,    nan,    nan,    nan,    nan,    nan,    nan,    nan,    nan,    nan,    nan,    nan,    nan,    nan,    nan,    nan,    nan,    nan,    nan,    nan,    nan,    nan,    nan,    nan,    nan,    nan,    nan,    nan,    nan
19990611, 1200,  , LO, 24.2N,  84.8E,  20,    0,    0,    0,    0,    0,    0,    0,    0,    0,    0,    0,    0,    0, -999,    nan,    nan,    nan,    nan,    nan,    nan,    nan,    nan,    nan,    nan,    nan,    nan,    nan,    nan,    nan,    nan,    nan,    nan,    nan,    nan,    nan,    nan,    nan,    nan,    nan,    nan,    nan,    nan,    nan,    nan,    nan
19990611, 1800,  , LO, 25.0N,  84.4E,  20,    0,    0,    0,    0,    0,    0,    0,    0,    0,    0,    0,    0,    0, -999,    nan,    nan,    nan,    nan,    nan,    nan,    nan,    nan,    nan,    nan,    nan,    nan,    nan,    nan,    nan,    nan,    nan,    nan,    nan,    nan,    nan,    nan,    nan,    nan,    nan,    nan,    nan,    nan,    nan,    nan,    nan
