IO042002,            UNNAMED,     12,
20021122, 1800,  , TD,  9.5N,  88.8E,  25, 1002,    0,    0,    0,    0,    0,    0,    0,    0,    0,    0,    0,    0, -999,  34.27,  34.28,  34.50,  34.52,  34.40,  34.71,  34.80,  35.00,  34.82,  34.86,  34.84,  34.80,  34.77,  34.72,  34.63,  34.68,  34.53,  34.66,  34.51,  34.53,  34.36,  34.56,  34.62,  34.72,  34.84,  34.72,  34.80,  34.81,  34.74,  34.77,  34.73
20021123, 0000,  , TD, 10.1N,  88.7E,  25, 1002,    0,    0,    0,    0,    0,    0,    0,    0,    0,    0,    0,    0, -999,  34.39,  34.45,  34.45,  34.46,  34.61,  34.72,  34.85,  34.83,  34.94,  34.95,  34.94,  34.94,  34.84,  34.85,  34.84,  34.80,  35.07,  35.03,  34.90,  34.80,  34.83,  34.86,  34.83,  34.92,  34.90,  35.00,  34.92,  34.90,  34.88,  34.71,  34.86
20021123, 0600,  , TD, 10.7N,  88.7E,  25, 1002,    0,    0,    0,    0,    0,    0,    0,    0,    0,    0,    0,    0, -999,  34.09,  33.99,  34.16,  34.16,  34.25,  34.58,  34.61,  34.71,  34.88,  35.00,  35.03,  35.12,  34.91,  34.97,  34.95,  35.00,  35.16,  35.12,  35.00,  34.88,  34.87,  34.98,  34.69,  34.91,  34.62,  34.71,  34.69,  34.59,  34.57,  34.52,  34.64
20021123, 1200,  , TS, 11.5N,  88.7E,  35,  997,    0,    0,    0,    0,    0,    0,    0,    0,    0,    0,    0,    0, -999,  34.25,  34.18,  34.06,  34.18,  33.95,  34.37,  34.18,  34.22,  34.36,  34.36,  34.44,  34.52,  34.60,  34.62,  34.63,  34.66,  34.93,  34.99,  34.83,  34.79,  34.86,  34.88,  34.87,  34.90,  34.80,  34.93,  34.89,  34.76,  34.69,  34.53,  34.62
20021123, 1800,  , TS, 12.3N,  88.7E,  45,  991,   60,   60,  100,  100,    0,    0,    0,    0,    0,    0,    0,    0, -999,  34.02,  33.95,  33.95,  33.92,  33.80,  33.80,  33.96,  34.21,  34.30,  34.34,  34.39,  34.34,  34.26,  34.31,  34.20,  34.09,  34.26,  34.67,  34.56,  34.88,  34.76,  34.77,  34.73,  34.83,  34.89,  34.75,  34.64,  34.63,  34.56,  34.65,  34.59
20021124, 0000,  , TS, 13.3N,  88.6E,  45,  991,   60,   60,   80,   80,    0,    0,    0,    0,    0,    0,    0,    0, -999,  34.02,  34.00,  33.96,  33.87,  33.81,  33.79,  33.99,  34.08,  34.13,  34.33,  34.45,  34.48,  34.26,  34.21,  34.03,  34.27,  34.40,  34.40,  34.63,  34.74,  34.72,  34.96,  35.13,  35.26,  35.25,  35.02,  34.77,  34.34,  34.64,  34.49,  34.25
20021124, 0600,  , TS, 14.1N,  88.5E,  40,  994,   60,   60,   80,   80,    0,    0,    0,    0,    0,    0,    0,    0, -999,  34.18,  34.23,  34.13,  34.01,  33.87,  33.92,  34.34,  34.32,  33.96,  33.80,  33.92,  33.98,  33.95,  34.25,  34.31,  34.29,  34.52,  34.58,  34.88,  35.04,  34.94,  34.91,  34.94,  34.88,  34.84,  34.77,  34.59,  34.56,  34.43,  34.24,  34.41
20021124, 1200,  , TS, 14.4N,  88.4E,  35,  997,   60,   60,   80,   80,    0,    0,    0,    0,    0,    0,    0,    0, -999,  33.71,  34.12,  34.11,  34.42,  34.09,  34.18,  34.04,  33.81,  33.69,  33.96,  34.00,  33.92,  33.85,  33.90,  34.13,  34.03,  34.38,  34.52,  34.80,  34.90,  34.83,  34.82,  34.75,  34.74,  34.62,  34.63,  34.50,  34.48,  34.36,  34.26,  34.31
20021124, 1800,  , TS, 14.6N,  88.3E,  35,  997,   60,   60,   80,   80,    0,    0,    0,    0,    0,    0,    0,    0, -999,  33.66,  33.70,  34.39,  34.37,  34.23,  34.21,  34.17,  34.22,  34.26,  34.41,  34.26,  33.93,  33.87,  33.83,  33.97,  33.72,  33.88,  34.04,  34.48,  34.79,  34.88,  34.91,  34.86,  34.86,  34.72,  34.74,  34.61,  34.67,  34.61,  34.63,  34.53
20021125, 0000,  , TS, 14.8N,  88.2E,  35,  997,   60,   60,   80,   80,    0,    0,    0,    0,    0,    0,    0,    0, -999,  33.64,  34.38,  34.41,  34.22,  34.20,  34.19,  34.28,  34.33,  34.32,  34.20,  33.92,  33.99,  34.05,  34.11,  34.09,  33.94,  33.90,  34.13,  34.47,  34.72,  34.83,  34.82,  34.85,  34.73,  34.72,  34.64,  34.66,  34.68,  34.70,  34.56,  34.47
20021125, 0600,  , TS, 15.1N,  87.9E,  35,  997,   60,   60,   80,   80,    0,    0,    0,    0,    0,    0,    0,    0, -999,  33.70,  33.69,  33.70,  33.67,  33.72,  33.65,  33.63,  33.62,  33.61,  33.63,  33.66,  33.65,  33.64,  33.66,  33.78,  33.80,  34.01,  33.73,  33.66,  33.80,  34.02,  34.23,  34.42,  34.55,  34.63,  34.63,  34.66,  34.59,  34.57,  34.48,  34.37
20021125, 1200,  , TS, 15.2N,  87.4E,  35,  997,   60,   60,   80,   80,    0,    0,    0,    0,    0,    0,    0,    0, -999,  33.70,  33.75,  33.70,  33.67,  33.69,  33.71,  33.71,  33.72,  33.72,  33.72,  33.71,  33.71,  33.70,  33.70,  33.73,  33.64,  33.65,  33.72,  33.95,  34.09,  34.03,  33.85,  33.78,  33.80,  33.98,  34.02,  34.21,  34.45,  34.56,  34.69,  34.79
