IO042000,            UNNAMED,     22,
20001223, 0600,  , TD,  7.3N,  85.4E,  30,    0,    0,    0,    0,    0,    0,    0,    0,    0,    0,    0,    0,    0, -999,  27.94,  27.88,  27.79,  27.88,  27.87,  28.18,  28.68,  28.73,  28.57,  28.85,  28.78,  28.41,  28.44,  28.42,  28.32,  28.41,  28.37,  28.44,  28.23,  28.34,  28.02,  27.99,  28.09,  28.59,  28.62,  28.48,  28.87,  28.50,  28.36,  27.83,  27.38
20001223, 1200,  , TD,  7.6N,  85.0E,  30,    0,    0,    0,    0,    0,    0,    0,    0,    0,    0,    0,    0,    0, -999,  28.21,  27.97,  27.81,  27.81,  27.66,  27.77,  27.96,  28.04,  28.05,  28.34,  28.55,  28.56,  28.50,  28.37,  28.31,  28.54,  28.53,  28.58,  28.41,  28.33,  27.96,  28.09,  28.34,  28.66,  28.50,  28.46,  27.71,  26.91,  27.58,  27.51,  27.03
20001223, 1800,  , TD,  7.7N,  84.6E,  30,    0,    0,    0,    0,    0,    0,    0,    0,    0,    0,    0,    0,    0, -999,  28.31,  28.14,  27.87,  27.95,  27.71,  27.75,  28.01,  28.01,  27.76,  27.47,  27.49,  27.93,  28.14,  28.40,  28.48,  28.59,  28.55,  28.68,  28.73,  28.37,  28.13,  27.95,  27.81,  27.95,  27.56,  26.72,  27.29,  27.91,  28.02,  28.11,  27.97
20001224, 0000,  , TD,  7.8N,  84.3E,  30,    0,    0,    0,    0,    0,    0,    0,    0,    0,    0,    0,    0,    0, -999,  28.15,  27.85,  27.91,  27.69,  27.76,  28.05,  28.05,  27.74,  27.44,  27.50,  27.85,  28.06,  28.39,  28.48,  28.59,  28.56,  28.70,  28.80,  28.28,  28.04,  27.67,  27.50,  27.69,  27.09,  26.66,  27.93,  27.92,  28.22,  28.30,  28.33,  28.34
20001224, 0600,  , TD,  7.9N,  84.1E,  30,    0,    0,    0,    0,    0,    0,    0,    0,    0,    0,    0,    0,    0, -999,  28.20,  28.01,  28.09,  27.84,  27.89,  28.12,  28.14,  27.98,  27.54,  27.54,  27.57,  27.63,  27.91,  28.15,  28.50,  28.49,  28.68,  28.71,  28.10,  27.80,  27.46,  26.93,  27.07,  26.58,  27.04,  27.86,  27.96,  28.24,  28.37,  28.48,  28.44
20001224, 1200,  , TD,  7.9N,  83.9E,  30,    0,    0,    0,    0,    0,    0,    0,    0,    0,    0,    0,    0,    0, -999,  28.19,  28.01,  28.08,  27.83,  27.86,  28.12,  28.14,  27.92,  27.54,  27.52,  27.57,  27.69,  27.89,  28.22,  28.48,  28.47,  28.68,  28.58,  28.21,  27.38,  26.26,  25.93,  26.45,  26.92,  27.34,  27.87,  28.00,  28.14,  28.28,  28.44,  28.41
20001224, 1800,  , TS,  8.0N,  83.8E,  35,    0,    0,    0,    0,    0,    0,    0,    0,    0,    0,    0,    0,    0, -999,  28.16,  28.03,  28.08,  27.86,  27.87,  28.19,  28.25,  27.85,  27.59,  27.54,  27.74,  27.62,  27.80,  27.93,  28.16,  28.17,  28.35,  28.23,  27.35,  26.20,  26.17,  26.63,  26.84,  27.33,  27.78,  28.06,  27.91,  28.08,  28.09,  28.20,  28.16
20001225, 0000,  , TS,  8.1N,  83.7E,  40,    0,    0,    0,    0,    0,    0,    0,    0,    0,    0,    0,    0,    0, -999,  28.07,  28.12,  27.90,  27.88,  28.28,  28.35,  27.98,  27.62,  27.68,  27.78,  27.88,  28.21,  28.10,  28.28,  28.20,  28.27,  27.75,  26.76,  26.30,  26.66,  27.19,  27.42,  27.38,  27.98,  28.24,  27.96,  28.04,  28.10,  28.14,  28.18,  28.17
20001225, 0600,  , TS,  8.2N,  83.6E,  45,    0,    0,    0,    0,    0,    0,    0,    0,    0,    0,    0,    0,    0, -999,  28.01,  28.07,  27.91,  27.91,  28.29,  28.37,  28.00,  27.64,  27.70,  27.78,  27.90,  28.12,  28.21,  28.33,  28.32,  28.31,  27.63,  26.77,  26.38,  26.49,  26.94,  27.61,  27.36,  27.67,  28.21,  28.06,  27.97,  28.09,  28.23,  28.26,  28.23
20001225, 1200,  , TS,  8.3N,  83.4E,  50,    0,    0,    0,    0,    0,    0,    0,    0,    0,    0,    0,    0,    0, -999,  28.04,  28.13,  27.99,  27.98,  28.45,  28.70,  28.13,  27.84,  27.88,  27.92,  27.99,  28.14,  28.21,  28.27,  28.42,  27.98,  27.24,  26.82,  26.24,  26.74,  27.13,  27.67,  27.66,  27.89,  28.21,  28.33,  28.23,  28.00,  28.17,  28.28,  28.28
20001225, 1800,  , TS,  8.4N,  83.0E,  55,    0,    0,    0,    0,    0,    0,    0,    0,    0,    0,    0,    0,    0, -999,  28.27,  28.36,  28.23,  28.24,  27.39,  27.42,  27.56,  27.51,  27.69,  27.73,  27.64,  27.81,  27.92,  27.91,  27.87,  27.56,  27.24,  26.85,  26.38,  26.71,  26.87,  27.34,  27.56,  27.85,  28.22,  28.21,  28.22,  28.02,  28.10,  28.18,  28.03
20001226, 0000,  , TS,  8.6N,  82.3E,  60,    0,    0,    0,    0,    0,    0,    0,    0,    0,    0,    0,    0,    0, -999,  26.55,  27.29,  27.45,  27.79,  27.66,  27.25,  27.03,  27.03,  26.98,  26.79,  27.01,  27.13,  27.23,  27.07,  26.74,  27.11,  27.34,  26.84,  26.89,  27.29,  27.49,  27.67,  27.63,  27.58,  27.60,  27.94,  28.01,  28.11,  28.09,  27.86,  27.48
20001226, 0600,  , TS,  8.6N,  81.8E,  60,    0,    0,    0,    0,    0,    0,    0,    0,    0,    0,    0,    0,    0, -999,  26.49,  27.10,  27.10,  27.25,  27.09,  27.08,  26.66,  26.75,  26.77,  26.55,  26.75,  26.93,  26.93,  26.24,  26.27,  26.91,  26.71,  26.51,  26.90,  27.05,  27.59,  27.55,  27.55,  27.46,  27.50,  27.65,  27.52,  27.37,  27.07,  27.02,  26.84
20001226, 1200,  , HU,  8.5N,  81.0E,  65,    0,    0,    0,    0,    0,    0,    0,    0,    0,    0,    0,    0,    0, -999,    nan,    nan,    nan,    nan,    nan,    nan,    nan,    nan,    nan,    nan,    nan,    nan,    nan,    nan,    nan,    nan,    nan,    nan,    nan,    nan,    nan,    nan,    nan,    nan,    nan,    nan,    nan,    nan,    nan,    nan,    nan
20001226, 1800,  , TS,  8.3N,  80.3E,  60,    0,    0,    0,    0,    0,    0,    0,    0,    0,    0,    0,    0,    0, -999,    nan,    nan,    nan,    nan,    nan,    nan,    nan,    nan,    nan,    nan,    nan,    nan,    nan,    nan,    nan,    nan,    nan,    nan,    nan,    nan,    nan,    nan,    nan,    nan,    nan,    nan,    nan,    nan,    nan,    nan,    nan
20001227, 0000,  , TS,  8.1N,  79.8E,  60,    0,    0,    0,    0,    0,    0,    0,    0,    0,    0,    0,    0,    0, -999,    nan,    nan,    nan,    nan,    nan,    nan,    nan,    nan,    nan,    nan,    nan,    nan,    nan,    nan,    nan,    nan,    nan,    nan,    nan,    nan,    nan,    nan,    nan,    nan,    nan,    nan,    nan,    nan,    nan,    nan,    nan
20001227, 0600,  , TS,  8.1N,  79.2E,  55,    0,    0,    0,    0,    0,    0,    0,    0,    0,    0,    0,    0,    0, -999,  27.62,  27.63,  27.71,  27.95,  28.10,  27.78,  27.84,  27.86,  27.81,  27.73,  27.80,  27.85,  27.92,  27.62,  27.22,  26.43,  26.45,  26.45,  26.84,  27.26,  27.41,  27.09,  27.55,  27.73,  27.67,  27.67,  27.71,  27.88,  27.97,  28.02,  28.02
20001227, 1200,  , TS,  8.1N,  78.8E,  50,    0,    0,    0,    0,    0,    0,    0,    0,    0,    0,    0,    0,    0, -999,  27.66,  27.63,  27.68,  27.84,  27.98,  27.68,  27.74,  27.73,  27.70,  27.60,  27.65,  27.72,  27.78,  27.55,  27.12,  26.40,  26.27,  26.35,  27.08,  27.36,  27.62,  27.21,  27.61,  27.72,  27.67,  27.68,  27.70,  27.82,  27.83,  27.85,  27.84
20001227, 1800,  , TS,  8.2N,  78.4E,  45,    0,    0,    0,    0,    0,    0,    0,    0,    0,    0,    0,    0,    0, -999,  27.58,  27.61,  27.74,  27.76,  27.75,  27.53,  27.54,  27.48,  27.45,  27.45,  27.49,  27.62,  27.69,  27.62,  27.39,  27.20,  26.69,  26.84,  27.00,  27.39,  27.66,  27.12,  27.91,  27.70,  27.63,  27.65,  27.65,  27.73,  27.75,  27.75,  27.83
20001228, 0000,  , TS,  8.3N,  78.0E,  40,    0,    0,    0,    0,    0,    0,    0,    0,    0,    0,    0,    0,    0, -999,  27.02,  27.14,  27.34,  27.43,  27.16,  27.04,  26.88,  26.71,  26.72,  26.73,  26.91,  27.00,  27.07,  27.05,  26.68,  26.29,  26.44,  27.00,  27.30,  27.53,  27.12,  27.40,  27.45,  27.44,  27.48,  27.43,  27.63,  27.39,  27.17,  27.33,  27.30
20001228, 0600,  , TD,  8.5N,  77.7E,  30,    0,    0,    0,    0,    0,    0,    0,    0,    0,    0,    0,    0,    0, -999,    nan,    nan,    nan,    nan,    nan,    nan,    nan,    nan,    nan,    nan,    nan,    nan,    nan,    nan,    nan,    nan,    nan,    nan,    nan,    nan,    nan,    nan,    nan,    nan,    nan,    nan,    nan,    nan,    nan,    nan,    nan
20001228, 1200,  , TD,  8.6N,  77.5E,  30,    0,    0,    0,    0,    0,    0,    0,    0,    0,    0,    0,    0,    0, -999,    nan,    nan,    nan,    nan,    nan,    nan,    nan,    nan,    nan,    nan,    nan,    nan,    nan,    nan,    nan,    nan,    nan,    nan,    nan,    nan,    nan,    nan,    nan,    nan,    nan,    nan,    nan,    nan,    nan,    nan,    nan
