IO041995,            UNNAMED,     29,
19951118, 1800,  , LO,  5.4N,  97.2E,  20,    0,    0,    0,    0,    0,    0,    0,    0,    0,    0,    0,    0,    0, -999,  27.41,  27.51,  27.36,  27.16,  27.14,  27.27,  27.23,  27.11,  26.73,  26.82,  27.06,  27.11,  27.10,  27.55,  27.37,  27.27,  27.38,  27.32,  27.69,  27.73,  27.93,  28.31,  28.08,  27.84,  27.50,  27.77,  27.54,  27.82,  28.23,  27.92,  27.58
19951119, 0000,  , LO,  5.5N,  96.6E,  20,    0,    0,    0,    0,    0,    0,    0,    0,    0,    0,    0,    0,    0, -999,  28.01,  28.20,  27.73,  27.69,  28.04,  27.99,  28.02,  27.86,  27.55,  27.98,  28.03,  28.23,  27.81,  27.94,  27.46,  27.60,  28.00,  28.18,  27.63,  27.71,  28.07,  28.12,  28.05,  27.78,  27.51,  27.47,  27.55,  27.94,  27.76,  28.05,  27.86
19951119, 0600,  , LO,  5.6N,  96.0E,  20,    0,    0,    0,    0,    0,    0,    0,    0,    0,    0,    0,    0,    0, -999,  28.05,  28.67,  28.14,  27.94,  28.23,  27.99,  28.06,  27.67,  27.67,  28.04,  28.19,  28.36,  27.98,  27.74,  27.75,  27.79,  28.06,  27.78,  27.61,  27.69,  28.00,  28.15,  27.85,  27.87,  28.00,  28.67,  28.41,  28.37,  28.44,  28.07,  27.86
19951119, 1200,  , LO,  5.8N,  95.4E,  20,    0,    0,    0,    0,    0,    0,    0,    0,    0,    0,    0,    0,    0, -999,  27.95,  28.32,  28.20,  28.17,  28.20,  28.05,  28.01,  27.60,  27.68,  27.92,  27.85,  27.99,  27.82,  27.69,  27.73,  27.78,  27.90,  27.96,  27.91,  27.95,  28.17,  28.08,  28.00,  27.93,  28.14,  28.13,  28.17,  28.39,  28.19,  28.24,  27.95
19951119, 1800,  , LO,  6.0N,  94.7E,  20,    0,    0,    0,    0,    0,    0,    0,    0,    0,    0,    0,    0,    0, -999,  28.86,  29.38,  28.94,  28.91,  28.97,  28.98,  28.80,  28.12,  28.35,  28.84,  28.61,  28.20,  28.18,  28.23,  28.23,  27.91,  28.14,  28.54,  28.62,  28.38,  28.91,  28.82,  29.16,  28.93,  28.82,  28.69,  28.60,  28.70,  28.83,  28.73,  28.51
19951120, 0000,  , LO,  6.1N,  94.0E,  20,    0,    0,    0,    0,    0,    0,    0,    0,    0,    0,    0,    0,    0, -999,  29.29,  28.48,  28.94,  29.08,  28.95,  28.88,  28.17,  27.98,  28.25,  27.86,  27.81,  27.91,  28.83,  28.73,  28.44,  28.14,  28.33,  28.10,  28.12,  28.03,  28.11,  28.04,  28.19,  28.07,  27.99,  28.73,  28.84,  28.72,  28.81,  29.07,  28.29
19951120, 0600,  , LO,  6.2N,  93.3E,  20,    0,    0,    0,    0,    0,    0,    0,    0,    0,    0,    0,    0,    0, -999,  28.45,  28.35,  28.49,  28.64,  28.77,  28.72,  28.10,  28.17,  28.26,  28.22,  28.27,  28.15,  28.34,  28.32,  28.25,  28.08,  28.24,  28.22,  28.06,  28.18,  28.36,  28.17,  28.19,  28.20,  28.15,  28.81,  28.85,  28.74,  28.84,  28.80,  28.03
19951120, 1200,  , LO,  6.4N,  92.6E,  20,    0,    0,    0,    0,    0,    0,    0,    0,    0,    0,    0,    0,    0, -999,  29.12,  28.89,  28.82,  28.59,  28.71,  29.22,  27.54,  27.50,  28.06,  28.22,  28.11,  28.11,  28.02,  28.19,  28.31,  28.11,  28.11,  28.00,  28.15,  28.24,  28.43,  28.14,  28.14,  28.16,  28.00,  28.60,  28.48,  28.47,  28.73,  28.90,  28.41
19951120, 1800,  , LO,  6.5N,  92.0E,  20,    0,    0,    0,    0,    0,    0,    0,    0,    0,    0,    0,    0,    0, -999,  29.07,  28.69,  28.95,  29.14,  28.99,  28.59,  28.07,  27.72,  27.64,  27.40,  27.73,  28.19,  27.93,  27.88,  27.91,  28.08,  28.15,  28.13,  28.19,  28.44,  28.55,  28.55,  28.43,  28.43,  28.55,  28.59,  28.36,  28.29,  28.50,  28.80,  28.41
19951121, 0000,  , LO,  6.6N,  91.5E,  20,    0,    0,    0,    0,    0,    0,    0,    0,    0,    0,    0,    0,    0, -999,  28.48,  28.26,  28.25,  28.13,  28.16,  27.89,  27.93,  28.21,  28.12,  27.80,  28.08,  28.43,  28.04,  27.69,  27.35,  27.35,  27.83,  28.00,  27.53,  27.72,  27.95,  27.74,  27.92,  28.62,  28.64,  28.29,  28.36,  28.50,  28.69,  28.54,  28.22
19951121, 0600,  , LO,  6.8N,  90.9E,  25,    0,    0,    0,    0,    0,    0,    0,    0,    0,    0,    0,    0,    0, -999,  28.64,  28.62,  28.57,  28.48,  28.28,  27.75,  27.64,  27.91,  28.01,  28.13,  28.30,  28.57,  28.13,  28.17,  28.11,  28.09,  27.89,  28.03,  28.36,  28.66,  28.53,  28.78,  28.74,  28.59,  28.56,  28.19,  28.22,  28.22,  28.51,  28.58,  28.04
19951121, 1200,  , LO,  6.9N,  90.2E,  25,    0,    0,    0,    0,    0,    0,    0,    0,    0,    0,    0,    0,    0, -999,  28.38,  28.27,  28.05,  28.09,  28.11,  27.77,  27.88,  27.44,  27.76,  28.27,  28.69,  28.75,  28.68,  28.74,  28.72,  28.66,  28.63,  28.70,  28.73,  28.17,  28.20,  27.67,  27.03,  28.64,  29.06,  28.76,  28.81,  28.89,  28.93,  28.78,  28.50
19951121, 1800,  , LO,  7.0N,  89.3E,  25,    0,    0,    0,    0,    0,    0,    0,    0,    0,    0,    0,    0,    0, -999,  28.65,  28.59,  28.48,  28.78,  28.86,  29.02,  28.85,  28.90,  28.79,  28.70,  28.54,  28.52,  28.52,  28.50,  28.41,  28.13,  28.04,  28.06,  28.13,  28.10,  27.75,  27.98,  28.05,  27.98,  28.20,  28.17,  28.56,  28.85,  28.85,  28.70,  28.47
19951122, 0000,  , LO,  7.2N,  88.5E,  25,    0,    0,    0,    0,    0,    0,    0,    0,    0,    0,    0,    0,    0, -999,  28.99,  28.81,  28.83,  28.75,  29.09,  28.75,  28.62,  28.60,  28.44,  28.36,  28.41,  28.29,  28.25,  28.33,  28.32,  28.51,  28.39,  28.66,  28.15,  28.10,  28.30,  28.21,  28.53,  28.41,  28.03,  28.07,  28.50,  28.38,  28.27,  28.23,  28.14
19951122, 0600,  , LO,  7.5N,  87.9E,  30,    0,    0,    0,    0,    0,    0,    0,    0,    0,    0,    0,    0,    0, -999,  29.05,  28.92,  29.09,  29.15,  29.24,  28.86,  28.83,  28.65,  28.66,  28.23,  28.22,  28.00,  27.94,  28.40,  28.85,  28.72,  28.54,  27.88,  27.87,  28.12,  27.83,  27.63,  28.13,  27.98,  28.13,  28.25,  28.73,  28.44,  28.34,  28.33,  28.38
19951122, 1200,  , TS,  8.2N,  87.6E,  35,    0,    0,    0,    0,    0,    0,    0,    0,    0,    0,    0,    0,    0, -999,  28.96,  28.41,  28.70,  28.79,  28.87,  29.04,  29.04,  29.08,  29.23,  28.99,  28.73,  28.50,  28.22,  28.11,  27.75,  28.00,  28.14,  27.63,  27.99,  28.25,  27.97,  27.68,  28.46,  28.47,  28.16,  28.02,  28.49,  28.32,  28.18,  28.47,  28.25
19951122, 1800,  , TS,  8.9N,  87.0E,  45,    0,    0,    0,    0,    0,    0,    0,    0,    0,    0,    0,    0,    0, -999,  29.25,  28.86,  28.93,  28.88,  28.69,  28.89,  29.15,  29.10,  29.16,  29.08,  29.07,  28.88,  28.79,  28.66,  28.60,  28.60,  28.04,  27.92,  27.68,  27.71,  28.42,  28.83,  28.97,  28.17,  28.35,  28.45,  28.62,  28.36,  28.06,  27.79,  27.85
19951123, 0000,  , TS,  9.4N,  86.3E,  55,    0,    0,    0,    0,    0,    0,    0,    0,    0,    0,    0,    0,    0, -999,  29.31,  29.58,  29.82,  29.74,  29.95,  29.84,  29.61,  29.52,  29.39,  29.36,  29.29,  29.15,  28.94,  28.57,  28.29,  28.43,  28.49,  28.36,  28.51,  27.84,  27.61,  27.95,  28.47,  28.48,  28.67,  28.55,  28.63,  28.69,  28.57,  28.44,  28.13
19951123, 0600,  , TS,  9.9N,  85.7E,  60,    0,    0,    0,    0,    0,    0,    0,    0,    0,    0,    0,    0,    0, -999,  29.58,  29.68,  29.62,  29.44,  29.61,  29.65,  29.60,  29.68,  29.62,  29.58,  29.55,  29.63,  29.55,  29.56,  29.17,  29.00,  28.62,  28.77,  28.64,  28.34,  27.82,  28.23,  28.19,  28.24,  28.29,  27.89,  27.77,  28.31,  28.04,  28.21,  27.91
19951123, 1200,  , HU, 10.8N,  85.0E,  65,    0,    0,    0,    0,    0,    0,    0,    0,    0,    0,    0,    0,    0, -999,  28.76,  28.38,  28.28,  28.35,  28.49,  28.38,  28.41,  28.84,  29.19,  28.98,  28.61,  28.73,  28.58,  28.77,  28.55,  28.36,  28.52,  28.28,  28.09,  28.27,  27.36,  27.81,  27.76,  27.96,  28.22,  27.74,  27.82,  28.04,  28.01,  26.81,  27.52
19951123, 1800,  , HU, 12.1N,  84.9E,  75,    0,    0,    0,    0,    0,    0,    0,    0,    0,    0,    0,    0,    0, -999,  29.24,  29.16,  29.05,  29.10,  29.21,  29.16,  29.19,  29.07,  28.87,  28.73,  28.65,  28.78,  29.23,  29.27,  28.61,  28.46,  28.45,  28.56,  28.38,  28.47,  28.06,  27.93,  27.84,  27.61,  27.70,  27.53,  27.59,  27.75,  27.22,  27.16,  27.24
19951124, 0000,  , HU, 13.6N,  85.1E,  95,    0,    0,    0,    0,    0,    0,    0,    0,    0,    0,    0,    0,    0, -999,  28.34,  28.24,  28.62,  28.78,  28.74,  28.87,  28.78,  28.45,  28.30,  28.48,  28.49,  28.70,  28.95,  28.32,  28.19,  28.30,  28.19,  28.16,  28.17,  27.86,  27.92,  27.73,  27.67,  27.67,  27.52,  27.47,  27.35,  27.13,  27.11,  27.13,  26.89
19951124, 0600,  , HU, 15.1N,  85.7E, 105,    0,    0,    0,    0,    0,    0,    0,    0,    0,    0,    0,    0,    0, -999,  28.25,  28.24,  28.72,  29.00,  29.11,  28.91,  28.58,  28.20,  28.23,  28.31,  28.38,  28.70,  28.84,  28.70,  28.71,  28.47,  28.18,  28.27,  28.12,  28.08,  27.76,  27.67,  27.53,  27.62,  27.58,  27.73,  27.61,  27.70,  27.72,  27.49,  27.17
19951124, 1200,  , HU, 16.6N,  86.3E, 105,    0,    0,    0,    0,    0,    0,    0,    0,    0,    0,    0,    0,    0, -999,  27.63,  27.77,  28.10,  28.23,  28.16,  27.77,  27.45,  27.24,  27.43,  27.67,  27.71,  27.92,  27.95,  27.96,  28.04,  27.65,  27.13,  27.39,  27.05,  27.06,  26.99,  26.78,  26.69,  26.73,  26.81,  26.84,  26.56,  26.61,  26.75,  26.85,  26.87
19951124, 1800,  , HU, 18.1N,  87.6E, 105,    0,    0,    0,    0,    0,    0,    0,    0,    0,    0,    0,    0,    0, -999,  27.87,  28.03,  28.05,  28.08,  28.16,  28.18,  27.92,  27.69,  27.53,  27.59,  27.58,  27.45,  27.74,  27.75,  27.85,  27.64,  27.53,  27.65,  27.66,  27.84,  27.73,  27.56,  27.45,  27.46,  27.30,  27.05,  27.02,  27.36,  27.23,  26.84,  26.41
19951125, 0000,  , HU, 19.5N,  89.3E,  90,    0,    0,    0,    0,    0,    0,    0,    0,    0,    0,    0,    0,    0, -999,  27.93,  27.70,  28.06,  28.34,  28.23,  28.13,  28.06,  27.90,  27.76,  27.63,  27.62,  27.62,  27.79,  27.91,  27.88,  27.66,  27.66,  27.75,  27.58,  27.51,  27.56,  27.62,  27.41,  27.35,  27.32,  27.36,  27.37,  26.96,  26.85,  26.80,  26.64
19951125, 0600,  , HU, 20.9N,  91.3E,  85,    0,    0,    0,    0,    0,    0,    0,    0,    0,    0,    0,    0,    0, -999,  28.66,  28.60,  28.57,  28.63,  28.50,  28.39,  28.35,  28.25,  28.20,  28.07,  27.89,  27.74,  27.71,  27.77,  27.80,  27.71,  27.83,  27.92,  27.77,  27.64,  27.65,  27.34,  27.15,  26.96,  26.91,  26.82,  26.76,  26.63,  26.61,  26.44,  26.10
19951125, 1200,  , TS, 22.4N,  93.5E,  45,    0,    0,    0,    0,    0,    0,    0,    0,    0,    0,    0,    0,    0, -999,    nan,    nan,    nan,    nan,    nan,    nan,    nan,    nan,    nan,    nan,    nan,    nan,    nan,    nan,    nan,    nan,    nan,    nan,    nan,    nan,    nan,    nan,    nan,    nan,    nan,    nan,    nan,    nan,    nan,    nan,    nan
19951125, 1800,  , LO, 23.6N,  95.5E,  30,    0,    0,    0,    0,    0,    0,    0,    0,    0,    0,    0,    0,    0, -999,    nan,    nan,    nan,    nan,    nan,    nan,    nan,    nan,    nan,    nan,    nan,    nan,    nan,    nan,    nan,    nan,    nan,    nan,    nan,    nan,    nan,    nan,    nan,    nan,    nan,    nan,    nan,    nan,    nan,    nan,    nan
