IO042019,              KYARR,     48,
20191022, 1800,  , DB, 14.7N,  66.4E,  20, 1004,    0,    0,    0,    0,    0,    0,    0,    0,    0,    0,    0,    0, -999,  28.30,  28.61,  28.60,  28.64,  28.59,  28.65,  28.68,  28.72,  28.55,  28.69,  28.41,  28.32,  28.33,  28.21,  27.80,  27.98,  27.91,  27.56,  27.71,  28.13,  28.30,  27.72,  27.30,  27.48,  27.40,  27.38,  27.65,  27.67,  27.52,  27.56,  27.74
20191023, 0000,  , DB, 15.1N,  67.2E,  20, 1003,    0,    0,    0,    0,    0,    0,    0,    0,    0,    0,    0,    0, -999,  28.67,  28.88,  28.70,  28.53,  28.55,  28.59,  28.52,  28.44,  28.51,  28.42,  28.50,  28.61,  28.57,  28.38,  28.36,  28.40,  28.36,  28.49,  28.27,  27.96,  27.61,  27.57,  27.93,  27.68,  27.68,  27.60,  27.27,  27.27,  27.30,  27.45,  27.56
20191023, 0600,  , DB, 15.3N,  68.1E,  20, 1005,    0,    0,    0,    0,    0,    0,    0,    0,    0,    0,    0,    0, -999,  28.29,  28.49,  28.41,  28.39,  28.35,  28.58,  28.52,  28.64,  28.61,  28.58,  28.53,  28.64,  28.65,  28.54,  28.54,  28.58,  28.54,  28.60,  28.44,  28.17,  27.60,  27.45,  27.79,  27.79,  27.84,  27.82,  27.53,  27.48,  27.62,  27.75,  28.00
20191023, 1200,  , DB, 15.5N,  69.0E,  20, 1002,    0,    0,    0,    0,    0,    0,    0,    0,    0,    0,    0,    0, -999,  28.47,  28.50,  28.62,  28.59,  28.70,  28.68,  28.82,  28.85,  28.90,  28.91,  28.86,  29.17,  29.22,  29.29,  29.21,  29.16,  29.01,  28.89,  28.55,  27.86,  27.42,  27.48,  27.88,  27.77,  27.86,  27.55,  27.45,  27.43,  27.33,  27.67,  28.01
20191023, 1800,  , TD, 15.6N,  70.1E,  25, 1004,    0,    0,    0,    0,    0,    0,    0,    0,    0,    0,    0,    0, -999,  28.87,  28.99,  29.00,  29.25,  29.21,  29.17,  29.29,  29.22,  29.20,  29.07,  29.05,  28.99,  28.98,  29.05,  28.93,  28.81,  28.88,  28.86,  28.32,  27.48,  27.40,  27.67,  27.64,  27.87,  27.87,  27.27,  27.43,  27.58,  27.74,  27.60,  27.52
20191024, 0000,  , TD, 15.5N,  70.5E,  25,  999,    0,    0,    0,    0,    0,    0,    0,    0,    0,    0,    0,    0, -999,  28.94,  28.98,  29.25,  29.33,  29.23,  29.27,  29.33,  29.42,  29.43,  29.38,  29.19,  29.36,  29.50,  29.38,  29.35,  29.36,  29.06,  27.68,  27.62,  27.72,  27.77,  27.90,  28.01,  27.78,  26.66,  27.25,  27.07,  27.71,  27.58,  27.60,  27.89
20191024, 0600,  , TD, 15.1N,  70.8E,  30, 1001,    0,    0,    0,    0,    0,    0,    0,    0,    0,    0,    0,    0, -999,  29.03,  29.09,  29.11,  29.17,  29.16,  29.14,  29.21,  29.31,  29.30,  29.15,  29.19,  29.03,  29.17,  29.16,  29.06,  28.95,  28.65,  27.68,  27.78,  27.90,  28.22,  28.05,  28.20,  27.95,  26.70,  27.25,  27.44,  27.84,  27.61,  27.63,  27.70
20191024, 1200,  , TD, 15.4N,  71.1E,  30, 1001,    0,    0,    0,    0,    0,    0,    0,    0,    0,    0,    0,    0, -999,  28.98,  29.03,  29.11,  29.07,  29.04,  29.10,  29.08,  29.21,  29.16,  29.15,  29.23,  29.07,  29.22,  29.26,  29.14,  29.12,  28.72,  26.97,  27.32,  27.62,  28.06,  28.03,  28.03,  27.92,  26.73,  27.33,  27.52,  27.76,  27.65,  27.76,  27.86
20191024, 1800,  , TS, 15.4N,  71.3E,  35, 1001,   60,  100,  100,   75,    0,    0,    0,    0,    0,    0,    0,    0, -999,  28.94,  28.91,  28.95,  28.94,  29.00,  29.09,  29.12,  29.31,  29.34,  29.43,  29.37,  29.34,  29.34,  29.43,  29.19,  29.06,  28.45,  26.77,  27.17,  27.48,  28.08,  27.94,  27.99,  27.87,  26.39,  27.14,  27.27,  27.61,  26.62,  27.77,  27.82
20191025, 0000,  , TS, 15.6N,  71.6E,  45,  994,   65,  105,  105,   80,    0,    0,    0,    0,    0,    0,    0,    0, -999,  28.97,  28.93,  29.00,  28.96,  29.04,  29.10,  29.20,  29.18,  29.12,  29.18,  29.35,  29.39,  29.47,  29.44,  29.30,  28.51,  26.50,  26.84,  27.06,  27.59,  27.67,  27.67,  27.99,  26.51,  27.19,  27.26,  27.42,  26.51,  27.49,  27.94,  27.14
20191025, 0600,  , TS, 15.9N,  71.8E,  50,  992,   85,  120,   95,   90,   30,   40,   35,   30,    0,    0,    0,    0, -999,  28.89,  28.64,  28.70,  28.72,  28.87,  28.96,  29.01,  28.96,  28.99,  29.13,  28.95,  29.06,  29.20,  29.20,  29.19,  28.11,  26.75,  26.59,  26.78,  26.90,  26.80,  27.16,  27.96,  26.81,  27.27,  27.49,  27.66,  27.61,  27.44,  27.94,  27.50
20191025, 1200,  , TS, 16.2N,  71.9E,  55,  987,   90,  130,  100,   80,   30,   40,   35,   30,    0,    0,    0,    0, -999,  29.12,  29.05,  28.69,  28.69,  28.90,  29.01,  29.05,  28.94,  29.02,  29.00,  28.64,  28.71,  29.04,  28.90,  29.12,  28.53,  26.75,  26.43,  26.54,  26.66,  26.67,  26.63,  27.50,  27.26,  27.42,  27.66,  27.52,  27.46,  27.30,  27.64,  27.63
20191025, 1800,  , HU, 16.5N,  71.4E,  65,  984,   95,  105,   75,  110,   35,   25,   35,   45,    0,    0,    0,    0, -999,  29.30,  29.54,  29.50,  29.55,  29.64,  29.78,  29.68,  29.45,  29.12,  29.14,  29.25,  29.16,  29.18,  29.35,  29.47,  28.93,  26.37,  26.44,  26.90,  26.79,  27.02,  26.90,  26.94,  26.98,  27.08,  27.45,  27.70,  27.56,  27.40,  27.33,  27.48
20191026, 0000,  , HU, 16.6N,  70.7E,  70,  979,   85,  110,   65,   80,   35,   50,   35,   30,   20,   25,   20,   15, -999,  28.76,  29.00,  28.76,  28.98,  28.90,  28.91,  28.76,  28.76,  28.82,  28.81,  29.01,  29.07,  29.03,  29.18,  28.88,  26.65,  27.10,  26.96,  26.86,  27.10,  27.29,  27.39,  26.89,  26.57,  26.98,  26.91,  26.57,  26.51,  26.86,  27.09,  26.96
20191026, 0600,  , HU, 16.6N,  70.0E,  80,  976,   85,  110,   80,   80,   45,   50,   50,   45,   20,   25,   25,   20, -999,  29.09,  29.18,  29.12,  29.07,  29.11,  28.94,  29.00,  28.97,  28.90,  29.00,  29.02,  28.84,  28.81,  28.90,  28.73,  28.28,  27.33,  26.89,  26.94,  27.08,  27.24,  27.41,  27.01,  26.69,  26.96,  27.07,  26.92,  26.65,  27.29,  27.46,  27.51
20191026, 1200,  , HU, 16.7N,  69.4E,  95,  961,  105,  105,   85,  105,   50,   45,   40,   50,   25,   25,   20,   25, -999,  28.49,  28.57,  28.79,  28.67,  28.82,  28.64,  28.63,  28.77,  28.89,  28.96,  28.89,  28.99,  28.94,  29.02,  28.94,  28.63,  27.41,  26.97,  27.11,  27.40,  27.40,  27.66,  27.48,  26.39,  26.63,  26.33,  26.76,  27.04,  27.55,  27.47,  27.45
20191026, 1800,  , HU, 16.8N,  68.9E, 120,  939,  125,  115,  100,  120,   65,   55,   50,   65,   35,   30,   25,   35, -999,  28.55,  28.49,  28.59,  28.63,  28.69,  28.58,  28.62,  28.68,  28.69,  28.68,  28.69,  28.90,  28.73,  28.71,  28.85,  28.62,  27.49,  26.80,  26.56,  26.59,  26.79,  27.19,  27.20,  26.32,  26.55,  26.45,  27.13,  27.41,  27.16,  26.92,  27.16
20191027, 0000,  , HU, 17.0N,  68.2E, 135,  924,  120,  105,   85,  105,   60,   55,   40,   55,   30,   30,   20,   30, -999,  28.63,  28.57,  28.67,  28.60,  28.43,  28.27,  28.35,  28.22,  28.30,  28.24,  28.24,  28.27,  28.35,  28.62,  28.76,  27.68,  26.45,  26.29,  26.52,  26.89,  27.23,  27.26,  25.74,  26.39,  26.25,  26.97,  27.12,  26.88,  26.70,  26.75,  26.82
20191027, 0600,  , HU, 17.3N,  67.5E, 135,  926,  145,  120,   90,  125,   65,   55,   35,   70,   35,   30,   20,   35, -999,  27.93,  27.81,  28.34,  28.53,  28.46,  28.35,  28.35,  28.66,  28.69,  28.07,  28.20,  28.19,  28.44,  28.77,  28.79,  28.29,  26.97,  26.46,  26.60,  26.47,  26.71,  26.66,  26.18,  26.48,  25.85,  26.34,  26.45,  26.11,  26.43,  26.58,  26.91
20191027, 1200,  , HU, 17.5N,  66.9E, 130,  928,  155,  120,  105,  135,   60,   55,   55,   70,   45,   40,   30,   40, -999,  27.91,  27.96,  28.11,  28.04,  28.15,  27.94,  28.06,  28.19,  28.36,  28.31,  28.34,  28.49,  28.66,  28.77,  28.71,  28.55,  26.43,  25.75,  26.98,  27.70,  27.93,  27.94,  27.34,  26.97,  26.86,  27.13,  27.13,  27.17,  27.26,  27.07,  26.81
20191027, 1800,  , HU, 17.9N,  66.2E, 125,  933,  145,  115,  100,  140,   75,   65,   50,   70,   40,   35,   30,   50, -999,  27.95,  27.91,  28.02,  28.02,  27.90,  27.89,  27.98,  28.02,  28.36,  28.56,  28.43,  28.36,  28.94,  29.02,  28.81,  28.56,  26.42,  24.36,  26.05,  26.92,  26.71,  26.68,  26.56,  26.33,  26.64,  26.85,  26.62,  26.75,  26.47,  26.17,  26.29
20191028, 0000,  , HU, 18.2N,  65.5E, 130,  929,  145,  115,   80,  125,   70,   60,   50,   70,   40,   35,   25,   35, -999,  27.91,  27.89,  28.00,  28.05,  28.03,  28.10,  28.06,  28.44,  28.61,  28.31,  28.57,  29.14,  29.34,  29.06,  28.71,  27.20,  24.52,  25.17,  26.14,  26.02,  25.84,  25.81,  25.77,  25.87,  26.39,  26.16,  25.57,  24.80,  24.99,  25.16,  25.72
20191028, 0600,  , HU, 18.3N,  64.8E, 130,  931,  145,  110,   75,  130,   65,   65,   50,   70,   40,   40,   35,   45, -999,  26.99,  27.23,  27.31,  27.43,  27.29,  27.18,  27.29,  27.39,  27.93,  28.42,  28.49,  29.15,  29.10,  28.85,  28.73,  27.72,  25.17,  25.02,  25.67,  25.90,  25.69,  25.59,  25.84,  25.89,  25.38,  25.25,  25.24,  25.45,  25.84,  25.79,  25.71
20191028, 1200,  , HU, 18.5N,  64.4E, 125,  933,  155,  130,   80,  145,   70,   60,   45,   75,   40,   35,   30,   40, -999,  26.99,  27.07,  27.24,  27.18,  27.07,  27.16,  27.11,  27.13,  27.43,  27.98,  27.95,  28.71,  28.58,  28.51,  28.46,  27.87,  24.93,  24.77,  25.06,  25.41,  25.37,  25.43,  25.88,  25.85,  25.20,  25.30,  25.43,  25.64,  25.79,  25.66,  25.81
20191028, 1800,  , HU, 18.8N,  64.0E, 120,  937,  155,  130,   80,  145,   70,   60,   45,   75,   45,   35,   30,   40, -999,  26.91,  26.86,  26.99,  26.64,  26.55,  26.72,  26.91,  26.94,  26.87,  27.47,  27.47,  27.90,  27.96,  27.93,  28.34,  27.92,  26.09,  24.14,  24.40,  25.02,  25.28,  25.24,  26.00,  25.74,  25.09,  25.42,  25.93,  25.50,  25.56,  25.70,  25.68
20191029, 0000,  , HU, 19.1N,  63.6E, 115,  942,  140,  120,   90,  130,   70,   60,   50,   65,   40,   35,   25,   35, -999,  26.91,  26.68,  26.68,  26.54,  26.63,  26.97,  27.07,  27.15,  28.25,  28.31,  28.11,  27.98,  27.96,  28.00,  27.94,  25.92,  23.14,  24.49,  25.08,  24.83,  25.27,  26.45,  25.88,  25.12,  25.03,  24.78,  24.59,  25.09,  25.56,  25.66,  25.78
20191029, 0600,  , HU, 19.4N,  63.3E, 110,  947,  145,  110,   85,  125,   85,   55,   55,   80,   50,   40,   25,   25, -999,  26.66,  26.53,  26.55,  26.25,  26.31,  26.51,  26.65,  27.10,  27.75,  28.06,  27.82,  27.93,  27.85,  27.78,  27.94,  25.96,  23.22,  23.59,  24.38,  24.18,  24.68,  25.57,  26.37,  25.85,  24.92,  24.64,  24.66,  24.13,  24.28,  24.87,  25.44
20191029, 1200,  , HU, 19.6N,  63.0E, 100,  955,  145,  110,   85,  125,   85,   55,   55,   80,   50,   40,   25,   30, -999,  26.77,  26.65,  26.61,  26.22,  26.10,  26.34,  26.53,  26.72,  27.19,  27.70,  27.69,  27.72,  27.57,  27.47,  27.86,  26.63,  23.65,  23.21,  24.37,  23.65,  24.13,  24.30,  26.00,  25.75,  24.62,  24.12,  24.14,  24.22,  24.11,  23.92,  24.19
20191029, 1800,  , HU, 19.6N,  62.7E,  95,  961,  115,   85,   75,   90,   60,   55,   45,   50,   35,   20,   15,   20, -999,  26.77,  26.61,  26.68,  26.19,  25.95,  26.31,  26.30,  26.55,  26.87,  27.39,  27.60,  27.60,  27.58,  27.52,  27.90,  26.86,  22.57,  23.37,  24.72,  23.65,  23.92,  23.76,  25.68,  25.73,  24.65,  23.95,  23.91,  23.89,  23.74,  23.39,  23.76
20191030, 0000,  , HU, 19.5N,  62.2E,  85,  968,  135,  100,  105,  105,   60,   50,   50,   60,   30,   25,   25,   30, -999,  26.31,  26.45,  26.19,  26.09,  26.38,  26.43,  26.73,  26.84,  26.92,  27.45,  27.27,  27.18,  27.53,  28.06,  27.45,  24.80,  23.89,  25.71,  24.77,  24.56,  23.07,  23.41,  24.77,  25.39,  24.77,  24.25,  24.19,  24.03,  23.89,  24.35,  24.84
20191030, 0600,  , HU, 19.2N,  61.8E,  70,  979,  135,  100,  105,  115,   60,   50,    0,   60,   50,    0,    0,    0, -999,  26.36,  26.58,  26.45,  26.45,  26.52,  26.62,  26.77,  26.84,  26.96,  27.65,  27.75,  27.70,  27.68,  27.80,  27.92,  26.43,  25.62,  24.65,  25.53,  26.05,  25.82,  27.00,  27.61,  27.23,  27.15,  27.31,  27.05,  26.87,  26.67,  26.84,  26.88
20191030, 1200,  , TS, 18.9N,  61.3E,  60,  986,  110,   90,   90,  105,   55,   45,    0,   50,    0,    0,    0,    0, -999,  26.88,  27.00,  26.62,  26.64,  26.86,  26.67,  26.73,  27.14,  27.75,  27.91,  27.82,  27.52,  27.45,  27.60,  27.94,  27.55,  26.81,  24.45,  26.25,  27.11,  26.22,  27.13,  27.40,  27.80,  27.49,  27.34,  26.97,  27.05,  26.45,  26.45,  26.69
20191030, 1800,  , TS, 18.7N,  60.6E,  50,  994,   95,   85,   75,   95,   35,   30,   30,   35,    0,    0,    0,    0, -999,  26.59,  26.49,  26.35,  26.08,  25.17,  25.03,  25.99,  26.62,  27.62,  27.70,  27.60,  27.47,  27.29,  27.26,  27.86,  27.70,  27.07,  26.44,  26.59,  27.07,  25.96,  27.41,  27.59,  27.96,  27.43,  27.11,  26.84,  27.17,  26.86,  26.19,  26.65
20191031, 0000,  , TS, 18.2N,  60.2E,  40,  999,   90,   75,   75,   85,    0,    0,    0,    0,    0,    0,    0,    0, -999,  25.32,  24.98,  25.37,  25.80,  26.40,  26.50,  26.52,  26.86,  27.41,  27.49,  27.21,  26.89,  27.82,  28.26,  27.97,  27.49,  26.45,  26.94,  26.61,  26.85,  27.34,  27.37,  27.70,  27.19,  27.27,  26.43,  26.85,  26.85,  26.98,  26.81,  26.33
20191031, 0600,  , TS, 17.7N,  59.9E,  35, 1003,   95,   70,   70,   90,    0,    0,    0,    0,    0,    0,    0,    0, -999,  26.66,  26.85,  26.36,  26.12,  26.51,  26.73,  26.68,  26.82,  26.88,  26.72,  27.07,  27.52,  27.59,  28.07,  27.89,  27.83,  26.39,  27.02,  25.11,  26.50,  26.87,  27.07,  27.62,  27.07,  27.12,  26.32,  26.58,  26.38,  25.80,  25.71,  26.46
20191031, 1200,  , TS, 17.4N,  59.8E,  35,  999,   95,   70,   70,   95,    0,    0,    0,    0,    0,    0,    0,    0, -999,  26.77,  26.67,  26.27,  26.46,  26.87,  27.16,  26.88,  27.12,  27.62,  27.11,  27.27,  27.79,  27.85,  28.16,  28.08,  27.78,  26.73,  25.43,  24.50,  26.30,  26.37,  26.38,  27.12,  27.04,  26.80,  26.61,  26.88,  26.63,  25.96,  25.29,  25.64
20191031, 1800,  , TD, 17.0N,  59.6E,  25, 1005,    0,    0,    0,    0,    0,    0,    0,    0,    0,    0,    0,    0, -999,  27.33,  26.64,  26.42,  27.02,  27.16,  27.01,  26.65,  27.23,  27.42,  27.23,  26.92,  27.68,  27.99,  28.23,  28.27,  27.54,  26.48,  25.85,  24.81,  26.58,  26.77,  25.70,  26.31,  26.91,  26.86,  26.17,  26.80,  26.83,  27.36,  26.29,  26.45
20191101, 0000,  , TD, 16.4N,  59.3E,  25, 1005,    0,    0,    0,    0,    0,    0,    0,    0,    0,    0,    0,    0, -999,  26.89,  27.11,  27.37,  27.42,  27.66,  27.97,  28.16,  28.21,  27.77,  27.67,  27.17,  27.47,  27.47,  27.10,  26.55,  26.82,  23.50,  26.14,  24.85,  25.41,  26.30,  25.27,  25.53,  25.78,  25.91,  26.27,  25.76,  26.41,  27.51,  27.30,  27.16
20191101, 0600,  , TD, 15.9N,  58.5E,  25, 1006,    0,    0,    0,    0,    0,    0,    0,    0,    0,    0,    0,    0, -999,  27.03,  27.37,  27.20,  26.91,  27.68,  28.05,  28.28,  27.94,  27.69,  27.04,  26.83,  26.77,  26.54,  26.38,  26.46,  26.71,  23.75,  26.01,  25.71,  25.69,  26.76,  26.62,  25.88,  26.32,  25.56,  26.00,  26.70,  24.93,  27.18,  26.26,  27.05
20191101, 1200,  , TD, 15.3N,  57.7E,  25, 1004,    0,    0,    0,    0,    0,    0,    0,    0,    0,    0,    0,    0, -999,  26.05,  26.08,  26.67,  26.77,  26.91,  27.52,  27.59,  27.16,  26.81,  26.66,  27.01,  27.01,  27.19,  27.07,  26.53,  27.66,  25.73,  26.12,  26.07,  26.77,  26.11,  26.22,  25.50,  24.20,  25.08,  22.87,  23.55,  25.75,  26.37,  24.09,  26.21
20191101, 1800,  , TD, 14.3N,  57.2E,  25, 1005,    0,    0,    0,    0,    0,    0,    0,    0,    0,    0,    0,    0, -999,  25.73,  26.05,  26.43,  26.39,  26.24,  27.46,  27.04,  26.67,  26.91,  27.37,  27.67,  27.45,  27.54,  27.68,  27.66,  27.86,  28.03,  27.32,  27.70,  27.44,  27.85,  27.63,  27.84,  28.13,  27.71,  27.52,  27.38,  26.86,  27.48,  27.09,  26.79
20191102, 0000,  , TD, 13.8N,  56.3E,  25, 1005,    0,    0,    0,    0,    0,    0,    0,    0,    0,    0,    0,    0, -999,  26.14,  25.86,  25.86,  25.46,  26.27,  26.77,  26.62,  27.36,  28.20,  27.90,  27.68,  28.45,  28.64,  28.71,  28.69,  28.77,  28.52,  28.39,  28.39,  28.15,  28.10,  28.13,  28.07,  28.37,  28.33,  28.35,  28.22,  28.13,  27.98,  27.67,  27.46
20191102, 0600,  , TD, 13.4N,  54.5E,  25, 1005,    0,    0,    0,    0,    0,    0,    0,    0,    0,    0,    0,    0, -999,  25.28,  24.88,  25.39,  24.95,  24.93,  25.26,  23.85,  23.32,  23.31,  23.53,  22.25,  22.54,  24.41,  24.38,  24.76,  25.51,  23.87,  25.27,  26.24,  25.29,  25.49,  25.46,  24.81,  24.28,  24.61,  24.25,  23.65,  24.23,  25.21,  26.21,  25.18
20191102, 1200,  , TD, 12.7N,  53.0E,  25, 1006,    0,    0,    0,    0,    0,    0,    0,    0,    0,    0,    0,    0, -999,  27.01,  27.09,  27.30,  27.98,  27.48,  26.34,  26.59,  27.38,  27.21,  26.45,  25.55,  26.03,  25.17,  26.34,  25.75,  25.18,  24.77,  24.72,  26.58,  26.34,  25.00,  27.03,  26.14,  25.20,  26.10,  24.43,  25.02,  26.82,  24.22,  25.41,  27.05
20191102, 1500,  , DB, 12.1N,  52.2E,  20, 1007,    0,    0,    0,    0,    0,    0,    0,    0,    0,    0,    0,    0, -999,  21.05,  21.52,  22.09,  24.59,  25.12,  25.36,  25.28,  25.21,  25.09,  26.85,  26.09,  26.23,  26.25,  25.71,  25.22,  27.20,  27.39,  25.50,  25.80,  26.25,  26.65,  26.38,  26.00,  25.71,  25.45,  22.89,  26.05,  25.17,  23.44,  25.26,  25.92
20191102, 1800,  , DB, 11.1N,  51.9E,  20, 1007,    0,    0,    0,    0,    0,    0,    0,    0,    0,    0,    0,    0, -999,  25.74,  25.76,  25.51,  25.86,  26.56,  26.03,  25.67,  25.41,  24.68,  25.07,  24.88,  25.08,  25.45,  24.31,  24.77,  25.32,  25.62,  23.86,  25.06,  24.87,  24.66,  25.18,  24.69,  24.56,  25.07,  24.52,  25.21,  24.81,  25.75,  25.83,  25.58
20191103, 0000,  , DB,  9.8N,  52.1E,  20, 1007,    0,    0,    0,    0,    0,    0,    0,    0,    0,    0,    0,    0, -999,  28.36,  27.90,  28.02,  27.76,  26.09,  26.25,  26.88,  25.79,  25.27,  25.65,  25.02,  25.29,  24.94,  24.79,  25.20,  25.29,  24.70,  24.80,  25.38,  24.77,  24.88,  23.46,  22.73,  23.52,  24.15,  24.67,  24.88,  25.44,  26.55,  26.50,  27.83
20191103, 0600,  , DB,  9.2N,  52.2E,  15, 1007,    0,    0,    0,    0,    0,    0,    0,    0,    0,    0,    0,    0, -999,  27.54,  27.89,  28.15,  28.03,  26.81,  26.98,  26.50,  26.10,  25.90,  27.09,  26.64,  26.87,  26.73,  26.94,  26.76,  26.55,  26.33,  25.77,  25.25,  24.30,  24.92,  24.59,  25.51,  25.78,  25.87,  25.66,  26.32,  25.57,  25.35,  25.01,  25.30
