IO052004,            UNNAMED,     34,
20041127, 0000,  , TD,  1.6N,  72.4E,  20, 1004,    0,    0,    0,    0,    0,    0,    0,    0,    0,    0,    0,    0, -999,  29.26,  29.35,  29.22,  29.26,  29.26,  28.93,  28.51,  28.46,  28.62,  28.79,  29.03,  28.84,  28.44,  28.24,  28.16,  28.14,  28.26,  27.95,  27.89,  28.10,  28.17,  28.20,  28.50,  28.72,  28.29,  28.99,  28.87,  28.55,  28.69,  28.83,  28.89
20041127, 0600,  , TD,  1.5N,  71.5E,  20, 1004,    0,    0,    0,    0,    0,    0,    0,    0,    0,    0,    0,    0, -999,  29.66,  29.97,  29.80,  29.66,  28.75,  28.60,  28.62,  28.67,  28.87,  28.83,  28.94,  28.60,  28.61,  28.59,  28.39,  28.25,  28.28,  28.26,  28.16,  28.39,  28.29,  28.33,  28.40,  28.76,  28.80,  28.89,  28.99,  28.94,  28.95,  29.06,  29.17
20041127, 1200,  , TD,  1.2N,  70.7E,  20, 1004,    0,    0,    0,    0,    0,    0,    0,    0,    0,    0,    0,    0, -999,  29.39,  29.53,  29.26,  29.18,  28.92,  28.79,  28.61,  28.76,  28.69,  28.81,  28.79,  28.70,  28.62,  28.48,  28.41,  28.31,  28.51,  28.69,  28.21,  28.67,  28.82,  29.17,  29.33,  29.41,  29.13,  28.99,  29.12,  29.09,  29.02,  29.30,  29.19
20041127, 1800,  , TD,  0.9N,  69.9E,  30, 1000,    0,    0,    0,    0,    0,    0,    0,    0,    0,    0,    0,    0, -999,  29.02,  29.28,  29.32,  29.42,  28.96,  28.77,  28.68,  28.87,  28.89,  28.80,  28.72,  28.72,  28.73,  29.01,  28.99,  28.39,  28.27,  28.36,  28.53,  28.79,  29.28,  29.42,  28.95,  28.76,  28.26,  28.57,  28.90,  28.85,  28.65,  28.78,  28.60
20041128, 0000,  , TS,  0.7N,  69.0E,  35,  997,    0,    0,    0,    0,    0,    0,    0,    0,    0,    0,    0,    0, -999,  28.85,  28.64,  28.73,  28.81,  28.78,  28.61,  28.52,  28.73,  28.88,  29.06,  29.13,  29.07,  28.67,  28.64,  28.68,  28.59,  28.49,  28.83,  28.83,  28.33,  29.38,  29.02,  28.58,  28.45,  28.48,  28.47,  28.28,  28.01,  28.20,  27.51,  27.43
20041128, 0600,  , TS,  0.8N,  68.3E,  40,  994,    0,    0,    0,    0,    0,    0,    0,    0,    0,    0,    0,    0, -999,  28.59,  28.66,  28.69,  28.59,  28.58,  28.51,  28.61,  28.83,  28.87,  28.84,  28.78,  28.79,  28.69,  28.62,  28.77,  28.60,  28.81,  28.70,  28.18,  28.88,  29.05,  29.02,  28.04,  28.44,  28.30,  28.10,  28.00,  27.79,  27.57,  27.48,  27.58
20041128, 1200,  , TS,  1.1N,  67.5E,  45,  991,   55,   55,   50,   55,    0,    0,    0,    0,    0,    0,    0,    0, -999,  28.50,  28.49,  28.39,  28.48,  28.62,  28.66,  28.66,  28.62,  28.61,  28.82,  28.85,  28.82,  28.79,  28.64,  29.05,  29.16,  28.82,  27.84,  27.78,  28.22,  28.29,  28.02,  28.16,  28.21,  28.31,  28.04,  27.91,  27.60,  27.97,  28.08,  28.09
20041128, 1800,  , TS,  1.5N,  66.7E,  50,  987,   90,  100,   90,  120,    0,    0,    0,    0,    0,    0,    0,    0, -999,  28.41,  28.31,  28.49,  28.72,  28.64,  28.43,  28.45,  28.74,  28.65,  28.66,  28.70,  29.02,  28.87,  28.63,  29.07,  29.08,  28.82,  27.76,  27.81,  27.55,  27.77,  28.03,  27.95,  28.07,  28.20,  27.86,  27.89,  27.78,  28.11,  28.27,  28.20
20041129, 0000,  , TS,  2.0N,  65.9E,  60,  980,   90,   90,  120,  120,   25,   25,   25,   25,    0,    0,    0,    0, -999,  28.55,  28.65,  28.50,  28.32,  28.13,  28.71,  28.71,  28.61,  28.74,  28.90,  28.93,  28.90,  28.48,  28.56,  28.59,  28.12,  27.90,  27.81,  28.09,  28.13,  28.20,  28.02,  27.79,  28.07,  27.54,  26.51,  27.59,  28.27,  28.32,  28.43,  28.46
20041129, 0600,  , HU,  2.7N,  65.0E,  65,  976,   90,   90,  120,  120,   35,   35,   45,   45,    0,    0,    0,    0, -999,  28.23,  28.33,  28.17,  28.46,  28.40,  28.54,  28.52,  28.46,  28.62,  28.61,  28.89,  28.61,  28.27,  28.40,  28.38,  28.11,  28.37,  28.16,  28.37,  28.71,  28.42,  27.92,  27.82,  27.62,  28.07,  27.01,  27.80,  28.12,  28.34,  28.62,  28.65
20041129, 1200,  , HU,  3.5N,  64.3E,  65,  976,   65,   70,   90,  110,   25,   25,   30,   40,    0,    0,    0,    0, -999,  28.52,  28.80,  28.86,  29.04,  29.08,  28.98,  29.10,  28.94,  28.81,  28.88,  28.91,  28.61,  28.24,  28.35,  28.31,  28.31,  28.25,  28.25,  28.30,  28.47,  28.48,  28.51,  28.55,  28.59,  28.82,  28.06,  28.05,  28.05,  28.11,  28.20,  28.24
20041129, 1800,  , TS,  4.3N,  63.6E,  55,  984,   70,   70,   90,   90,   25,   25,   30,   30,    0,    0,    0,    0, -999,  28.72,  28.92,  29.00,  29.09,  28.91,  29.05,  29.16,  29.20,  29.15,  29.21,  28.98,  28.81,  28.94,  28.93,  28.73,  28.47,  28.27,  28.14,  28.19,  28.28,  28.31,  28.30,  27.63,  28.14,  28.58,  28.51,  28.26,  28.29,  28.25,  28.31,  28.37
20041130, 0000,  , TS,  5.1N,  62.9E,  60,  980,   70,   70,   90,  100,   25,   25,   30,   30,    0,    0,    0,    0, -999,  28.84,  28.62,  28.19,  28.53,  29.02,  29.28,  29.27,  29.13,  29.22,  29.28,  29.26,  29.16,  29.09,  28.88,  28.60,  28.30,  28.03,  27.78,  27.92,  27.72,  27.72,  28.71,  28.79,  28.83,  28.88,  28.78,  28.75,  28.62,  28.41,  28.13,  28.00
20041130, 0600,  , HU,  5.7N,  61.8E,  65,  976,   80,   70,   80,   90,   30,   30,   30,   30,    0,    0,    0,    0, -999,  29.34,  29.38,  29.39,  29.14,  29.12,  28.95,  29.35,  29.35,  29.31,  29.32,  29.36,  29.31,  29.31,  29.17,  28.95,  28.16,  28.13,  28.35,  28.13,  27.79,  28.59,  28.96,  28.83,  28.92,  28.88,  28.73,  28.73,  28.63,  28.66,  28.73,  28.33
20041130, 1200,  , HU,  6.1N,  60.8E,  65,  976,   80,   70,   80,   90,   30,   30,   30,   30,    0,    0,    0,    0, -999,  29.34,  29.35,  29.45,  29.35,  29.38,  29.55,  29.47,  29.40,  29.31,  29.32,  29.25,  29.19,  28.91,  28.93,  28.71,  27.96,  27.81,  27.97,  28.97,  28.65,  28.49,  28.46,  28.30,  28.28,  28.20,  28.11,  28.20,  28.15,  28.03,  28.12,  28.05
20041130, 1800,  , HU,  6.5N,  59.9E,  65,  976,   80,   70,   70,   80,   30,   30,   30,   30,    0,    0,    0,    0, -999,  29.52,  29.33,  28.87,  28.97,  28.71,  28.36,  28.46,  28.63,  28.58,  28.20,  28.57,  28.27,  28.38,  28.70,  28.78,  28.54,  28.64,  28.73,  27.92,  28.43,  28.43,  28.16,  28.01,  28.00,  27.93,  27.89,  27.80,  27.83,  27.80,  27.82,  27.83
20041201, 0000,  , TS,  7.0N,  59.4E,  60,  980,   80,   70,   70,   85,   30,   30,   30,   30,    0,    0,    0,    0, -999,  29.03,  29.01,  28.87,  28.66,  28.60,  28.68,  28.57,  28.58,  28.34,  28.46,  28.13,  27.92,  27.95,  28.17,  28.29,  27.94,  28.00,  28.27,  28.07,  27.57,  27.66,  27.59,  27.49,  27.39,  27.39,  27.42,  27.50,  27.49,  27.52,  27.45,  27.30
20041201, 0600,  , TS,  7.5N,  58.9E,  55,  984,   75,   65,   65,   85,   30,   30,   30,   30,    0,    0,    0,    0, -999,  28.79,  28.73,  28.77,  28.42,  28.52,  28.47,  28.62,  28.84,  28.66,  28.72,  28.63,  28.65,  28.64,  28.52,  28.52,  28.09,  27.55,  27.85,  27.66,  27.61,  27.48,  27.38,  27.36,  27.33,  27.29,  27.44,  27.39,  27.37,  27.36,  27.32,  27.15
20041201, 1200,  , TS,  7.8N,  58.2E,  50,  987,   75,   65,   65,   85,    0,    0,    0,    0,    0,    0,    0,    0, -999,  28.27,  27.97,  27.52,  28.04,  28.36,  28.28,  28.45,  28.62,  28.49,  28.41,  28.55,  28.94,  28.72,  28.55,  28.34,  27.96,  27.35,  27.65,  27.66,  27.72,  27.73,  27.71,  27.44,  27.30,  27.30,  27.44,  27.28,  27.20,  27.25,  27.27,  27.03
20041201, 1800,  , TS,  7.8N,  57.4E,  45,  991,   65,   60,   60,   70,    0,    0,    0,    0,    0,    0,    0,    0, -999,  27.57,  27.63,  28.36,  27.51,  27.90,  28.24,  28.25,  28.61,  28.67,  28.46,  28.39,  27.96,  27.96,  27.87,  28.31,  28.03,  27.63,  27.70,  27.66,  27.78,  28.16,  28.03,  27.66,  27.34,  27.21,  27.10,  26.93,  26.88,  26.92,  26.71,  26.45
20041202, 0000,  , TS,  7.9N,  56.5E,  45,  991,   60,   55,   55,   65,    0,    0,    0,    0,    0,    0,    0,    0, -999,  27.63,  27.91,  27.11,  27.28,  27.23,  26.19,  27.90,  27.85,  27.64,  27.51,  27.31,  27.21,  26.85,  27.00,  27.27,  27.00,  26.53,  26.87,  27.06,  26.80,  27.96,  27.71,  27.68,  27.34,  27.06,  26.92,  26.84,  26.76,  26.68,  26.95,  27.41
20041202, 0600,  , TS,  8.2N,  55.6E,  45,  991,   80,   60,   60,   80,    0,    0,    0,    0,    0,    0,    0,    0, -999,  26.21,  27.14,  26.33,  27.63,  27.42,  26.07,  27.77,  27.00,  26.88,  27.44,  27.11,  27.10,  26.81,  26.66,  26.56,  26.76,  26.41,  26.77,  27.51,  27.33,  27.32,  27.12,  27.06,  27.75,  27.51,  27.12,  26.94,  26.88,  26.79,  26.93,  26.97
20041202, 1200,  , TS,  8.2N,  55.0E,  40,  994,   90,   70,   70,   90,    0,    0,    0,    0,    0,    0,    0,    0, -999,  26.13,  26.90,  26.73,  27.59,  26.37,  27.51,  27.53,  28.04,  27.79,  27.60,  27.11,  27.03,  27.30,  27.23,  27.20,  27.23,  26.68,  26.62,  27.30,  27.58,  27.37,  27.18,  26.81,  27.18,  27.63,  27.46,  27.43,  27.36,  26.90,  27.10,  27.10
20041202, 1800,  , TS,  8.2N,  54.4E,  40,  994,   80,   60,   60,   80,    0,    0,    0,    0,    0,    0,    0,    0, -999,  27.40,  27.85,  28.01,  28.30,  27.87,  28.03,  28.04,  27.92,  27.88,  27.55,  27.71,  27.39,  27.49,  27.39,  27.45,  27.23,  26.71,  25.80,  27.34,  27.30,  27.15,  27.04,  26.62,  27.19,  27.06,  27.06,  27.72,  27.72,  27.50,  27.38,  27.12
20041203, 0000,  , TS,  8.3N,  53.9E,  40,  994,  100,   50,   50,  100,    0,    0,    0,    0,    0,    0,    0,    0, -999,  27.27,  27.90,  28.22,  27.93,  27.86,  28.00,  28.34,  27.68,  27.77,  27.37,  27.34,  27.44,  27.28,  27.58,  27.16,  26.09,  26.46,  27.23,  27.31,  27.28,  26.58,  26.47,  26.87,  27.04,  27.02,  27.10,  27.36,  27.61,  27.56,  27.30,  27.42
20041203, 0600,  , TS,  8.3N,  53.4E,  40,  994,  100,   50,   50,  100,    0,    0,    0,    0,    0,    0,    0,    0, -999,  26.02,  26.53,  27.17,  26.94,  26.65,  27.19,  27.12,  27.18,  27.46,  27.44,  27.07,  27.42,  27.59,  27.98,  27.76,  27.47,  27.30,  27.25,  26.31,  26.25,  26.54,  26.47,  27.01,  27.34,  27.40,  27.35,  27.25,  26.99,  27.18,  27.05,  27.03
20041203, 1200,  , TS,  8.2N,  52.9E,  35,  997,  100,   50,   50,  100,    0,    0,    0,    0,    0,    0,    0,    0, -999,  27.58,  27.35,  28.22,  26.95,  26.61,  27.64,  26.01,  26.98,  26.87,  26.86,  26.94,  27.36,  27.80,  27.84,  27.79,  27.71,  27.27,  26.23,  26.34,  26.63,  26.67,  26.95,  27.23,  27.40,  27.46,  27.17,  26.80,  26.75,  26.87,  26.92,  26.80
20041203, 1800,  , TD,  7.9N,  52.1E,  30, 1000,    0,    0,    0,    0,    0,    0,    0,    0,    0,    0,    0,    0, -999,  26.21,  27.64,  27.68,  27.53,  26.84,  27.25,  26.30,  26.62,  26.86,  27.19,  27.38,  27.54,  27.67,  27.96,  27.74,  27.14,  26.48,  26.23,  26.60,  26.90,  26.99,  27.15,  27.16,  26.89,  26.77,  26.30,  26.35,  26.52,  26.66,  26.77,  26.57
20041204, 0000,  , TD,  7.5N,  51.3E,  30, 1000,    0,    0,    0,    0,    0,    0,    0,    0,    0,    0,    0,    0, -999,  27.56,  27.50,  27.49,  26.98,  27.00,  26.47,  26.44,  27.04,  27.02,  27.22,  26.88,  27.02,  26.91,  26.86,  26.23,  26.28,  26.34,  26.86,  27.08,  27.19,  27.32,  27.27,  27.25,  26.88,  26.74,  26.64,  26.63,  26.79,  26.44,  26.10,  25.73
20041204, 0600,  , TD,  6.9N,  50.3E,  30, 1000,    0,    0,    0,    0,    0,    0,    0,    0,    0,    0,    0,    0, -999,  27.73,  27.81,  27.94,  27.92,  27.61,  27.51,  27.47,  27.36,  27.15,  26.83,  27.05,  26.87,  26.49,  26.30,  25.80,  25.97,  26.12,  26.52,  26.78,  26.94,  27.47,  27.82,  27.61,  27.49,  27.27,  27.01,  26.91,  26.97,  26.74,  26.42,  26.54
20041204, 1200,  , DB,  6.1N,  49.2E,  25, 1002,    0,    0,    0,    0,    0,    0,    0,    0,    0,    0,    0,    0, -999,  27.33,  27.31,  27.35,  27.18,  27.36,  27.64,  27.70,  27.47,  27.28,  27.10,  26.95,  26.98,  26.84,  26.81,  26.01,  26.00,  25.76,  25.92,  26.32,  26.50,  26.40,  26.56,  26.67,  26.64,  26.59,  27.00,  26.74,  26.40,  26.43,  26.71,  26.84
20041204, 1800,  , DB,  4.6N,  47.9E,  25, 1002,    0,    0,    0,    0,    0,    0,    0,    0,    0,    0,    0,    0, -999,    nan,    nan,    nan,    nan,    nan,    nan,    nan,    nan,    nan,    nan,    nan,    nan,    nan,    nan,    nan,    nan,    nan,    nan,    nan,    nan,    nan,    nan,    nan,    nan,    nan,    nan,    nan,    nan,    nan,    nan,    nan
20041205, 0000,  , DB,  3.4N,  46.4E,  25, 1002,    0,    0,    0,    0,    0,    0,    0,    0,    0,    0,    0,    0, -999,    nan,    nan,    nan,    nan,    nan,    nan,    nan,    nan,    nan,    nan,    nan,    nan,    nan,    nan,    nan,    nan,    nan,    nan,    nan,    nan,    nan,    nan,    nan,    nan,    nan,    nan,    nan,    nan,    nan,    nan,    nan
20041205, 0600,  , DB,  1.9N,  46.5E,  20, 1004,    0,    0,    0,    0,    0,    0,    0,    0,    0,    0,    0,    0, -999,  27.12,  26.78,  26.96,  27.20,  27.45,  27.48,  27.49,  27.50,  27.57,  26.39,  26.37,  26.89,  27.14,  27.73,  28.04,  28.06,  27.72,  27.48,  27.13,  27.75,  27.51,  27.52,  27.28,  27.33,  27.35,  28.09,  27.46,  27.96,  27.74,  27.81,  27.49
