IO052010,                JAL,     30,
20101031, 1800,  , DB,  6.3N, 104.5E,  15, 1005,    0,    0,    0,    0,    0,    0,    0,    0,    0,    0,    0,    0, -999,  29.87,  29.99,  29.94,  29.82,  29.79,  29.79,  29.73,  29.71,  29.63,  29.58,  29.45,  29.43,  29.44,  29.59,  29.32,  29.40,  29.28,  29.26,  29.12,  29.16,  28.92,  28.87,  28.74,  28.67,  28.69,  28.53,  28.52,  28.62,  28.59,  28.74,  28.54
20101101, 0000,  , DB,  6.0N, 103.5E,  20, 1004,    0,    0,    0,    0,    0,    0,    0,    0,    0,    0,    0,    0, -999,  30.23,  30.16,  30.05,  30.06,  30.08,  30.07,  30.07,  30.07,  30.03,  29.94,  29.92,  29.89,  30.03,  29.81,  29.91,  29.90,  29.94,  29.83,  29.82,  29.59,  29.46,  29.30,  29.22,  29.27,  29.12,  29.13,  29.14,  29.09,  29.20,  29.00,  28.90
20101101, 0600,  , DB,  6.5N, 102.6E,  20, 1007,    0,    0,    0,    0,    0,    0,    0,    0,    0,    0,    0,    0, -999,  30.00,  29.91,  29.85,  29.92,  29.82,  29.80,  29.80,  29.96,  29.98,  29.84,  29.83,  29.84,  29.89,  29.78,  29.72,  29.62,  29.51,  29.44,  29.46,  29.36,  29.32,  29.15,  29.12,  29.19,  29.10,  29.15,  29.16,  29.08,  29.20,  29.00,  28.95
20101101, 1200,  , DB,  7.1N, 101.7E,  20, 1007,    0,    0,    0,    0,    0,    0,    0,    0,    0,    0,    0,    0, -999,  29.98,  29.84,  29.77,  29.93,  29.64,  29.62,  29.61,  29.86,  29.93,  29.74,  29.73,  29.76,  29.83,  29.79,  29.75,  29.62,  29.55,  29.48,  29.47,  29.43,  29.43,  29.24,  29.20,  29.24,  29.12,  29.09,  29.08,  28.98,  29.01,  28.71,  28.66
20101101, 1800,  , DB,  7.6N, 100.7E,  20, 1007,    0,    0,    0,    0,    0,    0,    0,    0,    0,    0,    0,    0, -999,    nan,    nan,    nan,    nan,    nan,    nan,    nan,    nan,    nan,    nan,    nan,    nan,    nan,    nan,    nan,    nan,    nan,    nan,    nan,    nan,    nan,    nan,    nan,    nan,    nan,    nan,    nan,    nan,    nan,    nan,    nan
20101102, 0000,  , DB,  7.7N,  98.9E,  20, 1007,    0,    0,    0,    0,    0,    0,    0,    0,    0,    0,    0,    0, -999,    nan,    nan,    nan,    nan,    nan,    nan,    nan,    nan,    nan,    nan,    nan,    nan,    nan,    nan,    nan,    nan,    nan,    nan,    nan,    nan,    nan,    nan,    nan,    nan,    nan,    nan,    nan,    nan,    nan,    nan,    nan
20101102, 0600,  , DB,  8.4N,  97.9E,  20, 1007,    0,    0,    0,    0,    0,    0,    0,    0,    0,    0,    0,    0, -999,  28.95,  29.19,  29.21,  29.40,  29.39,  29.34,  29.01,  28.88,  28.81,  28.72,  28.72,  28.72,  28.65,  28.69,  28.63,  28.62,  28.48,  28.10,  27.96,  27.87,  27.96,  27.99,  28.02,  28.09,  28.20,  28.20,  28.21,  28.20,  28.19,  28.12,  28.13
20101102, 1200,  , DB,  8.3N,  96.9E,  20, 1007,    0,    0,    0,    0,    0,    0,    0,    0,    0,    0,    0,    0, -999,  27.78,  27.95,  28.06,  28.37,  28.33,  28.23,  28.29,  28.36,  28.51,  28.56,  28.55,  28.59,  28.44,  28.38,  27.97,  27.88,  27.16,  27.19,  27.51,  27.68,  28.06,  28.41,  28.81,  28.57,  28.69,  28.34,  28.34,  28.30,  28.48,  28.85,  28.92
20101102, 1800,  , TD,  8.3N,  95.9E,  25, 1004,    0,    0,    0,    0,    0,    0,    0,    0,    0,    0,    0,    0, -999,  28.06,  28.20,  28.35,  28.62,  28.61,  28.54,  28.75,  28.79,  28.89,  28.80,  28.67,  28.66,  28.52,  28.49,  28.29,  28.15,  27.68,  27.52,  27.73,  27.66,  27.84,  27.99,  28.00,  27.64,  27.86,  28.01,  28.59,  28.78,  28.87,  29.02,  28.77
20101103, 0000,  , TD,  8.3N,  94.9E,  25, 1004,    0,    0,    0,    0,    0,    0,    0,    0,    0,    0,    0,    0, -999,  28.70,  28.68,  28.72,  28.72,  28.58,  28.74,  28.85,  29.04,  28.85,  28.68,  28.56,  28.64,  28.67,  28.75,  28.44,  28.02,  27.50,  27.76,  27.85,  28.08,  28.31,  28.50,  28.87,  28.48,  28.50,  28.38,  28.47,  28.57,  29.09,  29.21,  29.14
20101103, 0600,  , TD,  8.3N,  94.0E,  25, 1004,    0,    0,    0,    0,    0,    0,    0,    0,    0,    0,    0,    0, -999,  28.67,  28.76,  28.81,  28.93,  29.01,  28.79,  28.84,  29.06,  28.99,  29.09,  29.13,  29.31,  29.20,  29.20,  29.63,  29.68,  29.31,  29.21,  28.85,  28.14,  28.37,  28.61,  28.71,  28.89,  28.85,  28.87,  29.15,  28.96,  29.04,  29.17,  29.24
20101103, 1200,  , TD,  8.3N,  93.2E,  25, 1004,    0,    0,    0,    0,    0,    0,    0,    0,    0,    0,    0,    0, -999,  28.36,  28.38,  28.50,  28.50,  28.51,  28.62,  28.63,  28.85,  28.84,  28.64,  28.73,  28.51,  28.67,  28.76,  28.55,  28.32,  28.10,  28.26,  28.32,  28.26,  27.97,  28.23,  28.52,  28.41,  28.24,  28.22,  28.19,  28.27,  28.19,  28.31,  28.45
20101103, 1800,  , TD,  8.4N,  92.3E,  30, 1000,    0,    0,    0,    0,    0,    0,    0,    0,    0,    0,    0,    0, -999,  28.67,  28.59,  28.51,  28.48,  28.66,  28.77,  28.77,  28.69,  28.52,  28.20,  28.38,  28.63,  28.59,  28.67,  28.84,  28.48,  28.24,  28.33,  28.67,  28.44,  28.36,  28.26,  28.05,  27.90,  27.79,  28.10,  28.25,  28.41,  28.07,  28.14,  28.08
20101104, 0000,  , TD,  8.5N,  91.5E,  30, 1000,    0,    0,    0,    0,    0,    0,    0,    0,    0,    0,    0,    0, -999,  28.44,  28.04,  27.60,  27.85,  28.16,  28.49,  28.41,  28.62,  28.37,  28.46,  28.54,  28.48,  28.37,  28.50,  28.35,  28.29,  28.59,  28.66,  28.38,  27.99,  27.77,  27.61,  27.71,  27.85,  27.84,  27.67,  27.85,  27.95,  27.64,  28.06,  27.97
20101104, 0600,  , TD,  8.7N,  90.8E,  30, 1000,    0,    0,    0,    0,    0,    0,    0,    0,    0,    0,    0,    0, -999,  28.34,  28.20,  27.98,  28.13,  28.44,  28.56,  28.63,  28.75,  28.54,  28.67,  28.71,  28.60,  28.68,  28.56,  28.50,  28.65,  28.45,  28.08,  28.02,  28.16,  28.03,  27.99,  27.91,  27.82,  28.00,  27.80,  27.94,  28.08,  28.30,  28.09,  28.05
20101104, 1200,  , TS,  8.8N,  90.0E,  35,  996,    0,    0,    0,    0,    0,    0,    0,    0,    0,    0,    0,    0, -999,  28.34,  27.68,  27.38,  27.82,  28.11,  28.10,  28.55,  28.63,  28.19,  28.33,  28.65,  28.84,  28.71,  28.61,  28.46,  28.29,  28.36,  28.39,  28.13,  28.51,  27.89,  28.01,  28.29,  28.36,  28.63,  28.49,  28.26,  28.19,  28.16,  27.52,  27.74
20101104, 1800,  , TS,  9.0N,  89.3E,  35,  996,    0,    0,    0,    0,    0,    0,    0,    0,    0,    0,    0,    0, -999,  29.27,  28.69,  28.29,  28.79,  29.15,  29.41,  29.73,  29.57,  29.08,  29.00,  29.03,  29.03,  29.24,  29.11,  28.77,  28.61,  28.45,  28.09,  28.25,  28.25,  28.27,  28.38,  28.37,  28.55,  28.67,  28.60,  28.52,  28.43,  28.42,  28.27,  28.30
20101105, 0000,  , TS,  9.2N,  88.6E,  45,  989,   50,   45,   45,   50,    0,    0,    0,    0,    0,    0,    0,    0, -999,  28.87,  27.68,  28.91,  28.90,  29.05,  29.65,  29.15,  28.89,  28.78,  28.97,  29.43,  29.36,  29.06,  28.54,  28.66,  28.68,  28.86,  29.04,  28.97,  28.95,  28.94,  29.08,  29.13,  29.24,  29.24,  29.19,  28.99,  28.87,  28.60,  28.82,  28.90
20101105, 0600,  , TS,  9.4N,  87.9E,  45,  989,   55,   45,   50,   55,    0,    0,    0,    0,    0,    0,    0,    0, -999,  26.90,  26.24,  28.17,  28.42,  28.26,  28.83,  28.17,  27.92,  27.83,  28.17,  28.66,  28.50,  28.27,  28.80,  28.84,  28.76,  28.76,  28.66,  28.85,  28.74,  27.33,  28.50,  28.85,  28.17,  28.63,  28.75,  28.20,  28.24,  27.87,  28.34,  27.10
20101105, 1200,  , TS,  9.7N,  87.1E,  45,  989,   55,   45,   50,   60,    0,    0,    0,    0,    0,    0,    0,    0, -999,  25.78,  23.33,  22.75,  21.52,  20.61,  26.24,  28.49,  29.54,  29.58,  29.59,  29.12,  28.46,  28.05,  28.62,  28.95,  28.90,  27.42,  27.23,  27.03,  28.54,  27.44,  27.29,  26.70,  27.58,  25.60,  28.02,  27.77,  27.40,  27.78,  26.85,  27.09
20101105, 1800,  , TS, 10.1N,  86.5E,  55,  982,   65,   55,   60,   70,   20,   20,   20,   20,    0,    0,    0,    0, -999,  27.06,  26.07,  24.18,  23.07,  22.42,  22.86,  23.23,  24.50,  27.58,  28.26,  28.83,  27.75,  27.85,  28.97,  28.07,  28.32,  28.66,  25.83,  26.65,  26.86,  27.02,  26.94,  26.48,  28.24,  27.75,  28.01,  27.30,  26.79,  27.40,  26.78,  28.46
20101106, 0000,  , TS, 10.4N,  86.0E,  55,  982,   90,   75,   90,   85,   25,   25,   30,   30,    0,    0,    0,    0, -999,  26.10,  25.59,  25.57,  26.15,  24.94,  23.64,  24.53,  25.42,  24.92,  26.19,  26.18,  25.82,  26.77,  27.63,  27.84,  27.89,  24.82,  23.97,  26.40,  27.83,  27.37,  27.39,  26.14,  24.79,  26.33,  25.15,  25.99,  27.05,  26.79,  26.35,  25.92
20101106, 0600,  , TS, 10.7N,  85.5E,  55,  982,   90,   75,   90,   90,   30,   25,   30,   30,    0,    0,    0,    0, -999,  27.45,  26.86,  26.65,  27.11,  27.37,  28.48,  28.48,  27.25,  26.73,  27.94,  25.05,  24.69,  25.63,  27.05,  28.99,  27.12,  22.61,  24.55,  28.39,  25.62,  27.14,  26.28,  26.82,  25.70,  25.70,  26.45,  26.10,  26.09,  25.87,  26.44,  26.24
20101106, 1200,  , TS, 11.2N,  84.7E,  55,  982,   90,   75,   90,   90,   30,   25,   30,   30,    0,    0,    0,    0, -999,  26.96,  26.89,  26.24,  25.16,  24.78,  25.54,  27.35,  28.44,  29.55,  28.30,  26.98,  28.91,  25.82,  27.05,  24.21,  28.82,  23.87,  25.57,  27.34,  25.30,  28.01,  26.50,  27.94,  27.05,  27.38,  25.84,  25.61,  24.51,  24.14,  26.33,  26.44
20101106, 1800,  , TS, 11.6N,  83.9E,  55,  982,  100,   80,   90,  100,   40,   30,   35,   40,    0,    0,    0,    0, -999,  25.68,  27.24,  27.66,  26.57,  25.71,  25.85,  25.91,  25.03,  26.81,  29.09,  28.76,  29.44,  28.33,  29.33,  29.89,  29.24,  28.59,  26.56,  28.48,  26.55,  27.89,  28.30,  28.34,  28.03,  27.68,  28.00,  28.35,  28.47,  27.74,  28.72,  28.49
20101107, 0000,  , TS, 12.1N,  82.9E,  45,  989,  100,   80,   90,  100,    0,    0,    0,    0,    0,    0,    0,    0, -999,  26.64,  25.52,  27.28,  27.47,  28.70,  27.55,  27.00,  26.67,  26.16,  25.66,  27.73,  29.57,  30.68,  30.76,  30.33,  29.51,  25.00,  29.09,  26.87,  28.83,  26.91,  28.77,  28.70,  28.26,  28.00,  28.17,  27.88,  27.96,  28.51,  28.36,  28.43
20101107, 0600,  , TS, 12.5N,  81.8E,  45,  989,   85,   80,   85,   85,    0,    0,    0,    0,    0,    0,    0,    0, -999,  28.88,  28.96,  28.84,  28.77,  28.84,  28.67,  28.95,  29.08,  28.90,  29.04,  29.08,  29.19,  29.25,  29.30,  29.25,  28.27,  27.75,  27.75,  27.32,  26.77,  27.58,  26.90,  28.73,  27.08,  28.84,  25.88,  27.87,  27.86,  27.97,  27.73,  27.52
20101107, 1200,  , TS, 12.9N,  81.2E,  40,  993,   65,   60,   60,   60,    0,    0,    0,    0,    0,    0,    0,    0, -999,  28.51,  28.50,  28.14,  27.86,  28.17,  28.28,  28.75,  29.19,  29.03,  28.89,  28.57,  28.41,  28.25,  27.91,  27.57,  27.01,  26.77,  27.93,  28.14,  28.28,  28.28,  28.35,  28.17,  27.75,  27.58,  28.01,  28.15,  27.72,  27.66,  27.86,  27.18
20101107, 1800,  , TS, 13.3N,  80.0E,  35,  996,   65,   60,   60,   60,    0,    0,    0,    0,    0,    0,    0,    0, -999,    nan,    nan,    nan,    nan,    nan,    nan,    nan,    nan,    nan,    nan,    nan,    nan,    nan,    nan,    nan,    nan,    nan,    nan,    nan,    nan,    nan,    nan,    nan,    nan,    nan,    nan,    nan,    nan,    nan,    nan,    nan
20101108, 0000,  , TD, 14.7N,  78.6E,  30, 1000,    0,    0,    0,    0,    0,    0,    0,    0,    0,    0,    0,    0, -999,    nan,    nan,    nan,    nan,    nan,    nan,    nan,    nan,    nan,    nan,    nan,    nan,    nan,    nan,    nan,    nan,    nan,    nan,    nan,    nan,    nan,    nan,    nan,    nan,    nan,    nan,    nan,    nan,    nan,    nan,    nan
