IO052015,               MEGH,     25,
20151104, 1200,  , DB, 14.0N,  66.9E,  20, 1007,    0,    0,    0,    0,    0,    0,    0,    0,    0,    0,    0,    0, -999,  35.52,  35.21,  35.46,  35.63,  35.06,  35.38,  35.28,  35.41,  35.48,  35.35,  35.22,  35.02,  35.00,  34.96,  34.80,  34.97,  35.20,  35.17,  35.04,  34.84,  34.81,  34.69,  35.31,  35.44,  35.35,  35.72,  35.51,  35.80,  35.73,  35.90,  35.19
20151104, 1800,  , TD, 14.0N,  66.4E,  25, 1004,    0,    0,    0,    0,    0,    0,    0,    0,    0,    0,    0,    0, -999,  35.64,  35.48,  35.73,  35.62,  35.48,  35.52,  35.65,  35.67,  35.75,  35.90,  35.76,  35.37,  35.30,  35.30,  35.16,  35.31,  35.30,  35.07,  35.21,  34.92,  34.92,  34.66,  35.25,  35.38,  35.44,  35.54,  35.61,  36.02,  35.67,  35.95,  35.50
20151105, 0000,  , TD, 14.1N,  65.8E,  30, 1000,    0,    0,    0,    0,    0,    0,    0,    0,    0,    0,    0,    0, -999,  35.85,  35.87,  35.61,  35.45,  35.87,  35.73,  36.01,  35.95,  35.96,  35.96,  35.68,  35.65,  35.79,  35.85,  35.96,  35.86,  36.08,  36.20,  36.36,  36.35,  36.10,  36.22,  36.29,  36.26,  36.17,  36.24,  36.40,  36.44,  36.39,  36.35,  36.31
20151105, 0600,  , TS, 14.0N,  64.8E,  35,  996,    0,    0,    0,    0,    0,    0,    0,    0,    0,    0,    0,    0, -999,  36.21,  36.30,  36.35,  36.31,  36.30,  36.21,  36.14,  36.08,  35.97,  35.89,  35.97,  36.18,  36.24,  36.17,  36.10,  36.09,  36.02,  35.98,  36.06,  36.15,  36.26,  36.29,  36.22,  36.24,  36.27,  36.06,  35.99,  36.02,  35.98,  36.12,  35.71
20151105, 1200,  , TS, 13.9N,  63.9E,  35,  996,    0,    0,    0,    0,    0,    0,    0,    0,    0,    0,    0,    0, -999,  35.90,  36.06,  36.11,  35.99,  35.97,  35.96,  35.88,  35.98,  35.91,  35.95,  36.13,  36.41,  36.32,  36.35,  36.05,  36.06,  36.23,  36.25,  36.16,  36.13,  36.13,  36.16,  36.11,  36.10,  36.12,  36.09,  36.05,  35.96,  35.93,  35.95,  35.85
20151105, 1800,  , TS, 13.7N,  63.2E,  40,  993,   40,   40,   45,   45,    0,    0,    0,    0,    0,    0,    0,    0, -999,  36.03,  36.02,  35.85,  35.65,  35.77,  35.96,  36.07,  36.30,  35.86,  35.72,  35.78,  35.30,  35.55,  35.54,  35.96,  35.99,  36.01,  35.74,  36.01,  36.03,  36.14,  35.90,  36.02,  36.00,  36.05,  36.09,  36.19,  35.78,  35.77,  35.88,  35.97
20151106, 0000,  , TS, 13.5N,  62.5E,  40,  993,   40,   40,   45,   45,    0,    0,    0,    0,    0,    0,    0,    0, -999,  36.27,  35.82,  35.80,  35.85,  35.91,  35.88,  36.05,  36.08,  36.02,  35.82,  35.33,  35.37,  35.44,  35.69,  35.73,  35.75,  35.79,  35.85,  35.69,  35.82,  35.93,  35.84,  36.14,  35.87,  36.05,  36.16,  36.02,  35.92,  36.02,  35.93,  36.06
20151106, 0600,  , TS, 13.3N,  61.9E,  45,  989,   50,   50,   45,   55,    0,    0,    0,    0,    0,    0,    0,    0, -999,  36.04,  35.97,  35.84,  35.90,  35.80,  35.74,  35.72,  35.57,  35.61,  35.58,  35.26,  35.51,  35.53,  35.55,  35.56,  35.57,  35.59,  35.68,  35.65,  35.65,  35.64,  35.69,  35.78,  35.76,  35.71,  35.74,  35.62,  35.54,  35.63,  35.68,  35.73
20151106, 1200,  , TS, 13.1N,  61.3E,  45,  989,   55,   45,   45,   55,    0,    0,    0,    0,    0,    0,    0,    0, -999,  36.26,  36.22,  35.88,  35.86,  35.88,  35.93,  35.96,  35.90,  35.84,  35.81,  35.64,  35.72,  35.79,  35.65,  35.79,  35.71,  35.68,  35.62,  35.66,  35.70,  35.64,  35.69,  35.73,  35.69,  35.66,  35.65,  35.61,  35.64,  35.64,  35.66,  35.57
20151106, 1800,  , TS, 12.9N,  60.7E,  45,  989,   35,   30,   30,   35,    0,    0,    0,    0,    0,    0,    0,    0, -999,  36.22,  36.17,  35.87,  35.78,  35.81,  35.84,  35.82,  35.73,  35.74,  35.81,  35.81,  36.00,  35.90,  35.94,  35.96,  35.75,  35.91,  35.88,  35.95,  35.89,  35.95,  35.88,  35.79,  35.73,  35.65,  35.67,  35.64,  35.66,  35.62,  35.61,  35.57
20151107, 0000,  , TS, 12.8N,  60.0E,  55,  982,   50,   40,   40,   50,    0,    0,    0,    0,    0,    0,    0,    0, -999,  35.97,  35.56,  35.92,  35.71,  35.84,  35.88,  35.94,  36.01,  36.07,  36.00,  36.02,  36.39,  35.94,  35.96,  36.07,  36.12,  36.12,  36.23,  36.00,  36.02,  35.96,  36.11,  36.06,  36.03,  36.07,  35.59,  35.92,  35.91,  35.85,  35.60,  35.86
20151107, 0600,  , HU, 12.7N,  59.3E,  65,  974,   40,   40,   35,   40,   15,   15,   15,   15,    0,    0,    0,    0, -999,  36.02,  35.76,  35.69,  35.74,  35.74,  35.66,  36.05,  36.04,  36.00,  35.95,  36.29,  36.20,  36.00,  36.00,  36.07,  36.04,  35.79,  35.92,  35.54,  35.94,  35.94,  35.89,  35.85,  35.92,  36.02,  35.93,  35.93,  36.11,  36.10,  36.10,  36.07
20151107, 1200,  , HU, 12.8N,  58.3E,  80,  963,   55,   45,   45,   55,   25,   20,   20,   25,   10,   10,   10,   10, -999,  35.99,  35.78,  35.80,  35.77,  35.75,  35.65,  35.72,  35.77,  35.64,  35.67,  35.59,  35.62,  35.86,  35.74,  35.94,  35.74,  35.66,  35.79,  35.45,  35.57,  35.61,  35.58,  35.64,  35.63,  35.65,  35.75,  35.65,  35.67,  35.64,  35.62,  35.55
20151107, 1800,  , HU, 12.8N,  57.3E,  90,  956,   45,   45,   40,   40,   25,   25,   25,   25,   15,   15,   15,   15, -999,  36.13,  36.15,  35.61,  35.73,  35.80,  35.65,  35.85,  36.08,  35.75,  35.77,  35.85,  35.91,  35.63,  35.53,  35.55,  35.45,  35.51,  35.58,  35.59,  35.60,  35.57,  35.57,  35.59,  35.46,  35.66,  35.76,  35.34,  35.41,  35.45,  35.59,  35.67
20151108, 0000,  , HU, 12.7N,  56.1E, 105,  944,   45,   40,   40,   45,   25,   25,   25,   25,   15,   15,   15,   15, -999,  35.77,  35.69,  35.58,  35.70,  35.74,  35.76,  35.83,  35.79,  35.75,  35.95,  35.84,  35.77,  35.68,  35.78,  35.69,  35.68,  35.56,  35.63,  35.64,  35.72,  35.76,  35.71,  35.79,  35.66,  35.61,  35.54,  35.61,  35.68,  35.84,  35.68,  35.57
20151108, 0600,  , HU, 12.6N,  54.9E, 110,  941,   45,   40,   40,   45,   25,   25,   25,   25,   15,   15,   15,   15, -999,  35.23,  35.27,  35.15,  35.17,  35.68,  35.62,  35.72,  36.05,  35.96,  35.84,  35.84,  35.89,  35.84,  35.80,  35.83,  35.77,  35.70,  35.66,  35.61,  35.48,  35.65,  35.73,  35.84,  35.87,  35.84,  35.99,  35.72,  35.69,  35.68,  35.69,  35.71
20151108, 1200,  , HU, 12.6N,  53.5E,  95,  952,   60,   55,   55,   60,   30,   30,   30,   30,   20,   20,   20,   20, -999,    nan,    nan,    nan,    nan,    nan,    nan,    nan,    nan,    nan,    nan,    nan,    nan,    nan,    nan,    nan,    nan,    nan,    nan,    nan,    nan,    nan,    nan,    nan,    nan,    nan,    nan,    nan,    nan,    nan,    nan,    nan
20151108, 1800,  , HU, 12.4N,  52.1E,  80,  963,   60,   55,   55,   60,   30,   30,   30,   30,   20,   20,   20,   20, -999,  36.30,  36.09,  36.07,  35.81,  35.94,  36.07,  35.98,  35.88,  36.00,  35.92,  35.66,  35.83,  35.82,  35.60,  35.83,  35.45,  35.28,  35.45,  35.68,  35.49,  35.84,  35.93,  35.83,  36.03,  36.00,  36.00,  36.15,  35.96,  35.89,  35.89,  35.91
20151109, 0000,  , HU, 12.2N,  50.8E,  70,  970,   60,   55,   55,   60,   30,   30,   30,   30,   20,   20,   20,   20, -999,  35.38,  35.39,  35.35,  35.35,  35.34,  35.36,  35.39,  35.38,  35.36,  35.50,  35.57,  35.77,  35.68,  35.71,  35.73,  35.72,  35.61,  35.78,  35.81,  35.84,  35.80,  35.58,  35.59,  35.54,  35.55,  35.51,  35.54,  35.56,  35.56,  35.74,  35.70
20151109, 0600,  , TS, 12.2N,  49.5E,  60,  978,   55,   55,   60,   55,   30,   30,   30,   30,    0,    0,    0,    0, -999,  35.90,  35.91,  35.84,  35.84,  35.88,  35.74,  35.71,  35.66,  35.59,  35.59,  35.60,  35.69,  35.65,  35.59,  35.63,  35.62,  35.59,  35.85,  35.96,  36.16,  36.23,  35.84,  36.00,  36.04,  36.06,  35.94,  35.76,  35.49,  35.42,  35.44,  35.41
20151109, 1200,  , TS, 12.4N,  48.6E,  50,  985,   55,   55,   55,   55,    0,    0,    0,    0,    0,    0,    0,    0, -999,  35.80,  35.81,  35.81,  35.72,  35.75,  35.79,  35.75,  35.76,  35.82,  35.77,  35.75,  35.74,  35.67,  35.66,  35.72,  35.67,  35.63,  35.62,  35.45,  35.30,  35.19,  35.14,  35.32,  35.64,  35.88,  35.89,  36.14,  36.01,  35.94,  35.70,  35.66
20151109, 1800,  , TS, 12.6N,  48.1E,  40,  993,   55,   55,   55,   55,    0,    0,    0,    0,    0,    0,    0,    0, -999,  35.66,  35.73,  35.77,  35.78,  35.79,  35.78,  35.83,  35.89,  35.81,  35.79,  35.72,  35.71,  35.71,  35.76,  35.86,  35.81,  35.71,  35.60,  35.54,  35.38,  35.49,  35.53,  35.43,  35.77,  35.83,  35.90,  35.85,  35.70,  35.90,  36.10,  36.18
20151110, 0000,  , TD, 12.8N,  47.6E,  30, 1000,    0,    0,    0,    0,    0,    0,    0,    0,    0,    0,    0,    0, -999,  35.87,  35.80,  35.80,  35.80,  35.86,  35.82,  35.79,  35.76,  35.85,  35.71,  35.69,  35.59,  35.69,  35.80,  35.66,  35.64,  35.74,  35.51,  35.61,  35.65,  35.44,  35.52,  35.48,  35.29,  35.53,  35.88,  35.79,  35.53,  35.67,  36.24,  36.04
20151110, 0600,  , TD, 13.2N,  47.1E,  25, 1004,    0,    0,    0,    0,    0,    0,    0,    0,    0,    0,    0,    0, -999,  36.00,  35.95,  35.93,  35.93,  35.98,  36.04,  35.94,  35.84,  35.72,  35.70,  35.69,  35.92,  35.94,  35.89,  35.76,  35.67,  35.82,  35.48,  35.66,  35.87,  35.86,  35.83,  35.68,  35.58,  35.63,  35.49,  35.57,  35.59,  35.63,  35.96,  36.05
20151110, 1200,  , DB, 13.7N,  46.7E,  20, 1007,    0,    0,    0,    0,    0,    0,    0,    0,    0,    0,    0,    0, -999,    nan,    nan,    nan,    nan,    nan,    nan,    nan,    nan,    nan,    nan,    nan,    nan,    nan,    nan,    nan,    nan,    nan,    nan,    nan,    nan,    nan,    nan,    nan,    nan,    nan,    nan,    nan,    nan,    nan,    nan,    nan
