IO062018,              TITLI,     18,
20181008, 0000,  , DB, 14.2N,  88.4E,  20, 1007,    0,    0,    0,    0,    0,    0,    0,    0,    0,    0,    0,    0, -999,  24.38,  25.32,  25.30,  25.99,  26.01,  24.89,  26.27,  25.64,  25.64,  26.35,  25.61,  25.83,  26.88,  26.64,  25.90,  25.01,  28.18,  27.50,  27.98,  27.88,  27.77,  28.36,  27.87,  27.59,  27.08,  27.46,  28.01,  28.14,  27.91,  27.96,  28.40
20181008, 0600,  , TD, 14.2N,  88.0E,  25, 1005,    0,    0,    0,    0,    0,    0,    0,    0,    0,    0,    0,    0, -999,  24.12,  25.24,  26.15,  25.57,  24.59,  25.96,  25.13,  25.10,  23.79,  23.60,  24.43,  24.64,  26.02,  25.57,  24.91,  23.78,  26.20,  25.31,  27.55,  25.70,  27.51,  25.63,  27.34,  27.17,  27.21,  27.18,  26.51,  28.29,  27.05,  26.80,  26.72
20181008, 1200,  , TD, 14.3N,  87.6E,  30, 1002,    0,    0,    0,    0,    0,    0,    0,    0,    0,    0,    0,    0, -999,  24.36,  25.70,  25.53,  25.26,  24.76,  25.05,  25.08,  24.70,  24.12,  23.97,  24.83,  24.49,  25.46,  25.14,  24.54,  23.25,  24.38,  24.31,  23.65,  24.21,  27.93,  24.14,  26.70,  26.23,  26.08,  27.05,  26.00,  27.12,  27.47,  27.25,  25.86
20181008, 1800,  , TD, 14.4N,  87.3E,  30, 1000,    0,    0,    0,    0,    0,    0,    0,    0,    0,    0,    0,    0, -999,  24.41,  25.37,  25.28,  25.15,  24.62,  23.98,  24.98,  23.65,  23.67,  23.74,  24.88,  24.63,  25.04,  25.01,  24.31,  22.34,  23.21,  24.17,  22.62,  23.73,  24.00,  23.69,  26.03,  26.06,  25.53,  26.32,  25.31,  24.99,  27.63,  27.55,  25.07
20181009, 0000,  , TS, 14.6N,  87.1E,  35,  996,  105,  125,  120,  110,    0,    0,    0,    0,    0,    0,    0,    0, -999,  24.83,  24.83,  25.39,  24.29,  22.85,  24.86,  22.29,  22.16,  22.23,  24.78,  25.46,  25.20,  25.32,  24.90,  21.86,  22.21,  23.92,  23.25,  23.19,  23.45,  23.40,  24.49,  24.91,  24.87,  25.09,  23.88,  23.63,  23.15,  25.57,  24.18,  24.47
20181009, 0600,  , TS, 14.8N,  86.9E,  40,  993,   65,   45,   60,   80,    0,    0,    0,    0,    0,    0,    0,    0, -999,  25.14,  24.66,  25.32,  24.37,  23.91,  24.64,  23.78,  23.42,  23.05,  24.90,  25.33,  24.95,  25.07,  25.13,  21.84,  21.75,  24.21,  22.80,  23.28,  23.68,  23.42,  24.18,  24.62,  24.87,  25.26,  24.21,  23.30,  23.13,  23.79,  24.20,  24.08
20181009, 1200,  , TS, 15.1N,  86.8E,  45,  997,   90,  150,  120,  100,    0,    0,    0,    0,    0,    0,    0,    0, -999,  24.44,  24.17,  23.94,  23.55,  23.94,  23.46,  22.60,  21.86,  21.51,  23.50,  24.30,  23.31,  23.75,  24.38,  21.80,  21.39,  23.30,  21.53,  22.70,  24.07,  23.27,  24.23,  23.80,  23.69,  24.47,  24.61,  24.08,  22.93,  22.90,  24.77,  25.32
20181009, 1800,  , TS, 15.6N,  86.6E,  50,  985,  110,  125,   60,   70,    0,   45,    0,    0,    0,    0,    0,    0, -999,  23.59,  23.76,  22.64,  22.18,  23.95,  22.50,  23.64,  23.36,  23.16,  22.40,  22.82,  21.81,  21.81,  22.18,  21.44,  20.70,  22.42,  19.78,  20.85,  22.67,  20.80,  23.29,  22.62,  22.63,  23.74,  22.82,  23.07,  23.50,  22.84,  24.31,  24.31
20181010, 0000,  , HU, 16.1N,  86.2E,  65,  974,  120,  110,   80,  105,   60,   55,   35,   50,   30,   30,   20,   25, -999,  21.94,  22.12,  21.50,  22.28,  22.26,  22.20,  21.82,  21.84,  22.28,  22.48,  21.31,  20.63,  21.15,  20.78,  20.80,  21.05,  19.71,  19.57,  22.20,  19.34,  22.32,  20.59,  20.83,  20.91,  21.57,  22.45,  22.41,  22.22,  22.35,  22.20,  21.82
20181010, 0600,  , HU, 16.9N,  85.7E,  75,  976,  130,  115,   85,  100,   70,   60,   40,   60,   40,   25,   20,   30, -999,  21.76,  23.97,  23.80,  21.64,  22.77,  22.40,  22.84,  23.33,  23.48,  23.09,  23.01,  22.85,  21.84,  21.32,  21.02,  21.47,  19.37,  20.86,  21.02,  20.15,  20.91,  21.67,  20.90,  21.13,  23.62,  23.43,  23.44,  23.48,  22.26,  22.30,  21.80
20181010, 1200,  , HU, 17.6N,  85.3E,  90,  956,  155,  150,  115,  125,   85,   80,   60,   65,   45,   45,   30,   35, -999,  22.88,  24.27,  24.72,  23.53,  25.09,  25.01,  25.31,  25.67,  25.97,  25.76,  25.65,  24.94,  24.88,  23.49,  22.93,  26.63,  21.49,  24.25,  23.64,  25.42,  26.66,  24.42,  24.24,  22.96,  24.13,  24.61,  23.94,  24.58,  23.57,  22.88,  22.35
20181010, 1800,  , HU, 18.3N,  84.8E, 105,  944,  120,  135,  120,   95,   65,   75,   70,   50,   40,   40,   30,   25, -999,  25.93,  27.06,  26.97,  26.24,  27.18,  26.70,  27.12,  27.31,  27.10,  27.00,  27.47,  27.14,  27.19,  26.21,  26.81,  28.26,  27.12,  28.16,  27.24,  29.47,  26.34,  28.63,  27.99,  27.53,  26.30,  26.50,  26.67,  25.85,  24.84,  25.32,  25.39
20181011, 0000,  , HU, 18.7N,  84.3E, 100,  948,  150,  130,  115,   95,   80,   70,   60,   45,   45,   35,   30,   25, -999,    nan,    nan,    nan,    nan,    nan,    nan,    nan,    nan,    nan,    nan,    nan,    nan,    nan,    nan,    nan,    nan,    nan,    nan,    nan,    nan,    nan,    nan,    nan,    nan,    nan,    nan,    nan,    nan,    nan,    nan,    nan
20181011, 0600,  , HU, 19.0N,  83.9E,  80,  963,  150,  130,  100,   85,   65,   75,   50,   40,   30,   35,   25,   20, -999,    nan,    nan,    nan,    nan,    nan,    nan,    nan,    nan,    nan,    nan,    nan,    nan,    nan,    nan,    nan,    nan,    nan,    nan,    nan,    nan,    nan,    nan,    nan,    nan,    nan,    nan,    nan,    nan,    nan,    nan,    nan
20181011, 1200,  , HU, 19.5N,  83.8E,  65,  974,  140,  115,   90,   70,   60,   60,   40,   30,   25,   25,   20,   20, -999,    nan,    nan,    nan,    nan,    nan,    nan,    nan,    nan,    nan,    nan,    nan,    nan,    nan,    nan,    nan,    nan,    nan,    nan,    nan,    nan,    nan,    nan,    nan,    nan,    nan,    nan,    nan,    nan,    nan,    nan,    nan
20181011, 1800,  , TS, 19.9N,  84.1E,  55,  982,   75,   75,   75,   70,    0,    0,    0,    0,    0,    0,    0,    0, -999,    nan,    nan,    nan,    nan,    nan,    nan,    nan,    nan,    nan,    nan,    nan,    nan,    nan,    nan,    nan,    nan,    nan,    nan,    nan,    nan,    nan,    nan,    nan,    nan,    nan,    nan,    nan,    nan,    nan,    nan,    nan
20181012, 0000,  , TS, 20.6N,  84.7E,  40,  993,   75,   65,   75,   70,    0,    0,    0,    0,    0,    0,    0,    0, -999,    nan,    nan,    nan,    nan,    nan,    nan,    nan,    nan,    nan,    nan,    nan,    nan,    nan,    nan,    nan,    nan,    nan,    nan,    nan,    nan,    nan,    nan,    nan,    nan,    nan,    nan,    nan,    nan,    nan,    nan,    nan
20181012, 0600,  , TD, 21.3N,  85.5E,  30, 1000,    0,    0,    0,    0,    0,    0,    0,    0,    0,    0,    0,    0, -999,    nan,    nan,    nan,    nan,    nan,    nan,    nan,    nan,    nan,    nan,    nan,    nan,    nan,    nan,    nan,    nan,    nan,    nan,    nan,    nan,    nan,    nan,    nan,    nan,    nan,    nan,    nan,    nan,    nan,    nan,    nan
