SH012001,            UNNAMED,     11,
20000801, 0000,  , TD,  6.1S,  79.7E,  25,    0,    0,    0,    0,    0,    0,    0,    0,    0,    0,    0,    0,    0, -999,  34.98,  34.97,  34.97,  34.97,  34.95,  34.94,  34.94,  34.94,  34.96,  34.92,  34.99,  34.97,  34.99,  35.05,  35.19,  35.16,  35.17,  35.04,  35.03,  35.12,  35.08,  35.02,  34.98,  34.96,  34.93,  34.92,  35.00,  34.92,  34.96,  34.91,  34.90
20000801, 0600,  , TD,  6.1S,  78.9E,  30,    0,    0,    0,    0,    0,    0,    0,    0,    0,    0,    0,    0,    0, -999,  34.99,  34.98,  34.98,  34.99,  35.00,  35.00,  35.00,  35.00,  35.00,  34.99,  34.99,  35.00,  35.01,  35.01,  34.98,  35.08,  35.09,  35.20,  35.37,  35.14,  35.05,  35.02,  35.01,  34.98,  34.97,  34.96,  35.01,  34.89,  34.94,  34.93,  34.90
20000801, 1200,  , TD,  6.2S,  78.2E,  30,    0,    0,    0,    0,    0,    0,    0,    0,    0,    0,    0,    0,    0, -999,  35.05,  35.06,  35.09,  35.08,  35.07,  35.06,  35.04,  35.03,  35.03,  35.02,  34.99,  34.98,  34.99,  34.99,  34.96,  34.95,  34.76,  34.84,  34.91,  34.82,  35.19,  35.27,  35.07,  35.07,  35.28,  35.08,  35.18,  35.03,  34.68,  34.92,  34.74
20000801, 1800,  , TS,  6.2S,  77.7E,  35,    0,    0,    0,    0,    0,    0,    0,    0,    0,    0,    0,    0,    0, -999,  35.15,  35.17,  35.12,  35.12,  35.14,  35.13,  35.14,  35.15,  35.15,  35.13,  35.11,  35.10,  35.09,  35.08,  35.03,  35.01,  35.00,  35.08,  35.03,  35.09,  35.07,  35.03,  34.99,  34.99,  34.83,  34.94,  34.78,  34.94,  34.82,  34.87,  34.97
20000802, 0000,  , TS,  6.2S,  77.2E,  35,    0,    0,    0,    0,    0,    0,    0,    0,    0,    0,    0,    0,    0, -999,  35.18,  35.14,  35.22,  35.15,  35.16,  35.17,  35.13,  35.11,  35.10,  35.08,  35.06,  35.06,  35.07,  35.06,  35.05,  35.04,  35.00,  34.99,  34.98,  34.95,  34.86,  35.01,  34.95,  34.94,  34.89,  34.98,  35.01,  34.99,  34.90,  34.89,  34.74
20000802, 0600,  , TS,  6.1S,  76.9E,  35,    0,    0,    0,    0,    0,    0,    0,    0,    0,    0,    0,    0,    0, -999,  35.14,  35.14,  35.19,  35.16,  35.16,  35.13,  35.11,  35.10,  35.06,  35.07,  35.07,  35.06,  35.06,  35.05,  35.05,  35.04,  35.02,  35.14,  35.01,  35.05,  35.22,  35.29,  34.96,  34.93,  34.74,  34.90,  34.93,  34.83,  34.83,  34.87,  34.82
20000802, 1200,  , TS,  6.2S,  76.6E,  35,    0,    0,    0,    0,    0,    0,    0,    0,    0,    0,    0,    0,    0, -999,  35.19,  35.18,  35.17,  35.16,  35.16,  35.14,  35.10,  35.09,  35.06,  35.05,  35.03,  35.00,  35.00,  35.02,  35.02,  35.04,  35.03,  35.16,  35.01,  35.00,  35.37,  35.03,  34.98,  34.94,  34.78,  34.87,  34.89,  34.85,  34.91,  34.91,  34.90
20000802, 1800,  , TS,  6.5S,  76.1E,  35,    0,    0,    0,    0,    0,    0,    0,    0,    0,    0,    0,    0,    0, -999,  35.04,  35.10,  35.18,  35.16,  35.13,  35.14,  35.15,  35.11,  35.08,  35.03,  35.02,  35.03,  35.04,  35.05,  35.06,  35.05,  35.06,  35.05,  35.20,  35.21,  35.23,  35.07,  35.10,  35.17,  35.06,  35.11,  34.95,  34.91,  34.92,  34.89,  34.89
20000803, 0000,  , TS,  7.0S,  75.4E,  35,    0,    0,    0,    0,    0,    0,    0,    0,    0,    0,    0,    0,    0, -999,  34.92,  35.07,  35.12,  35.12,  35.12,  35.11,  35.11,  35.12,  35.11,  35.13,  35.11,  35.13,  35.14,  35.14,  35.12,  35.12,  35.18,  35.17,  35.27,  35.26,  35.17,  35.16,  35.12,  35.08,  35.04,  34.96,  34.93,  34.90,  34.91,  34.92,  34.95
20000803, 0600,  , TS,  7.6S,  74.6E,  35,    0,    0,    0,    0,    0,    0,    0,    0,    0,    0,    0,    0,    0, -999,  34.89,  35.01,  34.90,  34.96,  34.99,  35.09,  35.21,  35.19,  35.05,  35.00,  34.93,  35.00,  35.03,  34.99,  35.09,  35.30,  35.20,  35.18,  35.19,  35.20,  35.14,  34.98,  34.78,  34.86,  35.02,  35.07,  35.05,  34.85,  34.94,  34.94,  34.99
20000803, 1200,  , TD,  8.2S,  73.9E,  30,    0,    0,    0,    0,    0,    0,    0,    0,    0,    0,    0,    0,    0, -999,  35.04,  35.04,  35.11,  35.08,  35.01,  35.04,  35.05,  35.05,  34.99,  34.97,  34.89,  34.90,  34.86,  34.86,  34.92,  34.81,  35.48,  35.27,  35.47,  35.19,  35.10,  35.12,  35.07,  35.05,  35.26,  35.09,  34.93,  34.76,  35.07,  35.05,  35.02
