SH012006,            UNNAMED,     15,
20051013, 1800,  , DB,  9.2S,  84.2E,  20, 1007,    0,    0,    0,    0,    0,    0,    0,    0,    0,    0,    0,    0, -999,  20.62,  21.30,  21.98,  22.22,  22.88,  23.06,  23.26,  24.93,  24.31,  23.73,  23.84,  23.15,  23.37,  25.12,  23.34,  24.57,  25.09,  23.85,  24.71,  24.62,  22.72,  23.19,  24.07,  24.95,  24.79,  24.41,  24.95,  27.26,  25.86,  25.39,  26.01
20051014, 0000,  , TD,  9.6S,  83.2E,  25, 1004,    0,    0,    0,    0,    0,    0,    0,    0,    0,    0,    0,    0, -999,  19.82,  20.44,  20.73,  21.05,  21.06,  21.11,  22.00,  20.86,  21.10,  20.18,  20.43,  21.78,  22.09,  22.84,  24.01,  22.65,  22.46,  22.21,  22.24,  23.87,  24.68,  25.16,  25.90,  25.01,  26.74,  26.25,  25.57,  24.74,  25.60,  25.13,  25.37
20051014, 0600,  , TD, 10.2S,  82.3E,  30, 1000,    0,    0,    0,    0,    0,    0,    0,    0,    0,    0,    0,    0, -999,  20.33,  20.85,  20.98,  20.87,  21.42,  21.27,  21.34,  21.10,  20.86,  20.17,  19.94,  21.60,  21.18,  21.57,  21.53,  20.82,  20.09,  20.28,  20.59,  20.75,  21.12,  21.04,  21.82,  22.04,  23.57,  22.44,  24.58,  25.35,  26.18,  23.85,  26.03
20051014, 1200,  , TS, 11.1S,  81.9E,  35,  997,    0,    0,    0,    0,    0,    0,    0,    0,    0,    0,    0,    0, -999,  20.26,  21.32,  20.87,  21.01,  21.45,  21.81,  21.91,  21.40,  21.02,  20.40,  20.97,  22.00,  21.40,  21.77,  21.10,  21.09,  19.34,  19.66,  20.31,  19.86,  19.80,  20.01,  19.90,  21.29,  21.51,  21.10,  20.93,  20.80,  21.91,  22.01,  24.64
20051014, 1800,  , TS, 12.0S,  81.4E,  40,  994,   40,   40,   40,   40,    0,    0,    0,    0,    0,    0,    0,    0, -999,  25.56,  26.77,  25.81,  26.46,  26.42,  26.91,  27.16,  27.22,  26.75,  22.64,  23.12,  23.94,  22.12,  24.29,  25.82,  23.25,  25.95,  21.74,  22.41,  21.90,  21.78,  23.75,  23.77,  23.42,  23.59,  24.79,  24.64,  22.79,  23.67,  22.00,  22.09
20051015, 0000,  , TS, 13.0S,  81.3E,  40,  994,   40,   40,   40,   40,    0,    0,    0,    0,    0,    0,    0,    0, -999,  25.36,  25.80,  25.79,  25.19,  25.48,  26.55,  26.49,  26.19,  25.61,  25.21,  24.94,  25.80,  26.26,  26.44,  26.39,  26.29,  26.41,  26.43,  25.78,  25.60,  25.50,  25.19,  24.55,  24.49,  24.54,  25.00,  25.20,  25.21,  25.39,  25.61,  26.26
20051015, 0600,  , TS, 13.5S,  81.0E,  35,  997,   40,   40,   40,   40,    0,    0,    0,    0,    0,    0,    0,    0, -999,  26.01,  25.79,  25.52,  25.40,  25.09,  25.20,  25.57,  26.32,  25.97,  25.29,  25.00,  25.05,  25.15,  25.75,  26.38,  26.33,  26.20,  26.25,  25.87,  25.88,  25.99,  26.25,  25.86,  25.73,  25.68,  25.98,  25.61,  25.32,  25.42,  25.25,  25.75
20051015, 1200,  , TS, 13.9S,  80.6E,  35,  996,    0,    0,    0,    0,    0,    0,    0,    0,    0,    0,    0,    0, -999,  24.55,  25.07,  25.74,  25.59,  25.45,  25.24,  24.77,  25.13,  25.46,  26.19,  25.97,  25.77,  25.22,  25.45,  25.51,  25.48,  25.44,  26.12,  25.83,  26.22,  26.41,  26.39,  26.10,  25.92,  25.96,  25.95,  26.01,  25.98,  25.55,  25.50,  25.55
20051015, 1800,  , TD, 14.2S,  80.0E,  25, 1002,    0,    0,    0,    0,    0,    0,    0,    0,    0,    0,    0,    0, -999,  25.26,  25.45,  24.97,  24.19,  24.53,  25.02,  25.32,  25.40,  25.27,  25.04,  25.43,  26.11,  25.99,  25.91,  25.98,  25.46,  24.82,  25.16,  24.66,  25.09,  25.88,  26.45,  26.24,  26.11,  26.16,  26.17,  26.21,  26.13,  26.19,  26.27,  25.90
20051016, 0000,  , DB, 14.5S,  79.4E,  20, 1004,    0,    0,    0,    0,    0,    0,    0,    0,    0,    0,    0,    0, -999,  25.55,  25.57,  25.34,  25.23,  25.18,  25.11,  25.23,  25.46,  24.85,  24.66,  24.50,  24.37,  24.77,  25.22,  25.61,  25.43,  25.35,  25.16,  25.20,  26.09,  26.48,  26.42,  26.54,  26.54,  26.50,  26.52,  26.51,  26.52,  26.58,  26.45,  26.42
20051016, 0600,  , DB, 14.8S,  78.8E,  20, 1004,    0,    0,    0,    0,    0,    0,    0,    0,    0,    0,    0,    0, -999,  24.78,  24.87,  24.77,  24.84,  24.98,  25.70,  25.86,  25.98,  25.52,  25.35,  25.24,  25.27,  25.10,  24.67,  24.25,  23.92,  23.13,  23.48,  23.52,  25.22,  25.52,  25.93,  25.29,  25.61,  25.78,  25.94,  26.25,  26.44,  26.41,  26.35,  26.18
20051016, 1200,  , DB, 15.0S,  78.3E,  20, 1004,    0,    0,    0,    0,    0,    0,    0,    0,    0,    0,    0,    0, -999,  24.64,  24.74,  24.69,  24.56,  24.27,  23.90,  23.90,  24.44,  24.82,  25.11,  25.26,  25.50,  25.57,  25.53,  25.25,  24.94,  24.65,  24.85,  24.44,  24.56,  24.02,  24.20,  24.82,  25.82,  25.83,  25.66,  25.77,  25.89,  26.08,  26.31,  26.04
20051016, 1800,  , EX, 15.1S,  77.8E,  20, 1004,    0,    0,    0,    0,    0,    0,    0,    0,    0,    0,    0,    0, -999,  24.16,  24.08,  23.95,  23.88,  23.99,  24.06,  23.89,  23.91,  24.48,  24.59,  24.85,  24.72,  25.21,  25.46,  25.42,  25.10,  24.56,  24.51,  23.91,  23.95,  24.30,  24.58,  24.82,  24.85,  24.74,  24.83,  25.38,  25.87,  26.11,  26.22,  26.24
20051017, 0000,  , EX, 15.0S,  77.3E,  15, 1006,    0,    0,    0,    0,    0,    0,    0,    0,    0,    0,    0,    0, -999,  23.99,  24.06,  24.23,  24.18,  24.00,  23.94,  24.28,  24.58,  24.74,  24.73,  24.77,  24.63,  24.98,  25.49,  25.41,  25.20,  25.36,  25.17,  25.27,  25.33,  25.18,  25.02,  25.20,  24.98,  24.54,  24.47,  25.17,  25.72,  26.05,  26.06,  25.87
20051017, 0600,  , EX, 14.9S,  76.9E,  15, 1006,    0,    0,    0,    0,    0,    0,    0,    0,    0,    0,    0,    0, -999,  24.01,  23.86,  23.97,  24.01,  24.27,  24.45,  24.69,  24.78,  24.82,  24.71,  24.71,  24.76,  24.86,  25.07,  25.32,  25.32,  25.34,  25.22,  25.30,  25.46,  25.30,  25.16,  25.18,  25.19,  24.75,  24.62,  24.78,  25.19,  25.44,  25.84,  26.04
