SH012000,            UNNAMED,     31,
19991210, 0000,  , LO,  9.4S,  97.4E,  20,    0,    0,    0,    0,    0,    0,    0,    0,    0,    0,    0,    0,    0, -999,  34.31,  34.36,  34.30,  34.39,  34.49,  34.52,  34.57,  34.61,  34.47,  34.42,  34.49,  34.48,  34.75,  34.68,  34.97,  35.00,  35.00,  34.79,  34.82,  34.92,  34.94,  34.92,  35.02,  34.91,  35.00,  35.04,  35.07,  34.86,  34.87,  34.76,  34.64
19991210, 0600,  , LO,  9.6S,  97.9E,  20,    0,    0,    0,    0,    0,    0,    0,    0,    0,    0,    0,    0,    0, -999,  34.51,  34.63,  34.60,  34.70,  34.68,  34.38,  34.33,  34.40,  34.33,  34.36,  34.37,  34.43,  34.65,  34.73,  34.81,  34.77,  34.77,  34.78,  34.76,  34.73,  34.71,  34.82,  34.82,  34.82,  34.73,  34.72,  34.71,  34.77,  34.78,  34.77,  34.70
19991210, 1200,  , LO,  9.8S,  98.3E,  25,    0,    0,    0,    0,    0,    0,    0,    0,    0,    0,    0,    0,    0, -999,  34.52,  34.54,  34.50,  34.40,  34.41,  34.61,  34.37,  34.91,  34.86,  34.89,  34.85,  34.94,  34.93,  34.86,  34.89,  34.84,  34.82,  34.80,  34.73,  34.72,  34.68,  34.73,  34.76,  34.80,  34.89,  34.83,  34.70,  34.67,  34.63,  34.61,  34.61
19991210, 1800,  , LO, 10.1S,  99.0E,  30,    0,    0,    0,    0,    0,    0,    0,    0,    0,    0,    0,    0,    0, -999,  34.45,  34.40,  34.59,  34.39,  34.45,  34.16,  34.31,  34.38,  34.37,  34.51,  34.52,  34.53,  34.67,  34.64,  34.66,  34.71,  34.71,  34.72,  34.66,  34.67,  34.64,  34.71,  34.77,  34.73,  34.70,  34.68,  34.71,  34.73,  34.74,  34.77,  34.68
19991211, 0000,  , LO, 10.5S,  99.6E,  30,    0,    0,    0,    0,    0,    0,    0,    0,    0,    0,    0,    0,    0, -999,  34.44,  34.53,  34.53,  34.56,  34.55,  34.42,  34.33,  34.34,  34.31,  34.20,  34.16,  34.23,  34.24,  34.50,  34.62,  34.77,  34.84,  34.76,  34.75,  34.70,  34.78,  34.78,  34.77,  34.72,  34.68,  34.68,  34.66,  34.63,  34.61,  34.59,  34.56
19991211, 0600,  , TS, 10.8S, 100.2E,  35,    0,    0,    0,    0,    0,    0,    0,    0,    0,    0,    0,    0,    0, -999,  34.51,  34.84,  34.80,  34.73,  34.67,  34.53,  34.42,  34.42,  34.29,  34.16,  34.15,  34.39,  34.52,  34.54,  34.74,  34.74,  34.61,  34.53,  34.53,  34.60,  34.61,  34.70,  34.72,  34.71,  34.69,  34.62,  34.61,  34.55,  34.49,  34.46,  34.44
19991211, 1200,  , TS, 11.2S, 100.9E,  40,    0,    0,    0,    0,    0,    0,    0,    0,    0,    0,    0,    0,    0, -999,  34.52,  34.55,  34.64,  34.62,  34.47,  34.56,  34.46,  34.42,  34.39,  34.18,  34.08,  34.09,  34.24,  34.45,  34.59,  34.90,  34.63,  34.52,  34.38,  34.41,  34.50,  34.60,  34.65,  34.72,  34.77,  34.75,  34.61,  34.53,  34.45,  34.40,  34.38
19991211, 1800,  , TS, 11.6S, 101.5E,  40,    0,    0,    0,    0,    0,    0,    0,    0,    0,    0,    0,    0,    0, -999,  34.54,  34.53,  34.60,  34.64,  34.65,  34.56,  34.53,  34.56,  34.55,  34.51,  34.57,  34.59,  34.53,  34.55,  34.49,  34.50,  34.43,  34.36,  34.45,  34.44,  34.45,  34.52,  34.56,  34.55,  34.60,  34.70,  34.72,  34.83,  34.86,  34.82,  34.79
19991212, 0000,  , TS, 11.9S, 102.0E,  40,    0,    0,    0,    0,    0,    0,    0,    0,    0,    0,    0,    0,    0, -999,  34.75,  34.49,  34.38,  34.34,  34.27,  34.22,  34.29,  34.42,  34.46,  34.56,  34.69,  34.74,  34.80,  34.81,  34.68,  34.64,  34.50,  34.62,  34.58,  34.49,  34.58,  34.61,  34.56,  34.55,  34.55,  34.59,  34.63,  34.67,  34.73,  34.75,  34.76
19991212, 0600,  , TS, 12.1S, 102.5E,  45,    0,    0,    0,    0,    0,    0,    0,    0,    0,    0,    0,    0,    0, -999,  34.77,  34.82,  34.81,  34.75,  34.62,  34.55,  34.45,  34.56,  34.69,  34.81,  34.81,  34.76,  34.67,  34.64,  34.58,  34.52,  34.46,  34.52,  34.45,  34.40,  34.47,  34.53,  34.51,  34.52,  34.51,  34.59,  34.56,  34.55,  34.58,  34.58,  34.60
19991212, 1200,  , TS, 12.3S, 102.8E,  45,    0,    0,    0,    0,    0,    0,    0,    0,    0,    0,    0,    0,    0, -999,  34.52,  34.52,  34.55,  34.69,  34.74,  34.75,  34.71,  34.68,  34.67,  34.63,  34.59,  34.57,  34.55,  34.51,  34.57,  34.58,  34.56,  34.50,  34.38,  34.34,  34.45,  34.54,  34.53,  34.57,  34.54,  34.61,  34.56,  34.53,  34.52,  34.51,  34.55
19991212, 1800,  , TS, 12.4S, 103.5E,  45,    0,    0,    0,    0,    0,    0,    0,    0,    0,    0,    0,    0,    0, -999,  34.76,  34.67,  34.67,  34.68,  34.62,  34.56,  34.59,  34.63,  34.66,  34.64,  34.55,  34.51,  34.54,  34.68,  34.65,  34.65,  34.62,  34.56,  34.49,  34.45,  34.49,  34.52,  34.53,  34.56,  34.53,  34.57,  34.57,  34.58,  34.57,  34.56,  34.57
19991213, 0000,  , TS, 12.4S, 104.2E,  50,    0,    0,    0,    0,    0,    0,    0,    0,    0,    0,    0,    0,    0, -999,  34.60,  34.59,  34.61,  34.61,  34.60,  34.62,  34.62,  34.61,  34.58,  34.71,  34.68,  34.73,  34.67,  34.66,  34.65,  34.55,  34.45,  34.44,  34.39,  34.40,  34.46,  34.44,  34.44,  34.43,  34.47,  34.46,  34.63,  34.57,  34.62,  34.61,  34.65
19991213, 0600,  , TS, 12.4S, 105.0E,  55,    0,    0,    0,    0,    0,    0,    0,    0,    0,    0,    0,    0,    0, -999,  34.67,  34.64,  34.69,  34.70,  34.64,  34.51,  34.54,  34.52,  34.53,  34.60,  34.66,  34.62,  34.70,  34.63,  34.72,  34.83,  34.81,  34.77,  34.74,  34.68,  34.64,  34.59,  34.56,  34.59,  34.62,  34.60,  34.75,  34.78,  34.80,  34.80,  34.77
19991213, 1200,  , TS, 12.4S, 105.8E,  55,    0,    0,    0,    0,    0,    0,    0,    0,    0,    0,    0,    0,    0, -999,  34.74,  34.67,  34.64,  34.62,  34.60,  34.64,  34.71,  34.72,  34.75,  34.75,  34.76,  34.77,  34.78,  34.73,  34.75,  34.78,  34.70,  34.71,  34.74,  34.74,  34.75,  34.76,  34.75,  34.76,  34.69,  34.56,  34.62,  34.65,  34.67,  34.71,  34.75
19991213, 1800,  , TS, 12.4S, 106.6E,  55,    0,    0,    0,    0,    0,    0,    0,    0,    0,    0,    0,    0,    0, -999,  34.62,  34.66,  34.77,  34.91,  34.89,  34.84,  34.79,  34.69,  34.66,  34.67,  34.74,  34.80,  34.77,  34.82,  34.77,  34.79,  34.57,  34.55,  34.57,  34.62,  34.66,  34.69,  34.53,  34.50,  34.47,  34.43,  34.56,  34.74,  34.66,  34.69,  34.62
19991214, 0000,  , TS, 12.2S, 107.4E,  55,    0,    0,    0,    0,    0,    0,    0,    0,    0,    0,    0,    0,    0, -999,  34.63,  34.64,  34.67,  34.72,  34.68,  34.72,  34.72,  34.72,  34.75,  34.75,  34.77,  34.70,  34.69,  34.64,  34.66,  34.57,  34.63,  34.67,  34.65,  34.67,  34.67,  34.50,  34.40,  34.46,  34.44,  34.65,  34.70,  34.71,  34.72,  34.75,  34.81
19991214, 0600,  , TS, 12.1S, 108.4E,  55,    0,    0,    0,    0,    0,    0,    0,    0,    0,    0,    0,    0,    0, -999,  34.79,  34.77,  34.74,  34.71,  34.66,  34.63,  34.63,  34.63,  34.56,  34.55,  34.64,  34.71,  34.70,  34.70,  34.71,  34.67,  34.68,  34.70,  34.75,  34.89,  34.81,  34.56,  34.37,  34.44,  34.48,  34.52,  34.49,  34.50,  34.53,  34.62,  34.64
19991214, 1200,  , TS, 12.0S, 109.2E,  55,    0,    0,    0,    0,    0,    0,    0,    0,    0,    0,    0,    0,    0, -999,  34.35,  34.37,  34.38,  34.39,  34.38,  34.38,  34.37,  34.38,  34.31,  34.43,  34.59,  34.68,  34.83,  34.87,  34.75,  34.70,  34.71,  34.70,  34.74,  35.01,  35.11,  35.05,  34.84,  34.72,  34.68,  34.41,  34.20,  34.21,  34.66,  34.73,  34.67
19991214, 1800,  , TS, 12.0S, 110.1E,  55,    0,    0,    0,    0,    0,    0,    0,    0,    0,    0,    0,    0,    0, -999,  34.60,  34.55,  34.51,  34.60,  34.65,  34.63,  34.53,  34.30,  34.37,  34.57,  34.61,  34.66,  34.55,  34.47,  34.24,  34.24,  34.15,  33.99,  34.02,  34.13,  34.10,  34.17,  34.38,  34.52,  34.88,  34.84,  34.75,  34.73,  34.42,  34.43,  34.41
19991215, 0000,  , TS, 12.1S, 111.0E,  55,    0,    0,    0,    0,    0,    0,    0,    0,    0,    0,    0,    0,    0, -999,  34.89,  34.87,  34.66,  34.36,  34.24,  34.25,  34.36,  34.48,  34.59,  34.58,  34.35,  34.18,  34.20,  33.99,  33.84,  33.99,  34.36,  34.47,  34.74,  34.78,  34.86,  34.72,  34.90,  34.94,  34.74,  34.58,  34.40,  34.32,  34.30,  34.19,  34.34
19991215, 0600,  , TS, 12.5S, 112.4E,  60,    0,    0,    0,    0,    0,    0,    0,    0,    0,    0,    0,    0,    0, -999,  34.73,  34.98,  34.80,  34.19,  34.15,  34.50,  34.55,  34.65,  34.50,  34.45,  34.38,  34.13,  34.13,  34.22,  34.17,  34.15,  34.29,  34.33,  34.37,  34.34,  34.29,  34.39,  34.41,  34.44,  34.52,  34.52,  34.40,  34.37,  34.37,  34.43,  34.43
19991215, 1200,  , TS, 12.9S, 113.4E,  60,    0,    0,    0,    0,    0,    0,    0,    0,    0,    0,    0,    0,    0, -999,  34.78,  34.70,  34.76,  34.79,  34.80,  34.77,  34.72,  34.71,  34.71,  34.54,  34.45,  34.44,  34.42,  34.39,  34.45,  34.52,  34.61,  34.68,  34.62,  34.58,  34.56,  34.61,  34.63,  34.65,  34.66,  34.63,  34.63,  34.59,  34.51,  34.51,  34.50
19991215, 1800,  , TS, 13.7S, 114.5E,  60,    0,    0,    0,    0,    0,    0,    0,    0,    0,    0,    0,    0,    0, -999,  34.77,  34.78,  34.83,  34.84,  34.85,  34.79,  34.75,  34.78,  34.77,  34.70,  34.56,  34.46,  34.56,  34.65,  34.78,  34.78,  34.77,  34.78,  34.68,  34.63,  34.56,  34.56,  34.57,  34.57,  34.59,  34.59,  34.59,  34.59,  34.58,  34.60,  34.56
19991216, 0000,  , TS, 15.0S, 116.0E,  60,    0,    0,    0,    0,    0,    0,    0,    0,    0,    0,    0,    0,    0, -999,  34.90,  34.95,  34.90,  34.89,  34.99,  35.00,  34.92,  34.82,  34.84,  34.77,  34.70,  34.79,  34.81,  34.89,  34.86,  34.80,  34.74,  34.68,  34.74,  34.80,  34.83,  34.84,  34.80,  34.77,  34.75,  34.77,  34.79,  34.86,  34.82,  34.81,  34.83
19991216, 0600,  , TS, 16.1S, 117.3E,  50,    0,    0,    0,    0,    0,    0,    0,    0,    0,    0,    0,    0,    0, -999,  34.69,  34.68,  34.67,  34.76,  34.78,  34.82,  34.81,  34.78,  34.80,  34.80,  34.82,  34.86,  34.86,  34.89,  34.92,  35.00,  34.95,  34.99,  35.12,  35.14,  35.05,  34.84,  34.73,  34.72,  34.74,  34.78,  34.81,  34.92,  34.92,  34.78,  34.76
19991216, 1200,  , TS, 17.3S, 118.5E,  45,    0,    0,    0,    0,    0,    0,    0,    0,    0,    0,    0,    0,    0, -999,  34.65,  34.63,  34.62,  34.62,  34.91,  34.87,  34.83,  34.87,  34.86,  34.80,  34.78,  34.74,  34.71,  34.79,  34.77,  34.78,  34.72,  34.69,  35.10,  35.26,  35.17,  35.07,  34.87,  34.59,  34.65,  34.53,  34.38,  34.76,  34.81,  34.88,  34.82
19991216, 1800,  , TS, 18.4S, 119.3E,  50,    0,    0,    0,    0,    0,    0,    0,    0,    0,    0,    0,    0,    0, -999,  34.69,  34.68,  34.68,  34.69,  34.69,  34.69,  34.70,  34.73,  34.73,  34.73,  34.73,  34.73,  34.75,  34.68,  34.61,  34.63,  34.64,  34.64,  34.64,  34.66,  34.67,  34.67,  34.66,  34.65,  34.64,  34.61,  34.59,  34.59,  34.60,  34.61,  34.63
19991217, 0000,  , TS, 19.2S, 120.0E,  55,    0,    0,    0,    0,    0,    0,    0,    0,    0,    0,    0,    0,    0, -999,    nan,    nan,    nan,    nan,    nan,    nan,    nan,    nan,    nan,    nan,    nan,    nan,    nan,    nan,    nan,    nan,    nan,    nan,    nan,    nan,    nan,    nan,    nan,    nan,    nan,    nan,    nan,    nan,    nan,    nan,    nan
19991217, 0600,  , TS, 20.0S, 120.8E,  35,    0,    0,    0,    0,    0,    0,    0,    0,    0,    0,    0,    0,    0, -999,    nan,    nan,    nan,    nan,    nan,    nan,    nan,    nan,    nan,    nan,    nan,    nan,    nan,    nan,    nan,    nan,    nan,    nan,    nan,    nan,    nan,    nan,    nan,    nan,    nan,    nan,    nan,    nan,    nan,    nan,    nan
19991217, 1200,  , LO, 20.8S, 121.8E,  30,    0,    0,    0,    0,    0,    0,    0,    0,    0,    0,    0,    0,    0, -999,    nan,    nan,    nan,    nan,    nan,    nan,    nan,    nan,    nan,    nan,    nan,    nan,    nan,    nan,    nan,    nan,    nan,    nan,    nan,    nan,    nan,    nan,    nan,    nan,    nan,    nan,    nan,    nan,    nan,    nan,    nan
