SH022017,             YVETTE,     29,
20161218, 1200,  , TD, 14.7S, 116.5E,  25,  998,    0,    0,    0,    0,    0,    0,    0,    0,    0,    0,    0,    0, -999,  34.45,  34.48,  34.51,  34.51,  34.46,  34.44,    nan,  34.43,  34.49,  34.48,  34.60,  34.54,  34.47,  34.42,  34.36,  34.39,  34.48,  34.52,  34.57,  34.48,  34.48,  34.71,  34.74,  34.72,  34.56,  34.62,  34.66,  34.51,  34.51,  34.49,  34.46
20161218, 1800,  , TD, 15.2S, 116.0E,  30,  997,    0,    0,    0,    0,    0,    0,    0,    0,    0,    0,    0,    0, -999,  34.36,  34.48,  34.50,  34.54,  34.57,  34.52,    nan,  34.51,  34.53,  34.53,  34.47,  34.33,  34.27,  34.48,  34.54,  34.47,  34.45,  34.44,  34.33,  34.71,  34.72,  34.43,  34.66,  34.62,  34.64,  34.59,  34.51,  34.56,  34.52,  34.47,  34.50
20161219, 0000,  , TS, 15.6S, 115.6E,  35,  996,    0,    0,    0,    0,    0,    0,    0,    0,    0,    0,    0,    0, -999,  34.67,  34.70,  34.75,  34.87,  34.81,    nan,  34.67,  34.64,  34.48,  34.33,  34.24,  34.22,  34.32,  34.41,  34.35,  34.29,  34.32,  34.56,  34.70,  34.72,  34.52,  34.67,  34.54,  34.60,  34.66,  34.67,  34.67,  34.80,  34.68,  34.74,  34.79
20161219, 0600,  , TS, 16.0S, 115.0E,  35,  996,    0,    0,    0,    0,    0,    0,    0,    0,    0,    0,    0,    0, -999,  34.56,  34.53,  34.71,  34.78,  34.75,    nan,  34.90,  34.89,  34.67,  34.48,  34.31,  34.27,  34.23,  34.25,  34.28,  34.35,  34.40,  34.43,  34.67,  34.67,  34.38,  34.55,  34.21,  34.30,  34.55,  34.61,  34.68,  34.69,  34.68,  34.69,  34.75
20161219, 1200,  , TS, 16.0S, 114.3E,  35,  996,    0,    0,    0,    0,    0,    0,    0,    0,    0,    0,    0,    0, -999,  34.47,  34.77,  34.88,  34.88,  34.87,    nan,  34.95,  34.90,  34.70,  34.75,  34.70,  34.61,  34.31,  34.23,  34.30,  34.28,  34.34,  34.37,  34.19,  34.15,  34.14,  34.22,  34.20,  34.29,  34.21,  34.24,  34.20,  34.19,  34.18,  34.19,  34.05
20161219, 1800,  , TS, 15.6S, 113.5E,  35,  996,   25,   30,   30,   25,    0,    0,    0,    0,    0,    0,    0,    0, -999,  34.74,  34.68,  34.70,  34.71,  34.58,    nan,  34.43,  34.43,  34.29,  34.48,  34.41,  34.31,  34.31,  34.36,  34.02,  33.93,  33.93,  33.87,  33.94,  33.90,  34.09,  34.16,  34.20,  34.23,  34.27,  34.31,  34.33,  34.33,  34.34,  34.31,  34.26
20161220, 0000,  , TS, 14.8S, 113.3E,  35,  996,   35,   40,   30,   40,    0,    0,    0,    0,    0,    0,    0,    0, -999,  34.65,  34.67,  34.74,  34.69,    nan,  34.73,  34.77,  34.79,  34.88,  34.57,  34.26,  34.28,  34.10,  34.16,  34.11,  34.18,  34.17,  34.35,  34.45,  34.49,  34.43,  34.37,  34.25,  34.26,  34.27,  34.26,  34.24,  34.21,  34.21,  34.09,  34.13
20161220, 0300,  , TS, 14.4S, 113.6E,  35,  996,    0,    0,    0,    0,    0,    0,    0,    0,    0,    0,    0,    0, -999,  34.48,  34.57,  34.69,  34.61,    nan,  34.66,  34.50,  34.51,  34.58,  34.59,  34.60,  34.16,  34.17,  34.16,  34.18,  34.19,  34.19,  34.29,  34.34,  34.34,  34.31,  34.24,  34.21,  34.26,  34.29,  34.29,  34.29,  34.32,  34.31,  34.30,  34.29
20161220, 0600,  , TS, 14.4S, 114.0E,  35,  996,   45,   50,   30,   50,    0,    0,    0,    0,    0,    0,    0,    0, -999,  34.33,  34.37,  34.47,  34.42,    nan,  34.54,  34.54,  34.55,  34.57,  34.39,  34.31,  34.30,  34.30,  34.30,  34.27,  34.27,  34.29,  34.42,  34.29,  34.26,  34.23,  34.29,  34.30,  34.36,  34.36,  34.33,  34.30,  34.31,  34.31,  34.29,  34.27
20161220, 1200,  , TS, 14.6S, 114.0E,  40,  993,   55,   60,   50,   60,    0,    0,    0,    0,    0,    0,    0,    0, -999,  34.36,  34.43,  34.49,  34.44,    nan,  34.54,  34.53,  34.55,  34.62,  34.44,  34.31,  34.35,  34.33,  34.32,  34.26,  34.26,  34.25,  34.24,  34.28,  34.27,  34.28,  34.37,  34.36,  34.44,  34.43,  34.41,  34.35,  34.34,  34.31,  34.35,  34.28
20161220, 1800,  , TS, 14.6S, 113.9E,  40,  993,   65,   75,   75,   65,    0,    0,    0,    0,    0,    0,    0,    0, -999,  34.36,  34.43,  34.49,  34.44,    nan,  34.54,  34.53,  34.55,  34.62,  34.44,  34.31,  34.35,  34.33,  34.32,  34.26,  34.26,  34.25,  34.24,  34.28,  34.27,  34.28,  34.37,  34.36,  34.44,  34.43,  34.41,  34.35,  34.34,  34.31,  34.35,  34.28
20161221, 0000,  , TS, 14.6S, 113.8E,  45,  989,   70,   90,  100,   70,    0,    0,    0,    0,    0,    0,    0,    0, -999,  34.42,  34.58,  34.48,    nan,  34.57,  34.52,  34.53,  34.75,  34.48,  34.52,  34.45,  34.09,  34.18,  34.17,  34.18,  34.19,  34.19,  34.35,  34.40,  34.41,  34.35,  34.28,  34.35,  34.38,  34.40,  34.38,  34.39,  34.35,  34.34,  34.30,  34.31
20161221, 0600,  , TS, 14.3S, 114.0E,  45,  989,   85,   85,   80,   80,    0,    0,    0,    0,    0,    0,    0,    0, -999,  34.37,  34.47,  34.42,    nan,  34.54,  34.54,  34.55,  34.57,  34.39,  34.31,  34.30,  34.30,  34.30,  34.27,  34.27,  34.29,  34.42,  34.29,  34.26,  34.23,  34.29,  34.30,  34.36,  34.36,  34.33,  34.30,  34.31,  34.31,  34.29,  34.27,  34.30
20161221, 1200,  , TS, 14.1S, 114.2E,  50,  985,   85,   85,   80,   80,    0,    0,    0,    0,    0,    0,    0,    0, -999,  34.52,  34.53,  34.51,    nan,  34.59,  34.57,  34.55,  34.51,  34.40,  34.32,  34.23,  34.25,  34.28,  34.25,  34.26,  34.27,  34.32,  34.46,  34.35,  34.27,  34.27,  34.30,  34.33,  34.33,  34.36,  34.35,  34.38,  34.39,  34.34,  34.30,  34.28
20161221, 1800,  , TS, 14.3S, 114.3E,  45,  990,   90,   80,   80,  100,    0,    0,    0,    0,    0,    0,    0,    0, -999,  34.46,  34.51,  34.55,    nan,  34.64,  34.59,  34.61,  34.61,  34.45,  34.38,  34.26,  34.29,  34.34,  34.33,  34.31,  34.31,  34.29,  34.45,  34.38,  34.34,  34.27,  34.27,  34.35,  34.42,  34.52,  34.47,  34.48,  34.45,  34.43,  34.39,  34.36
20161222, 0000,  , TS, 14.4S, 114.2E,  45,  989,   90,   80,   80,  100,    0,    0,    0,    0,    0,    0,    0,    0, -999,  34.44,  34.49,    nan,  34.57,  34.54,  34.57,  34.57,  34.41,  34.35,  34.26,  34.29,  34.33,  34.30,  34.29,  34.30,  34.37,  34.35,  34.32,  34.25,  34.25,  34.31,  34.41,  34.46,  34.45,  34.36,  34.39,  34.37,  34.35,  34.34,  34.33,  34.28
20161222, 0600,  , TS, 14.3S, 114.2E,  45,  991,   90,   80,   80,  100,    0,    0,    0,    0,    0,    0,    0,    0, -999,  34.44,  34.49,    nan,  34.57,  34.54,  34.57,  34.57,  34.41,  34.35,  34.26,  34.29,  34.33,  34.30,  34.29,  34.30,  34.37,  34.35,  34.32,  34.25,  34.25,  34.31,  34.41,  34.46,  34.45,  34.36,  34.39,  34.37,  34.35,  34.34,  34.33,  34.28
20161222, 1200,  , TS, 14.4S, 114.4E,  40,  993,   90,   80,   80,  100,    0,    0,    0,    0,    0,    0,    0,    0, -999,  34.51,  34.55,    nan,  34.64,  34.59,  34.61,  34.61,  34.45,  34.38,  34.26,  34.29,  34.34,  34.33,  34.31,  34.31,  34.29,  34.45,  34.38,  34.34,  34.27,  34.27,  34.35,  34.42,  34.52,  34.47,  34.48,  34.45,  34.43,  34.39,  34.36,  34.29
20161222, 1800,  , TS, 14.3S, 114.7E,  40,  992,   75,   60,   55,   75,    0,    0,    0,    0,    0,    0,    0,    0, -999,  34.54,  34.54,    nan,  34.53,  34.61,  34.63,  34.53,  34.42,  34.33,  34.28,  34.35,  34.35,  34.38,  34.40,  34.42,  34.39,  34.38,  34.38,  34.41,  34.48,  34.45,  34.48,  34.49,  34.48,  34.38,  34.41,  34.47,  34.52,  34.49,  34.47,  34.41
20161223, 0000,  , TS, 14.2S, 115.3E,  35,  993,   75,   60,   55,   75,    0,    0,    0,    0,    0,    0,    0,    0, -999,  34.46,    nan,  34.53,  34.56,  34.52,  34.55,  34.52,  34.46,  34.37,  34.39,  34.40,  34.39,  34.38,  34.39,  34.38,  34.40,  34.39,  34.36,  34.34,  34.37,  34.36,  34.32,  34.37,  34.41,  34.37,  34.38,  34.34,  34.33,  34.32,  34.30,  34.36
20161223, 0600,  , TS, 14.6S, 116.1E,  35,  993,   65,   55,   55,   65,    0,    0,    0,    0,    0,    0,    0,    0, -999,  34.58,    nan,  34.54,  34.44,  34.48,  34.59,  34.50,  34.48,  34.49,  34.54,  34.57,  34.63,  34.55,  34.55,  34.48,  34.48,  34.46,  34.58,  34.64,  34.62,  34.46,  34.56,  34.47,  34.44,  34.46,  34.54,  34.62,  34.59,  34.50,  34.45,  34.18
20161223, 1200,  , TS, 14.7S, 116.5E,  35,  993,   65,   55,   55,   65,    0,    0,    0,    0,    0,    0,    0,    0, -999,  34.44,    nan,  34.43,  34.49,  34.48,  34.60,  34.54,  34.47,  34.42,  34.36,  34.39,  34.48,  34.52,  34.57,  34.48,  34.48,  34.71,  34.74,  34.72,  34.56,  34.62,  34.66,  34.51,  34.51,  34.49,  34.46,  34.49,  34.57,  34.57,  34.46,  34.44
20161223, 1800,  , TD, 14.8S, 117.7E,  30,  994,    0,    0,    0,    0,    0,    0,    0,    0,    0,    0,    0,    0, -999,  34.38,    nan,  34.41,  34.44,  34.48,  34.47,  34.50,  34.51,  34.65,  34.71,  34.73,  34.71,  34.72,  34.73,  34.58,  34.58,  34.49,  34.55,  34.55,  34.55,  34.56,  34.57,  34.55,  34.59,  34.52,  34.52,  34.51,  34.51,  34.50,  34.40,  34.37
20161224, 0000,  , TD, 15.5S, 118.9E,  25,  996,    0,    0,    0,    0,    0,    0,    0,    0,    0,    0,    0,    0, -999,    nan,  34.63,  34.66,  34.51,  34.56,  34.62,  34.61,  34.63,  34.63,  34.62,  34.73,  34.76,  34.72,  34.67,  34.56,  34.58,  34.61,  34.57,  34.63,  34.58,  34.59,  34.58,  34.57,  34.57,  34.57,  34.53,  34.54,  34.58,  34.61,  34.67,  34.65
20161224, 0600,  , TD, 16.0S, 119.4E,  25,  998,    0,    0,    0,    0,    0,    0,    0,    0,    0,    0,    0,    0, -999,    nan,  34.67,  34.70,  34.73,  34.70,  34.52,  34.37,  34.87,  34.83,  34.76,  34.74,  34.80,  34.84,  34.72,  34.71,  34.65,  34.59,  34.58,  34.56,  34.56,  34.47,  34.46,  34.48,  34.48,  34.56,  34.34,  34.37,  34.48,  34.75,  34.92,  34.89
20161224, 1200,  , TD, 16.5S, 120.0E,  25,  998,    0,    0,    0,    0,    0,    0,    0,    0,    0,    0,    0,    0, -999,    nan,  34.83,  34.80,  34.74,  34.73,  34.59,  34.52,  34.63,  34.61,  34.84,  34.83,  34.77,  34.62,  34.55,  34.56,  34.81,  34.89,  34.84,  34.77,  34.71,  34.69,  34.66,  34.56,  34.51,  34.41,  34.61,  34.51,  34.51,  34.54,  34.77,  34.56
20161224, 1800,  , TD, 16.8S, 121.3E,  25,  998,    0,    0,    0,    0,    0,    0,    0,    0,    0,    0,    0,    0, -999,    nan,  34.84,  34.85,  34.85,  34.86,  34.87,  34.86,  34.86,  34.87,  34.88,  34.85,  34.85,  34.87,  34.88,  34.86,  34.82,  34.75,  34.80,  34.81,  34.80,  34.80,  34.81,  34.83,  34.85,  34.86,  34.87,  34.84,  34.81,  34.84,  34.89,  34.83
20161225, 0000,  , DB, 17.5S, 122.4E,  20,  999,    0,    0,    0,    0,    0,    0,    0,    0,    0,    0,    0,    0, -999,    nan,    nan,    nan,    nan,    nan,    nan,    nan,    nan,    nan,    nan,    nan,    nan,    nan,    nan,    nan,    nan,    nan,    nan,    nan,    nan,    nan,    nan,    nan,    nan,    nan,    nan,    nan,    nan,    nan,    nan,    nan
20161225, 0600,  , DB, 18.2S, 124.2E,  20, 1000,    0,    0,    0,    0,    0,    0,    0,    0,    0,    0,    0,    0, -999,    nan,    nan,    nan,    nan,    nan,    nan,    nan,    nan,    nan,    nan,    nan,    nan,    nan,    nan,    nan,    nan,    nan,    nan,    nan,    nan,    nan,    nan,    nan,    nan,    nan,    nan,    nan,    nan,    nan,    nan,    nan
