SH022009,              ANIKA,     15,
20081118, 0000,  , DB,  8.8S,  91.3E,  20, 1007,    0,    0,    0,    0,    0,    0,    0,    0,    0,    0,    0,    0, -999,  34.25,  34.38,  34.50,  34.74,  34.74,  34.64,  34.30,  34.79,  34.66,  35.12,  34.95,  35.12,  35.12,  35.24,  35.37,  35.48,  35.38,  35.35,  35.33,  35.34,  35.17,  35.08,  35.07,  35.00,  35.09,  35.06,  34.96,  35.03,  34.97,  35.02,  35.05
20081118, 0600,  , DB,  9.5S,  92.5E,  20, 1007,    0,    0,    0,    0,    0,    0,    0,    0,    0,    0,    0,    0, -999,  34.07,  34.02,  34.03,  34.15,  34.76,  34.78,  34.74,  34.72,  34.73,  34.75,  34.93,  35.13,  35.16,  35.09,  35.04,  35.12,  34.99,  34.92,  34.99,  34.96,  34.84,  34.82,  34.77,  34.78,  34.74,  34.87,  35.02,  34.95,  34.96,  34.99,  34.91
20081118, 1200,  , TD, 10.1S,  93.8E,  30, 1000,    0,    0,    0,    0,    0,    0,    0,    0,    0,    0,    0,    0, -999,  34.82,  34.83,  34.83,  34.82,  34.85,  34.80,  34.91,  34.81,  34.90,  34.91,  35.07,  35.07,  34.92,  34.89,  34.89,  34.83,  34.94,  34.95,  35.05,  35.02,  34.95,  34.89,  34.77,  34.68,  34.69,  34.87,  34.82,  34.96,  34.90,  34.97,  34.92
20081118, 1800,  , TD, 10.4S,  95.2E,  30, 1000,    0,    0,    0,    0,    0,    0,    0,    0,    0,    0,    0,    0, -999,  34.75,  34.75,  34.70,  34.70,  34.67,  34.69,  34.66,  34.64,  34.65,  34.68,  34.73,  34.67,  34.57,  34.51,  34.45,  34.45,  34.53,  34.64,  34.61,  34.49,  34.52,  34.60,  34.77,  34.66,  34.60,  34.61,  34.50,  34.57,  34.50,  34.65,  34.68
20081119, 0000,  , TS, 10.8S,  96.5E,  35,  996,    0,    0,    0,    0,    0,    0,    0,    0,    0,    0,    0,    0, -999,  34.69,  34.68,  34.70,  34.66,  34.70,  34.99,  34.86,  34.80,  34.86,  34.90,  34.82,  34.75,  34.77,  34.76,  34.80,  35.08,  35.01,  34.87,  34.77,  34.77,  34.80,  34.88,  34.96,  35.01,  35.02,  34.98,  35.03,  35.08,  35.12,  35.08,  35.03
20081119, 0600,  , TS, 11.3S,  97.7E,  40,  993,    0,    0,    0,    0,    0,    0,    0,    0,    0,    0,    0,    0, -999,  34.96,  34.93,  34.91,  34.83,  34.86,  34.80,  34.90,  34.94,  35.07,  35.05,  34.94,  34.93,  34.92,  35.00,  35.07,  35.09,  35.09,  34.85,  34.47,  34.44,  34.49,  34.65,  34.83,  34.71,  34.62,  34.55,  34.33,  34.31,  34.32,  34.32,  34.30
20081119, 1200,  , TS, 11.9S,  99.0E,  45,  989,   45,   40,   40,   45,    0,    0,    0,    0,    0,    0,    0,    0, -999,  34.38,  34.33,  34.35,  34.38,  34.39,  34.41,  34.45,  34.49,  34.42,  34.26,  34.55,  34.37,  34.19,  34.23,  34.32,  34.34,  34.36,  34.35,  34.37,  34.36,  34.36,  34.36,  34.36,  34.37,  34.39,  34.39,  34.41,  34.36,  34.34,  34.34,  34.36
20081119, 1800,  , TS, 12.7S, 100.3E,  55,  982,   50,   35,   25,   35,    0,    0,    0,    0,    0,    0,    0,    0, -999,  34.40,  34.38,  34.41,  34.41,  34.37,  34.33,  34.34,  34.35,  34.36,  34.40,  34.46,  34.44,  34.39,  34.39,  34.39,  34.39,  34.41,  34.41,  34.41,  34.40,  34.41,  34.44,  34.42,  34.39,  34.38,  34.41,  34.46,  34.50,  34.38,  34.28,  34.31
20081120, 0000,  , TS, 13.7S, 101.5E,  60,  978,   50,   35,   35,   50,   10,   10,   10,   10,    0,    0,    0,    0, -999,  34.10,  34.07,  34.06,  34.09,  34.11,  34.15,  34.18,  34.22,  34.22,  34.26,  34.29,  34.28,  34.29,  34.26,  34.25,  34.28,  34.30,  34.30,  34.30,  34.31,  34.30,  34.34,  34.83,  35.01,  35.17,  35.18,  35.12,  35.01,  34.92,  34.85,  34.85
20081120, 0600,  , TS, 14.6S, 102.8E,  55,  982,   55,   60,   40,   40,    0,    0,    0,    0,    0,    0,    0,    0, -999,  35.01,  35.00,  34.45,  34.12,  34.13,  34.24,  34.27,  34.37,  34.34,  34.26,  34.33,  34.27,  34.25,  34.35,  34.49,  35.06,  34.91,  34.39,  34.49,  34.65,  34.92,  34.89,  34.89,  34.88,  34.89,  34.86,  34.81,  34.79,  34.72,  34.72,  34.60
20081120, 1200,  , TS, 15.3S, 104.1E,  50,  985,   55,   60,   45,   40,    0,    0,    0,    0,    0,    0,    0,    0, -999,  34.26,  34.29,  34.29,  34.27,  34.28,  34.29,  34.29,  34.30,  34.34,  34.42,  34.44,  34.45,  34.53,  34.52,  34.47,  34.43,  34.43,  34.63,  34.46,  34.59,  34.52,  34.45,  34.46,  34.46,  34.44,  34.40,  34.42,  34.47,  34.52,  34.55,  34.55
20081120, 1800,  , TS, 15.4S, 105.1E,  35,  996,   55,   60,   45,   40,    0,    0,    0,    0,    0,    0,    0,    0, -999,  34.27,  34.30,  34.29,  34.25,  34.28,  34.35,  34.38,  34.36,  34.32,  34.33,  34.34,  34.31,  34.26,  34.27,  34.27,  34.27,  34.27,  34.31,  34.32,  34.40,  34.39,  34.45,  34.47,  34.54,  34.53,  34.73,  34.64,  34.62,  34.51,  34.51,  34.48
20081121, 0000,  , TD, 16.1S, 106.5E,  30, 1000,    0,    0,    0,    0,    0,    0,    0,    0,    0,    0,    0,    0, -999,  34.67,  34.70,  34.64,  34.52,  34.52,  34.53,  34.48,  34.39,  34.39,  34.42,  34.34,  34.32,  34.35,  34.35,  34.38,  34.42,  34.47,  34.41,  34.45,  34.39,  34.38,  34.48,  34.53,  34.50,  34.47,  34.53,  34.72,  34.78,  34.88,  35.02,  34.98
20081121, 0600,  , TD, 16.6S, 107.6E,  25, 1004,    0,    0,    0,    0,    0,    0,    0,    0,    0,    0,    0,    0, -999,  34.62,  34.50,  34.37,  34.54,  34.73,  34.77,  34.71,  34.68,  34.66,  34.65,  34.65,  34.66,  34.70,  34.70,  34.77,  34.76,  34.76,  34.79,  34.72,  34.60,  34.56,  34.61,  34.63,  34.62,  34.63,  34.75,  34.86,  34.89,  34.88,  34.85,  34.80
20081121, 1200,  , EX, 17.2S, 108.6E,  25, 1004,    0,    0,    0,    0,    0,    0,    0,    0,    0,    0,    0,    0, -999,  34.91,  34.93,  34.93,  34.97,  34.98,  34.97,  34.91,  34.89,  34.91,  34.92,  34.91,  34.88,  34.85,  34.84,  34.86,  34.82,  34.83,  34.85,  34.84,  34.83,  34.88,  34.83,  34.83,  34.83,  34.84,  34.82,  34.83,  34.83,  34.82,  34.81,  34.80
