SH032013,            CLAUDIA,     40,
20121203, 1800,  , DB,  7.4S,  84.7E,  15, 1010,    0,    0,    0,    0,    0,    0,    0,    0,    0,    0,    0,    0, -999,  35.39,  35.55,  35.63,  35.53,  35.51,  35.51,  35.38,  35.28,  35.17,  35.20,  35.13,  35.14,  35.06,  35.27,  35.11,  35.03,  34.93,  34.96,  34.90,  35.08,  35.29,  35.22,  35.20,  35.15,  35.12,  35.23,  35.17,  35.14,  35.06,  34.90,  34.87
20121204, 0000,  , DB,  7.5S,  85.8E,  15, 1010,    0,    0,    0,    0,    0,    0,    0,    0,    0,    0,    0,    0, -999,  35.61,  35.21,  35.41,  35.37,  35.25,  35.28,  35.23,  35.13,  35.09,  35.11,  35.09,  34.99,  35.24,  35.22,  35.04,  35.26,  35.51,  35.47,  35.38,  35.33,  34.90,  34.94,  34.85,  35.17,  34.95,  34.99,  35.02,  35.01,  34.97,  35.09,  35.44
20121204, 0600,  , DB,  8.6S,  85.7E,  15, 1010,    0,    0,    0,    0,    0,    0,    0,    0,    0,    0,    0,    0, -999,  34.22,  34.26,  34.19,  34.11,  34.12,  34.90,  34.25,  34.44,  34.12,  34.23,  34.31,  34.28,  34.33,  34.34,  34.28,  35.09,  35.07,  35.05,  35.06,  35.31,  35.25,  35.14,  35.03,  35.00,  34.94,  34.88,  34.79,  34.76,  34.80,  34.78,  34.86
20121204, 1200,  , DB,  9.0S,  84.9E,  15, 1010,    0,    0,    0,    0,    0,    0,    0,    0,    0,    0,    0,    0, -999,  34.09,  34.20,  34.22,  34.29,  34.21,  34.17,  34.18,  34.21,  34.13,  34.18,  34.27,  34.29,  34.25,  34.26,  34.22,  34.30,  34.38,  34.63,  34.65,  35.13,  34.93,  34.46,  35.02,  34.85,  34.48,  34.93,  34.72,  34.83,  34.75,  34.83,  35.01
20121204, 1800,  , DB,  9.8S,  84.0E,  20, 1007,    0,    0,    0,    0,    0,    0,    0,    0,    0,    0,    0,    0, -999,  34.17,  34.20,  34.21,  34.23,  34.26,  34.16,  34.08,  34.05,  34.14,  34.13,  34.11,  34.13,  34.19,  34.20,  34.11,  34.19,  34.26,  34.29,  34.26,  34.28,  34.25,  34.25,  34.22,  34.23,  34.24,  34.14,  34.03,  34.14,  34.22,  34.20,  34.19
20121205, 0000,  , DB, 10.9S,  82.9E,  20, 1007,    0,    0,    0,    0,    0,    0,    0,    0,    0,    0,    0,    0, -999,  34.36,  34.63,  35.20,  34.97,  34.69,  34.64,  34.55,  34.79,  34.72,  34.68,  34.76,  34.61,  34.50,  34.44,  34.41,  34.48,  34.47,  34.40,  34.35,  34.21,  34.10,  34.15,  33.97,  34.10,  34.12,  34.15,  34.39,  34.39,  34.32,  34.60,  35.07
20121205, 0600,  , TD, 11.6S,  81.5E,  25, 1004,    0,    0,    0,    0,    0,    0,    0,    0,    0,    0,    0,    0, -999,  35.21,  35.48,  35.68,  35.86,  35.94,  35.75,  35.71,  35.42,  35.80,  35.80,  35.82,  35.88,  35.82,  35.66,  35.79,  35.42,  35.37,  35.36,  35.35,  35.59,  35.37,  35.69,  35.52,  35.56,  35.64,  35.53,  35.73,  35.56,  35.66,  35.95,  35.78
20121205, 1200,  , TD, 11.8S,  80.2E,  25, 1004,    0,    0,    0,    0,    0,    0,    0,    0,    0,    0,    0,    0, -999,  34.87,  34.82,  34.66,  34.69,  34.78,  34.86,  34.80,  35.04,  35.29,  35.25,  35.49,  35.48,  35.28,  35.11,  35.09,  35.14,  35.04,  34.90,  35.16,  34.99,  34.89,  35.01,  34.80,  35.29,  35.29,  35.31,  35.32,  35.26,  35.38,  35.31,  35.06
20121205, 1800,  , TD, 11.9S,  79.4E,  25, 1004,    0,    0,    0,    0,    0,    0,    0,    0,    0,    0,    0,    0, -999,  34.77,  34.82,  34.76,  34.85,  34.96,  35.08,  35.10,  35.15,  35.18,  35.20,  35.16,  35.11,  35.01,  34.93,  34.86,  34.64,  34.45,  34.85,  35.25,  34.96,  34.75,  35.15,  34.83,  35.13,  35.16,  35.19,  35.19,  35.14,  35.16,  35.18,  35.03
20121206, 0000,  , TD, 12.0S,  78.7E,  30, 1000,    0,    0,    0,    0,    0,    0,    0,    0,    0,    0,    0,    0, -999,  34.87,  34.80,  34.84,  34.87,  34.90,  34.90,  34.95,  35.01,  35.01,  34.96,  34.97,  34.91,  34.80,  34.74,  34.61,  34.44,  34.51,  34.60,  34.79,  34.86,  35.04,  35.01,  34.91,  34.89,  34.84,  34.99,  35.28,  35.39,  34.82,  34.70,  34.60
20121206, 0600,  , TD, 12.2S,  78.0E,  30, 1000,    0,    0,    0,    0,    0,    0,    0,    0,    0,    0,    0,    0, -999,  35.02,  34.94,  34.98,  34.96,  34.94,  34.91,  34.92,  34.86,  34.92,  34.91,  34.83,  34.88,  34.86,  34.79,  34.73,  34.55,  34.58,  34.56,  34.82,  34.93,  34.93,  34.84,  34.87,  35.03,  35.22,  35.22,  35.25,  35.24,  35.23,  35.17,  35.28
20121206, 1200,  , TS, 12.4S,  77.3E,  35,  996,    0,    0,    0,    0,    0,    0,    0,    0,    0,    0,    0,    0, -999,  34.95,  35.09,  35.07,  35.09,  35.12,  35.08,  35.09,  35.13,  35.25,  35.09,  35.12,  35.42,  35.51,  35.45,  35.40,  35.02,  35.07,  35.10,  35.22,  35.41,  35.34,  35.32,  35.22,  35.22,  35.14,  35.12,  35.13,  35.15,  34.99,  34.97,  35.01
20121206, 1800,  , TS, 12.9S,  76.8E,  35,  996,    0,    0,    0,    0,    0,    0,    0,    0,    0,    0,    0,    0, -999,  34.78,  34.86,  34.80,  35.30,  35.15,  35.30,  35.31,  35.38,  35.19,  35.13,  35.09,  35.05,  35.21,  35.04,  35.06,  34.86,  34.84,  34.91,  35.00,  34.97,  34.94,  34.86,  34.91,  34.91,  34.94,  34.95,  34.94,  34.95,  34.91,  34.90,  34.90
20121207, 0000,  , TS, 13.5S,  76.5E,  40,  993,   40,   40,   40,   40,    0,    0,    0,    0,    0,    0,    0,    0, -999,  34.89,  34.94,  35.41,  35.41,  35.37,  35.29,  35.25,  35.27,  35.21,  35.18,  34.99,  35.16,  35.39,  35.40,  35.09,  34.92,  34.91,  34.95,  34.91,  34.80,  34.76,  34.84,  34.90,  34.92,  34.91,  34.88,  34.85,  34.84,  34.83,  34.90,  34.87
20121207, 0600,  , TS, 13.9S,  76.1E,  45,  989,   60,   65,   65,   60,    0,    0,    0,    0,    0,    0,    0,    0, -999,  35.49,  35.52,  35.48,  35.39,  35.34,  35.38,  35.43,  35.37,  35.27,  35.06,  34.96,  34.79,  35.12,  34.91,  34.86,  34.87,  34.80,  34.96,  34.84,  34.74,  34.66,  34.77,  34.87,  34.92,  34.93,  34.88,  34.82,  34.88,  34.87,  34.99,  34.89
20121207, 1200,  , TS, 14.0S,  75.7E,  50,  985,   60,   65,   65,   60,    0,    0,    0,    0,    0,    0,    0,    0, -999,  35.40,  35.00,  35.20,  35.16,  35.17,  35.22,  35.25,  35.32,  35.39,  35.41,  35.13,  35.22,  35.17,  35.04,  34.84,  34.76,  34.81,  34.87,  34.87,  34.70,  34.63,  34.70,  34.66,  34.64,  34.83,  34.73,  34.86,  34.79,  34.91,  35.06,  34.98
20121207, 1800,  , TS, 14.0S,  75.3E,  60,  978,   65,   80,   75,   70,   30,   35,   35,   30,    0,    0,    0,    0, -999,  35.41,  35.28,  35.05,  35.14,  35.20,  35.21,  35.20,  35.19,  35.22,  35.23,  35.18,  35.20,  35.24,  35.33,  35.24,  35.16,  34.95,  34.92,  34.91,  34.65,  34.57,  34.69,  34.59,  34.70,  34.67,  34.84,  34.83,  35.15,  35.23,  35.30,  35.21
20121208, 0000,  , HU, 14.0S,  75.2E,  80,  963,   70,   85,   85,   75,   30,   35,   35,   30,   25,   25,   25,   25, -999,  35.39,  35.32,  35.27,  35.27,  35.29,  35.23,  35.18,  35.19,  35.20,  35.14,  35.09,  35.12,  35.22,  35.16,  35.21,  35.19,  35.05,  34.91,  34.76,  34.61,  34.70,  34.65,  34.79,  34.81,  34.98,  35.04,  35.16,  35.22,  35.31,  35.24,  35.25
20121208, 0600,  , HU, 14.3S,  75.0E,  90,  956,   75,   90,   90,   75,   30,   35,   35,   30,   25,   25,   25,   25, -999,  34.84,  34.72,  34.73,  34.75,  34.73,  35.08,  34.93,  34.90,  34.81,  35.02,  35.06,  35.15,  35.06,  34.92,  34.89,  34.87,  34.93,  34.97,  34.71,  34.71,  34.92,  34.80,  34.81,  34.80,  34.75,  34.68,  34.60,  34.61,  34.67,  35.03,  35.12
20121208, 1200,  , HU, 14.5S,  74.7E, 100,  948,   80,  100,  100,   80,   40,   45,   45,   40,   30,   35,   35,   30, -999,  34.80,  34.71,  34.74,  34.85,  34.74,  34.73,  34.73,  34.74,  34.80,  34.82,  34.86,  34.79,  34.81,  35.04,  34.99,  35.03,  34.93,  35.20,  34.91,  34.75,  34.75,  34.85,  34.95,  34.90,  34.82,  34.79,  34.78,  34.81,  34.82,  34.95,  34.86
20121208, 1800,  , HU, 14.5S,  74.4E, 115,  937,   80,  100,  100,   80,   45,   55,   55,   45,   30,   35,   35,   30, -999,  34.74,  34.74,  34.72,  34.87,  34.73,  34.74,  34.71,  34.73,  34.78,  34.78,  34.82,  34.83,  34.79,  35.06,  35.08,  35.12,  35.12,  35.21,  34.97,  34.84,  34.77,  34.84,  34.90,  34.96,  34.95,  34.85,  34.80,  34.88,  34.85,  34.90,  34.84
20121209, 0000,  , HU, 15.0S,  74.4E, 115,  937,  100,  120,  120,  100,   60,   65,   65,   55,   35,   40,   40,   35, -999,  34.74,  34.74,  34.71,  34.69,  34.72,  34.76,  34.77,  34.78,  34.78,  34.77,  34.78,  34.84,  34.89,  34.81,  34.94,  34.93,  35.00,  34.82,  34.73,  34.67,  34.65,  34.71,  34.84,  34.92,  34.91,  34.87,  34.87,  34.87,  34.82,  34.83,  34.81
20121209, 0600,  , HU, 15.1S,  74.1E, 110,  941,  140,  140,  130,  130,   75,   75,   75,   75,   45,   45,   45,   45, -999,  34.78,  34.80,  34.79,  34.73,  34.72,  34.69,  34.70,  34.75,  34.77,  34.76,  34.75,  34.77,  34.78,  34.82,  35.02,  35.02,  34.98,  34.85,  34.80,  34.62,  34.66,  34.58,  34.63,  34.67,  34.75,  34.85,  34.91,  34.82,  34.79,  34.92,  34.80
20121209, 1200,  , HU, 15.4S,  74.2E, 105,  944,  140,  150,  150,  140,   80,   80,   75,   75,   50,   50,   45,   45, -999,  34.80,  34.78,  34.77,  34.77,  34.79,  34.78,  34.77,  34.77,  34.77,  34.77,  34.77,  34.81,  34.86,  34.84,  34.92,  34.95,  34.99,  34.97,  34.89,  34.71,  34.77,  34.67,  34.67,  34.64,  34.67,  34.81,  34.95,  34.92,  34.86,  34.83,  34.72
20121209, 1800,  , HU, 15.8S,  74.2E, 115,  937,  140,  150,  150,  140,   75,   80,   80,   75,   40,   50,   50,   40, -999,  34.83,  34.90,  34.91,  34.91,  34.94,  34.87,  34.84,  34.85,  34.85,  34.86,  34.83,  34.84,  34.82,  34.82,  34.84,  34.96,  35.04,  35.21,  34.83,  34.77,  34.84,  34.85,  34.59,  34.59,  34.69,  34.98,  34.67,  34.78,  34.72,  34.75,  34.74
20121210, 0000,  , HU, 16.3S,  74.3E, 115,  937,  120,  140,  140,  120,   60,   70,   70,   60,   40,   45,   45,   40, -999,  34.88,  34.84,  34.82,  34.88,  34.84,  34.86,  34.85,  34.87,  34.84,  34.83,  34.83,  34.81,  34.76,  34.87,  34.88,  35.03,  35.26,  34.93,  34.88,  34.76,  34.83,  34.82,  34.69,  34.70,  34.73,  34.70,  34.70,  34.73,  34.73,  34.74,  34.79
20121210, 0600,  , HU, 16.9S,  74.0E, 115,  937,  120,  140,  140,  120,   60,   70,   70,   60,   40,   45,   45,   40, -999,  34.79,  34.78,  34.81,  34.88,  34.90,  34.92,  34.92,  34.89,  34.92,  34.94,  34.92,  34.85,  34.86,  34.98,  34.95,  35.06,  35.19,  34.99,  35.02,  35.00,  35.00,  34.94,  34.92,  34.81,  34.78,  34.73,  34.74,  34.76,  34.78,  34.85,  34.77
20121210, 1200,  , HU, 17.5S,  73.9E, 110,  941,  125,  140,  140,  125,   65,   80,   80,   65,   50,   50,   50,   50, -999,  34.89,  34.89,  34.90,  34.90,  34.91,  34.90,  34.91,  34.90,  34.87,  34.84,  34.85,  34.87,  34.90,  35.02,  34.94,  35.02,  35.19,  35.08,  35.23,  35.19,  35.02,  35.06,  34.99,  35.01,  34.97,  34.89,  34.86,  34.88,  34.83,  34.87,  34.85
20121210, 1800,  , HU, 18.1S,  73.6E, 105,  944,  125,  140,  140,  125,   65,   80,   80,   65,   50,   50,   50,   50, -999,  34.96,  34.95,  34.97,  34.96,  34.95,  34.88,  34.81,  34.84,  34.87,  34.95,  35.11,  35.24,  35.43,  35.45,  35.50,  35.37,  35.58,  35.49,  35.36,  35.00,  34.81,  34.77,  34.72,  34.71,  34.81,  35.09,  35.26,  35.31,  35.24,  35.22,  35.21
20121211, 0000,  , HU, 18.8S,  73.3E,  90,  956,  125,  140,  140,  125,   65,   75,   75,   65,   35,   35,   35,   35, -999,  35.21,  35.20,  35.16,  35.15,  35.16,  35.16,  35.16,  35.16,  35.18,  35.22,  35.20,  35.17,  35.21,  35.24,  35.24,  35.28,  35.34,  35.19,  35.22,  35.18,  35.21,  35.25,  35.24,  35.18,  35.19,  35.19,  35.20,  35.19,  35.20,  35.24,  35.15
20121211, 0600,  , HU, 19.5S,  73.1E,  80,  963,  125,  140,  140,  125,   65,   75,   75,   65,   35,   35,   35,   35, -999,  35.11,  35.11,  35.10,  35.11,  35.16,  35.23,  35.18,  35.09,  35.07,  35.01,  34.95,  35.03,  35.27,  35.60,  35.73,  35.73,  35.56,  35.59,  35.55,  35.45,  35.15,  34.97,  35.01,  34.85,  34.82,  34.86,  34.96,  35.11,  35.20,  35.16,  35.03
20121211, 1200,  , HU, 20.2S,  72.9E,  65,  974,  125,  140,  140,  125,   65,   75,   75,   65,    0,    0,    0,    0, -999,  35.26,  35.30,  35.37,  35.44,  35.49,  35.50,  35.48,  35.50,  35.57,  35.61,  35.60,  35.57,  35.62,  35.62,  35.57,  35.40,  35.49,  35.50,  35.48,  35.51,  35.54,  35.44,  35.40,  35.23,  35.17,  35.23,  35.19,  35.09,  35.07,  35.06,  35.03
20121211, 1800,  , TS, 21.0S,  72.9E,  60,  978,  125,  140,  140,  125,   65,   75,   75,   65,    0,    0,    0,    0, -999,  35.40,  35.45,  35.54,  35.59,  35.58,  35.58,  35.56,  35.50,  35.46,  35.43,  35.43,  35.31,  35.42,  35.47,  35.48,  35.32,  35.32,  35.36,  35.34,  35.46,  35.48,  35.45,  35.49,  35.43,  35.40,  35.40,  35.39,  35.36,  35.31,  35.31,  35.34
20121212, 0000,  , TS, 22.0S,  72.9E,  50,  985,  110,  125,  125,   95,    0,    0,    0,    0,    0,    0,    0,    0, -999,  35.52,  35.48,  35.52,  35.51,  35.50,  35.49,  35.48,  35.49,  35.50,  35.45,  35.43,  35.45,  35.46,  35.48,  35.50,  35.46,  35.44,  35.42,  35.42,  35.47,  35.44,  35.44,  35.55,  35.60,  35.61,  35.62,  35.60,  35.54,  35.51,  35.48,  35.44
20121212, 0600,  , TS, 23.4S,  73.4E,  45,  989,  110,  125,  125,  105,    0,    0,    0,    0,    0,    0,    0,    0, -999,  35.65,  35.65,  35.64,  35.64,  35.62,  35.60,  35.60,  35.61,  35.61,  35.61,  35.61,  35.61,  35.62,  35.64,  35.64,  35.65,  35.66,  35.66,  35.66,  35.66,  35.64,  35.63,  35.64,  35.65,  35.65,  35.64,  35.63,  35.58,  35.59,  35.59,  35.57
20121212, 1200,  , TS, 25.0S,  73.8E,  40,  993,  110,  125,   85,   70,    0,    0,    0,    0,    0,    0,    0,    0, -999,  35.73,  35.74,  35.74,  35.73,  35.72,  35.71,  35.69,  35.70,  35.70,  35.69,  35.70,  35.71,  35.73,  35.74,  35.81,  35.87,  35.89,  35.84,  35.80,  35.80,  35.81,  35.80,  35.83,  35.84,  35.83,  35.85,  35.87,  35.88,  35.91,  35.91,  35.92
20121212, 1800,  , TS, 26.4S,  74.3E,  40,  993,  110,  130,  115,   80,    0,    0,    0,    0,    0,    0,    0,    0, -999,  35.65,  35.63,  35.64,  35.67,  35.67,  35.68,  35.67,  35.64,  35.65,  35.66,  35.69,  35.72,  35.72,  35.73,  35.77,  35.74,  35.66,  35.58,  35.61,  35.65,  35.72,  35.67,  35.60,  35.55,  35.56,  35.58,  35.60,  35.61,  35.60,  35.58,  35.58
20121213, 0000,  , TD, 27.6S,  75.3E,  30, 1000,    0,    0,    0,    0,    0,    0,    0,    0,    0,    0,    0,    0, -999,  35.63,  35.67,  35.69,  35.70,  35.64,  35.60,  35.60,  35.69,  35.78,  35.86,  35.91,  35.90,  35.88,  35.80,  35.65,  35.77,  35.81,  35.78,  35.77,  35.78,  35.77,  35.77,  35.75,  35.76,  35.78,  35.78,  35.73,  35.70,  35.66,  35.67,  35.67
20121213, 0600,  , TD, 28.6S,  76.7E,  30, 1000,    0,    0,    0,    0,    0,    0,    0,    0,    0,    0,    0,    0, -999,  35.62,  35.54,  35.48,  35.51,  35.53,  35.57,  35.60,  35.62,  35.61,  35.62,  35.64,  35.67,  35.69,  35.73,  35.77,  35.78,  35.73,  35.64,  35.62,  35.62,  35.62,  35.60,  35.58,  35.64,  35.73,  35.78,  35.81,  35.76,  35.71,  35.69,  35.64
20121213, 1200,  , TD, 30.3S,  77.9E,  30, 1000,    0,    0,    0,    0,    0,    0,    0,    0,    0,    0,    0,    0, -999,  35.33,  35.35,  35.28,  35.25,  35.40,  35.51,  35.58,  35.53,  35.47,  35.42,  35.41,  35.43,  35.42,  35.42,  35.40,  35.40,  35.40,  35.42,  35.40,  35.40,  35.40,  35.46,  35.47,  35.48,  35.46,  35.55,  35.67,  35.68,  35.69,  35.64,  35.53
