SH031996,            UNNAMED,     33,
19951206, 0000,  , LO, 10.3S, 115.8E,  15,    0,    0,    0,    0,    0,    0,    0,    0,    0,    0,    0,    0,    0, -999,  23.06,  23.18,  22.94,  22.91,  23.49,  23.52,  23.53,  23.39,  23.64,  23.52,  23.65,  24.04,  24.19,  24.42,  24.77,  24.70,  24.83,  24.52,  24.51,  24.23,  24.31,  24.19,  24.15,  24.79,  23.91,  24.29,  23.60,  23.67,  24.07,  23.60,  23.78
19951206, 0600,  , LO, 10.7S, 116.6E,  20,    0,    0,    0,    0,    0,    0,    0,    0,    0,    0,    0,    0,    0, -999,  24.50,  24.23,  23.51,  23.78,  23.66,  24.20,  24.14,  24.09,  24.04,  23.94,  24.06,  24.13,  24.27,  24.29,  24.43,  24.11,  24.08,  23.71,  23.85,  24.00,  23.74,  23.87,  23.74,  24.04,  23.62,  24.12,  23.35,  23.43,  23.37,  23.22,  23.14
19951206, 1200,  , LO, 11.2S, 117.5E,  20,    0,    0,    0,    0,    0,    0,    0,    0,    0,    0,    0,    0,    0, -999,  24.73,  24.59,  24.27,  24.25,  24.48,  24.70,  24.61,  24.79,  24.80,  24.81,  24.87,  24.64,  24.68,  24.79,  24.43,  24.56,  24.27,  23.81,  23.84,  23.63,  23.73,  23.94,  23.75,  23.80,  23.85,  23.86,  23.75,  23.85,  23.73,  23.73,  23.56
19951206, 1800,  , LO, 11.6S, 118.1E,  25,    0,    0,    0,    0,    0,    0,    0,    0,    0,    0,    0,    0,    0, -999,  25.14,  24.78,  24.72,  24.31,  25.02,  24.92,  24.84,  25.16,  25.07,  25.01,  24.55,  24.53,  24.74,  24.62,  24.69,  24.08,  23.61,  22.57,  22.55,  22.77,  22.82,  23.12,  23.07,  23.35,  23.36,  23.25,  23.22,  23.36,  23.33,  23.33,  23.66
19951207, 0000,  , LO, 12.0S, 118.5E,  25,    0,    0,    0,    0,    0,    0,    0,    0,    0,    0,    0,    0,    0, -999,  25.09,  24.95,  25.19,  25.05,  25.24,  25.41,  25.44,  24.96,  24.70,  24.46,  24.09,  24.48,  25.03,  25.17,  25.15,  24.85,  23.73,  23.26,  23.75,  23.75,  24.06,  23.80,  23.60,  23.47,  23.51,  23.51,  23.85,  23.72,  23.96,  24.59,  25.38
19951207, 0600,  , LO, 12.5S, 118.5E,  30,    0,    0,    0,    0,    0,    0,    0,    0,    0,    0,    0,    0,    0, -999,  25.27,  25.43,  25.64,  25.92,  26.00,  26.09,  25.86,  25.75,  25.44,  25.33,  25.10,  25.37,  26.15,  26.24,  25.76,  25.24,  23.86,  23.16,  22.95,  22.64,  22.77,  22.63,  23.20,  23.61,  24.16,  23.87,  24.14,  24.39,  24.38,  25.04,  25.26
19951207, 1200,  , TS, 13.0S, 118.3E,  35,    0,    0,    0,    0,    0,    0,    0,    0,    0,    0,    0,    0,    0, -999,  25.10,  25.30,  25.37,  25.82,  25.95,  26.12,  25.97,  25.91,  25.85,  25.93,  25.82,  26.07,  25.78,  25.85,  25.63,  25.54,  24.33,  23.99,  24.09,  23.46,  23.38,  23.54,  24.39,  23.17,  23.67,  24.01,  23.86,  24.00,  24.29,  25.21,  25.27
19951207, 1800,  , TS, 13.5S, 118.0E,  35,    0,    0,    0,    0,    0,    0,    0,    0,    0,    0,    0,    0,    0, -999,  24.82,  24.77,  24.69,  25.28,  25.91,  25.96,  25.80,  25.79,  25.95,  25.94,  25.91,  26.18,  26.14,  25.98,  26.26,  26.43,  25.28,  24.98,  25.34,  24.76,  24.29,  23.74,  23.08,  23.97,  24.03,  23.84,  23.98,  24.65,  24.91,  25.29,  25.85
19951208, 0000,  , TS, 14.0S, 117.7E,  45,    0,    0,    0,    0,    0,    0,    0,    0,    0,    0,    0,    0,    0, -999,  24.17,  24.05,  24.97,  25.34,  25.40,  25.52,  25.22,  25.16,  25.22,  24.87,  25.20,  25.59,  25.45,  25.66,  25.65,  24.89,  24.40,  25.57,  24.41,  24.59,  24.35,  23.89,  24.30,  24.09,  23.95,  23.77,  23.61,  23.35,  24.53,  25.28,  25.17
19951208, 0600,  , TS, 14.5S, 117.4E,  45,    0,    0,    0,    0,    0,    0,    0,    0,    0,    0,    0,    0,    0, -999,  24.62,  24.76,  25.02,  24.78,  24.70,  24.53,  24.80,  24.63,  24.85,  25.07,  25.44,  25.69,  25.80,  25.66,  24.97,  24.34,  23.70,  24.55,  23.95,  24.42,  23.56,  24.01,  24.14,  24.40,  24.18,  24.50,  24.27,  24.19,  25.17,  25.74,  26.07
19951208, 1200,  , TS, 15.1S, 117.1E,  50,    0,    0,    0,    0,    0,    0,    0,    0,    0,    0,    0,    0,    0, -999,  24.09,  24.50,  24.20,  24.03,  24.09,  23.97,  24.23,  24.37,  24.58,  25.27,  25.39,  25.26,  24.87,  24.56,  24.33,  24.35,  24.17,  24.08,  24.08,  24.40,  23.20,  24.09,  24.17,  24.34,  24.10,  24.16,  24.06,  24.66,  25.26,  24.96,  25.23
19951208, 1800,  , TS, 15.8S, 116.7E,  55,    0,    0,    0,    0,    0,    0,    0,    0,    0,    0,    0,    0,    0, -999,  24.68,  25.00,  24.52,  24.29,  24.26,  24.01,  23.93,  23.84,  23.77,  24.04,  24.17,  24.07,  24.00,  24.00,  23.77,  23.88,  23.71,  22.70,  22.72,  23.32,  22.85,  22.75,  22.50,  21.93,  21.99,  22.21,  22.68,  23.24,  23.68,  24.23,  24.16
19951209, 0000,  , HU, 16.6S, 116.3E,  65,    0,    0,    0,    0,    0,    0,    0,    0,    0,    0,    0,    0,    0, -999,  25.30,  24.54,  24.00,  24.52,  24.92,  25.07,  25.12,  25.35,  25.87,  25.47,  25.36,  25.04,  24.51,  23.76,  23.92,  23.73,  23.37,  23.61,  23.35,  23.53,  22.96,  22.72,  22.54,  22.69,  22.53,  22.51,  22.47,  23.00,  23.18,  22.99,  22.88
19951209, 0600,  , HU, 17.4S, 116.0E,  75,    0,    0,    0,    0,    0,    0,    0,    0,    0,    0,    0,    0,    0, -999,  25.14,  24.90,  24.65,  24.72,  24.82,  24.84,  25.09,  25.32,  25.96,  26.03,  26.20,  26.54,  26.48,  26.08,  26.16,  26.57,  26.67,  25.78,  24.90,  24.07,  23.74,  23.80,  23.71,  24.25,  24.43,  24.43,  24.61,  24.64,  24.67,  24.73,  24.52
19951209, 1200,  , HU, 18.0S, 115.8E,  75,    0,    0,    0,    0,    0,    0,    0,    0,    0,    0,    0,    0,    0, -999,  24.70,  24.64,  24.59,  24.55,  24.37,  24.33,  24.48,  24.97,  25.66,  25.71,  26.01,  25.77,  25.80,  25.68,  25.88,  26.46,  26.47,  25.91,  24.80,  24.30,  24.05,  24.14,  24.49,  24.55,  24.59,  25.16,  25.71,  26.44,  26.50,  26.49,  26.29
19951209, 1800,  , HU, 18.7S, 115.5E,  75,    0,    0,    0,    0,    0,    0,    0,    0,    0,    0,    0,    0,    0, -999,  25.43,  25.78,  25.99,  25.63,  25.34,  25.13,  24.95,  24.94,  25.21,  24.87,  24.69,  24.60,  24.61,  24.07,  24.09,  24.29,  24.25,  24.15,  23.93,  23.99,  23.93,  24.15,  24.61,  24.79,  24.46,  24.35,  24.44,  24.33,  24.24,  24.35,  24.47
19951210, 0000,  , HU, 19.3S, 115.1E,  90,    0,    0,    0,    0,    0,    0,    0,    0,    0,    0,    0,    0,    0, -999,  24.81,  25.03,  24.98,  24.87,  24.83,  24.85,  24.87,  25.51,  25.70,  25.60,  25.32,  25.11,  24.83,  24.77,  24.12,  23.34,  22.10,  22.19,  22.60,  22.56,  22.87,  24.17,  24.99,  24.82,  24.63,  24.77,  24.56,  24.24,  24.07,  24.23,  24.17
19951210, 0600,  , HU, 19.9S, 114.8E, 115,    0,    0,    0,    0,    0,    0,    0,    0,    0,    0,    0,    0,    0, -999,  24.63,  24.75,  24.82,  24.82,  24.98,  25.14,  25.10,  25.37,  25.55,  25.65,  25.63,  25.59,  25.42,  25.67,  24.92,  24.92,  23.45,  23.55,  23.43,  23.01,  23.06,  23.80,  24.20,  24.67,  24.76,  24.93,  24.52,  24.52,  24.44,  24.73,  24.87
19951210, 1200,  , HU, 20.3S, 114.5E, 115,    0,    0,    0,    0,    0,    0,    0,    0,    0,    0,    0,    0,    0, -999,  24.22,  24.24,  24.29,  24.29,  24.41,  24.51,  24.38,  24.93,  25.09,  25.08,  25.08,  24.95,  24.68,  24.70,  24.13,  24.45,  24.05,  23.83,  23.43,  22.76,  22.89,  23.44,  23.50,  23.53,  23.75,  24.72,  24.45,  24.98,  24.97,  25.19,  25.07
19951210, 1800,  , HU, 20.5S, 114.3E, 115,    0,    0,    0,    0,    0,    0,    0,    0,    0,    0,    0,    0,    0, -999,  24.15,  23.96,  24.00,  23.93,  23.90,  24.01,  23.86,  24.50,  24.69,  24.76,  24.84,  24.71,  24.45,  24.75,  24.43,  24.06,  23.72,  24.08,  23.59,  23.08,  23.14,  23.48,  23.61,  23.56,  23.56,  24.40,  24.88,  25.07,  25.05,  25.20,  25.05
19951211, 0000,  , HU, 20.8S, 113.8E, 100,    0,    0,    0,    0,    0,    0,    0,    0,    0,    0,    0,    0,    0, -999,  23.81,  23.83,  23.91,  23.77,  23.77,  23.67,  23.97,  23.96,  23.87,  23.70,  23.77,  23.56,  23.72,  23.71,  23.86,  23.59,  23.00,  23.09,  23.27,  23.04,  23.06,  23.31,  23.60,  23.78,  24.54,  24.77,  25.18,  25.07,  25.16,  25.16,  25.20
19951211, 0600,  , HU, 21.3S, 113.5E, 100,    0,    0,    0,    0,    0,    0,    0,    0,    0,    0,    0,    0,    0, -999,  24.43,  24.86,  24.67,  24.15,  24.07,  24.01,  24.07,  24.10,  24.10,  23.88,  24.09,  23.82,  23.56,  23.22,  23.39,  23.77,  23.26,  23.23,  23.27,  23.19,  23.73,  24.09,  23.82,  24.11,  24.94,  24.91,  25.06,  25.13,  25.16,  25.14,  25.17
19951211, 1200,  , HU, 21.8S, 113.3E, 100,    0,    0,    0,    0,    0,    0,    0,    0,    0,    0,    0,    0,    0, -999,  24.69,  24.67,  24.54,  24.77,  24.78,  24.52,  24.57,  24.91,  24.93,  25.19,  24.94,  25.12,  24.93,  24.29,  24.07,  24.50,  23.55,  23.44,  23.43,  23.32,  23.70,  23.97,  24.07,  24.66,  24.80,  24.88,  24.94,  24.87,  24.76,  24.71,  24.70
19951211, 1800,  , HU, 22.4S, 113.1E,  90,    0,    0,    0,    0,    0,    0,    0,    0,    0,    0,    0,    0,    0, -999,  24.21,  24.20,  24.31,  24.34,  24.09,  24.00,  23.97,  24.15,  24.16,  24.30,  24.23,  24.27,  24.37,  24.39,  24.63,  24.95,  24.65,  24.25,  23.87,  24.15,  24.60,  24.55,  24.47,  24.54,  24.53,  24.46,  24.35,  23.97,  24.09,  24.11,  23.20
19951212, 0000,  , HU, 22.9S, 113.0E,  70,    0,    0,    0,    0,    0,    0,    0,    0,    0,    0,    0,    0,    0, -999,  24.36,  24.25,  24.33,  24.05,  24.05,  24.11,  24.13,  23.95,  23.95,  24.01,  24.14,  24.19,  24.17,  24.22,  24.75,  25.07,  25.13,  25.00,  24.98,  24.98,  24.64,  24.63,  24.88,  24.65,  24.38,  24.43,  24.39,  24.32,  24.25,  23.06,  22.52
19951212, 0600,  , HU, 23.5S, 113.0E,  65,    0,    0,    0,    0,    0,    0,    0,    0,    0,    0,    0,    0,    0, -999,  23.50,  23.46,  23.46,  23.35,  23.35,  23.43,  23.43,  23.39,  23.19,  23.32,  23.64,  23.78,  23.87,  24.01,  24.10,  24.20,  24.28,  24.33,  24.28,  24.06,  23.96,  24.07,  24.23,  24.19,  24.09,  24.24,  24.15,  24.15,  24.17,  24.06,  24.12
19951212, 1200,  , TS, 24.2S, 113.2E,  60,    0,    0,    0,    0,    0,    0,    0,    0,    0,    0,    0,    0,    0, -999,    nan,    nan,    nan,    nan,    nan,    nan,    nan,    nan,    nan,    nan,    nan,    nan,    nan,    nan,    nan,    nan,    nan,    nan,    nan,    nan,    nan,    nan,    nan,    nan,    nan,    nan,    nan,    nan,    nan,    nan,    nan
19951212, 1800,  , TS, 25.0S, 113.5E,  55,    0,    0,    0,    0,    0,    0,    0,    0,    0,    0,    0,    0,    0, -999,    nan,    nan,    nan,    nan,    nan,    nan,    nan,    nan,    nan,    nan,    nan,    nan,    nan,    nan,    nan,    nan,    nan,    nan,    nan,    nan,    nan,    nan,    nan,    nan,    nan,    nan,    nan,    nan,    nan,    nan,    nan
19951213, 0000,  , TS, 25.9S, 114.2E,  35,    0,    0,    0,    0,    0,    0,    0,    0,    0,    0,    0,    0,    0, -999,    nan,    nan,    nan,    nan,    nan,    nan,    nan,    nan,    nan,    nan,    nan,    nan,    nan,    nan,    nan,    nan,    nan,    nan,    nan,    nan,    nan,    nan,    nan,    nan,    nan,    nan,    nan,    nan,    nan,    nan,    nan
19951213, 0600,  , LO, 26.8S, 115.5E,  30,    0,    0,    0,    0,    0,    0,    0,    0,    0,    0,    0,    0,    0, -999,    nan,    nan,    nan,    nan,    nan,    nan,    nan,    nan,    nan,    nan,    nan,    nan,    nan,    nan,    nan,    nan,    nan,    nan,    nan,    nan,    nan,    nan,    nan,    nan,    nan,    nan,    nan,    nan,    nan,    nan,    nan
19951213, 1200,  , LO, 27.4S, 117.4E,  30,    0,    0,    0,    0,    0,    0,    0,    0,    0,    0,    0,    0,    0, -999,    nan,    nan,    nan,    nan,    nan,    nan,    nan,    nan,    nan,    nan,    nan,    nan,    nan,    nan,    nan,    nan,    nan,    nan,    nan,    nan,    nan,    nan,    nan,    nan,    nan,    nan,    nan,    nan,    nan,    nan,    nan
19951213, 1800,  , LO, 28.0S, 119.4E,  25,    0,    0,    0,    0,    0,    0,    0,    0,    0,    0,    0,    0,    0, -999,    nan,    nan,    nan,    nan,    nan,    nan,    nan,    nan,    nan,    nan,    nan,    nan,    nan,    nan,    nan,    nan,    nan,    nan,    nan,    nan,    nan,    nan,    nan,    nan,    nan,    nan,    nan,    nan,    nan,    nan,    nan
19951214, 0000,  , LO, 28.6S, 121.4E,  15,    0,    0,    0,    0,    0,    0,    0,    0,    0,    0,    0,    0,    0, -999,    nan,    nan,    nan,    nan,    nan,    nan,    nan,    nan,    nan,    nan,    nan,    nan,    nan,    nan,    nan,    nan,    nan,    nan,    nan,    nan,    nan,    nan,    nan,    nan,    nan,    nan,    nan,    nan,    nan,    nan,    nan
