SH032017,              THREE,     36,
20170125, 1200,  , DB, 16.0S, 126.6E,  20, 1007,    0,    0,    0,    0,    0,    0,    0,    0,    0,    0,    0,    0, -999,    nan,    nan,    nan,    nan,    nan,    nan,    nan,    nan,    nan,    nan,    nan,    nan,    nan,    nan,    nan,    nan,    nan,    nan,    nan,    nan,    nan,    nan,    nan,    nan,    nan,    nan,    nan,    nan,    nan,    nan,    nan
20170125, 1800,  , DB, 16.2S, 125.8E,  20, 1007,    0,    0,    0,    0,    0,    0,    0,    0,    0,    0,    0,    0, -999,    nan,    nan,    nan,    nan,    nan,    nan,    nan,    nan,    nan,    nan,    nan,    nan,    nan,    nan,    nan,    nan,    nan,    nan,    nan,    nan,    nan,    nan,    nan,    nan,    nan,    nan,    nan,    nan,    nan,    nan,    nan
20170126, 0000,  , DB, 16.5S, 124.6E,  20, 1007,    0,    0,    0,    0,    0,    0,    0,    0,    0,    0,    0,    0, -999,    nan,    nan,    nan,    nan,    nan,    nan,    nan,    nan,    nan,    nan,    nan,    nan,    nan,    nan,    nan,    nan,    nan,    nan,    nan,    nan,    nan,    nan,    nan,    nan,    nan,    nan,    nan,    nan,    nan,    nan,    nan
20170126, 0600,  , TD, 17.0S, 123.6E,  25,  998,    0,    0,    0,    0,    0,    0,    0,    0,    0,    0,    0,    0, -999,    nan,    nan,    nan,    nan,    nan,    nan,    nan,    nan,    nan,    nan,    nan,    nan,    nan,    nan,    nan,    nan,    nan,    nan,    nan,    nan,    nan,    nan,    nan,    nan,    nan,    nan,    nan,    nan,    nan,    nan,    nan
20170126, 1200,  , TD, 17.1S, 122.0E,  25,  998,    0,    0,    0,    0,    0,    0,    0,    0,    0,    0,    0,    0, -999,  34.88,  34.86,  34.89,  34.85,  34.84,  34.87,  34.87,  34.86,  34.84,  34.82,  34.86,  34.87,  34.86,  34.87,    nan,  34.87,  34.81,  34.68,  34.63,  34.56,  34.52,  34.51,  34.53,  34.56,  34.56,  34.54,  34.53,  34.48,  34.58,  34.64,  34.68
20170126, 1800,  , TD, 17.4S, 121.2E,  25, 1004,    0,    0,    0,    0,    0,    0,    0,    0,    0,    0,    0,    0, -999,  34.86,  34.86,  34.87,  34.87,  34.87,  34.92,  34.93,  34.95,  34.97,  34.98,  34.99,  35.00,  35.00,  34.99,    nan,  34.95,  34.94,  34.91,  34.89,  34.87,  34.85,  34.86,  34.90,  34.92,  34.91,  34.91,  34.94,  34.92,  34.94,  34.94,  34.94
20170127, 0000,  , TD, 17.8S, 120.2E,  30,  998,    0,    0,    0,    0,    0,    0,    0,    0,    0,    0,    0,    0, -999,  34.81,  34.91,  34.94,  34.90,  34.93,  34.95,  34.95,  34.97,  34.98,  34.98,  34.96,  34.93,  34.96,    nan,  35.01,  35.00,  34.98,  34.96,  34.95,  34.92,  34.92,  34.90,  34.86,  34.83,  34.89,  34.91,  34.94,  34.98,  34.91,  34.91,  34.94
20170127, 0600,  , TS, 18.3S, 118.9E,  35,  994,   30,   40,   40,   30,    0,    0,    0,    0,    0,    0,    0,    0, -999,  34.85,  34.89,  34.93,  34.90,  34.91,  34.94,  34.91,  34.93,  34.94,  34.97,  34.98,  35.00,  35.01,    nan,  34.99,  34.97,  34.94,  34.92,  34.92,  34.86,  34.84,  34.86,  34.88,  34.91,  34.94,  34.93,  34.92,  34.89,  34.92,  34.93,  34.96
20170127, 1200,  , TS, 18.9S, 117.6E,  35,  994,   60,   80,   80,   45,    0,    0,    0,    0,    0,    0,    0,    0, -999,  34.99,  35.00,  35.00,  35.02,  35.03,  35.05,  35.03,  35.03,  35.03,  35.04,  35.06,  35.07,  35.07,    nan,  35.07,  35.07,  35.06,  35.08,  35.05,  35.00,  34.94,  34.96,  34.95,  34.96,  34.96,  34.95,  34.88,  34.97,  34.96,  34.95,  34.95
20170127, 1800,  , TS, 19.5S, 116.4E,  40,  992,   70,   90,   85,   50,    0,    0,    0,    0,    0,    0,    0,    0, -999,  34.96,  34.97,  34.98,  34.99,  35.00,  35.01,  35.02,  35.03,  35.04,  35.04,  35.04,  35.04,  35.05,    nan,  35.05,  35.04,  35.02,  34.99,  34.99,  34.99,  35.00,  35.00,  35.01,  35.02,  35.03,  35.03,  35.02,  35.03,  34.99,  34.97,  34.98
20170128, 0000,  , TS, 20.3S, 114.8E,  50,  985,   70,   90,   85,   50,    0,    0,    0,    0,    0,    0,    0,    0, -999,  35.02,  35.04,  35.07,  35.00,  35.01,  35.06,  35.07,  35.07,  35.08,  35.07,  35.06,  35.05,    nan,  35.07,  35.07,  35.07,  35.01,  34.99,  34.99,  34.99,  35.02,  35.03,  35.01,  34.99,  35.00,  35.00,  34.99,  34.93,  34.94,  34.96,  34.98
20170128, 0600,  , TS, 20.5S, 113.0E,  50,  985,   70,   90,   85,   50,    0,    0,    0,    0,    0,    0,    0,    0, -999,  35.11,  35.08,  35.08,  35.08,  35.07,  35.08,  35.07,  35.08,  35.11,  35.12,  35.14,  35.13,    nan,  35.13,  35.11,  35.13,  35.11,  35.05,  35.04,  35.04,  35.03,  35.04,  35.07,  35.06,  35.05,  35.02,  35.07,  35.08,  35.06,  35.03,  35.05
20170128, 1200,  , TS, 20.1S, 111.6E,  45,  989,   50,   85,   85,   50,    0,    0,    0,    0,    0,    0,    0,    0, -999,  35.04,  35.05,  35.07,  35.05,  35.04,  35.05,  35.04,  35.05,  35.05,  35.05,  35.04,  35.04,    nan,  35.02,  35.01,  34.97,  34.95,  34.95,  34.94,  34.97,  34.94,  34.94,  34.92,  34.93,  34.91,  34.94,  34.96,  34.98,  35.00,  34.97,  34.99
20170128, 1800,  , TS, 19.8S, 110.8E,  40,  996,   30,   95,   95,   45,    0,    0,    0,    0,    0,    0,    0,    0, -999,  34.91,  34.92,  34.92,  34.90,  34.93,  35.01,  34.97,  34.91,  34.88,  34.92,  34.97,  34.92,    nan,  34.97,  35.04,  35.01,  35.01,  34.95,  35.01,  34.97,  34.98,  34.99,  34.99,  34.98,  34.98,  34.97,  34.98,  34.98,  34.98,  35.03,  34.98
20170129, 0000,  , TS, 19.5S, 110.1E,  35,  998,   30,   95,   95,   45,    0,    0,    0,    0,    0,    0,    0,    0, -999,  34.95,  34.92,  34.90,  34.90,  34.92,  34.93,  34.93,  34.88,  34.88,  34.87,  34.87,    nan,  34.84,  34.81,  34.85,  34.90,  34.91,  34.95,  34.90,  35.02,  35.01,  34.98,  34.98,  34.98,  34.97,  34.98,  34.98,  35.01,  34.97,  34.94,  34.92
20170129, 0600,  , TD, 19.3S, 109.6E,  30, 1000,    0,    0,    0,    0,    0,    0,    0,    0,    0,    0,    0,    0, -999,  34.88,  34.88,  34.91,  34.91,  34.90,  34.89,  34.88,  34.84,  34.81,  34.78,  34.83,    nan,  34.86,  34.86,  34.82,  34.81,  34.80,  34.80,  34.84,  34.85,  34.87,  34.86,  34.90,  34.92,  34.92,  34.96,  34.91,  34.89,  34.85,  34.85,  34.83
20170129, 0900,  , TD, 19.5S, 109.4E,  30, 1000,    0,    0,    0,    0,    0,    0,    0,    0,    0,    0,    0,    0, -999,  34.86,  34.89,  34.89,  34.89,  34.90,  34.86,  34.80,  34.77,  34.73,  34.69,  34.78,    nan,  34.80,  34.80,  34.75,  34.79,  34.79,  34.81,  34.83,  34.85,  34.90,  34.92,  34.98,  34.97,  34.97,  34.98,  34.91,  34.93,  34.95,  34.91,  34.80
20170129, 1200,  , TD, 19.1S, 108.8E,  30, 1000,    0,    0,    0,    0,    0,    0,    0,    0,    0,    0,    0,    0, -999,  34.75,  34.79,  34.81,  34.79,  34.76,  34.71,  34.61,  34.60,  34.60,  34.61,  34.62,    nan,  34.61,  34.64,  34.63,  34.66,  34.66,  34.74,  34.68,  34.70,  34.72,  34.74,  34.75,  34.76,  34.79,  34.80,  34.81,  34.83,  34.82,  34.83,  34.82
20170129, 1800,  , TD, 19.1S, 108.0E,  30, 1000,    0,    0,    0,    0,    0,    0,    0,    0,    0,    0,    0,    0, -999,  34.72,  34.75,  34.76,  34.78,  34.79,  34.74,  34.73,  34.81,  34.82,  34.81,  34.82,    nan,  34.90,  34.89,  34.90,  34.94,  34.97,  34.97,  34.98,  34.99,  35.00,  34.98,  35.01,  35.02,  35.05,  35.09,  35.04,  35.00,  34.99,  35.05,  34.92
20170130, 0000,  , TD, 19.4S, 107.3E,  25, 1004,    0,    0,    0,    0,    0,    0,    0,    0,    0,    0,    0,    0, -999,  34.97,  34.91,  35.00,  35.00,  34.96,  34.95,  34.95,  34.94,  34.91,  34.87,    nan,  35.06,  35.08,  35.09,  35.13,  35.09,  35.10,  35.12,  35.15,  35.14,  35.11,  35.14,  35.14,  35.15,  35.16,  35.15,  35.12,  35.09,  35.02,  34.97,  34.98
20170130, 0600,  , TD, 20.0S, 106.3E,  25, 1000,    0,    0,    0,    0,    0,    0,    0,    0,    0,    0,    0,    0, -999,  34.91,  34.88,  34.97,  34.95,  34.95,  34.94,  34.93,  34.90,  34.88,  34.89,    nan,  34.83,  34.84,  34.89,  34.87,  34.94,  34.86,  34.84,  34.83,  34.90,  34.96,  35.00,  35.02,  35.04,  35.07,  35.10,  35.09,  35.08,  35.09,  35.06,  35.06
20170130, 1200,  , TD, 20.5S, 105.2E,  25, 1004,    0,    0,    0,    0,    0,    0,    0,    0,    0,    0,    0,    0, -999,  34.98,  35.08,  35.08,  34.92,  34.84,  34.87,  34.84,  34.83,  34.87,  34.89,    nan,  34.90,  34.89,  34.94,  34.97,  34.89,  34.91,  34.84,  34.84,  34.84,  34.86,  34.83,  34.85,  34.83,  34.88,  34.86,  34.88,  34.89,  34.90,  34.90,  34.91
20170130, 1800,  , DB, 20.8S, 104.4E,  20, 1007,    0,    0,    0,    0,    0,    0,    0,    0,    0,    0,    0,    0, -999,  34.99,  34.98,  35.02,  35.08,  35.20,  35.20,  35.13,  35.09,  35.02,  34.88,    nan,  35.00,  35.03,  34.98,  34.99,  34.94,  34.94,  34.93,  34.91,  34.83,  34.80,  34.81,  34.86,  34.86,  34.86,  34.93,  34.92,  34.91,  34.90,  34.90,  34.92
20170131, 0000,  , DB, 21.1S, 103.5E,  20,  999,    0,    0,    0,    0,    0,    0,    0,    0,    0,    0,    0,    0, -999,  35.23,  35.27,  35.29,  35.30,  35.29,  35.32,  35.31,  35.33,  35.33,    nan,  35.40,  35.38,  35.40,  35.41,  35.44,  35.45,  35.43,  35.42,  35.38,  35.22,  35.18,  35.19,  35.12,  34.99,  34.93,  34.89,  34.91,  34.90,  34.92,  34.98,  35.09
20170131, 0600,  , DB, 21.3S, 102.6E,  20, 1004,    0,    0,    0,    0,    0,    0,    0,    0,    0,    0,    0,    0, -999,  35.17,  35.22,  35.24,  35.25,  35.25,  35.25,  35.27,  35.29,  35.33,    nan,  35.40,  35.36,  35.34,  35.36,  35.42,  35.45,  35.42,  35.42,  35.40,  35.36,  35.31,  35.24,  35.37,  35.35,  35.31,  35.24,  35.15,  35.16,  35.13,  35.13,  35.21
20170131, 1200,  , DB, 21.6S, 101.2E,  20, 1007,    0,    0,    0,    0,    0,    0,    0,    0,    0,    0,    0,    0, -999,  35.17,  35.21,  35.22,  35.23,  35.23,  35.23,  35.21,  35.20,  35.19,    nan,  35.25,  35.21,  35.16,  35.05,  35.11,  35.11,  35.08,  35.05,  35.04,  35.04,  35.03,  35.06,  35.02,  35.04,  35.08,  35.06,  35.11,  35.09,  35.09,  35.12,  35.19
20170131, 1800,  , DB, 22.1S,  99.8E,  20, 1002,    0,    0,    0,    0,    0,    0,    0,    0,    0,    0,    0,    0, -999,  35.04,  35.03,  35.04,  35.03,  35.06,  35.07,  35.09,  35.09,  35.11,    nan,  35.12,  35.13,  35.12,  35.13,  35.12,  35.14,  35.13,  35.14,  35.12,  35.13,  35.14,  35.13,  35.12,  35.12,  35.14,  35.26,  35.29,  35.29,  35.29,  35.29,  35.29
20170201, 0000,  , DB, 22.4S,  98.6E,  20, 1002,    0,    0,    0,    0,    0,    0,    0,    0,    0,    0,    0,    0, -999,  35.13,  35.16,  35.16,  35.15,  35.16,  35.17,  35.15,  35.15,    nan,  35.09,  35.13,  35.14,  35.15,  35.19,  35.17,  35.13,  35.03,  35.11,  35.10,  35.14,  35.12,  35.10,  35.07,  35.10,  35.15,  35.17,  35.19,  35.20,  35.20,  35.20,  35.21
20170201, 0600,  , DB, 22.7S,  97.3E,  20, 1006,    0,    0,    0,    0,    0,    0,    0,    0,    0,    0,    0,    0, -999,  35.12,  35.07,  35.01,  35.01,  35.00,  35.19,  35.23,  35.25,    nan,  35.22,  35.20,  35.17,  35.15,  35.16,  35.13,  35.13,  35.13,  35.13,  35.11,  35.13,  35.15,  35.18,  35.19,  35.22,  35.33,  35.35,  35.36,  35.35,  35.31,  35.28,  35.27
20170201, 1200,  , XX, 23.1S,  95.7E,  20, 1006,    0,    0,    0,    0,    0,    0,    0,    0,    0,    0,    0,    0, -999,  35.37,  35.31,  35.29,  35.27,  35.32,  35.36,  35.43,  35.48,    nan,  35.56,  35.55,  35.52,  35.37,  35.28,  35.27,  35.25,  35.25,  35.28,  35.29,  35.28,  35.25,  35.26,  35.27,  35.24,  35.22,  35.18,  35.18,  35.19,  35.22,  35.19,  35.16
20170201, 1800,  , DB, 23.4S,  94.6E,  20, 1007,    0,    0,    0,    0,    0,    0,    0,    0,    0,    0,    0,    0, -999,  35.26,  35.25,  35.26,  35.33,  35.34,  35.36,  35.36,  35.35,    nan,  35.32,  35.28,  35.45,  35.29,  35.10,  34.99,  34.99,  35.26,  35.30,  35.28,  35.28,  35.38,  35.49,  35.32,  35.28,  35.28,  35.32,  35.30,  35.30,  35.30,  35.21,  35.17
20170202, 0000,  , XX, 23.2S,  93.0E,  20, 1007,    0,    0,    0,    0,    0,    0,    0,    0,    0,    0,    0,    0, -999,  35.48,  35.62,  35.67,  35.65,  35.68,  35.66,  35.64,    nan,  35.57,  35.39,  35.29,  35.29,  35.28,  35.27,  35.23,  35.23,  35.16,  35.10,  35.06,  35.00,  35.01,  35.00,  35.06,  35.05,  35.03,  35.03,  35.02,  35.02,  35.01,  35.01,  35.02
20170202, 0600,  , XX, 23.5S,  91.5E,  20, 1007,    0,    0,    0,    0,    0,    0,    0,    0,    0,    0,    0,    0, -999,  35.45,  35.39,  35.37,  35.36,  35.37,  35.36,  35.36,    nan,  35.37,  35.25,  35.21,  35.15,  35.07,  35.09,  35.12,  35.05,  35.25,  35.41,  35.42,  35.40,  35.37,  35.34,  35.30,  35.31,  35.39,  35.38,  35.38,  35.37,  35.25,  35.21,  35.18
20170202, 1200,  , XX, 23.6S,  90.1E,  20, 1006,    0,    0,    0,    0,    0,    0,    0,    0,    0,    0,    0,    0, -999,  35.51,  35.56,  35.61,  35.59,  35.57,  35.59,  35.57,    nan,  35.57,  35.45,  35.42,  35.39,  35.42,  35.58,  35.56,  35.56,  35.54,  35.50,  35.47,  35.49,  35.50,  35.48,  35.53,  35.52,  35.48,  35.45,  35.46,  35.47,  35.47,  35.45,  35.46
20170202, 1800,  , XX, 23.4S,  88.6E,  20, 1007,    0,    0,    0,    0,    0,    0,    0,    0,    0,    0,    0,    0, -999,  35.50,  35.54,  35.56,  35.50,  35.35,  35.25,  35.25,    nan,  35.21,  35.14,  35.07,  35.08,  35.15,  35.27,  35.34,  35.37,  35.28,  35.33,  35.29,  35.32,  35.40,  35.43,  35.47,  35.48,  35.52,  35.44,  35.48,  35.51,  35.50,  35.48,  35.49
20170203, 0000,  , XX, 22.9S,  87.2E,  20, 1007,    0,    0,    0,    0,    0,    0,    0,    0,    0,    0,    0,    0, -999,  35.39,  35.39,  35.40,  35.39,  35.46,  35.45,    nan,  35.42,  35.39,  35.28,  35.31,  35.31,  35.31,  35.33,  35.19,  35.16,  35.12,  35.06,  35.03,  35.07,  35.13,  35.14,  35.18,  35.18,  35.16,  35.16,  35.17,  35.16,  35.21,  35.09,  35.05
