SH032017,              THREE,     36,
20170125, 1200,  , DB, 16.0S, 126.6E,  20, 1007,    0,    0,    0,    0,    0,    0,    0,    0,    0,    0,    0,    0, -999,    nan,    nan,    nan,    nan,    nan,    nan,    nan,    nan,    nan,    nan,    nan,    nan,    nan,    nan,    nan,    nan,    nan,    nan,    nan,    nan,    nan,    nan,    nan,    nan,    nan,    nan,    nan,    nan,    nan,    nan,    nan
20170125, 1800,  , DB, 16.2S, 125.8E,  20, 1007,    0,    0,    0,    0,    0,    0,    0,    0,    0,    0,    0,    0, -999,    nan,    nan,    nan,    nan,    nan,    nan,    nan,    nan,    nan,    nan,    nan,    nan,    nan,    nan,    nan,    nan,    nan,    nan,    nan,    nan,    nan,    nan,    nan,    nan,    nan,    nan,    nan,    nan,    nan,    nan,    nan
20170126, 0000,  , DB, 16.5S, 124.6E,  20, 1007,    0,    0,    0,    0,    0,    0,    0,    0,    0,    0,    0,    0, -999,    nan,    nan,    nan,    nan,    nan,    nan,    nan,    nan,    nan,    nan,    nan,    nan,    nan,    nan,    nan,    nan,    nan,    nan,    nan,    nan,    nan,    nan,    nan,    nan,    nan,    nan,    nan,    nan,    nan,    nan,    nan
20170126, 0600,  , TD, 17.0S, 123.6E,  25,  998,    0,    0,    0,    0,    0,    0,    0,    0,    0,    0,    0,    0, -999,    nan,    nan,    nan,    nan,    nan,    nan,    nan,    nan,    nan,    nan,    nan,    nan,    nan,    nan,    nan,    nan,    nan,    nan,    nan,    nan,    nan,    nan,    nan,    nan,    nan,    nan,    nan,    nan,    nan,    nan,    nan
20170126, 1200,  , TD, 17.1S, 122.0E,  25,  998,    0,    0,    0,    0,    0,    0,    0,    0,    0,    0,    0,    0, -999,    nan,    nan,    nan,    nan,    nan,    nan,    nan,    nan,    nan,    nan,    nan,    nan,    nan,    nan,    nan,    nan,    nan,    nan,    nan,    nan,    nan,    nan,    nan,    nan,    nan,    nan,    nan,    nan,    nan,    nan,    nan
20170126, 1800,  , TD, 17.4S, 121.2E,  25, 1004,    0,    0,    0,    0,    0,    0,    0,    0,    0,    0,    0,    0, -999,  29.21,  29.05,  29.45,  29.49,  29.55,  29.54,  29.44,  29.23,  29.31,  29.34,  29.54,  29.72,  29.90,  29.64,    nan,  29.37,  29.34,  29.31,  29.36,  29.25,  29.20,  29.25,  29.21,  29.30,  29.46,  29.58,  29.57,  29.30,  29.17,  28.99,  28.86
20170127, 0000,  , TD, 17.8S, 120.2E,  30,  998,    0,    0,    0,    0,    0,    0,    0,    0,    0,    0,    0,    0, -999,  28.48,  28.96,  28.89,  28.59,  28.61,  28.57,  28.48,  28.44,  28.59,  28.68,  29.01,  29.24,  29.26,    nan,  28.96,  28.80,  28.71,  28.71,  28.80,  28.54,  28.21,  28.00,  27.75,  27.41,  27.11,  27.05,  26.14,  26.89,  27.52,  28.11,  28.11
20170127, 0600,  , TS, 18.3S, 118.9E,  35,  994,   30,   40,   40,   30,    0,    0,    0,    0,    0,    0,    0,    0, -999,  28.25,  28.08,  28.06,  27.92,  27.87,  27.71,  27.57,  27.35,  27.00,  26.05,  25.45,  25.42,  25.43,    nan,  25.34,  25.45,  26.58,  27.30,  28.04,  27.72,  27.25,  27.36,  27.41,  27.38,  27.52,  27.62,  27.61,  27.70,  28.40,  27.95,  27.50
20170127, 1200,  , TS, 18.9S, 117.6E,  35,  994,   60,   80,   80,   45,    0,    0,    0,    0,    0,    0,    0,    0, -999,  28.53,  28.28,  28.21,  27.99,  28.03,  27.69,  27.80,  27.94,  27.90,  28.00,  27.97,  28.49,  28.48,    nan,  28.32,  28.52,  28.58,  28.49,  28.14,  28.15,  28.18,  28.00,  27.66,  27.27,  27.03,  27.34,  27.70,  28.47,  28.45,  28.01,  27.65
20170127, 1800,  , TS, 19.5S, 116.4E,  40,  992,   70,   90,   85,   50,    0,    0,    0,    0,    0,    0,    0,    0, -999,  27.53,  27.48,  27.42,  27.31,  27.82,  27.93,  28.17,  28.10,  28.12,  28.05,  27.71,  27.73,  27.70,    nan,  27.74,  27.77,  27.87,  28.00,  27.73,  28.04,  28.31,  27.43,  27.73,  27.63,  27.96,  28.17,  28.40,  28.39,  28.38,  27.84,  27.88
20170128, 0000,  , TS, 20.3S, 114.8E,  50,  985,   70,   90,   85,   50,    0,    0,    0,    0,    0,    0,    0,    0, -999,  25.16,  26.15,  24.60,  25.20,  25.78,  26.02,  26.82,  26.57,  26.68,  26.73,  26.59,  26.44,    nan,  26.97,  26.97,  26.86,  26.93,  26.87,  27.18,  27.50,  27.80,  27.40,  26.73,  26.82,  26.55,  26.97,  26.75,  26.90,  25.68,  26.37,  24.84
20170128, 0600,  , TS, 20.5S, 113.0E,  50,  985,   70,   90,   85,   50,    0,    0,    0,    0,    0,    0,    0,    0, -999,  23.30,  23.62,  23.22,  22.79,  22.80,  23.06,  23.01,  23.11,  23.01,  23.00,  22.72,  22.70,    nan,  22.67,  23.22,  23.61,  22.46,  21.87,  22.45,  22.11,  22.49,  22.23,  22.41,  22.71,  23.02,  22.87,  22.84,  22.54,  22.53,  22.25,  23.29
20170128, 1200,  , TS, 20.1S, 111.6E,  45,  989,   50,   85,   85,   50,    0,    0,    0,    0,    0,    0,    0,    0, -999,  24.09,  23.63,  23.62,  23.69,  23.55,  23.93,  24.18,  23.93,  23.51,  23.41,  23.63,  23.45,    nan,  23.64,  23.48,  23.54,  23.52,  23.51,  22.72,  23.13,  23.50,  24.04,  23.45,  23.54,  23.32,  23.98,  23.89,  23.51,  23.80,  23.57,  24.52
20170128, 1800,  , TS, 19.8S, 110.8E,  40,  996,   30,   95,   95,   45,    0,    0,    0,    0,    0,    0,    0,    0, -999,  24.34,  24.16,  24.29,  24.20,  23.32,  23.41,  23.73,  23.55,  23.55,  23.95,  24.36,  24.77,    nan,  24.39,  23.75,  24.01,  23.99,  23.80,  23.39,  23.58,  23.87,  24.03,  23.77,  23.73,  23.46,  23.03,  23.25,  22.87,  23.28,  23.91,  23.67
20170129, 0000,  , TS, 19.5S, 110.1E,  35,  998,   30,   95,   95,   45,    0,    0,    0,    0,    0,    0,    0,    0, -999,  23.69,  23.20,  23.93,  23.63,  23.65,  23.98,  23.74,  23.43,  23.96,  24.28,  24.49,    nan,  23.45,  22.98,  22.95,  23.14,  23.29,  23.76,  24.05,  24.24,  24.39,  24.03,  24.10,  24.09,  23.84,  23.20,  23.22,  23.87,  23.43,  23.49,  23.09
20170129, 0600,  , TD, 19.3S, 109.6E,  30, 1000,    0,    0,    0,    0,    0,    0,    0,    0,    0,    0,    0,    0, -999,  23.18,  22.95,  23.37,  23.32,  23.46,  23.49,  23.35,  23.55,  23.95,  24.01,  24.34,    nan,  24.30,  23.56,  23.12,  23.04,  22.89,  23.30,  23.84,  23.43,  23.24,  23.09,  23.36,  23.59,  23.77,  22.48,  23.50,  23.52,  23.48,  23.50,  23.67
20170129, 0900,  , TD, 19.5S, 109.4E,  30, 1000,    0,    0,    0,    0,    0,    0,    0,    0,    0,    0,    0,    0, -999,  22.66,  22.30,  22.56,  22.44,  22.51,  23.40,  23.29,  23.30,  23.59,  23.65,  23.82,    nan,  24.04,  23.54,  23.20,  23.24,  22.73,  23.10,  23.23,  23.01,  23.28,  23.36,  23.51,  24.00,  23.86,  23.23,  23.72,  23.98,  23.91,  23.93,  23.33
20170129, 1200,  , TD, 19.1S, 108.8E,  30, 1000,    0,    0,    0,    0,    0,    0,    0,    0,    0,    0,    0,    0, -999,  22.61,  22.70,  22.75,  22.93,  22.92,  22.83,  23.34,  23.25,  23.29,  23.28,  23.19,    nan,  23.42,  23.52,  23.84,  23.57,  23.07,  23.36,  23.50,  23.18,  23.64,  23.99,  23.55,  23.53,  23.44,  23.23,  24.99,  24.83,  24.84,  24.53,  23.85
20170129, 1800,  , TD, 19.1S, 108.0E,  30, 1000,    0,    0,    0,    0,    0,    0,    0,    0,    0,    0,    0,    0, -999,  22.75,  22.71,  22.62,  22.80,  22.84,  22.57,  22.54,  22.75,  23.26,  22.51,  22.04,    nan,  22.00,  22.00,  22.11,  22.34,  22.16,  22.46,  22.58,  22.68,  22.53,  22.32,  22.62,  22.37,  22.61,  22.49,  22.21,  22.04,  21.86,  21.91,  22.12
20170130, 0000,  , TD, 19.4S, 107.3E,  25, 1004,    0,    0,    0,    0,    0,    0,    0,    0,    0,    0,    0,    0, -999,  22.60,  22.48,  22.69,  22.57,  22.44,  22.66,  22.71,  22.83,  22.16,  22.24,    nan,  21.87,  21.84,  21.85,  22.04,  21.84,  22.00,  22.15,  21.91,  21.96,  22.00,  22.20,  21.87,  21.96,  21.93,  21.61,  21.93,  22.01,  22.01,  22.30,  23.05
20170130, 0600,  , TD, 20.0S, 106.3E,  25, 1000,    0,    0,    0,    0,    0,    0,    0,    0,    0,    0,    0,    0, -999,  23.00,  22.65,  23.42,  23.20,  22.93,  23.12,  23.46,  23.55,  23.41,  23.39,    nan,  22.05,  22.04,  22.11,  22.30,  22.10,  22.00,  22.02,  22.25,  22.80,  22.46,  22.08,  22.07,  22.08,  22.05,  22.51,  22.50,  22.36,  22.36,  22.07,  22.25
20170130, 1200,  , TD, 20.5S, 105.2E,  25, 1004,    0,    0,    0,    0,    0,    0,    0,    0,    0,    0,    0,    0, -999,  21.61,  21.62,  21.92,  22.09,  22.13,  22.32,  21.68,  21.27,  21.42,  21.66,    nan,  21.23,  21.57,  21.83,  21.44,  22.43,  22.08,  22.12,  21.94,  22.04,  22.09,  22.14,  22.05,  22.00,  22.60,  22.50,  22.29,  22.06,  21.96,  22.38,  22.27
20170130, 1800,  , DB, 20.8S, 104.4E,  20, 1007,    0,    0,    0,    0,    0,    0,    0,    0,    0,    0,    0,    0, -999,  22.07,  21.92,  21.64,  21.62,  21.49,  21.69,  21.54,  21.43,  21.65,  21.79,    nan,  20.62,  20.77,  20.77,  20.81,  20.32,  21.09,  21.48,  21.69,  21.53,  21.70,  22.55,  22.40,  21.98,  21.82,  22.18,  22.44,  21.74,  21.65,  21.95,  22.18
20170131, 0000,  , DB, 21.1S, 103.5E,  20,  999,    0,    0,    0,    0,    0,    0,    0,    0,    0,    0,    0,    0, -999,  21.89,  21.66,  21.73,  21.68,  21.80,  21.11,  21.34,  21.64,  21.37,    nan,  21.14,  20.98,  21.20,  21.05,  21.07,  21.05,  20.98,  21.28,  21.36,  21.35,  21.48,  22.09,  21.54,  21.90,  21.49,  21.83,  21.44,  20.30,  20.28,  20.00,  20.37
20170131, 0600,  , DB, 21.3S, 102.6E,  20, 1004,    0,    0,    0,    0,    0,    0,    0,    0,    0,    0,    0,    0, -999,  22.40,  22.06,  21.93,  21.89,  22.09,  21.91,  21.95,  22.00,  22.35,    nan,  21.81,  21.64,  21.29,  21.26,  20.96,  20.86,  20.89,  21.53,  21.64,  21.57,  21.47,  21.45,  20.86,  20.55,  20.74,  20.55,  20.08,  20.12,  20.18,  20.03,  20.46
20170131, 1200,  , DB, 21.6S, 101.2E,  20, 1007,    0,    0,    0,    0,    0,    0,    0,    0,    0,    0,    0,    0, -999,  22.99,  22.84,  22.91,  22.73,  22.63,  22.56,  22.29,  22.43,  21.97,    nan,  22.10,  22.34,  22.40,  22.22,  22.55,  22.35,  22.30,  22.16,  22.50,  22.59,  22.57,  22.32,  22.33,  22.44,  22.36,  22.05,  21.65,  22.49,  22.00,  22.17,  21.89
20170131, 1800,  , DB, 22.1S,  99.8E,  20, 1002,    0,    0,    0,    0,    0,    0,    0,    0,    0,    0,    0,    0, -999,  21.91,  21.97,  22.02,  22.37,  22.01,  21.90,  21.97,  21.91,  22.21,    nan,  22.05,  22.12,  22.16,  22.09,  22.59,  22.81,  22.15,  21.80,  22.13,  22.17,  22.18,  22.13,  22.18,  22.09,  22.35,  22.77,  22.73,  22.68,  22.84,  22.59,  22.56
20170201, 0000,  , DB, 22.4S,  98.6E,  20, 1002,    0,    0,    0,    0,    0,    0,    0,    0,    0,    0,    0,    0, -999,  22.24,  22.25,  22.36,  22.44,  22.20,  22.27,  22.07,  22.19,    nan,  22.02,  21.98,  22.02,  22.01,  22.20,  22.40,  22.45,  21.91,  21.45,  21.89,  21.46,  21.47,  21.53,  21.71,  21.88,  22.24,  22.43,  22.13,  21.93,  20.96,  20.73,  21.50
20170201, 0600,  , DB, 22.7S,  97.3E,  20, 1006,    0,    0,    0,    0,    0,    0,    0,    0,    0,    0,    0,    0, -999,  20.78,  21.12,  21.24,  21.23,  21.71,  21.38,  21.95,  21.78,    nan,  21.30,  21.16,  21.78,  21.82,  21.88,  21.74,  22.07,  21.66,  20.97,  21.03,  21.16,  21.55,  21.69,  21.83,  21.74,  21.83,  22.18,  22.36,  22.62,  22.41,  21.87,  21.80
20170201, 1200,  , XX, 23.1S,  95.7E,  20, 1006,    0,    0,    0,    0,    0,    0,    0,    0,    0,    0,    0,    0, -999,  20.91,  21.06,  21.25,  21.40,  21.62,  21.86,  22.18,  22.14,    nan,  21.69,  21.88,  21.89,  20.95,  20.30,  20.62,  20.24,  20.50,  20.39,  20.39,  20.33,  20.32,  20.69,  21.20,  21.01,  21.29,  21.25,  20.95,  21.22,  20.95,  20.45,  20.22
20170201, 1800,  , DB, 23.4S,  94.6E,  20, 1007,    0,    0,    0,    0,    0,    0,    0,    0,    0,    0,    0,    0, -999,  22.59,  22.53,  22.57,  22.36,  22.59,  22.34,  22.24,  22.38,    nan,  22.50,  22.15,  22.35,  22.15,  22.82,  22.74,  22.52,  22.41,  22.11,  21.03,  21.49,  21.40,  21.83,  21.72,  21.64,  21.47,  21.27,  21.65,  21.71,  21.74,  21.79,  21.84
20170202, 0000,  , XX, 23.2S,  93.0E,  20, 1007,    0,    0,    0,    0,    0,    0,    0,    0,    0,    0,    0,    0, -999,  23.04,  22.92,  22.17,  21.99,  21.76,  21.50,  21.60,    nan,  22.56,  22.44,  22.36,  22.30,  23.24,  23.29,  23.27,  22.80,  22.96,  23.26,  23.26,  23.25,  23.24,  22.73,  23.24,  23.09,  22.90,  22.68,  22.33,  22.40,  22.46,  22.45,  22.45
20170202, 0600,  , XX, 23.5S,  91.5E,  20, 1007,    0,    0,    0,    0,    0,    0,    0,    0,    0,    0,    0,    0, -999,  22.06,  22.50,  22.44,  21.99,  21.89,  21.55,  21.41,    nan,  21.31,  21.32,  21.59,  22.36,  22.24,  22.07,  22.36,  21.89,  21.86,  21.53,  21.40,  21.65,  21.58,  21.57,  21.86,  22.01,  20.72,  21.25,  21.03,  21.32,  21.48,  21.61,  21.81
20170202, 1200,  , XX, 23.6S,  90.1E,  20, 1006,    0,    0,    0,    0,    0,    0,    0,    0,    0,    0,    0,    0, -999,  22.28,  22.18,  22.47,  22.29,  22.40,  22.28,  22.14,    nan,  20.90,  20.60,  21.30,  21.70,  21.91,  21.89,  21.70,  20.50,  20.67,  21.20,  21.26,  21.12,  20.45,  20.55,  20.97,  21.09,  20.45,  21.08,  21.66,  20.82,  19.81,  20.14,  21.01
20170202, 1800,  , XX, 23.4S,  88.6E,  20, 1007,    0,    0,    0,    0,    0,    0,    0,    0,    0,    0,    0,    0, -999,  22.68,  22.63,  22.51,  22.75,  22.97,  22.28,  22.25,    nan,  22.51,  22.50,  22.24,  22.46,  22.76,  22.97,  23.28,  23.43,  23.26,  22.95,  23.01,  23.16,  22.78,  22.61,  23.00,  23.01,  23.37,  22.76,  23.00,  23.23,  23.11,  23.21,  22.68
20170203, 0000,  , XX, 22.9S,  87.2E,  20, 1007,    0,    0,    0,    0,    0,    0,    0,    0,    0,    0,    0,    0, -999,  19.50,  19.18,  19.26,  19.18,  20.04,  20.11,    nan,  21.25,  21.22,  20.70,  20.91,  21.64,  22.27,  21.55,  21.48,  21.16,  20.59,  21.04,  20.96,  20.79,  21.37,  21.06,  21.30,  20.82,  21.21,  21.46,  21.23,  21.08,  20.56,  21.71,  21.94
