SH042014,              BRUCE,     36,
20131216, 1200,  , DB,  8.1S,  98.1E,  20, 1007,    0,    0,    0,    0,    0,    0,    0,    0,    0,    0,    0,    0, -999,  33.82,  33.75,  33.73,  33.75,  33.73,  33.89,  33.88,  33.87,  33.89,  33.91,  34.09,  34.04,  33.93,  34.02,  34.02,  33.99,  34.08,  34.09,  33.98,  33.94,  33.89,  33.90,  33.88,  33.93,  33.83,  33.81,  33.81,  34.04,  34.05,  33.99,  34.09
20131216, 1800,  , DB,  8.5S,  97.9E,  20, 1007,    0,    0,    0,    0,    0,    0,    0,    0,    0,    0,    0,    0, -999,  33.96,  33.87,  33.69,  33.70,  33.87,  33.84,  33.97,  34.11,  34.09,  34.06,  34.03,  33.97,  34.02,  34.12,  34.45,  34.39,  34.03,  34.12,  33.99,  34.00,  33.91,  33.95,  34.00,  34.09,  33.91,  33.92,  33.91,  33.98,  34.03,  34.04,  34.11
20131217, 0000,  , DB,  8.7S,  97.7E,  20, 1007,    0,    0,    0,    0,    0,    0,    0,    0,    0,    0,    0,    0, -999,  33.86,  33.85,  33.85,  33.71,  33.90,  33.83,  34.05,  34.03,  33.91,  34.02,  34.07,  34.05,  34.01,  34.05,  34.14,  34.19,  34.08,  33.96,  33.99,  33.92,  33.95,  33.99,  34.07,  33.92,  33.91,  33.87,  33.76,  34.01,  34.06,  34.13,  34.10
20131217, 0600,  , TD,  8.6S,  97.2E,  25, 1004,    0,    0,    0,    0,    0,    0,    0,    0,    0,    0,    0,    0, -999,  33.87,  33.84,  33.86,  33.96,  34.02,  34.00,  33.88,  33.94,  33.87,  33.97,  34.02,  33.97,  34.09,  34.06,  34.06,  33.92,  33.95,  33.91,  33.97,  33.90,  33.96,  34.02,  34.05,  33.89,  33.84,  33.80,  33.77,  33.99,  34.04,  34.14,  34.11
20131217, 1200,  , TD,  9.1S,  97.1E,  30, 1000,    0,    0,    0,    0,    0,    0,    0,    0,    0,    0,    0,    0, -999,  33.89,  33.87,  33.94,  33.99,  34.05,  34.07,  34.04,  34.02,  34.13,  34.15,  34.14,  34.09,  34.08,  34.07,  34.11,  34.29,  34.02,  34.04,  34.10,  34.10,  34.09,  34.08,  34.10,  33.91,  33.90,  33.93,  33.90,  33.88,  33.96,  34.07,  34.13
20131217, 1800,  , TS,  9.7S,  96.7E,  35,  996,    0,    0,    0,    0,    0,    0,    0,    0,    0,    0,    0,    0, -999,  34.08,  34.06,  34.08,  34.03,  34.30,  34.31,  34.13,  34.07,  34.28,  34.27,  34.32,  34.27,  34.28,  34.02,  34.08,  34.14,  34.04,  34.15,  34.09,  34.12,  34.14,  34.15,  34.16,  33.81,  33.75,  33.77,  33.96,  34.12,  33.90,  33.78,  33.90
20131218, 0000,  , TS, 10.4S,  96.2E,  45,  989,   30,   35,   35,   30,    0,    0,    0,    0,    0,    0,    0,    0, -999,  34.42,  34.40,  34.41,  34.42,  34.44,  34.39,  34.43,  34.43,  34.44,  34.43,  34.36,  34.32,  34.25,  34.30,  34.30,  34.36,  34.31,  34.21,  34.26,  34.25,  34.17,  34.20,  33.91,  33.94,  33.88,  33.98,  34.14,  34.20,  34.12,  34.15,  34.05
20131218, 0600,  , TS, 10.9S,  95.4E,  50,  985,   45,   50,   50,   45,    0,    0,    0,    0,    0,    0,    0,    0, -999,  34.54,  34.50,  34.52,  34.54,  34.53,  34.51,  34.45,  34.44,  34.41,  34.36,  34.33,  34.29,  34.24,  34.28,  34.38,  34.34,  34.34,  34.28,  34.25,  34.26,  34.23,  34.26,  34.12,  34.00,  33.97,  34.02,  34.08,  34.11,  34.23,  34.23,  34.14
20131218, 1200,  , TS, 11.5S,  94.6E,  60,  978,   45,   50,   50,   45,   25,   25,   25,   25,    0,    0,    0,    0, -999,  34.41,  34.39,  34.43,  34.43,  34.47,  34.48,  34.51,  34.48,  34.46,  34.45,  34.43,  34.40,  34.44,  34.41,  34.42,  34.36,  34.33,  34.33,  34.26,  34.26,  34.26,  34.33,  34.26,  34.21,  34.17,  34.05,  34.12,  34.22,  34.13,  34.09,  34.06
20131218, 1800,  , TS, 11.8S,  93.6E,  60,  978,   70,   80,   80,   75,   35,   35,   35,   35,    0,    0,    0,    0, -999,  34.30,  34.29,  34.35,  34.45,  34.42,  34.38,  34.38,  34.36,  34.36,  34.37,  34.32,  34.30,  34.30,  34.46,  34.45,  34.45,  34.41,  34.47,  34.45,  34.49,  34.48,  34.45,  34.44,  34.36,  34.34,  34.28,  34.30,  34.32,  34.31,  34.23,  34.18
20131219, 0000,  , HU, 11.9S,  92.8E,  70,  970,   80,  130,   90,   90,   40,   40,   40,   40,   15,   15,   15,   15, -999,  34.27,  34.41,  34.41,  34.41,  34.39,  34.39,  34.30,  34.26,  34.31,  34.27,  34.26,  34.28,  34.37,  34.35,  34.39,  34.36,  34.30,  34.26,  34.28,  34.33,  34.28,  34.28,  34.38,  34.36,  34.36,  34.39,  34.40,  34.42,  34.36,  34.39,  34.42
20131219, 0600,  , HU, 12.1S,  92.0E,  80,  963,   90,  140,  140,   90,   50,   50,   50,   50,   35,   35,   35,   35, -999,  34.27,  34.41,  34.41,  34.38,  34.40,  34.39,  34.34,  34.29,  34.34,  34.36,  34.34,  34.26,  34.28,  34.31,  34.26,  34.31,  34.36,  34.27,  34.28,  34.31,  34.31,  34.29,  34.37,  34.34,  34.35,  34.39,  34.42,  34.39,  34.37,  34.37,  34.35
20131219, 1200,  , HU, 12.6S,  91.2E,  95,  952,  110,  150,  150,  110,   50,   50,   50,   50,   35,   35,   35,   35, -999,  34.29,  34.42,  34.43,  34.44,  34.47,  34.39,  34.33,  34.31,  34.31,  34.25,  34.24,  34.21,  34.29,  34.30,  34.26,  34.34,  34.33,  34.33,  34.38,  34.33,  34.29,  34.33,  34.38,  34.37,  34.36,  34.33,  34.41,  34.41,  34.39,  34.35,  34.34
20131219, 1500,  , HU, 12.8S,  90.8E, 100,  948,  120,  155,  155,  120,   55,   55,   55,   55,   40,   40,   40,   40, -999,  34.37,  34.48,  34.49,  34.46,  34.42,  34.45,  34.40,  34.33,  34.36,  34.35,  34.28,  34.23,  34.24,  34.30,  34.30,  34.32,  34.42,  34.41,  34.34,  34.34,  34.38,  34.36,  34.35,  34.40,  34.38,  34.36,  34.36,  34.39,  34.39,  34.37,  34.39
20131219, 1800,  , HU, 12.9S,  90.3E, 100,  948,  100,  140,  140,  100,   40,   60,   60,   40,   30,   30,   30,   30, -999,  34.48,  34.49,  34.48,  34.49,  34.48,  34.47,  34.39,  34.36,  34.34,  34.31,  34.31,  34.30,  34.36,  34.34,  34.37,  34.37,  34.46,  34.44,  34.38,  34.32,  34.37,  34.38,  34.38,  34.37,  34.54,  34.42,  34.37,  34.42,  34.38,  34.40,  34.41
20131220, 0000,  , HU, 13.2S,  89.5E, 105,  944,  100,  140,  140,  100,   40,   60,   60,   40,   30,   30,   30,   30, -999,  34.50,  34.49,  34.52,  34.53,  34.53,  34.45,  34.36,  34.30,  34.29,  34.27,  34.27,  34.32,  34.32,  34.36,  34.40,  34.42,  34.45,  34.36,  34.30,  34.36,  34.33,  34.33,  34.33,  34.32,  34.39,  34.45,  34.50,  34.42,  34.42,  34.38,  34.33
20131220, 0600,  , HU, 13.5S,  88.5E, 125,  929,  110,  160,  160,  110,   50,   60,   60,   50,   30,   30,   30,   30, -999,  34.31,  34.23,  34.33,  34.42,  34.58,  34.55,  34.46,  34.33,  34.26,  34.21,  34.18,  34.30,  34.34,  34.32,  34.27,  34.34,  34.34,  34.28,  34.36,  34.33,  34.31,  34.24,  34.24,  34.22,  34.25,  34.20,  34.34,  34.42,  34.45,  34.42,  34.44
20131220, 1200,  , HU, 13.8S,  87.5E, 125,  929,  110,  160,  160,  110,   50,   60,   60,   50,   30,   30,   30,   30, -999,  34.58,  34.55,  34.62,  34.61,  34.63,  34.66,  34.68,  34.66,  34.70,  34.55,  34.50,  34.54,  34.52,  34.35,  34.31,  34.34,  34.40,  34.39,  34.38,  34.42,  34.36,  34.38,  34.39,  34.40,  34.38,  34.39,  34.37,  34.52,  34.45,  34.29,  34.20
20131220, 1800,  , HU, 14.1S,  86.3E, 130,  926,  130,  160,  160,  130,   50,   60,   60,   50,   30,   30,   30,   30, -999,  34.66,  34.64,  34.61,  34.64,  34.62,  34.67,  34.74,  34.76,  34.76,  34.73,  34.69,  34.76,  34.78,  34.87,  34.64,  34.60,  34.55,  34.57,  34.53,  34.58,  34.56,  34.54,  34.47,  34.48,  34.47,  34.48,  34.51,  34.51,  34.44,  34.39,  34.37
20131221, 0000,  , HU, 14.5S,  85.0E, 140,  918,  140,  150,  150,  140,   50,   60,   60,   50,   30,   30,   30,   30, -999,  34.72,  34.85,  34.84,  34.78,  34.70,  34.77,  34.70,  34.69,  34.69,  34.62,  34.65,  34.69,  34.69,  34.71,  34.60,  34.64,  34.58,  34.59,  34.69,  34.65,  34.64,  34.62,  34.62,  34.66,  34.67,  34.70,  34.66,  34.66,  34.65,  34.64,  34.63
20131221, 0600,  , HU, 14.9S,  83.7E, 140,  918,  140,  150,  150,  140,   50,   60,   60,   50,   30,   30,   30,   30, -999,  34.78,  34.70,  34.71,  34.75,  34.86,  34.90,  34.91,  34.87,  34.83,  34.84,  34.85,  34.83,  34.71,  34.70,  34.84,  34.85,  34.80,  34.78,  34.66,  34.59,  34.61,  34.60,  34.70,  34.68,  34.68,  34.69,  34.67,  34.67,  34.67,  34.66,  34.64
20131221, 1200,  , HU, 15.6S,  82.3E, 135,  922,  140,  150,  150,  140,   50,   60,   60,   50,   30,   30,   30,   30, -999,  34.76,  34.76,  34.76,  34.75,  34.75,  34.76,  34.77,  34.78,  34.78,  34.78,  34.80,  34.81,  34.80,  34.82,  34.82,  34.83,  34.82,  34.77,  34.76,  34.79,  34.77,  34.76,  34.76,  34.77,  34.72,  34.69,  34.62,  34.61,  34.66,  34.63,  34.66
20131221, 1800,  , HU, 16.3S,  81.0E, 140,  918,  140,  150,  150,  140,   50,   60,   60,   50,   30,   30,   30,   30, -999,  34.73,  34.74,  34.76,  34.79,  34.80,  34.81,  34.83,  34.81,  34.82,  34.81,  34.80,  34.77,  34.77,  34.86,  34.88,  34.88,  34.81,  34.95,  34.88,  34.85,  34.80,  34.73,  34.67,  34.64,  34.62,  34.63,  34.62,  34.60,  34.67,  34.67,  34.65
20131222, 0000,  , HU, 17.0S,  79.9E, 140,  918,  140,  150,  150,  140,   50,   60,   60,   50,   30,   30,   30,   30, -999,  34.98,  34.95,  34.91,  34.88,  34.87,  34.85,  34.85,  34.93,  34.95,  34.93,  34.95,  35.00,  35.05,  35.03,  35.02,  34.92,  34.95,  34.90,  34.90,  34.97,  34.88,  34.82,  34.85,  34.80,  34.73,  34.77,  34.76,  34.70,  34.85,  34.87,  34.81
20131222, 0600,  , HU, 17.8S,  78.8E, 135,  922,  140,  150,  150,  140,   50,   60,   60,   50,   30,   30,   30,   30, -999,  34.93,  34.93,  34.94,  34.95,  34.95,  34.95,  34.95,  34.95,  34.95,  34.93,  34.93,  34.93,  34.91,  34.89,  34.91,  34.98,  34.93,  34.98,  34.93,  34.94,  35.06,  35.05,  35.02,  35.06,  35.05,  35.02,  34.95,  34.81,  34.80,  34.84,  34.98
20131222, 1200,  , HU, 19.0S,  78.2E, 115,  937,  140,  150,  150,  140,   50,   60,   60,   50,   30,   30,   30,   30, -999,  35.00,  35.00,  35.01,  35.01,  35.00,  34.97,  35.00,  35.00,  35.03,  35.04,  35.00,  35.01,  35.00,  34.99,  34.98,  34.97,  34.88,  34.92,  34.90,  34.85,  34.82,  34.84,  34.86,  34.89,  34.89,  34.86,  34.84,  34.87,  34.88,  34.90,  34.91
20131222, 1800,  , HU, 20.2S,  77.8E, 110,  941,  130,  130,  125,  120,   50,   50,   50,   50,   30,   30,   30,   30, -999,  34.98,  34.98,  34.98,  35.01,  35.06,  35.06,  35.01,  34.97,  35.01,  34.98,  34.95,  34.99,  34.99,  35.02,  34.98,  34.98,  35.03,  35.06,  35.07,  35.06,  35.08,  35.10,  35.10,  35.09,  35.09,  35.10,  35.11,  35.09,  35.10,  35.12,  35.12
20131223, 0000,  , HU, 21.6S,  77.7E, 110,  941,  120,  120,  115,  110,   45,   45,   45,   45,   30,   30,   30,   30, -999,  34.85,  34.89,  34.86,  34.86,  34.87,  34.90,  34.89,  34.91,  34.95,  34.92,  34.95,  34.97,  35.03,  35.07,  35.10,  35.08,  35.09,  35.10,  35.07,  35.08,  35.13,  35.09,  35.15,  35.21,  35.22,  35.18,  35.21,  35.18,  35.15,  35.11,  35.10
20131223, 0600,  , HU, 23.0S,  78.0E, 105,  944,  120,  120,  115,  110,   45,   45,   45,   45,   30,   30,   30,   30, -999,  35.17,  35.21,  35.23,  35.21,  35.14,  35.07,  35.06,  35.10,  35.11,  35.09,  35.08,  35.05,  35.04,  35.05,  35.07,  35.09,  35.14,  35.31,  35.28,  35.19,  35.18,  35.18,  35.17,  35.25,  35.27,  35.29,  35.24,  35.21,  35.22,  35.23,  35.22
20131223, 1200,  , HU, 24.9S,  78.2E,  90,  956,  120,  120,  115,  110,   45,   45,   45,   45,   30,   30,   30,   30, -999,  35.28,  35.23,  35.24,  35.25,  35.26,  35.27,  35.30,  35.33,  35.29,  35.30,  35.32,  35.34,  35.34,  35.41,  35.42,  35.46,  35.36,  35.25,  35.23,  35.35,  35.40,  35.32,  35.31,  35.45,  35.49,  35.50,  35.52,  35.53,  35.51,  35.44,  35.48
20131223, 1800,  , HU, 27.1S,  78.7E,  75,  967,  120,  120,  115,  110,   45,   45,   45,   45,   30,   30,   30,   30, -999,  35.76,  35.76,  35.76,  35.76,  35.76,  35.75,  35.78,  35.81,  35.83,  35.83,  35.84,  35.84,  35.83,  35.82,  35.83,  35.81,  35.71,  35.68,  35.63,  35.74,  35.76,  35.76,  35.77,  35.78,  35.79,  35.78,  35.76,  35.74,  35.73,  35.72,  35.72
20131224, 0000,  , TS, 28.6S,  79.4E,  60,  978,  120,  120,  110,  115,   40,   40,   40,   40,    0,    0,    0,    0, -999,  35.84,  35.84,  35.84,  35.83,  35.83,  35.83,  35.83,  35.82,  35.81,  35.80,  35.79,  35.78,  35.78,  35.78,  35.79,  35.76,  35.70,  35.72,  35.79,  35.76,  35.73,  35.72,  35.72,  35.70,  35.68,  35.68,  35.68,  35.69,  35.73,  35.77,  35.77
20131224, 0600,  , TS, 30.2S,  81.0E,  55,  982,  120,  120,  110,  115,    0,    0,    0,    0,    0,    0,    0,    0, -999,  35.88,  35.90,  35.90,  35.91,  35.88,  35.88,  35.91,  35.92,  35.93,  35.95,  35.96,  35.97,  35.97,  35.97,  35.96,  35.94,  35.91,  35.88,  35.85,  35.77,  35.71,  35.68,  35.70,  35.74,  35.72,  35.70,  35.67,  35.68,  35.71,  35.82,  35.85
20131224, 1200,  , TS, 31.6S,  83.6E,  35,  996,  120,  120,   85,   85,    0,    0,    0,    0,    0,    0,    0,    0, -999,  35.77,  35.74,  35.75,  35.78,  35.81,  35.80,  35.81,  35.86,  35.86,  35.90,  35.89,  35.91,  35.77,  35.77,  35.61,  35.53,  35.56,  35.56,  35.61,  35.62,  35.64,  35.64,  35.63,  35.72,  35.85,  35.92,  35.88,  35.83,  35.78,  35.75,  35.66
20131224, 1800,  , TS, 32.8S,  87.9E,  35,  996,  120,  120,   85,   85,    0,    0,    0,    0,    0,    0,    0,    0, -999,  35.54,  35.56,  35.60,  35.67,  35.62,  35.60,  35.60,  35.61,  35.61,  35.60,  35.62,  35.64,  35.65,  35.66,  35.64,  35.62,  35.61,  35.58,  35.58,  35.56,  35.54,  35.54,  35.53,  35.56,  35.57,  35.59,  35.57,  35.55,  35.59,  35.60,  35.61
20131225, 0000,  , EX, 32.7S,  90.5E,  25, 1004,    0,    0,    0,    0,    0,    0,    0,    0,    0,    0,    0,    0, -999,  35.39,  35.38,  35.31,  35.35,  35.38,  35.40,  35.40,  35.42,  35.45,  35.49,  35.49,  35.50,  35.52,  35.58,  35.60,  35.60,  35.60,  35.60,  35.66,  35.68,  35.73,  35.67,  35.67,  35.67,  35.72,  35.75,  35.75,  35.74,  35.73,  35.73,  35.72
