SH042012,            BENILDE,     38,
20111227, 0000,  , DB,  9.2S,  95.1E,  20, 1007,    0,    0,    0,    0,    0,    0,    0,    0,    0,    0,    0,    0, -999,  27.27,  27.68,  27.70,  27.61,  27.42,  27.14,  27.06,  27.17,  26.62,  27.65,  27.03,  27.59,  26.68,  28.51,  28.40,  28.32,  25.44,  25.78,  25.34,  25.49,  27.36,  25.73,  26.21,  26.84,  25.86,  27.69,  27.93,  27.09,  26.34,  24.70,  24.40
20111227, 0600,  , DB, 10.4S,  94.5E,  20, 1007,    0,    0,    0,    0,    0,    0,    0,    0,    0,    0,    0,    0, -999,  26.64,  26.82,  26.70,  27.03,  27.31,  27.29,  27.13,  27.35,  27.52,  27.41,  27.48,  27.28,  27.02,  26.20,  25.97,  25.79,  25.01,  24.60,  24.65,  25.03,  25.66,  25.42,  25.57,  25.60,  26.01,  26.31,  27.00,  27.50,  27.10,  26.64,  25.86
20111227, 1200,  , TD, 11.2S,  93.4E,  25, 1004,    0,    0,    0,    0,    0,    0,    0,    0,    0,    0,    0,    0, -999,  26.79,  26.92,  26.88,  26.72,  26.90,  26.99,  27.03,  27.08,  27.31,  27.39,  27.63,  27.61,  27.65,  27.54,  27.31,  27.10,  26.39,  26.87,  26.51,  26.62,  26.71,  26.72,  26.72,  26.60,  27.24,  27.34,  26.56,  26.64,  26.35,  26.07,  25.34
20111227, 1800,  , TD, 11.7S,  92.3E,  30, 1000,    0,    0,    0,    0,    0,    0,    0,    0,    0,    0,    0,    0, -999,  26.61,  26.73,  27.04,  27.38,  27.48,  27.62,  27.71,  27.84,  27.59,  27.09,  27.15,  27.09,  26.77,  26.88,  27.30,  27.57,  27.17,  27.16,  26.96,  26.84,  27.08,  27.43,  27.76,  27.73,  27.60,  27.51,  27.91,  28.13,  27.45,  27.27,  27.33
20111228, 0000,  , TD, 12.0S,  91.1E,  30, 1000,    0,    0,    0,    0,    0,    0,    0,    0,    0,    0,    0,    0, -999,  26.58,  26.98,  26.94,  27.05,  27.04,  27.69,  27.95,  27.95,  27.91,  27.94,  27.90,  27.62,  27.41,  26.97,  26.70,  26.90,  27.13,  27.05,  27.32,  27.47,  27.29,  27.48,  27.35,  27.45,  27.60,  28.04,  28.08,  27.96,  27.94,  27.94,  27.95
20111228, 0600,  , TD, 12.2S,  90.0E,  30, 1000,    0,    0,    0,    0,    0,    0,    0,    0,    0,    0,    0,    0, -999,  27.15,  26.84,  26.97,  27.30,  26.99,  26.87,  26.94,  26.86,  27.03,  27.09,  26.82,  26.94,  27.01,  27.37,  27.29,  27.34,  27.33,  27.15,  27.12,  27.30,  27.40,  27.55,  27.05,  27.00,  27.25,  27.56,  27.87,  28.16,  28.09,  27.86,  27.71
20111228, 1200,  , TD, 12.2S,  88.9E,  30, 1000,    0,    0,    0,    0,    0,    0,    0,    0,    0,    0,    0,    0, -999,  27.99,  28.08,  28.07,  28.12,  27.82,  27.71,  27.73,  27.92,  27.48,  27.27,  27.12,  27.07,  26.89,  26.91,  26.75,  26.80,  27.04,  27.52,  27.67,  27.74,  27.94,  27.89,  27.50,  27.18,  27.14,  27.80,  28.15,  28.13,  27.49,  27.45,  27.45
20111228, 1800,  , TS, 12.4S,  87.8E,  35,  996,    0,    0,    0,    0,    0,    0,    0,    0,    0,    0,    0,    0, -999,  27.85,  27.78,  28.13,  28.04,  27.79,  27.74,  27.76,  27.88,  27.69,  27.39,  27.55,  27.03,  26.61,  26.51,  26.29,  26.37,  25.86,  26.23,  27.68,  26.49,  26.87,  26.81,  27.04,  26.85,  26.95,  26.48,  27.28,  27.64,  27.73,  26.88,  26.41
20111229, 0000,  , TS, 12.6S,  86.7E,  35,  996,    0,    0,    0,    0,    0,    0,    0,    0,    0,    0,    0,    0, -999,  27.74,  27.99,  28.10,  27.96,  27.89,  27.87,  27.95,  27.95,  27.86,  28.17,  28.03,  28.01,  27.68,  27.37,  27.42,  26.31,  25.56,  27.01,  26.32,  27.36,  27.51,  27.40,  26.87,  26.08,  24.77,  24.94,  25.47,  26.60,  26.64,  26.99,  27.23
20111229, 0600,  , TS, 12.8S,  85.4E,  35,  996,    0,    0,    0,    0,    0,    0,    0,    0,    0,    0,    0,    0, -999,  28.28,  28.30,  28.55,  28.50,  28.20,  28.18,  27.96,  27.84,  27.82,  27.81,  27.84,  27.70,  27.79,  27.84,  27.84,  27.79,  27.73,  28.18,  27.85,  28.13,  28.33,  28.25,  28.05,  28.19,  28.05,  27.54,  27.52,  28.21,  27.64,  27.40,  27.45
20111229, 1200,  , TS, 13.0S,  84.0E,  40,  993,   50,   45,   45,   50,    0,    0,    0,    0,    0,    0,    0,    0, -999,  28.21,  28.34,  28.39,  28.63,  28.57,  28.16,  28.53,  28.42,  28.67,  28.16,  27.88,  27.86,  28.58,  28.76,  28.43,  28.13,  28.50,  28.66,  28.79,  28.77,  28.95,  28.85,  28.69,  28.92,  28.03,  27.42,  27.14,  27.62,  27.66,  27.57,  27.51
20111229, 1800,  , TS, 13.1S,  82.6E,  45,  989,   50,   60,   60,   50,    0,    0,    0,    0,    0,    0,    0,    0, -999,  27.11,  27.11,  27.13,  27.10,  27.40,  27.65,  27.84,  28.12,  27.95,  28.10,  28.10,  28.30,  28.37,  28.31,  28.13,  28.13,  27.85,  28.31,  27.97,  28.07,  28.19,  27.97,  28.18,  27.38,  28.10,  27.85,  27.72,  27.51,  27.76,  27.50,  27.67
20111230, 0000,  , TS, 13.2S,  81.2E,  50,  985,   50,   60,   60,   50,    0,    0,    0,    0,    0,    0,    0,    0, -999,  28.50,  28.24,  27.76,  27.87,  27.93,  27.79,  28.11,  28.35,  28.39,  28.34,  28.14,  27.95,  27.73,  27.83,  28.26,  27.78,  25.50,  28.09,  26.64,  27.38,  27.09,  27.22,  26.22,  27.30,  27.01,  27.65,  27.61,  27.43,  26.81,  26.07,  26.13
20111230, 0600,  , TS, 13.3S,  79.8E,  55,  982,   50,   60,   60,   50,    0,    0,    0,    0,    0,    0,    0,    0, -999,  27.74,  27.52,  27.57,  27.71,  27.78,  27.88,  27.75,  27.54,  27.70,  27.81,  27.77,  27.67,  27.88,  27.95,  28.03,  28.07,  27.98,  27.39,  25.21,  26.38,  24.85,  27.03,  25.33,  26.82,  26.02,  27.43,  27.43,  27.49,  26.91,  27.16,  25.65
20111230, 1200,  , TS, 13.5S,  78.7E,  60,  978,   55,   65,   65,   55,   25,   30,   30,   25,    0,    0,    0,    0, -999,  27.46,  27.15,  27.22,  27.39,  27.38,  27.29,  26.18,  25.51,  25.86,  26.21,  27.43,  27.42,  27.48,  27.42,  27.35,  27.95,  27.03,  22.82,  23.80,  24.76,  23.38,  24.36,  23.65,  24.43,  23.37,  25.23,  26.64,  25.21,  23.80,  24.32,  22.25
20111230, 1800,  , HU, 13.7S,  77.8E,  65,  974,   65,   75,   75,   65,   30,   35,   35,   30,   15,   20,   20,   15, -999,  27.27,  27.25,  27.39,  26.74,  27.18,  27.28,  27.04,  27.73,  28.16,  28.37,  28.29,  28.04,  27.69,  27.36,  26.60,  26.81,  25.18,  22.56,  24.30,  23.00,  23.37,  22.44,  22.07,  22.17,  22.02,  22.56,  22.81,  24.05,  23.21,  22.17,  22.91
20111231, 0000,  , HU, 14.3S,  77.1E,  85,  959,   80,   90,   90,   80,   40,   45,   45,   40,   20,   25,   25,   20, -999,  27.78,  27.49,  27.33,  27.06,  27.29,  27.56,  27.89,  28.13,  28.34,  28.31,  28.15,  27.95,  27.34,  27.30,  27.60,  27.46,  21.80,  25.33,  23.41,  23.12,  22.89,  22.02,  22.56,  21.51,  23.51,  23.24,  23.58,  23.02,  22.80,  22.60,  22.50
20111231, 0600,  , HU, 14.9S,  76.7E,  90,  956,   95,  110,  110,   95,   40,   45,   45,   40,   20,   25,   25,   20, -999,  25.54,  25.78,  25.26,  25.42,  25.85,  25.49,  26.57,  27.90,  28.06,  28.12,  28.10,  27.91,  27.33,  27.21,  27.44,  27.49,  22.63,  25.62,  22.57,  23.42,  23.05,  22.38,  22.99,  21.73,  23.69,  24.52,  25.55,  24.88,  24.36,  23.95,  23.15
20111231, 1200,  , HU, 15.2S,  76.1E,  90,  956,   95,  110,  110,   95,   40,   45,   45,   40,   20,   25,   25,   20, -999,  26.35,  26.89,  26.44,  25.59,  25.94,  25.88,  25.92,  25.80,  25.85,  25.97,  25.95,  26.15,  26.37,  26.19,  26.34,  26.78,  22.65,  22.70,  19.65,  22.52,  20.77,  21.16,  22.05,  21.18,  23.56,  23.94,  25.46,  24.58,  25.08,  23.74,  24.09
20111231, 1800,  , HU, 15.8S,  75.6E,  90,  956,   95,  100,  100,   95,   45,   50,   50,   45,   30,   35,   35,   30, -999,  26.50,  26.04,  25.67,  24.86,  25.63,  26.69,  26.89,  26.32,  25.52,  24.82,  24.80,  24.59,  24.83,  24.64,  24.34,  24.45,  22.47,  20.93,  19.20,  19.97,  20.36,  20.66,  21.09,  21.17,  22.70,  24.15,  24.05,  24.54,  24.02,  24.94,  24.05
20120101, 0000,  , HU, 16.6S,  75.4E,  90,  956,   90,   95,  100,   95,   45,   50,   50,   45,   30,   35,   35,   30, -999,  24.86,  24.45,  24.07,  24.32,  24.90,  25.78,  27.24,  26.87,  26.53,  26.56,  26.45,  25.26,  24.46,  24.19,  24.61,  25.18,  20.28,  20.75,  22.12,  21.47,  22.44,  22.32,  23.24,  24.61,  24.63,  25.09,  24.82,  24.61,  25.53,  25.91,  25.53
20120101, 0600,  , HU, 17.2S,  75.1E,  90,  956,   90,  100,  100,   95,   45,   50,   50,   45,   30,   35,   35,   30, -999,  25.18,  24.49,  24.29,  24.77,  25.14,  25.31,  25.77,  25.42,  25.36,  24.92,  24.85,  25.01,  24.99,  25.50,  25.75,  25.95,  24.29,  23.65,  22.97,  22.88,  24.09,  23.85,  25.28,  25.69,  25.55,  25.39,  25.22,  24.91,  24.66,  24.55,  24.87
20120101, 1200,  , HU, 17.9S,  74.9E,  90,  956,   90,  110,  110,   95,   50,   50,   50,   50,   35,   35,   35,   35, -999,  25.77,  25.25,  25.24,  25.66,  25.65,  25.81,  26.09,  25.71,  25.61,  25.55,  25.44,  25.51,  25.50,  25.85,  26.04,  26.14,  23.72,  24.66,  23.90,  24.17,  24.23,  24.39,  24.41,  24.50,  24.78,  24.91,  24.71,  24.91,  25.21,  24.86,  25.14
20120101, 1800,  , HU, 18.7S,  74.7E,  90,  956,  110,  130,  130,  110,   50,   50,   50,   50,   35,   35,   35,   35, -999,  24.86,  24.65,  24.87,  25.24,  25.46,  25.78,  25.52,  25.34,  24.80,  24.93,  25.52,  25.75,  25.41,  25.62,  25.74,  25.93,  23.92,  23.56,  22.91,  23.26,  23.45,  23.66,  24.05,  24.59,  25.15,  24.82,  24.38,  24.98,  24.80,  25.05,  25.20
20120102, 0000,  , HU, 19.2S,  74.0E,  85,  959,  110,  130,  130,  110,   50,   50,   50,   50,   35,   35,   35,   35, -999,  24.92,  24.96,  25.07,  25.00,  25.07,  24.71,  24.45,  24.28,  24.15,  24.26,  24.26,  23.77,  24.12,  24.94,  25.50,  24.46,  21.99,  21.49,  22.09,  22.20,  22.46,  22.63,  22.73,  22.85,  23.23,  23.00,  22.61,  22.68,  22.97,  23.32,  23.25
20120102, 0600,  , HU, 19.9S,  73.8E,  80,  963,  110,  130,  130,  110,   50,   50,   50,   50,   35,   35,   35,   35, -999,  24.36,  24.57,  24.76,  24.87,  24.71,  24.45,  24.21,  24.06,  24.38,  24.64,  24.44,  24.19,  24.49,  24.55,  24.09,  24.82,  19.94,  21.29,  21.75,  22.52,  22.61,  22.38,  22.98,  23.12,  23.48,  23.52,  22.86,  23.00,  23.11,  23.14,  22.73
20120102, 1200,  , HU, 20.5S,  73.6E,  75,  967,   90,  110,  110,   90,   50,   50,   50,   50,   35,   35,   35,   35, -999,  24.55,  24.83,  24.95,  25.11,  25.28,  25.19,  25.71,  25.83,  25.20,  24.63,  24.47,  24.40,  24.54,  24.81,  25.11,  25.10,  21.58,  23.31,  22.84,  22.07,  22.32,  22.50,  22.88,  23.36,  23.86,  23.84,  23.57,  23.76,  24.28,  24.66,  24.59
20120102, 1800,  , HU, 21.0S,  73.4E,  65,  974,   80,  100,  100,   80,   40,   40,   40,   40,    0,    0,    0,    0, -999,  23.70,  23.76,  23.80,  23.87,  23.54,  23.62,  24.20,  24.47,  24.79,  24.51,  24.50,  24.57,  24.34,  24.21,  24.30,  24.77,  23.92,  22.78,  22.68,  22.03,  22.28,  22.64,  23.28,  23.52,  23.64,  23.70,  23.80,  23.92,  23.67,  24.30,  24.43
20120103, 0000,  , TS, 21.3S,  73.2E,  60,  978,   75,   95,   95,   75,   30,   35,   35,   30,    0,    0,    0,    0, -999,  23.70,  23.55,  23.52,  23.84,  24.04,  24.08,  24.18,  24.10,  24.21,  24.14,  24.03,  23.98,  24.24,  24.65,  24.91,  24.16,  23.18,  22.91,  22.89,  22.62,  22.89,  23.02,  23.30,  23.09,  23.38,  23.99,  23.97,  24.02,  24.16,  24.03,  23.91
20120103, 0600,  , TS, 21.6S,  73.0E,  55,  982,   90,  120,   95,   70,   30,   35,   25,   20,    0,    0,    0,    0, -999,  23.49,  23.70,  23.81,  23.84,  24.18,  23.94,  24.00,  24.23,  24.20,  24.09,  23.95,  24.06,  24.24,  24.09,  24.28,  24.15,  23.29,  22.65,  22.62,  22.61,  22.68,  22.88,  23.04,  23.07,  23.11,  23.53,  24.26,  23.81,  23.39,  23.80,  23.85
20120103, 1200,  , TS, 21.9S,  73.4E,  50,  985,   90,  120,   95,   70,   30,   35,   25,   20,    0,    0,    0,    0, -999,  22.96,  22.97,  23.36,  23.63,  23.96,  23.98,  23.97,  23.84,  23.80,  23.72,  23.72,  23.97,  24.23,  23.86,  24.00,  24.11,  23.15,  23.20,  22.66,  23.21,  23.31,  23.60,  23.75,  24.33,  24.09,  23.92,  23.84,  24.17,  24.36,  23.94,  23.72
20120103, 1800,  , TS, 21.6S,  73.5E,  45,  989,   40,   55,   55,   40,    0,    0,    0,    0,    0,    0,    0,    0, -999,  23.72,  23.67,  23.87,  23.89,  24.05,  24.11,  24.33,  24.09,  24.08,  24.02,  23.91,  24.07,  24.32,  24.66,  24.68,  23.98,  23.38,  23.11,  22.85,  22.82,  23.42,  23.47,  23.89,  23.41,  23.48,  23.73,  24.14,  24.22,  24.44,  24.00,  23.49
20120104, 0000,  , TS, 21.7S,  73.7E,  35,  996,   40,   55,   55,   40,    0,    0,    0,    0,    0,    0,    0,    0, -999,  23.66,  23.64,  23.72,  23.86,  23.98,  24.07,  23.80,  23.87,  24.06,  23.85,  24.08,  24.29,  24.18,  24.29,  23.69,  23.11,  22.91,  22.86,  23.16,  23.54,  24.09,  24.36,  24.59,  24.10,  23.79,  23.78,  24.39,  24.53,  24.33,  24.00,  23.86
20120104, 0600,  , EX, 21.8S,  74.7E,  20, 1007,    0,    0,    0,    0,    0,    0,    0,    0,    0,    0,    0,    0, -999,  24.02,  24.14,  23.65,  23.65,  23.42,  23.93,  24.13,  24.04,  23.92,  24.20,  23.77,  23.60,  23.60,  23.91,  23.33,  23.18,  23.22,  24.15,  24.30,  24.06,  23.84,  23.59,  23.32,  23.10,  23.14,  23.40,  23.84,  23.84,  23.73,  23.62,  23.77
20120104, 1200,  , EX, 23.2S,  75.2E,  30, 1000,    0,    0,    0,    0,    0,    0,    0,    0,    0,    0,    0,    0, -999,  23.20,  23.29,  23.42,  23.42,  23.34,  23.05,  22.55,  22.45,  22.34,  22.78,  22.75,  22.88,  22.99,  23.42,  23.81,  23.19,  22.77,  22.48,  22.80,  22.67,  22.58,  22.70,  22.64,  22.52,  22.69,  22.85,  23.00,  22.93,  22.72,  23.17,  23.05
20120104, 1800,  , EX, 23.5S,  74.9E,  30, 1000,    0,    0,    0,    0,    0,    0,    0,    0,    0,    0,    0,    0, -999,  23.07,  22.94,  22.56,  22.26,  22.46,  22.69,  22.64,  22.87,  22.89,  23.35,  23.50,  23.02,  23.09,  23.23,  23.24,  22.87,  22.63,  21.71,  21.68,  21.41,  21.38,  21.27,  21.39,  21.44,  21.41,  21.56,  21.78,  22.27,  22.29,  22.52,  22.35
20120105, 0000,  , EX, 23.3S,  74.6E,  30, 1000,    0,    0,    0,    0,    0,    0,    0,    0,    0,    0,    0,    0, -999,  22.68,  22.32,  22.24,  22.52,  22.28,  22.72,  23.20,  23.56,  23.37,  22.93,  22.79,  23.37,  23.70,  23.89,  23.73,  22.82,  22.20,  21.76,  21.70,  21.35,  21.02,  20.85,  20.95,  21.35,  22.62,  23.16,  23.28,  23.14,  23.31,  23.33,  23.18
20120105, 0600,  , EX, 24.1S,  75.0E,  30, 1000,    0,    0,    0,    0,    0,    0,    0,    0,    0,    0,    0,    0, -999,  22.68,  22.40,  22.38,  22.35,  22.59,  22.64,  22.44,  22.67,  22.76,  22.72,  22.80,  22.88,  23.32,  23.56,  24.50,  22.92,  21.24,  21.00,  21.06,  21.06,  21.25,  21.20,  21.39,  21.59,  21.87,  22.20,  21.78,  21.99,  22.74,  23.01,  22.95
