SH042002,            UNNAMED,     18,
20011120, 0600,  , TD, 11.5S,  81.1E,  25, 1002,    0,    0,    0,    0,    0,    0,    0,    0,    0,    0,    0,    0, -999,  22.70,  22.88,  22.88,  23.82,  23.44,  23.17,  23.33,  23.86,  23.62,  23.16,  23.30,  23.43,  23.87,  23.55,  23.08,  22.90,  22.72,  22.18,  22.88,  22.53,  23.50,  23.48,  23.52,  23.50,  23.66,  23.73,  24.06,  23.65,  23.85,  23.63,  23.45
20011120, 1200,  , TD, 11.6S,  81.7E,  25, 1002,    0,    0,    0,    0,    0,    0,    0,    0,    0,    0,    0,    0, -999,  23.34,  23.21,  23.53,  24.34,  23.43,  23.88,  24.10,  24.24,  24.50,  23.92,  23.74,  23.97,  24.07,  23.90,  23.33,  23.05,  22.63,  22.19,  21.77,  22.39,  22.82,  22.78,  23.06,  22.67,  23.18,  23.04,  22.50,  22.08,  22.08,  21.87,  22.28
20011120, 1800,  , TD, 11.6S,  82.1E,  25, 1002,    0,    0,    0,    0,    0,    0,    0,    0,    0,    0,    0,    0, -999,  23.54,  23.06,  23.75,  24.73,  24.33,  24.26,  24.28,  24.21,  23.95,  23.44,  23.63,  23.50,  23.33,  23.61,  22.98,  23.44,  22.49,  21.65,  20.95,  21.13,  21.59,  21.04,  21.97,  21.06,  21.88,  21.44,  21.36,  20.84,  20.90,  21.01,  21.29
20011121, 0000,  , TD, 11.5S,  82.4E,  30, 1000,    0,    0,    0,    0,    0,    0,    0,    0,    0,    0,    0,    0, -999,  23.34,  23.65,  25.02,  24.49,  24.37,  24.03,  24.33,  23.90,  23.62,  23.47,  23.78,  23.58,  23.50,  23.12,  23.16,  22.93,  22.11,  21.38,  22.02,  22.24,  21.50,  22.39,  21.30,  21.54,  21.25,  21.51,  21.04,  21.22,  20.95,  21.10,  20.88
20011121, 0600,  , TD, 11.4S,  82.7E,  30, 1000,    0,    0,    0,    0,    0,    0,    0,    0,    0,    0,    0,    0, -999,  23.75,  24.33,  24.55,  24.13,  24.69,  22.72,  23.63,  23.27,  23.27,  23.26,  23.64,  23.57,  23.64,  23.15,  22.70,  22.98,  21.47,  21.14,  21.34,  21.46,  21.02,  21.82,  21.11,  22.08,  21.99,  21.98,  21.93,  21.65,  21.88,  21.79,  22.06
20011121, 1200,  , TS, 11.4S,  82.8E,  35,  997,    0,    0,    0,    0,    0,    0,    0,    0,    0,    0,    0,    0, -999,  23.75,  24.33,  24.55,  24.13,  24.69,  22.72,  23.63,  23.27,  23.27,  23.26,  23.64,  23.57,  23.64,  23.15,  22.70,  22.98,  21.47,  21.14,  21.34,  21.46,  21.02,  21.82,  21.11,  22.08,  21.99,  21.98,  21.93,  21.65,  21.88,  21.79,  22.06
20011121, 1800,  , TS, 11.5S,  82.9E,  35,  997,    0,    0,    0,    0,    0,    0,    0,    0,    0,    0,    0,    0, -999,  23.97,  24.38,  25.06,  24.75,  24.63,  23.69,  23.54,  23.47,  23.57,  23.21,  23.55,  23.16,  23.14,  23.10,  22.85,  23.25,  22.28,  21.36,  22.28,  22.27,  21.45,  21.65,  20.76,  21.26,  21.10,  21.31,  21.36,  21.21,  21.20,  21.13,  21.50
20011122, 0000,  , TS, 11.8S,  83.1E,  35,  997,    0,    0,    0,    0,    0,    0,    0,    0,    0,    0,    0,    0, -999,  24.28,  25.26,  24.80,  24.23,  23.69,  23.21,  23.18,  23.64,  22.83,  22.93,  22.46,  21.91,  21.85,  21.94,  22.16,  21.40,  20.87,  21.79,  22.56,  22.02,  22.03,  21.53,  21.10,  20.85,  21.13,  20.93,  21.50,  20.88,  21.31,  21.18,  21.66
20011122, 0600,  , TS, 12.0S,  83.1E,  35,  997,    0,    0,    0,    0,    0,    0,    0,    0,    0,    0,    0,    0, -999,  24.43,  25.09,  24.78,  23.73,  23.28,  23.04,  23.14,  23.53,  22.61,  22.48,  21.98,  21.48,  21.61,  21.69,  21.92,  20.99,  20.53,  21.16,  22.12,  21.78,  22.07,  21.95,  21.63,  21.02,  20.84,  20.84,  21.19,  20.92,  21.40,  21.30,  21.74
20011122, 1200,  , TS, 12.3S,  82.4E,  35,  997,    0,    0,    0,    0,    0,    0,    0,    0,    0,    0,    0,    0, -999,  23.27,  24.58,  24.70,  24.24,  23.89,  23.75,  23.50,  23.96,  23.32,  23.62,  22.75,  22.55,  21.89,  21.98,  21.44,  20.37,  19.96,  19.76,  20.49,  19.91,  20.52,  20.38,  20.64,  20.46,  20.43,  20.26,  20.12,  20.23,  20.32,  20.28,  20.39
20011122, 1800,  , TD, 12.5S,  81.6E,  30, 1000,    0,    0,    0,    0,    0,    0,    0,    0,    0,    0,    0,    0, -999,  25.27,  24.55,  25.07,  24.58,  24.10,  24.42,  23.73,  23.60,  23.20,  23.35,  23.12,  23.30,  22.87,  23.51,  23.13,  22.90,  21.59,  21.20,  21.47,  21.36,  21.29,  21.50,  21.84,  21.70,  21.67,  21.66,  21.58,  21.46,  21.58,  20.95,  20.74
20011123, 0000,  , TD, 12.6S,  80.7E,  25, 1002,    0,    0,    0,    0,    0,    0,    0,    0,    0,    0,    0,    0, -999,  22.46,  23.19,  23.44,  23.68,  24.13,  23.88,  24.03,  23.46,  23.69,  23.42,  23.14,  22.96,  23.17,  23.28,  23.15,  22.80,  22.62,  22.65,  22.58,  22.28,  22.44,  22.93,  22.66,  22.27,  22.39,  22.59,  22.35,  22.30,  21.37,  20.95,  20.73
20011123, 0600,  , TD, 12.8S,  80.0E,  25, 1000,    0,    0,    0,    0,    0,    0,    0,    0,    0,    0,    0,    0, -999,  19.89,  20.10,  20.64,  21.20,  21.23,  21.47,  21.79,  21.61,  21.97,  22.21,  22.20,  22.54,  22.59,  22.90,  22.82,  22.88,  22.82,  22.68,  22.62,  22.11,  22.16,  22.43,  23.18,  22.85,  22.87,  22.82,  23.08,  23.03,  22.44,  21.84,  21.46
20011123, 1200,  , TD, 12.9S,  79.2E,  25, 1002,    0,    0,    0,    0,    0,    0,    0,    0,    0,    0,    0,    0, -999,  16.87,  17.41,  17.73,  18.12,  18.21,  18.81,  19.21,  19.57,  19.51,  19.67,  19.67,  21.28,  22.25,  22.03,  22.44,  22.61,  22.51,  22.40,  22.24,  22.20,  22.12,  22.32,  22.13,  22.29,  22.03,  22.35,  22.13,  22.17,  21.77,  21.42,  21.24
20011123, 1800,  , TD, 12.9S,  78.4E,  25, 1002,    0,    0,    0,    0,    0,    0,    0,    0,    0,    0,    0,    0, -999,  19.22,  19.35,  19.46,  18.80,  18.64,  18.85,  18.83,  18.94,  18.54,  18.21,  18.07,  19.73,  20.46,  20.69,  20.15,  20.98,  21.28,  21.34,  21.66,  21.68,  22.29,  22.56,  22.37,  22.68,  22.53,  22.42,  22.21,  22.08,  21.83,  21.56,  21.86
20011124, 0000,  , TD, 12.9S,  77.8E,  25, 1002,    0,    0,    0,    0,    0,    0,    0,    0,    0,    0,    0,    0, -999,  20.50,  20.68,  20.58,  20.33,  20.77,  20.91,  21.02,  20.35,  20.41,  20.07,  20.88,  21.17,  20.72,  19.41,  19.94,  20.26,  20.30,  20.69,  20.72,  21.29,  21.26,  22.02,  22.87,  22.77,  22.40,  22.46,  22.48,  22.34,  22.37,  22.48,  22.41
20011124, 0600,  , TD, 12.9S,  77.4E,  25, 1002,    0,    0,    0,    0,    0,    0,    0,    0,    0,    0,    0,    0, -999,  21.88,  21.91,  21.79,  21.67,  22.88,  23.06,  22.97,  22.17,  21.51,  20.94,  21.26,  21.52,  21.84,  19.87,  19.98,  19.72,  19.29,  19.80,  20.06,  20.86,  20.49,  21.37,  21.64,  21.34,  21.12,  21.03,  21.20,  21.10,  21.43,  21.46,  21.95
20011124, 1200,  , TD, 12.9S,  76.9E,  25, 1002,    0,    0,    0,    0,    0,    0,    0,    0,    0,    0,    0,    0, -999,  21.88,  22.50,  22.25,  22.64,  23.29,  24.05,  24.07,  23.48,  22.42,  22.08,  22.20,  21.65,  22.12,  20.31,  20.24,  19.95,  19.58,  19.47,  19.47,  20.18,  20.10,  21.26,  21.23,  21.20,  20.66,  20.70,  20.60,  20.78,  21.12,  21.37,  21.95
