SH042020,              SARAI,     36,
20191224, 1800,  , DB,  7.8S, 175.0E,  20, 1007,    0,    0,    0,    0,    0,    0,    0,    0,    0,    0,    0,    0, -999,  29.78,  29.87,  29.95,  29.84,  30.05,  30.02,  30.01,  29.99,  29.91,  29.91,  29.70,  29.59,  29.91,  29.95,  29.92,  29.88,  29.82,  29.92,  29.92,  29.94,  29.63,  29.78,  29.71,  29.51,  29.39,  29.59,  29.31,  28.98,  28.96,  29.01,  28.95
20191225, 0000,  , DB,  8.0S, 175.4E,  20, 1005,    0,    0,    0,    0,    0,    0,    0,    0,    0,    0,    0,    0, -999,  29.93,  29.94,  29.85,  30.01,  30.05,  29.95,  29.93,  29.96,  29.80,  29.62,  29.60,  29.83,  29.92,  29.98,  29.94,  30.08,  30.06,  30.02,  29.95,  29.56,  29.81,  29.75,  29.38,  29.33,  29.28,  29.16,  28.96,  28.91,  28.94,  28.94,  29.19
20191225, 0600,  , DB,  8.7S, 175.6E,  20, 1005,    0,    0,    0,    0,    0,    0,    0,    0,    0,    0,    0,    0, -999,  29.92,  29.95,  29.86,  29.92,  29.91,  29.90,  29.96,  29.80,  29.75,  29.70,  29.87,  29.95,  30.04,  29.98,  30.05,  30.24,  30.20,  30.26,  30.11,  29.90,  29.74,  29.73,  29.27,  29.39,  29.38,  29.10,  29.15,  28.99,  28.98,  28.81,  28.94
20191225, 1200,  , TD,  9.8S, 175.8E,  25, 1003,    0,    0,    0,    0,    0,    0,    0,    0,    0,    0,    0,    0, -999,  29.82,  29.86,  29.76,  29.68,  29.67,  29.73,  29.76,  29.79,  29.72,  29.69,  29.58,  29.69,  29.51,  29.54,  29.51,  29.56,  29.69,  29.70,  29.80,  29.52,  29.59,  29.49,  29.42,  29.39,  29.17,  29.22,  29.19,  29.25,  29.23,  29.16,  29.08
20191225, 1800,  , TD, 10.9S, 175.7E,  25, 1002,    0,    0,    0,    0,    0,    0,    0,    0,    0,    0,    0,    0, -999,  29.38,  29.30,  29.42,  29.41,  29.27,  29.51,  29.28,  29.48,  29.40,  29.52,  29.36,  29.51,  29.33,  29.27,  29.18,  29.14,  29.15,  28.86,  28.91,  29.00,  28.99,  28.71,  28.85,  29.00,  29.02,  28.95,  28.87,  28.92,  28.81,  28.65,  28.62
20191226, 0000,  , TD, 12.0S, 175.5E,  30, 1001,    0,    0,    0,    0,    0,    0,    0,    0,    0,    0,    0,    0, -999,  28.63,  28.68,  28.69,  28.63,  28.76,  28.73,  28.82,  29.00,  28.91,  29.00,  29.01,  28.89,  29.05,  29.02,  28.77,  28.65,  28.37,  28.54,  28.32,  28.40,  28.38,  28.24,  28.16,  28.42,  28.33,  28.30,  28.54,  28.22,  28.34,  28.33,  28.23
20191226, 0600,  , TS, 13.2S, 175.6E,  35, 1000,   60,  110,  100,   40,    0,    0,    0,    0,    0,    0,    0,    0, -999,  28.60,  28.75,  28.87,  28.98,  29.15,  29.04,  29.14,  29.00,  28.62,  28.62,  28.29,  28.31,  28.52,  28.73,  28.61,  28.61,  28.49,  28.40,  28.34,  28.25,  28.21,  28.20,  28.38,  28.41,  28.36,  28.33,  28.21,  28.23,  28.09,  28.19,  27.94
20191226, 1200,  , TS, 14.5S, 175.6E,  45,  996,  125,  130,  130,   50,    0,    0,    0,    0,    0,    0,    0,    0, -999,  28.20,  28.12,  28.18,  28.22,  28.35,  28.35,  28.30,  28.36,  28.60,  28.47,  28.34,  28.35,  28.30,  28.30,  27.86,  27.66,  27.50,  27.36,  26.95,  27.21,  26.98,  27.16,  27.21,  27.00,  27.46,  27.05,  27.52,  27.19,  27.82,  27.65,  27.85
20191226, 1800,  , TS, 15.6S, 175.4E,  50,  991,  170,  150,  150,   70,    0,   30,   30,    0,    0,    0,    0,    0, -999,  26.80,  27.06,  27.10,  27.21,  27.20,  27.50,  27.71,  27.91,  27.97,  27.90,  28.08,  27.95,  28.09,  28.04,  28.05,  28.12,  27.80,  27.40,  27.28,  26.89,  26.67,  27.03,  27.02,  27.20,  27.53,  27.30,  27.41,  27.28,  27.67,  27.66,  27.73
20191227, 0000,  , TS, 16.8S, 175.4E,  55,  988,  175,  160,  160,   90,   20,   40,   35,    0,    0,    0,    0,    0, -999,  27.39,  27.39,  27.10,  27.43,  27.29,  27.34,  27.35,  27.52,  27.59,  27.75,  27.75,  27.93,  27.77,  27.67,  27.38,  27.81,  26.91,  26.92,  26.71,  26.36,  26.38,  26.41,  26.24,  26.22,  26.15,  25.63,  25.27,  25.26,  25.27,  25.52,  26.24
20191227, 0600,  , TS, 17.9S, 175.5E,  60,  983,  175,  180,  170,  110,   40,   45,   40,   45,    0,    0,    0,    0, -999,  26.68,  26.47,  26.40,  26.52,  26.71,  26.88,  26.71,  26.84,  26.90,  26.63,  26.50,  26.64,  26.50,  26.23,  26.17,  26.13,  25.78,  26.02,  25.79,  25.73,  25.51,  25.00,  25.29,  24.89,  24.49,  24.68,  24.63,  24.51,  24.64,  24.51,  24.74
20191227, 1200,  , HU, 18.7S, 176.0E,  65,  982,  170,  190,  200,  120,   45,   55,   50,   55,   30,   30,   30,   30, -999,  26.01,  25.72,  25.77,  25.83,  25.57,  25.39,  25.34,  25.81,  25.93,  25.85,  25.54,  25.76,  25.82,  25.88,  25.74,  25.87,  25.42,  25.77,  25.52,  25.59,  25.59,  25.23,  25.36,  25.11,  24.82,  25.11,  25.07,  25.26,  24.95,  25.07,  25.29
20191227, 1800,  , HU, 19.3S, 176.5E,  65,  980,  170,  185,  150,  115,   50,   60,   60,   55,   30,   35,   30,   30, -999,  25.43,  25.27,  25.36,  25.46,  25.37,  25.32,  25.27,  25.71,  25.93,  25.96,  25.72,  25.77,  25.86,  25.69,  25.59,  25.55,  25.98,  25.14,  25.14,  25.42,  25.13,  24.69,  24.68,  24.55,  24.47,  24.38,  24.13,  24.14,  24.46,  24.20,  24.51
20191228, 0000,  , HU, 19.9S, 177.2E,  70,  976,  165,  185,  100,  110,   60,   65,   70,   55,   30,   40,   35,   20, -999,  24.25,  24.38,  24.60,  24.70,  24.71,  24.82,  24.96,  24.86,  24.80,  24.71,  24.66,  24.38,  24.45,  24.49,  24.76,  25.23,  24.82,  24.38,  24.11,  23.69,  23.16,  23.14,  22.83,  23.20,  23.46,  23.60,  23.69,  23.82,  23.49,  23.60,  23.71
20191228, 0600,  , HU, 20.1S, 177.5E,  70,  975,  160,  185,  115,  110,   65,   70,   75,   55,   35,   40,   35,   20, -999,  24.31,  24.29,  24.40,  24.34,  24.13,  24.19,  24.64,  24.45,  24.52,  24.56,  24.46,  24.29,  24.40,  24.28,  24.69,  24.84,  24.93,  24.43,  24.00,  23.20,  22.77,  22.64,  22.62,  22.93,  23.18,  23.29,  23.37,  23.68,  23.39,  23.48,  23.87
20191228, 1200,  , HU, 20.1S, 177.9E,  75,  972,  155,  180,  130,  110,   75,   75,   85,   60,   40,   50,   40,   30, -999,  24.43,  24.36,  24.48,  24.48,  24.26,  24.25,  24.56,  24.38,  24.46,  24.56,  24.46,  24.26,  24.23,  24.13,  24.75,  24.93,  25.00,  24.59,  24.00,  23.29,  22.92,  22.69,  22.72,  22.81,  23.09,  23.43,  23.35,  24.05,  23.62,  23.74,  24.19
20191228, 1800,  , HU, 20.1S, 178.3E,  75,  971,  145,  175,  140,  100,   65,   75,   65,   65,   40,   55,   45,   30, -999,  24.56,  24.60,  24.73,  24.83,  24.75,  24.66,  24.76,  24.60,  24.75,  24.92,  25.02,  24.84,  24.73,  24.56,  24.92,  25.21,  24.79,  24.68,  24.20,  23.39,  23.86,  23.29,  23.88,  24.13,  24.99,  24.63,  25.00,  24.66,  24.50,  24.91,  24.89
20191229, 0000,  , HU, 20.3S, 179.0E,  70,  975,  130,  170,  150,   90,   55,   70,   60,   60,   35,   50,   45,   25, -999,  24.77,  24.99,  24.90,  24.94,  24.84,  24.79,  24.81,  24.69,  24.72,  24.98,  25.08,  25.19,  25.32,  25.35,  25.48,  25.11,  24.51,  24.60,  24.00,  24.12,  24.40,  24.59,  25.17,  25.40,  25.49,  25.37,  25.00,  24.62,  24.89,  24.59,  24.87
20191229, 0600,  , HU, 20.5S, 179.7E,  65,  978,  140,  175,  170,   95,   50,   65,   60,   60,   30,   45,   40,   30, -999,  24.67,  24.85,  24.94,  24.87,  24.90,  25.01,  24.98,  24.99,  25.23,  25.38,  25.39,  25.49,  25.46,  25.44,  25.46,  25.15,  24.48,  24.48,  23.96,  24.43,  24.34,  24.71,  25.06,  24.77,  24.86,  24.64,  24.47,  24.16,  24.32,  24.29,  24.32
20191229, 1200,  , HU, 20.5S, 179.6W,  65,  980,  145,  185,  190,  100,   40,   60,   60,   50,   25,   35,   35,   25, -999,  24.86,  25.05,  24.96,  25.12,  25.06,  25.21,  25.29,  25.09,  25.06,  25.33,  25.15,  25.22,  25.43,  25.44,  25.47,  25.25,  24.95,  25.09,  24.53,  24.30,  24.32,  24.30,  24.32,  24.77,  24.88,  24.64,  24.88,  24.40,  24.73,  24.70,  24.58
20191229, 1800,  , TS, 20.6S, 179.0W,  60,  982,  150,  200,  170,   95,   40,   50,   70,   50,    0,    0,    0,    0, -999,  25.16,  25.07,  25.03,  25.15,  25.07,  24.77,  25.21,  25.10,  25.11,  25.17,  25.26,  25.17,  25.36,  25.56,  25.61,  25.54,  25.43,  24.74,  25.31,  24.98,  24.64,  25.01,  25.32,  24.91,  25.30,  25.38,  25.92,  25.43,  25.76,  25.13,  24.83
20191230, 0000,  , TS, 20.7S, 178.6W,  60,  981,  150,  200,  150,   85,   50,   40,   80,   50,    0,    0,    0,    0, -999,  24.96,  24.93,  24.94,  24.86,  25.12,  25.05,  25.10,  25.31,  25.41,  25.22,  25.21,  25.48,  25.35,  25.59,  25.48,  25.27,  25.07,  24.50,  24.86,  25.18,  24.88,  25.04,  25.24,  25.46,  25.28,  26.21,  25.47,  25.59,  25.42,  25.19,  24.98
20191230, 0600,  , TS, 21.1S, 177.6W,  55,  983,  150,  200,  150,   80,   70,   65,   90,   50,    0,    0,    0,    0, -999,  24.93,  24.98,  25.14,  25.13,  24.86,  25.07,  25.48,  25.55,  25.63,  25.66,  25.64,  25.56,  25.51,  25.76,  25.84,  25.65,  24.66,  24.57,  24.18,  24.11,  24.49,  24.56,  24.22,  24.37,  24.30,  24.47,  24.00,  24.02,  24.07,  24.03,  23.96
20191230, 1200,  , TS, 21.2S, 176.8W,  50,  988,  150,  200,  150,   70,   70,   90,   90,   50,    0,    0,    0,    0, -999,  25.28,  25.30,  25.21,  25.27,  24.94,  25.10,  25.23,  25.11,  25.16,  25.03,  24.66,  24.57,  24.55,  24.88,  24.83,  25.13,  24.68,  23.85,  23.72,  23.45,  23.71,  23.78,  23.45,  23.82,  23.69,  23.76,  23.47,  23.52,  23.84,  23.74,  24.00
20191230, 1800,  , TS, 21.2S, 176.0W,  50,  988,  130,  180,  150,  105,   60,   70,   80,   50,    0,    0,    0,    0, -999,  24.35,  24.54,  24.49,  24.69,  24.79,  24.67,  24.77,  24.63,  24.68,  24.73,  24.71,  24.90,  24.84,  25.16,  25.12,  25.04,  25.07,  23.46,  24.48,  24.45,  24.33,  24.16,  24.25,  24.59,  24.69,  24.49,  24.61,  24.74,  25.02,  25.20,  25.24
20191231, 0000,  , TS, 20.9S, 175.2W,  45,  991,  110,  150,  150,  105,    0,    0,    0,    0,    0,    0,    0,    0, -999,  25.23,  25.37,  25.26,  25.46,  25.24,  25.42,  25.31,  25.28,  25.30,  25.28,  25.18,  25.14,  25.13,  25.15,  25.06,  25.19,  25.06,  25.42,  25.52,  24.92,  25.30,  25.24,  25.07,  25.02,  25.01,  25.09,  24.98,  24.75,  24.86,  25.10,  25.05
20191231, 0600,  , TS, 20.5S, 173.8W,  40,  996,  100,  135,  130,  100,    0,    0,    0,    0,    0,    0,    0,    0, -999,  25.46,  25.62,  25.75,  25.81,  25.74,  25.71,  25.72,  25.99,  25.85,  25.78,  25.65,  25.27,  25.03,  24.94,  24.93,  24.91,  24.66,  24.45,  24.31,  24.73,  24.97,  24.73,  24.60,  24.60,  24.52,  24.32,  24.28,  24.30,  24.52,  24.86,  25.37
20191231, 1200,  , TS, 20.4S, 172.5W,  35,  997,  110,  130,   90,  110,    0,    0,    0,    0,    0,    0,    0,    0, -999,  24.80,  24.55,  24.28,  24.29,  24.73,  25.12,  25.37,  25.75,  25.84,  25.13,  25.10,  25.31,  25.25,  25.28,  25.22,  25.92,  26.10,  25.87,  25.82,  26.03,  26.02,  25.85,  26.05,  25.87,  25.47,  25.28,  25.06,  24.97,  25.45,  25.41,  25.39
20191231, 1800,  , TS, 20.3S, 171.2W,  35,  998,  115,  130,   90,  110,    0,    0,    0,    0,    0,    0,    0,    0, -999,  25.27,  25.15,  25.37,  25.44,  25.17,  25.17,  24.82,  25.08,  25.14,  25.15,  25.53,  25.58,  25.82,  25.75,  25.41,  25.38,  24.89,  24.69,  24.55,  24.57,  24.66,  24.67,  24.88,  24.89,  24.71,  24.69,  24.69,  24.66,  24.80,  24.71,  24.61
20200101, 0000,  , TS, 20.4S, 168.9W,  35,  997,  125,  130,   90,  110,    0,    0,    0,    0,    0,    0,    0,    0, -999,  25.49,  25.34,  25.00,  24.92,  25.31,  25.30,  25.50,  25.58,  25.79,  25.63,  25.63,  25.74,  25.63,  25.58,  25.60,  25.75,  25.64,  25.70,  25.68,  25.69,  25.68,  25.66,  25.44,  25.56,  25.55,  25.40,  25.37,  25.50,  25.45,  25.30,  25.41
20200101, 0600,  , XX, 20.6S, 166.6W,  40,  995,  130,  130,   95,   90,    0,    0,    0,    0,    0,    0,    0,    0, -999,  24.66,  24.57,  24.78,  24.79,  24.96,  24.95,  24.94,  24.90,  25.11,  25.01,  25.11,  25.12,  25.14,  25.39,  25.26,  25.29,  25.32,  24.84,  24.73,  25.19,  25.25,  25.11,  25.62,  25.79,  25.53,  25.54,  25.23,  24.95,  24.84,  24.97,  25.23
20200101, 1200,  , XX, 21.0S, 164.4W,  50,  991,  135,  130,   80,   70,    0,    0,   40,   40,    0,    0,    0,    0, -999,  25.24,  25.07,  24.98,  24.88,  24.86,  24.85,  24.67,  24.67,  24.77,  24.51,  24.45,  24.40,  24.39,  24.51,  24.44,  24.48,  24.29,  24.16,  24.00,  24.39,  24.40,  24.68,  24.68,  24.66,  24.70,  24.88,  24.80,  24.69,  24.73,  24.75,  24.87
20200101, 1800,  , XX, 22.1S, 161.8W,  55,  988,  145,  120,  100,   80,   50,    0,   30,   30,    0,    0,    0,    0, -999,  24.75,  24.79,  24.90,  24.77,  24.98,  24.84,  24.48,  24.21,  24.49,  24.78,  24.47,  24.43,  24.29,  24.16,  24.37,  24.25,  24.45,  23.84,  24.19,  24.27,  24.77,  24.89,  24.77,  24.93,  24.83,  25.10,  24.86,  24.75,  24.98,  24.87,  24.81
20200102, 0000,  , XX, 23.3S, 159.1W,  55,  984,  160,  140,   80,   95,   55,    0,   35,   35,    0,    0,    0,    0, -999,  22.74,  22.92,  22.70,  22.46,  22.39,  22.04,  22.03,  22.18,  22.55,  22.50,  22.48,  22.43,  22.28,  22.21,  22.14,  22.25,  22.33,  22.36,  22.48,  22.52,  22.73,  22.74,  23.17,  23.37,  23.69,  23.84,  23.74,  23.96,  23.88,  24.00,  24.22
20200102, 0600,  , XX, 24.9S, 156.6W,  50,  988,  145,  130,   90,   95,   90,    0,   55,   65,    0,    0,    0,    0, -999,  22.55,  22.48,  22.68,  22.56,  22.96,  23.27,  23.77,  24.20,  24.03,  23.76,  23.72,  23.67,  23.70,  23.60,  23.65,  23.50,  23.44,  23.54,  23.65,  23.70,  23.36,  23.36,  23.34,  23.51,  23.96,  24.09,  23.88,  24.09,  24.05,  23.76,  23.72
20200102, 1200,  , EX, 27.4S, 153.5W,  45,  988,   70,  120,   90,  110,    0,    0,    0,    0,    0,    0,    0,    0, -999,  20.73,  20.99,  21.11,  21.27,  21.11,  20.56,  20.37,  20.50,  20.68,  20.66,  20.64,  20.70,  20.88,  20.70,  20.85,  20.90,  20.84,  20.85,  20.91,  21.15,  21.21,  21.47,  21.47,  21.56,  21.41,  21.56,  21.72,  21.67,  21.55,  21.32,  21.44
