SH042009,              CINDA,     33,
20081213, 1200,  , DB, 10.4S,  76.5E,  20, 1007,    0,    0,    0,    0,    0,    0,    0,    0,    0,    0,    0,    0, -999,  35.56,  35.55,  35.60,  35.68,  35.68,  35.71,  35.68,  35.46,  34.95,  35.31,  34.99,  34.89,  34.77,  34.83,  34.69,  34.66,  34.67,  34.70,  34.61,  34.60,  34.36,  34.39,  34.55,  34.54,  34.48,  34.42,  34.44,  34.57,  34.61,  34.78,  34.63
20081213, 1800,  , DB, 10.3S,  75.7E,  20, 1007,    0,    0,    0,    0,    0,    0,    0,    0,    0,    0,    0,    0, -999,  35.70,  35.64,  35.78,  35.81,  35.63,  35.69,  35.67,  35.69,  35.62,  35.43,  35.46,  35.24,  35.25,  35.32,  35.20,  35.39,  35.40,  35.14,  35.33,  34.90,  34.72,  34.43,  34.47,  34.49,  34.45,  34.40,  34.41,  34.42,  34.39,  34.35,  34.31
20081214, 0000,  , DB, 10.2S,  75.0E,  20, 1007,    0,    0,    0,    0,    0,    0,    0,    0,    0,    0,    0,    0, -999,  35.52,  35.51,  35.48,  35.48,  35.53,  35.55,  35.60,  35.62,  35.86,  35.89,  35.71,  35.46,  35.35,  35.19,  35.48,  35.37,  35.53,  35.60,  35.39,  35.19,  35.10,  34.97,  34.60,  34.72,  34.71,  34.75,  34.95,  35.14,  34.99,  34.77,  34.83
20081214, 0600,  , DB, 10.1S,  74.2E,  20, 1007,    0,    0,    0,    0,    0,    0,    0,    0,    0,    0,    0,    0, -999,  35.31,  35.29,  35.40,  35.49,  35.50,  35.42,  35.43,  35.47,  35.52,  35.62,  35.73,  35.76,  35.64,  35.18,  35.58,  35.39,  35.38,  35.46,  35.43,  35.59,  35.53,  35.20,  34.72,  34.83,  34.84,  34.77,  34.78,  35.10,  35.05,  34.97,  34.97
20081214, 1200,  , DB, 10.0S,  73.2E,  20, 1007,    0,    0,    0,    0,    0,    0,    0,    0,    0,    0,    0,    0, -999,  34.64,  34.53,  35.21,  35.18,  35.38,  35.39,  35.29,  35.25,  35.34,  35.39,  35.38,  35.36,  35.47,  35.41,  35.63,  35.66,  35.62,  35.62,  35.56,  35.51,  35.40,  35.32,  35.25,  35.04,  35.05,  35.23,  35.44,  35.39,  35.35,  35.31,  35.35
20081214, 1800,  , DB,  9.9S,  72.2E,  20, 1007,    0,    0,    0,    0,    0,    0,    0,    0,    0,    0,    0,    0, -999,  34.43,  34.39,  34.39,  34.40,  34.41,  34.42,  34.39,  35.02,  34.84,  35.28,  35.23,  35.43,  35.21,  35.11,  35.02,  35.09,  35.11,  35.12,  35.23,  35.15,  35.24,  35.19,  35.39,  35.48,  35.60,  35.63,  35.61,  35.58,  35.55,  35.60,  35.65
20081215, 0000,  , TD,  9.6S,  71.0E,  25, 1004,    0,    0,    0,    0,    0,    0,    0,    0,    0,    0,    0,    0, -999,  35.23,  35.35,  34.80,  35.28,  35.43,  35.44,  35.30,  35.00,  35.25,  35.32,  35.27,  35.06,  35.09,  35.16,  35.20,  35.18,  35.12,  35.13,  35.11,  35.07,  35.14,  35.16,  35.16,  35.33,  35.35,  35.41,  35.37,  35.27,  35.28,  35.31,  35.24
20081215, 0600,  , TD,  9.2S,  70.0E,  25, 1004,    0,    0,    0,    0,    0,    0,    0,    0,    0,    0,    0,    0, -999,  35.78,  35.67,  35.65,  35.57,  35.54,  35.51,  35.56,  35.57,  35.63,  35.76,  35.74,  35.62,  35.62,  35.51,  35.22,  35.19,  35.11,  35.06,  35.23,  35.16,  35.15,  35.14,  35.11,  35.17,  35.25,  35.24,  35.27,  35.27,  35.39,  35.50,  35.49
20081215, 0900,  , TD,  9.1S,  69.6E,  25, 1004,    0,    0,    0,    0,    0,    0,    0,    0,    0,    0,    0,    0, -999,  35.64,  35.59,  35.63,  35.60,  35.52,  35.45,  35.47,  35.52,  35.66,  35.79,  35.86,  35.71,  35.80,  35.71,  35.55,  35.44,  35.23,  35.18,  35.09,  35.11,  35.19,  35.14,  35.09,  35.14,  35.22,  35.18,  35.16,  35.10,  35.23,  35.33,  35.44
20081215, 1200,  , TD,  9.1S,  69.3E,  25, 1004,    0,    0,    0,    0,    0,    0,    0,    0,    0,    0,    0,    0, -999,  35.50,  35.48,  35.43,  35.63,  35.65,  35.56,  35.49,  35.40,  35.47,  35.62,  35.73,  35.77,  35.75,  35.55,  35.38,  35.39,  35.42,  35.35,  35.23,  35.20,  35.09,  35.16,  35.09,  35.16,  35.20,  35.15,  35.12,  35.05,  35.12,  35.17,  35.22
20081215, 1800,  , TD,  9.2S,  68.9E,  25, 1004,    0,    0,    0,    0,    0,    0,    0,    0,    0,    0,    0,    0, -999,  35.49,  35.23,  35.25,  35.29,  35.34,  35.54,  35.65,  35.48,  35.40,  35.40,  35.47,  35.53,  35.63,  35.58,  35.46,  35.34,  35.30,  35.25,  35.26,  35.30,  35.29,  35.30,  35.05,  35.13,  35.20,  35.22,  35.16,  35.13,  35.13,  35.10,  35.10
20081216, 0000,  , TD,  9.3S,  68.6E,  25, 1004,    0,    0,    0,    0,    0,    0,    0,    0,    0,    0,    0,    0, -999,  35.07,  34.95,  35.02,  35.09,  35.33,  35.51,  35.55,  35.54,  35.55,  35.55,  35.59,  35.67,  35.66,  35.45,  35.17,  35.32,  35.14,  35.25,  35.20,  35.30,  35.42,  35.19,  35.10,  35.08,  35.28,  35.07,  34.97,  35.12,  35.17,  35.16,  35.12
20081216, 0600,  , TD,  9.5S,  68.2E,  25, 1004,    0,    0,    0,    0,    0,    0,    0,    0,    0,    0,    0,    0, -999,  34.95,  34.95,  35.03,  35.11,  35.23,  35.35,  35.37,  35.48,  35.54,  35.53,  35.58,  35.59,  35.57,  35.38,  35.06,  35.27,  35.07,  35.38,  35.16,  35.19,  35.27,  35.32,  35.28,  35.27,  35.09,  35.30,  35.01,  35.00,  35.05,  35.22,  35.21
20081216, 1200,  , TD,  9.7S,  67.8E,  25, 1004,    0,    0,    0,    0,    0,    0,    0,    0,    0,    0,    0,    0, -999,  34.90,  35.05,  35.11,  35.14,  35.15,  35.00,  35.17,  35.34,  35.53,  35.46,  35.55,  35.53,  35.51,  35.41,  35.24,  35.17,  34.96,  35.27,  35.25,  35.32,  35.34,  35.19,  35.03,  35.18,  35.22,  35.20,  35.17,  35.16,  35.15,  35.19,  35.09
20081216, 1800,  , TD, 10.0S,  67.4E,  30, 1000,    0,    0,    0,    0,    0,    0,    0,    0,    0,    0,    0,    0, -999,  35.09,  35.03,  35.11,  35.17,  35.19,  35.19,  35.13,  35.09,  35.10,  35.09,  35.17,  35.34,  35.66,  35.72,  35.60,  35.50,  35.38,  35.43,  35.29,  35.15,  35.26,  34.88,  34.98,  35.29,  35.30,  35.23,  35.02,  35.28,  35.18,  35.14,  35.06
20081217, 0000,  , TS, 10.2S,  67.1E,  35,  996,    0,    0,    0,    0,    0,    0,    0,    0,    0,    0,    0,    0, -999,  35.11,  35.13,  35.10,  35.11,  35.15,  35.12,  35.09,  35.10,  35.07,  35.06,  35.02,  35.11,  35.21,  35.22,  35.15,  35.09,  35.05,  35.22,  35.20,  35.28,  35.23,  35.21,  35.23,  35.01,  35.03,  35.03,  35.07,  35.04,  34.98,  35.08,  35.09
20081217, 0600,  , TS, 10.4S,  66.9E,  35,  996,    0,    0,    0,    0,    0,    0,    0,    0,    0,    0,    0,    0, -999,  35.13,  35.16,  35.16,  35.11,  35.12,  35.10,  35.12,  35.16,  35.18,  35.26,  35.12,  35.05,  35.09,  35.15,  35.16,  35.15,  35.17,  35.16,  35.18,  35.12,  35.04,  35.07,  35.16,  35.23,  35.17,  34.97,  34.89,  35.01,  35.00,  35.08,  35.03
20081217, 1200,  , TS, 10.7S,  67.0E,  40,  993,   25,   30,   30,   25,    0,    0,    0,    0,    0,    0,    0,    0, -999,  35.10,  35.11,  35.13,  35.21,  35.21,  35.20,  35.15,  35.12,  35.11,  35.14,  35.33,  35.22,  35.03,  34.99,  35.12,  35.14,  35.12,  35.13,  35.18,  35.12,  35.03,  35.03,  35.12,  35.21,  35.19,  35.00,  34.83,  34.82,  34.90,  35.04,  35.07
20081217, 1800,  , TS, 11.0S,  67.0E,  45,  989,   25,   30,   30,   25,    0,    0,    0,    0,    0,    0,    0,    0, -999,  34.93,  34.96,  34.98,  34.99,  35.02,  35.07,  35.19,  35.19,  35.13,  35.23,  35.40,  35.35,  35.23,  34.96,  34.99,  35.11,  35.19,  35.15,  35.18,  35.17,  35.10,  35.09,  35.09,  35.05,  35.10,  35.05,  35.00,  34.84,  34.84,  34.95,  34.99
20081218, 0000,  , TS, 11.7S,  67.0E,  50,  985,   50,   55,   55,   50,    0,    0,    0,    0,    0,    0,    0,    0, -999,  34.96,  34.97,  34.97,  34.95,  34.94,  34.93,  34.95,  34.95,  35.13,  35.11,  35.09,  35.17,  35.10,  35.07,  35.02,  35.01,  35.10,  35.18,  35.12,  34.89,  34.86,  35.02,  35.14,  35.16,  35.17,  35.14,  35.16,  35.13,  35.10,  35.05,  35.03
20081218, 0300,  , TS, 12.1S,  67.0E,  50,  985,   50,   55,   55,   50,    0,    0,    0,    0,    0,    0,    0,    0, -999,  35.01,  34.97,  34.94,  34.95,  35.04,  35.13,  35.18,  35.21,  35.20,  35.17,  35.18,  35.27,  35.27,  35.21,  35.18,  35.18,  35.16,  35.09,  35.05,  34.98,  35.01,  35.12,  35.13,  35.16,  35.15,  35.20,  35.21,  35.19,  35.16,  35.19,  35.18
20081218, 0600,  , TS, 12.4S,  66.9E,  55,  982,   50,   55,   55,   50,   10,   10,   10,   10,    0,    0,    0,    0, -999,  35.00,  34.98,  35.14,  35.22,  35.27,  35.31,  35.22,  35.10,  35.04,  34.91,  34.87,  34.90,  34.88,  34.88,  34.90,  34.93,  34.95,  34.94,  34.93,  35.04,  35.07,  35.08,  35.05,  35.01,  35.11,  35.21,  35.27,  35.23,  35.21,  35.25,  35.25
20081218, 1200,  , TS, 12.7S,  66.7E,  55,  982,   50,   55,   55,   50,   10,   10,   10,   10,    0,    0,    0,    0, -999,  35.01,  35.17,  35.22,  35.34,  35.45,  35.43,  35.27,  35.03,  35.00,  34.99,  34.98,  35.02,  35.01,  35.00,  35.06,  35.05,  35.05,  34.97,  34.94,  34.83,  34.87,  34.83,  34.91,  34.99,  35.06,  35.11,  35.21,  35.22,  35.17,  35.17,  35.20
20081218, 1800,  , TS, 13.0S,  66.4E,  50,  985,   50,   65,   60,   45,    0,    0,    0,    0,    0,    0,    0,    0, -999,  35.07,  34.97,  34.95,  35.14,  35.45,  35.39,  35.36,  35.31,  35.18,  35.04,  35.02,  35.05,  35.05,  34.92,  34.81,  34.78,  34.92,  34.94,  34.91,  34.86,  34.86,  34.87,  34.87,  34.82,  34.87,  34.89,  34.97,  35.03,  35.13,  35.17,  35.09
20081219, 0000,  , TS, 13.4S,  65.8E,  50,  985,   50,   65,   60,   50,    0,    0,    0,    0,    0,    0,    0,    0, -999,  34.84,  34.89,  35.02,  34.95,  34.96,  35.10,  35.41,  35.42,  35.39,  34.83,  34.94,  34.75,  34.72,  34.89,  34.90,  35.10,  34.89,  34.83,  34.76,  34.72,  34.67,  34.67,  34.78,  34.83,  35.05,  35.04,  35.03,  35.03,  35.06,  34.92,  34.79
20081219, 0600,  , TS, 13.6S,  65.3E,  45,  989,   50,   65,   60,   50,    0,    0,    0,    0,    0,    0,    0,    0, -999,  34.93,  34.87,  34.90,  34.88,  34.94,  35.00,  34.98,  34.95,  34.94,  34.91,  34.95,  34.85,  34.78,  34.71,  34.78,  34.87,  35.09,  35.06,  34.94,  34.83,  34.88,  34.95,  34.81,  34.69,  34.78,  34.84,  35.02,  35.07,  35.22,  35.21,  35.11
20081219, 1200,  , TS, 13.7S,  64.9E,  40,  993,   50,   65,   60,   50,    0,    0,    0,    0,    0,    0,    0,    0, -999,  34.98,  34.95,  34.98,  34.97,  35.01,  35.04,  35.04,  35.03,  35.00,  35.02,  35.04,  34.93,  34.88,  34.88,  34.83,  34.88,  35.14,  35.12,  34.88,  34.85,  35.04,  34.99,  34.91,  34.82,  34.85,  34.70,  34.84,  34.98,  35.09,  35.13,  35.20
20081219, 1800,  , TS, 14.0S,  64.2E,  40,  993,   50,   65,   60,   50,    0,    0,    0,    0,    0,    0,    0,    0, -999,  35.03,  34.97,  34.99,  35.02,  35.02,  35.03,  35.04,  35.03,  35.08,  35.14,  35.16,  35.12,  35.06,  35.04,  35.05,  35.04,  35.05,  35.10,  35.08,  34.94,  34.89,  34.86,  34.89,  34.91,  34.85,  34.79,  34.78,  34.84,  35.10,  35.23,  35.19
20081220, 0000,  , TS, 14.0S,  63.5E,  40,  993,   50,   65,   60,   50,    0,    0,    0,    0,    0,    0,    0,    0, -999,  34.95,  34.93,  34.93,  34.94,  34.96,  34.98,  34.97,  34.96,  34.96,  35.01,  35.05,  35.05,  35.04,  35.06,  35.08,  35.07,  35.03,  35.02,  34.93,  34.89,  34.88,  34.91,  34.92,  34.97,  34.99,  35.00,  35.01,  34.99,  34.97,  34.95,  34.98
20081220, 0600,  , TS, 13.8S,  62.9E,  35,  996,   50,   65,   60,   50,    0,    0,    0,    0,    0,    0,    0,    0, -999,  34.96,  34.94,  34.93,  34.95,  34.99,  35.13,  35.05,  34.92,  34.89,  34.77,  34.75,  34.70,  34.71,  34.72,  34.74,  34.73,  34.86,  34.85,  34.90,  34.91,  35.00,  35.04,  35.07,  35.06,  35.05,  35.02,  35.03,  34.96,  34.87,  34.83,  34.76
20081220, 1200,  , TS, 14.1S,  62.6E,  35,  996,   50,   65,   60,   50,    0,    0,    0,    0,    0,    0,    0,    0, -999,  34.96,  34.92,  34.83,  34.79,  34.83,  34.93,  34.84,  34.83,  34.81,  34.85,  34.91,  34.89,  34.86,  34.88,  34.89,  34.91,  35.04,  35.06,  35.12,  35.17,  35.16,  35.05,  34.93,  34.76,  34.77,  34.80,  34.83,  34.86,  34.80,  34.86,  34.77
20081220, 1800,  , TD, 14.8S,  62.3E,  30, 1000,    0,    0,    0,    0,    0,    0,    0,    0,    0,    0,    0,    0, -999,  34.82,  34.83,  34.84,  34.95,  35.00,  35.01,  34.93,  34.97,  34.92,  34.95,  34.95,  34.96,  35.00,  34.97,  35.04,  35.09,  35.14,  35.08,  35.16,  34.96,  34.88,  34.89,  34.92,  34.91,  34.87,  34.86,  34.88,  34.85,  34.84,  34.82,  34.78
20081221, 0000,  , TD, 15.4S,  61.4E,  25, 1004,    0,    0,    0,    0,    0,    0,    0,    0,    0,    0,    0,    0, -999,  35.05,  35.02,  34.97,  34.98,  35.00,  34.97,  34.95,  34.96,  34.96,  34.95,  34.94,  34.94,  34.93,  34.95,  34.95,  34.95,  34.97,  34.93,  34.93,  34.94,  34.93,  34.93,  34.92,  34.93,  34.95,  34.98,  34.91,  34.87,  34.84,  34.84,  34.86
