SH051998,            UNNAMED,     24,
19971115, 0600,  , LO,  9.0S, 180.0W,  15,    0,    0,    0,    0,    0,    0,    0,    0,    0,    0,    0,    0,    0, -999,  35.47,  35.46,  35.45,  35.43,  35.42,  35.39,  35.37,  35.33,  35.36,  35.32,  35.37,  35.34,  35.38,  35.37,  35.30,  35.32,  35.34,  35.33,  35.37,  35.43,  35.46,  35.37,  35.41,  35.34,  35.40,  35.33,  35.34,  35.36,  35.48,  35.52,  35.41
19971115, 1200,  , LO,  8.8S, 178.5E,  15,    0,    0,    0,    0,    0,    0,    0,    0,    0,    0,    0,    0,    0, -999,  35.31,  35.32,  35.29,  35.27,  35.27,  35.26,  35.20,  35.20,  35.20,  35.27,  35.26,  35.21,  35.25,  35.27,  35.24,  35.29,  35.32,  35.29,  35.28,  35.27,  35.33,  35.32,  35.38,  35.39,  35.43,  35.40,  35.39,  35.39,  35.42,  35.45,  35.53
19971115, 1800,  , LO,  8.5S, 176.5E,  15,    0,    0,    0,    0,    0,    0,    0,    0,    0,    0,    0,    0,    0, -999,  35.24,  35.23,  35.21,  35.21,  35.21,  35.20,  35.19,  35.18,  35.18,  35.25,  35.25,  35.25,  35.28,  35.29,  35.28,  35.28,  35.30,  35.29,  35.26,  35.24,  35.22,  35.21,  35.25,  35.27,  35.28,  35.25,  35.27,  35.26,  35.24,  35.26,  35.31
19971116, 0000,  , LO,  8.2S, 174.5E,  15,    0,    0,    0,    0,    0,    0,    0,    0,    0,    0,    0,    0,    0, -999,  35.13,  35.21,  35.14,  35.20,  35.10,  35.11,  35.12,  35.12,  35.11,  35.10,  35.09,  35.07,  35.06,  35.06,  35.06,  35.08,  35.09,  35.11,  35.12,  35.11,  35.09,  35.08,  35.08,  35.05,  35.06,  35.06,  35.06,  35.06,  35.06,  35.05,  35.06
19971116, 0600,  , LO,  8.2S, 173.2E,  15,    0,    0,    0,    0,    0,    0,    0,    0,    0,    0,    0,    0,    0, -999,  35.12,  35.11,  35.13,  35.12,  35.14,  35.16,  35.19,  35.24,  35.25,  35.28,  35.20,  35.21,  35.18,  35.17,  35.17,  35.15,  35.11,  35.10,  35.09,  35.13,  35.13,  35.18,  35.21,  35.19,  35.22,  35.23,  35.19,  35.13,  35.18,  35.20,  35.23
19971116, 1200,  , LO,  8.2S, 172.1E,  15,    0,    0,    0,    0,    0,    0,    0,    0,    0,    0,    0,    0,    0, -999,  35.22,  35.25,  35.21,  35.22,  35.22,  35.21,  35.21,  35.22,  35.25,  35.22,  35.21,  35.17,  35.16,  35.16,  35.16,  35.16,  35.15,  35.15,  35.18,  35.23,  35.21,  35.24,  35.23,  35.24,  35.27,  35.26,  35.23,  35.23,  35.21,  35.29,  35.26
19971116, 1800,  , LO,  8.2S, 171.0E,  20,    0,    0,    0,    0,    0,    0,    0,    0,    0,    0,    0,    0,    0, -999,  35.14,  35.12,  35.08,  35.11,  35.09,  35.08,  35.10,  35.14,  35.14,  35.14,  35.16,  35.20,  35.22,  35.19,  35.18,  35.19,  35.19,  35.22,  35.22,  35.26,  35.29,  35.35,  35.23,  35.27,  35.24,  35.24,  35.28,  35.24,  35.17,  35.18,  35.22
19971117, 0000,  , LO,  8.4S, 169.9E,  20,    0,    0,    0,    0,    0,    0,    0,    0,    0,    0,    0,    0,    0, -999,  35.05,  35.70,  35.11,  35.17,  35.21,  35.24,  35.27,  35.25,  35.25,  35.27,  35.21,  35.22,  35.26,  35.20,  35.20,  35.20,  35.33,  35.21,  35.33,  35.49,  35.45,  35.48,  35.24,  35.24,  35.31,  35.24,  35.29,  35.23,  35.45,  35.09,  35.18
19971117, 0600,  , LO,  9.1S, 168.9E,  20,    0,    0,    0,    0,    0,    0,    0,    0,    0,    0,    0,    0,    0, -999,  35.17,  35.24,  35.28,  35.22,  35.87,  35.41,  35.33,  35.66,  35.34,  35.70,  35.16,  35.84,  35.72,  35.05,  34.89,  34.89,  35.74,  34.94,  35.80,  35.32,  35.29,  35.33,  35.21,  35.09,  35.71,  35.50,  35.14,  35.17,  35.23,  35.15,  35.21
19971117, 1200,  , LO,  9.8S, 168.1E,  20,    0,    0,    0,    0,    0,    0,    0,    0,    0,    0,    0,    0,    0, -999,  35.45,  35.30,  35.46,  35.36,  35.46,  35.32,  35.31,  35.28,  35.34,  35.24,  35.29,  35.23,  35.28,  35.28,  35.21,  35.63,  35.62,  35.62,  35.52,  35.43,  35.37,  35.26,  35.22,  35.14,  35.20,  35.13,  35.23,  35.38,  35.39,  35.32,  35.44
19971117, 1800,  , LO, 10.4S, 167.3E,  25,    0,    0,    0,    0,    0,    0,    0,    0,    0,    0,    0,    0,    0, -999,  35.32,  35.31,  35.37,  35.36,  35.42,  35.37,  35.41,  35.38,  35.41,  35.31,  35.39,  35.32,  35.32,  35.23,  35.30,  35.21,  35.20,  35.23,  35.23,  35.23,  35.25,  35.17,  35.20,  35.20,  35.23,  35.17,  35.28,  35.24,  35.28,  35.24,  35.27
19971118, 0000,  , LO, 11.1S, 166.3E,  30,    0,    0,    0,    0,    0,    0,    0,    0,    0,    0,    0,    0,    0, -999,  35.27,  35.27,  35.30,  35.30,  35.27,  35.31,  35.33,  35.30,  35.34,  35.31,  35.33,  35.33,  35.25,  35.30,  35.31,  35.40,  35.33,  35.30,  35.27,  35.30,  35.21,  35.19,  35.21,  35.16,  35.16,  35.16,  35.18,  35.20,  35.19,  35.20,  35.19
19971118, 0600,  , LO, 11.5S, 165.1E,  30,    0,    0,    0,    0,    0,    0,    0,    0,    0,    0,    0,    0,    0, -999,  35.28,  35.30,  35.29,  35.27,  35.28,  35.28,  35.25,  35.25,  35.22,  35.23,  35.21,  35.22,  35.24,  35.30,  35.30,  35.33,  35.27,  35.29,  35.31,  35.32,  35.30,  35.28,  35.27,  35.30,  35.30,  35.31,  35.29,  35.28,  35.28,  35.27,  35.31
19971118, 1200,  , TS, 12.1S, 163.8E,  35,    0,    0,    0,    0,    0,    0,    0,    0,    0,    0,    0,    0,    0, -999,  35.25,  35.25,  35.26,  35.27,  35.25,  35.24,  35.23,  35.19,  35.20,  35.19,  35.17,  35.17,  35.17,  35.17,  35.17,  35.17,  35.18,  35.18,  35.19,  35.20,  35.18,  35.17,  35.20,  35.26,  35.24,  35.27,  35.30,  35.36,  35.32,  35.33,  35.26
19971118, 1800,  , TS, 12.7S, 162.7E,  35,    0,    0,    0,    0,    0,    0,    0,    0,    0,    0,    0,    0,    0, -999,  35.17,  35.20,  35.21,  35.23,  35.28,  35.26,  35.26,  35.30,  35.26,  35.24,  35.24,  35.25,  35.24,  35.25,  35.24,  35.22,  35.22,  35.19,  35.16,  35.17,  35.14,  35.17,  35.22,  35.27,  35.27,  35.25,  35.21,  35.23,  35.32,  35.30,  35.29
19971119, 0000,  , TS, 13.6S, 161.8E,  45,    0,    0,    0,    0,    0,    0,    0,    0,    0,    0,    0,    0,    0, -999,  35.19,  35.19,  35.24,  35.21,  35.19,  35.20,  35.22,  35.22,  35.24,  35.22,  35.23,  35.23,  35.27,  35.26,  35.18,  35.23,  35.28,  35.31,  35.29,  35.23,  35.18,  35.20,  35.18,  35.20,  35.23,  35.27,  35.30,  35.26,  35.26,  35.27,  35.29
19971119, 0600,  , TS, 14.5S, 161.1E,  60,    0,    0,    0,    0,    0,    0,    0,    0,    0,    0,    0,    0,    0, -999,  35.27,  35.24,  35.24,  35.23,  35.22,  35.21,  35.22,  35.23,  35.25,  35.24,  35.24,  35.23,  35.25,  35.25,  35.24,  35.27,  35.27,  35.27,  35.27,  35.28,  35.31,  35.31,  35.30,  35.31,  35.30,  35.28,  35.29,  35.27,  35.21,  35.19,  35.22
19971119, 1200,  , HU, 15.3S, 160.5E,  65,    0,    0,    0,    0,    0,    0,    0,    0,    0,    0,    0,    0,    0, -999,  35.21,  35.24,  35.25,  35.24,  35.23,  35.22,  35.20,  35.21,  35.20,  35.20,  35.20,  35.19,  35.19,  35.18,  35.18,  35.19,  35.20,  35.21,  35.22,  35.21,  35.22,  35.23,  35.23,  35.22,  35.23,  35.23,  35.25,  35.28,  35.31,  35.29,  35.31
19971119, 1800,  , HU, 16.0S, 159.9E,  70,    0,    0,    0,    0,    0,    0,    0,    0,    0,    0,    0,    0,    0, -999,  35.30,  35.18,  35.18,  35.18,  35.21,  35.21,  35.22,  35.21,  35.26,  35.31,  35.34,  35.38,  35.36,  35.35,  35.34,  35.36,  35.34,  35.34,  35.33,  35.35,  35.36,  35.34,  35.37,  35.36,  35.34,  35.34,  35.35,  35.39,  35.45,  35.43,  35.39
19971120, 0000,  , HU, 16.7S, 159.4E,  65,    0,    0,    0,    0,    0,    0,    0,    0,    0,    0,    0,    0,    0, -999,  35.17,  35.18,  35.22,  35.26,  35.32,  35.36,  35.37,  35.34,  35.29,  35.27,  35.27,  35.34,  35.29,  35.31,  35.24,  35.24,  35.24,  35.24,  35.23,  35.27,  35.30,  35.33,  35.34,  35.34,  35.34,  35.34,  35.34,  35.33,  35.30,  35.27,  35.28
19971120, 0600,  , HU, 17.5S, 159.3E,  65,    0,    0,    0,    0,    0,    0,    0,    0,    0,    0,    0,    0,    0, -999,  35.29,  35.29,  35.29,  35.30,  35.30,  35.29,  35.29,  35.29,  35.28,  35.28,  35.27,  35.28,  35.32,  35.37,  35.39,  35.40,  35.40,  35.40,  35.41,  35.43,  35.43,  35.41,  35.40,  35.40,  35.40,  35.40,  35.40,  35.39,  35.38,  35.37,  35.36
19971120, 1200,  , TS, 18.4S, 159.5E,  60,    0,    0,    0,    0,    0,    0,    0,    0,    0,    0,    0,    0,    0, -999,  35.34,  35.32,  35.33,  35.34,  35.35,  35.38,  35.40,  35.41,  35.40,  35.41,  35.39,  35.41,  35.41,  35.40,  35.35,  35.35,  35.34,  35.35,  35.35,  35.37,  35.38,  35.40,  35.39,  35.36,  35.36,  35.36,  35.37,  35.38,  35.39,  35.39,  35.38
19971120, 1800,  , TS, 19.3S, 159.9E,  40,    0,    0,    0,    0,    0,    0,    0,    0,    0,    0,    0,    0,    0, -999,  35.37,  35.41,  35.45,  35.47,  35.48,  35.48,  35.47,  35.47,  35.48,  35.48,  35.47,  35.45,  35.45,  35.47,  35.46,  35.43,  35.42,  35.37,  35.38,  35.38,  35.37,  35.36,  35.38,  35.38,  35.38,  35.35,  35.33,  35.29,  35.28,  35.26,  35.25
19971121, 0000,  , LO, 20.0S, 160.4E,  20,    0,    0,    0,    0,    0,    0,    0,    0,    0,    0,    0,    0,    0, -999,  35.43,  35.43,  35.44,  35.45,  35.46,  35.46,  35.46,  35.46,  35.47,  35.49,  35.50,  35.53,  35.54,  35.47,  35.39,  35.39,  35.40,  35.41,  35.38,  35.38,  35.38,  35.36,  35.34,  35.32,  35.32,  35.29,  35.29,  35.31,  35.32,  35.33,  35.33
