SH052018,              JOYCE,     26,
20180109, 0600,  , DB, 16.7S, 125.2E,  20, 1007,    0,    0,    0,    0,    0,    0,    0,    0,    0,    0,    0,    0, -999,    nan,    nan,    nan,    nan,    nan,    nan,    nan,    nan,    nan,    nan,    nan,    nan,    nan,    nan,    nan,    nan,    nan,    nan,    nan,    nan,    nan,    nan,    nan,    nan,    nan,    nan,    nan,    nan,    nan,    nan,    nan
20180109, 1200,  , DB, 17.3S, 124.4E,  20, 1007,    0,    0,    0,    0,    0,    0,    0,    0,    0,    0,    0,    0, -999,    nan,    nan,    nan,    nan,    nan,    nan,    nan,    nan,    nan,    nan,    nan,    nan,    nan,    nan,    nan,    nan,    nan,    nan,    nan,    nan,    nan,    nan,    nan,    nan,    nan,    nan,    nan,    nan,    nan,    nan,    nan
20180109, 1800,  , TD, 17.9S, 123.0E,  25, 1004,    0,    0,    0,    0,    0,    0,    0,    0,    0,    0,    0,    0, -999,    nan,    nan,    nan,    nan,    nan,    nan,    nan,    nan,    nan,    nan,    nan,    nan,    nan,    nan,    nan,    nan,    nan,    nan,    nan,    nan,    nan,    nan,    nan,    nan,    nan,    nan,    nan,    nan,    nan,    nan,    nan
20180109, 2100,  , TD, 17.3S, 122.4E,  25, 1004,    0,    0,    0,    0,    0,    0,    0,    0,    0,    0,    0,    0, -999,    nan,    nan,    nan,    nan,    nan,    nan,    nan,    nan,    nan,    nan,    nan,    nan,    nan,    nan,    nan,    nan,    nan,    nan,    nan,    nan,    nan,    nan,    nan,    nan,    nan,    nan,    nan,    nan,    nan,    nan,    nan
20180110, 0000,  , TD, 16.7S, 122.7E,  30, 1002,    0,    0,    0,    0,    0,    0,    0,    0,    0,    0,    0,    0, -999,    nan,    nan,    nan,    nan,    nan,    nan,    nan,    nan,    nan,    nan,    nan,    nan,    nan,    nan,    nan,    nan,    nan,    nan,    nan,    nan,    nan,    nan,    nan,    nan,    nan,    nan,    nan,    nan,    nan,    nan,    nan
20180110, 0600,  , TD, 16.2S, 122.5E,  30, 1000,    0,    0,    0,    0,    0,    0,    0,    0,    0,    0,    0,    0, -999,  30.59,  30.52,  30.43,  30.34,  30.23,  30.26,  30.50,  30.76,  30.76,  30.82,  30.85,  30.61,  30.63,  30.78,  30.86,  30.77,  30.71,  30.55,  30.00,  30.07,  30.10,  30.02,  30.09,  30.11,  30.12,  30.38,  30.36,  30.38,  30.28,  30.60,  30.66
20180110, 1200,  , TD, 16.2S, 122.4E,  30,  999,    0,    0,    0,    0,    0,    0,    0,    0,    0,    0,    0,    0, -999,  30.59,  30.52,  30.43,  30.34,  30.23,  30.26,  30.50,  30.76,  30.76,  30.82,  30.85,  30.61,  30.63,  30.78,  30.86,  30.77,  30.71,  30.55,  30.00,  30.07,  30.10,  30.02,  30.09,  30.11,  30.12,  30.38,  30.36,  30.38,  30.28,  30.60,  30.66
20180110, 1800,  , TS, 16.6S, 122.0E,  35,  995,  110,  110,   60,  100,    0,    0,    0,    0,    0,    0,    0,    0, -999,  30.44,  30.51,  30.46,  30.37,  30.23,  30.18,  30.48,  30.80,  30.79,  30.84,  30.87,  30.49,  30.65,  30.74,  30.82,  30.73,  30.67,  30.58,  29.77,  29.84,  29.90,  29.81,  29.86,  29.88,  29.89,  30.14,  30.15,  30.19,  30.00,  30.41,  30.49
20180111, 0000,  , TS, 16.8S, 121.8E,  35,  996,  110,  110,   70,  100,    0,    0,    0,    0,    0,    0,    0,    0, -999,  30.50,  30.26,  30.09,  29.88,  29.86,  30.30,  30.67,  30.67,  30.76,  30.84,  30.35,  30.73,  30.72,  30.73,  30.55,  30.57,  30.44,  29.45,  29.56,  29.67,  29.62,  29.70,  29.74,  29.77,  30.06,  30.09,  30.11,  29.89,  30.51,  30.45,  30.44
20180111, 0600,  , TS, 17.3S, 121.6E,  40,  993,  110,  110,   70,  100,    0,    0,    0,    0,    0,    0,    0,    0, -999,  29.95,  30.12,  30.06,  29.85,  29.83,  30.04,  30.45,  30.52,  30.54,  30.54,  30.32,  30.73,  30.56,  30.67,  30.63,  30.60,  30.46,  29.64,  29.72,  29.85,  29.78,  29.83,  29.79,  29.71,  30.00,  30.05,  30.00,  29.77,  30.18,  30.41,  30.50
20180111, 1200,  , TS, 18.0S, 121.5E,  45,  990,  110,   90,   80,  100,    0,    0,    0,    0,    0,    0,    0,    0, -999,  30.43,  30.68,  30.55,  30.23,  30.14,  30.31,  30.65,  30.71,  30.73,  30.70,  30.61,  31.05,  30.73,  30.82,  30.78,  30.69,  30.53,  30.07,  29.86,  29.87,  29.72,  29.80,  29.82,  29.65,  29.94,  29.91,  29.85,  29.97,  30.16,  30.47,  30.40
20180111, 1800,  , TS, 18.6S, 121.5E,  50,  987,  120,   90,   80,  100,   61,   42,   36,   48,    0,    0,    0,    0, -999,    nan,    nan,    nan,    nan,    nan,    nan,    nan,    nan,    nan,    nan,    nan,    nan,    nan,    nan,    nan,    nan,    nan,    nan,    nan,    nan,    nan,    nan,    nan,    nan,    nan,    nan,    nan,    nan,    nan,    nan,    nan
20180112, 0000,  , TS, 19.3S, 121.0E,  45,  989,  100,   90,   80,  100,    0,    0,    0,    0,    0,    0,    0,    0, -999,  30.71,  30.48,  30.36,  30.26,  30.30,  30.46,  30.53,  30.61,  30.57,  30.79,  31.24,  30.81,  30.94,  30.95,  30.77,  30.44,  30.17,  29.90,  29.85,  30.19,  30.27,  30.22,  30.25,  30.70,  30.53,  30.56,  30.67,  30.76,  31.18,  30.78,  30.89
20180112, 0600,  , TS, 19.7S, 120.5E,  45,  988,   90,   90,   80,   80,    0,    0,    0,    0,    0,    0,    0,    0, -999,    nan,    nan,    nan,    nan,    nan,    nan,    nan,    nan,    nan,    nan,    nan,    nan,    nan,    nan,    nan,    nan,    nan,    nan,    nan,    nan,    nan,    nan,    nan,    nan,    nan,    nan,    nan,    nan,    nan,    nan,    nan
20180112, 1200,  , TS, 20.2S, 119.8E,  45,  989,   80,   90,   80,   80,    0,    0,    0,    0,    0,    0,    0,    0, -999,    nan,    nan,    nan,    nan,    nan,    nan,    nan,    nan,    nan,    nan,    nan,    nan,    nan,    nan,    nan,    nan,    nan,    nan,    nan,    nan,    nan,    nan,    nan,    nan,    nan,    nan,    nan,    nan,    nan,    nan,    nan
20180112, 1800,  , TS, 20.6S, 119.4E,  40,  993,   70,   70,   70,   70,    0,    0,    0,    0,    0,    0,    0,    0, -999,    nan,    nan,    nan,    nan,    nan,    nan,    nan,    nan,    nan,    nan,    nan,    nan,    nan,    nan,    nan,    nan,    nan,    nan,    nan,    nan,    nan,    nan,    nan,    nan,    nan,    nan,    nan,    nan,    nan,    nan,    nan
20180113, 0000,  , TS, 21.6S, 118.5E,  40,  993,   70,   70,   70,   70,    0,    0,    0,    0,    0,    0,    0,    0, -999,    nan,    nan,    nan,    nan,    nan,    nan,    nan,    nan,    nan,    nan,    nan,    nan,    nan,    nan,    nan,    nan,    nan,    nan,    nan,    nan,    nan,    nan,    nan,    nan,    nan,    nan,    nan,    nan,    nan,    nan,    nan
20180113, 0600,  , TS, 22.5S, 118.0E,  35,  995,   60,   60,   60,   60,    0,    0,    0,    0,    0,    0,    0,    0, -999,    nan,    nan,    nan,    nan,    nan,    nan,    nan,    nan,    nan,    nan,    nan,    nan,    nan,    nan,    nan,    nan,    nan,    nan,    nan,    nan,    nan,    nan,    nan,    nan,    nan,    nan,    nan,    nan,    nan,    nan,    nan
20180113, 1200,  , TS, 23.7S, 117.2E,  35,  996,   60,   60,   60,   60,    0,    0,    0,    0,    0,    0,    0,    0, -999,    nan,    nan,    nan,    nan,    nan,    nan,    nan,    nan,    nan,    nan,    nan,    nan,    nan,    nan,    nan,    nan,    nan,    nan,    nan,    nan,    nan,    nan,    nan,    nan,    nan,    nan,    nan,    nan,    nan,    nan,    nan
20180113, 1800,  , TD, 24.6S, 116.3E,  30, 1000,    0,    0,    0,    0,    0,    0,    0,    0,    0,    0,    0,    0, -999,    nan,    nan,    nan,    nan,    nan,    nan,    nan,    nan,    nan,    nan,    nan,    nan,    nan,    nan,    nan,    nan,    nan,    nan,    nan,    nan,    nan,    nan,    nan,    nan,    nan,    nan,    nan,    nan,    nan,    nan,    nan
20180114, 0000,  , TD, 25.6S, 115.5E,  25, 1004,    0,    0,    0,    0,    0,    0,    0,    0,    0,    0,    0,    0, -999,    nan,    nan,    nan,    nan,    nan,    nan,    nan,    nan,    nan,    nan,    nan,    nan,    nan,    nan,    nan,    nan,    nan,    nan,    nan,    nan,    nan,    nan,    nan,    nan,    nan,    nan,    nan,    nan,    nan,    nan,    nan
20180114, 0600,  , TD, 26.3S, 114.8E,  25, 1004,    0,    0,    0,    0,    0,    0,    0,    0,    0,    0,    0,    0, -999,    nan,    nan,    nan,    nan,    nan,    nan,    nan,    nan,    nan,    nan,    nan,    nan,    nan,    nan,    nan,    nan,    nan,    nan,    nan,    nan,    nan,    nan,    nan,    nan,    nan,    nan,    nan,    nan,    nan,    nan,    nan
20180114, 1200,  , TD, 27.0S, 113.7E,  25, 1004,    0,    0,    0,    0,    0,    0,    0,    0,    0,    0,    0,    0, -999,  22.79,  23.02,  23.03,  22.99,  23.16,  23.30,  23.39,  23.12,  22.97,  23.15,  23.31,  23.27,  23.05,  22.84,  22.96,  23.35,  22.27,  22.90,  23.07,  23.21,  23.22,  23.67,  23.86,  23.56,  23.87,  23.99,  24.01,  23.71,  23.46,  23.50,  23.25
20180114, 1800,  , XX, 27.4S, 113.2E,  25, 1004,    0,    0,    0,    0,    0,    0,    0,    0,    0,    0,    0,    0, -999,  22.71,  22.84,  22.85,  22.80,  23.20,  23.13,  23.21,  22.94,  22.99,  23.15,  23.22,  23.26,  23.00,  22.91,  22.93,  23.15,  22.32,  22.53,  22.64,  22.84,  22.73,  23.39,  23.71,  23.38,  23.29,  23.63,  23.65,  23.50,  23.23,  23.26,  23.15
20180115, 0000,  , XX, 28.4S, 113.4E,  25, 1004,    0,    0,    0,    0,    0,    0,    0,    0,    0,    0,    0,    0, -999,  22.29,  22.32,  22.55,  23.10,  23.22,  23.34,  22.90,  22.85,  22.81,  22.62,  22.72,  22.43,  22.14,  22.25,  22.80,  22.99,  22.46,  22.30,  22.41,  22.41,  23.00,  23.43,  23.35,  23.92,  23.85,  23.64,  23.32,  23.08,  22.98,  22.87,  22.72
20180115, 0600,  , XX, 29.2S, 113.2E,  20, 1007,    0,    0,    0,    0,    0,    0,    0,    0,    0,    0,    0,    0, -999,  22.34,  22.44,  22.29,  22.07,  22.49,  23.39,  22.91,  22.91,  22.94,  22.70,  23.07,  22.45,  21.83,  22.28,  22.70,  22.67,  22.58,  22.29,  22.17,  22.99,  23.65,  23.81,  23.48,  24.24,  24.22,  24.31,  23.90,  23.76,  23.34,  22.78,  22.89
