SH051993,            UNNAMED,     27,
19921217, 0000,  , LO, 11.2S, 100.2E,  20,    0,    0,    0,    0,    0,    0,    0,    0,    0,    0,    0,    0,    0, -999,  34.92,  34.88,  34.88,  34.85,  34.85,  34.75,  34.76,  34.77,  34.78,  34.77,  34.76,  34.73,  34.66,  34.61,  34.60,  34.65,  34.79,  34.61,  34.72,  34.68,  34.65,  34.67,  34.55,  34.78,  34.66,  34.78,  34.79,  34.85,  34.89,  34.87,  34.87
19921217, 0600,  , LO, 11.3S,  99.9E,  20,    0,    0,    0,    0,    0,    0,    0,    0,    0,    0,    0,    0,    0, -999,  34.89,  34.88,  34.88,  34.85,  34.84,  34.76,  34.77,  34.76,  34.76,  34.76,  34.74,  34.70,  34.62,  34.60,  34.58,  34.61,  34.74,  34.65,  34.68,  34.70,  34.70,  34.73,  34.72,  34.77,  34.80,  34.80,  34.79,  34.79,  34.97,  34.87,  34.97
19921217, 1200,  , LO, 11.4S,  99.7E,  20,    0,    0,    0,    0,    0,    0,    0,    0,    0,    0,    0,    0,    0, -999,  34.75,  34.76,  34.76,  34.72,  34.80,  34.76,  34.79,  34.79,  34.81,  34.80,  34.79,  34.77,  34.73,  34.70,  34.70,  34.63,  34.67,  34.66,  34.65,  34.65,  34.62,  34.62,  34.65,  34.65,  34.72,  34.75,  34.77,  34.80,  34.89,  34.91,  34.92
19921217, 1800,  , LO, 11.6S,  99.5E,  25,    0,    0,    0,    0,    0,    0,    0,    0,    0,    0,    0,    0,    0, -999,  34.78,  34.76,  34.69,  34.62,  34.59,  34.63,  34.68,  34.77,  34.82,  34.80,  34.77,  34.74,  34.74,  34.72,  34.69,  34.61,  34.63,  34.64,  34.77,  34.74,  34.75,  34.75,  34.73,  34.73,  34.76,  34.77,  34.81,  34.81,  34.90,  34.90,  34.85
19921218, 0000,  , LO, 11.8S,  99.3E,  25,    0,    0,    0,    0,    0,    0,    0,    0,    0,    0,    0,    0,    0, -999,  34.77,  34.71,  34.67,  34.60,  34.63,  34.69,  34.78,  34.84,  34.81,  34.77,  34.76,  34.76,  34.76,  34.76,  34.71,  34.71,  34.74,  34.77,  34.78,  34.81,  34.82,  34.86,  34.86,  34.83,  34.80,  34.83,  34.77,  34.79,  34.88,  34.91,  34.89
19921218, 0600,  , LO, 11.9S,  99.1E,  25,    0,    0,    0,    0,    0,    0,    0,    0,    0,    0,    0,    0,    0, -999,  34.76,  34.69,  34.66,  34.61,  34.67,  34.67,  34.69,  34.73,  34.72,  34.68,  34.68,  34.68,  34.70,  34.72,  34.74,  34.74,  34.72,  34.74,  34.75,  34.82,  34.82,  34.82,  34.83,  34.84,  34.84,  34.85,  34.80,  34.83,  34.89,  34.89,  34.92
19921218, 1200,  , LO, 12.1S,  98.8E,  25,    0,    0,    0,    0,    0,    0,    0,    0,    0,    0,    0,    0,    0, -999,  34.74,  34.72,  34.69,  34.63,  34.62,  34.66,  34.54,  34.61,  34.61,  34.51,  34.55,  34.53,  34.53,  34.52,  34.54,  34.58,  34.67,  34.71,  34.71,  34.73,  34.72,  34.75,  34.77,  34.82,  34.85,  34.88,  34.86,  34.84,  34.69,  34.81,  34.84
19921218, 1800,  , LO, 12.4S,  98.3E,  25,    0,    0,    0,    0,    0,    0,    0,    0,    0,    0,    0,    0,    0, -999,  34.79,  34.76,  34.73,  34.63,  34.70,  34.66,  34.65,  34.65,  34.61,  34.60,  34.71,  34.73,  34.64,  34.62,  34.63,  34.40,  34.57,  34.61,  34.64,  34.66,  34.66,  34.64,  34.64,  34.65,  34.67,  34.69,  34.71,  34.71,  34.73,  34.75,  34.78
19921219, 0000,  , LO, 12.5S,  97.6E,  30,    0,    0,    0,    0,    0,    0,    0,    0,    0,    0,    0,    0,    0, -999,  34.68,  34.62,  34.58,  34.58,  34.61,  34.67,  34.73,  34.73,  34.69,  34.74,  34.69,  34.69,  34.62,  34.64,  34.62,  34.73,  34.85,  34.81,  34.76,  34.74,  34.72,  34.74,  34.73,  34.75,  34.76,  34.79,  34.75,  34.78,  34.73,  34.75,  34.73
19921219, 0600,  , TS, 12.5S,  96.9E,  35,    0,    0,    0,    0,    0,    0,    0,    0,    0,    0,    0,    0,    0, -999,  34.64,  34.63,  34.64,  34.68,  34.68,  34.64,  34.62,  34.63,  34.65,  34.64,  34.63,  34.63,  34.66,  34.63,  34.63,  34.64,  34.83,  34.87,  34.93,  34.87,  34.90,  34.84,  34.78,  34.76,  34.80,  34.73,  34.71,  34.65,  34.69,  34.72,  34.77
19921219, 1200,  , TS, 12.6S,  96.0E,  35,    0,    0,    0,    0,    0,    0,    0,    0,    0,    0,    0,    0,    0, -999,  34.70,  34.65,  34.69,  34.65,  34.59,  34.58,  34.56,  34.62,  34.72,  34.71,  34.68,  34.67,  34.65,  34.65,  34.63,  34.62,  34.72,  34.82,  34.84,  34.85,  34.89,  34.90,  34.89,  34.87,  34.92,  34.91,  34.86,  34.81,  34.80,  34.81,  34.78
19921219, 1800,  , TS, 13.0S,  95.2E,  45,    0,    0,    0,    0,    0,    0,    0,    0,    0,    0,    0,    0,    0, -999,  34.46,  34.48,  34.52,  34.57,  34.56,  34.51,  34.46,  34.59,  34.70,  34.64,  34.69,  34.67,  34.70,  34.76,  34.72,  34.79,  34.76,  34.80,  34.76,  34.87,  34.95,  34.92,  34.91,  34.87,  34.86,  34.87,  34.92,  34.91,  34.95,  34.91,  34.92
19921220, 0000,  , TS, 13.6S,  94.5E,  45,    0,    0,    0,    0,    0,    0,    0,    0,    0,    0,    0,    0,    0, -999,  34.53,  34.51,  34.54,  34.50,  34.57,  34.66,  34.65,  34.54,  34.52,  34.50,  34.50,  34.55,  34.59,  34.59,  34.59,  34.63,  34.89,  34.86,  34.67,  34.63,  34.84,  34.85,  34.81,  34.88,  34.85,  34.89,  34.91,  35.00,  34.90,  34.98,  35.04
19921220, 0600,  , TS, 14.3S,  94.0E,  45,    0,    0,    0,    0,    0,    0,    0,    0,    0,    0,    0,    0,    0, -999,  34.52,  34.54,  34.56,  34.72,  34.65,  34.58,  34.52,  34.59,  34.69,  34.59,  34.51,  34.58,  34.59,  34.52,  34.53,  34.54,  34.66,  34.59,  34.61,  34.57,  34.61,  34.59,  34.57,  34.57,  34.63,  34.61,  34.60,  34.69,  34.71,  34.63,  34.61
19921220, 1200,  , TS, 15.0S,  93.4E,  40,    0,    0,    0,    0,    0,    0,    0,    0,    0,    0,    0,    0,    0, -999,  34.57,  34.58,  34.59,  34.61,  34.64,  34.62,  34.64,  34.61,  34.62,  34.53,  34.54,  34.59,  34.63,  34.61,  34.56,  34.54,  34.68,  34.57,  34.55,  34.53,  34.55,  34.55,  34.59,  34.67,  34.70,  34.66,  34.65,  34.60,  34.62,  34.66,  34.67
19921220, 1800,  , TS, 15.6S,  92.7E,  40,    0,    0,    0,    0,    0,    0,    0,    0,    0,    0,    0,    0,    0, -999,  34.44,  34.45,  34.50,  34.51,  34.53,  34.54,  34.56,  34.51,  34.53,  34.50,  34.52,  34.53,  34.58,  34.59,  34.54,  34.52,  34.58,  34.60,  34.66,  34.61,  34.60,  34.59,  34.59,  34.59,  34.59,  34.57,  34.56,  34.52,  34.54,  34.59,  34.63
19921221, 0000,  , TS, 16.0S,  91.9E,  40,    0,    0,    0,    0,    0,    0,    0,    0,    0,    0,    0,    0,    0, -999,  34.65,  34.69,  34.82,  34.86,  34.97,  35.03,  35.04,  35.09,  35.09,  35.09,  35.09,  35.09,  35.06,  35.05,  35.01,  34.97,  35.10,  34.90,  34.83,  34.87,  34.76,  34.84,  34.68,  34.65,  34.77,  34.76,  34.69,  34.68,  34.62,  34.70,  34.66
19921221, 0600,  , TS, 16.1S,  91.0E,  45,    0,    0,    0,    0,    0,    0,    0,    0,    0,    0,    0,    0,    0, -999,  34.93,  34.88,  34.84,  34.95,  35.00,  35.02,  34.98,  35.05,  35.08,  35.06,  35.01,  34.98,  34.98,  35.01,  35.00,  34.98,  35.00,  34.87,  34.86,  34.90,  34.86,  34.91,  34.96,  34.93,  35.03,  34.92,  34.98,  34.92,  34.88,  34.92,  34.89
19921221, 1200,  , TS, 16.1S,  90.4E,  40,    0,    0,    0,    0,    0,    0,    0,    0,    0,    0,    0,    0,    0, -999,  34.52,  34.52,  34.53,  34.53,  34.56,  34.60,  34.70,  34.81,  34.92,  35.00,  35.06,  35.07,  35.03,  35.00,  34.98,  34.98,  35.05,  34.97,  34.97,  34.91,  34.84,  34.84,  34.82,  34.83,  34.87,  34.84,  35.01,  35.00,  34.98,  35.01,  34.99
19921221, 1800,  , TS, 15.9S,  89.7E,  40,    0,    0,    0,    0,    0,    0,    0,    0,    0,    0,    0,    0,    0, -999,  34.52,  34.51,  34.51,  34.51,  34.51,  34.52,  34.51,  34.50,  34.49,  34.50,  34.54,  34.62,  34.84,  34.97,  35.00,  35.03,  35.05,  35.01,  34.98,  34.89,  34.87,  34.87,  34.87,  34.82,  34.80,  34.79,  34.89,  34.86,  34.95,  34.97,  35.04
19921222, 0000,  , TS, 15.5S,  88.8E,  40,    0,    0,    0,    0,    0,    0,    0,    0,    0,    0,    0,    0,    0, -999,  34.39,  34.45,  34.50,  34.52,  34.52,  34.53,  34.54,  34.55,  34.56,  34.55,  34.52,  34.50,  34.50,  34.50,  34.51,  34.50,  34.50,  34.48,  34.49,  34.54,  34.50,  34.55,  34.57,  34.58,  34.62,  34.64,  34.68,  34.75,  34.78,  34.67,  34.69
19921222, 0600,  , TS, 15.0S,  87.9E,  40,    0,    0,    0,    0,    0,    0,    0,    0,    0,    0,    0,    0,    0, -999,  34.42,  34.38,  34.35,  34.35,  34.35,  34.36,  34.36,  34.37,  34.41,  34.45,  34.49,  34.51,  34.59,  34.60,  34.58,  34.59,  34.62,  34.61,  34.65,  34.59,  34.55,  34.50,  34.47,  34.51,  34.56,  34.66,  34.61,  34.79,  34.81,  34.81,  34.85
19921222, 1200,  , TS, 14.4S,  86.6E,  35,    0,    0,    0,    0,    0,    0,    0,    0,    0,    0,    0,    0,    0, -999,  34.69,  34.62,  34.70,  34.69,  34.64,  34.61,  34.38,  34.51,  34.51,  34.71,  34.68,  34.68,  34.80,  34.97,  34.94,  35.01,  35.01,  34.99,  35.02,  34.77,  35.02,  34.72,  34.91,  34.88,  34.99,  34.97,  34.98,  34.92,  35.00,  35.01,  35.00
19921222, 1800,  , LO, 13.9S,  85.3E,  30,    0,    0,    0,    0,    0,    0,    0,    0,    0,    0,    0,    0,    0, -999,  34.71,  34.80,  34.78,  34.88,  34.87,  34.86,  34.85,  34.74,  34.73,  34.74,  34.96,  35.07,  35.09,  35.02,  34.96,  34.92,  34.88,  34.85,  34.86,  34.86,  34.87,  34.89,  34.93,  34.96,  34.99,  35.03,  35.02,  35.03,  35.05,  35.04,  35.04
19921223, 0000,  , LO, 13.7S,  84.2E,  25,    0,    0,    0,    0,    0,    0,    0,    0,    0,    0,    0,    0,    0, -999,  34.88,  34.96,  34.97,  34.92,  34.90,  34.91,  34.82,  34.75,  34.70,  34.71,  34.70,  34.64,  34.59,  34.50,  34.71,  34.73,  34.76,  34.71,  34.57,  34.55,  34.52,  34.51,  34.53,  34.58,  34.67,  34.79,  34.92,  35.06,  35.01,  34.89,  34.91
19921223, 0600,  , LO, 13.5S,  83.1E,  25,    0,    0,    0,    0,    0,    0,    0,    0,    0,    0,    0,    0,    0, -999,  34.74,  34.78,  34.80,  34.77,  34.76,  34.73,  34.68,  34.62,  34.60,  34.58,  34.56,  34.59,  34.58,  34.61,  34.54,  34.46,  34.46,  34.34,  34.40,  34.42,  34.44,  34.44,  34.43,  34.48,  34.72,  34.71,  34.60,  34.62,  34.68,  34.59,  34.73
19921223, 1200,  , LO, 13.5S,  81.8E,  25,    0,    0,    0,    0,    0,    0,    0,    0,    0,    0,    0,    0,    0, -999,  34.72,  34.68,  34.66,  34.59,  34.55,  34.58,  34.57,  34.55,  34.54,  34.53,  34.52,  34.53,  34.49,  34.50,  34.58,  34.64,  34.73,  34.75,  34.92,  34.93,  34.98,  34.91,  34.91,  34.79,  34.72,  34.64,  34.62,  34.56,  34.53,  34.53,  34.51
