SH052001,            UNNAMED,     47,
20010106, 0000,  , TD, 10.2S,  79.6E,  25,    0,    0,    0,    0,    0,    0,    0,    0,    0,    0,    0,    0,    0, -999,  26.51,  26.88,  26.48,  26.45,  26.48,  26.68,  26.68,  26.56,  26.26,  26.45,  26.53,  25.76,  25.96,  25.55,  26.74,  27.75,  27.46,  26.76,  27.74,  27.31,  27.02,  27.12,  25.63,  25.51,  25.81,  25.49,  26.02,  26.33,  26.84,  26.92,  27.84
20010106, 0600,  , TD, 10.4S,  79.1E,  25,    0,    0,    0,    0,    0,    0,    0,    0,    0,    0,    0,    0,    0, -999,  25.80,  25.98,  25.89,  25.61,  25.42,  25.05,  25.39,  25.50,  25.43,  25.92,  25.63,  25.42,  25.24,  24.32,  26.30,  26.83,  27.04,  24.78,  27.18,  26.92,  25.85,  26.37,  24.30,  26.07,  25.38,  25.41,  26.14,  26.54,  26.46,  26.69,  26.46
20010106, 1200,  , TD, 10.6S,  78.6E,  25,    0,    0,    0,    0,    0,    0,    0,    0,    0,    0,    0,    0,    0, -999,  26.28,  26.52,  27.19,  27.34,  26.93,  27.21,  26.30,  26.17,  25.83,  26.03,  25.93,  26.09,  25.49,  25.34,  26.60,  26.77,  27.36,  24.73,  25.77,  24.16,  25.35,  24.33,  23.93,  24.44,  23.65,  24.09,  24.84,  25.17,  25.18,  25.72,  25.90
20010106, 1800,  , TD, 10.8S,  78.2E,  30,    0,    0,    0,    0,    0,    0,    0,    0,    0,    0,    0,    0,    0, -999,  26.17,  26.81,  27.26,  27.41,  27.34,  27.20,  27.19,  26.93,  26.64,  26.38,  26.39,  26.08,  25.34,  24.53,  24.92,  25.01,  25.63,  23.78,  23.50,  22.20,  24.34,  21.87,  22.13,  22.87,  21.83,  22.92,  23.30,  23.86,  24.72,  24.76,  25.03
20010107, 0000,  , TD, 11.1S,  77.4E,  30,    0,    0,    0,    0,    0,    0,    0,    0,    0,    0,    0,    0,    0, -999,  27.63,  27.56,  27.75,  27.79,  27.64,  27.72,  27.59,  27.44,  26.76,  25.90,  25.12,  25.04,  24.70,  26.00,  25.64,  26.32,  23.82,  25.14,  22.52,  24.23,  22.61,  21.35,  22.59,  20.96,  22.70,  21.74,  22.78,  22.46,  23.32,  22.70,  21.57
20010107, 0600,  , TD, 11.6S,  76.3E,  30,    0,    0,    0,    0,    0,    0,    0,    0,    0,    0,    0,    0,    0, -999,  28.90,  28.80,  28.66,  28.58,  28.69,  28.59,  28.45,  28.34,  28.41,  27.94,  27.34,  27.22,  27.18,  27.51,  27.62,  27.95,  27.84,  27.78,  27.77,  27.79,  28.27,  27.95,  27.80,  27.75,  26.96,  26.47,  26.25,  26.71,  25.93,  25.95,  24.62
20010107, 1200,  , TS, 11.7S,  75.1E,  35,    0,    0,    0,    0,    0,    0,    0,    0,    0,    0,    0,    0,    0, -999,  28.57,  28.67,  28.70,  28.76,  28.66,  28.06,  27.67,  27.22,  27.29,  27.30,  26.89,  26.53,  27.10,  27.29,  27.73,  28.25,  28.36,  28.52,  28.65,  28.33,  28.34,  28.32,  28.06,  27.66,  25.98,  25.13,  24.74,  24.67,  24.82,  24.67,  24.16
20010107, 1800,  , TS, 11.9S,  74.1E,  40,    0,    0,    0,    0,    0,    0,    0,    0,    0,    0,    0,    0,    0, -999,  26.09,  26.95,  26.96,  27.62,  28.57,  28.65,  28.54,  28.38,  28.35,  28.29,  28.06,  27.77,  28.62,  28.53,  28.65,  28.10,  27.82,  28.11,  28.18,  27.56,  27.58,  27.62,  27.58,  27.55,  26.19,  25.42,  24.89,  24.83,  24.44,  25.07,  25.03
20010108, 0000,  , TS, 12.4S,  73.4E,  50,    0,    0,    0,    0,    0,    0,    0,    0,    0,    0,    0,    0,    0, -999,  22.96,  24.22,  24.21,  24.39,  26.85,  26.09,  25.24,  25.57,  24.95,  26.45,  24.39,  27.75,  27.66,  27.16,  27.04,  27.00,  27.20,  27.28,  26.80,  25.23,  26.59,  26.13,  25.97,  26.59,  25.31,  25.27,  25.38,  25.00,  24.96,  24.34,  24.35
20010108, 0600,  , TS, 13.3S,  73.5E,  60,    0,    0,    0,    0,    0,    0,    0,    0,    0,    0,    0,    0,    0, -999,  24.41,  24.69,  24.72,  24.79,  24.71,  24.73,  24.73,  24.29,  24.42,  24.00,  23.89,  23.70,  23.65,  23.79,  24.20,  24.84,  23.27,  22.88,  25.16,  23.93,  23.35,  22.87,  22.12,  23.34,  22.10,  23.04,  21.63,  22.66,  21.89,  22.68,  22.44
20010108, 1200,  , HU, 14.2S,  73.4E,  65,    0,    0,    0,    0,    0,    0,    0,    0,    0,    0,    0,    0,    0, -999,  22.90,  23.46,  23.06,  23.54,  23.23,  23.69,  23.69,  23.78,  23.55,  22.67,  22.68,  22.18,  21.83,  21.75,  22.24,  22.54,  22.22,  21.96,  21.96,  21.64,  20.48,  20.26,  20.11,  20.25,  20.21,  20.82,  20.84,  21.62,  22.10,  22.88,  22.98
20010108, 1800,  , HU, 15.2S,  73.1E,  75,    0,    0,    0,    0,    0,    0,    0,    0,    0,    0,    0,    0,    0, -999,  23.13,  23.54,  23.31,  23.41,  22.77,  22.87,  22.47,  22.40,  21.91,  21.75,  21.81,  21.22,  21.71,  21.22,  22.79,  22.13,  21.59,  21.16,  20.69,  20.26,  19.53,  19.30,  19.62,  19.98,  20.21,  20.19,  20.67,  20.67,  21.97,  21.59,  21.83
20010109, 0000,  , HU, 15.7S,  72.6E,  80,    0,    0,    0,    0,    0,    0,    0,    0,    0,    0,    0,    0,    0, -999,  23.51,  23.38,  23.45,  23.01,  23.21,  23.16,  22.75,  22.49,  22.30,  22.27,  21.35,  22.01,  21.14,  22.00,  21.76,  21.48,  20.81,  20.10,  19.52,  19.23,  18.80,  18.83,  18.90,  19.11,  19.61,  20.20,  19.66,  21.54,  21.25,  21.31,  21.34
20010109, 0600,  , HU, 15.9S,  72.5E,  85,    0,    0,    0,    0,    0,    0,    0,    0,    0,    0,    0,    0,    0, -999,  23.11,  23.10,  22.97,  23.01,  23.50,  23.50,  23.55,  22.84,  22.09,  22.43,  21.25,  21.37,  21.14,  22.36,  22.03,  22.32,  21.42,  20.10,  19.30,  19.24,  18.98,  18.50,  18.90,  18.48,  19.41,  20.41,  20.03,  21.42,  21.84,  21.70,  21.44
20010109, 1200,  , HU, 16.0S,  72.6E,  90,    0,    0,    0,    0,    0,    0,    0,    0,    0,    0,    0,    0,    0, -999,  22.91,  23.00,  23.26,  23.12,  23.24,  23.30,  23.22,  22.65,  21.71,  22.23,  21.59,  22.24,  21.75,  22.55,  22.39,  22.46,  21.54,  20.68,  19.89,  19.30,  19.35,  18.74,  19.18,  18.69,  19.12,  20.18,  20.08,  21.02,  21.55,  21.86,  22.01
20010109, 1800,  , HU, 16.1S,  72.7E,  90,    0,    0,    0,    0,    0,    0,    0,    0,    0,    0,    0,    0,    0, -999,  22.94,  23.11,  23.34,  23.11,  23.25,  23.41,  23.09,  22.66,  21.80,  22.68,  22.20,  22.76,  22.33,  22.64,  22.51,  22.39,  21.41,  20.73,  19.97,  19.55,  19.82,  19.30,  19.55,  19.06,  19.04,  20.39,  20.07,  20.76,  21.44,  21.70,  22.10
20010110, 0000,  , HU, 16.2S,  72.8E,  90,    0,    0,    0,    0,    0,    0,    0,    0,    0,    0,    0,    0,    0, -999,  22.96,  23.29,  22.87,  23.14,  23.13,  22.63,  22.72,  21.98,  22.85,  22.13,  22.58,  22.28,  22.57,  22.53,  22.34,  21.23,  20.70,  20.21,  19.65,  19.58,  19.13,  19.96,  19.77,  19.66,  20.86,  20.26,  21.21,  21.45,  22.29,  22.68,  23.11
20010110, 0600,  , HU, 16.4S,  72.9E,  85,    0,    0,    0,    0,    0,    0,    0,    0,    0,    0,    0,    0,    0, -999,  23.18,  23.26,  22.79,  23.16,  23.09,  22.72,  23.02,  22.23,  22.92,  22.29,  22.60,  22.49,  22.65,  22.56,  22.35,  21.16,  20.34,  19.73,  19.56,  19.78,  19.64,  19.97,  20.21,  19.91,  20.99,  20.71,  21.45,  21.63,  22.69,  22.76,  22.84
20010110, 1200,  , HU, 16.5S,  72.8E,  75,    0,    0,    0,    0,    0,    0,    0,    0,    0,    0,    0,    0,    0, -999,  23.34,  23.27,  22.88,  23.23,  23.21,  23.05,  23.27,  22.38,  22.80,  22.38,  22.60,  22.28,  22.20,  22.31,  22.14,  20.70,  19.86,  19.39,  19.29,  19.31,  19.50,  19.73,  20.49,  20.24,  21.11,  21.26,  21.81,  22.20,  22.90,  22.79,  22.29
20010110, 1800,  , HU, 16.6S,  72.4E,  70,    0,    0,    0,    0,    0,    0,    0,    0,    0,    0,    0,    0,    0, -999,  23.31,  23.55,  23.67,  23.68,  23.32,  23.33,  23.64,  22.52,  23.06,  22.51,  23.01,  22.70,  22.48,  22.62,  22.25,  21.10,  19.91,  19.33,  19.10,  19.01,  18.93,  19.09,  19.79,  19.62,  20.09,  20.17,  20.38,  21.62,  21.21,  22.04,  21.79
20010111, 0000,  , HU, 16.6S,  71.8E,  65,    0,    0,    0,    0,    0,    0,    0,    0,    0,    0,    0,    0,    0, -999,  23.62,  23.76,  23.82,  23.76,  23.82,  23.97,  23.28,  23.51,  23.28,  22.54,  22.66,  22.50,  22.54,  22.66,  22.08,  21.23,  20.39,  21.37,  19.54,  20.05,  20.37,  20.18,  19.85,  20.04,  20.18,  20.01,  20.89,  21.42,  21.63,  21.61,  21.61
20010111, 0600,  , HU, 16.6S,  71.3E,  65,    0,    0,    0,    0,    0,    0,    0,    0,    0,    0,    0,    0,    0, -999,  23.97,  24.12,  24.04,  23.73,  23.74,  23.91,  23.59,  23.81,  23.67,  22.84,  22.96,  22.78,  22.58,  22.60,  21.66,  21.35,  20.63,  20.39,  20.23,  20.45,  20.95,  20.49,  20.64,  21.06,  21.17,  20.21,  20.57,  21.00,  21.37,  21.34,  20.79
20010111, 1200,  , HU, 16.7S,  70.7E,  65,    0,    0,    0,    0,    0,    0,    0,    0,    0,    0,    0,    0,    0, -999,  24.43,  24.32,  24.54,  24.67,  24.63,  24.61,  24.33,  24.25,  24.02,  23.42,  23.73,  23.57,  23.68,  23.59,  22.53,  22.54,  20.89,  20.58,  20.69,  20.84,  20.65,  21.39,  21.56,  21.78,  21.19,  21.02,  21.00,  20.80,  20.79,  20.93,  20.55
20010111, 1800,  , HU, 16.9S,  70.1E,  70,    0,    0,    0,    0,    0,    0,    0,    0,    0,    0,    0,    0,    0, -999,  24.82,  24.80,  24.79,  25.05,  25.04,  24.82,  24.53,  24.42,  24.23,  23.50,  23.89,  23.73,  23.60,  24.00,  23.37,  23.58,  21.73,  20.57,  21.69,  21.31,  21.15,  22.19,  22.17,  22.68,  23.09,  22.38,  22.38,  21.30,  22.47,  23.15,  21.69
20010112, 0000,  , HU, 17.1S,  69.5E,  75,    0,    0,    0,    0,    0,    0,    0,    0,    0,    0,    0,    0,    0, -999,  24.45,  24.59,  25.19,  25.08,  25.05,  24.94,  24.80,  24.63,  24.06,  24.16,  24.13,  24.30,  24.20,  23.79,  23.41,  22.33,  20.32,  21.59,  21.14,  21.90,  21.68,  21.38,  21.52,  21.45,  21.89,  22.73,  22.62,  23.01,  23.45,  23.52,  23.74
20010112, 0600,  , HU, 17.3S,  69.3E,  85,    0,    0,    0,    0,    0,    0,    0,    0,    0,    0,    0,    0,    0, -999,  23.54,  24.08,  24.37,  24.63,  24.59,  24.70,  24.48,  24.45,  24.36,  24.43,  24.26,  24.30,  24.44,  23.90,  23.13,  22.31,  20.58,  21.21,  21.04,  21.72,  21.72,  21.82,  21.88,  21.59,  22.22,  22.63,  22.69,  22.80,  23.20,  23.73,  24.36
20010112, 1200,  , HU, 17.6S,  69.2E,  95,    0,    0,    0,    0,    0,    0,    0,    0,    0,    0,    0,    0,    0, -999,  23.67,  23.94,  24.05,  24.27,  24.22,  24.45,  24.17,  24.09,  24.13,  24.41,  24.16,  24.18,  24.38,  23.84,  23.37,  23.19,  21.13,  21.04,  20.76,  21.87,  21.50,  21.94,  22.21,  21.82,  22.36,  23.07,  23.39,  22.79,  23.38,  24.00,  24.35
20010112, 1800,  , HU, 18.0S,  69.1E, 100,    0,    0,    0,    0,    0,    0,    0,    0,    0,    0,    0,    0,    0, -999,  23.52,  23.98,  24.09,  24.12,  24.39,  24.80,  24.54,  24.15,  23.75,  23.81,  23.68,  24.20,  24.94,  25.01,  24.65,  24.00,  22.06,  20.51,  20.84,  21.24,  21.01,  21.50,  22.86,  22.55,  22.57,  22.51,  22.98,  22.70,  22.66,  23.65,  24.03
20010113, 0000,  , HU, 18.5S,  68.9E, 100,    0,    0,    0,    0,    0,    0,    0,    0,    0,    0,    0,    0,    0, -999,  23.50,  23.52,  23.58,  23.39,  23.86,  23.54,  23.66,  23.27,  23.79,  23.62,  23.83,  24.29,  24.00,  23.89,  24.06,  22.78,  21.02,  20.58,  20.62,  20.78,  21.24,  22.01,  21.97,  22.62,  23.10,  22.48,  22.32,  22.20,  22.90,  23.77,  24.38
20010113, 0600,  , HU, 18.9S,  68.8E,  95,    0,    0,    0,    0,    0,    0,    0,    0,    0,    0,    0,    0,    0, -999,  24.00,  24.17,  24.17,  24.25,  24.39,  24.18,  24.04,  24.23,  23.98,  23.77,  23.93,  23.90,  23.49,  23.53,  23.92,  23.82,  22.02,  20.69,  20.97,  21.26,  21.29,  22.18,  22.37,  22.46,  22.92,  22.98,  22.66,  23.29,  23.64,  23.77,  24.30
20010113, 1200,  , HU, 19.2S,  68.6E,  90,    0,    0,    0,    0,    0,    0,    0,    0,    0,    0,    0,    0,    0, -999,  23.80,  23.78,  23.74,  23.64,  23.76,  24.11,  23.75,  23.72,  23.55,  23.60,  23.50,  23.41,  23.46,  23.55,  23.89,  24.18,  23.57,  20.67,  21.71,  21.51,  21.41,  22.20,  22.59,  22.33,  22.66,  23.08,  22.92,  22.86,  23.57,  23.91,  24.18
20010113, 1800,  , HU, 19.4S,  68.7E,  90,    0,    0,    0,    0,    0,    0,    0,    0,    0,    0,    0,    0,    0, -999,  23.83,  23.70,  23.31,  23.50,  23.79,  24.22,  23.90,  23.69,  23.33,  23.43,  23.30,  23.32,  23.34,  23.54,  23.98,  24.15,  23.42,  20.47,  21.68,  21.86,  21.24,  22.09,  23.16,  22.67,  23.29,  23.49,  23.48,  23.64,  24.53,  24.54,  24.64
20010114, 0000,  , HU, 19.6S,  69.0E,  85,    0,    0,    0,    0,    0,    0,    0,    0,    0,    0,    0,    0,    0, -999,  23.67,  23.48,  23.42,  23.56,  23.58,  23.56,  23.52,  23.38,  23.43,  23.57,  23.60,  23.67,  23.76,  23.93,  24.18,  22.32,  19.66,  21.57,  22.42,  22.95,  23.69,  23.99,  23.67,  24.05,  24.51,  24.61,  24.67,  24.93,  24.92,  25.02,  25.13
20010114, 0600,  , HU, 19.9S,  69.0E,  75,    0,    0,    0,    0,    0,    0,    0,    0,    0,    0,    0,    0,    0, -999,  23.86,  23.88,  23.94,  23.69,  23.74,  23.82,  23.82,  23.55,  23.71,  24.16,  24.02,  24.03,  23.83,  23.91,  24.16,  24.01,  19.90,  21.65,  22.54,  23.38,  24.09,  24.34,  24.63,  24.77,  24.95,  24.81,  24.45,  24.75,  24.69,  24.84,  25.04
20010114, 1200,  , HU, 19.6S,  68.5E,  70,    0,    0,    0,    0,    0,    0,    0,    0,    0,    0,    0,    0,    0, -999,  23.80,  23.93,  24.13,  24.12,  24.02,  23.89,  23.88,  23.58,  23.53,  23.71,  23.65,  23.61,  23.62,  23.80,  24.30,  23.54,  20.45,  21.81,  22.05,  21.60,  21.78,  22.92,  22.87,  22.96,  23.41,  23.26,  23.33,  24.21,  24.75,  24.85,  24.96
20010114, 1800,  , HU, 20.2S,  68.2E,  65,    0,    0,    0,    0,    0,    0,    0,    0,    0,    0,    0,    0,    0, -999,  24.17,  23.76,  23.74,  23.88,  23.87,  23.92,  24.02,  24.06,  23.96,  24.21,  24.13,  23.84,  23.84,  23.81,  24.10,  23.78,  20.27,  21.36,  21.69,  22.45,  22.46,  22.43,  22.88,  23.05,  23.98,  24.19,  24.30,  24.08,  24.36,  24.47,  24.62
20010115, 0000,  , TS, 20.4S,  67.4E,  55,    0,    0,    0,    0,    0,    0,    0,    0,    0,    0,    0,    0,    0, -999,  24.63,  24.78,  24.76,  25.15,  24.93,  24.56,  24.67,  24.67,  24.74,  24.70,  24.44,  24.36,  24.33,  24.45,  24.09,  23.83,  23.66,  23.54,  23.79,  23.77,  23.79,  24.06,  24.32,  23.85,  23.68,  23.98,  24.10,  24.09,  24.33,  24.30,  24.17
20010115, 0600,  , TS, 20.1S,  66.2E,  50,    0,    0,    0,    0,    0,    0,    0,    0,    0,    0,    0,    0,    0, -999,  24.55,  24.35,  24.33,  24.25,  24.27,  24.22,  24.31,  24.46,  24.55,  24.37,  24.39,  24.20,  24.70,  24.48,  24.60,  24.51,  24.23,  24.25,  24.21,  24.22,  24.38,  24.57,  24.31,  24.17,  24.24,  24.24,  24.27,  24.53,  24.58,  24.53,  24.61
20010115, 1200,  , TS, 20.3S,  65.1E,  45,    0,    0,    0,    0,    0,    0,    0,    0,    0,    0,    0,    0,    0, -999,  23.95,  24.09,  24.45,  24.84,  25.63,  25.78,  25.12,  24.19,  23.76,  24.29,  24.27,  24.05,  24.73,  24.81,  24.71,  25.73,  24.45,  24.41,  24.77,  24.66,  24.48,  25.02,  25.05,  24.67,  24.73,  24.56,  24.63,  24.83,  24.86,  25.00,  25.17
20010115, 1800,  , TS, 20.7S,  64.2E,  45,    0,    0,    0,    0,    0,    0,    0,    0,    0,    0,    0,    0,    0, -999,  24.66,  24.71,  24.72,  24.24,  24.21,  24.23,  23.91,  23.89,  24.42,  24.05,  23.77,  23.93,  24.23,  23.91,  23.71,  23.72,  23.21,  23.89,  23.79,  23.60,  24.01,  24.36,  24.62,  24.02,  23.82,  24.11,  24.50,  24.54,  24.51,  25.02,  24.90
20010116, 0000,  , TS, 21.3S,  63.1E,  40,    0,    0,    0,    0,    0,    0,    0,    0,    0,    0,    0,    0,    0, -999,  25.13,  25.23,  25.13,  25.08,  24.84,  24.87,  24.82,  24.67,  24.51,  24.32,  24.08,  24.64,  24.69,  25.05,  25.37,  25.34,  24.35,  24.14,  24.08,  24.48,  24.13,  23.76,  23.70,  24.09,  24.16,  24.57,  24.34,  24.24,  24.33,  24.29,  24.32
20010116, 0600,  , TS, 21.7S,  62.1E,  35,    0,    0,    0,    0,    0,    0,    0,    0,    0,    0,    0,    0,    0, -999,  24.44,  24.54,  24.62,  24.77,  24.60,  24.58,  24.54,  24.64,  24.59,  24.57,  24.62,  24.85,  24.99,  25.09,  25.10,  25.64,  24.44,  24.40,  24.44,  24.57,  24.57,  24.62,  24.62,  24.54,  24.41,  24.54,  24.52,  24.55,  24.32,  24.36,  24.39
20010116, 1200,  , TD, 22.2S,  61.2E,  30,    0,    0,    0,    0,    0,    0,    0,    0,    0,    0,    0,    0,    0, -999,  24.93,  24.94,  25.03,  25.19,  25.55,  25.58,  25.20,  25.03,  24.82,  24.40,  24.41,  24.41,  24.32,  24.15,  24.04,  24.35,  24.02,  24.00,  24.15,  24.40,  24.59,  24.94,  25.21,  25.23,  25.25,  25.59,  25.68,  25.73,  25.63,  25.44,  25.65
20010116, 1800,  , TD, 22.7S,  60.5E,  25,    0,    0,    0,    0,    0,    0,    0,    0,    0,    0,    0,    0,    0, -999,  23.66,  23.57,  23.68,  23.89,  23.90,  23.99,  23.88,  23.99,  24.16,  23.98,  23.72,  23.91,  24.17,  24.20,  24.20,  24.10,  23.79,  23.86,  23.97,  24.17,  24.77,  24.94,  25.03,  25.18,  25.05,  25.05,  25.07,  25.34,  25.74,  25.41,  25.47
20010117, 0000,  , TD, 23.3S,  59.8E,  25,    0,    0,    0,    0,    0,    0,    0,    0,    0,    0,    0,    0,    0, -999,  23.01,  23.22,  23.31,  23.30,  23.14,  23.23,  23.15,  22.96,  22.83,  22.99,  22.90,  23.13,  23.10,  23.01,  22.91,  22.63,  22.93,  23.18,  23.07,  23.12,  23.23,  23.63,  23.89,  23.71,  23.42,  23.39,  23.79,  24.25,  24.41,  24.37,  24.39
20010117, 0600,  , TD, 24.2S,  59.2E,  25,    0,    0,    0,    0,    0,    0,    0,    0,    0,    0,    0,    0,    0, -999,  24.43,  24.54,  24.52,  24.58,  24.21,  24.15,  24.11,  24.28,  24.29,  24.57,  24.68,  24.44,  24.13,  24.06,  24.02,  23.84,  24.00,  24.10,  23.62,  23.46,  23.25,  23.28,  23.32,  23.17,  22.62,  22.36,  22.24,  22.39,  22.43,  22.41,  22.40
20010117, 1200,  , TD, 25.1S,  59.3E,  25,    0,    0,    0,    0,    0,    0,    0,    0,    0,    0,    0,    0,    0, -999,  24.75,  25.06,  25.34,  25.31,  24.73,  24.55,  24.42,  24.48,  24.07,  23.92,  24.06,  24.00,  23.76,  23.60,  23.46,  23.64,  23.43,  23.58,  23.46,  23.35,  23.28,  23.27,  23.32,  22.90,  22.54,  22.25,  21.99,  22.38,  22.33,  22.38,  22.42
