SH062009,              DONGO,     23,
20090108, 0600,  , TD, 14.1S,  70.7E,  25, 1004,    0,    0,    0,    0,    0,    0,    0,    0,    0,    0,    0,    0, -999,  25.05,  25.19,  24.46,  24.00,  24.55,  24.39,  24.79,  24.63,  24.69,  24.91,  24.64,  25.04,  25.24,  25.31,  25.44,  25.73,  25.96,  25.64,  25.88,  25.34,  25.27,  25.16,  24.86,  24.78,  24.60,  25.74,  27.05,  25.72,  26.73,  26.33,  26.85
20090108, 1200,  , TD, 15.0S,  70.6E,  25, 1004,    0,    0,    0,    0,    0,    0,    0,    0,    0,    0,    0,    0, -999,  25.62,  25.40,  25.77,  25.86,  25.24,  24.58,  24.52,  24.83,  25.53,  25.95,  25.87,  24.59,  24.04,  24.10,  24.34,  24.44,  23.92,  23.58,  23.54,  23.36,  22.93,  23.42,  23.20,  23.27,  23.67,  23.98,  24.03,  24.21,  24.47,  24.47,  24.76
20090108, 1800,  , TD, 15.7S,  70.4E,  25, 1004,    0,    0,    0,    0,    0,    0,    0,    0,    0,    0,    0,    0, -999,  25.63,  25.97,  26.27,  26.60,  26.50,  26.35,  26.45,  26.74,  27.18,  27.18,  27.90,  28.20,  26.85,  25.60,  24.52,  24.26,  23.76,  23.36,  23.52,  23.45,  23.33,  22.96,  23.12,  22.97,  24.26,  24.33,  24.64,  24.04,  24.41,  24.35,  24.36
20090108, 2100,  , TD, 16.1S,  70.0E,  25, 1004,    0,    0,    0,    0,    0,    0,    0,    0,    0,    0,    0,    0, -999,  26.23,  26.39,  25.86,  25.38,  25.64,  25.82,  26.16,  26.06,  25.71,  25.86,  26.30,  26.86,  27.00,  27.56,  27.82,  27.71,  26.77,  26.04,  25.21,  26.01,  26.74,  26.14,  25.53,  24.58,  24.37,  24.00,  23.66,  24.15,  24.89,  26.49,  27.88
20090109, 0000,  , TD, 16.2S,  69.3E,  25, 1004,    0,    0,    0,    0,    0,    0,    0,    0,    0,    0,    0,    0, -999,  26.09,  26.30,  26.75,  26.64,  26.26,  25.57,  25.88,  26.20,  26.24,  25.91,  25.62,  25.87,  26.35,  26.89,  27.51,  27.62,  27.73,  26.48,  25.76,  25.50,  26.10,  26.71,  26.23,  24.80,  24.31,  24.09,  23.74,  24.14,  23.85,  24.61,  27.68
20090109, 0600,  , TD, 16.7S,  68.5E,  30, 1000,    0,    0,    0,    0,    0,    0,    0,    0,    0,    0,    0,    0, -999,  25.78,  26.45,  26.65,  26.56,  26.54,  26.52,  26.67,  26.74,  26.63,  26.41,  26.38,  26.27,  26.08,  25.81,  25.47,  25.49,  25.75,  25.97,  26.64,  27.16,  27.30,  26.16,  25.93,  26.04,  26.11,  25.41,  25.43,  25.29,  25.98,  25.26,  26.23
20090109, 1200,  , TD, 17.1S,  68.0E,  30, 1000,    0,    0,    0,    0,    0,    0,    0,    0,    0,    0,    0,    0, -999,  25.77,  26.54,  26.36,  25.95,  25.91,  25.90,  25.94,  25.82,  25.96,  26.20,  26.22,  26.29,  26.19,  26.21,  26.13,  26.26,  26.44,  26.77,  26.57,  25.77,  26.00,  26.24,  26.61,  26.30,  27.11,  26.62,  26.40,  26.05,  26.11,  26.62,  26.61
20090109, 1800,  , TS, 17.4S,  67.6E,  35,  996,    0,    0,    0,    0,    0,    0,    0,    0,    0,    0,    0,    0, -999,  25.52,  26.22,  26.00,  25.74,  25.58,  25.65,  25.71,  25.79,  25.76,  25.80,  25.79,  25.65,  25.57,  25.49,  25.45,  25.80,  26.21,  26.52,  26.06,  25.99,  26.29,  26.48,  26.22,  25.97,  25.75,  25.63,  26.12,  26.27,  26.48,  26.55,  26.48
20090110, 0000,  , TS, 17.8S,  67.3E,  40,  993,    0,    0,    0,    0,    0,    0,    0,    0,    0,    0,    0,    0, -999,  26.16,  25.84,  25.89,  25.78,  25.86,  25.98,  26.04,  25.88,  25.89,  25.86,  26.00,  25.88,  25.91,  26.23,  26.76,  26.61,  26.52,  26.34,  26.17,  26.32,  26.28,  26.05,  25.50,  25.14,  24.61,  24.79,  25.03,  25.06,  25.38,  25.67,  25.95
20090110, 0600,  , TS, 18.2S,  67.3E,  40,  993,    0,    0,    0,    0,    0,    0,    0,    0,    0,    0,    0,    0, -999,  26.00,  25.93,  25.99,  25.93,  26.05,  26.01,  26.11,  26.14,  26.10,  26.05,  26.14,  26.00,  25.92,  26.13,  26.87,  26.75,  26.73,  26.35,  26.03,  25.76,  25.54,  25.30,  25.00,  24.86,  24.84,  24.89,  25.30,  25.29,  25.25,  25.42,  25.57
20090110, 1200,  , TS, 18.7S,  67.5E,  45,  989,   15,   20,   20,   10,    0,    0,    0,    0,    0,    0,    0,    0, -999,  25.77,  25.82,  25.91,  25.75,  25.89,  25.88,  25.98,  26.05,  26.27,  26.25,  26.16,  26.05,  25.58,  25.12,  25.43,  25.31,  25.47,  25.23,  25.00,  25.32,  25.47,  25.38,  25.52,  25.35,  25.24,  25.17,  25.44,  25.55,  25.23,  25.43,  25.52
20090110, 1800,  , TS, 19.5S,  67.9E,  45,  989,   55,   50,   45,   35,    0,    0,    0,    0,    0,    0,    0,    0, -999,  25.41,  24.96,  24.68,  24.81,  24.70,  25.05,  25.33,  25.68,  25.66,  25.64,  25.50,  25.24,  25.09,  25.30,  25.78,  25.78,  25.53,  25.42,  25.52,  25.84,  25.80,  25.25,  24.80,  24.81,  24.92,  25.28,  25.43,  25.42,  25.26,  25.14,  24.99
20090111, 0000,  , TS, 20.6S,  68.3E,  55,  982,   70,   55,   50,   35,   15,   15,   15,   15,    0,    0,    0,    0, -999,  25.56,  25.64,  25.62,  25.74,  25.83,  25.85,  25.93,  25.84,  25.87,  25.89,  25.74,  25.43,  25.24,  25.20,  25.16,  25.17,  24.99,  25.04,  25.06,  25.00,  24.83,  24.45,  24.18,  24.19,  24.35,  24.09,  24.03,  23.86,  24.30,  25.00,  25.27
20090111, 0600,  , TS, 21.8S,  68.9E,  55,  982,  100,  120,   95,   55,   40,   40,   35,   30,    0,    0,    0,    0, -999,  24.50,  24.28,  24.48,  24.54,  24.70,  24.84,  24.79,  24.93,  25.12,  24.98,  24.97,  24.67,  24.39,  24.05,  24.34,  24.38,  24.11,  24.63,  24.77,  24.71,  24.33,  24.80,  24.59,  24.48,  24.34,  24.80,  24.99,  24.81,  24.64,  24.72,  25.05
20090111, 1200,  , TS, 23.0S,  69.6E,  55,  982,  100,  120,   95,   55,    0,    0,    0,    0,    0,    0,    0,    0, -999,  23.62,  23.86,  23.80,  23.65,  23.29,  23.13,  23.19,  23.35,  23.16,  23.12,  22.89,  23.04,  23.24,  23.49,  23.62,  23.39,  22.99,  23.20,  23.68,  23.38,  23.37,  22.36,  23.08,  23.60,  23.32,  23.55,  23.16,  23.43,  24.36,  24.65,  24.49
20090111, 1800,  , TS, 24.4S,  70.1E,  55,  982,   85,  110,   45,   55,    0,    0,    0,    0,    0,    0,    0,    0, -999,  22.49,  22.75,  23.20,  23.16,  23.05,  23.31,  23.21,  23.25,  23.24,  23.31,  23.59,  23.81,  24.03,  24.37,  24.41,  24.11,  23.83,  23.51,  23.10,  22.89,  22.93,  23.12,  23.15,  23.25,  23.75,  23.81,  23.83,  23.41,  23.17,  23.10,  23.49
20090112, 0000,  , TS, 26.8S,  70.1E,  40,  993,   85,  110,   45,   55,    0,    0,    0,    0,    0,    0,    0,    0, -999,  21.90,  22.07,  22.02,  22.14,  22.25,  22.34,  22.09,  21.99,  21.56,  21.54,  21.83,  21.85,  22.10,  21.81,  21.65,  21.29,  21.14,  21.66,  21.60,  21.61,  21.41,  20.92,  20.85,  20.82,  20.73,  21.05,  21.07,  21.08,  21.32,  21.24,  21.52
20090112, 0600,  , TS, 28.2S,  69.8E,  35,  996,   85,  110,   45,   55,    0,    0,    0,    0,    0,    0,    0,    0, -999,  19.99,  20.05,  20.12,  20.23,  20.18,  20.03,  20.31,  20.47,  20.45,  20.50,  20.27,  20.35,  20.49,  20.88,  20.93,  20.64,  20.64,  20.77,  20.13,  19.64,  20.10,  19.62,  19.04,  19.06,  19.03,  19.31,  18.82,  18.50,  19.18,  19.70,  20.27
20090112, 1200,  , TD, 29.1S,  70.3E,  30, 1000,    0,    0,    0,    0,    0,    0,    0,    0,    0,    0,    0,    0, -999,  19.89,  20.03,  20.31,  20.27,  20.32,  20.46,  20.73,  20.81,  20.50,  20.45,  20.46,  20.65,  20.68,  20.56,  20.43,  20.64,  20.28,  20.50,  19.81,  19.39,  19.27,  19.30,  19.22,  19.16,  18.71,  19.20,  19.48,  19.54,  19.67,  19.95,  19.49
20090112, 1800,  , EX, 30.1S,  71.4E,  30, 1000,    0,    0,    0,    0,    0,    0,    0,    0,    0,    0,    0,    0, -999,  19.41,  19.82,  20.27,  20.32,  20.31,  20.18,  20.06,  19.79,  19.58,  19.40,  19.29,  19.07,  19.07,  19.25,  19.37,  19.40,  19.22,  18.62,  18.11,  17.96,  18.05,  18.20,  18.26,  18.12,  18.63,  18.50,  18.38,  18.70,  18.25,  18.71,  18.34
20090113, 0000,  , EX, 31.1S,  72.5E,  30, 1000,    0,    0,    0,    0,    0,    0,    0,    0,    0,    0,    0,    0, -999,  19.15,  19.23,  19.18,  18.75,  18.80,  18.86,  18.79,  18.85,  19.02,  18.86,  18.43,  18.21,  18.07,  17.58,  17.10,  16.92,  17.17,  17.25,  17.30,  17.54,  18.03,  18.11,  18.71,  18.97,  19.18,  19.29,  19.41,  19.46,  19.63,  19.92,  19.88
20090113, 0600,  , EX, 31.9S,  73.3E,  25, 1004,    0,    0,    0,    0,    0,    0,    0,    0,    0,    0,    0,    0, -999,  18.60,  18.55,  18.61,  18.60,  18.42,  18.35,  18.28,  18.18,  18.32,  18.41,  18.34,  18.27,  18.39,  18.39,  17.00,  16.12,  15.70,  15.57,  16.11,  16.79,  17.48,  18.37,  19.08,  19.50,  19.19,  18.46,  17.96,  17.51,  17.61,  17.70,  18.09
20090113, 1200,  , EX, 33.0S,  74.7E,  25, 1004,    0,    0,    0,    0,    0,    0,    0,    0,    0,    0,    0,    0, -999,  18.07,  18.16,  18.04,  17.83,  17.59,  17.60,  17.62,  17.15,  16.57,  16.45,  16.50,  15.98,  15.79,  15.51,  15.19,  15.51,  14.92,  14.71,  14.77,  15.07,  15.94,  16.10,  16.10,  15.23,  15.64,  15.85,  15.91,  15.98,  15.71,  16.00,  16.32
