SH072002,            UNNAMED,     19,
20011228, 1200,  , TD, 10.4S, 175.1W,  25, 1002,    0,    0,    0,    0,    0,    0,    0,    0,    0,    0,    0,    0, -999,  28.73,  28.94,  28.97,  28.88,  28.70,  28.70,  28.85,  28.85,  28.93,  28.89,  28.96,  28.93,  29.12,  28.82,  28.73,  28.66,  28.66,  29.12,  28.69,  28.43,  28.61,  28.48,  28.55,  28.27,  28.23,  28.31,  28.29,  28.34,  28.81,  29.09,  29.52
20011228, 1800,  , TD, 10.4S, 174.7W,  30, 1002,    0,    0,    0,    0,    0,    0,    0,    0,    0,    0,    0,    0, -999,  29.04,  29.21,  29.35,  29.25,  29.07,  29.17,  29.41,  29.55,  29.45,  29.19,  29.33,  29.36,  29.25,  28.91,  28.88,  28.91,  28.73,  28.01,  28.90,  28.74,  28.82,  28.70,  28.52,  28.40,  28.47,  28.34,  28.37,  28.28,  29.04,  29.26,  29.43
20011229, 0000,  , TD, 10.8S, 174.5W,  30, 1002,    0,    0,    0,    0,    0,    0,    0,    0,    0,    0,    0,    0, -999,  29.26,  29.33,  29.20,  28.85,  28.93,  29.02,  29.12,  28.97,  29.00,  29.40,  29.53,  29.64,  29.60,  29.61,  29.63,  29.51,  28.33,  27.58,  28.37,  28.81,  28.66,  28.80,  28.68,  28.50,  28.39,  28.55,  28.37,  28.81,  28.67,  29.30,  29.09
20011229, 0600,  , TS, 11.5S, 174.8W,  35,  997,    0,    0,    0,    0,    0,    0,    0,    0,    0,    0,    0,    0, -999,  28.73,  28.70,  28.54,  28.34,  28.44,  28.37,  28.37,  28.35,  28.46,  28.84,  28.89,  29.10,  28.93,  28.83,  28.89,  28.97,  28.86,  26.45,  26.66,  27.21,  27.76,  27.31,  28.17,  27.35,  28.45,  27.69,  28.54,  28.58,  28.52,  28.43,  28.14
20011229, 1200,  , TS, 12.0S, 175.0W,  35,  997,    0,    0,    0,    0,    0,    0,    0,    0,    0,    0,    0,    0, -999,  28.97,  28.97,  28.77,  28.75,  28.73,  28.56,  28.54,  28.50,  28.62,  28.60,  28.78,  28.73,  28.63,  28.59,  28.63,  29.04,  26.32,  26.11,  26.86,  26.37,  26.64,  26.33,  26.86,  26.69,  27.73,  26.55,  27.48,  27.07,  28.21,  27.84,  28.45
20011229, 1800,  , TS, 12.5S, 175.4W,  55,  994,    0,    0,    0,    0,    0,    0,    0,    0,    0,    0,    0,    0, -999,  29.06,  28.89,  28.70,  28.56,  28.58,  28.44,  28.46,  28.54,  28.70,  28.61,  28.67,  28.45,  28.58,  28.44,  28.77,  28.67,  27.21,  25.81,  26.66,  26.14,  26.33,  26.00,  26.43,  26.45,  26.73,  27.09,  26.80,  27.29,  27.09,  27.15,  26.99
20011230, 0000,  , HU, 13.0S, 175.8W,  65,  976,    0,    0,    0,    0,    0,    0,    0,    0,    0,    0,    0,    0, -999,  28.85,  28.85,  28.57,  28.13,  27.74,  27.79,  27.85,  28.20,  28.05,  27.73,  27.59,  27.90,  28.18,  28.36,  28.28,  27.59,  25.22,  26.40,  25.43,  26.26,  25.69,  26.50,  26.20,  26.54,  26.93,  26.74,  27.25,  27.14,  27.38,  27.48,  27.98
20011230, 0600,  , HU, 13.7S, 175.9W,  70,  972,    0,    0,    0,    0,    0,    0,    0,    0,    0,    0,    0,    0, -999,  28.12,  28.31,  28.21,  27.64,  27.66,  27.57,  27.95,  27.96,  27.95,  27.85,  27.78,  28.40,  28.71,  28.83,  28.43,  28.96,  25.10,  26.97,  25.68,  26.48,  26.67,  26.60,  26.64,  26.46,  27.00,  27.13,  27.33,  27.54,  27.44,  27.73,  27.97
20011230, 1200,  , HU, 14.3S, 175.8W,  90,  954,    0,    0,    0,    0,    0,    0,    0,    0,    0,    0,    0,    0, -999,  27.74,  27.79,  27.73,  27.76,  27.83,  28.07,  28.00,  28.11,  28.02,  28.07,  28.26,  28.98,  28.75,  28.45,  28.23,  28.19,  25.83,  25.89,  24.61,  25.56,  25.19,  25.22,  26.25,  25.95,  26.63,  26.41,  27.17,  27.10,  27.70,  27.33,  27.79
20011230, 1800,  , HU, 15.3S, 175.6W,  90,  954,    0,    0,    0,    0,    0,    0,    0,    0,    0,    0,    0,    0, -999,  27.56,  27.60,  27.76,  27.86,  28.20,  28.12,  28.05,  28.30,  28.16,  28.26,  27.99,  28.77,  28.94,  29.30,  29.02,  29.06,  27.31,  26.16,  25.68,  25.47,  25.75,  25.36,  25.89,  26.41,  26.75,  27.37,  27.05,  26.95,  27.03,  27.58,  27.27
20011231, 0000,  , HU, 16.3S, 175.3W, 100,  944,    0,    0,    0,    0,    0,    0,    0,    0,    0,    0,    0,    0, -999,  27.30,  27.51,  27.56,  27.94,  27.79,  27.69,  27.88,  27.56,  27.47,  27.33,  28.31,  28.15,  28.18,  28.18,  28.33,  27.50,  24.29,  25.70,  25.71,  25.62,  25.16,  25.29,  25.91,  26.16,  27.22,  27.04,  26.96,  26.45,  26.83,  26.57,  27.59
20011231, 0600,  , HU, 17.4S, 174.6W, 100,  944,    0,    0,    0,    0,    0,    0,    0,    0,    0,    0,    0,    0, -999,  26.58,  26.73,  27.08,  27.24,  26.96,  26.58,  26.45,  26.49,  26.74,  26.03,  26.42,  26.43,  26.20,  26.15,  25.91,  26.40,  25.80,  26.33,  25.82,  25.61,  25.80,  25.48,  26.11,  25.96,  25.81,  25.80,  25.65,  25.38,  25.50,  25.71,  25.89
20011231, 1200,  , HU, 18.8S, 173.9W, 100,  944,    0,    0,    0,    0,    0,    0,    0,    0,    0,    0,    0,    0, -999,  26.09,  25.81,  25.93,  25.58,  25.37,  25.32,  25.17,  24.85,  24.75,  24.91,  25.46,  25.69,  25.59,  25.52,  24.67,  23.99,  23.50,  24.38,  24.92,  24.45,  24.34,  25.46,  25.56,  25.66,  25.81,  25.61,  25.93,  24.98,  25.25,  25.43,  25.03
20011231, 1800,  , HU, 20.3S, 172.8W, 100,  962,    0,    0,    0,    0,    0,    0,    0,    0,    0,    0,    0,    0, -999,  24.54,  24.57,  24.40,  24.31,  24.36,  24.27,  24.24,  24.14,  24.12,  24.12,  24.28,  24.47,  24.57,  24.64,  24.97,  25.09,  26.23,  24.36,  24.30,  26.07,  24.24,  24.92,  25.44,  24.35,  25.00,  25.18,  24.58,  24.43,  24.89,  24.68,  24.93
20020101, 0000,  , HU, 22.0S, 171.6W,  90,  970,    0,    0,    0,    0,    0,    0,    0,    0,    0,    0,    0,    0, -999,  23.70,  23.60,  23.41,  23.44,  23.73,  23.85,  23.74,  23.82,  24.01,  23.96,  24.22,  24.32,  24.08,  23.92,  24.09,  24.08,  23.21,  23.29,  23.57,  23.12,  23.43,  24.41,  24.38,  24.24,  24.09,  24.29,  24.12,  23.94,  24.10,  24.59,  24.58
20020101, 0600,  , HU, 23.7S, 170.4W,  75,  981,    0,    0,    0,    0,    0,    0,    0,    0,    0,    0,    0,    0, -999,  23.32,  23.20,  23.14,  23.33,  23.64,  24.08,  23.71,  23.22,  23.26,  23.50,  23.71,  23.65,  23.73,  23.70,  23.39,  22.83,  22.00,  21.85,  22.03,  22.23,  22.39,  22.06,  21.73,  21.80,  22.28,  22.09,  21.91,  21.59,  21.68,  21.94,  22.09
20020101, 1200,  , HU, 25.6S, 169.2W,  65,  987,    0,    0,    0,    0,    0,    0,    0,    0,    0,    0,    0,    0, -999,  22.37,  21.96,  21.81,  21.66,  22.01,  22.38,  22.73,  22.98,  23.19,  23.01,  22.62,  22.68,  22.75,  22.78,  22.92,  23.23,  23.11,  23.30,  23.64,  23.29,  22.62,  22.18,  22.23,  22.87,  23.13,  22.99,  22.59,  22.53,  22.87,  23.09,  23.23
20020101, 1800,  , TS, 28.0S, 167.9W,  55,  984,    0,    0,    0,    0,    0,    0,    0,    0,    0,    0,    0,    0, -999,  19.92,  19.92,  19.89,  19.95,  19.93,  20.16,  20.11,  20.07,  20.08,  20.39,  20.59,  20.59,  20.44,  20.46,  20.40,  20.28,  19.96,  20.91,  21.12,  21.26,  20.98,  21.01,  21.21,  21.09,  20.54,  20.48,  20.46,  20.49,  20.44,  20.38,  20.47
20020102, 0000,  , TS, 29.3S, 167.6W,  45, 1000,    0,    0,    0,    0,    0,    0,    0,    0,    0,    0,    0,    0, -999,  19.83,  19.74,  19.83,  19.71,  19.94,  20.03,  20.08,  20.03,  20.19,  20.16,  20.11,  19.69,  19.66,  19.85,  19.80,  19.75,  19.29,  18.80,  18.06,  18.53,  18.35,  18.97,  18.90,  19.16,  19.16,  18.77,  19.03,  19.00,  19.52,  19.90,  19.87
