SH072011,              ZELIA,     23,
20110112, 1800,  , DB, 14.7S, 150.9E,  20, 1007,    0,    0,    0,    0,    0,    0,    0,    0,    0,    0,    0,    0, -999,  35.26,  35.18,  35.17,  35.21,  35.19,  35.19,  35.19,  35.18,  35.18,  35.18,  35.20,  35.19,  35.20,  35.17,  35.19,  35.23,  35.27,  35.27,  35.27,  35.29,  35.30,  35.24,  35.20,  35.22,  35.22,  35.17,  35.00,  34.87,  35.40,  35.40,  35.59
20110113, 0000,  , TD, 14.5S, 150.2E,  30, 1000,    0,    0,    0,    0,    0,    0,    0,    0,    0,    0,    0,    0, -999,  35.14,  35.13,  35.01,  35.11,  35.22,  35.22,  35.17,  35.15,  35.15,  35.19,  35.23,  35.28,  35.25,  35.23,  35.23,  35.29,  35.26,  35.24,  35.16,  35.16,  35.12,  35.11,  35.02,  35.20,  35.17,  35.03,  34.97,  34.99,  34.98,  35.14,  35.13
20110113, 0600,  , TD, 13.7S, 150.1E,  30, 1000,    0,    0,    0,    0,    0,    0,    0,    0,    0,    0,    0,    0, -999,  35.16,  35.11,  35.12,  35.18,  35.19,  35.18,  35.19,  35.20,  35.19,  35.26,  35.27,  35.33,  35.31,  35.27,  35.32,  35.14,  35.16,  35.11,  35.04,  34.97,  35.00,  34.97,  34.97,  34.97,  34.94,  34.90,  34.90,  34.90,  34.95,  35.02,  34.97
20110113, 1200,  , TS, 12.8S, 149.9E,  35,  996,    0,    0,    0,    0,    0,    0,    0,    0,    0,    0,    0,    0, -999,  35.02,  35.16,  35.22,  35.31,  35.30,  35.33,  35.33,  35.25,  35.18,  35.16,  35.13,  35.16,  35.21,  35.30,  35.34,  35.24,  35.11,  35.07,  35.00,  34.95,  35.02,  35.07,  35.09,  35.14,  35.15,  35.18,  35.03,  35.09,  35.07,  35.16,  35.09
20110113, 1800,  , TS, 12.5S, 150.4E,  40,  993,    0,    0,    0,    0,    0,    0,    0,    0,    0,    0,    0,    0, -999,  35.30,  35.22,  35.37,  35.40,  35.43,  35.44,  35.47,  35.40,  35.37,  35.42,  35.34,  35.37,  35.38,  35.29,  35.14,  35.21,  35.03,  35.04,  34.98,  34.88,  34.95,  34.96,  34.95,  34.99,  34.99,  34.94,  34.89,  34.98,  34.96,  35.02,  34.95
20110114, 0000,  , TS, 12.4S, 151.0E,  45,  989,   60,   50,   50,   60,    0,    0,    0,    0,    0,    0,    0,    0, -999,  35.11,  35.07,  35.09,  35.11,  35.13,  35.20,  35.20,  35.40,  35.18,  35.25,  35.34,  35.36,  35.33,  35.29,  35.20,  35.16,  35.21,  35.01,  34.91,  34.97,  35.04,  34.92,  34.95,  34.95,  34.87,  34.82,  34.96,  34.99,  35.06,  34.95,  35.03
20110114, 0600,  , TS, 12.7S, 151.3E,  50,  985,   60,   50,   50,   60,    0,    0,    0,    0,    0,    0,    0,    0, -999,  35.09,  35.09,  35.15,  35.11,  35.11,  35.12,  35.03,  35.06,  35.08,  35.15,  35.23,  35.29,  35.20,  35.14,  35.18,  35.18,  35.17,  34.98,  34.95,  35.01,  35.02,  34.94,  34.95,  34.92,  34.90,  34.96,  35.16,  34.99,  35.09,  34.94,  35.06
20110114, 0900,  , TS, 12.7S, 151.7E,  50,  985,   60,   50,   50,   60,    0,    0,    0,    0,    0,    0,    0,    0, -999,  34.97,  34.92,  34.98,  34.97,  35.08,  35.12,  35.13,  35.14,  35.18,  35.23,  35.21,  35.20,  35.24,  35.20,  35.22,  35.19,  35.17,  34.98,  34.96,  34.96,  34.89,  34.93,  34.90,  34.95,  34.90,  34.88,  35.04,  35.06,  35.13,  34.94,  34.95
20110114, 1200,  , TS, 13.1S, 151.9E,  55,  982,   65,   65,   80,   65,   25,   25,   25,   25,    0,    0,    0,    0, -999,  35.09,  35.09,  35.03,  34.99,  35.03,  35.11,  35.12,  35.11,  35.12,  35.19,  35.17,  35.18,  35.15,  35.10,  35.00,  35.09,  35.17,  34.97,  34.79,  34.80,  34.81,  34.82,  34.85,  34.87,  34.89,  34.92,  34.90,  34.94,  34.94,  34.91,  34.87
20110114, 1800,  , TS, 14.0S, 151.8E,  55,  982,   65,   65,   80,   65,   25,   25,   25,   25,    0,    0,    0,    0, -999,  35.17,  35.22,  35.22,  35.23,  35.23,  35.21,  35.17,  35.13,  35.13,  35.15,  35.15,  35.19,  35.13,  35.05,  35.02,  35.06,  35.11,  35.07,  34.98,  34.98,  35.23,  35.02,  35.34,  35.27,  34.99,  34.95,  35.23,  34.95,  35.20,  35.02,  34.98
20110115, 0000,  , TS, 14.5S, 152.2E,  55,  982,   70,   70,   70,   80,   25,   25,   25,   25,    0,    0,    0,    0, -999,  35.17,  35.20,  35.17,  35.17,  35.16,  35.14,  35.10,  35.12,  35.19,  35.13,  35.12,  35.17,  35.15,  35.18,  35.17,  35.17,  35.17,  35.20,  35.25,  35.22,  35.20,  35.18,  35.18,  34.98,  34.89,  34.89,  35.08,  35.08,  35.21,  34.94,  35.00
20110115, 0600,  , TS, 15.1S, 152.4E,  60,  978,   65,   75,   65,   60,   30,   30,   30,   30,    0,    0,    0,    0, -999,  35.20,  35.33,  35.29,  35.24,  35.15,  35.13,  35.11,  35.13,  35.19,  35.16,  35.13,  35.12,  35.10,  35.11,  35.12,  35.12,  35.20,  35.22,  35.22,  35.24,  35.23,  35.25,  35.24,  34.90,  35.30,  35.06,  35.20,  34.87,  35.25,  34.97,  35.08
20110115, 1200,  , TS, 15.6S, 153.2E,  60,  978,   65,   65,   60,   50,   30,   30,   30,   25,    0,    0,    0,    0, -999,  35.10,  35.09,  35.09,  35.12,  35.16,  35.15,  35.14,  35.14,  35.16,  35.17,  35.19,  35.21,  35.23,  35.24,  35.23,  35.13,  35.19,  35.04,  34.97,  34.91,  34.93,  34.94,  34.92,  34.98,  35.06,  35.58,  34.84,  35.42,  34.86,  35.57,  35.30
20110115, 1800,  , HU, 16.2S, 155.0E,  70,  970,   70,   70,   70,   55,   35,   35,   35,   30,   30,   20,   20,   20, -999,  35.46,  35.42,  35.44,  35.38,  35.38,  35.30,  35.31,  35.34,  35.37,  35.39,  35.32,  35.27,  35.33,  35.38,  35.47,  35.45,  35.40,  35.45,  35.51,  35.40,  35.53,  35.40,  35.42,  35.36,  35.20,  35.01,  35.20,  35.22,  35.61,  35.63,  35.59
20110116, 0000,  , HU, 17.5S, 156.9E,  85,  959,   80,   80,   75,   65,   45,   45,   45,   40,   15,   15,   15,   15, -999,  35.32,  35.16,  35.17,  35.28,  35.33,  35.33,  35.33,  35.45,  35.59,  35.62,  35.61,  35.54,  35.49,  35.45,  35.46,  35.44,  35.51,  35.27,  35.56,  35.63,  35.53,  35.60,  35.50,  35.31,  35.45,  35.20,  35.23,  35.17,  35.16,  35.16,  35.14
20110116, 0600,  , HU, 19.0S, 158.8E,  95,  952,   80,   80,   75,   65,   45,   45,   45,   40,   15,   15,   15,   15, -999,  35.35,  35.33,  35.34,  35.40,  35.47,  35.51,  35.48,  35.45,  35.44,  35.28,  35.24,  35.21,  35.23,  35.11,  35.16,  35.21,  35.20,  35.19,  35.16,  35.17,  35.24,  35.17,  35.16,  35.18,  35.17,  35.11,  35.23,  35.23,  35.33,  35.37,  35.32
20110116, 1200,  , HU, 20.7S, 160.8E,  90,  956,   80,   80,   75,   65,   45,   45,   45,   40,   15,   15,   15,   15, -999,  35.32,  35.33,  35.29,  35.28,  35.32,  35.37,  35.40,  35.39,  35.38,  35.37,  35.34,  35.32,  35.30,  35.30,  35.30,  35.30,  35.28,  35.28,  35.27,  35.27,  35.30,  35.28,  35.26,  35.28,  35.32,  35.25,  35.29,  35.32,  35.32,  35.32,  35.32
20110116, 1800,  , HU, 22.8S, 162.9E,  85,  959,   75,   75,   70,   60,   40,   40,   40,   35,   15,   15,   15,   15, -999,  35.52,  35.61,  35.67,  35.72,  35.73,  35.73,  35.73,  35.74,  35.76,  35.80,  35.82,  35.81,  35.74,  35.65,  35.64,  35.67,  35.66,  35.58,  35.55,  35.59,  35.65,  35.69,  35.72,  35.73,  35.72,  35.70,  35.67,  35.64,  35.62,  35.62,  35.61
20110117, 0000,  , HU, 25.1S, 165.1E,  75,  967,   85,   75,   75,   85,   50,   40,   40,   50,   20,   15,   15,   20, -999,  35.63,  35.64,  35.64,  35.64,  35.63,  35.64,  35.65,  35.66,  35.70,  35.72,  35.73,  35.73,  35.73,  35.68,  35.69,  35.69,  35.69,  35.70,  35.70,  35.70,  35.64,  35.62,  35.63,  35.63,  35.64,  35.64,  35.64,  35.64,  35.64,  35.64,  35.64
20110117, 0600,  , HU, 27.3S, 167.3E,  65,  974,   85,   80,   75,   75,   45,   40,   35,   35,    0,    0,    0,    0, -999,  35.66,  35.67,  35.67,  35.67,  35.66,  35.66,  35.66,  35.63,  35.63,  35.62,  35.61,  35.60,  35.60,  35.60,  35.59,  35.59,  35.59,  35.60,  35.63,  35.64,  35.66,  35.66,  35.67,  35.67,  35.67,  35.66,  35.67,  35.67,  35.66,  35.65,  35.64
20110117, 1200,  , TS, 30.2S, 168.5E,  50,  985,   85,   80,   75,   75,   45,   40,   35,   35,    0,    0,    0,    0, -999,  35.57,  35.59,  35.62,  35.62,  35.60,  35.60,  35.59,  35.59,  35.59,  35.59,  35.62,  35.66,  35.67,  35.69,  35.67,  35.66,  35.63,  35.64,  35.66,  35.63,  35.63,  35.64,  35.64,  35.65,  35.64,  35.62,  35.62,  35.61,  35.59,  35.57,  35.59
20110117, 1800,  , TS, 33.3S, 169.4E,  40,  993,   80,   80,   70,   65,    0,    0,    0,    0,    0,    0,    0,    0, -999,  35.58,  35.59,  35.59,  35.57,  35.56,  35.57,  35.56,  35.56,  35.56,  35.56,  35.56,  35.56,  35.56,  35.56,  35.56,  35.56,  35.56,  35.57,  35.56,  35.54,  35.54,  35.55,  35.55,  35.55,  35.55,  35.54,  35.55,  35.56,  35.56,  35.57,  35.58
20110118, 0000,  , EX, 36.2S, 170.2E,  35,  996,   75,   75,   65,   60,    0,    0,    0,    0,    0,    0,    0,    0, -999,  35.29,  35.28,  35.26,  35.26,  35.26,  35.26,  35.27,  35.27,  35.26,  35.25,  35.25,  35.25,  35.24,  35.25,  35.25,  35.26,  35.34,  35.41,  35.43,  35.39,  35.37,  35.38,  35.31,  35.26,  35.27,  35.29,  35.28,  35.32,  35.35,  35.36,  35.31
