SH071993,            UNNAMED,     52,
19921223, 0600,  , LO,  6.7S, 161.3E,  15,    0,    0,    0,    0,    0,    0,    0,    0,    0,    0,    0,    0,    0, -999,  26.33,  26.80,  26.58,  26.30,  26.59,  25.81,  25.09,  25.28,  24.85,  25.70,  25.51,  25.59,  25.32,  25.14,  25.47,  25.30,  25.15,  24.80,  24.77,  24.69,  24.76,  24.68,  25.01,  24.59,  24.39,  24.81,  23.73,  23.79,  23.72,  24.98,  24.47
19921223, 1200,  , LO,  6.7S, 162.1E,  15,    0,    0,    0,    0,    0,    0,    0,    0,    0,    0,    0,    0,    0, -999,  27.10,  27.20,  27.02,  26.92,  26.96,  26.09,  25.89,  25.60,  25.09,  25.68,  25.52,  25.55,  25.48,  25.38,  25.60,  25.51,  25.28,  25.11,  25.01,  24.71,  24.52,  24.60,  24.58,  24.43,  24.62,  24.41,  24.25,  24.32,  24.51,  24.72,  25.35
19921223, 1800,  , LO,  6.7S, 162.9E,  15,    0,    0,    0,    0,    0,    0,    0,    0,    0,    0,    0,    0,    0, -999,  27.48,  27.49,  27.29,  27.51,  27.24,  26.95,  26.94,  26.59,  26.47,  26.64,  26.78,  26.52,  26.46,  26.42,  26.51,  26.69,  26.52,  26.43,  26.27,  25.74,  25.32,  25.33,  25.20,  25.00,  25.14,  24.91,  24.79,  24.54,  25.01,  24.93,  25.09
19921224, 0000,  , LO,  6.8S, 163.7E,  20,    0,    0,    0,    0,    0,    0,    0,    0,    0,    0,    0,    0,    0, -999,  26.69,  26.68,  26.83,  26.60,  26.81,  26.57,  26.84,  26.22,  26.50,  26.50,  26.12,  26.16,  25.91,  26.30,  25.80,  26.00,  25.85,  25.43,  25.23,  25.14,  25.14,  25.21,  25.10,  25.23,  25.00,  24.65,  24.55,  24.83,  24.76,  24.82,  24.55
19921224, 0600,  , LO,  6.9S, 164.4E,  20,    0,    0,    0,    0,    0,    0,    0,    0,    0,    0,    0,    0,    0, -999,  26.61,  26.53,  26.74,  26.74,  26.77,  26.55,  26.39,  26.16,  26.53,  26.41,  26.37,  26.32,  26.20,  26.46,  25.99,  26.21,  26.17,  25.68,  25.40,  25.19,  25.45,  25.72,  25.44,  25.46,  25.15,  24.54,  24.71,  24.70,  24.87,  24.64,  24.44
19921224, 1200,  , LO,  7.0S, 165.0E,  20,    0,    0,    0,    0,    0,    0,    0,    0,    0,    0,    0,    0,    0, -999,  26.79,  26.89,  26.81,  26.84,  26.94,  26.75,  26.77,  26.72,  26.58,  26.88,  26.75,  26.91,  26.80,  27.06,  26.79,  26.91,  26.55,  26.19,  25.82,  25.43,  25.53,  25.46,  25.36,  25.60,  25.27,  25.24,  25.00,  25.12,  25.38,  24.76,  24.76
19921224, 1800,  , LO,  7.3S, 165.6E,  20,    0,    0,    0,    0,    0,    0,    0,    0,    0,    0,    0,    0,    0, -999,  26.95,  26.95,  27.05,  26.93,  26.88,  27.02,  27.04,  27.04,  26.96,  27.00,  26.72,  26.78,  26.63,  26.65,  26.76,  26.83,  26.58,  26.35,  25.98,  25.87,  26.00,  25.83,  25.68,  25.79,  25.22,  25.31,  25.14,  25.22,  25.53,  24.53,  24.57
19921225, 0000,  , LO,  7.5S, 166.3E,  20,    0,    0,    0,    0,    0,    0,    0,    0,    0,    0,    0,    0,    0, -999,  27.21,  27.30,  27.12,  26.80,  26.67,  26.75,  26.48,  26.41,  26.37,  26.19,  26.18,  26.35,  26.70,  26.24,  26.82,  26.76,  26.26,  26.06,  25.96,  26.27,  26.12,  26.19,  26.41,  25.43,  25.19,  24.98,  25.04,  25.34,  24.41,  24.21,  25.40
19921225, 0600,  , LO,  7.7S, 167.0E,  20,    0,    0,    0,    0,    0,    0,    0,    0,    0,    0,    0,    0,    0, -999,  27.70,  27.68,  27.82,  27.33,  27.54,  27.47,  27.68,  27.08,  27.09,  27.08,  26.82,  26.67,  26.89,  27.04,  27.23,  26.71,  26.57,  26.64,  26.47,  26.17,  26.23,  26.41,  26.25,  25.64,  25.62,  25.02,  24.81,  25.75,  24.55,  24.41,  25.45
19921225, 1200,  , LO,  8.1S, 167.6E,  20,    0,    0,    0,    0,    0,    0,    0,    0,    0,    0,    0,    0,    0, -999,  27.32,  27.18,  27.23,  26.96,  27.49,  26.84,  27.76,  27.60,  27.79,  27.37,  27.45,  27.51,  27.27,  27.63,  27.72,  26.74,  26.72,  27.11,  27.08,  26.54,  26.68,  26.90,  26.69,  26.11,  26.01,  25.80,  25.55,  25.52,  25.08,  24.53,  25.50
19921225, 1800,  , LO,  8.4S, 168.2E,  25,    0,    0,    0,    0,    0,    0,    0,    0,    0,    0,    0,    0,    0, -999,  26.94,  27.20,  27.18,  26.99,  27.20,  26.67,  27.11,  27.43,  27.44,  27.48,  27.75,  27.24,  27.85,  27.34,  27.41,  26.95,  25.97,  26.50,  27.36,  26.35,  26.46,  26.61,  26.18,  26.07,  25.77,  25.67,  25.18,  25.56,  24.91,  24.83,  25.18
19921226, 0000,  , LO,  8.7S, 168.7E,  25,    0,    0,    0,    0,    0,    0,    0,    0,    0,    0,    0,    0,    0, -999,  26.36,  26.25,  26.21,  26.43,  26.39,  26.61,  26.61,  26.70,  26.45,  26.35,  26.30,  26.56,  26.49,  27.13,  26.79,  26.11,  26.01,  25.98,  25.58,  25.64,  25.11,  25.27,  25.05,  25.38,  25.07,  25.37,  26.43,  25.54,  25.23,  25.38,  25.02
19921226, 0600,  , LO,  9.1S, 169.2E,  30,    0,    0,    0,    0,    0,    0,    0,    0,    0,    0,    0,    0,    0, -999,  26.73,  27.17,  26.73,  26.95,  26.67,  27.04,  27.00,  27.24,  26.74,  26.84,  27.02,  27.02,  27.13,  27.21,  27.34,  26.17,  25.96,  26.02,  25.38,  25.29,  24.70,  24.86,  24.39,  24.53,  24.72,  24.76,  25.55,  25.16,  24.44,  25.14,  24.99
19921226, 1200,  , LO,  9.5S, 169.6E,  30,    0,    0,    0,    0,    0,    0,    0,    0,    0,    0,    0,    0,    0, -999,  27.17,  27.27,  27.05,  27.24,  27.10,  27.22,  27.22,  27.31,  27.04,  27.09,  27.25,  27.16,  27.12,  27.07,  27.70,  26.98,  26.50,  26.01,  25.15,  25.08,  24.75,  24.62,  25.06,  24.19,  24.45,  24.42,  25.35,  24.38,  24.24,  26.22,  24.01
19921226, 1800,  , TS, 10.0S, 170.0E,  35,    0,    0,    0,    0,    0,    0,    0,    0,    0,    0,    0,    0,    0, -999,  27.16,  27.13,  26.91,  27.11,  27.08,  26.95,  27.20,  27.13,  27.11,  27.15,  27.03,  27.09,  26.91,  27.30,  27.28,  27.18,  27.27,  26.84,  25.71,  25.47,  24.42,  24.85,  24.04,  24.12,  24.01,  24.07,  26.32,  23.87,  24.67,  24.72,  24.05
19921227, 0000,  , TS, 10.5S, 170.3E,  40,    0,    0,    0,    0,    0,    0,    0,    0,    0,    0,    0,    0,    0, -999,  27.25,  27.12,  27.32,  27.49,  26.94,  27.31,  26.95,  26.99,  27.10,  26.82,  27.13,  26.81,  26.99,  27.22,  27.32,  27.35,  26.56,  25.46,  25.04,  24.26,  25.02,  24.30,  24.65,  23.27,  24.07,  24.64,  23.81,  24.67,  23.83,  23.77,  23.99
19921227, 0600,  , XX, 11.1S, 170.5E,  45,    0,    0,    0,    0,    0,    0,    0,    0,    0,    0,    0,    0,    0, -999,  26.52,  27.04,  26.70,  26.45,  26.65,  26.91,  26.40,  26.97,  26.71,  27.21,  26.62,  26.94,  27.07,  26.36,  27.20,  26.20,  26.00,  25.12,  25.01,  24.28,  24.54,  23.93,  24.02,  23.14,  24.13,  23.90,  23.91,  24.34,  23.78,  23.54,  24.12
19921227, 1200,  , TS, 11.6S, 170.6E,  50,    0,    0,    0,    0,    0,    0,    0,    0,    0,    0,    0,    0,    0, -999,  25.95,  25.70,  25.68,  25.80,  25.58,  25.62,  25.70,  25.71,  25.75,  25.74,  26.06,  25.95,  26.16,  25.87,  26.50,  25.86,  25.50,  24.99,  25.02,  24.63,  24.31,  24.07,  24.01,  23.74,  24.58,  24.20,  24.40,  24.62,  24.32,  23.82,  24.38
19921227, 1800,  , TS, 12.1S, 170.8E,  55,    0,    0,    0,    0,    0,    0,    0,    0,    0,    0,    0,    0,    0, -999,  25.33,  25.26,  25.26,  25.34,  25.25,  25.24,  25.35,  25.38,  25.42,  25.32,  25.44,  25.43,  25.52,  25.67,  25.90,  25.83,  25.30,  24.48,  24.33,  24.29,  24.14,  24.26,  24.38,  23.50,  25.04,  24.60,  24.56,  24.80,  24.87,  24.46,  25.35
19921228, 0000,  , TS, 12.5S, 171.1E,  60,    0,    0,    0,    0,    0,    0,    0,    0,    0,    0,    0,    0,    0, -999,  24.58,  24.55,  24.50,  24.72,  24.46,  25.09,  25.17,  25.23,  25.16,  24.94,  24.75,  24.67,  24.88,  24.91,  24.82,  24.85,  23.95,  23.97,  24.19,  23.56,  23.26,  23.28,  23.78,  24.30,  24.87,  24.87,  24.91,  24.95,  24.36,  24.50,  24.80
19921228, 0600,  , XX, 12.9S, 171.4E,  65,    0,    0,    0,    0,    0,    0,    0,    0,    0,    0,    0,    0,    0, -999,  25.23,  25.17,  25.08,  25.49,  25.19,  25.34,  25.58,  25.73,  26.29,  25.72,  25.84,  25.61,  25.90,  26.02,  25.35,  25.03,  23.49,  23.90,  24.53,  24.20,  23.80,  23.38,  23.25,  24.27,  24.22,  24.37,  24.30,  24.21,  24.41,  24.29,  23.91
19921228, 1200,  , HU, 13.2S, 171.7E,  75,    0,    0,    0,    0,    0,    0,    0,    0,    0,    0,    0,    0,    0, -999,  26.64,  26.76,  26.65,  26.15,  26.28,  26.72,  27.03,  26.97,  27.13,  26.62,  26.38,  25.92,  24.97,  25.13,  24.64,  24.00,  23.46,  23.07,  24.45,  23.39,  23.18,  23.14,  23.08,  23.56,  23.49,  24.03,  24.13,  24.00,  24.05,  24.46,  24.16
19921228, 1800,  , HU, 13.5S, 172.0E,  90,    0,    0,    0,    0,    0,    0,    0,    0,    0,    0,    0,    0,    0, -999,  28.21,  27.79,  27.62,  27.22,  27.30,  27.48,  27.59,  27.37,  28.47,  27.58,  25.74,  25.97,  24.96,  24.78,  25.20,  23.90,  23.38,  21.42,  23.21,  22.65,  22.03,  21.67,  21.59,  22.02,  22.50,  23.40,  23.35,  23.47,  23.50,  24.02,  24.05
19921229, 0000,  , HU, 13.8S, 172.3E, 105,    0,    0,    0,    0,    0,    0,    0,    0,    0,    0,    0,    0,    0, -999,  28.50,  28.13,  27.71,  27.75,  27.58,  28.52,  26.53,  25.83,  25.02,  24.65,  24.43,  24.41,  24.08,  24.03,  23.61,  23.42,  21.20,  21.64,  21.69,  21.57,  21.36,  21.23,  21.67,  21.97,  22.78,  23.30,  23.14,  23.56,  23.49,  23.79,  24.33
19921229, 0600,  , XX, 14.1S, 172.6E, 120,    0,    0,    0,    0,    0,    0,    0,    0,    0,    0,    0,    0,    0, -999,  26.16,  25.85,  25.76,  25.70,  25.22,  25.47,  25.01,  24.89,  24.66,  24.39,  24.15,  24.24,  23.82,  23.88,  23.55,  23.36,  21.65,  18.76,  20.91,  21.45,  21.05,  21.07,  21.37,  21.55,  22.39,  22.81,  22.58,  23.31,  23.53,  23.69,  24.32
19921229, 1200,  , HU, 14.3S, 172.7E, 120,    0,    0,    0,    0,    0,    0,    0,    0,    0,    0,    0,    0,    0, -999,  25.04,  24.89,  24.96,  24.97,  25.02,  25.03,  25.13,  24.84,  24.84,  24.67,  24.37,  24.49,  23.94,  23.97,  23.92,  23.62,  22.30,  20.50,  20.11,  19.76,  20.03,  20.52,  20.16,  21.12,  20.81,  21.52,  21.63,  22.72,  22.22,  22.94,  22.98
19921229, 1800,  , HU, 14.5S, 172.7E, 120,    0,    0,    0,    0,    0,    0,    0,    0,    0,    0,    0,    0,    0, -999,  24.98,  24.69,  24.93,  24.98,  25.08,  25.19,  25.30,  25.02,  24.97,  24.64,  24.24,  24.11,  23.81,  23.86,  23.92,  23.76,  22.43,  21.24,  20.11,  19.64,  19.82,  19.96,  19.75,  20.58,  20.28,  21.03,  21.59,  22.35,  21.83,  22.42,  22.58
19921230, 0000,  , HU, 14.7S, 172.6E, 120,    0,    0,    0,    0,    0,    0,    0,    0,    0,    0,    0,    0,    0, -999,  25.05,  25.31,  25.33,  25.37,  25.30,  25.34,  25.03,  24.84,  24.51,  24.27,  24.12,  24.02,  24.10,  24.12,  24.20,  22.73,  20.98,  19.89,  19.60,  19.38,  19.28,  19.69,  19.69,  20.05,  20.13,  20.92,  21.35,  21.20,  21.85,  21.72,  21.81
19921230, 0600,  , XX, 14.8S, 172.5E, 120,    0,    0,    0,    0,    0,    0,    0,    0,    0,    0,    0,    0,    0, -999,  25.05,  25.31,  25.33,  25.37,  25.30,  25.34,  25.03,  24.84,  24.51,  24.27,  24.12,  24.02,  24.10,  24.12,  24.20,  22.73,  20.98,  19.89,  19.60,  19.38,  19.28,  19.69,  19.69,  20.05,  20.13,  20.92,  21.35,  21.20,  21.85,  21.72,  21.81
19921230, 1200,  , HU, 14.9S, 172.4E, 120,    0,    0,    0,    0,    0,    0,    0,    0,    0,    0,    0,    0,    0, -999,  25.17,  25.30,  25.36,  25.36,  25.23,  25.28,  25.01,  24.74,  24.37,  24.24,  24.20,  24.07,  24.25,  24.37,  24.69,  23.06,  21.20,  19.59,  19.62,  19.38,  19.24,  19.59,  19.96,  19.92,  20.49,  20.45,  20.17,  20.47,  20.71,  20.69,  21.00
19921230, 1800,  , XX, 15.0S, 172.4E, 115,    0,    0,    0,    0,    0,    0,    0,    0,    0,    0,    0,    0,    0, -999,  25.17,  25.30,  25.36,  25.36,  25.23,  25.28,  25.01,  24.74,  24.37,  24.24,  24.20,  24.07,  24.25,  24.37,  24.69,  23.06,  21.20,  19.59,  19.62,  19.38,  19.24,  19.59,  19.96,  19.92,  20.49,  20.45,  20.17,  20.47,  20.71,  20.69,  21.00
19921231, 0000,  , HU, 15.1S, 172.5E, 105,    0,    0,    0,    0,    0,    0,    0,    0,    0,    0,    0,    0,    0, -999,  25.21,  25.18,  25.12,  24.86,  24.73,  24.64,  24.53,  24.39,  24.26,  24.28,  24.07,  24.17,  24.48,  24.68,  23.20,  21.11,  19.00,  20.32,  19.52,  19.34,  19.44,  19.67,  19.92,  20.61,  20.62,  20.42,  20.33,  20.75,  21.06,  21.45,  21.97
19921231, 0600,  , XX, 15.2S, 172.6E, 100,    0,    0,    0,    0,    0,    0,    0,    0,    0,    0,    0,    0,    0, -999,  25.04,  25.10,  25.01,  24.80,  24.68,  24.62,  24.56,  24.55,  24.50,  24.54,  24.49,  24.55,  24.65,  24.69,  23.29,  21.70,  17.84,  20.12,  19.47,  19.39,  19.44,  19.97,  20.30,  20.64,  20.95,  20.48,  20.46,  20.46,  20.86,  21.51,  21.85
19921231, 1200,  , HU, 15.4S, 172.8E,  95,    0,    0,    0,    0,    0,    0,    0,    0,    0,    0,    0,    0,    0, -999,  24.75,  24.75,  24.69,  24.64,  24.83,  24.97,  25.05,  25.07,  24.99,  24.83,  24.55,  24.47,  24.26,  24.02,  23.40,  21.36,  17.57,  19.84,  19.45,  19.49,  19.61,  20.13,  20.18,  20.16,  20.57,  20.61,  20.45,  20.67,  21.36,  21.99,  22.53
19921231, 1800,  , HU, 15.6S, 173.1E,  90,    0,    0,    0,    0,    0,    0,    0,    0,    0,    0,    0,    0,    0, -999,  24.88,  24.98,  25.13,  25.10,  25.12,  25.16,  25.15,  25.01,  24.86,  24.51,  24.35,  24.11,  24.30,  24.38,  24.13,  22.20,  19.39,  19.92,  19.56,  19.83,  19.85,  20.70,  21.34,  21.14,  20.90,  21.21,  21.06,  22.15,  22.94,  23.35,  23.80
19930101, 0000,  , HU, 15.8S, 173.6E,  85,    0,    0,    0,    0,    0,    0,    0,    0,    0,    0,    0,    0,    0, -999,  25.33,  25.19,  24.87,  24.92,  25.17,  25.26,  25.24,  25.40,  25.48,  24.94,  23.97,  23.99,  23.46,  23.36,  25.01,  22.17,  20.91,  19.64,  19.71,  19.78,  20.88,  21.63,  22.34,  22.36,  22.58,  22.57,  23.38,  23.60,  23.95,  24.32,  24.41
19930101, 0600,  , HU, 15.9S, 174.2E,  85,    0,    0,    0,    0,    0,    0,    0,    0,    0,    0,    0,    0,    0, -999,  24.66,  25.01,  25.43,  25.60,  25.53,  25.50,  25.53,  24.85,  24.38,  24.19,  23.78,  24.08,  23.58,  23.24,  24.05,  23.79,  21.32,  19.80,  19.94,  19.71,  20.29,  21.59,  23.26,  23.00,  23.01,  23.09,  24.07,  24.38,  24.81,  24.72,  24.82
19930101, 1200,  , HU, 16.0S, 174.9E,  85,    0,    0,    0,    0,    0,    0,    0,    0,    0,    0,    0,    0,    0, -999,  24.97,  25.75,  25.51,  25.02,  24.89,  24.42,  24.51,  24.38,  24.29,  24.20,  24.29,  24.49,  24.02,  23.65,  23.65,  24.35,  22.47,  23.09,  22.25,  20.78,  20.94,  21.37,  21.31,  21.57,  22.13,  22.21,  22.88,  22.87,  22.70,  22.86,  23.43
19930101, 1800,  , HU, 16.1S, 175.6E,  80,    0,    0,    0,    0,    0,    0,    0,    0,    0,    0,    0,    0,    0, -999,  23.90,  24.82,  24.42,  24.40,  24.81,  24.50,  24.86,  25.34,  25.45,  25.50,  25.58,  25.32,  24.59,  24.20,  24.93,  24.91,  25.04,  22.69,  23.97,  23.09,  23.15,  22.35,  21.96,  22.16,  22.63,  22.62,  22.54,  23.04,  23.05,  23.33,  24.16
19930102, 0000,  , HU, 16.3S, 176.4E,  85,    0,    0,    0,    0,    0,    0,    0,    0,    0,    0,    0,    0,    0, -999,  24.65,  24.90,  25.19,  25.30,  25.37,  25.43,  25.70,  25.72,  25.96,  25.99,  25.61,  25.20,  25.05,  25.08,  25.09,  25.93,  22.68,  25.07,  24.74,  24.66,  23.86,  23.79,  24.35,  23.87,  24.43,  23.93,  24.13,  23.78,  24.32,  24.10,  24.16
19930102, 0600,  , HU, 16.6S, 177.3E,  90,    0,    0,    0,    0,    0,    0,    0,    0,    0,    0,    0,    0,    0, -999,  25.34,  25.36,  25.70,  25.70,  26.17,  26.16,  26.45,  26.73,  26.76,  26.49,  26.40,  26.29,  26.11,  26.07,  25.50,  26.51,  22.26,  26.19,  25.11,  25.72,  25.15,  25.09,  25.12,  24.48,  25.00,  24.39,  24.74,  24.45,  24.40,  24.54,  24.02
19930102, 1200,  , XX, 17.1S, 178.2E,  95,    0,    0,    0,    0,    0,    0,    0,    0,    0,    0,    0,    0,    0, -999,  26.01,  26.02,  26.04,  26.10,  25.92,  25.88,  25.94,  25.96,  25.77,  25.84,  26.15,  26.42,  26.58,  26.02,  25.53,  26.25,  26.28,  22.50,  24.03,  24.86,  24.27,  25.43,  25.13,  25.36,  24.91,  24.81,  25.05,  24.66,  24.72,  24.78,  24.74
19930102, 1800,  , XX, 17.7S, 179.2E,  95,    0,    0,    0,    0,    0,    0,    0,    0,    0,    0,    0,    0,    0, -999,  25.66,  25.75,  25.61,  25.84,  25.21,  25.20,  25.09,  24.86,  24.83,  24.79,  24.78,  24.66,  24.82,  24.71,  24.52,  24.60,  26.23,  25.43,  22.78,  25.94,  23.93,  25.60,  24.50,  25.37,  25.10,  23.62,  23.54,  23.90,  24.11,  24.29,  24.27
19930103, 0000,  , XX, 18.5S, 179.7W,  90,    0,    0,    0,    0,    0,    0,    0,    0,    0,    0,    0,    0,    0, -999,  24.62,  24.47,  24.11,  24.02,  23.98,  24.00,  24.36,  24.62,  24.57,  24.82,  24.83,  24.82,  24.85,  24.77,  24.91,  26.00,  23.84,  25.07,  26.25,  26.11,  26.26,  26.24,  26.32,  25.69,  25.23,  24.88,  24.43,  24.27,  24.10,  24.00,  23.56
19930103, 0600,  , XX, 19.3S, 178.4W,  85,    0,    0,    0,    0,    0,    0,    0,    0,    0,    0,    0,    0,    0, -999,  23.41,  23.20,  23.14,  23.29,  23.28,  23.44,  23.77,  23.98,  24.07,  24.05,  23.98,  23.79,  23.93,  24.03,  23.89,  24.17,  23.00,  23.52,  22.48,  22.78,  22.93,  22.85,  23.09,  23.45,  23.30,  23.28,  23.58,  23.04,  22.93,  23.00,  22.82
19930103, 1200,  , HU, 20.4S, 177.0W,  80,    0,    0,    0,    0,    0,    0,    0,    0,    0,    0,    0,    0,    0, -999,  22.17,  22.38,  22.77,  22.82,  23.01,  23.75,  23.98,  23.99,  23.91,  23.80,  23.68,  23.37,  22.53,  22.02,  21.99,  22.05,  21.43,  21.68,  21.63,  21.41,  21.40,  21.69,  21.81,  22.01,  21.85,  22.14,  22.38,  22.35,  22.54,  22.58,  22.73
19930103, 1800,  , HU, 21.7S, 175.7W,  75,    0,    0,    0,    0,    0,    0,    0,    0,    0,    0,    0,    0,    0, -999,  23.12,  23.13,  23.32,  23.28,  23.35,  23.37,  23.29,  23.13,  23.10,  23.31,  23.68,  23.72,  23.68,  23.85,  23.73,  23.62,  23.17,  22.53,  22.23,  21.76,  21.61,  21.78,  21.40,  21.52,  21.60,  21.89,  22.05,  21.77,  21.80,  21.69,  22.23
19930104, 0000,  , HU, 22.9S, 174.3W,  65,    0,    0,    0,    0,    0,    0,    0,    0,    0,    0,    0,    0,    0, -999,  23.42,  23.41,  23.36,  23.31,  23.45,  23.60,  23.75,  23.77,  23.87,  23.94,  23.81,  23.63,  23.38,  23.18,  23.05,  22.91,  22.78,  22.34,  21.51,  20.99,  20.70,  20.66,  20.68,  20.63,  20.34,  20.05,  19.99,  19.93,  19.97,  20.14,  19.99
19930104, 0600,  , TS, 24.3S, 173.0W,  60,    0,    0,    0,    0,    0,    0,    0,    0,    0,    0,    0,    0,    0, -999,  20.37,  20.37,  20.53,  20.13,  19.91,  19.71,  19.34,  19.17,  20.29,  20.95,  21.61,  21.93,  22.10,  21.14,  20.66,  20.50,  20.26,  20.48,  20.86,  21.53,  21.33,  21.16,  21.43,  21.20,  21.13,  21.37,  21.59,  21.94,  22.13,  22.23,  22.04
19930104, 1200,  , TS, 25.8S, 171.7W,  55,    0,    0,    0,    0,    0,    0,    0,    0,    0,    0,    0,    0,    0, -999,  18.09,  18.28,  18.80,  19.59,  20.33,  21.08,  21.41,  21.84,  21.23,  20.48,  19.97,  19.46,  18.30,  19.23,  19.68,  20.07,  19.83,  20.34,  21.02,  21.20,  20.77,  20.66,  20.59,  20.70,  20.87,  20.51,  20.19,  20.04,  19.56,  19.19,  18.86
19930104, 1800,  , TS, 28.1S, 170.6W,  50,    0,    0,    0,    0,    0,    0,    0,    0,    0,    0,    0,    0,    0, -999,  19.66,  19.24,  18.92,  18.80,  18.72,  18.55,  18.85,  18.93,  18.87,  19.02,  19.08,  19.37,  19.18,  18.89,  18.67,  18.72,  18.82,  18.66,  18.53,  18.16,  18.22,  18.69,  18.74,  19.11,  18.19,  17.88,  17.82,  17.82,  17.74,  17.76,  17.91
19930105, 0000,  , TS, 30.5S, 169.7W,  40,    0,    0,    0,    0,    0,    0,    0,    0,    0,    0,    0,    0,    0, -999,  16.23,  16.28,  16.35,  16.30,  16.30,  16.27,  16.04,  15.99,  16.01,  15.95,  16.02,  16.03,  16.49,  16.32,  16.09,  15.85,  15.83,  15.80,  15.80,  15.86,  15.85,  15.90,  16.05,  15.97,  16.01,  16.00,  16.03,  16.34,  16.25,  16.24,  16.11
