SH072021,            CHALANE,     39,
20201221, 1800,  , DB, 13.0S,  61.9E,  15, 1006,    0,    0,    0,    0,    0,    0,    0,    0,    0,    0,    0,    0, -999,  27.78,  27.88,  27.96,  27.97,  27.98,  27.88,  27.85,  27.81,  27.91,  28.01,  28.19,  28.32,  28.45,  28.34,  28.16,  27.96,  28.14,  28.44,  28.25,  28.54,  28.81,  28.72,  28.72,  28.51,  28.36,  28.42,  28.43,  28.73,  28.44,  28.14,  28.31
20201222, 0000,  , DB, 13.3S,  62.0E,  20, 1004,    0,    0,    0,    0,    0,    0,    0,    0,    0,    0,    0,    0, -999,  27.70,  27.76,  27.71,  27.80,  27.88,  27.95,  27.99,  28.02,  28.08,  27.99,  28.11,  28.38,  28.17,  28.03,  28.01,  28.06,  28.22,  28.24,  28.39,  28.76,  28.78,  28.66,  28.47,  28.43,  28.55,  28.44,  28.55,  28.22,  28.08,  28.23,  28.20
20201222, 0600,  , DB, 13.6S,  62.1E,  20, 1004,    0,    0,    0,    0,    0,    0,    0,    0,    0,    0,    0,    0, -999,  27.78,  27.80,  27.82,  27.83,  27.91,  27.95,  27.83,  27.68,  27.75,  27.93,  28.21,  28.45,  28.24,  28.07,  27.98,  27.89,  28.04,  28.10,  28.22,  28.43,  28.58,  28.43,  28.38,  28.42,  28.62,  28.53,  28.40,  28.01,  27.95,  27.98,  27.93
20201222, 1200,  , DB, 14.3S,  61.9E,  20, 1005,    0,    0,    0,    0,    0,    0,    0,    0,    0,    0,    0,    0, -999,  27.20,  27.35,  27.49,  27.51,  27.51,  27.51,  27.52,  27.54,  27.83,  28.07,  28.34,  28.36,  28.19,  28.09,  27.97,  27.85,  27.85,  27.83,  28.02,  28.09,  27.88,  27.73,  27.83,  27.99,  28.22,  28.29,  28.20,  27.95,  27.62,  27.59,  27.67
20201222, 1800,  , TD, 14.6S,  61.4E,  25, 1005,    0,    0,    0,    0,    0,    0,    0,    0,    0,    0,    0,    0, -999,  27.21,  27.34,  27.49,  27.53,  27.58,  27.64,  27.44,  27.41,  27.73,  28.07,  28.27,  28.15,  28.01,  27.96,  28.00,  27.87,  27.86,  27.80,  27.89,  27.98,  27.72,  27.73,  27.70,  27.88,  28.10,  28.07,  28.05,  27.96,  27.75,  27.78,  27.94
20201223, 0000,  , TD, 14.7S,  61.1E,  30, 1001,    0,    0,    0,    0,    0,    0,    0,    0,    0,    0,    0,    0, -999,  27.39,  27.48,  27.56,  27.62,  27.56,  27.39,  27.57,  28.01,  28.24,  28.46,  28.34,  28.30,  28.15,  27.81,  27.61,  27.52,  27.36,  27.49,  27.78,  27.61,  27.57,  27.46,  27.76,  28.05,  28.00,  27.95,  27.85,  27.66,  27.73,  27.89,  27.89
20201223, 0600,  , TD, 14.7S,  60.9E,  30, 1001,    0,    0,    0,    0,    0,    0,    0,    0,    0,    0,    0,    0, -999,  27.64,  27.73,  27.94,  27.93,  27.82,  27.59,  27.72,  28.02,  28.12,  28.35,  28.22,  28.26,  28.24,  28.11,  27.66,  27.36,  27.35,  27.70,  27.92,  27.67,  27.64,  27.45,  27.67,  27.93,  27.85,  27.77,  27.62,  27.46,  27.52,  27.79,  27.87
20201223, 1200,  , TD, 14.6S,  60.7E,  30,  998,    0,    0,    0,    0,    0,    0,    0,    0,    0,    0,    0,    0, -999,  27.82,  28.17,  28.24,  28.22,  28.15,  27.95,  28.08,  28.30,  28.27,  28.29,  28.28,  28.18,  27.95,  27.81,  27.70,  27.64,  27.59,  27.85,  28.03,  27.91,  27.96,  27.73,  27.73,  27.86,  27.91,  27.96,  27.87,  27.86,  27.77,  27.64,  27.59
20201223, 1800,  , TD, 14.6S,  60.4E,  30, 1001,    0,    0,    0,    0,    0,    0,    0,    0,    0,    0,    0,    0, -999,  27.63,  28.14,  28.12,  28.13,  27.97,  27.80,  27.95,  28.23,  28.43,  28.52,  28.54,  28.47,  28.23,  27.99,  27.75,  27.69,  27.71,  27.88,  28.12,  28.00,  28.06,  27.77,  28.00,  28.19,  28.26,  28.29,  28.09,  27.80,  27.81,  27.98,  27.83
20201224, 0000,  , TD, 14.7S,  60.1E,  30,  999,    0,    0,    0,    0,    0,    0,    0,    0,    0,    0,    0,    0, -999,  28.12,  28.21,  28.01,  27.87,  27.67,  27.89,  28.12,  28.27,  28.42,  28.40,  28.29,  28.16,  28.21,  27.96,  27.64,  27.48,  27.63,  27.93,  27.71,  27.67,  27.48,  27.66,  28.00,  28.01,  27.99,  27.84,  27.63,  27.70,  27.94,  27.79,  27.67
20201224, 0600,  , TD, 15.2S,  59.0E,  30, 1002,    0,    0,    0,    0,    0,    0,    0,    0,    0,    0,    0,    0, -999,  27.77,  27.93,  27.64,  27.40,  27.43,  27.67,  27.78,  27.88,  27.96,  27.95,  27.91,  28.00,  28.03,  27.93,  27.72,  27.61,  27.55,  27.38,  27.64,  27.56,  27.40,  27.39,  27.52,  27.68,  27.62,  27.35,  27.14,  27.34,  27.73,  27.86,  28.01
20201224, 1200,  , TD, 15.4S,  58.2E,  30, 1000,    0,    0,    0,    0,    0,    0,    0,    0,    0,    0,    0,    0, -999,  27.46,  27.74,  27.69,  27.60,  27.74,  27.80,  27.76,  27.83,  27.94,  27.89,  27.85,  27.85,  27.84,  27.83,  27.77,  27.72,  27.60,  27.59,  27.69,  27.57,  27.46,  27.47,  27.55,  27.56,  27.51,  27.35,  27.36,  27.62,  27.82,  27.70,  27.46
20201224, 1800,  , TD, 15.5S,  57.5E,  30, 1006,    0,    0,    0,    0,    0,    0,    0,    0,    0,    0,    0,    0, -999,  27.77,  27.97,  27.96,  27.78,  27.91,  27.95,  27.87,  27.94,  28.02,  27.94,  27.95,  28.11,  28.13,  28.14,  28.06,  28.17,  28.13,  28.07,  28.01,  27.81,  27.88,  27.93,  28.03,  28.02,  27.96,  27.96,  27.93,  28.02,  28.04,  27.89,  27.53
20201225, 0000,  , TS, 15.7S,  56.7E,  40, 1000,   20,  120,   15,   15,    0,    0,    0,    0,    0,    0,    0,    0, -999,  27.66,  27.74,  27.51,  27.48,  27.57,  27.64,  27.71,  27.79,  27.87,  27.92,  28.09,  28.15,  28.13,  28.04,  28.12,  28.21,  28.13,  27.95,  27.89,  27.82,  27.83,  27.79,  27.78,  27.83,  27.99,  28.00,  28.06,  28.13,  28.17,  28.03,  28.06
20201225, 0600,  , TS, 15.8S,  55.8E,  40, 1001,   20,  120,   15,   15,    0,    0,    0,    0,    0,    0,    0,    0, -999,  27.61,  27.76,  27.66,  27.69,  27.64,  27.67,  27.78,  27.78,  27.84,  27.92,  27.92,  28.00,  28.21,  28.28,  28.29,  28.25,  28.14,  27.96,  27.81,  27.82,  27.90,  27.88,  27.94,  28.16,  28.51,  28.54,  28.44,  28.43,  28.41,  28.29,  28.24
20201225, 1200,  , TS, 15.8S,  55.0E,  35, 1000,   20,  115,   20,   20,    0,    0,    0,    0,    0,    0,    0,    0, -999,  27.55,  27.66,  27.66,  27.66,  27.64,  27.57,  27.70,  27.77,  27.74,  27.66,  27.60,  27.57,  27.58,  27.62,  27.70,  27.78,  27.92,  27.62,  27.82,  27.95,  28.21,  28.22,  28.22,  28.30,  28.60,  28.64,  28.49,  28.48,  28.38,  28.29,  28.32
20201225, 1800,  , TS, 16.1S,  53.6E,  35, 1000,   20,  110,   20,   20,    0,    0,    0,    0,    0,    0,    0,    0, -999,  27.69,  27.79,  27.87,  27.79,  27.66,  27.64,  27.78,  27.88,  27.80,  27.80,  27.82,  27.86,  27.80,  27.78,  27.70,  27.65,  27.63,  27.65,  27.53,  27.66,  27.68,  27.68,  27.66,  27.57,  27.80,  28.00,  28.22,  28.28,  28.34,  28.37,  28.47
20201226, 0000,  , TD, 16.1S,  53.1E,  30, 1006,    0,    0,    0,    0,    0,    0,    0,    0,    0,    0,    0,    0, -999,  27.71,  27.75,  27.61,  27.49,  27.56,  27.68,  27.84,  27.86,  27.83,  27.75,  27.83,  27.87,  28.00,  28.04,  28.13,  27.95,  28.08,  28.07,  27.94,  28.12,  28.00,  27.89,  27.88,  28.09,  28.23,  28.48,  28.34,  28.29,  28.22,  28.26,  28.24
20201226, 0600,  , TD, 16.2S,  52.5E,  30, 1004,    0,    0,    0,    0,    0,    0,    0,    0,    0,    0,    0,    0, -999,  27.60,  27.60,  27.58,  27.55,  27.47,  27.45,  27.52,  27.59,  27.60,  27.60,  27.64,  27.58,  27.67,  27.83,  27.88,  27.78,  27.74,  27.82,  27.87,  27.94,  27.91,  27.79,  27.77,  27.98,  28.01,  28.15,  28.10,  27.98,  28.23,  28.32,  28.38
20201226, 1200,  , TD, 16.8S,  51.0E,  30, 1003,    0,    0,    0,    0,    0,    0,    0,    0,    0,    0,    0,    0, -999,  27.94,  27.87,  27.67,  27.51,  27.52,  27.55,  27.54,  27.41,  27.57,  27.68,  27.83,  27.86,  27.76,  27.68,  27.55,  27.57,  27.50,  27.55,  27.59,  27.67,  27.61,  27.71,  27.67,  27.95,  28.00,  28.00,  27.91,  27.87,  27.98,  28.22,  28.25
20201226, 1800,  , TS, 17.5S,  49.8E,  35, 1003,    0,    0,    0,    0,    0,    0,    0,    0,    0,    0,    0,    0, -999,  27.74,  27.68,  27.45,  27.14,  27.12,  27.39,  27.19,  27.32,  27.55,  27.57,  27.61,  27.55,  27.43,  27.58,  27.63,  27.66,  27.19,  27.42,  27.96,  28.00,  27.45,  27.34,  27.17,  27.45,  26.86,  26.67,  26.90,  27.46,  27.95,  28.44,  28.43
20201227, 0000,  , TD, 17.7S,  48.7E,  30, 1002,    0,    0,    0,    0,    0,    0,    0,    0,    0,    0,    0,    0, -999,    nan,    nan,    nan,    nan,    nan,    nan,    nan,    nan,    nan,    nan,    nan,    nan,    nan,    nan,    nan,    nan,    nan,    nan,    nan,    nan,    nan,    nan,    nan,    nan,    nan,    nan,    nan,    nan,    nan,    nan,    nan
20201227, 0600,  , TD, 18.2S,  47.6E,  30, 1002,    0,    0,    0,    0,    0,    0,    0,    0,    0,    0,    0,    0, -999,    nan,    nan,    nan,    nan,    nan,    nan,    nan,    nan,    nan,    nan,    nan,    nan,    nan,    nan,    nan,    nan,    nan,    nan,    nan,    nan,    nan,    nan,    nan,    nan,    nan,    nan,    nan,    nan,    nan,    nan,    nan
20201227, 1200,  , TD, 18.7S,  46.6E,  30, 1002,    0,    0,    0,    0,    0,    0,    0,    0,    0,    0,    0,    0, -999,    nan,    nan,    nan,    nan,    nan,    nan,    nan,    nan,    nan,    nan,    nan,    nan,    nan,    nan,    nan,    nan,    nan,    nan,    nan,    nan,    nan,    nan,    nan,    nan,    nan,    nan,    nan,    nan,    nan,    nan,    nan
20201227, 1800,  , TD, 19.2S,  45.7E,  25, 1004,    0,    0,    0,    0,    0,    0,    0,    0,    0,    0,    0,    0, -999,    nan,    nan,    nan,    nan,    nan,    nan,    nan,    nan,    nan,    nan,    nan,    nan,    nan,    nan,    nan,    nan,    nan,    nan,    nan,    nan,    nan,    nan,    nan,    nan,    nan,    nan,    nan,    nan,    nan,    nan,    nan
20201228, 0000,  , TD, 19.7S,  44.9E,  25, 1004,    0,    0,    0,    0,    0,    0,    0,    0,    0,    0,    0,    0, -999,    nan,    nan,    nan,    nan,    nan,    nan,    nan,    nan,    nan,    nan,    nan,    nan,    nan,    nan,    nan,    nan,    nan,    nan,    nan,    nan,    nan,    nan,    nan,    nan,    nan,    nan,    nan,    nan,    nan,    nan,    nan
20201228, 0600,  , TS, 20.0S,  43.5E,  35, 1004,    0,    0,    0,    0,    0,    0,    0,    0,    0,    0,    0,    0, -999,  28.36,  28.62,  27.98,  28.54,  29.46,  28.88,  27.43,  29.00,  29.12,  28.61,  28.24,  28.89,  29.30,  29.60,  29.52,  29.64,  28.66,  28.60,  28.96,  28.58,  28.18,  29.17,  28.23,  28.59,  28.29,  28.47,  28.54,  29.80,  29.24,  28.49,  28.87
20201228, 1200,  , TS, 20.0S,  42.4E,  40, 1003,   30,   25,   25,    0,    0,    0,    0,    0,    0,    0,    0,    0, -999,  28.32,  28.37,  28.21,  28.40,  28.72,  28.70,  28.93,  29.11,  29.02,  29.18,  29.09,  28.73,  28.82,  30.09,  30.53,  30.12,  28.46,  28.68,  29.27,  28.25,  28.66,  28.58,  28.94,  28.80,  28.69,  28.82,  29.02,  28.72,  28.80,  29.45,  29.96
20201228, 1800,  , TS, 19.9S,  42.0E,  45, 1000,   60,   60,   50,   10,    0,    0,    0,    0,    0,    0,    0,    0, -999,  29.09,  28.82,  28.33,  28.24,  28.22,  28.15,  27.92,  28.16,  28.62,  28.84,  29.06,  28.94,  29.04,  30.22,  30.07,  29.93,  29.24,  28.93,  28.43,  28.66,  28.59,  28.89,  28.79,  28.27,  27.67,  28.48,  28.39,  28.31,  29.23,  28.75,  29.51
20201229, 0000,  , TS, 19.9S,  41.1E,  45,  999,   65,   65,   55,   20,    0,    0,    0,    0,    0,    0,    0,    0, -999,  28.49,  28.20,  28.62,  29.10,  28.34,  28.06,  28.25,  27.75,  29.02,  29.31,  28.77,  28.51,  28.46,  28.38,  28.30,  28.79,  27.95,  28.38,  28.99,  29.08,  29.34,  29.42,  28.85,  28.11,  28.82,  28.93,  28.16,  28.06,  29.03,  28.64,  29.64
20201229, 0600,  , TS, 19.7S,  39.6E,  50,  997,   70,   70,   50,   30,    0,    0,    0,    0,    0,    0,    0,    0, -999,  28.96,  28.74,  28.14,  28.97,  29.02,  29.37,  29.28,  29.25,  29.99,  29.42,  29.56,  29.38,  29.60,  28.98,  28.38,  28.70,  28.63,  28.63,  28.71,  29.58,  29.36,  29.02,  29.04,  28.94,  29.41,  29.55,  29.68,  29.21,  29.38,  30.18,  30.86
20201229, 1200,  , TS, 19.6S,  38.5E,  55,  990,   75,   75,   50,   40,   30,   30,   20,   20,    0,    0,    0,    0, -999,  28.52,  28.66,  28.50,  28.72,  29.05,  29.20,  29.45,  29.37,  29.20,  29.40,  29.68,  29.35,  29.28,  29.43,  29.12,  29.18,  28.45,  28.51,  28.82,  28.96,  29.22,  29.01,  28.90,  29.17,  29.48,  29.42,  29.38,  29.43,  29.60,  30.07,  30.04
20201229, 1800,  , HU, 19.4S,  37.3E,  65,  989,   80,   80,   50,   50,   55,   55,   20,   20,   10,   15,   10,   10, -999,  28.15,  28.09,  28.34,  28.78,  28.76,  28.46,  28.30,  28.18,  27.98,  28.28,  28.99,  29.00,  29.08,  29.20,  28.38,  27.48,  27.67,  27.65,  28.14,  29.46,  29.95,  29.41,  29.18,  29.21,  29.25,  29.50,  29.45,  29.52,  29.03,  29.89,  30.08
20201230, 0000,  , HU, 19.3S,  36.0E,  70,  985,   60,   55,   30,   30,   50,   50,   25,   25,   15,   15,   15,   15, -999,  27.55,  27.38,  27.79,  27.60,  27.52,  27.41,  27.55,  27.69,  28.45,  28.98,  29.18,  29.11,  29.39,  28.71,  28.04,  28.26,  28.22,  28.42,  28.71,  29.07,  29.32,  29.30,  29.40,  29.40,  29.69,  29.92,  29.73,  29.02,  29.49,  29.70,  29.99
20201230, 0600,  , TS, 19.2S,  34.4E,  45,  997,   25,   25,   15,   15,    0,    0,    0,    0,    0,    0,    0,    0, -999,    nan,    nan,    nan,    nan,    nan,    nan,    nan,    nan,    nan,    nan,    nan,    nan,    nan,    nan,    nan,    nan,    nan,    nan,    nan,    nan,    nan,    nan,    nan,    nan,    nan,    nan,    nan,    nan,    nan,    nan,    nan
20201230, 1200,  , TS, 19.4S,  31.9E,  35, 1002,    0,    0,    0,    0,    0,    0,    0,    0,    0,    0,    0,    0, -999,    nan,    nan,    nan,    nan,    nan,    nan,    nan,    nan,    nan,    nan,    nan,    nan,    nan,    nan,    nan,    nan,    nan,    nan,    nan,    nan,    nan,    nan,    nan,    nan,    nan,    nan,    nan,    nan,    nan,    nan,    nan
20201230, 1800,  , TD, 19.7S,  29.2E,  25, 1006,    0,    0,    0,    0,    0,    0,    0,    0,    0,    0,    0,    0, -999,    nan,    nan,    nan,    nan,    nan,    nan,    nan,    nan,    nan,    nan,    nan,    nan,    nan,    nan,    nan,    nan,    nan,    nan,    nan,    nan,    nan,    nan,    nan,    nan,    nan,    nan,    nan,    nan,    nan,    nan,    nan
20201231, 0000,  , TD, 20.0S,  28.0E,  25, 1006,    0,    0,    0,    0,    0,    0,    0,    0,    0,    0,    0,    0, -999,    nan,    nan,    nan,    nan,    nan,    nan,    nan,    nan,    nan,    nan,    nan,    nan,    nan,    nan,    nan,    nan,    nan,    nan,    nan,    nan,    nan,    nan,    nan,    nan,    nan,    nan,    nan,    nan,    nan,    nan,    nan
20201231, 0600,  , DB, 20.3S,  26.7E,  20, 1009,    0,    0,    0,    0,    0,    0,    0,    0,    0,    0,    0,    0, -999,    nan,    nan,    nan,    nan,    nan,    nan,    nan,    nan,    nan,    nan,    nan,    nan,    nan,    nan,    nan,    nan,    nan,    nan,    nan,    nan,    nan,    nan,    nan,    nan,    nan,    nan,    nan,    nan,    nan,    nan,    nan
