SH081997,            UNNAMED,     36,
19961201, 1200,  , LO,  6.5S,  68.9E,  20,    0,    0,    0,    0,    0,    0,    0,    0,    0,    0,    0,    0,    0, -999,  20.35,  19.73,  20.09,  20.20,  20.19,  19.79,  19.35,  18.79,  20.25,  20.59,  20.46,  20.20,  20.38,  21.02,  20.77,  20.95,  20.89,  21.52,  22.27,  20.40,  19.75,  21.11,  19.97,  19.75,  19.65,  20.26,  19.68,  20.00,  20.04,  20.32,  19.22
19961201, 1800,  , LO,  7.6S,  67.6E,  20,    0,    0,    0,    0,    0,    0,    0,    0,    0,    0,    0,    0,    0, -999,  21.69,  20.93,  19.76,  19.36,  20.67,  19.48,  18.27,  19.55,  20.59,  21.05,  21.50,  22.13,  20.06,  21.26,  21.59,  21.48,  22.48,  23.17,  21.06,  21.64,  20.91,  22.14,  20.95,  19.95,  20.96,  20.76,  20.75,  20.72,  20.73,  19.85,  19.82
19961202, 0000,  , LO,  8.5S,  66.1E,  25,    0,    0,    0,    0,    0,    0,    0,    0,    0,    0,    0,    0,    0, -999,  20.92,  18.92,  19.64,  19.26,  19.48,  19.83,  19.60,  20.12,  20.11,  19.88,  21.11,  19.26,  18.56,  18.78,  19.74,  21.55,  19.97,  21.62,  22.23,  20.96,  22.23,  22.26,  20.97,  22.72,  21.43,  21.00,  20.52,  21.17,  19.81,  19.06,  20.77
19961202, 0600,  , LO,  9.3S,  64.7E,  25,    0,    0,    0,    0,    0,    0,    0,    0,    0,    0,    0,    0,    0, -999,  21.90,  22.06,  21.58,  21.55,  20.73,  21.49,  20.57,  21.46,  21.42,  21.57,  21.21,  21.10,  21.28,  20.67,  20.56,  21.37,  21.35,  20.30,  21.06,  19.32,  20.21,  20.18,  19.57,  20.21,  20.12,  20.14,  20.58,  20.56,  19.89,  20.77,  20.20
19961202, 1200,  , LO,  9.7S,  63.5E,  25,    0,    0,    0,    0,    0,    0,    0,    0,    0,    0,    0,    0,    0, -999,  22.02,  22.14,  21.26,  21.29,  20.59,  21.24,  21.11,  21.16,  20.99,  22.07,  21.43,  21.46,  21.28,  21.48,  21.44,  22.50,  22.88,  21.74,  23.55,  22.15,  22.96,  21.80,  21.76,  22.20,  21.67,  20.56,  20.45,  20.57,  20.88,  19.68,  19.94
19961202, 1800,  , LO,  9.9S,  62.5E,  30,    0,    0,    0,    0,    0,    0,    0,    0,    0,    0,    0,    0,    0, -999,  22.58,  22.66,  21.48,  21.71,  22.12,  22.38,  21.46,  22.12,  22.50,  22.74,  21.89,  22.02,  22.61,  21.76,  21.75,  22.22,  22.45,  21.61,  22.82,  23.02,  22.74,  23.29,  22.98,  23.14,  23.11,  23.56,  22.71,  23.43,  23.04,  22.62,  22.71
19961203, 0000,  , LO, 10.4S,  61.8E,  30,    0,    0,    0,    0,    0,    0,    0,    0,    0,    0,    0,    0,    0, -999,  23.28,  23.42,  23.44,  23.33,  23.57,  23.11,  23.99,  24.11,  23.79,  23.86,  23.64,  23.84,  23.75,  24.00,  23.93,  23.94,  23.65,  23.14,  23.10,  25.02,  24.62,  24.34,  25.14,  24.56,  24.91,  26.17,  25.10,  25.39,  25.25,  24.52,  25.04
19961203, 0600,  , TS, 10.8S,  61.2E,  35,    0,    0,    0,    0,    0,    0,    0,    0,    0,    0,    0,    0,    0, -999,  24.03,  23.99,  23.57,  23.89,  23.69,  24.18,  24.32,  24.31,  23.83,  24.25,  24.05,  24.07,  24.18,  24.23,  24.34,  24.10,  23.91,  22.81,  23.30,  22.72,  23.25,  23.10,  23.68,  23.34,  24.21,  24.59,  24.15,  24.61,  24.37,  23.71,  24.31
19961203, 1200,  , TS, 11.4S,  60.8E,  35,    0,    0,    0,    0,    0,    0,    0,    0,    0,    0,    0,    0,    0, -999,  24.86,  24.70,  24.87,  24.65,  24.38,  24.51,  24.75,  24.64,  24.77,  24.30,  24.20,  24.38,  24.18,  24.42,  24.38,  24.69,  23.41,  21.13,  22.01,  21.71,  22.52,  22.41,  23.62,  22.43,  24.48,  25.30,  24.63,  25.20,  25.26,  24.85,  25.27
19961203, 1800,  , TS, 12.0S,  60.5E,  35,    0,    0,    0,    0,    0,    0,    0,    0,    0,    0,    0,    0,    0, -999,  24.52,  24.58,  24.79,  24.74,  25.07,  25.06,  25.14,  24.56,  24.81,  25.13,  24.84,  24.26,  24.32,  24.12,  24.26,  24.52,  23.82,  22.62,  23.79,  23.19,  23.32,  23.74,  23.89,  24.05,  23.85,  24.22,  24.51,  24.77,  25.70,  26.16,  25.71
19961204, 0000,  , TS, 12.4S,  60.1E,  50,    0,    0,    0,    0,    0,    0,    0,    0,    0,    0,    0,    0,    0, -999,  24.57,  24.84,  24.88,  25.22,  25.25,  25.18,  24.96,  25.30,  25.62,  25.16,  24.59,  24.56,  24.53,  24.19,  24.54,  23.97,  22.87,  23.91,  23.42,  23.99,  24.31,  24.37,  24.67,  25.16,  25.32,  24.98,  25.60,  25.74,  25.56,  26.06,  26.11
19961204, 0600,  , HU, 12.8S,  59.5E,  65,    0,    0,    0,    0,    0,    0,    0,    0,    0,    0,    0,    0,    0, -999,  24.69,  24.77,  24.90,  25.22,  25.27,  25.40,  25.32,  25.51,  25.55,  25.66,  25.30,  25.03,  24.89,  24.78,  24.95,  24.88,  23.76,  24.76,  24.45,  24.79,  24.77,  24.53,  24.48,  25.31,  25.73,  24.73,  26.09,  26.18,  26.01,  26.13,  26.08
19961204, 1200,  , HU, 13.1S,  58.9E,  70,    0,    0,    0,    0,    0,    0,    0,    0,    0,    0,    0,    0,    0, -999,  24.95,  25.24,  24.97,  25.07,  25.22,  25.36,  25.30,  25.35,  25.36,  25.34,  25.42,  25.43,  25.53,  25.46,  25.15,  25.54,  25.05,  25.71,  25.53,  25.80,  25.76,  25.58,  25.49,  24.98,  25.83,  26.27,  25.37,  24.68,  24.83,  25.62,  26.03
19961204, 1800,  , HU, 13.4S,  58.3E,  70,    0,    0,    0,    0,    0,    0,    0,    0,    0,    0,    0,    0,    0, -999,  24.69,  24.80,  25.25,  25.40,  25.35,  25.30,  25.33,  25.33,  25.27,  25.20,  25.12,  25.04,  25.14,  25.37,  25.71,  25.74,  25.22,  25.73,  25.65,  25.52,  25.59,  25.59,  25.92,  25.67,  26.05,  25.44,  25.94,  25.92,  25.16,  25.51,  25.80
19961205, 0000,  , HU, 13.6S,  57.6E,  80,    0,    0,    0,    0,    0,    0,    0,    0,    0,    0,    0,    0,    0, -999,  24.89,  24.79,  25.04,  25.12,  25.32,  25.55,  25.43,  25.31,  25.27,  25.08,  25.00,  24.88,  25.12,  25.33,  25.43,  25.83,  25.79,  25.71,  25.69,  25.70,  25.60,  25.94,  25.60,  25.63,  25.82,  26.13,  25.97,  26.28,  26.07,  26.13,  26.07
19961205, 0600,  , HU, 13.9S,  56.9E,  95,    0,    0,    0,    0,    0,    0,    0,    0,    0,    0,    0,    0,    0, -999,  25.12,  25.02,  25.07,  25.17,  25.19,  25.14,  25.10,  25.24,  25.26,  25.58,  25.54,  25.68,  25.64,  25.69,  25.62,  25.59,  25.59,  25.99,  25.53,  25.69,  25.07,  25.38,  25.01,  25.38,  25.43,  25.68,  25.67,  26.03,  26.31,  26.16,  26.23
19961205, 1200,  , HU, 14.1S,  56.5E, 110,    0,    0,    0,    0,    0,    0,    0,    0,    0,    0,    0,    0,    0, -999,  24.87,  25.20,  25.10,  25.17,  25.17,  25.28,  25.05,  25.25,  25.18,  25.35,  25.48,  25.86,  25.99,  26.05,  26.27,  26.25,  25.89,  25.75,  25.73,  25.78,  25.43,  25.57,  25.13,  25.05,  25.00,  25.24,  25.50,  26.20,  26.23,  26.12,  25.96
19961205, 1800,  , HU, 14.2S,  56.1E, 120,    0,    0,    0,    0,    0,    0,    0,    0,    0,    0,    0,    0,    0, -999,  24.41,  24.46,  24.78,  25.07,  25.11,  25.12,  24.99,  25.05,  25.13,  25.26,  25.39,  25.76,  25.81,  25.89,  25.95,  26.02,  25.17,  23.69,  25.25,  25.22,  24.19,  24.42,  24.31,  23.92,  23.84,  23.72,  24.42,  25.10,  25.32,  25.44,  25.71
19961206, 0000,  , HU, 14.4S,  55.8E, 120,    0,    0,    0,    0,    0,    0,    0,    0,    0,    0,    0,    0,    0, -999,  24.76,  24.61,  24.53,  24.40,  24.58,  24.62,  24.81,  25.00,  25.07,  25.12,  25.37,  25.48,  25.68,  25.71,  25.78,  25.48,  23.48,  24.21,  24.57,  23.71,  24.57,  23.51,  23.68,  23.46,  23.65,  23.33,  23.72,  24.36,  24.59,  25.47,  25.81
19961206, 0600,  , HU, 14.8S,  55.7E, 120,    0,    0,    0,    0,    0,    0,    0,    0,    0,    0,    0,    0,    0, -999,  24.61,  24.79,  24.64,  24.44,  24.33,  24.37,  24.33,  24.42,  24.42,  24.57,  25.02,  25.17,  25.43,  25.41,  25.49,  25.54,  24.06,  24.52,  24.69,  24.23,  24.67,  24.37,  24.84,  24.66,  24.88,  24.24,  23.98,  23.43,  23.70,  24.81,  25.52
19961206, 1200,  , HU, 15.3S,  55.8E, 120,    0,    0,    0,    0,    0,    0,    0,    0,    0,    0,    0,    0,    0, -999,  24.76,  25.13,  25.66,  25.43,  25.08,  24.80,  24.70,  24.58,  24.53,  24.49,  24.80,  24.83,  24.77,  24.63,  24.63,  24.91,  24.39,  24.48,  24.82,  24.50,  25.02,  25.61,  25.15,  25.02,  25.07,  25.10,  25.25,  25.37,  25.08,  25.63,  26.00
19961206, 1800,  , HU, 15.8S,  55.7E, 115,    0,    0,    0,    0,    0,    0,    0,    0,    0,    0,    0,    0,    0, -999,  24.46,  24.67,  24.68,  25.01,  25.18,  25.17,  25.34,  25.11,  24.89,  24.66,  24.61,  24.82,  24.49,  24.41,  24.44,  24.50,  24.25,  23.99,  24.57,  24.75,  24.38,  24.66,  24.40,  24.65,  24.28,  24.56,  25.19,  25.23,  25.45,  25.82,  26.39
19961207, 0000,  , HU, 16.4S,  55.6E, 105,    0,    0,    0,    0,    0,    0,    0,    0,    0,    0,    0,    0,    0, -999,  24.10,  24.41,  24.54,  24.63,  24.59,  24.68,  24.68,  24.61,  24.48,  24.38,  24.50,  24.31,  24.26,  24.43,  24.48,  24.35,  23.97,  24.17,  24.40,  24.93,  24.54,  24.24,  24.32,  24.22,  24.05,  24.74,  24.97,  25.25,  25.49,  25.46,  25.75
19961207, 0600,  , HU, 17.0S,  55.4E, 100,    0,    0,    0,    0,    0,    0,    0,    0,    0,    0,    0,    0,    0, -999,  24.18,  24.38,  24.33,  24.20,  24.26,  24.41,  24.39,  24.32,  24.23,  24.11,  24.20,  24.21,  24.13,  24.23,  24.17,  24.41,  23.97,  24.21,  24.36,  24.25,  24.37,  24.34,  24.40,  24.31,  24.49,  24.80,  24.66,  24.50,  24.88,  24.77,  25.08
19961207, 1200,  , HU, 17.7S,  55.2E,  95,    0,    0,    0,    0,    0,    0,    0,    0,    0,    0,    0,    0,    0, -999,  24.09,  24.21,  24.27,  24.19,  24.09,  24.05,  24.16,  24.26,  24.25,  24.24,  24.00,  24.05,  24.22,  24.32,  24.62,  25.08,  24.22,  24.65,  24.34,  24.28,  24.55,  24.56,  24.33,  24.14,  24.60,  24.75,  24.52,  24.71,  24.95,  25.09,  25.07
19961207, 1800,  , HU, 18.4S,  55.4E,  90,    0,    0,    0,    0,    0,    0,    0,    0,    0,    0,    0,    0,    0, -999,  24.12,  24.27,  24.31,  24.37,  24.36,  24.10,  24.07,  23.95,  23.95,  24.30,  24.11,  24.34,  24.36,  24.45,  24.73,  25.03,  24.26,  24.63,  24.36,  24.33,  24.35,  24.49,  24.19,  24.36,  24.45,  24.82,  24.51,  24.41,  24.59,  24.96,  25.09
19961208, 0000,  , HU, 19.0S,  55.8E,  90,    0,    0,    0,    0,    0,    0,    0,    0,    0,    0,    0,    0,    0, -999,  24.28,  24.22,  24.27,  24.48,  24.31,  24.12,  24.36,  24.40,  24.52,  24.32,  24.39,  24.36,  24.35,  24.51,  24.68,  24.52,  24.09,  24.20,  24.06,  24.14,  24.08,  24.18,  24.32,  24.44,  24.58,  24.57,  24.47,  24.68,  24.92,  24.78,  24.86
19961208, 0600,  , HU, 19.7S,  56.2E,  85,    0,    0,    0,    0,    0,    0,    0,    0,    0,    0,    0,    0,    0, -999,  24.44,  24.55,  24.51,  24.68,  24.47,  24.44,  24.62,  24.67,  24.98,  25.08,  24.81,  24.78,  24.84,  24.83,  25.46,  25.00,  24.03,  23.83,  24.01,  24.26,  24.10,  24.21,  24.39,  24.44,  24.27,  24.37,  24.42,  24.42,  24.65,  24.76,  24.96
19961208, 1200,  , HU, 20.3S,  56.7E,  80,    0,    0,    0,    0,    0,    0,    0,    0,    0,    0,    0,    0,    0, -999,  24.36,  24.53,  24.57,  24.64,  24.47,  24.40,  24.60,  24.67,  24.61,  24.69,  24.72,  24.80,  24.81,  24.87,  25.15,  24.88,  23.99,  23.78,  23.82,  23.77,  23.75,  23.80,  24.10,  24.12,  23.95,  24.09,  24.14,  24.40,  24.52,  24.37,  24.59
19961208, 1800,  , HU, 20.9S,  57.2E,  75,    0,    0,    0,    0,    0,    0,    0,    0,    0,    0,    0,    0,    0, -999,  24.27,  24.20,  24.02,  23.85,  23.73,  23.85,  23.94,  23.71,  23.66,  23.65,  23.74,  23.80,  23.74,  23.81,  23.83,  24.05,  24.17,  23.98,  24.04,  23.96,  24.28,  24.29,  24.21,  24.40,  24.40,  24.49,  24.53,  24.62,  24.62,  24.69,  24.88
19961209, 0000,  , HU, 21.6S,  57.6E,  70,    0,    0,    0,    0,    0,    0,    0,    0,    0,    0,    0,    0,    0, -999,  23.30,  23.14,  23.11,  23.13,  23.03,  23.17,  23.15,  23.11,  23.40,  23.78,  24.00,  23.85,  23.85,  23.78,  23.98,  24.43,  24.28,  24.34,  24.03,  23.94,  23.95,  23.87,  23.86,  23.70,  23.64,  23.58,  23.85,  23.93,  24.14,  24.48,  24.71
19961209, 0600,  , TS, 22.3S,  57.9E,  60,    0,    0,    0,    0,    0,    0,    0,    0,    0,    0,    0,    0,    0, -999,  23.35,  23.41,  23.44,  23.26,  23.03,  23.22,  23.28,  23.03,  23.60,  24.15,  24.29,  24.04,  24.26,  24.24,  24.70,  25.03,  24.13,  24.22,  23.81,  23.62,  23.11,  23.19,  23.85,  23.86,  23.60,  23.49,  23.68,  23.81,  24.13,  24.50,  24.48
19961209, 1200,  , TS, 22.9S,  58.2E,  50,    0,    0,    0,    0,    0,    0,    0,    0,    0,    0,    0,    0,    0, -999,  23.31,  23.23,  23.27,  23.42,  23.58,  23.56,  23.45,  23.48,  24.00,  24.20,  24.35,  23.89,  23.75,  23.70,  23.70,  24.21,  24.12,  24.22,  24.05,  23.87,  23.70,  23.52,  23.74,  23.69,  23.74,  23.83,  23.79,  23.72,  24.10,  24.10,  24.10
19961209, 1800,  , TS, 23.5S,  58.3E,  35,    0,    0,    0,    0,    0,    0,    0,    0,    0,    0,    0,    0,    0, -999,  23.73,  23.78,  23.66,  23.44,  23.41,  23.20,  23.19,  23.25,  23.44,  23.65,  23.85,  23.98,  24.03,  23.88,  24.36,  24.47,  24.29,  24.28,  24.07,  23.74,  23.95,  24.15,  24.25,  24.23,  24.07,  24.00,  23.81,  23.73,  23.89,  23.96,  24.03
19961210, 0000,  , LO, 24.1S,  58.3E,  30,    0,    0,    0,    0,    0,    0,    0,    0,    0,    0,    0,    0,    0, -999,  23.46,  23.25,  23.20,  23.30,  23.35,  23.23,  23.21,  23.45,  23.54,  23.57,  23.62,  23.60,  23.63,  24.32,  24.59,  24.42,  24.17,  24.13,  24.14,  24.12,  24.12,  24.10,  24.02,  23.89,  23.74,  23.56,  23.53,  23.67,  23.74,  23.89,  23.84
19961210, 0600,  , LO, 24.7S,  58.2E,  25,    0,    0,    0,    0,    0,    0,    0,    0,    0,    0,    0,    0,    0, -999,  23.06,  22.83,  23.20,  23.04,  22.94,  22.67,  22.46,  22.72,  22.85,  22.87,  23.19,  23.48,  23.25,  24.16,  24.41,  24.54,  23.77,  23.71,  23.63,  23.46,  23.34,  23.68,  23.41,  23.25,  23.21,  22.96,  22.91,  22.79,  22.80,  22.82,  22.93
