SH081997,            UNNAMED,     36,
19961201, 1200,  , LO,  6.5S,  68.9E,  20,    0,    0,    0,    0,    0,    0,    0,    0,    0,    0,    0,    0,    0, -999,  27.86,  28.23,  27.58,  27.70,  28.09,  27.91,  27.98,  28.54,  28.57,  28.60,  28.78,  29.16,  28.89,  28.66,  28.44,  28.45,  28.49,  28.70,  28.67,  28.38,  28.42,  28.42,  27.88,  27.55,  27.22,  27.57,  27.90,  28.26,  27.35,  28.30,  27.71
19961201, 1800,  , LO,  7.6S,  67.6E,  20,    0,    0,    0,    0,    0,    0,    0,    0,    0,    0,    0,    0,    0, -999,  26.91,  27.10,  26.36,  25.78,  27.05,  26.17,  25.69,  25.71,  26.33,  28.34,  28.78,  29.34,  28.89,  28.34,  28.48,  28.75,  28.99,  29.26,  29.07,  28.70,  28.46,  28.34,  27.87,  27.60,  27.76,  27.89,  28.06,  27.72,  28.35,  28.38,  28.30
19961202, 0000,  , LO,  8.5S,  66.1E,  25,    0,    0,    0,    0,    0,    0,    0,    0,    0,    0,    0,    0,    0, -999,  26.81,  25.25,  25.38,  24.46,  23.18,  23.79,  23.46,  24.17,  24.15,  25.64,  27.09,  26.01,  25.55,  23.77,  24.09,  25.94,  26.81,  27.18,  27.81,  27.70,  27.89,  27.91,  27.88,  28.21,  28.27,  28.40,  28.32,  28.40,  28.13,  27.97,  27.70
19961202, 0600,  , LO,  9.3S,  64.7E,  25,    0,    0,    0,    0,    0,    0,    0,    0,    0,    0,    0,    0,    0, -999,  26.98,  27.08,  26.97,  26.64,  25.88,  26.68,  26.41,  26.29,  25.73,  26.98,  25.98,  25.84,  26.55,  26.45,  27.09,  27.70,  28.33,  28.53,  28.76,  28.73,  28.57,  28.55,  28.54,  28.43,  27.33,  26.90,  27.24,  26.89,  27.56,  27.88,  27.36
19961202, 1200,  , LO,  9.7S,  63.5E,  25,    0,    0,    0,    0,    0,    0,    0,    0,    0,    0,    0,    0,    0, -999,  26.53,  26.74,  26.52,  26.13,  26.10,  27.09,  26.55,  26.99,  27.45,  27.84,  27.43,  27.46,  27.18,  26.62,  26.15,  27.48,  27.60,  27.73,  28.63,  28.68,  28.52,  28.11,  27.75,  27.54,  27.21,  27.02,  27.41,  28.23,  28.38,  28.38,  28.10
19961202, 1800,  , LO,  9.9S,  62.5E,  30,    0,    0,    0,    0,    0,    0,    0,    0,    0,    0,    0,    0,    0, -999,  26.87,  27.19,  26.99,  26.63,  26.70,  26.97,  26.07,  26.23,  26.64,  26.62,  26.29,  26.70,  27.20,  26.55,  26.83,  27.66,  28.16,  27.66,  28.43,  28.12,  27.88,  27.87,  27.98,  28.05,  27.95,  28.17,  28.13,  27.66,  27.37,  27.02,  27.13
19961203, 0000,  , LO, 10.4S,  61.8E,  30,    0,    0,    0,    0,    0,    0,    0,    0,    0,    0,    0,    0,    0, -999,  26.26,  26.14,  26.15,  26.22,  26.41,  25.96,  26.52,  26.71,  26.73,  26.98,  26.91,  27.13,  27.14,  27.26,  27.30,  27.63,  27.45,  27.39,  27.48,  27.72,  27.60,  27.18,  27.16,  26.86,  27.24,  27.41,  27.30,  27.38,  27.42,  27.45,  27.65
19961203, 0600,  , TS, 10.8S,  61.2E,  35,    0,    0,    0,    0,    0,    0,    0,    0,    0,    0,    0,    0,    0, -999,  26.66,  26.73,  26.57,  26.46,  26.52,  26.23,  26.80,  26.91,  26.93,  27.14,  26.95,  27.20,  27.13,  26.96,  27.33,  27.33,  27.60,  27.48,  27.56,  27.62,  27.73,  27.73,  27.57,  27.03,  27.65,  27.82,  27.54,  27.54,  27.33,  27.40,  27.42
19961203, 1200,  , TS, 11.4S,  60.8E,  35,    0,    0,    0,    0,    0,    0,    0,    0,    0,    0,    0,    0,    0, -999,  26.73,  26.61,  26.50,  26.31,  26.44,  26.38,  26.79,  26.80,  26.84,  27.16,  27.11,  27.28,  27.24,  27.12,  27.37,  27.44,  27.41,  27.14,  27.23,  27.34,  27.47,  27.60,  27.34,  26.95,  27.66,  27.88,  27.75,  27.63,  27.63,  27.44,  27.41
19961203, 1800,  , TS, 12.0S,  60.5E,  35,    0,    0,    0,    0,    0,    0,    0,    0,    0,    0,    0,    0,    0, -999,  26.57,  26.23,  26.38,  26.16,  26.38,  26.35,  26.40,  26.09,  26.27,  26.47,  26.40,  26.22,  26.17,  26.19,  26.29,  27.02,  27.26,  26.22,  26.71,  26.77,  26.62,  26.89,  26.77,  26.53,  27.02,  27.00,  27.11,  27.36,  27.53,  27.59,  27.53
19961204, 0000,  , TS, 12.4S,  60.1E,  50,    0,    0,    0,    0,    0,    0,    0,    0,    0,    0,    0,    0,    0, -999,  26.04,  26.10,  26.02,  26.24,  26.24,  26.32,  26.29,  26.16,  26.66,  26.64,  26.17,  26.26,  26.33,  26.47,  27.02,  27.22,  25.80,  26.48,  26.18,  26.58,  26.93,  27.02,  26.75,  27.25,  27.25,  27.11,  27.51,  27.38,  27.67,  27.86,  28.10
19961204, 0600,  , HU, 12.8S,  59.5E,  65,    0,    0,    0,    0,    0,    0,    0,    0,    0,    0,    0,    0,    0, -999,  25.80,  25.79,  25.91,  26.19,  26.14,  26.27,  26.23,  26.43,  26.10,  26.52,  26.45,  26.51,  26.48,  26.76,  27.08,  26.99,  26.15,  26.09,  25.89,  26.52,  27.10,  27.09,  26.86,  27.22,  27.37,  27.38,  27.71,  27.44,  27.46,  27.81,  28.14
19961204, 1200,  , HU, 13.1S,  58.9E,  70,    0,    0,    0,    0,    0,    0,    0,    0,    0,    0,    0,    0,    0, -999,  26.06,  25.77,  25.58,  25.90,  26.03,  25.99,  26.00,  25.94,  26.17,  26.38,  26.30,  26.10,  26.01,  26.62,  27.00,  26.93,  26.34,  25.96,  25.95,  26.46,  26.62,  26.57,  26.85,  27.05,  27.32,  27.36,  27.37,  27.07,  26.95,  27.23,  27.32
19961204, 1800,  , HU, 13.4S,  58.3E,  70,    0,    0,    0,    0,    0,    0,    0,    0,    0,    0,    0,    0,    0, -999,  26.21,  26.22,  26.00,  25.86,  25.97,  25.87,  25.92,  25.88,  25.96,  26.03,  26.07,  26.14,  26.58,  26.81,  27.19,  27.18,  26.86,  25.73,  25.66,  25.97,  26.00,  26.15,  26.47,  26.63,  27.04,  27.17,  27.61,  27.25,  27.00,  26.81,  26.75
19961205, 0000,  , HU, 13.6S,  57.6E,  80,    0,    0,    0,    0,    0,    0,    0,    0,    0,    0,    0,    0,    0, -999,  25.91,  26.07,  26.34,  26.32,  26.09,  26.12,  26.11,  26.02,  26.01,  25.98,  26.02,  25.97,  26.18,  26.96,  27.18,  26.79,  25.93,  25.75,  25.81,  25.91,  26.04,  26.37,  25.95,  25.77,  26.19,  26.90,  27.31,  27.69,  27.83,  27.82,  27.94
19961205, 0600,  , HU, 13.9S,  56.9E,  95,    0,    0,    0,    0,    0,    0,    0,    0,    0,    0,    0,    0,    0, -999,  25.83,  25.77,  26.06,  26.13,  26.01,  26.08,  25.95,  26.07,  26.14,  26.20,  26.20,  26.22,  26.41,  26.53,  26.74,  26.72,  25.70,  26.02,  25.57,  25.94,  26.14,  26.66,  26.91,  26.90,  26.81,  26.90,  26.71,  27.17,  27.31,  27.43,  27.77
19961205, 1200,  , HU, 14.1S,  56.5E, 110,    0,    0,    0,    0,    0,    0,    0,    0,    0,    0,    0,    0,    0, -999,  25.81,  25.74,  25.94,  26.01,  25.93,  26.06,  25.94,  26.03,  26.06,  26.16,  26.16,  26.36,  26.61,  26.82,  26.81,  26.57,  26.11,  25.78,  25.73,  26.04,  26.09,  26.52,  25.97,  25.91,  25.74,  26.03,  26.76,  27.39,  27.68,  27.64,  27.71
19961205, 1800,  , HU, 14.2S,  56.1E, 120,    0,    0,    0,    0,    0,    0,    0,    0,    0,    0,    0,    0,    0, -999,  25.44,  25.77,  25.99,  25.94,  25.82,  25.97,  25.87,  25.94,  26.04,  26.07,  26.08,  26.25,  26.32,  26.57,  26.70,  26.51,  26.08,  25.40,  25.25,  25.52,  25.50,  25.66,  26.02,  25.69,  25.71,  25.37,  25.79,  26.34,  26.46,  26.51,  27.16
19961206, 0000,  , HU, 14.4S,  55.8E, 120,    0,    0,    0,    0,    0,    0,    0,    0,    0,    0,    0,    0,    0, -999,  25.54,  25.76,  25.77,  25.78,  25.98,  26.01,  25.95,  25.97,  25.91,  26.04,  26.25,  26.24,  26.25,  26.55,  26.33,  25.67,  25.62,  24.55,  25.28,  24.64,  25.40,  25.57,  25.60,  25.50,  25.66,  25.82,  26.16,  26.17,  26.07,  26.67,  27.25
19961206, 0600,  , HU, 14.8S,  55.7E, 120,    0,    0,    0,    0,    0,    0,    0,    0,    0,    0,    0,    0,    0, -999,  25.42,  25.58,  25.46,  25.37,  25.35,  25.12,  25.14,  25.36,  25.18,  25.55,  25.96,  26.13,  26.37,  26.38,  26.21,  25.64,  25.24,  24.54,  24.91,  24.90,  25.39,  26.15,  25.79,  25.52,  25.81,  25.86,  26.21,  25.90,  25.82,  26.48,  27.37
19961206, 1200,  , HU, 15.3S,  55.8E, 120,    0,    0,    0,    0,    0,    0,    0,    0,    0,    0,    0,    0,    0, -999,  25.46,  25.64,  25.68,  25.66,  25.60,  25.65,  25.63,  25.52,  25.43,  25.47,  25.68,  25.80,  25.80,  25.60,  25.75,  25.55,  24.42,  24.48,  24.99,  24.91,  25.43,  26.22,  25.66,  25.42,  25.50,  26.01,  26.44,  26.31,  26.06,  26.65,  27.61
19961206, 1800,  , HU, 15.8S,  55.7E, 115,    0,    0,    0,    0,    0,    0,    0,    0,    0,    0,    0,    0,    0, -999,  25.24,  25.47,  25.63,  25.64,  25.56,  25.55,  25.59,  25.56,  25.49,  25.49,  25.49,  25.60,  25.41,  25.33,  25.56,  25.60,  24.40,  23.99,  24.75,  25.00,  24.93,  25.39,  25.21,  25.09,  25.06,  25.58,  26.20,  26.09,  25.58,  26.51,  27.42
19961207, 0000,  , HU, 16.4S,  55.6E, 105,    0,    0,    0,    0,    0,    0,    0,    0,    0,    0,    0,    0,    0, -999,  25.07,  25.58,  25.58,  25.42,  25.18,  25.18,  25.15,  25.12,  25.07,  25.08,  25.27,  25.22,  24.99,  25.63,  25.56,  24.45,  23.98,  24.33,  24.61,  25.27,  25.17,  24.73,  24.77,  25.07,  25.07,  26.23,  26.14,  26.43,  26.32,  26.21,  26.84
19961207, 0600,  , HU, 17.0S,  55.4E, 100,    0,    0,    0,    0,    0,    0,    0,    0,    0,    0,    0,    0,    0, -999,  24.94,  25.26,  25.25,  25.27,  25.17,  25.27,  25.45,  25.48,  25.50,  25.40,  25.39,  24.72,  24.88,  25.29,  25.54,  24.49,  23.98,  24.42,  24.66,  24.50,  24.91,  25.04,  24.96,  25.04,  25.39,  26.02,  26.10,  25.60,  26.41,  26.07,  26.32
19961207, 1200,  , HU, 17.7S,  55.2E,  95,    0,    0,    0,    0,    0,    0,    0,    0,    0,    0,    0,    0,    0, -999,  24.84,  25.13,  25.07,  25.05,  25.06,  25.10,  25.01,  25.09,  25.01,  25.33,  25.09,  25.04,  24.94,  25.14,  25.61,  25.68,  24.32,  24.75,  24.60,  24.54,  24.92,  25.23,  25.05,  24.50,  25.41,  25.96,  25.55,  26.28,  26.66,  26.60,  26.61
19961207, 1800,  , HU, 18.4S,  55.4E,  90,    0,    0,    0,    0,    0,    0,    0,    0,    0,    0,    0,    0,    0, -999,  24.96,  25.33,  25.39,  25.44,  25.46,  25.09,  24.84,  25.18,  25.10,  25.32,  25.23,  25.13,  25.13,  25.52,  25.90,  26.04,  24.40,  24.73,  24.68,  24.59,  24.69,  24.95,  24.42,  24.80,  24.72,  25.88,  25.59,  25.92,  26.39,  26.31,  26.33
19961208, 0000,  , HU, 19.0S,  55.8E,  90,    0,    0,    0,    0,    0,    0,    0,    0,    0,    0,    0,    0,    0, -999,  25.02,  24.92,  25.21,  25.47,  25.27,  24.87,  25.20,  25.26,  25.48,  25.54,  25.40,  25.43,  25.40,  25.84,  25.92,  24.73,  24.15,  24.54,  24.28,  24.38,  24.31,  24.41,  24.69,  24.90,  25.48,  25.69,  25.40,  25.50,  25.98,  25.90,  26.13
19961208, 0600,  , HU, 19.7S,  56.2E,  85,    0,    0,    0,    0,    0,    0,    0,    0,    0,    0,    0,    0,    0, -999,  24.97,  25.33,  25.38,  25.41,  25.30,  25.26,  25.65,  25.62,  25.94,  25.99,  25.88,  25.92,  26.12,  26.00,  25.91,  25.10,  24.05,  24.10,  24.23,  24.66,  24.48,  24.75,  24.85,  24.81,  24.78,  25.02,  25.51,  25.65,  26.22,  26.21,  26.37
19961208, 1200,  , HU, 20.3S,  56.7E,  80,    0,    0,    0,    0,    0,    0,    0,    0,    0,    0,    0,    0,    0, -999,  25.27,  25.71,  25.58,  25.72,  25.76,  25.50,  25.93,  25.75,  25.71,  25.60,  25.85,  25.99,  26.03,  26.06,  25.82,  25.59,  24.06,  24.12,  24.24,  24.26,  24.55,  24.85,  24.74,  24.47,  24.28,  24.52,  24.53,  25.27,  25.60,  25.56,  26.09
19961208, 1800,  , HU, 20.9S,  57.2E,  75,    0,    0,    0,    0,    0,    0,    0,    0,    0,    0,    0,    0,    0, -999,  25.38,  25.63,  25.34,  25.03,  24.97,  25.02,  25.31,  25.15,  25.04,  25.13,  25.30,  25.22,  25.18,  25.66,  25.51,  25.48,  24.29,  24.14,  24.28,  24.36,  25.04,  24.98,  24.93,  25.43,  25.23,  25.07,  25.15,  25.69,  25.78,  25.87,  26.43
19961209, 0000,  , HU, 21.6S,  57.6E,  70,    0,    0,    0,    0,    0,    0,    0,    0,    0,    0,    0,    0,    0, -999,  24.53,  24.28,  24.21,  24.37,  24.45,  24.91,  24.96,  24.93,  25.24,  25.50,  25.96,  25.62,  25.50,  25.62,  25.66,  24.59,  24.33,  24.59,  24.49,  24.64,  24.83,  24.75,  25.04,  24.90,  25.13,  25.10,  25.05,  25.15,  25.67,  26.09,  26.40
19961209, 0600,  , TS, 22.3S,  57.9E,  60,    0,    0,    0,    0,    0,    0,    0,    0,    0,    0,    0,    0,    0, -999,  24.82,  24.55,  24.64,  24.90,  24.64,  24.76,  24.91,  24.64,  24.97,  25.22,  25.54,  25.59,  25.94,  26.16,  25.79,  25.43,  24.68,  24.64,  24.77,  24.65,  24.45,  24.53,  24.78,  24.80,  24.60,  24.64,  24.87,  24.96,  25.54,  25.87,  26.21
19961209, 1200,  , TS, 22.9S,  58.2E,  50,    0,    0,    0,    0,    0,    0,    0,    0,    0,    0,    0,    0,    0, -999,  24.59,  24.38,  24.46,  24.71,  24.77,  24.71,  24.53,  24.72,  25.09,  25.38,  25.55,  25.22,  25.19,  25.17,  24.95,  24.43,  24.13,  24.28,  24.52,  24.65,  24.54,  24.56,  24.88,  25.03,  25.02,  24.84,  24.76,  24.84,  25.34,  25.50,  25.70
19961209, 1800,  , TS, 23.5S,  58.3E,  35,    0,    0,    0,    0,    0,    0,    0,    0,    0,    0,    0,    0,    0, -999,  24.90,  25.03,  24.62,  24.40,  24.58,  24.70,  24.50,  24.39,  24.91,  24.99,  25.20,  25.28,  24.98,  25.25,  25.18,  24.88,  24.61,  24.46,  24.35,  24.26,  24.22,  24.32,  24.60,  24.88,  24.87,  24.83,  24.70,  24.64,  24.91,  25.07,  25.27
19961210, 0000,  , LO, 24.1S,  58.3E,  30,    0,    0,    0,    0,    0,    0,    0,    0,    0,    0,    0,    0,    0, -999,  24.74,  24.20,  23.97,  24.14,  24.23,  24.29,  24.29,  24.93,  25.14,  25.10,  25.07,  24.84,  24.87,  24.88,  24.59,  24.43,  24.17,  24.14,  24.18,  24.23,  24.42,  24.57,  24.64,  24.75,  24.89,  24.86,  24.87,  25.06,  25.27,  25.60,  25.75
19961210, 0600,  , LO, 24.7S,  58.2E,  25,    0,    0,    0,    0,    0,    0,    0,    0,    0,    0,    0,    0,    0, -999,  24.30,  24.10,  24.23,  24.54,  24.53,  24.26,  24.16,  24.36,  24.28,  24.67,  25.01,  24.65,  24.69,  24.73,  24.72,  24.54,  24.41,  24.37,  24.36,  24.39,  24.66,  24.82,  24.75,  24.91,  25.27,  25.29,  25.12,  25.30,  25.73,  26.08,  26.16
