SH092022,               NINE,     22,
20220129, 1800,  , DB, 14.2S, 147.3E,  20, 1007,    0,    0,    0,    0,    0,    0,    0,    0,    0,    0,    0,    0, -999,  24.77,  24.66,  24.54,  24.22,  24.31,  24.19,  24.13,  24.60,  24.42,  24.47,  24.48,  24.78,  25.05,  24.87,  25.26,  24.85,  24.87,  24.67,  25.08,  25.13,  25.56,  25.14,  25.02,  25.07,  25.23,  25.09,  25.10,  24.98,  25.05,  25.22,  25.23
20220130, 0000,  , TD, 13.8S, 147.9E,  25, 1004,    0,    0,    0,    0,    0,    0,    0,    0,    0,    0,    0,    0, -999,  24.21,  24.04,  24.32,  24.45,  24.44,  24.85,  25.17,  24.98,  24.84,  24.82,  24.91,  24.99,  25.25,  25.33,  25.27,  25.28,  25.10,  25.26,  25.20,  25.59,  25.03,  24.86,  24.75,  25.00,  25.05,  25.08,  25.19,  25.04,  25.07,  25.14,  25.08
20220130, 0600,  , TD, 13.5S, 148.5E,  25, 1004,    0,    0,    0,    0,    0,    0,    0,    0,    0,    0,    0,    0, -999,  24.82,  24.95,  24.66,  24.74,  24.45,  24.80,  24.90,  24.73,  25.00,  24.91,  25.18,  25.19,  25.45,  25.58,  25.32,  25.33,  25.04,  25.29,  25.06,  25.53,  25.21,  25.26,  24.63,  24.92,  24.97,  24.89,  24.89,  24.70,  24.51,  24.60,  24.31
20220130, 1200,  , TD, 13.9S, 149.3E,  30, 1002,    0,    0,    0,    0,    0,    0,    0,    0,    0,    0,    0,    0, -999,  24.95,  25.30,  25.05,  24.98,  25.15,  24.91,  25.09,  25.06,  25.31,  25.35,  25.43,  25.48,  25.36,  25.34,  25.22,  25.17,  24.80,  25.12,  24.86,  25.18,  25.01,  24.94,  24.59,  24.79,  24.59,  24.75,  24.32,  24.09,  24.27,  24.17,  24.46
20220130, 1800,  , TS, 14.2S, 149.9E,  35,  999,    0,    0,    0,   50,    0,    0,    0,    0,    0,    0,    0,    0, -999,  25.56,  25.17,  25.47,  25.31,  25.71,  25.35,  25.66,  25.50,  25.40,  25.47,  25.59,  25.46,  25.03,  24.96,  24.93,  24.88,  24.65,  24.67,  24.80,  24.55,  24.61,  24.50,  24.13,  24.55,  24.23,  24.54,  24.18,  24.11,  24.39,  24.44,  24.57
20220131, 0000,  , TS, 14.1S, 150.1E,  35,  999,    0,    0,    0,   80,    0,    0,    0,    0,    0,    0,    0,    0, -999,  25.39,  25.60,  25.37,  25.65,  25.17,  25.74,  25.73,  25.32,  25.18,  25.36,  25.24,  24.90,  24.81,  24.83,  24.86,  24.50,  24.75,  24.48,  24.29,  24.57,  24.50,  24.20,  24.43,  24.18,  24.38,  24.23,  24.22,  24.43,  24.43,  24.39,  24.16
20220131, 0600,  , TS, 14.2S, 150.8E,  45,  994,   40,    0,    0,   65,    0,    0,    0,    0,    0,    0,    0,    0, -999,  25.17,  25.20,  25.26,  25.38,  24.90,  25.26,  25.09,  25.12,  25.20,  25.15,  25.13,  24.76,  24.69,  24.62,  24.93,  24.30,  24.47,  24.68,  24.42,  24.37,  24.55,  24.54,  24.74,  24.42,  24.63,  24.32,  24.46,  24.56,  24.76,  24.13,  24.64
20220131, 1200,  , TS, 14.8S, 151.6E,  40,  999,   60,    0,    0,   60,    0,    0,    0,    0,    0,    0,    0,    0, -999,  25.17,  25.41,  25.10,  25.52,  25.06,  25.08,  25.54,  25.24,  25.29,  25.27,  25.28,  25.23,  25.33,  25.44,  25.51,  25.25,  25.27,  25.26,  25.20,  25.12,  25.13,  25.13,  25.21,  25.02,  24.91,  24.76,  24.75,  24.81,  24.63,  24.66,  24.39
20220131, 1800,  , TS, 14.9S, 152.2E,  40,  999,   50,    0,    0,   55,    0,    0,    0,    0,    0,    0,    0,    0, -999,  25.11,  25.32,  25.33,  25.32,  25.42,  25.40,  25.45,  25.39,  25.48,  25.55,  25.50,  25.71,  25.85,  25.80,  25.81,  25.47,  25.18,  25.15,  25.15,  25.17,  25.11,  25.14,  25.24,  25.02,  24.91,  24.80,  24.70,  24.73,  24.55,  24.51,  24.41
20220201, 0000,  , TS, 14.9S, 152.5E,  35, 1000,   55,    0,    0,   65,    0,    0,    0,    0,    0,    0,    0,    0, -999,  25.35,  25.33,  25.26,  25.22,  25.40,  25.51,  25.50,  25.50,  25.62,  25.68,  25.79,  25.86,  25.85,  25.80,  25.46,  25.15,  25.14,  25.13,  25.25,  25.11,  25.15,  25.21,  25.03,  24.93,  24.80,  24.72,  24.69,  24.54,  24.50,  24.41,  24.38
20220201, 0600,  , TS, 14.9S, 152.8E,  35, 1000,   55,    0,    0,   65,    0,    0,    0,    0,    0,    0,    0,    0, -999,  25.45,  25.37,  25.50,  25.42,  25.52,  25.71,  25.58,  25.60,  25.78,  25.61,  25.73,  25.95,  25.96,  25.74,  25.61,  25.14,  25.20,  25.11,  25.29,  25.11,  25.16,  25.18,  25.00,  24.92,  24.88,  24.82,  24.77,  24.68,  24.68,  24.52,  24.63
20220201, 1200,  , TD, 15.0S, 153.2E,  30, 1002,    0,    0,    0,    0,    0,    0,    0,    0,    0,    0,    0,    0, -999,  25.42,  25.29,  25.27,  25.32,  25.62,  25.62,  25.42,  25.50,  25.59,  25.50,  25.76,  25.99,  25.52,  25.48,  25.47,  25.30,  25.16,  25.03,  25.18,  25.06,  25.06,  25.06,  24.88,  24.90,  25.00,  24.97,  24.87,  24.66,  24.96,  24.60,  24.85
20220201, 1800,  , TD, 15.0S, 153.6E,  30, 1001,    0,    0,    0,    0,    0,    0,    0,    0,    0,    0,    0,    0, -999,  25.86,  25.11,  25.34,  25.45,  25.29,  25.49,  25.35,  25.43,  25.45,  25.38,  25.68,  25.72,  25.25,  25.21,  25.11,  25.13,  25.11,  24.97,  25.09,  24.97,  25.06,  24.74,  24.84,  24.75,  24.87,  24.81,  24.87,  24.93,  25.13,  24.95,  25.11
20220202, 0000,  , TD, 15.0S, 154.0E,  30,  999,    0,    0,    0,    0,    0,    0,    0,    0,    0,    0,    0,    0, -999,  25.32,  25.20,  25.35,  25.27,  25.37,  25.31,  25.44,  25.32,  25.33,  25.44,  25.37,  25.25,  25.18,  25.13,  25.14,  25.11,  25.02,  25.11,  24.88,  24.96,  24.55,  24.67,  24.44,  24.53,  24.47,  24.49,  24.95,  24.90,  24.83,  24.94,  25.09
20220202, 0600,  , TD, 15.0S, 154.8E,  30,  997,    0,    0,    0,    0,    0,    0,    0,    0,    0,    0,    0,    0, -999,  25.73,  25.81,  25.49,  25.47,  25.53,  25.35,  25.63,  25.16,  25.28,  25.27,  25.36,  25.32,  25.15,  25.12,  25.20,  25.08,  24.91,  24.59,  24.03,  24.01,  23.94,  24.38,  24.21,  24.13,  24.18,  24.03,  24.31,  24.17,  24.07,  24.27,  24.23
20220202, 1200,  , TD, 15.5S, 156.1E,  25, 1000,    0,    0,    0,    0,    0,    0,    0,    0,    0,    0,    0,    0, -999,  25.88,  25.62,  25.44,  25.35,  25.46,  25.51,  25.41,  25.26,  25.41,  25.33,  25.38,  25.35,  25.10,  24.99,  25.01,  24.95,  24.72,  24.33,  24.38,  24.40,  23.98,  24.25,  24.22,  24.40,  24.50,  24.39,  24.26,  24.09,  24.07,  24.20,  24.23
20220202, 1800,  , DB, 16.1S, 157.2E,  20, 1000,    0,    0,    0,    0,    0,    0,    0,    0,    0,    0,    0,    0, -999,  24.04,  24.16,  24.22,  23.99,  24.18,  23.95,  23.83,  23.77,  23.70,  23.73,  23.79,  23.95,  24.00,  23.92,  23.90,  23.86,  23.87,  23.82,  23.82,  23.81,  23.85,  24.09,  24.02,  23.99,  24.17,  24.14,  23.96,  24.08,  23.89,  23.92,  24.18
20220203, 0000,  , DB, 16.7S, 158.2E,  20, 1002,    0,    0,    0,    0,    0,    0,    0,    0,    0,    0,    0,    0, -999,  24.25,  24.09,  23.93,  24.03,  23.86,  24.02,  23.99,  24.00,  24.05,  23.91,  23.91,  23.74,  23.72,  23.83,  23.85,  23.80,  23.67,  23.68,  23.72,  23.67,  23.84,  23.81,  23.80,  24.01,  24.13,  24.14,  24.45,  24.37,  24.43,  24.55,  24.58
20220203, 0600,  , DB, 17.2S, 159.0E,  20, 1002,    0,    0,    0,    0,    0,    0,    0,    0,    0,    0,    0,    0, -999,  24.49,  24.42,  24.12,  24.22,  24.13,  24.13,  24.30,  24.55,  24.52,  24.75,  24.72,  24.51,  24.53,  24.63,  24.69,  24.80,  24.52,  24.76,  24.63,  24.44,  24.60,  24.58,  24.67,  24.69,  24.55,  24.71,  24.70,  24.75,  24.86,  24.74,  24.80
20220203, 1200,  , DB, 17.6S, 160.0E,  20, 1001,    0,    0,    0,    0,    0,    0,    0,    0,    0,    0,    0,    0, -999,  24.33,  24.36,  24.27,  24.11,  24.19,  24.02,  24.10,  24.19,  24.30,  24.41,  24.33,  24.27,  24.31,  24.25,  24.45,  24.32,  24.14,  24.30,  24.13,  23.92,  24.11,  24.08,  23.97,  24.02,  23.96,  23.83,  23.83,  23.92,  23.86,  23.85,  23.90
20220203, 1800,  , DB, 18.2S, 161.4E,  20, 1000,    0,    0,    0,    0,    0,    0,    0,    0,    0,    0,    0,    0, -999,  24.18,  23.94,  23.77,  23.83,  23.89,  23.77,  23.78,  23.72,  23.75,  23.68,  23.74,  23.74,  23.75,  23.64,  23.74,  23.68,  23.59,  23.66,  23.61,  23.66,  23.74,  23.76,  23.68,  23.60,  23.51,  23.47,  23.35,  23.32,  23.42,  23.44,  23.66
20220204, 0000,  , TD, 19.4S, 162.8E,  30,  999,    0,    0,    0,    0,    0,    0,    0,    0,    0,    0,    0,    0, -999,  22.89,  22.93,  23.01,  23.21,  23.21,  23.09,  23.31,  23.27,  23.21,  23.41,  23.55,  23.50,  23.43,  23.41,  23.43,  23.27,  23.20,  23.27,  23.37,  23.15,  22.99,  23.16,  23.06,  22.79,  22.67,  22.48,  22.81,  22.67,  22.71,  22.88,  22.65
