SH091995,            UNNAMED,     32,
19950119, 1200,  , LO, 20.0S,  38.0E,  15,    0,    0,    0,    0,    0,    0,    0,    0,    0,    0,    0,    0,    0, -999,  28.71,  28.71,  28.89,  28.46,  28.27,  28.02,  28.42,  28.80,  28.83,  28.84,  28.71,  28.79,  28.83,  28.98,  29.05,  29.01,  28.88,  28.69,  28.60,  28.49,  28.46,  28.32,  28.39,  28.57,  28.54,  28.38,  28.49,  28.50,  28.49,  28.75,  28.60
19950119, 1800,  , LO, 19.5S,  38.0E,  15,    0,    0,    0,    0,    0,    0,    0,    0,    0,    0,    0,    0,    0, -999,  28.88,  28.88,  28.88,  28.48,  28.43,  28.30,  28.82,  28.80,  28.83,  28.84,  28.81,  28.85,  29.06,  28.82,  28.79,  28.90,  28.80,  28.72,  28.45,  28.54,  28.45,  28.42,  28.55,  28.48,  28.43,  28.34,  28.26,  28.50,  28.56,  28.79,  28.67
19950120, 0000,  , LO, 19.0S,  38.0E,  15,    0,    0,    0,    0,    0,    0,    0,    0,    0,    0,    0,    0,    0, -999,  28.80,  28.82,  28.38,  28.50,  28.45,  28.83,  28.87,  28.81,  28.87,  28.89,  28.82,  29.07,  28.70,  28.57,  28.36,  28.74,  28.11,  28.04,  28.07,  28.44,  28.53,  28.52,  28.29,  28.03,  28.28,  28.25,  28.61,  28.49,  28.69,  28.67,  28.47
19950120, 0600,  , LO, 18.5S,  38.0E,  15,    0,    0,    0,    0,    0,    0,    0,    0,    0,    0,    0,    0,    0, -999,  28.81,  28.37,  28.35,  28.44,  28.37,  28.83,  28.75,  28.84,  28.80,  28.84,  28.40,  28.44,  28.08,  27.97,  27.76,  27.33,  27.24,  27.59,  27.18,  27.11,  27.54,  27.87,  28.31,  28.65,  28.64,  28.18,  28.14,  28.40,  28.19,  28.21,  28.44
19950120, 1200,  , LO, 18.0S,  38.0E,  15,    0,    0,    0,    0,    0,    0,    0,    0,    0,    0,    0,    0,    0, -999,  28.07,  28.24,  28.45,  28.18,  27.94,  28.31,  28.63,  28.23,  28.08,  28.54,  28.07,  27.89,  27.71,  27.54,  27.32,  27.34,  27.03,  27.14,  27.09,  27.08,  27.22,  26.96,  26.86,  26.87,  27.09,  27.00,  27.07,  27.17,  27.78,  28.75,  28.74
19950120, 1800,  , LO, 17.6S,  38.1E,  15,    0,    0,    0,    0,    0,    0,    0,    0,    0,    0,    0,    0,    0, -999,  26.45,  26.75,  27.04,  27.23,  27.30,  27.68,  27.88,  27.78,  27.69,  27.70,  27.30,  27.27,  27.06,  26.91,  26.50,  26.32,  26.41,  27.02,  27.16,  27.19,  27.38,  27.43,  27.30,  27.50,  27.57,  27.71,  27.57,  27.52,  27.44,  27.60,  27.31
19950121, 0000,  , LO, 17.2S,  38.3E,  15,    0,    0,    0,    0,    0,    0,    0,    0,    0,    0,    0,    0,    0, -999,    nan,    nan,    nan,    nan,    nan,    nan,    nan,    nan,    nan,    nan,    nan,    nan,    nan,    nan,    nan,    nan,    nan,    nan,    nan,    nan,    nan,    nan,    nan,    nan,    nan,    nan,    nan,    nan,    nan,    nan,    nan
19950121, 0600,  , LO, 16.9S,  38.6E,  15,    0,    0,    0,    0,    0,    0,    0,    0,    0,    0,    0,    0,    0, -999,    nan,    nan,    nan,    nan,    nan,    nan,    nan,    nan,    nan,    nan,    nan,    nan,    nan,    nan,    nan,    nan,    nan,    nan,    nan,    nan,    nan,    nan,    nan,    nan,    nan,    nan,    nan,    nan,    nan,    nan,    nan
19950121, 1200,  , LO, 16.9S,  39.0E,  15,    0,    0,    0,    0,    0,    0,    0,    0,    0,    0,    0,    0,    0, -999,    nan,    nan,    nan,    nan,    nan,    nan,    nan,    nan,    nan,    nan,    nan,    nan,    nan,    nan,    nan,    nan,    nan,    nan,    nan,    nan,    nan,    nan,    nan,    nan,    nan,    nan,    nan,    nan,    nan,    nan,    nan
19950121, 1800,  , LO, 16.9S,  39.4E,  15,    0,    0,    0,    0,    0,    0,    0,    0,    0,    0,    0,    0,    0, -999,  28.01,  28.19,  27.87,  27.72,  27.91,  28.05,  27.94,  27.24,  27.11,  26.88,  26.87,  26.33,  26.24,  25.87,  25.56,  25.19,  25.00,  26.76,  27.30,  27.60,  27.78,  27.30,  27.76,  27.53,  27.43,  27.60,  27.22,  27.45,  27.83,  27.49,  27.74
19950122, 0000,  , LO, 17.2S,  39.8E,  20,    0,    0,    0,    0,    0,    0,    0,    0,    0,    0,    0,    0,    0, -999,  28.52,  28.07,  27.70,  27.33,  27.48,  27.48,  27.05,  26.94,  27.26,  27.41,  27.15,  27.32,  27.27,  27.10,  27.16,  27.11,  27.23,  27.20,  27.36,  26.79,  26.79,  27.58,  27.97,  27.84,  27.60,  27.67,  28.06,  28.51,  28.43,  28.21,  27.98
19950122, 0600,  , LO, 17.7S,  40.0E,  20,    0,    0,    0,    0,    0,    0,    0,    0,    0,    0,    0,    0,    0, -999,  28.48,  28.25,  28.62,  28.30,  27.34,  27.61,  28.19,  28.26,  28.10,  27.30,  26.07,  25.77,  26.01,  26.17,  25.65,  25.40,  23.95,  23.66,  23.72,  23.93,  25.03,  25.89,  26.27,  26.54,  26.72,  26.64,  26.99,  27.67,  27.96,  28.12,  27.88
19950122, 1200,  , LO, 18.2S,  40.2E,  20,    0,    0,    0,    0,    0,    0,    0,    0,    0,    0,    0,    0,    0, -999,  29.48,  29.30,  29.06,  27.95,  27.59,  28.51,  28.48,  28.64,  27.45,  26.48,  25.38,  25.12,  25.38,  25.95,  25.34,  25.61,  24.90,  25.21,  26.14,  26.08,  26.01,  26.52,  26.45,  26.32,  26.51,  26.44,  26.65,  26.88,  26.81,  26.76,  26.60
19950122, 1800,  , LO, 18.7S,  40.4E,  20,    0,    0,    0,    0,    0,    0,    0,    0,    0,    0,    0,    0,    0, -999,  29.69,  29.35,  29.18,  28.95,  28.70,  28.61,  28.70,  28.78,  28.45,  28.52,  27.84,  28.18,  28.40,  28.60,  28.30,  28.02,  27.97,  28.30,  28.39,  28.53,  28.53,  28.05,  27.68,  27.44,  27.07,  27.55,  27.95,  27.93,  28.02,  27.60,  27.46
19950123, 0000,  , LO, 19.1S,  40.6E,  25,    0,    0,    0,    0,    0,    0,    0,    0,    0,    0,    0,    0,    0, -999,  29.07,  28.97,  29.04,  28.81,  28.81,  28.88,  28.90,  28.64,  28.82,  28.59,  28.72,  28.80,  28.89,  28.34,  28.28,  28.65,  27.77,  28.42,  28.55,  28.49,  27.89,  27.48,  27.54,  27.45,  28.13,  28.35,  28.13,  28.00,  27.77,  27.45,  27.11
19950123, 0600,  , LO, 19.6S,  40.7E,  25,    0,    0,    0,    0,    0,    0,    0,    0,    0,    0,    0,    0,    0, -999,  28.98,  29.01,  28.85,  28.98,  29.07,  28.96,  28.77,  28.66,  28.89,  28.25,  28.21,  28.87,  28.93,  28.55,  28.69,  28.11,  28.34,  28.55,  28.51,  28.53,  28.07,  27.83,  27.81,  27.86,  27.89,  28.18,  28.14,  27.91,  27.95,  27.86,  27.84
19950123, 1200,  , LO, 20.1S,  40.8E,  30,    0,    0,    0,    0,    0,    0,    0,    0,    0,    0,    0,    0,    0, -999,  28.93,  29.04,  29.01,  28.86,  28.81,  28.88,  28.83,  28.36,  28.26,  28.81,  28.54,  28.59,  28.73,  28.53,  28.71,  28.53,  28.04,  27.65,  27.80,  27.67,  27.45,  27.99,  27.81,  27.66,  27.71,  28.08,  28.22,  28.17,  28.21,  28.20,  28.04
19950123, 1800,  , TS, 20.7S,  40.9E,  35,    0,    0,    0,    0,    0,    0,    0,    0,    0,    0,    0,    0,    0, -999,  28.84,  28.91,  28.92,  28.59,  28.91,  28.62,  27.68,  28.55,  28.79,  28.60,  28.07,  28.08,  28.30,  27.98,  27.86,  27.72,  27.43,  27.36,  28.03,  28.44,  28.67,  28.70,  28.62,  28.59,  28.60,  28.56,  28.71,  28.56,  28.45,  28.25,  28.19
19950124, 0000,  , TS, 21.4S,  40.9E,  40,    0,    0,    0,    0,    0,    0,    0,    0,    0,    0,    0,    0,    0, -999,  28.05,  28.93,  28.62,  27.71,  27.63,  27.71,  28.92,  28.09,  27.55,  27.50,  27.49,  27.65,  27.50,  27.84,  28.66,  28.73,  28.65,  28.57,  28.68,  28.84,  28.69,  28.61,  28.51,  28.70,  28.70,  28.33,  28.22,  28.13,  28.06,  28.13,  28.45
19950124, 0600,  , TS, 22.2S,  40.9E,  45,    0,    0,    0,    0,    0,    0,    0,    0,    0,    0,    0,    0,    0, -999,  29.03,  28.93,  28.91,  28.95,  28.76,  28.21,  28.23,  28.42,  28.48,  28.37,  28.16,  28.29,  28.56,  28.79,  28.85,  28.75,  28.35,  27.53,  27.69,  27.73,  27.55,  27.59,  27.75,  27.67,  27.89,  28.08,  28.15,  28.18,  27.99,  28.02,  28.51
19950124, 1200,  , TS, 23.0S,  41.0E,  45,    0,    0,    0,    0,    0,    0,    0,    0,    0,    0,    0,    0,    0, -999,  28.34,  27.79,  27.66,  27.67,  27.66,  27.65,  28.19,  27.61,  28.41,  27.74,  27.72,  28.01,  28.38,  28.52,  28.61,  28.36,  27.88,  27.12,  27.25,  27.25,  27.17,  26.77,  26.88,  27.70,  28.45,  28.44,  27.89,  27.87,  27.73,  28.11,  28.33
19950124, 1800,  , TS, 23.9S,  41.0E,  45,    0,    0,    0,    0,    0,    0,    0,    0,    0,    0,    0,    0,    0, -999,  28.44,  27.98,  27.74,  27.75,  27.59,  27.68,  27.71,  27.82,  27.74,  27.97,  27.87,  28.03,  28.13,  28.00,  27.72,  27.76,  27.53,  27.35,  27.37,  27.41,  27.45,  27.25,  27.12,  27.23,  27.44,  27.51,  27.65,  27.34,  27.10,  27.52,  27.71
19950125, 0000,  , TS, 24.8S,  41.1E,  45,    0,    0,    0,    0,    0,    0,    0,    0,    0,    0,    0,    0,    0, -999,  28.43,  28.55,  28.31,  27.87,  27.72,  27.55,  27.49,  27.77,  27.65,  27.62,  27.88,  28.13,  27.87,  27.67,  27.80,  27.26,  27.17,  27.02,  27.12,  27.29,  27.20,  27.18,  27.27,  27.77,  27.64,  27.86,  27.74,  27.56,  27.49,  27.56,  27.65
19950125, 0600,  , TS, 25.8S,  41.3E,  45,    0,    0,    0,    0,    0,    0,    0,    0,    0,    0,    0,    0,    0, -999,  26.37,  26.35,  26.23,  26.41,  26.55,  26.90,  27.69,  27.75,  27.54,  27.54,  27.71,  27.73,  27.59,  27.27,  27.29,  27.11,  26.45,  26.49,  26.79,  27.23,  27.43,  27.46,  27.47,  27.64,  27.56,  27.61,  27.61,  27.62,  27.68,  27.71,  27.77
19950125, 1200,  , TS, 27.0S,  41.3E,  45,    0,    0,    0,    0,    0,    0,    0,    0,    0,    0,    0,    0,    0, -999,  26.25,  26.42,  26.46,  26.35,  26.61,  26.79,  26.79,  26.56,  26.18,  25.94,  25.83,  25.69,  26.25,  26.17,  26.38,  26.25,  25.78,  25.71,  25.28,  24.93,  25.11,  25.23,  25.36,  25.61,  25.74,  25.96,  26.45,  26.67,  26.72,  26.44,  26.26
19950125, 1800,  , TS, 28.2S,  41.3E,  45,    0,    0,    0,    0,    0,    0,    0,    0,    0,    0,    0,    0,    0, -999,  25.90,  25.69,  25.51,  25.55,  25.41,  24.93,  24.94,  25.18,  25.11,  24.90,  24.71,  24.67,  24.86,  24.93,  25.10,  25.18,  24.94,  24.27,  24.48,  24.65,  24.69,  24.85,  25.00,  24.87,  25.03,  24.81,  24.58,  24.56,  25.18,  25.05,  25.53
19950126, 0000,  , TS, 29.5S,  41.3E,  45,    0,    0,    0,    0,    0,    0,    0,    0,    0,    0,    0,    0,    0, -999,  24.38,  24.35,  24.23,  24.12,  24.11,  23.91,  23.69,  23.66,  23.58,  23.53,  23.60,  24.04,  24.49,  24.64,  25.06,  24.69,  23.81,  24.26,  24.39,  24.62,  24.69,  24.75,  24.80,  25.08,  25.30,  25.48,  25.69,  25.54,  26.06,  26.26,  26.32
19950126, 0600,  , TS, 30.7S,  41.5E,  40,    0,    0,    0,    0,    0,    0,    0,    0,    0,    0,    0,    0,    0, -999,  23.88,  23.93,  23.97,  23.78,  23.63,  23.86,  23.98,  23.86,  23.92,  23.82,  24.02,  24.05,  23.87,  23.43,  23.74,  23.56,  22.95,  23.28,  23.47,  23.35,  23.43,  23.58,  23.86,  24.07,  24.24,  24.15,  24.15,  24.25,  24.22,  24.72,  24.54
19950126, 1200,  , TS, 31.8S,  42.1E,  35,    0,    0,    0,    0,    0,    0,    0,    0,    0,    0,    0,    0,    0, -999,  22.95,  22.54,  22.06,  21.78,  22.45,  22.68,  22.66,  22.64,  22.16,  22.72,  22.48,  22.95,  23.26,  23.50,  23.60,  23.51,  23.08,  23.20,  23.32,  23.00,  23.27,  23.45,  23.77,  23.81,  23.82,  23.90,  23.92,  23.88,  23.95,  24.23,  24.17
19950126, 1800,  , LO, 32.5S,  43.2E,  30,    0,    0,    0,    0,    0,    0,    0,    0,    0,    0,    0,    0,    0, -999,  21.02,  20.91,  20.87,  20.96,  21.15,  21.66,  21.85,  22.00,  22.41,  22.66,  22.70,  22.86,  22.59,  22.63,  23.00,  23.59,  23.56,  23.12,  22.97,  22.69,  23.08,  23.26,  23.49,  23.64,  23.39,  23.50,  23.45,  23.23,  23.49,  23.76,  23.81
19950127, 0000,  , LO, 32.8S,  44.4E,  30,    0,    0,    0,    0,    0,    0,    0,    0,    0,    0,    0,    0,    0, -999,  20.51,  20.43,  20.49,  20.65,  21.12,  21.34,  21.34,  21.74,  21.87,  21.95,  21.94,  22.20,  21.94,  22.03,  22.26,  21.87,  21.75,  21.67,  21.52,  21.93,  21.74,  22.25,  22.27,  22.48,  22.45,  22.62,  22.57,  22.79,  23.13,  23.01,  22.75
19950127, 0600,  , LO, 33.0S,  45.6E,  25,    0,    0,    0,    0,    0,    0,    0,    0,    0,    0,    0,    0,    0, -999,  23.00,  22.95,  22.63,  22.46,  22.48,  22.59,  22.47,  22.27,  22.52,  22.36,  22.39,  22.39,  22.29,  22.14,  22.21,  21.82,  21.46,  21.16,  21.20,  21.57,  21.73,  21.91,  21.93,  21.68,  21.58,  21.52,  21.38,  21.73,  22.16,  22.45,  22.37
