SH102022,              CLIFF,     21,
20220202, 1800,  , DB, 16.0S,  82.4E,  20, 1007,    0,    0,    0,    0,    0,    0,    0,    0,    0,    0,    0,    0, -999,  26.00,  25.65,  25.55,  25.47,  25.91,  26.14,  26.71,  26.93,  26.91,  27.15,  27.34,  27.37,  27.32,  27.61,  27.52,  27.54,  27.69,  27.02,  27.29,  26.59,  26.69,  26.47,  26.30,  26.06,  25.96,  26.33,  26.23,  26.26,  26.03,  26.18,  26.21
20220203, 0000,  , TD, 15.9S,  82.9E,  25, 1002,    0,    0,    0,    0,    0,    0,    0,    0,    0,    0,    0,    0, -999,  26.33,  26.35,  26.32,  26.58,  26.70,  27.27,  27.16,  27.21,  26.94,  27.03,  26.64,  26.75,  26.82,  26.66,  26.76,  26.86,  26.41,  26.68,  26.23,  26.59,  26.30,  26.62,  26.28,  26.19,  26.06,  26.44,  26.38,  26.18,  26.00,  26.35,  26.11
20220203, 0600,  , TD, 16.0S,  83.3E,  30,  999,    0,    0,    0,    0,    0,    0,    0,    0,    0,    0,    0,    0, -999,  26.23,  26.05,  25.78,  26.23,  26.30,  26.49,  26.65,  26.62,  26.32,  26.23,  26.12,  26.26,  26.67,  26.65,  26.09,  26.19,  25.97,  25.79,  25.63,  25.88,  26.11,  26.32,  26.25,  26.17,  26.39,  26.26,  26.12,  26.16,  25.83,  25.52,  25.81
20220203, 1200,  , TD, 16.2S,  83.6E,  30,  999,    0,    0,    0,    0,    0,    0,    0,    0,    0,    0,    0,    0, -999,  26.20,  26.10,  25.82,  26.17,  26.30,  26.34,  26.39,  26.18,  26.27,  26.20,  26.15,  25.97,  25.99,  26.28,  26.00,  26.23,  25.65,  25.61,  25.70,  25.52,  25.57,  25.58,  25.46,  25.41,  25.44,  25.57,  25.37,  25.46,  25.29,  24.93,  25.33
20220203, 1800,  , TD, 16.6S,  83.8E,  30,  999,    0,    0,    0,    0,    0,    0,    0,    0,    0,    0,    0,    0, -999,  25.89,  25.63,  25.31,  25.38,  25.74,  26.03,  26.22,  26.05,  26.05,  25.94,  25.97,  25.72,  25.41,  25.36,  25.55,  25.61,  25.10,  25.03,  25.49,  25.38,  25.07,  25.19,  24.94,  25.12,  25.00,  25.14,  25.34,  25.47,  25.87,  25.30,  25.38
20220204, 0000,  , TD, 17.2S,  83.9E,  30,  997,    0,    0,    0,    0,    0,    0,    0,    0,    0,    0,    0,    0, -999,  25.61,  25.39,  25.41,  25.87,  26.08,  26.00,  25.79,  25.88,  25.93,  25.88,  25.92,  25.84,  25.87,  25.87,  25.70,  25.23,  25.37,  25.62,  25.51,  25.28,  25.40,  25.23,  25.39,  25.35,  25.59,  25.80,  25.80,  26.27,  26.15,  25.87,  26.04
20220204, 0600,  , TS, 17.9S,  83.9E,  35, 1000,    0,   50,   50,   20,    0,    0,    0,    0,    0,    0,    0,    0, -999,  23.99,  23.79,  23.60,  24.02,  24.34,  24.45,  24.68,  25.09,  25.43,  25.64,  25.66,  25.95,  25.68,  25.67,  25.35,  25.02,  25.15,  25.27,  25.56,  25.73,  25.70,  25.63,  25.67,  25.71,  26.02,  26.05,  26.46,  26.51,  25.90,  25.69,  25.70
20220204, 1200,  , TS, 18.3S,  83.8E,  40,  997,    0,  100,   75,   30,    0,    0,    0,    0,    0,    0,    0,    0, -999,  23.56,  23.00,  22.99,  23.95,  24.60,  24.75,  24.92,  25.16,  25.04,  25.28,  25.11,  25.26,  25.25,  25.29,  25.28,  25.14,  24.97,  24.95,  25.46,  25.77,  25.66,  25.59,  25.25,  25.87,  26.04,  26.38,  26.22,  26.49,  25.99,  25.74,  26.02
20220204, 1800,  , TS, 18.7S,  83.6E,  45,  992,    0,  200,  100,   40,    0,    0,    0,    0,    0,    0,    0,    0, -999,  23.38,  23.43,  23.63,  24.07,  24.41,  24.38,  24.68,  24.80,  24.37,  24.58,  24.64,  24.41,  24.83,  24.76,  24.71,  24.79,  24.38,  24.82,  24.97,  25.02,  24.73,  24.83,  24.99,  25.16,  25.67,  25.64,  26.20,  26.05,  26.34,  26.26,  26.49
20220205, 0000,  , TS, 18.9S,  83.4E,  40,  996,    0,  200,  100,   40,    0,    0,    0,    0,    0,    0,    0,    0, -999,  23.77,  23.90,  24.13,  24.55,  24.52,  24.67,  24.87,  24.36,  24.45,  24.58,  24.50,  24.56,  24.35,  24.07,  24.25,  23.87,  24.42,  24.54,  24.25,  24.63,  24.44,  24.11,  24.15,  24.57,  24.73,  25.28,  25.61,  26.05,  25.75,  26.49,  25.71
20220205, 0600,  , TS, 19.2S,  83.7E,  40,  997,    0,  220,  150,   20,    0,    0,    0,    0,    0,    0,    0,    0, -999,  22.79,  23.08,  23.63,  23.97,  23.83,  23.70,  24.10,  23.90,  23.95,  23.93,  23.73,  23.94,  23.98,  23.82,  24.11,  23.72,  24.04,  24.48,  24.05,  24.69,  24.42,  24.73,  24.64,  25.02,  26.00,  26.13,  26.06,  26.46,  26.18,  26.65,  25.53
20220205, 1200,  , TS, 20.4S,  83.9E,  40,  997,    0,  230,  210,    0,    0,    0,    0,    0,    0,    0,    0,    0, -999,  22.45,  22.66,  22.85,  23.03,  23.08,  23.28,  23.25,  23.02,  22.75,  22.76,  22.77,  22.68,  22.27,  22.05,  22.23,  22.18,  22.29,  22.32,  21.91,  21.83,  21.89,  21.73,  22.06,  22.59,  23.12,  23.70,  23.88,  24.13,  24.00,  23.72,  23.48
20220205, 1800,  , TS, 21.1S,  83.2E,  40,  997,    0,  200,  180,    0,    0,    0,    0,    0,    0,    0,    0,    0, -999,  23.09,  22.90,  22.86,  22.96,  22.88,  22.90,  23.05,  23.21,  23.12,  23.38,  23.62,  23.40,  23.30,  23.04,  22.95,  23.53,  22.87,  22.57,  22.27,  21.98,  21.86,  21.55,  21.73,  22.02,  22.04,  22.05,  21.93,  22.06,  22.18,  22.19,  21.79
20220206, 0000,  , TS, 21.5S,  81.4E,  40,  996,    0,  160,  150,    0,    0,    0,    0,    0,    0,    0,    0,    0, -999,  23.19,  23.11,  23.17,  23.02,  23.38,  23.44,  23.47,  23.80,  23.97,  23.98,  23.75,  23.69,  23.52,  23.42,  23.64,  23.73,  23.52,  23.20,  23.03,  22.91,  22.57,  22.54,  22.40,  22.37,  22.55,  22.70,  22.61,  22.73,  22.70,  22.57,  22.60
20220206, 0600,  , TS, 22.4S,  80.2E,  35, 1002,    0,  130,  130,    0,    0,    0,    0,    0,    0,    0,    0,    0, -999,  23.62,  23.56,  23.74,  23.60,  23.54,  23.27,  23.46,  23.68,  23.72,  23.76,  23.47,  23.54,  23.27,  23.44,  23.80,  23.74,  23.30,  23.35,  23.20,  23.24,  23.06,  23.14,  23.33,  23.47,  23.77,  23.77,  23.82,  23.83,  23.83,  23.65,  23.64
20220206, 1200,  , TS, 22.6S,  79.5E,  35, 1000,    0,   95,  110,    0,    0,    0,    0,    0,    0,    0,    0,    0, -999,  23.79,  23.61,  23.78,  23.50,  23.60,  23.71,  23.70,  23.86,  23.70,  23.70,  23.43,  23.23,  23.07,  23.04,  23.06,  23.20,  22.82,  22.72,  22.65,  22.94,  22.54,  22.51,  22.75,  22.99,  23.12,  23.19,  23.15,  23.28,  23.60,  23.27,  23.50
20220206, 1800,  , TD, 23.0S,  78.9E,  30, 1004,    0,    0,    0,    0,    0,    0,    0,    0,    0,    0,    0,    0, -999,  23.55,  23.36,  23.35,  23.64,  24.00,  23.81,  23.72,  23.62,  23.45,  23.64,  23.26,  23.03,  23.09,  23.13,  23.04,  23.11,  22.65,  22.93,  22.68,  22.40,  21.85,  21.80,  22.24,  22.45,  22.25,  22.14,  22.30,  22.61,  22.78,  22.54,  22.70
20220207, 0000,  , TD, 23.5S,  77.1E,  25, 1005,    0,    0,    0,    0,    0,    0,    0,    0,    0,    0,    0,    0, -999,  23.65,  23.74,  23.70,  23.40,  23.35,  23.47,  23.67,  23.50,  23.28,  22.97,  22.98,  22.98,  22.97,  23.06,  23.35,  23.20,  23.00,  22.55,  22.29,  22.01,  22.04,  22.08,  22.32,  22.52,  22.59,  22.59,  22.50,  22.62,  22.48,  22.39,  22.46
20220207, 0600,  , TD, 24.0S,  75.7E,  25, 1005,    0,    0,    0,    0,    0,    0,    0,    0,    0,    0,    0,    0, -999,  21.47,  21.61,  21.63,  21.76,  21.81,  21.77,  21.96,  21.97,  22.31,  22.50,  22.38,  22.43,  22.02,  22.32,  22.48,  22.60,  22.22,  22.14,  20.84,  20.83,  21.00,  21.20,  21.46,  21.78,  21.77,  22.04,  22.11,  22.01,  21.90,  21.82,  21.72
20220207, 1200,  , TD, 24.6S,  74.7E,  25, 1005,    0,    0,    0,    0,    0,    0,    0,    0,    0,    0,    0,    0, -999,  20.51,  20.46,  20.45,  20.52,  20.94,  21.02,  20.93,  20.95,  21.31,  21.44,  21.50,  22.30,  22.32,  22.13,  22.18,  21.90,  21.84,  21.68,  21.38,  21.50,  21.51,  21.42,  21.32,  21.18,  21.69,  21.54,  21.68,  21.96,  22.02,  22.38,  22.21
20220207, 1800,  , DB, 24.3S,  74.0E,  20, 1007,    0,    0,    0,    0,    0,    0,    0,    0,    0,    0,    0,    0, -999,  21.46,  21.38,  21.09,  21.17,  21.14,  21.46,  21.58,  21.71,  22.02,  22.14,  22.16,  22.50,  22.52,  22.52,  22.39,  22.34,  22.18,  22.02,  22.48,  22.66,  22.75,  23.02,  23.11,  23.18,  22.86,  22.69,  22.89,  22.89,  22.91,  23.00,  23.23
