SH102022,              CLIFF,     21,
20220202, 1800,  , DB, 16.0S,  82.4E,  20, 1007,    0,    0,    0,    0,    0,    0,    0,    0,    0,    0,    0,    0, -999,  34.76,  34.78,  34.82,  34.80,  34.71,  34.60,  34.59,  34.58,  34.59,  34.61,  34.61,  34.61,  34.60,  34.59,  34.58,  34.58,  34.59,  34.57,  34.58,  34.60,  34.60,  34.59,  34.59,  34.61,  34.60,  34.61,  34.59,  34.59,  34.61,  34.61,  34.66
20220203, 0000,  , TD, 15.9S,  82.9E,  25, 1002,    0,    0,    0,    0,    0,    0,    0,    0,    0,    0,    0,    0, -999,  34.71,  34.62,  34.60,  34.60,  34.60,  34.60,  34.61,  34.62,  34.64,  34.64,  34.65,  34.66,  34.65,  34.64,  34.62,  34.57,  34.58,  34.56,  34.59,  34.59,  34.58,  34.58,  34.59,  34.59,  34.62,  34.62,  34.62,  34.63,  34.64,  34.70,  34.74
20220203, 0600,  , TD, 16.0S,  83.3E,  30,  999,    0,    0,    0,    0,    0,    0,    0,    0,    0,    0,    0,    0, -999,  34.64,  34.62,  34.61,  34.61,  34.60,  34.60,  34.62,  34.65,  34.65,  34.65,  34.65,  34.65,  34.65,  34.63,  34.62,  34.58,  34.59,  34.56,  34.60,  34.62,  34.63,  34.64,  34.66,  34.67,  34.65,  34.65,  34.66,  34.68,  34.67,  34.69,  34.71
20220203, 1200,  , TD, 16.2S,  83.6E,  30,  999,    0,    0,    0,    0,    0,    0,    0,    0,    0,    0,    0,    0, -999,  34.59,  34.56,  34.59,  34.62,  34.62,  34.62,  34.63,  34.63,  34.63,  34.61,  34.64,  34.66,  34.63,  34.68,  34.78,  34.69,  34.70,  34.62,  34.64,  34.66,  34.66,  34.69,  34.72,  34.71,  34.70,  34.69,  34.70,  34.73,  34.73,  34.73,  34.73
20220203, 1800,  , TD, 16.6S,  83.8E,  30,  999,    0,    0,    0,    0,    0,    0,    0,    0,    0,    0,    0,    0, -999,  34.56,  34.54,  34.56,  34.54,  34.55,  34.57,  34.59,  34.61,  34.61,  34.63,  34.68,  34.70,  34.73,  34.73,  34.70,  34.67,  34.67,  34.68,  34.70,  34.72,  34.72,  34.73,  34.73,  34.77,  34.79,  34.77,  34.77,  34.78,  34.80,  34.78,  34.76
20220204, 0000,  , TD, 17.2S,  83.9E,  30,  997,    0,    0,    0,    0,    0,    0,    0,    0,    0,    0,    0,    0, -999,  34.59,  34.60,  34.62,  34.63,  34.63,  34.65,  34.67,  34.67,  34.68,  34.74,  34.80,  34.77,  34.74,  34.67,  34.61,  34.61,  34.59,  34.63,  34.67,  34.65,  34.66,  34.68,  34.70,  34.70,  34.72,  34.77,  34.76,  34.75,  34.74,  34.75,  34.74
20220204, 0600,  , TS, 17.9S,  83.9E,  35, 1000,    0,   50,   50,   20,    0,    0,    0,    0,    0,    0,    0,    0, -999,  34.98,  35.03,  35.08,  35.07,  35.06,  35.09,  35.06,  34.85,  34.80,  34.83,  34.83,  34.78,  34.74,  34.69,  34.60,  34.56,  34.57,  34.60,  34.60,  34.61,  34.56,  34.61,  34.70,  34.61,  34.63,  34.63,  34.64,  34.70,  34.76,  34.77,  34.79
20220204, 1200,  , TS, 18.3S,  83.8E,  40,  997,    0,  100,   75,   30,    0,    0,    0,    0,    0,    0,    0,    0, -999,  35.05,  35.16,  35.19,  35.13,  35.12,  35.11,  35.09,  35.08,  35.05,  34.98,  34.91,  34.80,  34.79,  34.75,  34.66,  34.56,  34.56,  34.59,  34.57,  34.62,  34.61,  34.63,  34.76,  34.73,  34.59,  34.59,  34.63,  34.71,  34.75,  34.80,  34.79
20220204, 1800,  , TS, 18.7S,  83.6E,  45,  992,    0,  200,  100,   40,    0,    0,    0,    0,    0,    0,    0,    0, -999,  35.22,  35.26,  35.13,  35.12,  34.97,  35.00,  34.92,  34.88,  34.90,  34.81,  34.75,  34.72,  34.75,  34.84,  34.86,  34.79,  34.81,  34.75,  34.70,  34.66,  34.64,  34.69,  34.76,  34.72,  34.70,  34.66,  34.61,  34.61,  34.68,  34.75,  34.75
20220205, 0000,  , TS, 18.9S,  83.4E,  40,  996,    0,  200,  100,   40,    0,    0,    0,    0,    0,    0,    0,    0, -999,  35.10,  35.05,  35.00,  34.95,  34.95,  34.95,  34.92,  34.97,  34.88,  34.83,  34.91,  34.88,  34.92,  34.92,  34.95,  34.92,  34.89,  34.87,  34.90,  34.75,  34.79,  34.85,  34.87,  34.85,  34.76,  34.68,  34.66,  34.67,  34.70,  34.70,  34.85
20220205, 0600,  , TS, 19.2S,  83.7E,  40,  997,    0,  220,  150,   20,    0,    0,    0,    0,    0,    0,    0,    0, -999,  35.20,  35.21,  35.23,  35.19,  35.11,  35.02,  34.88,  34.82,  34.82,  34.85,  34.81,  34.85,  34.93,  34.94,  34.96,  34.95,  34.91,  34.92,  34.92,  34.83,  34.81,  34.81,  34.79,  34.73,  34.73,  34.70,  34.59,  34.62,  34.65,  34.66,  34.85
20220205, 1200,  , TS, 20.4S,  83.9E,  40,  997,    0,  230,  210,    0,    0,    0,    0,    0,    0,    0,    0,    0, -999,  35.17,  35.23,  35.27,  35.27,  35.25,  35.21,  35.18,  35.20,  35.15,  35.11,  35.08,  35.11,  35.16,  35.18,  35.12,  35.05,  35.03,  35.05,  35.08,  35.12,  35.13,  35.19,  35.17,  35.17,  35.16,  35.02,  34.99,  34.97,  35.00,  35.02,  35.06
20220205, 1800,  , TS, 21.1S,  83.2E,  40,  997,    0,  200,  180,    0,    0,    0,    0,    0,    0,    0,    0,    0, -999,  34.90,  34.99,  35.08,  35.08,  35.12,  35.15,  35.09,  35.08,  35.03,  35.03,  35.03,  35.07,  35.09,  35.09,  35.11,  35.12,  35.14,  35.19,  35.14,  35.17,  35.12,  35.14,  35.16,  35.18,  35.14,  35.13,  35.17,  35.18,  35.18,  35.18,  35.23
20220206, 0000,  , TS, 21.5S,  81.4E,  40,  996,    0,  160,  150,    0,    0,    0,    0,    0,    0,    0,    0,    0, -999,  35.13,  35.12,  35.13,  35.13,  35.10,  35.10,  35.10,  35.06,  35.06,  35.06,  35.03,  35.02,  35.01,  35.02,  35.02,  35.10,  35.16,  35.15,  35.11,  35.05,  35.09,  35.27,  35.25,  35.23,  35.13,  35.11,  35.13,  35.16,  35.16,  35.21,  35.22
20220206, 0600,  , TS, 22.4S,  80.2E,  35, 1002,    0,  130,  130,    0,    0,    0,    0,    0,    0,    0,    0,    0, -999,  35.12,  35.17,  35.19,  35.20,  35.20,  35.21,  35.24,  35.28,  35.23,  35.20,  35.21,  35.19,  35.19,  35.07,  35.07,  35.12,  35.17,  35.18,  35.21,  35.23,  35.19,  35.15,  35.11,  35.11,  35.06,  35.07,  35.08,  35.07,  35.07,  35.14,  35.14
20220206, 1200,  , TS, 22.6S,  79.5E,  35, 1000,    0,   95,  110,    0,    0,    0,    0,    0,    0,    0,    0,    0, -999,  35.18,  35.23,  35.26,  35.25,  35.24,  35.24,  35.26,  35.26,  35.25,  35.22,  35.23,  35.20,  35.23,  35.19,  35.22,  35.20,  35.19,  35.20,  35.22,  35.22,  35.24,  35.26,  35.25,  35.25,  35.21,  35.17,  35.18,  35.16,  35.14,  35.18,  35.17
20220206, 1800,  , TD, 23.0S,  78.9E,  30, 1004,    0,    0,    0,    0,    0,    0,    0,    0,    0,    0,    0,    0, -999,  35.16,  35.19,  35.23,  35.26,  35.26,  35.25,  35.26,  35.27,  35.27,  35.27,  35.29,  35.30,  35.29,  35.28,  35.31,  35.34,  35.34,  35.35,  35.44,  35.45,  35.52,  35.53,  35.48,  35.45,  35.43,  35.44,  35.42,  35.40,  35.39,  35.46,  35.48
20220207, 0000,  , TD, 23.5S,  77.1E,  25, 1005,    0,    0,    0,    0,    0,    0,    0,    0,    0,    0,    0,    0, -999,  35.36,  35.38,  35.38,  35.37,  35.37,  35.39,  35.34,  35.31,  35.27,  35.27,  35.29,  35.30,  35.31,  35.36,  35.37,  35.36,  35.35,  35.40,  35.41,  35.47,  35.45,  35.44,  35.39,  35.34,  35.29,  35.29,  35.29,  35.30,  35.35,  35.40,  35.47
20220207, 0600,  , TD, 24.0S,  75.7E,  25, 1005,    0,    0,    0,    0,    0,    0,    0,    0,    0,    0,    0,    0, -999,  35.49,  35.49,  35.49,  35.49,  35.49,  35.51,  35.51,  35.51,  35.50,  35.51,  35.52,  35.52,  35.53,  35.52,  35.51,  35.52,  35.52,  35.53,  35.65,  35.66,  35.64,  35.64,  35.62,  35.61,  35.60,  35.62,  35.64,  35.66,  35.68,  35.68,  35.69
20220207, 1200,  , TD, 24.6S,  74.7E,  25, 1005,    0,    0,    0,    0,    0,    0,    0,    0,    0,    0,    0,    0, -999,  35.55,  35.58,  35.59,  35.60,  35.60,  35.58,  35.57,  35.55,  35.52,  35.51,  35.52,  35.53,  35.57,  35.57,  35.54,  35.54,  35.57,  35.58,  35.62,  35.62,  35.60,  35.69,  35.65,  35.61,  35.56,  35.55,  35.51,  35.50,  35.54,  35.55,  35.55
20220207, 1800,  , DB, 24.3S,  74.0E,  20, 1007,    0,    0,    0,    0,    0,    0,    0,    0,    0,    0,    0,    0, -999,  35.51,  35.54,  35.51,  35.48,  35.48,  35.49,  35.51,  35.49,  35.48,  35.48,  35.49,  35.49,  35.53,  35.53,  35.54,  35.56,  35.58,  35.56,  35.50,  35.41,  35.40,  35.37,  35.38,  35.43,  35.49,  35.52,  35.51,  35.50,  35.51,  35.50,  35.49
