SH102006,                JIM,     28,
20060127, 0000,  , DB, 18.0S, 147.4E,  15, 1006,    0,    0,    0,    0,    0,    0,    0,    0,    0,    0,    0,    0, -999,  24.18,  24.16,  24.09,  24.07,  24.21,  24.09,  24.22,  24.13,  24.26,  24.19,  24.15,  23.91,  23.84,  23.73,  23.63,  23.44,  23.43,  23.49,  23.60,  23.79,  23.81,  23.57,  23.46,  23.77,  23.98,  24.40,  24.64,  24.71,  24.97,  24.68,  24.61
20060127, 0600,  , DB, 17.9S, 148.0E,  20, 1004,    0,    0,    0,    0,    0,    0,    0,    0,    0,    0,    0,    0, -999,  24.40,  24.35,  24.31,  24.29,  24.57,  24.51,  24.54,  24.52,  24.53,  24.62,  24.68,  24.68,  24.44,  24.48,  24.40,  24.30,  24.42,  24.34,  24.36,  24.59,  24.67,  24.70,  24.73,  24.66,  24.42,  24.44,  24.55,  24.48,  24.69,  24.72,  24.86
20060127, 1200,  , TD, 17.8S, 148.6E,  25, 1000,    0,    0,    0,    0,    0,    0,    0,    0,    0,    0,    0,    0, -999,  24.54,  24.69,  24.66,  24.68,  24.58,  24.54,  24.55,  24.54,  24.48,  24.42,  24.43,  24.46,  24.43,  24.52,  24.57,  24.44,  24.30,  24.18,  24.26,  24.56,  24.61,  24.41,  24.32,  24.21,  24.02,  24.20,  24.18,  24.11,  24.23,  24.21,  24.36
20060127, 1800,  , TD, 17.6S, 149.2E,  25,  997,    0,    0,    0,    0,    0,    0,    0,    0,    0,    0,    0,    0, -999,  24.55,  24.67,  24.54,  24.36,  24.05,  24.13,  24.22,  24.14,  24.11,  24.20,  24.39,  24.45,  24.34,  24.34,  24.22,  24.12,  23.93,  23.70,  23.72,  24.14,  24.22,  24.00,  23.94,  23.96,  23.92,  23.85,  23.72,  23.74,  23.64,  23.53,  23.52
20060128, 0000,  , TD, 17.3S, 150.0E,  30, 1000,    0,    0,    0,    0,    0,    0,    0,    0,    0,    0,    0,    0, -999,  24.24,  24.21,  24.17,  23.92,  23.85,  23.88,  23.95,  23.99,  23.90,  23.70,  23.71,  23.66,  23.74,  23.71,  23.64,  23.16,  22.96,  23.16,  23.25,  23.43,  23.32,  23.29,  23.25,  23.21,  23.34,  23.51,  23.86,  24.18,  24.08,  23.96,  23.50
20060128, 0600,  , TS, 17.0S, 151.1E,  40,  993,   50,   60,   60,   50,    0,    0,    0,    0,    0,    0,    0,    0, -999,  24.96,  24.96,  24.95,  24.63,  24.74,  24.82,  24.77,  24.57,  24.57,  24.54,  24.61,  24.57,  24.63,  24.87,  25.01,  24.77,  24.46,  24.59,  24.69,  24.81,  24.75,  24.87,  24.90,  24.95,  24.94,  24.92,  25.06,  25.00,  24.86,  24.63,  24.41
20060128, 1200,  , TS, 16.3S, 152.2E,  40,  993,   55,   65,   65,   55,    0,    0,    0,    0,    0,    0,    0,    0, -999,  24.89,  24.81,  24.54,  24.36,  24.07,  24.05,  23.92,  23.78,  24.06,  24.14,  24.34,  24.50,  24.52,  24.74,  25.16,  25.08,  24.61,  24.45,  24.37,  24.63,  24.68,  24.67,  24.38,  24.18,  23.85,  23.93,  24.24,  24.29,  24.33,  24.08,  23.83
20060128, 1800,  , TS, 16.6S, 153.6E,  45,  989,   55,   55,   55,   55,    0,    0,    0,    0,    0,    0,    0,    0, -999,  23.91,  23.92,  23.88,  23.70,  23.79,  23.74,  23.64,  23.71,  24.31,  24.57,  24.83,  24.63,  24.79,  24.85,  24.82,  24.83,  24.46,  24.21,  24.11,  24.21,  24.20,  23.96,  23.96,  24.10,  23.96,  23.99,  24.47,  24.26,  24.17,  23.78,  23.77
20060129, 0000,  , TS, 16.3S, 154.6E,  50,  985,   75,   75,   75,   75,   30,   30,   30,   30,    0,    0,    0,    0, -999,  25.00,  25.09,  25.13,  25.22,  25.15,  25.03,  24.80,  24.96,  25.12,  25.24,  25.27,  25.32,  25.29,  25.25,  25.06,  24.91,  24.66,  24.65,  24.46,  24.58,  24.39,  24.20,  23.98,  23.51,  23.24,  23.43,  23.18,  23.21,  23.23,  23.08,  23.24
20060129, 0600,  , TS, 16.1S, 155.7E,  55,  982,   70,   70,   65,   65,   25,   25,   25,   25,    0,    0,    0,    0, -999,  25.36,  25.17,  25.06,  25.03,  24.94,  24.90,  24.63,  24.80,  25.08,  25.18,  25.18,  25.26,  25.14,  25.11,  24.94,  24.58,  24.04,  24.34,  24.01,  23.82,  23.97,  23.54,  23.48,  23.49,  23.18,  23.02,  22.69,  22.81,  22.69,  22.68,  22.89
20060129, 1200,  , TS, 16.0S, 156.9E,  55,  982,   70,   70,   70,   70,   30,   30,   30,   30,    0,    0,    0,    0, -999,  23.71,  23.29,  23.07,  23.17,  23.11,  22.80,  22.52,  22.26,  22.57,  22.62,  22.69,  22.92,  23.07,  23.44,  23.37,  23.57,  23.33,  23.57,  23.31,  23.42,  23.08,  22.90,  23.18,  23.40,  23.54,  23.51,  23.57,  23.54,  23.65,  23.72,  23.85
20060129, 1800,  , HU, 16.1S, 158.5E,  65,  974,   80,   80,   80,   80,   35,   35,   35,   35,   20,   20,   20,   20, -999,  23.38,  23.32,  23.14,  23.12,  23.02,  23.02,  23.33,  23.56,  23.75,  23.83,  24.12,  24.11,  24.04,  24.17,  24.01,  23.94,  23.80,  23.56,  23.62,  23.65,  23.71,  23.74,  23.76,  23.86,  23.74,  23.68,  23.92,  23.91,  23.86,  23.66,  23.79
20060130, 0000,  , HU, 16.8S, 160.2E,  65,  974,   85,   80,   80,   80,   35,   35,   35,   35,   20,   20,   20,   20, -999,  23.66,  23.78,  23.91,  24.24,  24.22,  24.54,  24.66,  24.92,  24.86,  24.82,  24.94,  24.76,  24.89,  25.00,  24.73,  24.66,  24.42,  24.43,  24.24,  23.89,  24.06,  23.86,  23.70,  23.80,  23.57,  24.16,  23.98,  23.78,  24.08,  24.57,  24.91
20060130, 0600,  , HU, 17.5S, 161.7E,  65,  974,   60,   85,   85,   60,   35,   35,   35,   35,   20,   20,   20,   20, -999,  23.71,  23.51,  23.37,  23.41,  23.60,  23.66,  23.71,  24.06,  24.14,  24.24,  24.13,  24.21,  24.32,  24.16,  23.88,  23.66,  23.36,  23.14,  22.82,  23.01,  22.71,  22.47,  22.29,  22.21,  22.26,  22.52,  22.41,  22.80,  23.37,  23.54,  23.72
20060130, 1200,  , HU, 18.1S, 163.5E,  70,  970,   60,   70,   75,   70,   35,   35,   35,   35,   20,   20,   20,   20, -999,  23.96,  23.88,  23.77,  23.68,  24.17,  24.15,  23.88,  23.86,  24.00,  24.20,  24.46,  24.36,  24.07,  23.93,  23.78,  23.69,  23.66,  23.54,  23.40,  23.34,  23.05,  22.93,  22.99,  23.23,  23.20,  23.07,  22.86,  22.38,  22.20,  22.23,  22.23
20060130, 1800,  , HU, 19.0S, 165.6E,  80,  963,   65,   75,   75,   65,   35,   35,   35,   35,   20,   20,   20,   20, -999,  22.06,  21.85,  21.71,  21.72,  22.10,  22.17,  22.15,  22.07,  22.19,  22.13,  22.09,  21.98,  21.86,  21.55,  21.42,  21.11,  21.30,  21.57,  21.80,  21.62,  21.88,  21.87,  21.83,  21.87,  21.91,  22.00,  21.95,  21.99,  22.30,  22.32,  22.32
20060131, 0000,  , HU, 20.4S, 167.2E,  75,  967,   65,   75,   75,   65,   35,   35,   35,   35,   20,   20,   20,   20, -999,  22.20,  22.38,  22.54,  22.49,  22.30,  22.05,  22.14,  22.35,  23.12,  23.21,  23.64,  23.53,  23.73,  23.51,  23.53,  23.05,  23.02,  23.10,  23.02,  23.55,  23.51,  23.70,  23.82,  23.81,  23.98,  23.91,  24.05,  24.25,  24.23,  24.21,  24.13
20060131, 0600,  , HU, 21.7S, 168.9E,  65,  976,   60,   45,   30,   50,   20,   15,   10,   15,    0,    0,    0,    0, -999,  22.21,  22.54,  22.84,  22.95,  22.99,  22.24,  21.80,  21.42,  21.43,  21.57,  21.52,  21.48,  21.55,  21.89,  21.87,  21.27,  21.08,  21.36,  21.45,  21.57,  21.74,  21.83,  21.85,  21.89,  21.12,  20.82,  20.67,  20.78,  20.95,  21.00,  21.14
20060131, 1200,  , TS, 23.0S, 170.6E,  60,  980,   80,   40,   40,   80,   15,   10,   10,   15,    0,    0,    0,    0, -999,  20.02,  19.90,  20.03,  20.38,  20.49,  20.32,  20.24,  20.82,  20.59,  20.31,  20.44,  20.45,  20.26,  20.22,  20.15,  20.02,  20.13,  20.27,  20.33,  20.41,  20.81,  20.86,  20.85,  20.37,  20.17,  20.15,  20.66,  20.93,  21.11,  20.82,  20.55
20060131, 1800,  , TS, 24.3S, 172.3E,  50,  987,   80,   40,   40,   80,    0,    0,    0,    0,    0,    0,    0,    0, -999,  20.98,  21.86,  21.81,  21.75,  21.85,  21.63,  21.69,  21.94,  21.69,  21.42,  21.52,  21.44,  21.35,  21.31,  21.20,  21.49,  21.61,  21.82,  21.99,  21.82,  21.92,  22.03,  22.07,  22.12,  22.05,  21.97,  21.99,  22.25,  22.32,  22.18,  21.96
20060201, 0000,  , TS, 26.3S, 173.7E,  45,  991,   40,   40,   40,   40,    0,    0,    0,    0,    0,    0,    0,    0, -999,  17.80,  17.86,  17.89,  18.11,  18.15,  18.17,  18.22,  18.04,  18.07,  18.07,  18.04,  17.99,  17.96,  17.98,  18.13,  18.14,  18.14,  18.02,  18.16,  18.37,  18.43,  18.38,  18.15,  18.32,  18.34,  18.41,  18.26,  18.18,  18.11,  18.13,  18.14
20060201, 0600,  , TS, 29.0S, 174.6E,  35,  997,   40,   40,   40,   40,    0,    0,    0,    0,    0,    0,    0,    0, -999,  17.89,  18.09,  17.77,  17.92,  18.12,  18.09,  18.19,  18.31,  18.42,  18.63,  18.82,  18.71,  18.84,  18.78,  18.71,  18.64,  18.57,  18.36,  18.42,  18.40,  18.40,  18.37,  18.24,  18.09,  18.10,  18.48,  18.61,  18.86,  19.02,  18.96,  18.99
20060201, 1200,  , TS, 30.8S, 174.9E,  35,  997,   40,   40,   40,   40,    0,    0,    0,    0,    0,    0,    0,    0, -999,  18.39,  18.54,  18.46,  18.65,  18.72,  19.06,  19.13,  19.45,  19.55,  19.58,  19.85,  20.09,  19.84,  19.74,  19.72,  19.68,  19.46,  19.38,  19.63,  19.65,  19.74,  19.87,  19.93,  20.12,  20.20,  20.25,  20.23,  20.39,  20.38,  20.26,  20.24
20060201, 1800,  , EX, 31.3S, 174.3E,  30, 1000,    0,    0,    0,    0,    0,    0,    0,    0,    0,    0,    0,    0, -999,  17.80,  17.85,  17.88,  17.82,  18.12,  18.38,  18.68,  19.37,  19.65,  19.58,  19.38,  19.35,  19.05,  19.08,  19.23,  19.26,  18.86,  18.29,  18.58,  18.97,  18.97,  18.31,  18.39,  18.45,  18.48,  18.82,  19.56,  19.97,  20.18,  20.17,  20.07
20060202, 0000,  , EX, 31.0S, 173.8E,  30, 1000,    0,    0,    0,    0,    0,    0,    0,    0,    0,    0,    0,    0, -999,  18.18,  18.14,  18.18,  18.19,  18.29,  18.57,  18.96,  18.97,  18.85,  18.56,  18.85,  18.50,  18.52,  18.09,  17.95,  18.60,  18.87,  18.93,  18.77,  18.31,  18.06,  17.96,  17.73,  18.47,  19.69,  20.21,  20.47,  19.78,  19.71,  19.69,  19.57
20060202, 0600,  , EX, 30.7S, 173.3E,  25, 1002,    0,    0,    0,    0,    0,    0,    0,    0,    0,    0,    0,    0, -999,  17.87,  17.74,  17.86,  17.84,  17.79,  17.82,  18.00,  18.18,  18.31,  18.46,  18.52,  18.32,  18.17,  17.70,  17.53,  17.50,  17.45,  17.60,  17.53,  17.46,  17.43,  17.59,  18.01,  18.74,  19.04,  19.16,  19.20,  19.65,  19.62,  19.47,  19.54
20060202, 1200,  , EX, 29.6S, 173.0E,  20, 1004,    0,    0,    0,    0,    0,    0,    0,    0,    0,    0,    0,    0, -999,  16.40,  16.43,  16.47,  16.79,  16.99,  17.08,  17.52,  18.25,  18.35,  18.48,  18.44,  17.97,  17.89,  17.53,  16.72,  16.62,  16.80,  16.85,  16.89,  16.82,  16.94,  16.84,  17.32,  17.61,  17.75,  17.95,  17.95,  18.27,  18.03,  18.25,  18.58
20060202, 1800,  , EX, 28.8S, 172.5E,  20, 1004,    0,    0,    0,    0,    0,    0,    0,    0,    0,    0,    0,    0, -999,  18.39,  18.40,  18.62,  18.75,  18.53,  18.04,  17.83,  17.52,  17.25,  17.20,  17.19,  17.08,  16.96,  17.12,  17.01,  16.99,  16.48,  16.14,  16.09,  15.97,  16.25,  16.22,  16.73,  17.54,  17.63,  17.53,  17.43,  17.37,  17.30,  17.41,  17.64
