SH102002,            UNNAMED,     37,
20020116, 1200,  , TD,  6.8S,  77.9E,  25, 1002,    0,    0,    0,    0,    0,    0,    0,    0,    0,    0,    0,    0, -999,  34.99,  35.05,  35.07,  35.07,  35.05,  35.09,  35.04,  35.11,  35.04,  34.86,  34.93,  35.00,  35.00,  34.89,  34.88,  34.93,  34.93,  34.87,  34.90,  34.92,  34.93,  34.91,  34.86,  34.91,  34.91,  34.91,  34.88,  34.85,  34.87,  34.87,  34.81
20020116, 1800,  , TD,  7.3S,  76.7E,  25, 1002,    0,    0,    0,    0,    0,    0,    0,    0,    0,    0,    0,    0, -999,  34.87,  34.89,  34.98,  35.01,  35.05,  35.09,  35.11,  35.16,  35.09,  35.12,  35.22,  35.24,  35.23,  35.20,  35.16,  35.12,  35.06,  35.07,  35.05,  34.99,  34.95,  34.95,  34.87,  34.86,  34.88,  34.89,  34.86,  34.84,  34.85,  34.78,  34.78
20020117, 0000,  , TD,  8.2S,  75.9E,  25, 1002,    0,    0,    0,    0,    0,    0,    0,    0,    0,    0,    0,    0, -999,  35.14,  35.00,  34.77,  34.67,  34.58,  34.72,  34.66,  34.64,  34.59,  34.77,  34.87,  34.90,  34.97,  35.04,  35.04,  34.98,  34.93,  35.14,  35.12,  35.08,  35.02,  34.99,  35.02,  35.06,  35.09,  35.09,  35.09,  35.05,  35.01,  35.03,  35.04
20020117, 0600,  , TD,  9.6S,  74.9E,  25, 1003,    0,    0,    0,    0,    0,    0,    0,    0,    0,    0,    0,    0, -999,  35.00,  34.99,  35.02,  35.00,  34.97,  34.85,  34.78,  34.76,  34.80,  35.00,  35.03,  35.01,  35.00,  34.99,  34.99,  34.80,  34.73,  35.01,  34.62,  34.74,  34.90,  34.77,  34.75,  34.83,  34.74,  34.69,  34.75,  34.76,  34.74,  34.82,  35.06
20020117, 1200,  , TD, 10.6S,  73.5E,  30, 1000,    0,    0,    0,    0,    0,    0,    0,    0,    0,    0,    0,    0, -999,  35.04,  35.00,  34.99,  35.01,  35.05,  35.03,  34.96,  34.96,  35.05,  35.10,  35.12,  35.08,  35.08,  35.13,  35.16,  35.10,  35.06,  35.05,  35.05,  35.07,  35.10,  35.09,  35.04,  34.98,  34.92,  34.83,  34.88,  34.88,  34.81,  34.84,  34.95
20020117, 1800,  , TS, 11.5S,  72.1E,  55,  984,    0,    0,    0,    0,    0,    0,    0,    0,    0,    0,    0,    0, -999,  35.00,  34.92,  34.89,  34.91,  35.00,  34.92,  34.93,  34.95,  34.99,  35.06,  35.12,  35.12,  35.09,  35.09,  34.98,  34.94,  34.99,  35.03,  34.97,  35.00,  35.01,  35.01,  34.89,  34.89,  34.84,  34.92,  35.11,  35.17,  35.19,  35.18,  35.15
20020118, 0000,  , HU, 12.4S,  70.8E,  65,  976,    0,    0,    0,    0,    0,    0,    0,    0,    0,    0,    0,    0, -999,  35.22,  35.15,  35.09,  35.07,  35.05,  35.07,  35.07,  35.08,  35.07,  35.07,  35.06,  35.04,  35.09,  35.06,  35.11,  35.11,  35.10,  35.08,  35.05,  34.99,  34.95,  34.93,  34.98,  34.96,  34.78,  34.75,  34.80,  34.84,  34.95,  35.05,  35.02
20020118, 0600,  , HU, 13.4S,  69.7E,  70,  972,    0,    0,    0,    0,    0,    0,    0,    0,    0,    0,    0,    0, -999,  34.95,  34.93,  34.86,  34.85,  34.91,  34.87,  34.97,  35.04,  35.02,  34.96,  34.97,  34.91,  34.93,  35.01,  34.93,  34.91,  34.79,  34.81,  34.95,  34.90,  34.90,  34.90,  34.95,  34.91,  34.87,  34.84,  34.90,  35.01,  34.98,  34.95,  34.84
20020118, 1200,  , HU, 14.4S,  68.7E,  80,  963,    0,    0,    0,    0,    0,    0,    0,    0,    0,    0,    0,    0, -999,  35.03,  35.03,  34.96,  34.93,  34.96,  34.92,  34.94,  34.88,  34.91,  34.94,  34.98,  34.98,  35.01,  35.04,  35.01,  34.99,  34.99,  34.96,  35.00,  35.03,  35.09,  35.12,  35.31,  35.24,  35.25,  35.23,  35.22,  35.10,  35.00,  34.93,  34.98
20020118, 1800,  , HU, 15.4S,  67.9E,  85,  958,    0,    0,    0,    0,    0,    0,    0,    0,    0,    0,    0,    0, -999,  34.99,  35.00,  35.05,  35.06,  35.08,  34.98,  35.02,  34.98,  34.98,  35.01,  35.00,  35.01,  35.04,  35.05,  35.00,  35.00,  34.85,  34.88,  34.90,  34.84,  34.90,  34.90,  34.91,  34.98,  34.96,  34.95,  34.98,  35.01,  35.00,  34.94,  34.99
20020119, 0000,  , HU, 15.9S,  67.4E,  90,  954,    0,    0,    0,    0,    0,    0,    0,    0,    0,    0,    0,    0, -999,  35.05,  35.06,  35.04,  35.05,  35.02,  34.98,  34.94,  34.98,  35.04,  34.95,  34.94,  35.02,  35.06,  34.98,  34.94,  34.91,  34.89,  34.85,  34.91,  34.91,  34.93,  34.96,  34.95,  34.86,  34.88,  34.87,  34.82,  34.83,  34.87,  34.85,  34.83
20020119, 0600,  , HU, 16.5S,  66.9E,  90,  954,    0,    0,    0,    0,    0,    0,    0,    0,    0,    0,    0,    0, -999,  34.88,  34.88,  34.88,  34.89,  34.88,  34.91,  34.93,  34.89,  34.86,  34.82,  34.82,  34.87,  34.88,  34.91,  34.91,  34.93,  35.01,  35.05,  35.13,  35.12,  35.12,  35.09,  34.91,  34.91,  34.88,  34.90,  34.85,  34.86,  34.90,  34.95,  34.96
20020119, 1200,  , HU, 17.0S,  66.3E,  95,  949,    0,    0,    0,    0,    0,    0,    0,    0,    0,    0,    0,    0, -999,  34.98,  34.92,  34.84,  34.83,  34.83,  34.86,  34.92,  34.83,  34.87,  34.87,  34.85,  34.82,  34.80,  34.79,  34.82,  34.82,  34.82,  34.83,  34.90,  34.92,  34.97,  35.11,  35.16,  35.07,  35.01,  35.00,  34.94,  34.88,  34.77,  34.86,  34.86
20020119, 1800,  , HU, 17.3S,  65.7E, 105,  938,    0,    0,    0,    0,    0,    0,    0,    0,    0,    0,    0,    0, -999,  35.07,  35.06,  35.09,  35.12,  35.11,  35.09,  35.08,  35.07,  35.06,  35.05,  35.02,  35.02,  35.04,  35.03,  35.01,  34.98,  35.03,  35.09,  35.10,  35.11,  35.09,  35.19,  35.19,  35.17,  35.10,  34.99,  34.93,  34.92,  34.95,  35.04,  34.97
20020120, 0000,  , HU, 17.7S,  65.0E, 120,  922,    0,    0,    0,    0,    0,    0,    0,    0,    0,    0,    0,    0, -999,  35.05,  34.96,  34.95,  35.00,  35.04,  35.02,  35.07,  35.08,  35.09,  35.11,  35.11,  35.11,  35.12,  35.12,  35.08,  35.08,  35.10,  35.14,  35.13,  35.11,  35.14,  35.15,  35.15,  35.14,  35.12,  35.10,  35.10,  35.09,  35.10,  35.09,  35.08
20020120, 0600,  , XX, 18.0S,  64.2E, 130,  910,    0,    0,    0,    0,    0,    0,    0,    0,    0,    0,    0,    0, -999,  35.09,  35.11,  35.11,  35.09,  35.07,  34.96,  34.96,  34.96,  34.95,  34.92,  34.92,  34.94,  35.03,  35.09,  35.08,  35.05,  35.04,  35.04,  35.06,  35.08,  35.09,  35.10,  35.12,  35.14,  35.16,  35.14,  35.12,  35.10,  35.13,  35.14,  35.14
20020120, 1200,  , XX, 18.3S,  63.3E, 130,  910,    0,    0,    0,    0,    0,    0,    0,    0,    0,    0,    0,    0, -999,  35.11,  35.06,  35.04,  35.07,  35.09,  35.03,  35.03,  35.04,  35.05,  35.00,  35.00,  34.98,  34.98,  34.95,  34.89,  34.87,  34.88,  34.89,  34.94,  34.97,  34.99,  34.93,  34.96,  35.05,  35.13,  35.13,  35.12,  35.09,  35.10,  35.09,  35.11
20020120, 1800,  , XX, 18.5S,  62.5E, 130,  910,    0,    0,    0,    0,    0,    0,    0,    0,    0,    0,    0,    0, -999,  34.93,  34.92,  34.92,  34.96,  35.02,  35.08,  35.03,  34.99,  34.98,  34.98,  35.04,  35.02,  34.94,  34.97,  34.99,  35.02,  34.98,  34.92,  34.86,  34.87,  34.92,  34.81,  34.84,  34.84,  34.93,  35.02,  35.05,  35.08,  35.09,  35.08,  35.07
20020121, 0000,  , HU, 18.8S,  61.5E, 125,  916,    0,    0,    0,    0,    0,    0,    0,    0,    0,    0,    0,    0, -999,  35.05,  34.99,  34.99,  34.96,  34.92,  34.89,  34.88,  34.93,  34.99,  35.03,  35.01,  34.99,  35.02,  35.08,  35.07,  35.02,  35.00,  34.96,  34.88,  34.81,  34.80,  34.86,  34.86,  34.89,  34.91,  35.00,  35.08,  34.97,  34.98,  35.02,  35.03
20020121, 0600,  , HU, 18.9S,  60.5E, 120,  922,    0,    0,    0,    0,    0,    0,    0,    0,    0,    0,    0,    0, -999,  34.92,  34.92,  34.92,  34.90,  34.94,  34.96,  34.97,  34.94,  34.93,  34.97,  34.98,  35.00,  35.02,  35.00,  34.98,  34.94,  34.96,  34.97,  34.97,  34.96,  34.95,  34.94,  34.93,  34.98,  34.86,  34.85,  35.01,  35.01,  34.94,  35.11,  35.10
20020121, 1200,  , HU, 19.1S,  59.6E, 120,  922,    0,    0,    0,    0,    0,    0,    0,    0,    0,    0,    0,    0, -999,  35.10,  35.12,  35.12,  35.09,  35.08,  35.08,  35.07,  35.04,  35.03,  35.04,  35.03,  35.03,  35.02,  34.99,  34.95,  34.91,  35.03,  35.06,  35.02,  35.00,  35.01,  35.00,  35.01,  35.05,  35.07,  35.07,  35.05,  35.02,  34.99,  35.01,  35.09
20020121, 1800,  , HU, 19.3S,  58.6E, 120,  922,    0,    0,    0,    0,    0,    0,    0,    0,    0,    0,    0,    0, -999,  34.98,  35.02,  35.04,  35.04,  35.03,  35.02,  34.98,  34.96,  34.97,  34.98,  34.99,  34.98,  34.96,  34.94,  34.93,  34.92,  34.88,  34.91,  34.87,  34.93,  34.92,  34.95,  34.92,  34.94,  34.96,  34.98,  34.94,  34.99,  35.01,  34.99,  35.06
20020122, 0000,  , HU, 19.4S,  57.6E, 120,  922,    0,    0,    0,    0,    0,    0,    0,    0,    0,    0,    0,    0, -999,  35.00,  35.00,  35.02,  35.02,  34.98,  34.95,  34.93,  34.94,  34.95,  34.96,  34.95,  34.95,  34.95,  34.96,  34.95,  34.94,  34.99,  34.99,  35.03,  35.09,  35.06,  35.06,  35.03,  35.02,  34.93,  34.94,  35.02,  35.00,  35.07,  35.09,  35.06
20020122, 0600,  , HU, 19.7S,  56.6E, 120,  922,    0,    0,    0,    0,    0,    0,    0,    0,    0,    0,    0,    0, -999,  35.07,  35.09,  35.07,  35.01,  34.95,  34.91,  34.87,  34.84,  34.84,  34.86,  34.87,  34.87,  34.86,  34.83,  34.90,  34.97,  35.01,  35.04,  35.08,  35.16,  35.20,  35.12,  35.10,  35.09,  35.07,  35.07,  35.07,  35.08,  35.08,  35.08,  35.14
20020122, 1200,  , HU, 20.0S,  55.7E, 120,  922,    0,    0,    0,    0,    0,    0,    0,    0,    0,    0,    0,    0, -999,  34.99,  35.01,  35.01,  34.95,  34.94,  34.93,  34.93,  34.91,  34.91,  34.97,  35.01,  35.03,  35.03,  35.06,  35.08,  35.09,  35.12,  35.11,  35.09,  35.12,  35.11,  35.12,  35.10,  34.93,  34.96,  35.05,  35.05,  35.04,  35.02,  35.03,  35.03
20020122, 1800,  , HU, 20.3S,  54.9E, 115,  927,    0,    0,    0,    0,    0,    0,    0,    0,    0,    0,    0,    0, -999,  34.97,  34.99,  35.03,  35.09,  35.12,  35.11,  35.10,  35.06,  35.02,  35.02,  35.03,  35.04,  35.04,  35.06,  35.07,  35.05,  35.07,  35.09,  35.05,  35.12,  35.15,  35.15,  35.14,  35.11,  35.19,  35.23,  35.21,  35.13,  35.14,  35.14,  35.16
20020123, 0000,  , HU, 20.9S,  54.3E, 115,  927,    0,    0,    0,    0,    0,    0,    0,    0,    0,    0,    0,    0, -999,  35.05,  35.07,  35.08,  35.09,  35.08,  35.05,  35.01,  35.02,  35.03,  35.03,  35.03,  35.05,  35.03,  35.03,  35.02,  35.09,  35.08,  35.09,  35.10,  35.13,  35.09,  35.02,  35.02,  35.08,  35.14,  35.11,  35.12,  35.17,  35.15,  35.09,  35.13
20020123, 0600,  , HU, 21.3S,  53.7E, 115,  927,    0,    0,    0,    0,    0,    0,    0,    0,    0,    0,    0,    0, -999,  35.01,  35.02,  35.04,  35.08,  35.03,  35.00,  34.97,  34.98,  34.98,  34.97,  34.98,  35.00,  35.01,  35.01,  35.00,  35.00,  35.00,  35.00,  35.00,  35.00,  34.95,  34.93,  34.93,  34.94,  34.94,  34.95,  34.97,  35.02,  35.05,  35.04,  35.08
20020123, 1200,  , HU, 22.0S,  53.2E, 115,  927,    0,    0,    0,    0,    0,    0,    0,    0,    0,    0,    0,    0, -999,  35.03,  35.06,  35.06,  35.10,  35.11,  35.11,  35.13,  35.11,  35.07,  35.09,  35.01,  35.01,  35.02,  35.00,  35.01,  35.11,  35.17,  35.23,  35.24,  35.24,  35.31,  35.33,  35.32,  35.30,  35.30,  35.26,  35.21,  35.14,  35.07,  35.04,  34.96
20020123, 1800,  , HU, 22.8S,  52.9E, 100,  944,    0,    0,    0,    0,    0,    0,    0,    0,    0,    0,    0,    0, -999,  35.11,  35.13,  35.13,  35.13,  35.12,  35.13,  35.12,  35.10,  35.11,  35.13,  35.03,  34.99,  35.08,  35.17,  35.21,  35.28,  35.36,  35.39,  35.39,  35.38,  35.41,  35.46,  35.46,  35.46,  35.41,  35.37,  35.34,  35.33,  35.32,  35.32,  35.34
20020124, 0000,  , HU, 23.9S,  52.6E,  90,  954,    0,    0,    0,    0,    0,    0,    0,    0,    0,    0,    0,    0, -999,  35.16,  35.13,  35.09,  35.02,  35.04,  35.06,  35.04,  35.08,  35.10,  35.04,  35.06,  35.06,  35.09,  35.11,  35.15,  35.20,  35.18,  35.16,  35.15,  35.08,  35.11,  35.12,  35.12,  35.18,  35.31,  35.29,  35.27,  35.22,  35.18,  35.17,  35.15
20020124, 0600,  , HU, 25.0S,  52.3E,  80,  963,    0,    0,    0,    0,    0,    0,    0,    0,    0,    0,    0,    0, -999,  35.33,  35.45,  35.45,  35.45,  35.41,  35.38,  35.35,  35.32,  35.28,  35.22,  35.22,  35.15,  35.10,  34.95,  34.92,  34.92,  34.98,  34.97,  35.03,  35.06,  35.05,  35.04,  35.16,  35.23,  35.29,  35.30,  35.35,  35.24,  35.19,  35.13,  35.06
20020124, 1200,  , HU, 26.3S,  52.0E,  70,  972,    0,    0,    0,    0,    0,    0,    0,    0,    0,    0,    0,    0, -999,  35.47,  35.41,  35.40,  35.43,  35.42,  35.41,  35.33,  35.27,  35.25,  35.27,  35.30,  35.32,  35.31,  35.33,  35.26,  35.26,  35.18,  35.18,  35.25,  35.22,  35.23,  35.23,  35.25,  35.26,  35.27,  35.28,  35.30,  35.30,  35.30,  35.33,  35.37
20020124, 1800,  , TS, 27.7S,  52.4E,  55,  984,    0,    0,    0,    0,    0,    0,    0,    0,    0,    0,    0,    0, -999,  35.19,  35.20,  35.28,  35.39,  35.41,  35.42,  35.37,  35.28,  35.30,  35.32,  35.30,  35.30,  35.38,  35.43,  35.42,  35.29,  35.27,  35.33,  35.34,  35.32,  35.33,  35.33,  35.33,  35.34,  35.32,  35.28,  35.27,  35.26,  35.22,  35.20,  35.21
20020125, 0000,  , TS, 28.7S,  53.0E,  45,  991,    0,    0,    0,    0,    0,    0,    0,    0,    0,    0,    0,    0, -999,  35.37,  35.33,  35.29,  35.32,  35.35,  35.37,  35.35,  35.34,  35.35,  35.33,  35.33,  35.32,  35.31,  35.31,  35.33,  35.33,  35.31,  35.32,  35.31,  35.31,  35.29,  35.28,  35.28,  35.27,  35.27,  35.28,  35.28,  35.29,  35.30,  35.33,  35.34
20020125, 0600,  , TS, 29.3S,  53.0E,  35,  997,    0,    0,    0,    0,    0,    0,    0,    0,    0,    0,    0,    0, -999,  35.37,  35.35,  35.34,  35.34,  35.34,  35.34,  35.35,  35.36,  35.36,  35.34,  35.30,  35.27,  35.27,  35.27,  35.29,  35.29,  35.30,  35.31,  35.31,  35.25,  35.24,  35.23,  35.24,  35.26,  35.28,  35.29,  35.29,  35.30,  35.30,  35.31,  35.34
20020125, 1200,  , TS, 30.0S,  53.2E,  35,  997,    0,    0,    0,    0,    0,    0,    0,    0,    0,    0,    0,    0, -999,  35.39,  35.38,  35.38,  35.38,  35.38,  35.39,  35.38,  35.37,  35.36,  35.35,  35.35,  35.37,  35.37,  35.38,  35.37,  35.38,  35.43,  35.50,  35.44,  35.42,  35.39,  35.37,  35.38,  35.40,  35.41,  35.38,  35.34,  35.33,  35.33,  35.33,  35.34
