SH102009,            DOMINIC,     15,
20090124, 1800,  , DB, 18.1S, 120.1E,  20, 1007,    0,    0,    0,    0,    0,    0,    0,    0,    0,    0,    0,    0, -999,  28.43,  28.00,  28.06,  28.19,  28.31,  28.36,  28.23,  28.24,  28.25,  28.10,  28.12,  27.78,  27.99,  27.40,  27.67,  27.86,  27.88,  28.05,  27.88,  28.08,  28.04,  28.16,  28.38,  28.64,  28.74,  28.77,  28.70,  28.90,  28.91,  28.52,  28.36
20090125, 0000,  , TD, 18.4S, 118.9E,  30, 1000,    0,    0,    0,    0,    0,    0,    0,    0,    0,    0,    0,    0, -999,  28.41,  28.46,  28.18,  28.33,  28.36,  28.16,  28.08,  28.07,  28.15,  28.23,  28.33,  28.12,  27.93,  28.04,  27.94,  28.02,  28.20,  28.16,  28.27,  28.26,  28.48,  28.61,  28.65,  28.55,  28.50,  28.40,  28.32,  28.20,  27.91,  27.82,  27.80
20090125, 0600,  , TD, 18.8S, 117.7E,  25, 1004,    0,    0,    0,    0,    0,    0,    0,    0,    0,    0,    0,    0, -999,  27.68,  28.05,  28.12,  28.24,  28.34,  28.31,  27.99,  27.98,  27.82,  28.16,  28.32,  27.99,  27.68,  27.75,  27.58,  27.73,  28.66,  28.25,  28.07,  27.92,  27.79,  27.82,  27.79,  27.75,  27.93,  27.64,  27.55,  27.88,  27.72,  27.78,  27.80
20090125, 1200,  , TD, 18.7S, 116.7E,  25, 1002,    0,    0,    0,    0,    0,    0,    0,    0,    0,    0,    0,    0, -999,  27.60,  27.47,  27.26,  27.09,  26.91,  27.05,  26.88,  26.68,  26.73,  26.91,  27.18,  27.53,  27.81,  27.70,  27.43,  27.21,  27.50,  27.90,  27.62,  26.86,  26.36,  26.22,  25.90,  25.60,  25.78,  25.63,  25.14,  25.82,  26.26,  26.62,  26.90
20090125, 1800,  , TS, 19.1S, 116.3E,  35,  996,    0,    0,    0,    0,    0,    0,    0,    0,    0,    0,    0,    0, -999,  27.64,  27.55,  27.56,  27.63,  27.66,  27.72,  27.35,  27.20,  27.07,  27.03,  26.92,  27.08,  27.27,  27.67,  27.84,  27.92,  27.78,  27.80,  28.03,  27.69,  27.51,  27.63,  27.52,  27.74,  27.71,  27.02,  26.78,  27.66,  27.91,  28.29,  28.63
20090126, 0000,  , TS, 19.5S, 115.9E,  40,  993,    0,    0,    0,    0,    0,    0,    0,    0,    0,    0,    0,    0, -999,  27.79,  27.89,  27.90,  28.13,  28.37,  27.96,  27.82,  27.94,  28.13,  28.26,  28.36,  28.58,  28.89,  28.59,  28.32,  28.19,  28.11,  28.06,  28.03,  27.72,  27.49,  27.48,  27.69,  27.64,  27.47,  27.44,  27.62,  27.87,  28.23,  28.37,  28.45
20090126, 0600,  , TS, 20.3S, 115.5E,  50,  985,    0,    0,    0,    0,    0,    0,    0,    0,    0,    0,    0,    0, -999,    nan,    nan,    nan,    nan,    nan,    nan,    nan,    nan,    nan,    nan,    nan,    nan,    nan,    nan,    nan,    nan,    nan,    nan,    nan,    nan,    nan,    nan,    nan,    nan,    nan,    nan,    nan,    nan,    nan,    nan,    nan
20090126, 1200,  , TS, 20.8S, 115.2E,  50,  985,   20,   25,   20,   20,    0,    0,    0,    0,    0,    0,    0,    0, -999,  28.36,  28.37,  28.28,  28.38,  28.18,  28.73,  28.83,  28.76,  29.11,  29.12,  29.27,  29.51,  29.40,  29.21,  29.14,  29.14,  29.42,  29.43,  29.14,  28.67,  28.29,  28.06,  27.92,  27.84,  27.75,  27.41,  27.25,  28.13,  28.47,  28.99,  28.88
20090126, 1800,  , TS, 21.4S, 115.2E,  50,  985,   30,   30,   30,   30,    0,    0,    0,    0,    0,    0,    0,    0, -999,    nan,    nan,    nan,    nan,    nan,    nan,    nan,    nan,    nan,    nan,    nan,    nan,    nan,    nan,    nan,    nan,    nan,    nan,    nan,    nan,    nan,    nan,    nan,    nan,    nan,    nan,    nan,    nan,    nan,    nan,    nan
20090127, 0000,  , TS, 22.1S, 115.3E,  40,  993,   30,   30,   30,   30,    0,    0,    0,    0,    0,    0,    0,    0, -999,    nan,    nan,    nan,    nan,    nan,    nan,    nan,    nan,    nan,    nan,    nan,    nan,    nan,    nan,    nan,    nan,    nan,    nan,    nan,    nan,    nan,    nan,    nan,    nan,    nan,    nan,    nan,    nan,    nan,    nan,    nan
20090127, 0600,  , TD, 23.2S, 115.5E,  30, 1000,    0,    0,    0,    0,    0,    0,    0,    0,    0,    0,    0,    0, -999,    nan,    nan,    nan,    nan,    nan,    nan,    nan,    nan,    nan,    nan,    nan,    nan,    nan,    nan,    nan,    nan,    nan,    nan,    nan,    nan,    nan,    nan,    nan,    nan,    nan,    nan,    nan,    nan,    nan,    nan,    nan
20090127, 1200,  , TD, 24.4S, 116.2E,  25, 1004,    0,    0,    0,    0,    0,    0,    0,    0,    0,    0,    0,    0, -999,    nan,    nan,    nan,    nan,    nan,    nan,    nan,    nan,    nan,    nan,    nan,    nan,    nan,    nan,    nan,    nan,    nan,    nan,    nan,    nan,    nan,    nan,    nan,    nan,    nan,    nan,    nan,    nan,    nan,    nan,    nan
20090127, 1800,  , TD, 25.8S, 116.9E,  25, 1004,    0,    0,    0,    0,    0,    0,    0,    0,    0,    0,    0,    0, -999,    nan,    nan,    nan,    nan,    nan,    nan,    nan,    nan,    nan,    nan,    nan,    nan,    nan,    nan,    nan,    nan,    nan,    nan,    nan,    nan,    nan,    nan,    nan,    nan,    nan,    nan,    nan,    nan,    nan,    nan,    nan
20090128, 0000,  , DB, 27.2S, 117.8E,  20, 1007,    0,    0,    0,    0,    0,    0,    0,    0,    0,    0,    0,    0, -999,    nan,    nan,    nan,    nan,    nan,    nan,    nan,    nan,    nan,    nan,    nan,    nan,    nan,    nan,    nan,    nan,    nan,    nan,    nan,    nan,    nan,    nan,    nan,    nan,    nan,    nan,    nan,    nan,    nan,    nan,    nan
20090128, 0600,  , DB, 29.4S, 119.6E,  20, 1007,    0,    0,    0,    0,    0,    0,    0,    0,    0,    0,    0,    0, -999,    nan,    nan,    nan,    nan,    nan,    nan,    nan,    nan,    nan,    nan,    nan,    nan,    nan,    nan,    nan,    nan,    nan,    nan,    nan,    nan,    nan,    nan,    nan,    nan,    nan,    nan,    nan,    nan,    nan,    nan,    nan
