SH102016,               DAYA,     18,
20160208, 0600,  , DB, 16.9S,  53.3E,  20, 1007,    0,    0,    0,    0,    0,    0,    0,    0,    0,    0,    0,    0, -999,  34.88,  34.93,  35.00,  34.93,  34.88,  34.98,  35.13,  35.14,  35.11,  35.14,  35.11,  35.06,  35.02,  34.99,  34.94,  34.92,  35.00,  35.03,  35.02,  35.14,  35.20,  35.34,  35.25,  35.15,  35.11,  35.08,  35.09,  35.12,  35.06,  35.12,  35.07
20160208, 1200,  , DB, 17.6S,  52.2E,  20, 1007,    0,    0,    0,    0,    0,    0,    0,    0,    0,    0,    0,    0, -999,  34.98,  35.05,  35.15,  35.08,  35.06,  34.95,  35.03,  35.05,  35.02,  35.01,  34.98,  34.95,  34.91,  34.80,  34.71,  34.60,  34.60,  34.71,  34.74,  34.88,  34.99,  34.96,  34.94,  35.05,  35.05,  35.01,  35.06,  34.73,  35.06,  35.09,  35.15
20160208, 1800,  , TD, 18.3S,  51.4E,  25, 1001,    0,    0,    0,    0,    0,    0,    0,    0,    0,    0,    0,    0, -999,  35.07,  35.09,  35.07,  35.01,  35.02,  35.10,  35.21,  35.34,  35.40,  35.30,  35.21,  35.24,  35.01,  34.82,  34.88,  34.95,  34.98,  34.98,  34.95,  34.91,  34.84,  34.69,  34.67,  35.02,  35.04,  35.09,  35.05,  34.86,  34.83,  34.99,  35.10
20160209, 0000,  , TD, 19.1S,  51.0E,  25, 1004,    0,    0,    0,    0,    0,    0,    0,    0,    0,    0,    0,    0, -999,  35.02,  35.07,  35.05,  35.03,  35.09,  35.14,  35.14,  35.12,  34.94,  34.98,  35.00,  35.06,  35.09,  35.14,  34.91,  34.97,  34.96,  34.97,  34.95,  34.85,  34.67,  34.66,  34.81,  34.84,  34.89,  34.81,  34.88,  34.75,  34.87,  35.15,  35.05
20160209, 0600,  , TD, 20.1S,  50.8E,  25, 1004,    0,    0,    0,    0,    0,    0,    0,    0,    0,    0,    0,    0, -999,  35.02,  35.03,  35.02,  35.18,  35.26,  35.16,  35.12,  35.00,  35.12,  35.07,  34.95,  34.86,  34.88,  35.05,  35.02,  35.10,  35.17,  35.19,  35.18,  35.12,  34.91,  34.81,  34.72,  34.82,  34.92,  34.97,  34.93,  34.99,  35.10,  35.15,  35.16
20160209, 1200,  , TD, 20.9S,  50.7E,  30, 1000,    0,    0,    0,    0,    0,    0,    0,    0,    0,    0,    0,    0, -999,  35.00,  35.01,  34.98,  35.01,  35.06,  35.24,  35.20,  35.12,  35.06,  34.94,  35.21,  35.12,  35.15,  35.08,  35.06,  35.09,  35.09,  35.02,  35.01,  35.06,  34.97,  34.95,  34.89,  34.96,  34.98,  35.01,  34.97,  35.01,  35.03,  35.12,  35.13
20160209, 1800,  , TD, 21.6S,  50.8E,  30, 1000,    0,    0,    0,    0,    0,    0,    0,    0,    0,    0,    0,    0, -999,  35.14,  35.06,  34.97,  35.06,  35.01,  35.04,  35.06,  35.12,  35.16,  35.19,  35.01,  35.10,  35.12,  35.03,  35.02,  35.00,  35.03,  35.09,  35.16,  35.14,  35.06,  35.03,  35.02,  35.11,  35.13,  35.15,  35.13,  35.12,  35.12,  35.25,  35.30
20160210, 0000,  , TD, 22.3S,  51.1E,  30,  999,    0,    0,    0,    0,    0,    0,    0,    0,    0,    0,    0,    0, -999,  35.17,  35.00,  35.01,  35.09,  35.09,  35.07,  35.11,  35.11,  35.08,  35.10,  35.14,  35.17,  35.02,  34.91,  35.03,  35.05,  35.05,  35.02,  35.17,  35.19,  35.14,  35.09,  35.06,  35.05,  35.05,  35.00,  35.11,  35.14,  35.13,  35.17,  35.22
20160210, 0600,  , TS, 22.9S,  51.6E,  35,  996,    0,    0,    0,    0,    0,    0,    0,    0,    0,    0,    0,    0, -999,  35.47,  35.35,  35.06,  35.14,  35.29,  35.22,  35.21,  35.22,  35.03,  35.07,  35.06,  35.17,  35.08,  35.11,  35.09,  35.06,  35.09,  35.13,  35.26,  35.28,  35.25,  35.23,  35.31,  35.24,  35.03,  34.97,  35.01,  35.08,  35.15,  35.11,  35.39
20160210, 1200,  , TS, 23.7S,  52.1E,  35,  996,    0,    0,    0,    0,    0,    0,    0,    0,    0,    0,    0,    0, -999,  35.31,  35.23,  35.19,  35.27,  35.37,  35.23,  35.16,  35.18,  35.12,  35.20,  35.03,  35.14,  35.19,  35.22,  35.23,  35.26,  35.33,  35.40,  35.42,  35.42,  35.42,  35.30,  35.21,  35.15,  35.13,  35.18,  35.02,  34.88,  35.00,  34.99,  35.09
20160210, 1800,  , TS, 24.2S,  52.6E,  35,  996,    0,    0,    0,    0,    0,    0,    0,    0,    0,    0,    0,    0, -999,  35.37,  35.38,  35.42,  35.39,  35.46,  35.25,  35.09,  35.21,  34.99,  35.10,  35.03,  35.13,  35.26,  35.28,  35.35,  35.42,  35.47,  35.48,  35.40,  35.31,  35.34,  35.30,  35.04,  35.03,  35.21,  35.01,  35.14,  35.12,  35.15,  35.31,  35.22
20160211, 0000,  , TS, 24.8S,  53.2E,  40,  993,   30,   35,   35,   30,    0,    0,    0,    0,    0,    0,    0,    0, -999,  35.44,  35.48,  35.23,  35.32,  35.30,  35.30,  35.30,  35.36,  35.36,  35.24,  35.40,  35.29,  35.35,  35.31,  35.39,  35.37,  35.47,  35.59,  35.77,  35.59,  35.54,  35.53,  35.49,  35.49,  35.33,  35.30,  35.25,  35.29,  35.61,  35.37,  35.25
20160211, 0600,  , TS, 25.6S,  54.0E,  45,  989,   30,   40,   40,   30,    0,    0,    0,    0,    0,    0,    0,    0, -999,  35.56,  35.54,  35.41,  35.39,  35.43,  35.44,  35.45,  35.46,  35.45,  35.45,  35.47,  35.50,  35.54,  35.54,  35.53,  35.49,  35.45,  35.44,  35.42,  35.42,  35.46,  35.50,  35.55,  35.55,  35.49,  35.51,  35.49,  35.47,  35.41,  35.40,  35.31
20160211, 1200,  , TS, 26.4S,  55.1E,  50,  985,   90,   90,   55,   55,    0,    0,    0,    0,    0,    0,    0,    0, -999,  35.51,  35.50,  35.51,  35.43,  35.39,  35.41,  35.40,  35.40,  35.39,  35.38,  35.45,  35.43,  35.36,  35.38,  35.44,  35.46,  35.49,  35.42,  35.37,  35.23,  35.31,  35.33,  35.31,  35.16,  35.09,  35.22,  35.27,  35.03,  35.12,  35.24,  35.44
20160211, 1800,  , TS, 27.6S,  55.8E,  45,  989,   90,   90,   55,   55,    0,    0,    0,    0,    0,    0,    0,    0, -999,  35.31,  35.39,  35.44,  35.47,  35.43,  35.43,  35.41,  35.40,  35.44,  35.42,  35.40,  35.42,  35.32,  35.29,  35.31,  35.34,  35.43,  35.57,  35.64,  35.63,  35.46,  35.43,  35.29,  35.21,  35.38,  35.43,  35.48,  35.43,  35.57,  35.63,  35.50
20160212, 0000,  , TS, 28.9S,  56.2E,  40,  993,   90,   90,   55,   55,    0,    0,    0,    0,    0,    0,    0,    0, -999,  35.43,  35.42,  35.42,  35.45,  35.49,  35.50,  35.46,  35.41,  35.38,  35.53,  35.56,  35.51,  35.50,  35.48,  35.46,  35.45,  35.45,  35.41,  35.39,  35.44,  35.48,  35.45,  35.39,  35.48,  35.54,  35.48,  35.47,  35.49,  35.48,  35.49,  35.50
20160212, 0600,  , XX, 30.5S,  56.9E,  35,  996,   90,   90,   55,   55,    0,    0,    0,    0,    0,    0,    0,    0, -999,  35.34,  35.33,  35.29,  35.24,  35.20,  35.25,  35.26,  35.27,  35.31,  35.26,  35.27,  35.31,  35.35,  35.38,  35.42,  35.45,  35.44,  35.43,  35.42,  35.51,  35.58,  35.56,  35.54,  35.52,  35.52,  35.52,  35.51,  35.45,  35.47,  35.44,  35.45
20160212, 1200,  , XX, 32.4S,  58.1E,  30, 1000,    0,    0,    0,    0,    0,    0,    0,    0,    0,    0,    0,    0, -999,  35.19,  35.17,  35.16,  35.16,  35.17,  35.18,  35.23,  35.26,  35.29,  35.30,  35.31,  35.30,  35.33,  35.29,  35.30,  35.28,  35.26,  35.25,  35.27,  35.24,  35.27,  35.27,  35.26,  35.27,  35.32,  35.36,  35.35,  35.40,  35.39,  35.30,  35.30
