SH112015,              FUNDI,     21,
20150205, 1800,  , TD, 21.3S,  40.7E,  25, 1004,    0,    0,    0,    0,    0,    0,    0,    0,    0,    0,    0,    0, -999,  26.82,  27.01,  26.75,  26.74,  27.05,  26.77,  26.92,  27.34,  26.41,  25.40,  26.50,  27.91,  28.20,  28.91,  28.05,  28.06,  27.47,  27.62,  27.56,  27.25,  26.86,  26.77,  27.41,  28.62,  27.56,  27.33,  27.38,  28.02,  28.29,  28.25,  28.37
20150206, 0000,  , TD, 21.5S,  41.0E,  25, 1003,    0,    0,    0,    0,    0,    0,    0,    0,    0,    0,    0,    0, -999,  27.32,  27.86,  27.49,  27.46,  27.36,  27.07,  27.47,  27.32,  26.37,  26.54,  27.53,  28.17,  29.14,  28.63,  27.76,  27.37,  27.59,  27.80,  27.40,  27.31,  26.57,  27.28,  28.31,  27.63,  27.52,  27.23,  27.60,  27.71,  27.73,  28.16,  28.17
20150206, 0600,  , TD, 21.6S,  41.5E,  25, 1004,    0,    0,    0,    0,    0,    0,    0,    0,    0,    0,    0,    0, -999,  28.28,  28.31,  27.95,  28.29,  28.37,  29.00,  28.93,  28.63,  27.41,  27.11,  28.43,  28.60,  28.79,  28.45,  27.54,  27.22,  27.15,  27.45,  26.98,  26.91,  26.80,  28.79,  29.52,  28.55,  28.39,  28.02,  27.79,  27.59,  27.39,  28.00,  28.14
20150206, 0900,  , TD, 21.8S,  42.1E,  30, 1000,    0,    0,    0,    0,    0,    0,    0,    0,    0,    0,    0,    0, -999,  28.21,  27.91,  27.61,  28.29,  28.50,  28.83,  28.23,  27.68,  27.36,  28.51,  28.39,  28.41,  28.48,  28.07,  27.62,  27.52,  27.35,  27.52,  27.16,  26.52,  27.38,  28.21,  29.39,  28.61,  28.46,  28.14,  27.88,  27.47,  27.65,  28.00,  28.47
20150206, 1200,  , TD, 22.2S,  42.6E,  30, 1000,    0,    0,    0,    0,    0,    0,    0,    0,    0,    0,    0,    0, -999,  27.71,  27.58,  27.35,  27.96,  28.03,  28.30,  28.46,  28.22,  28.08,  27.85,  28.04,  29.20,  28.57,  28.19,  27.49,  27.12,  26.99,  27.04,  27.23,  26.59,  27.77,  27.07,  29.31,  28.46,  27.42,  28.50,  27.95,  27.47,  27.50,  28.04,  28.82
20150206, 1500,  , TD, 22.4S,  42.8E,  30, 1000,    0,    0,    0,    0,    0,    0,    0,    0,    0,    0,    0,    0, -999,  27.70,  27.46,  27.39,  27.85,  27.77,  28.50,  28.53,  28.46,  28.59,  28.35,  28.62,  29.19,  28.55,  28.13,  27.48,  27.12,  26.92,  26.97,  27.20,  26.85,  27.59,  27.21,  29.18,  28.03,  27.34,  28.72,  28.05,  27.40,  27.50,  28.22,  29.09
20150206, 1800,  , TS, 22.8S,  42.8E,  35,  996,    0,    0,    0,    0,    0,    0,    0,    0,    0,    0,    0,    0, -999,  27.75,  27.52,  27.27,  27.37,  27.76,  28.52,  28.98,  28.62,  28.69,  28.52,  28.55,  28.59,  28.20,  28.36,  28.01,  27.77,  27.23,  27.31,  27.35,  27.10,  27.92,  27.58,  29.05,  28.19,  27.11,  28.52,  27.83,  27.08,  27.20,  27.85,  28.22
20150207, 0000,  , TS, 23.4S,  42.9E,  40,  993,   40,   45,   40,   40,    0,    0,    0,    0,    0,    0,    0,    0, -999,  26.91,  26.71,  26.76,  27.31,  27.87,  28.50,  27.64,  28.06,  28.14,  27.20,  27.64,  27.84,  27.59,  27.19,  27.45,  26.79,  26.89,  27.30,  26.35,  27.20,  27.88,  27.88,  26.45,  26.26,  27.37,  27.68,  27.27,  27.53,  27.63,  27.27,  27.01
20150207, 0600,  , TS, 24.0S,  43.0E,  40,  993,   40,   45,   40,   40,    0,    0,    0,    0,    0,    0,    0,    0, -999,  27.07,  26.67,  26.52,  26.54,  27.68,  28.63,  28.39,  28.33,  28.43,  27.25,  27.57,  26.94,  27.57,  27.08,  27.42,  26.31,  26.52,  26.59,  26.37,  26.64,  27.30,  27.86,  27.30,  25.96,  26.69,  28.09,  28.10,  28.10,  27.84,  27.76,  27.27
20150207, 1200,  , TS, 24.7S,  43.2E,  40,  993,   40,   45,   40,   40,    0,    0,    0,    0,    0,    0,    0,    0, -999,  27.02,  26.21,  26.33,  26.89,  27.96,  28.62,  28.56,  28.55,  28.86,  27.85,  28.43,  27.66,  27.76,  27.15,  27.23,  26.54,  26.32,  26.59,  26.49,  26.72,  28.20,  27.97,  28.22,  27.38,  26.87,  28.52,  28.33,  28.19,  27.01,  27.27,  27.79
20150207, 1800,  , TS, 25.6S,  43.6E,  40,  993,   40,   45,   40,   40,    0,    0,    0,    0,    0,    0,    0,    0, -999,  26.99,  27.03,  27.48,  27.59,  28.14,  27.73,  27.65,  27.52,  27.49,  27.45,  27.07,  27.13,  27.50,  27.15,  27.09,  27.52,  26.53,  26.90,  27.32,  27.45,  28.94,  28.51,  28.34,  27.56,  27.45,  28.28,  27.59,  26.96,  26.44,  26.40,  26.97
20150208, 0000,  , TS, 26.4S,  43.8E,  45,  989,   40,   45,   35,   35,    0,    0,    0,    0,    0,    0,    0,    0, -999,  26.26,  26.42,  26.86,  26.81,  26.83,  27.02,  26.42,  26.90,  27.04,  26.95,  26.75,  26.90,  26.94,  25.75,  26.75,  26.44,  26.52,  26.17,  26.77,  28.05,  27.41,  27.35,  26.94,  26.39,  28.03,  26.92,  26.87,  26.19,  26.61,  26.53,  26.59
20150208, 0600,  , TS, 28.4S,  44.0E,  55,  982,   50,   50,   45,   45,    0,    0,    0,    0,    0,    0,    0,    0, -999,  26.26,  26.11,  26.13,  25.83,  26.39,  26.07,  26.12,  26.30,  26.39,  26.21,  26.02,  26.00,  26.13,  25.81,  26.47,  26.72,  26.20,  25.98,  26.68,  25.76,  26.24,  26.35,  26.87,  26.87,  27.15,  26.07,  25.88,  26.12,  26.02,  25.82,  25.62
20150208, 1200,  , TS, 30.4S,  44.1E,  50,  985,   35,   40,   30,   30,    0,    0,    0,    0,    0,    0,    0,    0, -999,  24.87,  24.94,  25.52,  23.52,  24.85,  23.83,  23.61,  23.00,  22.05,  21.99,  23.76,  23.66,  23.00,  23.20,  23.71,  24.38,  23.34,  24.49,  25.12,  25.09,  25.51,  25.44,  24.93,  25.84,  26.16,  25.89,  24.83,  23.97,  24.35,  24.70,  25.20
20150208, 1800,  , TS, 32.7S,  44.2E,  50,  985,   35,   40,   30,   30,    0,    0,    0,    0,    0,    0,    0,    0, -999,  21.13,  21.26,  21.43,  22.56,  22.74,  22.19,  21.97,  22.02,  21.47,  21.70,  21.65,  21.32,  21.20,  21.03,  21.45,  21.70,  21.57,  21.39,  21.39,  22.17,  22.80,  23.16,  23.14,  23.09,  23.74,  23.32,  23.28,  23.23,  23.63,  24.17,  23.91
20150209, 0000,  , TS, 34.2S,  43.6E,  45,  989,   35,   40,   30,   30,    0,    0,    0,    0,    0,    0,    0,    0, -999,  21.56,  21.82,  21.84,  22.00,  22.14,  21.83,  21.91,  22.07,  21.67,  21.60,  22.07,  22.18,  22.26,  23.00,  22.18,  21.64,  21.65,  22.27,  22.18,  21.91,  21.88,  22.65,  22.83,  22.97,  22.39,  21.93,  22.16,  21.93,  22.05,  21.77,  21.57
20150209, 0600,  , XX, 34.9S,  42.8E,  35,  996,   35,   40,   30,   30,    0,    0,    0,    0,    0,    0,    0,    0, -999,  21.08,  21.86,  21.44,  21.65,  21.98,  21.55,  21.02,  21.29,  20.90,  20.74,  21.00,  21.11,  21.39,  22.25,  19.95,  20.91,  21.01,  20.91,  21.16,  21.54,  21.43,  21.95,  22.15,  21.94,  21.42,  21.02,  21.00,  21.26,  21.51,  21.20,  21.34
20150209, 1200,  , XX, 35.4S,  42.1E,  30, 1000,    0,    0,    0,    0,    0,    0,    0,    0,    0,    0,    0,    0, -999,  21.45,  21.73,  22.00,  22.07,  21.93,  21.69,  21.24,  20.99,  21.11,  21.35,  21.43,  21.39,  21.11,  22.17,  21.37,  21.43,  21.42,  21.51,  21.77,  21.47,  21.21,  22.48,  22.50,  22.39,  21.99,  21.46,  21.45,  21.74,  22.13,  21.99,  22.14
20150209, 1800,  , XX, 35.9S,  41.2E,  30, 1000,    0,    0,    0,    0,    0,    0,    0,    0,    0,    0,    0,    0, -999,  21.50,  21.80,  21.85,  22.05,  21.51,  21.65,  21.49,  21.22,  21.33,  21.22,  21.66,  21.91,  22.09,  22.36,  22.83,  22.24,  22.30,  22.03,  21.88,  21.79,  22.25,  22.58,  22.68,  22.52,  22.12,  21.88,  21.60,  21.95,  22.01,  21.81,  21.62
20150210, 0000,  , XX, 36.4S,  40.8E,  30, 1000,    0,    0,    0,    0,    0,    0,    0,    0,    0,    0,    0,    0, -999,  21.87,  21.89,  22.11,  21.84,  21.52,  21.59,  21.35,  21.29,  21.26,  21.37,  21.57,  21.40,  21.69,  22.59,  22.21,  22.10,  21.77,  21.57,  22.04,  23.04,  22.78,  22.42,  22.25,  22.05,  21.98,  21.76,  21.96,  21.88,  21.98,  21.54,  21.40
20150210, 0600,  , XX, 36.9S,  40.3E,  30, 1000,    0,    0,    0,    0,    0,    0,    0,    0,    0,    0,    0,    0, -999,  21.60,  21.69,  21.85,  21.66,  21.89,  21.54,  20.96,  20.95,  20.89,  21.16,  21.73,  21.55,  21.86,  22.74,  22.05,  21.49,  20.42,  21.59,  21.03,  22.43,  22.35,  22.04,  22.31,  22.42,  22.10,  21.98,  21.73,  21.62,  21.93,  21.68,  21.57
