SH112012,              CYRIL,     13,
20120205, 1200,  , DB, 17.0S, 176.0E,  20,  998,    0,    0,    0,    0,    0,    0,    0,    0,    0,    0,    0,    0, -999,  35.56,  35.59,  35.70,  35.62,  35.49,  35.40,  35.37,  35.35,  35.43,  35.52,  35.53,  35.60,  35.57,  35.49,  35.49,  35.55,  35.65,  35.59,  35.59,  35.57,  35.58,  35.63,  35.56,  35.51,  35.53,  35.43,  35.41,  35.37,  35.31,  35.33,  35.37
20120205, 1800,  , TD, 17.1S, 177.9E,  25,  998,    0,    0,    0,    0,    0,    0,    0,    0,    0,    0,    0,    0, -999,  35.32,  35.33,  35.34,  35.32,  35.39,  35.48,  35.49,  35.47,  35.38,  35.36,  35.35,  35.34,  35.30,  35.30,  35.20,  35.20,  35.35,  35.17,  35.12,  35.21,  35.24,  35.27,  35.23,  35.24,  35.24,  35.16,  35.17,  35.16,  35.16,  35.16,  35.20
20120206, 0000,  , TD, 17.1S, 179.8E,  25,  998,    0,    0,    0,    0,    0,    0,    0,    0,    0,    0,    0,    0, -999,  35.59,  35.59,  35.60,  35.50,  35.48,  35.48,  35.48,  35.50,  35.52,  35.47,  35.41,  35.34,  35.35,  35.39,  35.32,  35.21,  35.13,  35.13,  35.17,  35.23,  35.22,  35.30,  35.25,  35.24,  35.25,  35.33,  35.29,  35.44,  35.63,  35.65,  35.70
20120206, 0600,  , TD, 17.5S, 178.0W,  30, 1000,    0,    0,    0,    0,    0,    0,    0,    0,    0,    0,    0,    0, -999,  35.70,  35.65,  35.63,  35.60,  35.62,  35.68,  35.71,  35.71,  35.71,  35.69,  35.65,  35.62,  35.69,  35.72,  35.64,  35.60,  35.66,  35.64,  35.54,  35.54,  35.51,  35.51,  35.52,  35.60,  35.63,  35.59,  35.56,  35.60,  35.62,  35.61,  35.61
20120206, 1200,  , TS, 18.2S, 175.7W,  35,  996,    0,    0,    0,    0,    0,    0,    0,    0,    0,    0,    0,    0, -999,  35.76,  35.75,  35.72,  35.69,  35.68,  35.67,  35.70,  35.65,  35.61,  35.61,  35.54,  35.50,  35.52,  35.49,  35.63,  35.68,  35.73,  35.68,  35.79,  35.82,  35.82,  35.81,  35.75,  35.72,  35.69,  35.66,  35.70,  35.84,  35.85,  35.80,  35.82
20120206, 1800,  , TS, 19.0S, 173.8W,  40,  993,   30,   15,   15,   25,    0,    0,    0,    0,    0,    0,    0,    0, -999,  35.90,  35.88,  35.86,  35.90,  35.89,  35.89,  35.87,  35.87,  35.88,  35.88,  35.85,  35.79,  35.75,  35.77,  35.74,  35.79,  35.82,  35.86,  35.88,  35.90,  35.90,  35.88,  35.85,  35.73,  35.65,  35.65,  35.69,  35.76,  35.82,  35.82,  35.79
20120207, 0000,  , TS, 20.1S, 171.8W,  55,  982,   35,   20,   20,   30,    0,    0,    0,    0,    0,    0,    0,    0, -999,  35.67,  35.66,  35.64,  35.65,  35.73,  35.72,  35.70,  35.70,  35.71,  35.61,  35.60,  35.59,  35.61,  35.62,  35.63,  35.62,  35.67,  35.67,  35.69,  35.70,  35.69,  35.70,  35.68,  35.70,  35.73,  35.72,  35.77,  35.75,  35.70,  35.79,  35.88
20120207, 0600,  , TS, 21.5S, 170.0W,  55,  982,   35,   20,   20,   30,   10,   10,   10,   10,    0,    0,    0,    0, -999,  35.66,  35.58,  35.61,  35.62,  35.65,  35.65,  35.67,  35.65,  35.68,  35.67,  35.62,  35.59,  35.63,  35.63,  35.60,  35.61,  35.62,  35.57,  35.54,  35.51,  35.48,  35.51,  35.47,  35.40,  35.41,  35.43,  35.47,  35.52,  35.63,  35.66,  35.65
20120207, 1200,  , TS, 23.2S, 167.1W,  55,  982,   45,   35,   25,   35,    0,    0,    0,    0,    0,    0,    0,    0, -999,  35.72,  35.71,  35.69,  35.71,  35.70,  35.69,  35.63,  35.62,  35.64,  35.64,  35.70,  35.69,  35.69,  35.71,  35.68,  35.63,  35.64,  35.62,  35.67,  35.70,  35.67,  35.67,  35.66,  35.67,  35.68,  35.65,  35.57,  35.59,  35.55,  35.61,  35.61
20120207, 1800,  , TS, 25.3S, 164.2W,  50,  985,   40,   30,   20,   30,    0,    0,    0,    0,    0,    0,    0,    0, -999,  35.60,  35.61,  35.63,  35.64,  35.65,  35.62,  35.58,  35.52,  35.50,  35.52,  35.55,  35.55,  35.55,  35.57,  35.55,  35.54,  35.51,  35.50,  35.49,  35.49,  35.49,  35.48,  35.49,  35.50,  35.50,  35.55,  35.57,  35.58,  35.55,  35.53,  35.53
20120208, 0000,  , TS, 27.7S, 161.1W,  45,  989,   40,   30,   20,   30,    0,    0,    0,    0,    0,    0,    0,    0, -999,  35.54,  35.54,  35.52,  35.51,  35.54,  35.52,  35.47,  35.37,  35.34,  35.40,  35.49,  35.50,  35.48,  35.48,  35.47,  35.50,  35.52,  35.50,  35.47,  35.46,  35.46,  35.47,  35.47,  35.47,  35.45,  35.46,  35.47,  35.45,  35.45,  35.44,  35.44
20120208, 0600,  , EX, 29.6S, 158.0W,  35,  996,   40,   30,   20,   30,    0,    0,    0,    0,    0,    0,    0,    0, -999,  35.44,  35.44,  35.44,  35.45,  35.44,  35.39,  35.37,  35.37,  35.38,  35.39,  35.38,  35.38,  35.38,  35.38,  35.38,  35.39,  35.40,  35.41,  35.41,  35.41,  35.43,  35.44,  35.45,  35.45,  35.46,  35.47,  35.46,  35.41,  35.38,  35.37,  35.37
20120208, 1200,  , EX, 30.8S, 154.1W,  30, 1000,    0,    0,    0,    0,    0,    0,    0,    0,    0,    0,    0,    0, -999,  35.38,  35.40,  35.40,  35.41,  35.41,  35.41,  35.41,  35.40,  35.39,  35.38,  35.38,  35.38,  35.37,  35.38,  35.38,  35.37,  35.35,  35.35,  35.35,  35.36,  35.36,  35.35,  35.34,  35.34,  35.34,  35.34,  35.36,  35.39,  35.43,  35.47,  35.50
