SH111994,            UNNAMED,     45,
19940118, 1200,  , LO, 17.3S, 173.8E,  15,    0,    0,    0,    0,    0,    0,    0,    0,    0,    0,    0,    0,    0, -999,  35.08,  35.22,  35.23,  35.25,  35.23,  35.22,  35.20,  35.20,  35.22,  35.23,  35.24,  35.25,  35.25,  35.24,  35.23,  35.22,  35.20,  35.13,  35.11,  35.14,  35.15,  35.14,  35.16,  35.12,  35.11,  35.18,  35.19,  35.17,  35.17,  35.18,  35.19
19940118, 1800,  , LO, 16.9S, 173.3E,  15,    0,    0,    0,    0,    0,    0,    0,    0,    0,    0,    0,    0,    0, -999,  34.97,  35.04,  35.05,  35.06,  35.03,  35.09,  35.09,  35.13,  35.16,  35.11,  35.15,  35.15,  35.18,  35.23,  35.24,  35.24,  35.22,  35.08,  35.09,  35.14,  35.10,  35.05,  35.00,  34.92,  35.06,  35.12,  35.20,  35.20,  35.19,  35.17,  35.16
19940119, 0000,  , LO, 16.5S, 172.9E,  20,    0,    0,    0,    0,    0,    0,    0,    0,    0,    0,    0,    0,    0, -999,  34.99,  35.03,  35.04,  35.03,  35.07,  35.07,  35.09,  35.11,  35.08,  35.09,  35.10,  35.13,  35.14,  35.15,  35.13,  35.14,  35.06,  35.09,  35.01,  34.97,  34.94,  34.94,  34.95,  35.03,  35.05,  35.06,  35.07,  35.07,  35.07,  35.07,  35.02
19940119, 0600,  , LO, 16.2S, 172.4E,  25,    0,    0,    0,    0,    0,    0,    0,    0,    0,    0,    0,    0,    0, -999,  35.16,  35.03,  35.07,  35.05,  35.09,  35.13,  35.13,  35.15,  35.12,  35.09,  35.09,  35.11,  35.12,  35.12,  35.11,  35.07,  34.95,  35.02,  34.95,  34.99,  35.00,  34.99,  34.97,  35.04,  35.06,  35.07,  35.06,  35.06,  35.05,  35.04,  35.02
19940119, 1200,  , LO, 16.0S, 172.0E,  25,    0,    0,    0,    0,    0,    0,    0,    0,    0,    0,    0,    0,    0, -999,  35.12,  35.15,  35.14,  35.16,  35.16,  35.14,  35.12,  35.13,  35.12,  35.10,  35.07,  35.11,  35.11,  35.11,  35.09,  35.05,  34.99,  35.05,  34.97,  35.03,  35.04,  35.04,  35.00,  35.01,  35.03,  35.04,  35.03,  35.01,  34.99,  34.97,  34.95
19940119, 1800,  , LO, 15.6S, 171.7E,  25,    0,    0,    0,    0,    0,    0,    0,    0,    0,    0,    0,    0,    0, -999,  35.15,  35.16,  35.16,  35.17,  35.17,  35.16,  35.15,  35.14,  35.13,  35.13,  35.08,  35.11,  35.11,  35.11,  35.10,  35.03,  35.01,  35.09,  35.03,  35.03,  35.04,  34.96,  34.96,  34.97,  34.96,  34.97,  34.99,  35.00,  35.01,  35.00,  35.01
19940120, 0000,  , LO, 15.0S, 171.4E,  25,    0,    0,    0,    0,    0,    0,    0,    0,    0,    0,    0,    0,    0, -999,  35.15,  35.14,  35.16,  35.18,  35.19,  35.19,  35.17,  35.09,  35.05,  35.09,  35.06,  34.91,  34.92,  34.91,  34.89,  34.90,  34.92,  35.00,  35.00,  34.93,  34.80,  34.94,  34.94,  34.93,  34.94,  34.94,  34.92,  34.91,  34.89,  34.91,  34.94
19940120, 0600,  , LO, 14.8S, 171.0E,  25,    0,    0,    0,    0,    0,    0,    0,    0,    0,    0,    0,    0,    0, -999,  35.06,  35.05,  35.06,  35.07,  35.08,  35.10,  35.08,  35.13,  35.13,  35.13,  35.08,  35.01,  35.00,  35.03,  35.01,  34.95,  34.89,  35.05,  35.00,  34.95,  34.68,  34.90,  34.88,  34.90,  34.92,  34.93,  34.94,  34.92,  34.88,  34.89,  34.89
19940120, 1200,  , LO, 14.5S, 170.5E,  25,    0,    0,    0,    0,    0,    0,    0,    0,    0,    0,    0,    0,    0, -999,  35.06,  35.06,  35.08,  35.08,  35.09,  35.09,  35.08,  35.08,  35.07,  35.06,  35.06,  35.07,  35.05,  35.04,  35.03,  35.02,  34.93,  35.10,  35.05,  35.05,  34.62,  34.84,  34.86,  34.84,  34.90,  34.90,  34.86,  34.87,  34.87,  34.88,  34.84
19940120, 1800,  , LO, 15.1S, 169.1E,  25,    0,    0,    0,    0,    0,    0,    0,    0,    0,    0,    0,    0,    0, -999,  35.04,  35.02,  35.05,  35.07,  35.08,  35.08,  35.07,  35.06,  35.05,  35.04,  35.08,  35.03,  34.98,  34.96,  34.95,  34.92,  34.86,  35.03,  34.85,  34.89,  34.72,  34.96,  35.02,  35.07,  35.10,  35.09,  35.11,  35.11,  35.11,  35.09,  35.09
19940121, 0000,  , LO, 15.7S, 167.5E,  25,    0,    0,    0,    0,    0,    0,    0,    0,    0,    0,    0,    0,    0, -999,  35.03,  35.07,  35.14,  35.18,  35.20,  35.16,  35.12,  35.10,  35.08,  35.03,  34.97,  34.95,  34.99,  35.05,  35.05,  35.03,  35.02,  35.03,  35.02,  35.01,  35.01,  35.11,  35.11,  35.10,  35.09,  35.08,  35.06,  35.06,  35.05,  35.02,  35.02
19940121, 0600,  , LO, 15.6S, 165.8E,  25,    0,    0,    0,    0,    0,    0,    0,    0,    0,    0,    0,    0,    0, -999,  35.05,  35.05,  35.14,  35.24,  35.25,  35.24,  35.22,  35.21,  35.18,  35.17,  35.14,  35.12,  35.12,  35.11,  35.10,  35.03,  35.04,  34.96,  34.94,  34.92,  35.01,  35.02,  34.99,  34.98,  34.97,  34.98,  35.01,  35.04,  35.03,  35.01,  35.02
19940121, 1200,  , LO, 15.5S, 164.9E,  30,    0,    0,    0,    0,    0,    0,    0,    0,    0,    0,    0,    0,    0, -999,  35.02,  35.04,  35.05,  35.05,  35.05,  35.05,  35.05,  35.08,  35.06,  35.03,  35.02,  35.01,  35.00,  35.01,  35.02,  35.07,  35.08,  35.03,  35.02,  35.02,  35.05,  35.04,  35.05,  35.04,  34.98,  35.01,  34.98,  35.02,  35.01,  35.00,  35.00
19940121, 1800,  , LO, 15.4S, 164.5E,  30,    0,    0,    0,    0,    0,    0,    0,    0,    0,    0,    0,    0,    0, -999,  35.02,  35.02,  35.03,  35.05,  35.05,  35.05,  35.05,  35.04,  35.04,  35.06,  35.07,  35.08,  35.02,  35.00,  35.05,  35.02,  35.05,  35.02,  35.03,  35.07,  35.00,  35.05,  35.02,  35.04,  34.94,  34.98,  34.92,  35.00,  35.00,  34.99,  34.99
19940122, 0000,  , TS, 15.2S, 164.1E,  35,    0,    0,    0,    0,    0,    0,    0,    0,    0,    0,    0,    0,    0, -999,  35.01,  35.01,  35.02,  35.00,  35.02,  35.03,  35.01,  35.01,  35.02,  35.00,  34.98,  34.98,  35.02,  35.06,  35.07,  35.05,  34.98,  34.90,  35.04,  35.03,  35.04,  34.99,  34.92,  34.91,  34.89,  34.88,  34.96,  34.98,  35.00,  34.99,  35.00
19940122, 0600,  , TS, 14.9S, 163.6E,  45,    0,    0,    0,    0,    0,    0,    0,    0,    0,    0,    0,    0,    0, -999,  34.94,  34.92,  34.93,  34.92,  34.92,  34.92,  34.97,  34.99,  34.95,  34.96,  34.95,  34.94,  34.92,  34.94,  34.98,  34.98,  34.89,  34.97,  34.93,  35.05,  34.94,  34.93,  34.89,  34.87,  34.86,  34.87,  34.89,  34.90,  34.89,  34.89,  34.90
19940122, 1200,  , TS, 14.6S, 162.8E,  55,    0,    0,    0,    0,    0,    0,    0,    0,    0,    0,    0,    0,    0, -999,  35.05,  34.98,  34.92,  34.91,  34.90,  34.90,  34.88,  34.87,  34.89,  34.93,  34.98,  34.95,  34.91,  34.94,  34.98,  34.87,  34.93,  34.88,  35.15,  35.26,  35.22,  35.26,  35.16,  35.11,  34.92,  34.93,  34.97,  34.99,  34.92,  34.92,  34.89
19940122, 1800,  , HU, 14.5S, 162.5E,  65,    0,    0,    0,    0,    0,    0,    0,    0,    0,    0,    0,    0,    0, -999,  35.05,  35.03,  35.03,  35.00,  34.94,  34.89,  34.88,  34.87,  34.87,  34.87,  34.87,  34.87,  34.87,  34.92,  34.95,  34.89,  34.89,  34.84,  35.03,  35.31,  35.27,  35.26,  35.27,  35.26,  34.94,  34.98,  35.11,  34.97,  34.95,  34.95,  34.89
19940123, 0000,  , HU, 14.3S, 162.1E,  80,    0,    0,    0,    0,    0,    0,    0,    0,    0,    0,    0,    0,    0, -999,  35.06,  35.04,  35.03,  35.02,  35.01,  34.99,  34.90,  34.86,  34.87,  34.87,  34.88,  34.86,  34.86,  34.90,  34.90,  34.90,  34.86,  35.02,  35.29,  35.22,  35.24,  35.23,  35.26,  35.19,  35.17,  35.16,  35.13,  35.10,  35.06,  35.08,  34.91
19940123, 0600,  , HU, 14.3S, 162.0E,  90,    0,    0,    0,    0,    0,    0,    0,    0,    0,    0,    0,    0,    0, -999,  35.03,  35.06,  35.04,  35.02,  35.01,  35.00,  34.98,  34.88,  34.87,  34.88,  34.90,  34.87,  34.85,  34.86,  34.87,  34.88,  34.85,  34.97,  35.27,  35.30,  35.29,  35.26,  35.23,  35.20,  35.20,  35.20,  35.15,  35.17,  35.15,  35.09,  35.05
19940123, 1200,  , HU, 14.2S, 161.7E,  95,    0,    0,    0,    0,    0,    0,    0,    0,    0,    0,    0,    0,    0, -999,  35.07,  35.01,  34.96,  34.95,  34.93,  34.92,  34.91,  34.94,  34.94,  34.94,  34.91,  34.85,  34.85,  34.86,  34.92,  34.91,  34.89,  35.04,  35.31,  35.23,  35.28,  35.25,  35.21,  35.16,  35.20,  35.14,  35.15,  35.11,  35.09,  34.99,  34.85
19940123, 1800,  , HU, 14.2S, 161.5E, 100,    0,    0,    0,    0,    0,    0,    0,    0,    0,    0,    0,    0,    0, -999,  35.09,  35.05,  35.00,  34.95,  34.93,  34.91,  34.90,  34.93,  34.93,  34.96,  34.94,  34.88,  34.86,  34.85,  34.90,  34.84,  34.86,  34.98,  35.30,  35.24,  35.29,  35.23,  35.26,  35.12,  35.16,  35.08,  35.11,  35.08,  35.08,  35.05,  34.99
19940124, 0000,  , HU, 14.5S, 161.6E, 100,    0,    0,    0,    0,    0,    0,    0,    0,    0,    0,    0,    0,    0, -999,  35.01,  34.97,  34.97,  34.95,  34.95,  34.92,  34.92,  34.90,  34.97,  34.99,  34.92,  34.87,  34.87,  34.95,  34.83,  34.84,  34.92,  35.21,  35.26,  35.27,  35.26,  35.29,  35.23,  35.22,  35.23,  35.21,  35.20,  35.18,  35.09,  35.06,  35.12
19940124, 0600,  , HU, 14.8S, 161.7E, 100,    0,    0,    0,    0,    0,    0,    0,    0,    0,    0,    0,    0,    0, -999,  35.02,  34.99,  34.99,  34.96,  34.92,  34.91,  34.90,  34.92,  34.97,  34.94,  34.88,  34.87,  34.91,  34.90,  34.84,  34.84,  34.97,  35.16,  35.27,  35.28,  35.28,  35.27,  35.27,  35.21,  35.21,  35.20,  35.19,  35.20,  35.21,  35.11,  35.08
19940124, 1200,  , HU, 15.1S, 161.9E, 100,    0,    0,    0,    0,    0,    0,    0,    0,    0,    0,    0,    0,    0, -999,  35.03,  34.87,  34.86,  34.87,  34.88,  34.86,  34.86,  34.86,  34.91,  34.94,  34.96,  34.98,  35.00,  34.95,  34.91,  34.84,  34.92,  35.13,  35.20,  35.13,  35.27,  35.27,  35.27,  35.27,  35.22,  35.09,  35.18,  35.13,  35.13,  35.12,  35.14
19940124, 1800,  , HU, 15.3S, 162.2E, 100,    0,    0,    0,    0,    0,    0,    0,    0,    0,    0,    0,    0,    0, -999,  35.01,  34.83,  34.78,  34.83,  34.84,  34.84,  34.85,  34.86,  34.95,  35.01,  35.01,  34.98,  35.00,  34.97,  34.90,  34.86,  34.84,  35.06,  35.14,  35.07,  35.22,  35.16,  35.29,  35.27,  35.24,  35.03,  35.12,  35.12,  35.12,  35.05,  35.07
19940125, 0000,  , HU, 15.5S, 162.7E, 100,    0,    0,    0,    0,    0,    0,    0,    0,    0,    0,    0,    0,    0, -999,  34.92,  34.86,  34.80,  34.79,  34.79,  34.81,  34.82,  34.84,  34.84,  34.83,  34.83,  34.84,  34.86,  34.86,  34.88,  34.85,  34.98,  35.09,  35.01,  35.22,  35.20,  35.30,  35.28,  35.25,  35.11,  34.96,  34.97,  35.00,  34.97,  34.91,  34.87
19940125, 0600,  , HU, 15.9S, 163.4E, 100,    0,    0,    0,    0,    0,    0,    0,    0,    0,    0,    0,    0,    0, -999,  34.59,  34.54,  34.59,  34.61,  34.69,  34.66,  34.66,  34.64,  34.64,  34.68,  34.76,  34.75,  34.79,  34.91,  34.94,  34.95,  34.90,  35.04,  34.96,  35.06,  35.05,  35.01,  34.89,  34.93,  34.96,  35.02,  35.07,  35.10,  35.02,  34.96,  34.95
19940125, 1200,  , HU, 16.4S, 164.2E, 100,    0,    0,    0,    0,    0,    0,    0,    0,    0,    0,    0,    0,    0, -999,  34.92,  34.93,  34.94,  34.94,  34.92,  34.90,  34.87,  34.87,  34.88,  34.88,  34.89,  34.91,  34.89,  34.90,  34.89,  34.91,  34.90,  34.93,  34.97,  34.96,  34.95,  35.06,  35.04,  34.88,  34.88,  34.89,  34.91,  34.91,  34.95,  34.98,  34.99
19940125, 1800,  , HU, 17.0S, 165.0E, 100,    0,    0,    0,    0,    0,    0,    0,    0,    0,    0,    0,    0,    0, -999,  34.91,  34.89,  34.90,  34.98,  34.99,  34.99,  35.01,  34.99,  34.96,  34.93,  35.05,  35.05,  35.05,  35.11,  35.11,  35.11,  35.08,  35.11,  35.11,  35.12,  35.10,  35.07,  35.11,  35.06,  35.11,  35.02,  35.09,  35.15,  35.17,  35.20,  35.15
19940126, 0000,  , HU, 17.5S, 165.8E,  95,    0,    0,    0,    0,    0,    0,    0,    0,    0,    0,    0,    0,    0, -999,  34.97,  34.98,  34.98,  34.97,  34.96,  34.92,  34.90,  34.91,  34.98,  35.05,  35.06,  35.07,  35.07,  35.06,  35.02,  35.06,  35.06,  35.17,  35.12,  35.19,  35.14,  35.18,  35.15,  35.13,  35.13,  35.14,  35.14,  35.13,  35.12,  35.08,  35.09
19940126, 0600,  , HU, 18.3S, 166.7E,  95,    0,    0,    0,    0,    0,    0,    0,    0,    0,    0,    0,    0,    0, -999,  35.22,  35.29,  35.23,  35.23,  35.23,  35.17,  35.20,  35.12,  35.05,  35.01,  35.06,  35.09,  35.16,  34.99,  34.94,  35.00,  35.03,  35.00,  34.99,  34.99,  35.01,  35.06,  35.06,  35.10,  35.14,  35.16,  35.18,  35.17,  35.18,  35.15,  35.14
19940126, 1200,  , HU, 19.1S, 167.6E,  90,    0,    0,    0,    0,    0,    0,    0,    0,    0,    0,    0,    0,    0, -999,  35.20,  35.17,  35.12,  35.16,  35.20,  35.22,  35.24,  35.23,  35.20,  35.21,  35.21,  35.23,  35.24,  35.09,  35.03,  34.99,  35.15,  35.15,  35.15,  35.08,  35.09,  35.07,  35.06,  35.06,  35.09,  35.10,  35.10,  35.12,  35.13,  35.15,  35.19
19940126, 1800,  , HU, 20.0S, 168.3E,  90,    0,    0,    0,    0,    0,    0,    0,    0,    0,    0,    0,    0,    0, -999,  35.14,  35.15,  35.17,  35.17,  35.18,  35.20,  35.23,  35.23,  35.25,  35.27,  35.27,  35.26,  35.28,  35.28,  35.26,  35.27,  35.18,  35.31,  35.30,  35.33,  35.37,  35.39,  35.39,  35.40,  35.38,  35.36,  35.36,  35.37,  35.35,  35.34,  35.32
19940127, 0000,  , HU, 20.8S, 168.9E,  85,    0,    0,    0,    0,    0,    0,    0,    0,    0,    0,    0,    0,    0, -999,  35.38,  35.38,  35.37,  35.36,  35.32,  35.27,  35.27,  35.29,  35.28,  35.28,  35.29,  35.34,  35.38,  35.40,  35.41,  35.36,  35.40,  35.44,  35.42,  35.39,  35.39,  35.38,  35.39,  35.41,  35.39,  35.39,  35.39,  35.40,  35.41,  35.40,  35.38
19940127, 0600,  , HU, 21.5S, 169.8E,  80,    0,    0,    0,    0,    0,    0,    0,    0,    0,    0,    0,    0,    0, -999,  35.36,  35.35,  35.34,  35.36,  35.38,  35.40,  35.41,  35.39,  35.40,  35.41,  35.40,  35.40,  35.40,  35.38,  35.36,  35.34,  35.37,  35.39,  35.35,  35.34,  35.34,  35.28,  35.24,  35.28,  35.29,  35.32,  35.38,  35.40,  35.39,  35.38,  35.31
19940127, 1200,  , HU, 22.0S, 170.8E,  70,    0,    0,    0,    0,    0,    0,    0,    0,    0,    0,    0,    0,    0, -999,  35.30,  35.30,  35.31,  35.34,  35.36,  35.36,  35.36,  35.36,  35.36,  35.37,  35.36,  35.37,  35.38,  35.39,  35.38,  35.28,  35.28,  35.24,  35.24,  35.25,  35.25,  35.27,  35.29,  35.31,  35.34,  35.36,  35.36,  35.36,  35.37,  35.39,  35.38
19940127, 1800,  , HU, 22.6S, 171.7E,  65,    0,    0,    0,    0,    0,    0,    0,    0,    0,    0,    0,    0,    0, -999,  35.33,  35.33,  35.31,  35.29,  35.27,  35.27,  35.27,  35.29,  35.30,  35.32,  35.33,  35.34,  35.38,  35.45,  35.44,  35.29,  35.30,  35.32,  35.34,  35.35,  35.35,  35.35,  35.36,  35.37,  35.38,  35.38,  35.38,  35.38,  35.39,  35.38,  35.36
19940128, 0000,  , TS, 23.1S, 172.5E,  55,    0,    0,    0,    0,    0,    0,    0,    0,    0,    0,    0,    0,    0, -999,  35.41,  35.40,  35.38,  35.36,  35.37,  35.38,  35.39,  35.39,  35.40,  35.41,  35.42,  35.43,  35.44,  35.44,  35.38,  35.20,  35.32,  35.30,  35.32,  35.31,  35.33,  35.32,  35.32,  35.37,  35.44,  35.44,  35.43,  35.40,  35.38,  35.39,  35.37
19940128, 0600,  , TS, 23.4S, 173.3E,  45,    0,    0,    0,    0,    0,    0,    0,    0,    0,    0,    0,    0,    0, -999,  35.34,  35.34,  35.35,  35.35,  35.36,  35.37,  35.38,  35.38,  35.38,  35.37,  35.36,  35.36,  35.34,  35.35,  35.36,  35.21,  35.40,  35.40,  35.42,  35.41,  35.41,  35.42,  35.42,  35.42,  35.43,  35.43,  35.44,  35.44,  35.43,  35.42,  35.39
19940128, 1200,  , TS, 23.5S, 174.2E,  40,    0,    0,    0,    0,    0,    0,    0,    0,    0,    0,    0,    0,    0, -999,  35.35,  35.34,  35.34,  35.34,  35.35,  35.35,  35.34,  35.35,  35.39,  35.44,  35.45,  35.43,  35.45,  35.50,  35.47,  35.32,  35.39,  35.38,  35.38,  35.37,  35.38,  35.39,  35.39,  35.39,  35.38,  35.38,  35.39,  35.39,  35.38,  35.38,  35.31
19940128, 1800,  , TS, 23.6S, 175.0E,  35,    0,    0,    0,    0,    0,    0,    0,    0,    0,    0,    0,    0,    0, -999,  35.34,  35.34,  35.35,  35.35,  35.36,  35.36,  35.37,  35.38,  35.39,  35.40,  35.40,  35.41,  35.41,  35.42,  35.34,  35.27,  35.31,  35.37,  35.38,  35.39,  35.39,  35.40,  35.41,  35.42,  35.42,  35.42,  35.42,  35.42,  35.43,  35.43,  35.36
19940129, 0000,  , TS, 23.7S, 175.8E,  35,    0,    0,    0,    0,    0,    0,    0,    0,    0,    0,    0,    0,    0, -999,  35.37,  35.36,  35.37,  35.37,  35.39,  35.40,  35.40,  35.38,  35.39,  35.39,  35.40,  35.41,  35.43,  35.39,  35.28,  35.33,  35.45,  35.45,  35.46,  35.47,  35.47,  35.45,  35.43,  35.43,  35.45,  35.47,  35.47,  35.47,  35.47,  35.39,  35.38
19940129, 0600,  , LO, 23.9S, 176.6E,  30,    0,    0,    0,    0,    0,    0,    0,    0,    0,    0,    0,    0,    0, -999,  35.42,  35.38,  35.38,  35.40,  35.41,  35.42,  35.43,  35.44,  35.44,  35.45,  35.44,  35.45,  35.46,  35.43,  35.32,  35.31,  35.40,  35.40,  35.40,  35.39,  35.39,  35.41,  35.41,  35.41,  35.42,  35.43,  35.41,  35.42,  35.40,  35.29,  35.31
19940129, 1200,  , LO, 24.1S, 177.2E,  25,    0,    0,    0,    0,    0,    0,    0,    0,    0,    0,    0,    0,    0, -999,  35.51,  35.47,  35.44,  35.44,  35.46,  35.45,  35.44,  35.43,  35.44,  35.46,  35.48,  35.46,  35.45,  35.43,  35.39,  35.40,  35.38,  35.39,  35.41,  35.43,  35.43,  35.43,  35.43,  35.43,  35.44,  35.43,  35.41,  35.41,  35.39,  35.31,  35.27
