SH122016,            TATIANA,     20,
20160209, 0000,  , DB, 16.1S, 155.2E,  20, 1007,    0,    0,    0,    0,    0,    0,    0,    0,    0,    0,    0,    0, -999,  27.76,  26.98,  26.71,  26.64,  26.91,  26.57,  26.08,  26.16,  26.38,  26.80,  26.48,  26.53,  25.82,  26.15,  26.46,  26.70,  27.08,  26.16,  25.87,  26.87,  25.57,  26.06,  25.68,  25.85,  25.72,  25.73,  25.00,  24.78,  24.26,  24.11,  24.11
20160209, 0600,  , TD, 16.2S, 154.9E,  25, 1004,    0,    0,    0,    0,    0,    0,    0,    0,    0,    0,    0,    0, -999,  27.88,  27.04,  26.87,  26.71,  26.88,  26.60,  26.28,  26.12,  26.30,  27.06,  26.83,  26.69,  25.92,  26.02,  26.45,  26.55,  26.96,  26.29,  25.84,  26.00,  25.47,  26.13,  25.70,  25.57,  25.48,  25.49,  24.93,  24.83,  24.29,  24.67,  24.54
20160209, 1200,  , TD, 16.1S, 154.4E,  30, 1000,    0,    0,    0,    0,    0,    0,    0,    0,    0,    0,    0,    0, -999,  28.34,  27.96,  27.46,  26.98,  26.84,  26.83,  26.60,  26.43,  26.61,  27.21,  26.85,  27.11,  26.95,  25.99,  26.26,  26.35,  26.60,  27.21,  27.46,  26.27,  25.20,  25.38,  25.20,  26.17,  25.42,  25.75,  24.53,  24.73,  24.81,  24.79,  24.58
20160209, 1800,  , TD, 16.0S, 154.6E,  30, 1000,    0,    0,    0,    0,    0,    0,    0,    0,    0,    0,    0,    0, -999,  28.24,  27.43,  27.19,  26.85,  26.69,  26.65,  26.49,  26.49,  26.53,  27.14,  26.98,  27.35,  26.76,  26.13,  26.60,  26.87,  27.12,  27.71,  27.49,  26.41,  25.54,  26.10,  25.73,  26.33,  25.46,  25.68,  24.76,  25.11,  24.43,  24.25,  24.37
20160210, 0000,  , TD, 16.0S, 154.8E,  30,  999,    0,    0,    0,    0,    0,    0,    0,    0,    0,    0,    0,    0, -999,  27.22,  26.88,  26.59,  26.66,  26.73,  26.42,  26.48,  26.43,  27.23,  27.18,  27.22,  26.57,  26.11,  26.83,  27.03,  26.98,  26.80,  26.86,  26.04,  25.78,  26.33,  25.69,  25.74,  25.10,  25.67,  25.12,  25.29,  24.10,  24.27,  24.37,  24.43
20160210, 0600,  , TD, 16.0S, 155.6E,  30, 1000,    0,    0,    0,    0,    0,    0,    0,    0,    0,    0,    0,    0, -999,  26.50,  26.42,  26.16,  26.52,  26.25,  26.65,  26.69,  26.42,  26.49,  26.14,  26.43,  26.64,  26.45,  27.18,  26.76,  26.53,  25.82,  25.83,  25.64,  26.30,  26.07,  25.86,  25.86,  26.48,  26.09,  24.90,  24.62,  24.28,  24.21,  24.46,  23.96
20160210, 1200,  , TS, 16.2S, 156.3E,  35,  996,    0,    0,    0,    0,    0,    0,    0,    0,    0,    0,    0,    0, -999,  25.94,  26.08,  26.06,  26.45,  26.42,  26.59,  26.19,  25.60,  25.63,  25.79,  26.73,  26.65,  26.37,  26.45,  25.96,  25.65,  25.20,  25.06,  25.46,  24.85,  24.23,  24.02,  24.74,  25.01,  24.98,  24.93,  24.94,  24.73,  25.37,  25.30,  25.17
20160210, 1800,  , TS, 16.6S, 156.9E,  35,  996,    0,    0,    0,    0,    0,    0,    0,    0,    0,    0,    0,    0, -999,  25.36,  25.48,  25.81,  25.22,  25.50,  25.61,  25.49,  24.89,  24.35,  24.77,  25.46,  25.38,  25.33,  25.43,  25.50,  25.03,  24.56,  24.54,  24.96,  24.09,  24.13,  24.27,  25.02,  24.95,  24.57,  24.81,  24.99,  24.66,  25.44,  25.76,  25.65
20160211, 0000,  , TS, 16.8S, 157.3E,  40,  993,    0,    0,    0,    0,    0,    0,    0,    0,    0,    0,    0,    0, -999,  24.38,  24.39,  24.40,  24.65,  24.69,  24.45,  24.46,  24.68,  24.38,  24.88,  24.86,  24.84,  25.11,  25.17,  24.95,  24.98,  24.99,  25.50,  24.04,  24.27,  24.60,  25.34,  25.19,  24.43,  25.11,  25.39,  25.12,  25.52,  25.85,  26.50,  27.57
20160211, 0600,  , TS, 16.9S, 157.8E,  45,  989,   60,   60,   50,   50,    0,    0,    0,    0,    0,    0,    0,    0, -999,  24.19,  24.49,  24.50,  24.45,  24.54,  24.65,  24.71,  24.67,  24.48,  24.85,  24.75,  24.73,  25.20,  25.33,  25.22,  25.68,  25.79,  25.07,  24.11,  24.83,  24.65,  25.30,  25.63,  25.32,  26.40,  26.74,  26.69,  27.30,  27.61,  28.25,  27.70
20160211, 1200,  , TS, 16.9S, 158.3E,  50,  985,   45,   40,   50,   50,   20,   20,   25,   25,    0,    0,    0,    0, -999,  24.83,  25.06,  25.07,  24.99,  25.18,  25.23,  25.04,  24.72,  24.81,  25.05,  24.99,  25.10,  25.89,  25.95,  25.71,  25.67,  25.41,  25.14,  23.55,  24.77,  24.97,  26.27,  26.51,  26.86,  27.39,  27.62,  27.56,  27.73,  27.54,  27.94,  27.80
20160211, 1800,  , TS, 17.0S, 158.8E,  55,  982,   45,   40,   50,   50,   20,   20,   25,   25,    0,    0,    0,    0, -999,  25.11,  24.86,  25.25,  25.31,  25.99,  26.06,  25.83,  25.69,  25.65,  25.51,  25.57,  25.36,  26.79,  26.55,  27.05,  26.38,  26.17,  25.51,  23.66,  23.64,  24.53,  26.06,  26.38,  26.33,  26.83,  26.85,  26.69,  26.84,  27.31,  27.57,  27.48
20160212, 0000,  , TS, 17.3S, 159.3E,  55,  982,   45,   40,   50,   50,   20,   20,   25,   25,    0,    0,    0,    0, -999,  25.52,  25.43,  25.76,  26.25,  26.53,  26.45,  26.55,  26.79,  26.25,  26.40,  25.97,  27.02,  27.00,  26.88,  26.53,  26.22,  25.38,  25.30,  25.62,  25.25,  25.59,  25.25,  25.21,  26.03,  26.16,  25.91,  25.99,  26.34,  26.45,  26.47,  25.77
20160212, 0600,  , TS, 18.0S, 159.8E,  55,  982,   50,   65,   50,   50,   20,   30,   25,   25,    0,    0,    0,    0, -999,  25.71,  25.57,  25.40,  25.74,  25.66,  25.45,  25.59,  25.61,  25.50,  25.13,  25.09,  25.18,  24.61,  24.70,  24.52,  25.06,  24.95,  24.62,  24.27,  23.82,  24.05,  24.55,  25.03,  24.42,  24.46,  24.55,  24.64,  25.81,  25.47,  25.26,  24.99
20160212, 1200,  , TS, 18.8S, 160.1E,  55,  982,   50,   65,   50,   50,    0,    0,    0,    0,    0,    0,    0,    0, -999,  24.18,  24.22,  24.25,  24.20,  24.31,  24.36,  24.21,  25.00,  24.84,  25.11,  25.06,  25.03,  25.03,  24.94,  24.82,  24.77,  24.74,  25.00,  24.10,  24.16,  23.98,  24.57,  24.30,  24.39,  23.85,  23.71,  23.81,  23.74,  23.71,  24.16,  24.53
20160212, 1800,  , TS, 19.8S, 160.4E,  50,  985,   50,   65,   50,   50,    0,    0,    0,    0,    0,    0,    0,    0, -999,  24.25,  24.28,  24.48,  25.05,  25.07,  25.38,  25.43,  25.37,  25.36,  25.52,  25.45,  25.56,  26.00,  25.85,  25.67,  26.03,  25.31,  25.32,  24.85,  25.19,  24.98,  25.45,  25.88,  25.52,  25.20,  25.18,  25.32,  25.07,  25.18,  25.53,  25.53
20160213, 0000,  , TS, 21.2S, 160.4E,  45,  989,   50,   65,   50,   50,    0,    0,    0,    0,    0,    0,    0,    0, -999,  24.05,  24.26,  24.54,  24.71,  24.51,  25.04,  25.34,  25.13,  24.85,  24.96,  25.27,  24.55,  24.77,  24.36,  25.05,  24.93,  25.44,  25.15,  25.70,  25.72,  24.70,  24.48,  24.65,  24.78,  24.91,  25.27,  25.29,  25.14,  25.35,  25.23,  25.38
20160213, 0600,  , TS, 22.6S, 160.4E,  45,  989,   80,   90,   90,   80,    0,    0,    0,    0,    0,    0,    0,    0, -999,  23.27,  23.26,  23.19,  23.27,  22.81,  23.04,  23.09,  22.52,  22.42,  22.23,  22.83,  22.80,  23.02,  22.81,  22.79,  22.90,  23.06,  23.59,  23.81,  23.60,  24.04,  24.33,  24.30,  23.94,  24.66,  25.07,  24.08,  24.36,  24.76,  24.52,  24.28
20160213, 1200,  , TS, 24.2S, 160.3E,  35,  996,    0,    0,    0,    0,    0,    0,    0,    0,    0,    0,    0,    0, -999,  22.93,  22.98,  22.95,  22.86,  22.68,  22.54,  22.22,  22.40,  22.24,  21.82,  21.42,  21.35,  21.13,  20.58,  20.21,  20.22,  20.97,  20.84,  21.17,  21.30,  21.87,  21.89,  21.87,  22.11,  22.06,  21.98,  21.83,  22.08,  21.99,  21.95,  21.98
20160213, 1800,  , TS, 25.3S, 159.8E,  35,  996,   80,   90,   90,   80,    0,    0,    0,    0,    0,    0,    0,    0, -999,  23.69,  23.57,  23.63,  23.69,  24.32,  23.88,  23.83,  24.25,  24.39,  24.14,  24.01,  24.12,  24.02,  23.95,  24.09,  24.06,  23.80,  23.35,  22.37,  22.99,  23.72,  23.98,  24.53,  24.13,  23.75,  23.40,  23.80,  24.33,  24.46,  24.23,  24.38
