SH122017,              CALEB,     37,
20170321, 1800,  , TD,  9.9S,  96.8E,  25, 1004,    0,    0,    0,    0,    0,    0,    0,    0,    0,    0,    0,    0, -999,  21.21,  21.18,  20.87,  20.73,  20.73,  20.52,  20.80,  20.70,  20.36,  21.77,  21.43,  21.96,  22.06,  22.66,  22.63,  22.44,  22.80,  22.54,  23.59,  22.94,  22.65,  22.59,  23.36,  23.46,  22.72,  23.03,  23.32,  23.31,  23.38,  24.23,  24.29
20170322, 0000,  , TD, 10.1S,  97.7E,  30, 1000,    0,    0,    0,    0,    0,    0,    0,    0,    0,    0,    0,    0, -999,  23.14,  23.04,  23.08,  23.05,  21.95,  22.12,  22.13,  20.96,  24.87,  24.48,  25.05,  23.33,  26.25,  23.77,  25.10,  25.00,  23.59,  23.34,  23.26,  22.75,  22.30,  22.57,  22.46,  22.45,  22.91,  23.94,  22.82,  23.16,  24.51,  24.04,  23.71
20170322, 0600,  , TD, 10.4S,  98.5E,  30, 1000,    0,    0,    0,    0,    0,    0,    0,    0,    0,    0,    0,    0, -999,  24.06,  24.37,  25.04,  24.65,  24.26,  24.47,  24.98,  24.23,  25.66,  25.12,  24.69,  24.48,  25.37,  24.44,  24.76,  24.80,  23.59,  23.85,  23.76,  23.91,  24.25,  23.58,  24.37,  24.14,  23.74,  22.90,  24.01,  22.33,  21.70,  20.53,  22.78
20170322, 1200,  , TD, 10.7S,  99.1E,  30, 1000,    0,    0,    0,    0,    0,    0,    0,    0,    0,    0,    0,    0, -999,  22.83,  23.14,  23.20,  23.28,  23.11,  24.39,  25.32,  24.61,  24.24,  23.82,  23.64,  24.59,  23.22,  24.42,  22.59,  23.25,  23.14,  23.20,  22.62,  22.51,  22.75,  22.70,  24.38,  24.06,  23.93,  22.56,  22.30,  21.96,  21.17,  20.33,  22.49
20170322, 1800,  , TD, 11.2S,  99.6E,  30, 1000,    0,    0,    0,    0,    0,    0,    0,    0,    0,    0,    0,    0, -999,  22.82,  22.85,  22.26,  22.26,  22.01,  22.71,  23.85,  23.02,  23.37,  22.83,  22.36,  23.06,  22.01,  22.98,  21.33,  22.41,  21.61,  21.28,  21.32,  20.41,  20.98,  20.61,  22.77,  22.25,  21.78,  20.42,  20.92,  19.73,  19.71,  18.81,  20.76
20170323, 0000,  , TS, 12.0S, 100.1E,  35,  996,    0,    0,    0,    0,    0,    0,    0,    0,    0,    0,    0,    0, -999,  23.19,  22.82,  23.09,  23.75,  23.95,  23.97,  23.75,  24.14,  24.24,  23.78,  23.15,  23.48,  23.85,  23.14,  22.79,  22.40,  21.78,  21.15,  19.90,  19.60,  19.57,  20.37,  19.35,  19.01,  19.35,  19.15,  19.98,  20.83,  20.03,  19.91,  19.65
20170323, 0600,  , TS, 12.6S, 100.4E,  40,  996,   95,   75,  105,   90,    0,    0,    0,    0,    0,    0,    0,    0, -999,  24.27,  24.58,  24.31,  25.28,  24.22,  24.27,  23.75,  23.53,  24.27,  24.31,  22.74,  23.48,  23.03,  23.02,  22.55,  21.89,  21.55,  21.41,  20.25,  19.88,  19.96,  20.68,  19.74,  19.52,  19.74,  19.18,  19.75,  20.86,  20.05,  20.03,  19.88
20170323, 1200,  , TS, 13.1S, 100.6E,  40,  996,   95,   75,  105,   90,    0,    0,    0,    0,    0,    0,    0,    0, -999,  22.89,  22.88,  23.00,  23.37,  22.96,  23.23,  23.33,  23.28,  24.49,  24.15,  22.10,  23.50,  22.58,  23.32,  22.85,  22.64,  22.19,  21.92,  20.22,  19.50,  20.02,  19.93,  19.76,  19.41,  20.01,  19.34,  19.98,  21.55,  20.97,  20.99,  21.07
20170323, 1800,  , TS, 13.5S, 100.8E,  40,  993,   95,   75,  105,   90,    0,    0,    0,    0,    0,    0,    0,    0, -999,  22.59,  22.54,  22.38,  23.19,  22.77,  22.79,  23.12,  23.19,  23.84,  23.60,  22.72,  24.11,  22.77,  23.82,  23.39,  23.12,  22.35,  21.81,  20.08,  19.75,  19.55,  19.50,  19.30,  19.12,  20.18,  19.35,  19.52,  20.74,  20.24,  20.70,  21.06
20170324, 0000,  , TS, 13.9S, 100.8E,  40,  993,   85,   75,  105,   90,    0,    0,    0,    0,    0,    0,    0,    0, -999,  23.25,  23.09,  23.86,  23.16,  22.79,  23.13,  22.64,  23.56,  23.28,  22.71,  23.05,  22.70,  23.25,  23.01,  22.88,  22.52,  22.28,  20.59,  20.26,  20.34,  19.81,  19.56,  19.41,  20.02,  19.75,  19.31,  19.64,  18.93,  19.37,  20.94,  21.00
20170324, 0600,  , TS, 14.3S, 100.8E,  40,  993,   85,   75,  105,   90,    0,    0,    0,    0,    0,    0,    0,    0, -999,  25.64,  25.84,  25.63,  25.44,  24.69,  24.62,  23.98,  24.09,  23.51,  21.96,  23.42,  21.86,  24.03,  24.23,  24.04,  23.47,  23.42,  21.62,  21.22,  21.33,  21.31,  21.85,  21.65,  22.44,  22.70,  21.55,  21.96,  20.62,  20.24,  21.84,  21.44
20170324, 1200,  , TS, 14.6S, 100.7E,  40,  993,   85,   75,  105,   90,    0,    0,    0,    0,    0,    0,    0,    0, -999,  25.55,  25.24,  25.98,  25.48,  24.64,  23.89,  23.77,  24.40,  24.36,  21.99,  24.32,  21.58,  23.68,  24.11,  24.70,  23.65,  22.93,  21.62,  21.93,  21.42,  21.85,  22.12,  21.61,  22.46,  22.50,  21.13,  21.45,  20.81,  21.53,  21.57,  21.21
20170324, 1800,  , TS, 14.9S, 100.6E,  45,  989,   60,   80,  120,   60,    0,    0,    0,    0,    0,    0,    0,    0, -999,  26.26,  25.74,  25.74,  25.36,  23.88,  24.03,  23.72,  24.14,  23.96,  22.61,  23.70,  22.21,  23.96,  24.91,  24.38,  24.08,  22.47,  21.36,  21.36,  21.18,  21.84,  21.14,  21.27,  21.59,  21.56,  20.58,  21.62,  20.19,  20.78,  22.57,  23.05
20170325, 0000,  , TS, 15.1S, 100.5E,  45,  989,   60,   80,  120,   60,    0,    0,    0,    0,    0,    0,    0,    0, -999,  24.95,  25.48,  25.30,  23.86,  24.32,  24.05,  24.04,  23.71,  22.52,  22.95,  22.60,  23.13,  23.93,  23.55,  23.45,  22.87,  21.45,  21.81,  21.41,  21.35,  21.05,  20.76,  21.25,  21.88,  20.98,  20.35,  19.94,  20.82,  21.82,  21.74,  21.82
20170325, 0600,  , TS, 15.3S, 100.4E,  45,  989,   60,   75,   70,   50,    0,    0,    0,    0,    0,    0,    0,    0, -999,  25.41,  25.01,  24.65,  23.78,  24.19,  24.16,  23.96,  23.69,  22.34,  23.19,  22.39,  22.85,  23.85,  23.99,  23.81,  23.17,  21.69,  22.26,  21.32,  21.45,  21.00,  20.81,  21.67,  21.85,  20.64,  20.27,  19.93,  20.78,  20.94,  21.04,  21.14
20170325, 1200,  , TS, 15.5S, 100.3E,  45,  989,   60,   75,   80,   65,    0,    0,    0,    0,    0,    0,    0,    0, -999,  26.71,  25.25,  24.52,  23.66,  23.78,  23.44,  23.43,  23.48,  21.89,  22.89,  21.93,  22.62,  23.21,  23.30,  23.18,  22.85,  22.02,  22.96,  21.16,  21.19,  21.35,  20.91,  21.70,  21.93,  20.78,  20.61,  20.06,  20.69,  20.85,  21.35,  21.44
20170325, 1800,  , TS, 15.7S, 100.1E,  45,  989,   60,   75,   80,   65,    0,    0,    0,    0,    0,    0,    0,    0, -999,  26.69,  25.34,  25.06,  24.77,  24.63,  23.86,  24.07,  23.80,  22.07,  23.72,  21.59,  22.82,  23.51,  23.36,  23.38,  23.40,  22.16,  22.33,  21.83,  21.57,  21.06,  21.10,  21.69,  21.90,  21.20,  20.98,  20.13,  20.42,  20.73,  20.81,  20.70
20170326, 0000,  , TS, 15.8S,  99.8E,  45,  989,   60,   75,   80,   65,    0,    0,    0,    0,    0,    0,    0,    0, -999,  23.26,  23.63,  23.65,  23.67,  23.26,  23.48,  23.17,  23.08,  23.88,  22.38,  23.45,  23.86,  23.17,  22.66,  22.63,  22.18,  22.44,  21.98,  21.91,  21.79,  21.86,  21.79,  21.45,  21.21,  21.44,  21.36,  21.40,  21.38,  21.30,  21.31,  21.54
20170326, 0600,  , TS, 16.0S,  99.3E,  40,  993,   50,   90,   80,   50,    0,    0,    0,    0,    0,    0,    0,    0, -999,  21.96,  22.01,  22.10,  22.13,  21.92,  23.48,  23.33,  23.12,  23.82,  22.44,  23.03,  22.99,  22.60,  22.34,  22.21,  22.39,  22.08,  22.46,  21.93,  21.74,  22.24,  21.76,  21.16,  21.00,  21.21,  21.18,  20.81,  20.93,  21.08,  21.39,  21.20
20170326, 0900,  , TS, 16.0S,  99.0E,  40,  993,    0,    0,    0,    0,    0,    0,    0,    0,    0,    0,    0,    0, -999,  22.11,  22.57,  22.28,  22.23,  22.19,  23.84,  23.74,  23.08,  23.82,  22.52,  22.98,  23.37,  22.49,  22.31,  22.27,  22.28,  22.19,  22.69,  21.77,  21.68,  22.25,  21.47,  20.99,  20.78,  21.05,  21.11,  21.23,  21.09,  20.78,  20.61,  20.61
20170326, 1200,  , TS, 15.8S,  98.7E,  40,  993,   60,   65,   65,   55,    0,    0,    0,    0,    0,    0,    0,    0, -999,  22.73,  23.35,  22.50,  22.52,  22.50,  23.11,  22.76,  22.69,  22.80,  22.75,  22.71,  23.55,  23.16,  23.55,  23.94,  24.44,  22.74,  23.37,  21.80,  22.08,  22.50,  21.51,  20.98,  21.04,  20.34,  20.27,  20.53,  20.51,  20.53,  20.81,  20.68
20170326, 1800,  , TS, 15.4S,  98.1E,  35,  996,   60,   65,   65,   55,    0,    0,    0,    0,    0,    0,    0,    0, -999,  23.92,  24.15,  23.26,  23.20,  23.12,  23.19,  22.67,  22.81,  22.21,  22.93,  23.37,  23.49,  23.96,  23.32,  23.60,  24.35,  24.22,  24.20,  23.00,  22.60,  22.63,  22.18,  22.40,  22.57,  22.04,  21.81,  21.94,  22.39,  21.75,  22.32,  21.74
20170327, 0000,  , TS, 15.4S,  97.8E,  35,  996,   60,   65,   65,   55,    0,    0,    0,    0,    0,    0,    0,    0, -999,  23.91,  24.26,  23.64,  24.24,  24.06,  24.07,  23.22,  22.67,  23.31,  23.74,  23.93,  24.33,  23.84,  23.68,  24.52,  24.83,  23.60,  22.73,  23.03,  22.69,  22.02,  21.86,  22.36,  22.35,  22.29,  22.42,  22.01,  21.84,  21.48,  21.13,  21.32
20170327, 0600,  , TS, 15.4S,  97.3E,  35,  996,    0,   80,   40,    0,    0,    0,    0,    0,    0,    0,    0,    0, -999,  25.81,  26.04,  24.70,  25.26,  23.98,  24.23,  23.14,  23.66,  23.04,  24.43,  24.24,  24.54,  24.31,  24.19,  24.71,  24.83,  23.63,  22.69,  22.62,  22.28,  22.74,  21.84,  22.20,  22.41,  21.77,  22.21,  22.13,  21.93,  22.09,  22.10,  22.39
20170327, 1200,  , TD, 15.4S,  96.9E,  30, 1000,    0,    0,    0,    0,    0,    0,    0,    0,    0,    0,    0,    0, -999,  27.02,  27.03,  26.37,  26.32,  25.01,  25.14,  23.54,  24.69,  23.47,  24.94,  23.63,  23.15,  23.29,  23.22,  24.04,  23.35,  21.70,  21.65,  22.50,  23.04,  23.66,  22.59,  22.81,  23.18,  22.42,  22.68,  22.71,  23.05,  23.07,  23.09,  23.12
20170327, 1800,  , TD, 15.4S,  96.5E,  30, 1000,    0,    0,    0,    0,    0,    0,    0,    0,    0,    0,    0,    0, -999,  27.11,  27.05,  26.57,  26.52,  25.23,  25.30,  23.83,  24.25,  23.40,  23.87,  23.33,  24.06,  21.71,  22.65,  22.39,  22.79,  22.00,  22.31,  22.54,  23.15,  23.36,  22.66,  22.80,  23.14,  22.47,  22.68,  22.88,  22.79,  22.17,  22.33,  22.29
20170328, 0000,  , TD, 15.5S,  96.1E,  30, 1000,    0,    0,    0,    0,    0,    0,    0,    0,    0,    0,    0,    0, -999,  27.31,  26.12,  26.53,  25.56,  25.70,  24.14,  24.78,  24.02,  23.93,  23.89,  24.33,  23.07,  23.81,  22.89,  23.41,  23.57,  22.69,  22.91,  23.22,  23.50,  22.79,  22.20,  21.94,  22.10,  22.01,  21.97,  22.11,  22.10,  22.13,  21.80,  21.53
20170328, 0600,  , TD, 15.6S,  95.7E,  30, 1000,    0,    0,    0,    0,    0,    0,    0,    0,    0,    0,    0,    0, -999,  24.96,  24.19,  24.06,  25.26,  26.56,  23.83,  26.63,  23.66,  23.21,  23.93,  24.58,  23.88,  23.95,  23.70,  24.27,  24.02,  23.14,  23.89,  24.24,  24.41,  22.97,  22.33,  22.25,  21.88,  21.68,  21.94,  22.05,  22.38,  22.74,  23.01,  22.72
20170328, 1200,  , TD, 15.6S,  95.3E,  30, 1000,    0,    0,    0,    0,    0,    0,    0,    0,    0,    0,    0,    0, -999,  25.03,  25.08,  24.89,  24.67,  25.63,  24.15,  25.45,  23.76,  24.03,  24.77,  25.66,  24.38,  24.95,  24.72,  25.23,  24.42,  24.11,  24.64,  24.52,  24.81,  24.56,  24.49,  24.57,  24.65,  24.44,  24.49,  24.41,  24.81,  25.04,  24.66,  24.67
20170328, 1800,  , TD, 15.7S,  94.8E,  30, 1000,    0,    0,    0,    0,    0,    0,    0,    0,    0,    0,    0,    0, -999,  26.07,  26.51,  26.14,  25.45,  25.33,  23.50,  26.05,  23.52,  25.05,  24.55,  25.72,  26.38,  26.33,  26.67,  26.72,  23.82,  23.36,  23.87,  23.92,  24.06,  24.25,  23.88,  23.79,  23.97,  23.53,  23.55,  23.63,  23.57,  23.84,  23.47,  23.21
20170329, 0000,  , TD, 15.8S,  94.3E,  25, 1004,    0,    0,    0,    0,    0,    0,    0,    0,    0,    0,    0,    0, -999,  25.36,  25.62,  26.13,  26.24,  23.94,  25.49,  23.27,  25.59,  24.04,  24.43,  25.73,  25.30,  25.77,  25.25,  23.93,  23.98,  23.66,  24.45,  23.98,  24.18,  23.77,  23.70,  23.77,  23.50,  23.79,  24.13,  24.15,  24.45,  23.05,  22.86,  23.05
20170329, 0600,  , TD, 16.0S,  93.4E,  25, 1004,    0,    0,    0,    0,    0,    0,    0,    0,    0,    0,    0,    0, -999,  25.49,  24.42,  24.20,  23.93,  24.25,  24.47,  24.05,  25.95,  25.48,  25.03,  26.06,  26.10,  26.09,  26.39,  26.19,  25.77,  24.97,  25.25,  24.85,  25.21,  25.42,  25.32,  24.64,  24.98,  26.05,  25.97,  25.74,  26.02,  25.53,  23.63,  23.48
20170329, 1200,  , TD, 16.2S,  92.8E,  25, 1004,    0,    0,    0,    0,    0,    0,    0,    0,    0,    0,    0,    0, -999,  24.95,  24.31,  24.68,  24.82,  24.16,  25.11,  24.21,  24.32,  24.94,  24.85,  25.55,  25.70,  25.76,  26.10,  25.71,  25.02,  23.84,  24.09,  23.31,  24.28,  23.32,  23.12,  22.73,  23.58,  24.06,  23.76,  23.35,  23.71,  22.83,  22.54,  22.75
20170329, 1800,  , TD, 16.1S,  92.0E,  25, 1004,    0,    0,    0,    0,    0,    0,    0,    0,    0,    0,    0,    0, -999,  24.25,  23.79,  25.60,  25.74,  24.34,  26.12,  23.94,  24.74,  24.33,  24.12,  23.91,  23.97,  23.53,  23.53,  22.99,  23.40,  22.30,  23.67,  23.74,  23.70,  23.38,  23.30,  22.66,  23.03,  24.83,  24.55,  24.71,  24.72,  24.27,  23.52,  23.59
20170330, 0000,  , TD, 16.1S,  91.2E,  25, 1004,    0,    0,    0,    0,    0,    0,    0,    0,    0,    0,    0,    0, -999,  24.48,  23.98,  23.97,  24.51,  25.32,  24.59,  25.38,  26.09,  26.48,  26.49,  25.48,  24.07,  24.13,  23.45,  23.58,  22.18,  22.42,  22.99,  23.57,  23.13,  23.55,  22.94,  23.13,  24.62,  24.56,  24.92,  25.15,  24.89,  24.34,  24.50,  24.48
20170330, 0600,  , DB, 16.1S,  90.8E,  20, 1009,    0,    0,    0,    0,    0,    0,    0,    0,    0,    0,    0,    0, -999,  25.63,  25.46,  24.77,  24.67,  24.69,  24.54,  25.26,  25.91,  25.91,  26.41,  26.25,  26.25,  24.32,  23.73,  23.01,  22.94,  22.52,  22.31,  22.62,  23.02,  23.30,  23.70,  23.83,  24.50,  24.35,  24.73,  25.05,  24.90,  24.32,  24.34,  24.31
20170330, 1200,  , DB, 16.2S,  89.9E,  20, 1007,    0,    0,    0,    0,    0,    0,    0,    0,    0,    0,    0,    0, -999,  25.54,  25.69,  25.24,  24.85,  25.47,  24.98,  24.98,  25.48,  25.28,  25.49,  25.71,  26.01,  26.15,  26.09,  25.86,  25.12,  24.07,  23.70,  24.24,  23.51,  23.10,  23.18,  24.04,  24.32,  24.32,  23.76,  23.73,  24.59,  23.52,  23.84,  24.84
