SH122014,               EDNA,     17,
20140202, 0000,  , DB, 19.5S, 150.7E,  20, 1007,    0,    0,    0,    0,    0,    0,    0,    0,    0,    0,    0,    0, -999,  35.33,  35.33,  35.42,  35.29,  35.30,  35.39,  35.38,  35.61,  35.39,  35.37,  35.32,  35.32,  35.31,  35.31,  35.31,  35.36,  35.35,  35.27,  35.31,  35.30,  35.28,  35.33,  35.34,  35.31,  35.35,  35.37,  35.35,  35.37,  35.36,  35.42,  35.46
20140202, 0600,  , DB, 18.6S, 150.7E,  20, 1007,    0,    0,    0,    0,    0,    0,    0,    0,    0,    0,    0,    0, -999,  35.37,  35.43,  35.40,  35.42,  35.39,  35.38,  35.29,  35.38,  35.39,  35.47,  35.46,  35.45,  35.38,  35.35,  35.41,  35.43,  35.49,  35.46,  35.43,  35.39,  35.37,  35.42,  35.41,  35.32,  35.28,  35.36,  35.37,  35.36,  35.33,  35.29,  35.28
20140202, 1200,  , TD, 17.5S, 150.9E,  25, 1004,    0,    0,    0,    0,    0,    0,    0,    0,    0,    0,    0,    0, -999,  35.30,  35.40,  35.42,  35.41,  35.42,  35.46,  35.48,  35.51,  35.54,  35.57,  35.53,  35.51,  35.49,  35.47,  35.57,  35.43,  35.50,  35.40,  35.55,  35.50,  35.42,  35.47,  35.54,  35.57,  35.56,  35.55,  35.55,  35.49,  35.30,  35.30,  35.41
20140202, 1800,  , TD, 16.0S, 151.1E,  25, 1004,    0,    0,    0,    0,    0,    0,    0,    0,    0,    0,    0,    0, -999,  35.22,  35.25,  35.34,  35.35,  35.33,  35.32,  35.37,  35.37,  35.38,  35.42,  35.30,  35.22,  35.26,  35.29,  35.58,  35.47,  35.37,  35.39,  35.28,  35.38,  35.43,  35.52,  35.52,  35.53,  35.52,  35.55,  35.56,  35.51,  35.51,  35.58,  35.58
20140203, 0000,  , TD, 14.4S, 152.7E,  25, 1002,    0,    0,    0,    0,    0,    0,    0,    0,    0,    0,    0,    0, -999,  35.38,  35.38,  35.53,  35.47,  35.43,  35.47,  35.46,  35.52,  35.27,  35.57,  35.60,  35.62,  35.60,  35.53,  35.55,  35.61,  35.75,  35.64,  35.51,  35.53,  35.53,  35.51,  35.42,  35.42,  35.33,  35.41,  35.33,  35.47,  35.38,  35.53,  35.33
20140203, 0600,  , TD, 13.9S, 154.4E,  25, 1004,    0,    0,    0,    0,    0,    0,    0,    0,    0,    0,    0,    0, -999,  35.36,  35.35,  35.40,  35.38,  35.40,  35.43,  35.35,  35.27,  35.21,  35.31,  35.39,  35.43,  35.43,  35.43,  35.42,  35.45,  35.30,  35.17,  35.11,  35.13,  35.29,  35.36,  35.38,  35.23,  35.33,  35.44,  35.51,  35.51,  35.57,  35.41,  35.51
20140203, 1200,  , TD, 13.5S, 156.1E,  30, 1000,    0,    0,    0,    0,    0,    0,    0,    0,    0,    0,    0,    0, -999,  35.25,  35.35,  35.35,  35.25,  35.26,  35.29,  35.28,  35.25,  35.34,  35.46,  35.55,  35.60,  35.60,  35.43,  35.39,  35.28,  35.44,  35.48,  35.37,  35.39,  35.38,  35.67,  35.72,  35.77,  35.64,  35.49,  35.58,  35.58,  35.63,  35.67,  35.65
20140203, 1800,  , TD, 13.5S, 157.4E,  30,  998,    0,    0,    0,    0,    0,    0,    0,    0,    0,    0,    0,    0, -999,  35.35,  35.31,  35.27,  35.19,  35.27,  35.36,  35.40,  35.45,  35.49,  35.71,  35.76,  35.78,  35.81,  35.28,  35.40,  35.40,  35.41,  35.47,  35.39,  35.37,  35.45,  35.50,  35.50,  35.53,  35.58,  35.66,  35.60,  35.63,  35.43,  35.45,  35.43
20140204, 0000,  , TD, 14.4S, 158.8E,  30,  998,    0,    0,    0,    0,    0,    0,    0,    0,    0,    0,    0,    0, -999,  35.47,  35.48,  35.55,  35.56,  35.44,  35.46,  35.48,  35.48,  35.44,  35.50,  35.49,  35.48,  35.47,  35.50,  35.42,  35.47,  35.59,  35.42,  35.40,  35.53,  35.38,  35.36,  35.41,  35.41,  35.39,  35.32,  35.32,  35.10,  35.08,  34.82,  34.91
20140204, 0600,  , TD, 15.9S, 160.7E,  30, 1000,    0,    0,    0,    0,    0,    0,    0,    0,    0,    0,    0,    0, -999,  35.52,  35.58,  35.49,  35.30,  35.23,  35.21,  35.37,  35.41,  35.37,  35.59,  35.65,  35.42,  35.46,  35.48,  35.45,  35.44,  35.48,  35.50,  35.54,  35.49,  35.52,  35.58,  35.53,  35.66,  35.65,  35.64,  35.69,  35.65,  35.53,  35.48,  35.45
20140204, 1200,  , TS, 17.4S, 161.8E,  40,  993,   20,   25,   25,   20,    0,    0,    0,    0,    0,    0,    0,    0, -999,  35.39,  35.39,  35.31,  35.29,  35.41,  35.38,  35.42,  35.56,  35.51,  35.50,  35.51,  35.53,  35.44,  35.50,  35.52,  35.47,  35.51,  35.51,  35.59,  35.59,  35.71,  35.72,  35.66,  35.58,  35.52,  35.57,  35.51,  35.38,  35.39,  35.34,  35.35
20140204, 1800,  , TS, 18.8S, 162.7E,  50,  985,   50,   50,   50,   50,    0,    0,    0,    0,    0,    0,    0,    0, -999,  35.41,  35.37,  35.38,  35.34,  35.33,  35.33,  35.39,  35.37,  35.48,  35.47,  35.46,  35.44,  35.35,  35.38,  35.39,  35.61,  35.62,  35.72,  35.68,  35.59,  35.28,  35.23,  35.16,  35.21,  35.29,  35.35,  35.38,  35.37,  35.35,  35.35,  35.41
20140205, 0000,  , TS, 20.5S, 163.4E,  50,  985,   50,   60,   60,   50,   20,   20,   20,   20,    0,    0,    0,    0, -999,  35.31,  35.28,  35.28,  35.26,  35.29,  35.23,  35.18,  35.14,  35.16,  35.21,  35.26,  35.52,  35.50,  35.43,  35.34,  35.30,  35.42,  35.38,  35.43,  35.32,  35.42,  35.52,  35.45,  35.44,  35.45,  35.41,  35.40,  35.40,  35.41,  35.44,  35.45
20140205, 0600,  , TS, 22.1S, 164.4E,  55,  982,   45,   55,   55,   45,    0,    0,    0,    0,    0,    0,    0,    0, -999,  35.57,  35.54,  35.55,  35.56,  35.56,  35.55,  35.46,  35.51,  35.58,  35.53,  35.56,  35.60,  35.58,  35.20,  35.28,  35.38,  35.35,  35.41,  35.51,  35.58,  35.57,  35.59,  35.56,  35.55,  35.59,  35.62,  35.61,  35.56,  35.59,  35.59,  35.59
20140205, 1200,  , TS, 23.7S, 165.3E,  45,  989,   30,   30,   30,   30,    0,    0,    0,    0,    0,    0,    0,    0, -999,  35.57,  35.57,  35.54,  35.56,  35.60,  35.62,  35.58,  35.59,  35.53,  35.62,  35.52,  35.94,  35.73,  35.64,  35.52,  35.50,  35.50,  35.55,  35.51,  35.47,  35.43,  35.46,  35.49,  35.53,  35.53,  35.53,  35.53,  35.55,  35.52,  35.52,  35.53
20140205, 1800,  , EX, 24.8S, 165.8E,  40,  993,   30,   30,   30,   30,    0,    0,    0,    0,    0,    0,    0,    0, -999,  35.63,  35.63,  35.64,  35.63,  35.64,  35.64,  35.68,  35.66,  35.65,  35.68,  35.67,  35.54,  35.46,  35.42,  35.40,  35.36,  35.24,  35.37,  35.38,  35.48,  35.43,  35.39,  35.50,  35.58,  35.64,  35.59,  35.57,  35.55,  35.57,  35.60,  35.55
20140206, 0000,  , EX, 25.7S, 166.4E,  25, 1001,    0,    0,    0,    0,    0,    0,    0,    0,    0,    0,    0,    0, -999,  35.68,  35.65,  35.65,  35.63,  35.63,  35.54,  35.50,  35.54,  35.56,  35.58,  35.57,  35.61,  35.61,  35.61,  35.61,  35.62,  35.63,  35.62,  35.56,  35.49,  35.50,  35.50,  35.57,  35.61,  35.64,  35.63,  35.59,  35.57,  35.59,  35.67,  35.71
