SH132009,               GAEL,     42,
20090131, 1800,  , DB, 14.7S,  70.6E,  20, 1007,    0,    0,    0,    0,    0,    0,    0,    0,    0,    0,    0,    0, -999,  27.30,  27.27,  27.44,  27.30,  27.52,  27.18,  27.00,  27.24,  27.38,  27.82,  27.60,  27.69,  27.74,  27.58,  27.25,  27.44,  27.48,  27.60,  27.46,  27.32,  27.28,  27.19,  27.24,  27.25,  27.43,  27.07,  27.45,  27.74,  27.38,  27.41,  27.73
20090201, 0000,  , DB, 14.9S,  70.1E,  20, 1007,    0,    0,    0,    0,    0,    0,    0,    0,    0,    0,    0,    0, -999,  26.87,  27.11,  26.94,  27.15,  27.12,  27.31,  27.07,  27.45,  27.95,  28.29,  28.47,  28.38,  28.22,  27.88,  27.91,  28.15,  27.89,  27.56,  27.53,  27.39,  27.37,  27.27,  27.34,  27.47,  27.40,  27.65,  27.84,  27.72,  27.81,  27.94,  28.13
20090201, 0600,  , DB, 14.7S,  70.1E,  20, 1007,    0,    0,    0,    0,    0,    0,    0,    0,    0,    0,    0,    0, -999,  26.75,  27.18,  27.17,  27.03,  26.95,  26.80,  26.96,  27.48,  28.57,  28.40,  28.38,  28.38,  28.22,  27.88,  27.84,  28.08,  27.85,  27.72,  27.53,  27.70,  27.53,  27.65,  27.65,  27.61,  27.38,  27.68,  27.84,  28.01,  27.95,  27.80,  27.79
20090201, 1200,  , DB, 15.1S,  70.4E,  20, 1007,    0,    0,    0,    0,    0,    0,    0,    0,    0,    0,    0,    0, -999,  27.12,  27.42,  27.39,  27.08,  27.20,  27.42,  27.48,  27.60,  27.56,  27.49,  27.52,  27.69,  27.59,  27.24,  27.39,  27.49,  27.72,  27.46,  27.36,  27.34,  27.37,  27.31,  27.47,  27.64,  27.45,  27.25,  27.49,  27.76,  28.98,  28.01,  27.50
20090201, 1800,  , TD, 15.2S,  69.5E,  25, 1004,    0,    0,    0,    0,    0,    0,    0,    0,    0,    0,    0,    0, -999,  27.23,  27.24,  27.20,  27.25,  27.13,  27.37,  27.52,  27.76,  27.91,  27.91,  28.66,  29.01,  28.81,  28.53,  28.43,  28.48,  28.17,  27.75,  27.55,  27.31,  27.27,  27.28,  27.75,  27.59,  27.52,  28.01,  28.19,  28.23,  27.96,  27.80,  27.59
20090202, 0000,  , TD, 14.9S,  68.6E,  25, 1004,    0,    0,    0,    0,    0,    0,    0,    0,    0,    0,    0,    0, -999,  27.45,  27.72,  27.88,  27.57,  27.84,  27.87,  28.13,  28.10,  28.21,  28.43,  28.41,  28.31,  27.87,  27.65,  27.61,  27.63,  27.63,  27.53,  27.12,  27.27,  27.56,  28.05,  28.70,  28.22,  27.99,  28.16,  28.32,  28.10,  27.81,  27.97,  28.04
20090202, 0600,  , TD, 15.6S,  68.1E,  25, 1004,    0,    0,    0,    0,    0,    0,    0,    0,    0,    0,    0,    0, -999,  27.30,  27.55,  27.76,  27.82,  28.01,  28.19,  28.47,  28.29,  28.12,  28.15,  27.98,  27.90,  27.92,  27.93,  28.10,  28.09,  27.64,  27.99,  27.55,  28.07,  28.17,  27.96,  28.05,  27.95,  27.67,  27.97,  28.04,  28.32,  28.15,  28.11,  28.29
20090202, 1200,  , TD, 16.0S,  67.3E,  25, 1004,    0,    0,    0,    0,    0,    0,    0,    0,    0,    0,    0,    0, -999,  27.46,  27.48,  27.50,  27.98,  28.11,  27.95,  27.93,  28.06,  28.34,  28.41,  28.41,  28.25,  27.79,  27.50,  27.29,  27.53,  27.18,  27.56,  27.74,  28.02,  27.93,  27.91,  28.19,  28.40,  28.01,  28.14,  29.12,  28.46,  27.68,  27.95,  28.08
20090202, 1800,  , TS, 16.0S,  66.4E,  35,  996,    0,    0,    0,    0,    0,    0,    0,    0,    0,    0,    0,    0, -999,  26.53,  26.66,  27.80,  27.95,  28.04,  28.04,  28.12,  28.22,  27.97,  28.09,  28.11,  28.06,  27.98,  27.93,  27.76,  27.71,  27.20,  27.33,  27.04,  26.97,  26.89,  27.49,  27.66,  27.96,  27.82,  27.77,  27.68,  27.57,  27.87,  28.12,  27.86
20090203, 0000,  , TS, 16.2S,  65.6E,  35,  996,    0,    0,    0,    0,    0,    0,    0,    0,    0,    0,    0,    0, -999,  28.10,  28.01,  28.10,  28.27,  28.17,  28.02,  27.62,  27.25,  27.05,  27.07,  27.41,  27.35,  27.51,  27.36,  27.64,  27.48,  27.79,  27.69,  27.30,  27.29,  27.32,  27.42,  27.78,  28.56,  28.66,  28.27,  27.92,  27.67,  27.47,  27.89,  28.45
20090203, 0600,  , TS, 17.3S,  64.9E,  35,  996,    0,    0,    0,    0,    0,    0,    0,    0,    0,    0,    0,    0, -999,  27.42,  27.64,  27.62,  27.98,  28.09,  28.22,  28.21,  28.17,  28.02,  27.92,  28.05,  27.50,  27.64,  27.41,  27.45,  27.72,  27.44,  27.19,  26.75,  26.98,  27.19,  27.45,  27.70,  28.03,  28.00,  27.96,  28.02,  27.97,  27.80,  27.70,  27.54
20090203, 1200,  , TS, 17.5S,  63.6E,  35,  996,    0,    0,    0,    0,    0,    0,    0,    0,    0,    0,    0,    0, -999,  26.40,  27.00,  27.25,  27.34,  27.33,  27.74,  27.82,  27.84,  27.73,  27.60,  27.69,  28.01,  28.12,  28.05,  27.77,  28.05,  27.30,  27.11,  27.29,  27.34,  27.24,  27.67,  27.73,  27.73,  27.69,  27.78,  27.75,  27.70,  27.53,  27.40,  27.46
20090203, 1800,  , TS, 17.6S,  62.7E,  35,  996,    0,    0,    0,    0,    0,    0,    0,    0,    0,    0,    0,    0, -999,  26.88,  27.22,  27.27,  27.28,  27.43,  27.67,  27.52,  27.51,  27.71,  27.66,  27.69,  28.17,  27.98,  27.62,  27.53,  27.73,  27.69,  28.12,  28.07,  27.99,  27.95,  28.01,  27.82,  27.76,  27.90,  28.00,  28.00,  28.00,  27.90,  27.68,  27.66
20090204, 0000,  , TS, 17.7S,  61.9E,  35,  996,    0,    0,    0,    0,    0,    0,    0,    0,    0,    0,    0,    0, -999,  27.04,  27.00,  27.04,  27.13,  27.31,  27.17,  27.35,  27.65,  27.38,  27.62,  27.78,  28.03,  27.93,  27.99,  28.24,  28.13,  28.27,  28.27,  28.24,  27.99,  28.06,  28.00,  27.56,  27.69,  27.55,  27.63,  27.63,  27.62,  27.79,  27.72,  27.92
20090204, 0600,  , TS, 17.8S,  61.1E,  40,  993,   45,   55,   55,   50,    0,    0,    0,    0,    0,    0,    0,    0, -999,  27.28,  27.34,  27.05,  27.05,  27.06,  26.99,  27.12,  27.11,  26.92,  27.20,  27.55,  28.01,  27.95,  28.22,  28.29,  28.15,  28.14,  27.89,  27.69,  27.62,  27.73,  27.56,  27.61,  27.58,  27.37,  27.55,  27.64,  27.49,  27.87,  28.04,  28.39
20090204, 1200,  , TS, 17.8S,  60.2E,  45,  989,   50,   60,   60,   55,    0,    0,    0,    0,    0,    0,    0,    0, -999,  27.52,  27.41,  27.28,  27.20,  27.00,  27.31,  26.85,  27.10,  27.25,  27.24,  27.87,  27.95,  28.25,  28.05,  28.12,  28.19,  28.11,  27.98,  27.96,  28.02,  28.07,  28.19,  28.04,  27.46,  27.49,  27.34,  27.35,  28.22,  28.27,  28.16,  28.19
20090204, 1800,  , TS, 18.0S,  59.4E,  50,  985,   50,   60,   60,   55,    0,    0,    0,    0,    0,    0,    0,    0, -999,  28.06,  28.09,  28.03,  28.11,  28.00,  28.11,  28.24,  28.38,  28.44,  28.49,  28.62,  28.74,  28.89,  28.78,  28.66,  28.55,  28.24,  28.02,  28.00,  27.94,  27.98,  27.96,  27.96,  28.02,  28.02,  28.12,  28.24,  28.27,  28.53,  28.31,  28.16
20090205, 0000,  , TS, 18.1S,  58.5E,  55,  982,   50,   60,   60,   55,    0,    0,    0,    0,    0,    0,    0,    0, -999,  28.08,  27.94,  28.09,  27.83,  27.70,  27.65,  28.41,  28.62,  28.63,  28.58,  28.51,  28.57,  28.52,  28.34,  28.35,  28.23,  28.31,  28.25,  28.14,  28.15,  28.13,  27.91,  27.86,  27.89,  27.84,  27.92,  28.13,  28.30,  28.28,  28.39,  28.50
20090205, 0600,  , TS, 18.2S,  57.3E,  55,  982,   50,   60,   60,   55,   25,   25,   25,   25,    0,    0,    0,    0, -999,  27.94,  27.95,  28.15,  28.04,  28.24,  28.11,  27.95,  27.80,  27.87,  27.84,  27.80,  27.88,  27.95,  28.03,  28.28,  28.54,  28.36,  28.09,  27.70,  27.36,  27.10,  27.73,  27.52,  27.74,  27.97,  27.99,  28.07,  28.36,  28.29,  28.18,  28.23
20090205, 1200,  , TS, 18.3S,  56.1E,  60,  978,   50,   60,   60,   55,   25,   25,   25,   25,    0,    0,    0,    0, -999,  28.01,  28.09,  28.17,  28.21,  28.34,  28.33,  28.22,  28.04,  27.98,  27.94,  27.99,  28.23,  28.21,  28.14,  28.29,  28.42,  28.22,  28.12,  27.89,  27.80,  27.51,  27.87,  27.65,  27.59,  27.66,  27.89,  28.01,  28.09,  28.05,  28.11,  28.15
20090205, 1800,  , HU, 18.4S,  55.1E,  70,  970,   60,   70,   70,   60,   30,   35,   35,   30,   15,   15,   15,   15, -999,  28.41,  28.42,  28.54,  28.13,  28.05,  28.25,  28.44,  28.61,  28.31,  28.28,  28.35,  28.06,  27.90,  27.81,  27.99,  28.28,  28.13,  28.37,  28.39,  28.46,  27.98,  27.65,  27.41,  27.18,  27.30,  27.92,  27.91,  28.01,  27.93,  27.95,  28.00
20090206, 0000,  , HU, 18.5S,  54.2E,  75,  967,   90,  100,  100,   95,   45,   50,   55,   45,   35,   40,   35,   35, -999,  28.51,  28.82,  28.73,  28.93,  28.98,  29.07,  28.92,  28.92,  28.89,  28.97,  28.73,  28.66,  28.52,  28.50,  28.86,  28.70,  28.78,  28.47,  28.51,  28.06,  27.57,  27.27,  27.22,  27.29,  27.26,  27.40,  27.70,  28.05,  27.99,  27.88,  27.81
20090206, 0600,  , HU, 18.5S,  53.3E,  90,  956,   95,  105,  105,  100,   55,   55,   55,   55,   40,   40,   40,   40, -999,  28.57,  28.82,  28.44,  28.35,  28.44,  28.56,  28.43,  28.29,  28.34,  28.36,  28.30,  28.37,  28.57,  28.71,  28.78,  28.77,  28.69,  28.62,  28.62,  28.02,  27.31,  27.12,  26.73,  26.47,  26.73,  26.89,  27.25,  27.65,  27.64,  27.49,  27.50
20090206, 1200,  , HU, 18.7S,  52.6E, 100,  948,   95,  105,  105,  100,   55,   55,   55,   55,   40,   40,   40,   40, -999,  28.44,  28.74,  28.54,  28.70,  28.48,  28.51,  28.74,  28.77,  28.32,  28.56,  28.60,  28.70,  28.71,  28.59,  28.49,  29.14,  28.87,  27.54,  28.12,  27.01,  25.95,  25.52,  25.33,  24.86,  25.04,  25.12,  25.35,  25.50,  25.68,  25.50,  25.55
20090206, 1800,  , HU, 19.2S,  52.3E, 105,  944,  165,  180,  150,  130,   55,   60,   60,   55,   50,   55,   50,   40, -999,  28.38,  28.73,  28.68,  28.87,  28.54,  28.01,  27.92,  28.51,  28.72,  28.55,  28.67,  28.74,  28.75,  28.43,  27.89,  27.68,  27.26,  27.98,  28.02,  27.04,  26.47,  26.98,  26.04,  25.62,  25.44,  25.50,  25.46,  25.68,  26.33,  26.14,  25.94
20090207, 0000,  , HU, 19.6S,  51.8E, 120,  933,  170,  170,  140,  130,   95,  105,   70,   60,   55,   55,   50,   50, -999,  28.38,  28.22,  28.41,  27.92,  27.86,  27.82,  28.06,  27.92,  27.77,  27.60,  27.37,  26.93,  27.22,  27.50,  27.61,  26.34,  28.70,  27.18,  26.88,  27.34,  26.18,  26.72,  26.74,  25.66,  25.74,  25.88,  25.93,  26.74,  26.58,  26.63,  26.73
20090207, 0600,  , HU, 20.0S,  51.7E, 115,  937,  150,  160,  140,  130,   90,   90,   80,   75,   50,   55,   55,   50, -999,  28.52,  28.33,  28.21,  28.18,  28.14,  28.18,  28.04,  27.59,  27.50,  27.06,  27.34,  27.80,  27.87,  27.95,  28.57,  28.54,  28.63,  27.70,  27.20,  26.98,  26.99,  27.07,  26.81,  25.95,  25.71,  25.71,  25.80,  25.86,  25.74,  25.74,  25.76
20090207, 1200,  , HU, 20.6S,  51.9E, 105,  944,  150,  165,  165,  155,   90,  100,  100,   90,   55,   60,   60,   55, -999,  27.42,  27.19,  26.76,  26.77,  26.77,  27.01,  27.48,  27.34,  27.39,  27.82,  28.37,  28.69,  28.84,  28.71,  28.70,  28.52,  28.54,  27.84,  27.47,  26.64,  26.33,  25.86,  26.14,  26.38,  26.47,  26.80,  26.57,  26.42,  26.17,  26.40,  26.98
20090207, 1800,  , HU, 21.2S,  52.1E, 105,  944,  170,  180,  185,  165,  105,  115,  110,   95,   60,   65,   60,   55, -999,  28.83,  28.39,  28.36,  28.55,  28.15,  27.45,  26.75,  26.23,  26.44,  27.00,  27.16,  27.50,  27.67,  27.90,  28.02,  28.23,  28.46,  28.61,  28.18,  27.17,  26.65,  26.36,  26.18,  25.99,  25.98,  26.25,  26.15,  26.37,  26.79,  27.21,  27.04
20090208, 0000,  , HU, 21.9S,  52.5E, 105,  944,  140,  175,  180,  140,   85,   85,   95,   60,   55,   60,   55,   50, -999,  27.74,  27.89,  26.67,  26.44,  26.22,  26.74,  27.50,  27.79,  28.09,  28.29,  28.26,  27.97,  28.08,  27.70,  27.64,  27.21,  27.88,  27.73,  26.53,  26.12,  25.97,  26.05,  26.24,  26.20,  26.49,  26.52,  26.42,  26.64,  26.65,  26.66,  27.12
20090208, 0600,  , HU, 22.9S,  53.0E, 105,  944,  165,  190,  180,  150,   85,   95,   95,   75,   55,   60,   60,   50, -999,  26.70,  25.96,  25.90,  26.49,  26.24,  26.44,  26.53,  27.16,  27.69,  27.61,  27.57,  27.38,  27.20,  27.58,  27.89,  27.81,  27.75,  27.45,  27.26,  27.12,  27.27,  27.20,  26.93,  26.68,  26.34,  25.95,  26.27,  26.78,  26.69,  26.62,  26.50
20090208, 1200,  , HU, 24.2S,  53.3E, 105,  944,  170,  190,  185,  155,   90,  100,   95,   75,   55,   60,   55,   45, -999,  27.29,  27.55,  27.76,  27.32,  27.10,  26.89,  26.68,  26.92,  27.02,  27.36,  27.75,  27.81,  27.82,  27.65,  27.75,  27.71,  27.36,  27.07,  26.63,  26.59,  26.61,  26.90,  27.01,  27.00,  26.88,  27.02,  27.09,  27.22,  27.45,  27.43,  26.72
20090208, 1800,  , HU, 25.5S,  54.0E, 105,  944,  190,  180,  170,  145,  110,  105,   95,   75,   55,   50,   55,   55, -999,  27.02,  26.91,  26.27,  26.32,  26.35,  26.85,  26.86,  26.67,  26.99,  26.96,  26.79,  26.46,  26.32,  26.14,  26.38,  26.23,  26.17,  26.47,  26.01,  25.51,  25.63,  25.90,  25.69,  24.96,  24.51,  24.43,  24.59,  24.25,  24.03,  23.62,  23.37
20090209, 0000,  , HU, 26.9S,  55.1E, 100,  948,  200,  185,  170,  145,  110,   95,   80,   70,   55,   55,   45,   45, -999,  23.72,  23.01,  22.27,  22.62,  23.05,  23.03,  23.14,  23.53,  24.08,  24.46,  24.56,  24.84,  25.38,  24.49,  23.30,  22.59,  23.54,  22.84,  22.77,  22.08,  22.48,  22.21,  22.09,  22.43,  22.45,  22.58,  22.60,  22.57,  22.45,  23.04,  23.76
20090209, 0600,  , HU, 28.2S,  56.4E,  95,  952,  180,  190,  170,  145,   95,  100,   85,   70,   60,   60,   50,   50, -999,  22.55,  22.55,  22.75,  22.77,  22.37,  22.36,  22.35,  22.40,  22.41,  22.95,  22.56,  22.94,  23.31,  23.44,  24.06,  25.59,  25.00,  24.81,  24.49,  24.28,  24.09,  23.57,  23.22,  23.44,  23.77,  23.84,  24.15,  24.19,  24.16,  24.53,  24.71
20090209, 1200,  , HU, 29.8S,  58.0E,  85,  959,  165,  185,  160,  150,   80,   90,   75,   70,   55,   60,   50,   50, -999,  23.34,  23.23,  23.06,  22.92,  22.71,  23.00,  23.32,  23.40,  23.40,  23.48,  23.63,  23.61,  23.50,  23.47,  23.59,  24.25,  23.43,  23.26,  23.12,  22.86,  22.64,  22.91,  22.89,  22.81,  22.61,  22.51,  22.52,  22.62,  22.79,  22.78,  22.68
20090209, 1800,  , HU, 30.9S,  59.4E,  65,  974,  165,  185,  160,  150,   80,   90,   75,   70,    0,    0,    0,    0, -999,  22.05,  21.95,  21.84,  21.90,  22.00,  22.08,  22.18,  22.35,  22.61,  22.46,  22.96,  23.01,  22.93,  22.50,  22.77,  22.59,  21.22,  22.22,  21.39,  21.22,  20.95,  20.94,  20.97,  21.18,  20.63,  20.74,  21.02,  21.38,  21.12,  21.12,  21.16
20090210, 0000,  , HU, 31.5S,  60.5E,  65,  974,  205,  205,  165,  140,   95,   95,   75,   50,    0,    0,    0,    0, -999,  20.38,  19.95,  20.60,  21.20,  21.41,  21.52,  21.70,  21.62,  21.59,  21.63,  21.47,  21.27,  21.33,  21.23,  21.08,  20.04,  20.55,  20.58,  20.52,  20.45,  20.64,  20.74,  19.98,  19.78,  19.69,  19.76,  19.67,  20.13,  20.74,  21.14,  21.40
20090210, 0600,  , TS, 31.9S,  61.6E,  40,  993,  205,  205,  165,  140,    0,    0,    0,    0,    0,    0,    0,    0, -999,  20.73,  20.88,  21.16,  21.10,  20.55,  21.08,  21.36,  21.22,  21.24,  21.29,  21.24,  21.37,  21.48,  21.64,  22.37,  22.23,  21.02,  21.55,  21.91,  22.23,  22.48,  22.42,  22.29,  21.58,  21.38,  21.44,  21.69,  21.88,  21.55,  21.41,  21.43
20090210, 1200,  , EX, 32.3S,  62.8E,  40,  993,  205,  205,  165,  140,    0,    0,    0,    0,    0,    0,    0,    0, -999,  22.01,  22.05,  22.12,  22.18,  22.26,  22.38,  22.26,  22.49,  22.44,  22.51,  22.28,  21.86,  21.55,  21.32,  21.07,  21.90,  21.08,  20.84,  21.18,  21.14,  20.74,  20.22,  20.02,  20.51,  20.19,  19.66,  19.29,  19.25,  19.42,  19.50,  19.65
20090210, 1800,  , EX, 32.0S,  64.1E,  40,  993,  205,  205,  165,  140,    0,    0,    0,    0,    0,    0,    0,    0, -999,  19.77,  20.14,  19.93,  20.25,  20.37,  20.07,  20.06,  19.89,  20.13,  20.11,  20.07,  19.93,  19.87,  20.11,  20.21,  20.64,  19.97,  19.48,  19.22,  20.06,  20.00,  19.61,  19.93,  19.17,  18.79,  19.05,  19.71,  20.11,  20.39,  20.66,  20.22
20090211, 0000,  , EX, 32.2S,  65.1E,  30, 1000,    0,    0,    0,    0,    0,    0,    0,    0,    0,    0,    0,    0, -999,  21.08,  21.42,  21.49,  21.20,  21.29,  21.21,  20.78,  20.35,  20.73,  20.98,  20.62,  21.12,  21.44,  21.02,  21.97,  22.49,  22.46,  21.78,  21.54,  22.03,  22.29,  22.26,  22.14,  22.11,  21.83,  21.57,  21.61,  21.68,  21.48,  21.25,  21.35
