SH131998,            UNNAMED,     24,
19980117, 0600,  , LO, 15.1S,  40.6E,  30,    0,    0,    0,    0,    0,    0,    0,    0,    0,    0,    0,    0,    0, -999,    nan,    nan,    nan,    nan,    nan,    nan,    nan,    nan,    nan,    nan,    nan,    nan,    nan,    nan,    nan,    nan,    nan,    nan,    nan,    nan,    nan,    nan,    nan,    nan,    nan,    nan,    nan,    nan,    nan,    nan,    nan
19980117, 1200,  , LO, 15.6S,  40.0E,  30,    0,    0,    0,    0,    0,    0,    0,    0,    0,    0,    0,    0,    0, -999,    nan,    nan,    nan,    nan,    nan,    nan,    nan,    nan,    nan,    nan,    nan,    nan,    nan,    nan,    nan,    nan,    nan,    nan,    nan,    nan,    nan,    nan,    nan,    nan,    nan,    nan,    nan,    nan,    nan,    nan,    nan
19980117, 1800,  , TS, 16.3S,  38.9E,  35,    0,    0,    0,    0,    0,    0,    0,    0,    0,    0,    0,    0,    0, -999,    nan,    nan,    nan,    nan,    nan,    nan,    nan,    nan,    nan,    nan,    nan,    nan,    nan,    nan,    nan,    nan,    nan,    nan,    nan,    nan,    nan,    nan,    nan,    nan,    nan,    nan,    nan,    nan,    nan,    nan,    nan
19980118, 0000,  , TS, 16.8S,  37.7E,  35,    0,    0,    0,    0,    0,    0,    0,    0,    0,    0,    0,    0,    0, -999,    nan,    nan,    nan,    nan,    nan,    nan,    nan,    nan,    nan,    nan,    nan,    nan,    nan,    nan,    nan,    nan,    nan,    nan,    nan,    nan,    nan,    nan,    nan,    nan,    nan,    nan,    nan,    nan,    nan,    nan,    nan
19980118, 0600,  , TS, 17.0S,  36.7E,  35,    0,    0,    0,    0,    0,    0,    0,    0,    0,    0,    0,    0,    0, -999,    nan,    nan,    nan,    nan,    nan,    nan,    nan,    nan,    nan,    nan,    nan,    nan,    nan,    nan,    nan,    nan,    nan,    nan,    nan,    nan,    nan,    nan,    nan,    nan,    nan,    nan,    nan,    nan,    nan,    nan,    nan
19980118, 1200,  , LO, 17.2S,  36.0E,  30,    0,    0,    0,    0,    0,    0,    0,    0,    0,    0,    0,    0,    0, -999,    nan,    nan,    nan,    nan,    nan,    nan,    nan,    nan,    nan,    nan,    nan,    nan,    nan,    nan,    nan,    nan,    nan,    nan,    nan,    nan,    nan,    nan,    nan,    nan,    nan,    nan,    nan,    nan,    nan,    nan,    nan
19980118, 1800,  , LO, 17.9S,  35.8E,  30,    0,    0,    0,    0,    0,    0,    0,    0,    0,    0,    0,    0,    0, -999,    nan,    nan,    nan,    nan,    nan,    nan,    nan,    nan,    nan,    nan,    nan,    nan,    nan,    nan,    nan,    nan,    nan,    nan,    nan,    nan,    nan,    nan,    nan,    nan,    nan,    nan,    nan,    nan,    nan,    nan,    nan
19980119, 0000,  , LO, 18.6S,  35.6E,  30,    0,    0,    0,    0,    0,    0,    0,    0,    0,    0,    0,    0,    0, -999,    nan,    nan,    nan,    nan,    nan,    nan,    nan,    nan,    nan,    nan,    nan,    nan,    nan,    nan,    nan,    nan,    nan,    nan,    nan,    nan,    nan,    nan,    nan,    nan,    nan,    nan,    nan,    nan,    nan,    nan,    nan
19980119, 0600,  , LO, 19.3S,  35.3E,  30,    0,    0,    0,    0,    0,    0,    0,    0,    0,    0,    0,    0,    0, -999,    nan,    nan,    nan,    nan,    nan,    nan,    nan,    nan,    nan,    nan,    nan,    nan,    nan,    nan,    nan,    nan,    nan,    nan,    nan,    nan,    nan,    nan,    nan,    nan,    nan,    nan,    nan,    nan,    nan,    nan,    nan
19980119, 1200,  , TS, 20.1S,  35.0E,  35,    0,    0,    0,    0,    0,    0,    0,    0,    0,    0,    0,    0,    0, -999,    nan,    nan,    nan,    nan,    nan,    nan,    nan,    nan,    nan,    nan,    nan,    nan,    nan,    nan,    nan,    nan,    nan,    nan,    nan,    nan,    nan,    nan,    nan,    nan,    nan,    nan,    nan,    nan,    nan,    nan,    nan
19980119, 1800,  , LO, 20.9S,  35.0E,  30,    0,    0,    0,    0,    0,    0,    0,    0,    0,    0,    0,    0,    0, -999,    nan,    nan,    nan,    nan,    nan,    nan,    nan,    nan,    nan,    nan,    nan,    nan,    nan,    nan,    nan,    nan,    nan,    nan,    nan,    nan,    nan,    nan,    nan,    nan,    nan,    nan,    nan,    nan,    nan,    nan,    nan
19980120, 0000,  , LO, 21.7S,  35.3E,  30,    0,    0,    0,    0,    0,    0,    0,    0,    0,    0,    0,    0,    0, -999,    nan,    nan,    nan,    nan,    nan,    nan,    nan,    nan,    nan,    nan,    nan,    nan,    nan,    nan,    nan,    nan,    nan,    nan,    nan,    nan,    nan,    nan,    nan,    nan,    nan,    nan,    nan,    nan,    nan,    nan,    nan
19980120, 0600,  , LO, 22.4S,  35.7E,  30,    0,    0,    0,    0,    0,    0,    0,    0,    0,    0,    0,    0,    0, -999,  35.05,  35.03,  35.13,  35.09,  35.14,  35.08,  35.12,  35.08,  35.14,  35.15,  35.14,  35.15,  35.13,  35.16,  35.14,  35.08,  35.06,  35.06,  35.06,  35.11,  35.09,  35.03,  35.05,  35.06,  35.07,  35.06,  35.10,  35.08,  35.06,  35.07,  35.07
19980120, 1200,  , TS, 22.9S,  36.4E,  35,    0,    0,    0,    0,    0,    0,    0,    0,    0,    0,    0,    0,    0, -999,  35.13,  35.01,  35.02,  35.17,  35.16,  35.17,  35.16,  35.20,  35.19,  35.23,  35.20,  35.22,  35.20,  35.11,  35.11,  35.08,  35.19,  35.08,  35.08,  35.12,  35.09,  35.05,  35.04,  35.02,  34.96,  34.99,  34.91,  34.93,  34.94,  34.94,  34.91
19980120, 1800,  , TS, 23.2S,  37.2E,  35,    0,    0,    0,    0,    0,    0,    0,    0,    0,    0,    0,    0,    0, -999,  35.16,  35.16,  35.17,  35.19,  35.21,  35.21,  35.20,  35.20,  35.21,  35.19,  35.13,  35.14,  35.14,  35.20,  35.20,  35.20,  35.19,  35.17,  35.12,  35.17,  35.15,  35.15,  35.19,  35.15,  35.13,  35.12,  35.16,  35.14,  35.11,  35.04,  34.84
19980121, 0000,  , TS, 23.6S,  37.9E,  35,    0,    0,    0,    0,    0,    0,    0,    0,    0,    0,    0,    0,    0, -999,  35.17,  35.17,  35.16,  35.18,  35.19,  35.19,  35.15,  35.14,  35.13,  35.16,  35.20,  35.20,  35.20,  35.21,  35.20,  35.16,  35.17,  35.16,  35.16,  35.15,  35.18,  35.14,  35.17,  35.16,  35.16,  35.14,  35.15,  35.16,  35.15,  35.13,  35.15
19980121, 0600,  , TS, 24.1S,  38.6E,  35,    0,    0,    0,    0,    0,    0,    0,    0,    0,    0,    0,    0,    0, -999,  35.16,  35.14,  35.09,  35.06,  35.09,  35.10,  35.08,  35.11,  35.11,  35.11,  35.13,  35.16,  35.17,  35.17,  35.16,  35.14,  35.14,  35.17,  35.17,  35.20,  35.14,  35.13,  35.09,  35.14,  35.16,  35.16,  35.15,  35.17,  35.17,  35.13,  35.09
19980121, 1200,  , TS, 24.7S,  39.3E,  35,    0,    0,    0,    0,    0,    0,    0,    0,    0,    0,    0,    0,    0, -999,  35.15,  35.32,  35.29,  35.30,  35.31,  35.30,  35.24,  35.18,  35.22,  35.30,  35.26,  35.27,  35.25,  35.16,  35.17,  35.20,  34.99,  35.17,  35.16,  35.05,  35.01,  34.99,  34.95,  34.93,  35.02,  35.07,  35.12,  35.19,  35.19,  35.09,  35.07
19980121, 1800,  , TS, 25.2S,  40.4E,  35,    0,    0,    0,    0,    0,    0,    0,    0,    0,    0,    0,    0,    0, -999,  35.25,  35.22,  35.24,  35.19,  35.20,  35.14,  35.20,  35.26,  35.26,  35.19,  35.19,  35.19,  35.19,  35.07,  35.08,  35.12,  35.10,  35.19,  35.18,  35.11,  35.10,  35.10,  35.09,  35.09,  35.11,  35.12,  35.13,  35.09,  35.02,  34.92,  34.93
19980122, 0000,  , TS, 26.0S,  41.8E,  35,    0,    0,    0,    0,    0,    0,    0,    0,    0,    0,    0,    0,    0, -999,  35.22,  35.21,  35.23,  35.25,  35.22,  35.26,  35.34,  35.35,  35.28,  35.28,  35.29,  35.23,  35.20,  35.20,  35.19,  35.17,  35.14,  35.23,  35.32,  35.18,  35.25,  35.31,  35.31,  35.30,  35.30,  35.26,  35.05,  35.01,  35.34,  35.35,  35.32
19980122, 0600,  , TS, 26.2S,  42.8E,  35,    0,    0,    0,    0,    0,    0,    0,    0,    0,    0,    0,    0,    0, -999,  35.41,  35.40,  35.40,  35.39,  35.39,  35.39,  35.39,  35.40,  35.33,  35.32,  35.26,  35.28,  35.31,  35.37,  35.39,  35.39,  35.37,  35.31,  35.28,  35.19,  35.06,  35.21,  35.14,  35.12,  35.11,  35.13,  34.95,  35.15,  35.30,  35.28,  35.23
19980122, 1200,  , TS, 26.2S,  43.9E,  35,    0,    0,    0,    0,    0,    0,    0,    0,    0,    0,    0,    0,    0, -999,  35.20,  35.20,  35.19,  35.19,  35.19,  35.20,  35.17,  35.05,  35.10,  35.12,  35.14,  35.28,  35.30,  35.37,  35.32,  35.25,  35.29,  35.30,  35.34,  35.34,  35.36,  35.36,  35.32,  35.34,  35.34,  35.32,  35.23,  35.24,  35.24,  35.15,  35.10
19980122, 1800,  , TS, 26.2S,  45.0E,  35,    0,    0,    0,    0,    0,    0,    0,    0,    0,    0,    0,    0,    0, -999,  35.30,  35.26,  35.28,  35.28,  35.29,  35.29,  35.27,  35.27,  35.28,  35.27,  35.32,  35.31,  35.30,  35.29,  35.29,  35.29,  35.30,  35.29,  35.28,  35.24,  35.25,  35.26,  35.26,  35.25,  35.25,  35.26,  35.25,  35.24,  35.19,  35.16,  35.17
19980123, 0000,  , LO, 26.3S,  46.1E,  30,    0,    0,    0,    0,    0,    0,    0,    0,    0,    0,    0,    0,    0, -999,  35.11,  35.13,  35.16,  35.15,  35.14,  35.17,  35.12,  35.03,  35.08,  34.99,  35.03,  35.03,  35.00,  35.03,  35.15,  35.10,  35.06,  35.06,  35.12,  35.17,  35.13,  35.13,  35.21,  35.22,  35.00,  35.05,  35.05,  35.02,  34.99,  34.96,  34.90
