SH132008,               FAME,     37,
20080123, 1200,  , DB, 11.8S,  49.1E,  15, 1010,    0,    0,    0,    0,    0,    0,    0,    0,    0,    0,    0,    0, -999,  35.08,  35.07,  35.08,  35.09,  35.08,  35.08,  35.07,  35.08,  35.09,  35.12,  35.11,  35.12,  35.15,  35.11,  35.09,  35.06,  35.06,  35.08,  35.02,  35.04,  35.07,  35.08,  35.05,  35.09,  35.09,  35.05,  34.98,  34.96,  34.99,  35.02,  35.05
20080123, 1800,  , DB, 12.3S,  47.7E,  15, 1010,    0,    0,    0,    0,    0,    0,    0,    0,    0,    0,    0,    0, -999,  35.14,  35.15,  35.10,  35.07,  35.02,  35.03,  35.05,  35.05,  35.03,  35.02,  35.01,  35.02,  35.01,  35.02,  35.01,  35.04,  35.07,  35.06,  35.05,  35.04,  35.04,  35.06,  35.05,  35.03,  35.02,  35.04,  35.04,  35.03,  35.01,  35.08,  35.12
20080124, 0000,  , TD, 12.9S,  46.4E,  25, 1004,    0,    0,    0,    0,    0,    0,    0,    0,    0,    0,    0,    0, -999,  35.16,  35.12,  35.11,  35.08,  35.08,  35.08,  35.09,  35.03,  35.02,  35.02,  35.04,  35.00,  35.02,  35.01,  35.00,  35.01,  35.02,  35.02,  35.00,  35.00,  34.93,  34.93,  35.00,  34.96,  35.00,  34.84,  35.02,  35.01,  35.03,  35.03,  35.01
20080124, 0600,  , TD, 13.5S,  45.4E,  30, 1000,    0,    0,    0,    0,    0,    0,    0,    0,    0,    0,    0,    0, -999,  35.09,  35.05,  34.93,  34.95,  34.99,  35.01,  35.00,  35.02,  34.97,  34.86,  34.85,  34.97,  35.06,  35.12,  35.17,  35.13,  35.12,  35.13,  35.14,  34.89,  34.94,  34.95,  34.97,  34.96,  34.98,  35.01,  35.03,  35.00,  35.05,  35.04,  35.04
20080124, 1200,  , TD, 13.7S,  45.1E,  30, 1000,    0,    0,    0,    0,    0,    0,    0,    0,    0,    0,    0,    0, -999,  35.04,  35.06,  34.95,  35.05,  35.07,  35.03,  35.03,  35.00,  34.97,  35.00,  34.82,  34.96,  35.02,  35.03,  35.09,  35.17,  35.22,  35.17,  35.12,  35.10,  35.00,  35.05,  35.09,  34.98,  35.01,  35.02,  34.99,  35.01,  34.99,  35.01,  35.02
20080124, 1800,  , TD, 13.8S,  44.9E,  30, 1000,    0,    0,    0,    0,    0,    0,    0,    0,    0,    0,    0,    0, -999,  35.00,  34.96,  34.90,  35.07,  35.09,  35.07,  35.05,  35.00,  34.96,  35.00,  34.94,  34.99,  35.03,  35.06,  35.08,  35.08,  35.14,  35.17,  35.08,  34.95,  34.98,  35.09,  35.15,  35.05,  35.02,  35.03,  34.94,  34.91,  34.93,  34.99,  35.05
20080125, 0000,  , TD, 13.8S,  44.7E,  30, 1000,    0,    0,    0,    0,    0,    0,    0,    0,    0,    0,    0,    0, -999,  35.01,  35.07,  35.05,  35.03,  35.01,  34.95,  34.96,  34.95,  34.98,  34.99,  35.02,  35.04,  35.06,  35.09,  35.09,  35.09,  35.05,  34.94,  35.03,  35.00,  35.00,  35.03,  35.04,  35.00,  34.87,  34.81,  34.91,  34.94,  35.04,  35.09,  35.09
20080125, 0600,  , TS, 13.8S,  44.6E,  35,  996,    0,    0,    0,    0,    0,    0,    0,    0,    0,    0,    0,    0, -999,  35.01,  35.07,  35.05,  35.03,  35.01,  34.95,  34.96,  34.95,  34.98,  34.99,  35.02,  35.04,  35.06,  35.09,  35.09,  35.09,  35.05,  34.94,  35.03,  35.00,  35.00,  35.03,  35.04,  35.00,  34.87,  34.81,  34.91,  34.94,  35.04,  35.09,  35.09
20080125, 1200,  , TS, 13.9S,  44.7E,  45,  989,   45,   45,   45,   45,    0,    0,    0,    0,    0,    0,    0,    0, -999,  35.01,  35.07,  35.05,  35.03,  35.01,  34.95,  34.96,  34.95,  34.98,  34.99,  35.02,  35.04,  35.06,  35.09,  35.09,  35.09,  35.05,  34.94,  35.03,  35.00,  35.00,  35.03,  35.04,  35.00,  34.87,  34.81,  34.91,  34.94,  35.04,  35.09,  35.09
20080125, 1800,  , TS, 13.8S,  44.8E,  50,  985,   45,   45,   45,   45,    0,    0,    0,    0,    0,    0,    0,    0, -999,  34.87,  35.11,  35.08,  35.07,  35.04,  35.02,  34.99,  34.97,  34.98,  35.01,  35.01,  35.03,  35.06,  35.08,  35.09,  35.14,  35.17,  35.00,  34.91,  35.02,  35.07,  35.11,  35.06,  35.05,  34.94,  34.93,  34.90,  34.92,  35.01,  35.08,  35.09
20080126, 0000,  , TS, 13.7S,  44.7E,  55,  982,   60,   60,   60,   60,   30,   30,   30,   30,    0,    0,    0,    0, -999,  35.05,  35.03,  35.02,  35.01,  34.96,  34.96,  34.94,  34.96,  34.98,  35.00,  35.00,  35.04,  35.09,  35.11,  35.15,  35.17,  35.04,  35.01,  35.05,  35.19,  35.12,  35.04,  35.04,  34.95,  34.91,  34.94,  34.97,  35.03,  35.08,  35.09,  35.10
20080126, 0600,  , TS, 14.0S,  44.7E,  55,  982,   60,   60,   60,   60,   30,   30,   30,   30,    0,    0,    0,    0, -999,  35.08,  35.05,  35.03,  34.97,  34.92,  34.96,  34.98,  34.99,  35.00,  35.02,  35.01,  35.04,  35.06,  35.07,  34.97,  35.02,  34.94,  34.98,  34.93,  34.86,  34.88,  34.93,  34.95,  34.91,  34.84,  34.86,  34.98,  35.05,  35.09,  35.08,  35.12
20080126, 1200,  , TS, 14.4S,  44.5E,  60,  978,   60,   60,   60,   60,   30,   30,   30,   30,    0,    0,    0,    0, -999,  35.02,  34.96,  34.93,  34.97,  35.00,  35.00,  35.01,  34.99,  35.05,  35.09,  35.03,  35.02,  35.00,  34.99,  35.04,  35.13,  35.13,  35.00,  34.95,  34.91,  34.91,  34.93,  34.91,  34.89,  34.77,  34.89,  34.94,  34.93,  35.05,  35.06,  34.97
20080126, 1800,  , TS, 14.7S,  44.4E,  60,  978,   70,   70,   70,   70,   40,   40,   40,   40,    0,    0,    0,    0, -999,  35.00,  34.99,  34.99,  35.03,  35.06,  35.04,  35.02,  35.02,  35.06,  35.06,  35.04,  35.04,  35.04,  35.03,  35.05,  35.05,  35.06,  35.04,  34.86,  34.82,  34.88,  34.88,  34.90,  34.81,  34.76,  34.79,  34.87,  34.92,  34.90,  35.06,  35.08
20080127, 0000,  , HU, 15.1S,  44.4E,  70,  970,   70,   70,   70,   70,   40,   40,   40,   40,    0,    0,    0,    0, -999,  35.05,  35.08,  35.05,  35.01,  35.04,  35.03,  35.02,  35.05,  35.02,  35.03,  35.05,  35.07,  35.06,  35.07,  35.08,  35.02,  34.87,  35.05,  35.07,  34.83,  34.90,  34.83,  34.69,  34.81,  34.91,  34.88,  34.82,  34.91,  35.00,  35.03,  34.97
20080127, 0600,  , HU, 15.7S,  44.4E,  85,  959,   75,   75,   75,   75,   40,   40,   40,   40,   20,   20,   20,   20, -999,  35.00,  35.01,  35.02,  35.02,  35.01,  35.02,  35.03,  35.03,  35.03,  35.04,  35.04,  35.06,  35.05,  35.08,  35.07,  35.07,  35.02,  34.96,  34.96,  34.96,  34.90,  34.84,  34.82,  34.80,  34.81,  34.85,  34.87,  34.87,  34.91,  34.96,  34.96
20080127, 1200,  , HU, 16.4S,  44.5E,  75,  967,   95,   75,   85,   80,   60,   55,   55,   55,   35,   35,   35,   35, -999,    nan,    nan,    nan,    nan,    nan,    nan,    nan,    nan,    nan,    nan,    nan,    nan,    nan,    nan,    nan,    nan,    nan,    nan,    nan,    nan,    nan,    nan,    nan,    nan,    nan,    nan,    nan,    nan,    nan,    nan,    nan
20080127, 1800,  , HU, 17.0S,  44.7E,  70,  970,   95,   75,   85,   80,   60,   55,   55,   55,   35,   35,   35,   35, -999,    nan,    nan,    nan,    nan,    nan,    nan,    nan,    nan,    nan,    nan,    nan,    nan,    nan,    nan,    nan,    nan,    nan,    nan,    nan,    nan,    nan,    nan,    nan,    nan,    nan,    nan,    nan,    nan,    nan,    nan,    nan
20080128, 0000,  , HU, 17.6S,  45.3E,  65,  974,   80,   65,   85,   80,   50,   45,   45,   45,    0,    0,    0,    0, -999,    nan,    nan,    nan,    nan,    nan,    nan,    nan,    nan,    nan,    nan,    nan,    nan,    nan,    nan,    nan,    nan,    nan,    nan,    nan,    nan,    nan,    nan,    nan,    nan,    nan,    nan,    nan,    nan,    nan,    nan,    nan
20080128, 0600,  , TS, 18.3S,  46.4E,  40,  993,   80,   65,   85,   80,    0,    0,    0,    0,    0,    0,    0,    0, -999,    nan,    nan,    nan,    nan,    nan,    nan,    nan,    nan,    nan,    nan,    nan,    nan,    nan,    nan,    nan,    nan,    nan,    nan,    nan,    nan,    nan,    nan,    nan,    nan,    nan,    nan,    nan,    nan,    nan,    nan,    nan
20080128, 1200,  , TD, 19.3S,  46.6E,  30, 1000,    0,    0,    0,    0,    0,    0,    0,    0,    0,    0,    0,    0, -999,    nan,    nan,    nan,    nan,    nan,    nan,    nan,    nan,    nan,    nan,    nan,    nan,    nan,    nan,    nan,    nan,    nan,    nan,    nan,    nan,    nan,    nan,    nan,    nan,    nan,    nan,    nan,    nan,    nan,    nan,    nan
20080128, 1800,  , TD, 19.4S,  49.0E,  30, 1000,    0,    0,    0,    0,    0,    0,    0,    0,    0,    0,    0,    0, -999,  35.17,  35.15,  35.14,  35.18,  35.13,  35.15,  35.16,  35.18,  35.18,  35.18,  35.18,  35.19,  35.18,  35.16,  35.15,  35.13,  35.12,  35.13,  35.04,  34.93,  34.93,  34.97,  34.99,  35.01,  35.04,  35.04,  35.03,  35.04,  35.08,  34.87,  34.86
20080129, 0000,  , TD, 19.5S,  50.1E,  30, 1000,    0,    0,    0,    0,    0,    0,    0,    0,    0,    0,    0,    0, -999,  35.14,  35.14,  35.14,  35.15,  35.16,  35.16,  35.14,  35.11,  35.10,  35.10,  35.09,  35.09,  35.07,  35.05,  35.02,  34.99,  34.92,  34.91,  34.92,  34.93,  34.93,  34.94,  34.91,  34.92,  34.92,  34.92,  34.91,  34.92,  34.92,  34.91,  34.92
20080129, 0600,  , TS, 20.0S,  51.2E,  35,  996,    0,    0,    0,    0,    0,    0,    0,    0,    0,    0,    0,    0, -999,  34.99,  34.96,  34.98,  35.02,  35.05,  35.08,  35.09,  35.10,  35.11,  35.15,  35.14,  35.12,  35.11,  35.11,  35.11,  35.08,  35.00,  34.97,  35.01,  35.06,  35.06,  35.05,  35.02,  34.97,  34.97,  34.96,  34.95,  34.94,  34.94,  34.92,  34.93
20080129, 1200,  , TS, 20.5S,  52.0E,  35,  996,    0,    0,    0,    0,    0,    0,    0,    0,    0,    0,    0,    0, -999,  35.31,  35.25,  35.21,  35.23,  35.22,  35.17,  35.17,  35.16,  35.20,  35.23,  35.23,  35.22,  35.21,  35.25,  35.34,  35.35,  35.32,  35.21,  35.21,  35.18,  35.13,  35.09,  35.05,  35.01,  35.00,  34.97,  34.96,  34.94,  34.95,  34.94,  34.95
20080129, 1800,  , TS, 20.9S,  52.4E,  35,  996,   30,   30,   30,   30,    0,    0,    0,    0,    0,    0,    0,    0, -999,  35.27,  35.30,  35.34,  35.39,  35.42,  35.43,  35.46,  35.44,  35.46,  35.49,  35.43,  35.38,  35.28,  35.26,  35.26,  35.30,  35.30,  35.27,  35.26,  35.27,  35.31,  35.27,  35.23,  35.21,  35.20,  35.18,  35.17,  35.15,  35.13,  35.10,  35.08
20080130, 0000,  , TS, 21.2S,  52.6E,  35,  996,   30,   30,   30,   30,    0,    0,    0,    0,    0,    0,    0,    0, -999,  35.36,  35.36,  35.35,  35.36,  35.38,  35.42,  35.44,  35.44,  35.45,  35.46,  35.47,  35.48,  35.47,  35.47,  35.42,  35.40,  35.36,  35.32,  35.29,  35.28,  35.26,  35.22,  35.16,  35.16,  35.11,  35.05,  35.13,  35.11,  35.11,  35.11,  35.10
20080130, 0600,  , TS, 21.4S,  52.8E,  35,  996,   30,   30,   30,   30,    0,    0,    0,    0,    0,    0,    0,    0, -999,  35.33,  35.32,  35.35,  35.38,  35.38,  35.38,  35.38,  35.39,  35.41,  35.43,  35.44,  35.47,  35.46,  35.45,  35.40,  35.39,  35.36,  35.31,  35.24,  35.01,  35.08,  35.20,  35.12,  34.98,  35.00,  35.07,  35.13,  35.08,  35.05,  35.05,  35.08
20080130, 1200,  , TS, 21.5S,  53.1E,  40,  993,   35,   35,   35,   35,    0,    0,    0,    0,    0,    0,    0,    0, -999,  35.22,  35.23,  35.27,  35.30,  35.31,  35.34,  35.36,  35.36,  35.37,  35.38,  35.41,  35.43,  35.45,  35.45,  35.42,  35.35,  35.31,  35.26,  35.22,  35.03,  34.95,  34.89,  34.88,  34.83,  34.84,  34.98,  35.01,  35.03,  35.04,  35.03,  35.01
20080130, 1800,  , TS, 21.6S,  53.3E,  45,  989,   40,   40,   40,   40,    0,    0,    0,    0,    0,    0,    0,    0, -999,  35.21,  35.22,  35.26,  35.25,  35.27,  35.32,  35.33,  35.32,  35.33,  35.35,  35.38,  35.43,  35.45,  35.40,  35.33,  35.27,  35.26,  35.24,  35.17,  35.10,  35.08,  35.06,  35.05,  35.06,  35.03,  35.00,  34.97,  34.95,  34.95,  34.94,  34.93
20080131, 0000,  , TS, 22.0S,  53.2E,  40,  993,   75,   60,   90,   75,    0,    0,    0,    0,    0,    0,    0,    0, -999,  35.48,  35.53,  35.55,  35.48,  35.41,  35.32,  35.22,  35.19,  35.21,  35.25,  35.28,  35.32,  35.27,  35.19,  35.21,  35.30,  35.37,  35.26,  35.18,  34.93,  35.11,  35.08,  35.01,  35.02,  34.98,  34.92,  34.88,  34.88,  34.93,  34.95,  34.96
20080131, 0600,  , TS, 22.4S,  52.8E,  35,  996,   75,   60,   90,   75,    0,    0,    0,    0,    0,    0,    0,    0, -999,  35.29,  35.27,  35.24,  35.23,  35.24,  35.17,  35.05,  35.02,  35.02,  34.99,  34.98,  35.06,  35.32,  35.47,  35.53,  35.29,  35.40,  35.46,  35.33,  35.34,  35.49,  35.56,  35.53,  35.47,  35.36,  35.25,  35.15,  35.04,  35.00,  34.91,  34.92
20080131, 1200,  , TS, 22.3S,  52.1E,  35,  996,   75,   60,   90,   75,    0,    0,    0,    0,    0,    0,    0,    0, -999,  35.25,  35.25,  35.23,  35.20,  35.09,  34.81,  34.76,  34.82,  34.84,  34.86,  34.89,  34.93,  34.92,  34.94,  35.02,  35.05,  34.96,  35.15,  35.28,  35.31,  35.27,  35.22,  35.25,  35.34,  35.44,  35.47,  35.43,  35.35,  35.27,  35.17,  35.04
20080131, 1800,  , TS, 21.5S,  52.9E,  35,  996,   50,    0,    0,    0,    0,    0,    0,    0,    0,    0,    0,    0, -999,  35.27,  35.31,  35.32,  35.33,  35.35,  35.37,  35.37,  35.37,  35.38,  35.40,  35.42,  35.45,  35.46,  35.39,  35.32,  35.25,  35.17,  35.10,  34.94,  34.95,  35.09,  35.00,  34.93,  34.90,  34.95,  35.05,  35.06,  35.03,  35.03,  35.04,  35.01
20080201, 0000,  , TS, 22.0S,  54.2E,  35,  996,   50,    0,    0,    0,    0,    0,    0,    0,    0,    0,    0,    0, -999,  35.71,  35.67,  35.69,  35.70,  35.64,  35.48,  35.40,  35.27,  35.29,  35.36,  35.46,  35.41,  35.30,  35.31,  35.33,  35.26,  35.09,  35.18,  35.22,  35.19,  35.11,  35.11,  35.16,  35.16,  35.14,  35.14,  35.09,  35.07,  35.04,  35.03,  35.03
20080201, 0600,  , TS, 23.6S,  56.4E,  35,  996,   50,    0,    0,    0,    0,    0,    0,    0,    0,    0,    0,    0, -999,  35.27,  35.30,  35.30,  35.30,  35.29,  35.29,  35.29,  35.28,  35.28,  35.28,  35.27,  35.27,  35.27,  35.29,  35.27,  35.25,  35.24,  35.23,  35.22,  35.21,  35.20,  35.18,  35.16,  35.14,  35.15,  35.16,  35.16,  35.16,  35.17,  35.17,  35.17
20080201, 1200,  , TS, 26.4S,  55.7E,  35,  996,   50,    0,    0,    0,    0,    0,    0,    0,    0,    0,    0,    0, -999,  35.45,  35.45,  35.45,  35.46,  35.46,  35.47,  35.47,  35.47,  35.47,  35.47,  35.47,  35.47,  35.47,  35.48,  35.42,  35.30,  35.21,  35.17,  35.18,  35.21,  35.25,  35.29,  35.28,  35.29,  35.29,  35.27,  35.27,  35.28,  35.28,  35.30,  35.30
