SH132004,            UNNAMED,     34,
20040221, 0000,  , TD, 15.4S, 172.2E,  20, 1004,    0,    0,    0,    0,    0,    0,    0,    0,    0,    0,    0,    0, -999,  28.87,  29.31,  29.63,  29.83,  29.94,  29.92,  29.91,  29.75,  29.76,  29.87,  29.79,  29.62,  29.58,  29.76,  29.84,  29.94,  30.00,  30.18,  29.21,  29.14,  28.98,  28.92,  28.70,  28.64,  28.73,  28.68,  28.56,  28.50,  28.64,  28.60,  28.69
20040221, 0600,  , TD, 15.8S, 172.0E,  20, 1004,    0,    0,    0,    0,    0,    0,    0,    0,    0,    0,    0,    0, -999,  28.63,  29.15,  29.66,  29.77,  29.91,  29.94,  29.97,  29.77,  29.69,  29.94,  29.88,  29.88,  29.84,  30.07,  30.20,  30.24,  30.30,  30.24,  29.81,  29.24,  28.93,  28.73,  28.54,  28.50,  28.63,  28.63,  28.76,  28.65,  28.71,  28.61,  28.60
20040221, 1200,  , TD, 16.1S, 172.2E,  20, 1004,    0,    0,    0,    0,    0,    0,    0,    0,    0,    0,    0,    0, -999,  28.49,  29.07,  29.63,  29.77,  29.92,  29.94,  29.96,  29.76,  29.56,  29.74,  29.75,  29.68,  29.77,  29.87,  30.01,  30.02,  30.09,  29.88,  29.46,  29.29,  29.17,  28.84,  28.68,  28.64,  28.90,  28.77,  28.88,  28.71,  28.77,  28.68,  28.60
20040221, 1800,  , TD, 16.4S, 172.7E,  25, 1002,    0,    0,    0,    0,    0,    0,    0,    0,    0,    0,    0,    0, -999,  28.79,  29.25,  29.69,  29.72,  29.93,  29.89,  29.94,  29.83,  29.58,  29.62,  29.52,  29.37,  29.43,  29.58,  29.76,  29.77,  29.92,  29.80,  29.02,  28.87,  29.05,  29.08,  28.67,  28.77,  28.98,  28.53,  28.72,  28.37,  28.46,  28.57,  28.45
20040222, 0000,  , TD, 16.3S, 173.3E,  30, 1000,    0,    0,    0,    0,    0,    0,    0,    0,    0,    0,    0,    0, -999,  29.41,  29.64,  29.62,  29.74,  29.72,  29.78,  29.76,  29.76,  29.76,  29.49,  29.11,  29.04,  29.04,  29.39,  29.50,  29.64,  29.84,  28.93,  28.83,  28.70,  28.69,  28.95,  28.82,  29.09,  28.42,  28.37,  27.89,  28.12,  28.39,  28.87,  29.17
20040222, 0600,  , TD, 16.1S, 173.8E,  25, 1002,    0,    0,    0,    0,    0,    0,    0,    0,    0,    0,    0,    0, -999,  29.37,  29.45,  29.35,  29.42,  29.43,  29.48,  29.46,  29.45,  29.38,  29.18,  29.02,  28.98,  28.84,  28.97,  28.88,  28.93,  28.95,  28.48,  28.45,  28.40,  28.54,  28.43,  28.38,  28.62,  28.37,  28.76,  28.49,  28.42,  28.58,  28.60,  28.65
20040222, 1200,  , TD, 15.5S, 173.8E,  30, 1000,    0,    0,    0,    0,    0,    0,    0,    0,    0,    0,    0,    0, -999,  29.67,  29.54,  29.50,  29.50,  29.56,  29.54,  29.47,  29.30,  29.19,  28.86,  28.67,  28.69,  28.89,  29.04,  28.95,  28.96,  29.00,  28.55,  28.49,  28.23,  28.09,  28.13,  28.24,  28.56,  28.54,  28.74,  28.34,  28.81,  29.32,  29.37,  29.46
20040222, 1800,  , TS, 15.1S, 173.3E,  35,  997,    0,    0,    0,    0,    0,    0,    0,    0,    0,    0,    0,    0, -999,  29.64,  29.63,  29.68,  29.66,  29.60,  29.46,  29.37,  29.29,  29.09,  29.02,  28.70,  28.78,  29.10,  29.38,  29.27,  28.99,  28.96,  28.46,  28.29,  28.16,  28.04,  28.09,  28.10,  28.44,  28.48,  28.68,  28.36,  28.95,  29.36,  29.47,  29.48
20040223, 0000,  , TS, 14.7S, 172.5E,  40,  994,   50,   40,   60,   60,    0,    0,    0,    0,    0,    0,    0,    0, -999,  29.54,  29.76,  29.73,  29.76,  29.71,  29.69,  29.69,  29.65,  29.43,  29.00,  28.93,  29.14,  29.24,  29.22,  29.26,  29.23,  28.54,  28.37,  28.29,  28.34,  28.48,  28.44,  28.76,  28.63,  28.70,  28.75,  28.95,  29.06,  29.03,  29.23,  29.28
20040223, 0600,  , TS, 14.3S, 171.7E,  45,  991,   50,   50,   50,   50,    0,    0,    0,    0,    0,    0,    0,    0, -999,  29.55,  29.73,  29.88,  29.93,  30.00,  29.91,  30.02,  30.06,  30.03,  29.84,  29.52,  29.69,  29.38,  28.94,  28.92,  29.15,  28.46,  28.13,  28.19,  28.14,  28.50,  28.63,  28.92,  29.02,  28.91,  28.74,  28.94,  28.61,  28.82,  29.23,  29.32
20040223, 1200,  , TS, 13.9S, 171.0E,  55,  984,   50,   50,   50,   50,   10,   10,   10,   10,    0,    0,    0,    0, -999,  29.33,  29.48,  29.76,  29.82,  29.96,  29.97,  29.98,  29.94,  29.92,  29.58,  29.74,  29.80,  29.74,  29.64,  29.51,  29.41,  29.24,  28.51,  28.25,  28.33,  28.16,  28.17,  28.34,  28.58,  28.63,  28.81,  29.12,  28.57,  28.77,  29.02,  29.08
20040223, 1800,  , HU, 13.6S, 170.3E,  70,  972,  130,  130,  130,  130,   40,   40,   40,   40,    0,    0,    0,    0, -999,  29.60,  29.63,  29.67,  29.73,  29.77,  29.81,  29.98,  30.01,  30.08,  29.64,  29.84,  29.88,  29.79,  29.74,  29.48,  29.30,  29.07,  28.63,  28.47,  28.36,  28.35,  28.26,  28.37,  28.59,  28.81,  28.88,  29.18,  28.72,  28.90,  29.21,  29.27
20040224, 0000,  , HU, 13.4S, 169.6E,  75,  967,  140,  140,  120,  120,   40,   40,   40,   40,    0,    0,    0,    0, -999,  30.08,  30.16,  30.16,  30.12,  30.14,  30.13,  30.11,  30.17,  29.60,  29.90,  29.95,  29.96,  29.97,  29.77,  29.73,  29.56,  28.81,  28.37,  28.26,  28.19,  28.18,  28.13,  28.49,  28.74,  28.82,  29.22,  29.11,  29.36,  29.55,  29.29,  29.30
20040224, 0600,  , HU, 13.7S, 169.1E,  75,  967,  140,  140,  120,  120,   40,   40,   40,   40,    0,    0,    0,    0, -999,  30.02,  30.13,  30.18,  29.98,  30.05,  30.02,  29.99,  30.07,  29.52,  29.75,  29.90,  29.94,  29.97,  29.87,  29.89,  29.62,  28.92,  28.86,  28.31,  28.34,  28.13,  28.12,  28.40,  28.64,  28.65,  28.81,  28.99,  29.23,  29.43,  29.25,  29.38
20040224, 1200,  , HU, 14.0S, 168.7E,  90,  954,  150,  150,  120,  120,   50,   50,   40,   40,    0,    0,    0,    0, -999,  30.02,  30.22,  30.32,  30.11,  30.17,  30.13,  30.07,  30.16,  29.65,  29.91,  30.07,  30.13,  30.10,  29.98,  30.05,  29.88,  29.29,  29.10,  28.78,  28.85,  28.37,  28.39,  28.34,  28.42,  28.19,  28.32,  28.76,  28.96,  29.16,  29.10,  29.30
20040224, 1800,  , HU, 14.4S, 168.3E,  85,  954,  150,  150,  120,  120,   50,   50,   40,   40,    0,    0,    0,    0, -999,  29.63,  29.96,  30.19,  30.24,  30.15,  30.09,  30.04,  29.99,  29.46,  29.50,  29.73,  29.88,  30.02,  30.10,  30.29,  30.15,  29.86,  28.97,  28.75,  28.92,  29.04,  29.29,  29.05,  28.98,  28.39,  28.38,  28.52,  28.63,  28.39,  28.34,  28.50
20040225, 0000,  , HU, 14.9S, 167.9E,  85,  958,  220,  200,  120,  120,   50,   50,   50,   50,    0,    0,    0,    0, -999,  29.87,  30.07,  29.94,  29.89,  29.89,  29.94,  29.91,  29.78,  29.81,  29.95,  30.15,  30.20,  30.16,  30.25,  30.19,  29.59,  29.38,  29.33,  29.16,  29.29,  28.97,  29.09,  29.01,  28.71,  28.60,  28.81,  29.12,  29.06,  28.94,  28.95,  29.04
20040225, 0600,  , HU, 15.4S, 167.7E,  90,  954,  220,  200,  120,  120,   50,   50,   50,   50,    0,    0,    0,    0, -999,  29.85,  29.96,  29.92,  29.83,  29.72,  29.72,  29.74,  29.77,  29.76,  29.93,  30.05,  29.95,  30.01,  29.96,  29.26,  28.88,  28.98,  28.78,  28.83,  29.10,  29.25,  29.20,  29.18,  29.15,  29.09,  29.05,  29.13,  28.95,  28.88,  28.80,  28.81
20040225, 1200,  , HU, 15.9S, 167.7E,  95,  949,  200,  200,  120,  120,   50,   50,   50,   50,    0,    0,    0,    0, -999,  29.58,  29.73,  29.54,  29.50,  29.40,  29.42,  29.38,  29.50,  29.64,  29.74,  29.84,  29.67,  29.63,  29.81,  29.30,  28.60,  28.58,  28.55,  28.56,  28.85,  29.01,  28.70,  28.59,  28.63,  28.66,  28.82,  28.96,  28.80,  28.68,  28.55,  28.42
20040225, 1800,  , HU, 16.4S, 167.8E, 105,  938,  230,  100,  100,  180,   40,   40,   40,   40,    0,    0,    0,    0, -999,  29.63,  29.77,  29.63,  29.67,  29.51,  29.42,  29.37,  29.70,  29.74,  29.69,  29.43,  29.29,  29.56,  29.70,  28.98,  28.67,  28.71,  28.49,  28.21,  28.43,  28.80,  28.88,  28.84,  28.95,  28.99,  29.04,  29.09,  28.81,  28.81,  28.59,  28.42
20040226, 0000,  , HU, 17.0S, 168.0E, 105,  938,  230,  160,  110,  110,   40,   40,   40,   40,    0,    0,    0,    0, -999,  29.56,  29.17,  28.97,  28.84,  28.75,  28.97,  29.51,  29.74,  29.80,  29.55,  29.52,  29.68,  29.69,  28.87,  28.64,  28.45,  28.24,  28.11,  28.47,  29.00,  28.84,  28.69,  28.68,  28.64,  28.62,  28.53,  28.25,  28.08,  27.92,  27.92,  28.02
20040226, 0600,  , HU, 17.7S, 168.3E, 100,  944,  220,  180,  120,  120,   40,   40,   40,   40,    0,    0,    0,    0, -999,  29.55,  29.41,  29.05,  28.86,  28.94,  29.03,  29.31,  29.27,  29.73,  29.79,  29.62,  29.76,  29.78,  28.97,  28.61,  28.39,  28.35,  28.41,  28.39,  28.56,  28.49,  28.48,  28.42,  28.27,  28.33,  28.30,  28.29,  28.18,  28.11,  28.18,  28.18
20040226, 1200,  , HU, 18.6S, 168.6E, 100,  944,  190,  160,  140,  180,   45,   45,   45,   45,    0,    0,    0,    0, -999,  29.62,  29.53,  29.13,  28.75,  28.84,  28.93,  29.21,  29.52,  29.56,  29.15,  28.99,  29.33,  29.28,  29.03,  28.84,  28.41,  28.35,  28.27,  28.47,  28.80,  28.30,  28.32,  28.29,  28.26,  28.36,  27.97,  27.87,  27.84,  28.16,  28.36,  28.41
20040226, 1800,  , HU, 19.3S, 168.9E, 105,  938,  160,  140,  100,  130,   45,   70,   45,   45,    0,    0,    0,    0, -999,  28.96,  29.09,  29.06,  28.88,  28.96,  28.89,  29.14,  29.21,  28.96,  28.88,  28.91,  29.31,  28.85,  28.32,  28.07,  27.65,  28.28,  27.72,  27.79,  28.51,  28.28,  28.12,  27.91,  27.89,  28.01,  28.14,  28.24,  28.39,  28.42,  28.40,  28.39
20040227, 0000,  , HU, 20.1S, 169.1E, 100,  944,  160,  130,  100,  120,   45,   45,   45,   45,    0,    0,    0,    0, -999,  28.87,  28.89,  28.63,  28.73,  29.06,  29.14,  29.00,  28.87,  28.81,  28.35,  28.55,  28.32,  28.16,  28.46,  28.30,  27.87,  27.73,  27.88,  28.13,  27.74,  27.51,  27.49,  27.18,  27.16,  27.26,  27.09,  27.15,  27.02,  27.05,  27.17,  27.13
20040227, 0600,  , HU, 21.3S, 169.4E, 100,  944,  160,  130,  100,  120,   45,   45,   45,   45,    0,    0,    0,    0, -999,  28.37,  28.24,  28.08,  28.09,  28.62,  28.57,  28.07,  28.04,  28.47,  28.22,  28.07,  28.02,  27.84,  28.27,  27.78,  27.36,  26.50,  26.40,  26.26,  26.38,  26.93,  27.21,  26.70,  25.89,  25.83,  25.84,  25.82,  25.69,  25.91,  26.14,  26.23
20040227, 1200,  , HU, 22.6S, 169.9E, 100,  944,  160,  120,  100,  130,   45,   45,   45,   45,    0,    0,    0,    0, -999,  27.08,  27.27,  27.46,  27.55,  27.68,  27.93,  27.70,  27.51,  27.73,  27.70,  27.87,  27.91,  28.02,  28.16,  28.36,  28.13,  26.91,  26.26,  26.18,  26.26,  26.12,  25.77,  25.69,  25.68,  25.71,  25.85,  26.19,  26.43,  26.39,  26.53,  26.43
20040227, 1800,  , HU, 24.3S, 170.7E, 100,  944,  160,  160,  130,  130,   70,   70,   60,   60,    0,    0,    0,    0, -999,  26.66,  26.75,  26.67,  26.83,  26.71,  26.78,  26.51,  26.30,  26.32,  26.55,  27.05,  27.26,  27.40,  27.25,  27.43,  27.66,  26.97,  26.61,  26.82,  26.68,  26.03,  25.87,  26.12,  26.07,  26.09,  26.17,  26.33,  26.35,  26.30,  26.27,  26.41
20040228, 0000,  , HU, 26.3S, 171.9E,  90,  954,  160,  160,  140,  140,   70,   70,   60,   60,    0,    0,    0,    0, -999,  25.84,  25.93,  25.97,  25.70,  26.43,  26.01,  25.68,  25.27,  25.49,  25.75,  25.70,  25.81,  25.94,  26.07,  25.98,  25.99,  24.88,  24.62,  24.48,  24.39,  24.13,  23.98,  23.89,  23.86,  24.09,  23.84,  23.94,  24.05,  24.13,  24.14,  24.29
20040228, 0600,  , HU, 28.7S, 173.1E,  85,  958,  160,  160,  140,  140,   70,   70,   60,   60,    0,    0,    0,    0, -999,  24.99,  25.25,  25.38,  25.06,  25.04,  24.80,  24.58,  24.38,  24.40,  24.53,  24.58,  25.06,  25.60,  25.34,  25.13,  25.00,  24.43,  24.22,  24.18,  23.99,  23.86,  23.63,  23.30,  23.13,  23.07,  23.04,  22.75,  22.79,  23.09,  23.71,  23.93
20040228, 1200,  , HU, 31.1S, 174.7E,  75,  967,  180,  180,  160,  160,   70,   70,   60,   60,    0,    0,    0,    0, -999,  23.88,  24.39,  23.74,  23.43,  23.42,  23.23,  23.31,  23.45,  23.40,  23.27,  23.47,  23.61,  23.95,  23.77,  23.63,  23.38,  22.57,  22.43,  22.63,  22.67,  22.52,  22.32,  22.16,  22.33,  22.37,  22.24,  22.36,  22.51,  22.43,  22.53,  22.55
20040228, 1800,  , TS, 34.4S, 176.9E,  55,  984,  180,  160,  160,  160,   70,   60,   60,   70,    0,    0,    0,    0, -999,  22.82,  22.62,  22.39,  21.82,  21.83,  21.08,  20.51,  20.35,  20.45,  20.65,  21.37,  21.27,  20.98,  21.15,  21.61,  21.14,  20.86,  20.73,  21.02,  21.64,  21.21,  20.88,  20.64,  20.59,  20.91,  20.99,  21.05,  21.11,  20.95,  21.04,  21.35
20040229, 0000,  , TS, 37.1S, 179.0E,  50,  987,  180,  160,  160,  160,    0,    0,    0,    0,    0,    0,    0,    0, -999,  21.42,  21.35,  21.08,  21.13,  20.98,  21.02,  20.46,  20.28,  20.13,  20.18,  20.21,  20.18,  20.03,  19.80,  19.84,  19.60,  19.70,  19.82,  20.05,  19.78,  19.66,  19.69,  19.60,  19.62,  19.83,  19.98,  20.04,  19.83,  19.81,  19.80,  19.82
20040229, 0600,  , TS, 40.3S, 178.2W,  45,  991,  180,  180,  220,  220,    0,    0,    0,    0,    0,    0,    0,    0, -999,  19.86,  19.85,  19.61,  19.45,  19.25,  19.32,  19.11,  18.95,  18.77,  18.97,  18.97,  18.64,  18.07,  17.95,  17.82,  17.58,  17.56,  17.82,  18.15,  17.59,  17.54,  17.64,  17.87,  17.88,  18.10,  18.26,  18.32,  18.16,  18.12,  18.05,  17.88
