SH142013,              HALEY,     25,
20130208, 1200,  , DB, 15.8S, 161.3W,  15, 1010,    0,    0,    0,    0,    0,    0,    0,    0,    0,    0,    0,    0, -999,  29.13,  29.03,  28.01,  28.32,  28.21,  28.30,  28.37,  28.35,  28.23,  28.28,  28.06,  28.08,  27.98,  27.79,  27.64,  27.58,  27.61,  27.75,  27.82,  27.65,  27.79,  28.07,    nan,  28.24,  28.44,  28.46,  28.58,  28.35,  28.34,  28.47,  28.47
20130208, 1800,  , TD, 17.0S, 160.0W,  25, 1004,    0,    0,    0,    0,    0,    0,    0,    0,    0,    0,    0,    0, -999,  29.18,  29.04,  28.32,  28.31,  28.06,  28.32,  28.56,  28.52,  28.48,  28.41,  28.44,  28.53,  28.67,  28.43,  28.36,  28.21,  28.52,  28.16,  28.28,  28.41,  28.50,  27.52,    nan,  28.17,  28.09,  28.09,  28.51,  28.35,  28.20,  28.21,  28.22
20130209, 0000,  , TD, 18.1S, 158.7W,  30, 1000,    0,    0,    0,    0,    0,    0,    0,    0,    0,    0,    0,    0, -999,  28.27,  27.62,  27.82,  27.80,  28.11,  28.09,  27.77,  27.52,  27.40,  27.64,  27.54,  27.53,  27.52,  27.34,  27.41,  27.75,  27.43,  27.43,  27.71,  27.96,  27.70,    nan,  27.46,  27.03,  27.57,  27.78,  27.98,  27.95,  27.86,  27.70,  27.76
20130209, 0600,  , TD, 19.2S, 157.6W,  30, 1000,    0,    0,    0,    0,    0,    0,    0,    0,    0,    0,    0,    0, -999,  27.70,  27.63,  27.04,  27.49,  27.69,  27.83,  27.68,  27.38,  27.27,  27.20,  27.20,  27.32,  27.01,  27.00,  26.71,  27.33,  27.30,  27.24,  27.16,  27.24,  27.05,    nan,  26.66,  26.44,  26.74,  26.88,  27.09,  27.25,  27.22,  27.15,  27.21
20130209, 1200,  , TS, 20.1S, 156.4W,  40,  993,   50,   50,   50,   50,    0,    0,    0,    0,    0,    0,    0,    0, -999,  26.80,  26.70,  26.05,  26.67,  26.93,  27.10,  27.09,  27.06,  26.82,  26.83,  26.90,  26.96,  26.82,  26.90,  26.71,  27.07,  27.08,  27.18,  27.25,  27.19,  27.13,    nan,  26.87,  26.78,  27.14,  27.37,  27.32,  27.45,  27.41,  27.28,  27.34
20130209, 1800,  , TS, 20.8S, 155.2W,  45,  989,   35,   35,   35,   35,    0,    0,    0,    0,    0,    0,    0,    0, -999,  26.88,  26.79,  25.91,  26.80,  27.07,  27.10,  27.04,  26.70,  26.72,  26.84,  26.95,  26.87,  26.75,  26.73,  26.81,  26.95,  26.94,  26.94,  26.96,  27.20,  27.21,    nan,  26.89,  26.85,  27.26,  27.20,  27.05,  27.02,  26.91,  26.79,  26.96
20130210, 0000,  , TS, 21.7S, 154.0W,  45,  989,   40,   40,   40,   40,    0,    0,    0,    0,    0,    0,    0,    0, -999,  25.95,  25.82,  25.87,  26.21,  26.16,  25.86,  25.89,  25.72,  25.70,  25.83,  25.80,  25.76,  25.75,  25.76,  25.80,  25.66,  25.69,  25.58,  25.77,  25.87,    nan,  25.66,  25.74,  25.96,  26.02,  25.94,  25.95,  25.76,  25.98,  26.10,  26.51
20130210, 0600,  , TS, 22.4S, 153.0W,  45,  989,   45,   40,   40,   45,    0,    0,    0,    0,    0,    0,    0,    0, -999,  25.92,  25.84,  25.89,  25.75,  25.78,  25.49,  25.54,  25.66,  25.84,  26.10,  26.21,  26.13,  26.00,  25.90,  26.06,  26.09,  25.76,  25.75,  25.88,  25.97,    nan,  25.89,  25.88,  26.16,  26.15,  26.21,  26.08,  26.00,  26.06,  26.17,  26.23
20130210, 1200,  , TS, 23.0S, 151.9W,  45,  989,   45,   40,   40,   45,    0,    0,    0,    0,    0,    0,    0,    0, -999,  26.34,  26.29,  26.16,  26.13,  26.36,  26.14,  26.12,  25.84,  25.89,  25.86,  26.11,  26.13,  25.86,  25.89,  25.81,  25.88,  25.64,  25.65,  25.70,  25.82,    nan,  25.52,  25.53,  25.73,  25.58,  25.60,  25.56,  25.61,  25.61,  25.82,  25.93
20130210, 1800,  , TS, 24.0S, 151.1W,  40,  993,   50,   40,   40,   50,    0,    0,    0,    0,    0,    0,    0,    0, -999,  25.59,  25.61,  25.65,  25.41,  25.69,  25.74,  25.58,  25.36,  25.51,  25.39,  25.21,  25.14,  24.62,  24.99,  25.05,  25.14,  25.19,  25.10,  25.07,  24.99,    nan,  24.75,  24.80,  24.77,  24.83,  24.82,  24.88,  24.70,  24.64,  24.59,  24.72
20130211, 0000,  , TS, 24.7S, 150.0W,  35,  996,   50,   40,   40,   50,    0,    0,    0,    0,    0,    0,    0,    0, -999,  25.36,  25.42,  25.05,  25.12,  25.12,  25.09,  24.96,  24.83,  24.74,  24.64,  24.62,  24.51,  24.57,  24.65,  24.75,  24.70,  24.60,  24.47,  24.44,    nan,  24.43,  24.57,  24.41,  24.42,  24.48,  24.56,  24.72,  24.71,  24.77,  24.73,  24.71
20130211, 0600,  , TD, 25.2S, 149.1W,  30, 1000,    0,    0,    0,    0,    0,    0,    0,    0,    0,    0,    0,    0, -999,  25.15,  25.24,  25.03,  24.91,  24.78,  24.67,  24.55,  24.47,  24.30,  24.22,  24.23,  24.19,  24.21,  24.11,  24.13,  24.21,  23.88,  23.66,  23.57,    nan,  23.67,  23.89,  23.90,  23.96,  24.11,  24.23,  24.18,  24.04,  24.00,  23.91,  23.84
20130211, 1200,  , TD, 25.6S, 148.3W,  30, 1000,    0,    0,    0,    0,    0,    0,    0,    0,    0,    0,    0,    0, -999,  24.61,  24.63,  24.57,  24.31,  24.26,  24.07,  24.14,  24.30,  24.14,  23.93,  23.89,  23.80,  23.68,  23.86,  23.95,  23.93,  23.19,  22.72,  22.64,    nan,  23.59,  23.92,  24.00,  24.20,  24.39,  24.82,  24.57,  24.43,  24.30,  24.13,  24.09
20130211, 1800,  , TD, 26.0S, 147.7W,  25, 1004,    0,    0,    0,    0,    0,    0,    0,    0,    0,    0,    0,    0, -999,  24.58,  24.47,  24.34,  24.25,  24.30,  23.93,  24.15,  24.16,  24.15,  24.07,  24.14,  24.06,  23.90,  23.92,  23.89,  23.90,  23.36,  22.65,  22.61,    nan,  23.47,  23.87,  23.97,  24.23,  24.28,  24.66,  24.63,  24.63,  24.55,  24.46,  24.23
20130212, 0000,  , DB, 26.3S, 147.3W,  20, 1007,    0,    0,    0,    0,    0,    0,    0,    0,    0,    0,    0,    0, -999,  24.46,  24.57,  24.47,  24.41,  24.16,  24.32,  24.24,  24.24,  24.14,  24.15,  24.12,  24.12,  23.94,  24.05,  24.13,  23.97,  23.19,  23.07,    nan,  23.57,  24.08,  24.12,  24.26,  24.29,  24.53,  24.55,  24.73,  24.68,  24.79,  24.77,  24.98
20130212, 0600,  , DB, 26.4S, 146.9W,  20, 1007,    0,    0,    0,    0,    0,    0,    0,    0,    0,    0,    0,    0, -999,  24.42,  24.36,  24.33,  24.31,  24.12,  24.31,  24.16,  24.17,  24.15,  24.20,  24.17,  24.24,  23.95,  24.05,  24.05,  24.00,  23.43,  23.33,    nan,  23.65,  24.12,  24.18,  24.25,  24.30,  24.50,  24.32,  24.36,  24.47,  24.58,  24.68,  24.95
20130212, 1200,  , DB, 26.3S, 146.6W,  20, 1007,    0,    0,    0,    0,    0,    0,    0,    0,    0,    0,    0,    0, -999,  24.58,  24.63,  24.37,  24.41,  24.31,  24.36,  24.16,  24.15,  24.10,  24.15,  24.12,  24.28,  24.23,  24.41,  24.41,  24.45,  23.77,  23.78,    nan,  23.83,  24.32,  24.41,  24.62,  24.72,  24.98,  24.77,  24.62,  24.55,  24.58,  24.67,  24.98
20130212, 1800,  , DB, 26.2S, 146.3W,  20, 1007,    0,    0,    0,    0,    0,    0,    0,    0,    0,    0,    0,    0, -999,  24.61,  24.68,  24.37,  24.38,  24.31,  24.35,  24.17,  24.13,  24.08,  24.14,  24.10,  24.09,  24.17,  24.37,  24.42,  24.51,  23.96,  23.97,    nan,  23.98,  24.35,  24.43,  24.57,  24.67,  24.97,  24.76,  24.69,  24.52,  24.53,  24.60,  24.89
20130213, 0000,  , DB, 26.0S, 146.1W,  20, 1007,    0,    0,    0,    0,    0,    0,    0,    0,    0,    0,    0,    0, -999,  24.76,  24.50,  24.52,  24.48,  24.38,  24.25,  24.17,  24.12,  24.20,  24.22,  24.16,  24.09,  24.44,  24.54,  24.57,  24.17,  24.14,    nan,  24.14,  24.45,  24.49,  24.66,  24.71,  25.06,  24.80,  24.76,  24.61,  24.52,  24.56,  24.88,  25.05
20130213, 0600,  , DB, 25.5S, 146.0W,  20, 1007,    0,    0,    0,    0,    0,    0,    0,    0,    0,    0,    0,    0, -999,  25.31,  25.07,  25.10,  24.81,  24.57,  24.42,  24.34,  24.39,  24.39,  24.25,  24.21,  24.23,  24.34,  24.47,  24.56,  24.36,  24.24,    nan,  24.38,  24.73,  24.74,  24.78,  24.71,  25.07,  24.86,  24.72,  24.49,  24.47,  24.44,  24.99,  25.10
20130213, 1200,  , DB, 24.9S, 146.1W,  20, 1007,    0,    0,    0,    0,    0,    0,    0,    0,    0,    0,    0,    0, -999,  25.58,  25.52,  25.50,  25.52,  25.10,  24.75,  24.68,  24.48,  24.42,  24.34,  24.36,  24.37,  24.67,  24.70,  24.72,  24.60,  24.28,    nan,  24.22,  24.75,  24.76,  24.84,  24.74,  25.04,  25.01,  24.89,  24.66,  24.64,  24.56,  25.12,  25.05
20130213, 1800,  , DB, 24.6S, 146.0W,  20, 1007,    0,    0,    0,    0,    0,    0,    0,    0,    0,    0,    0,    0, -999,  25.54,  25.12,  24.74,  25.20,  24.64,  24.38,  24.40,  24.48,  24.58,  24.47,  24.40,  24.39,  24.66,  24.60,  24.71,  24.94,  24.63,    nan,  24.74,  24.98,  24.91,  24.97,  24.86,  25.12,  25.07,  24.94,  24.82,  24.72,  24.72,  25.30,  25.28
20130214, 0000,  , DB, 24.2S, 146.4W,  20, 1007,    0,    0,    0,    0,    0,    0,    0,    0,    0,    0,    0,    0, -999,  25.70,  25.55,  25.55,  24.79,  24.33,  24.36,  24.45,  24.47,  24.34,  24.31,  24.37,  24.62,  24.54,  24.71,  24.89,  24.75,    nan,  25.01,  25.12,  25.13,  25.17,  25.06,  25.24,  25.30,  25.17,  25.05,  24.96,  24.96,  25.51,  25.40,  25.14
20130214, 0600,  , DB, 23.7S, 146.8W,  20, 1007,    0,    0,    0,    0,    0,    0,    0,    0,    0,    0,    0,    0, -999,  25.50,  25.61,  25.45,  25.38,  25.12,  25.11,  24.94,  25.02,  24.97,  24.89,  24.63,  24.75,  24.72,  24.91,  25.03,  24.91,    nan,  24.95,  25.02,  25.39,  25.52,  25.71,  25.58,  25.59,  25.34,  25.24,  25.24,  25.29,  26.03,  25.71,  25.44
20130214, 1200,  , DB, 23.2S, 147.4W,  20, 1007,    0,    0,    0,    0,    0,    0,    0,    0,    0,    0,    0,    0, -999,  25.34,  25.39,  25.29,  25.39,  25.29,  25.32,  25.13,  25.19,  25.04,  25.03,  25.05,  25.20,  25.15,  25.25,  25.38,  25.40,    nan,  25.33,  25.51,  25.63,  25.57,  25.57,  25.53,  25.63,  25.51,  25.47,  25.47,  25.38,  26.02,  26.02,  25.79
