SH142015,             GLENDA,     30,
20150222, 0600,  , TD, 13.4S,  78.3E,  25, 1004,    0,    0,    0,    0,    0,    0,    0,    0,    0,    0,    0,    0, -999,  19.17,  19.79,  18.94,  18.77,  19.36,  18.19,  18.05,  19.50,  19.35,  18.14,  19.28,  19.03,  19.24,  19.45,  20.14,  19.50,  19.00,  20.36,  20.47,  16.77,  16.96,  17.29,  19.36,  19.16,  19.05,  19.22,  19.90,  19.45,  18.78,  19.59,  19.86
20150222, 1200,  , TD, 13.2S,  77.1E,  30, 1000,    0,    0,    0,    0,    0,    0,    0,    0,    0,    0,    0,    0, -999,  21.75,  20.89,  20.61,  20.18,  20.79,  20.10,  19.96,  20.82,  20.54,  19.94,  20.47,  20.32,  20.80,  21.09,  21.20,  20.14,  19.94,  20.75,  21.08,  17.80,  18.57,  18.96,  21.36,  20.61,  20.73,  20.86,  19.92,  19.72,  19.33,  19.05,  18.67
20150222, 1800,  , TD, 13.2S,  76.1E,  30, 1000,    0,    0,    0,    0,    0,    0,    0,    0,    0,    0,    0,    0, -999,  20.70,  20.21,  20.47,  20.23,  21.42,  21.01,  20.49,  20.03,  20.54,  19.70,  19.85,  19.73,  19.92,  20.41,  20.97,  20.60,  20.62,  20.86,  20.38,  18.98,  18.00,  19.15,  19.43,  20.96,  20.55,  21.48,  21.51,  21.76,  21.32,  20.70,  20.59
20150223, 0000,  , TD, 13.6S,  75.4E,  30, 1000,    0,    0,    0,    0,    0,    0,    0,    0,    0,    0,    0,    0, -999,  20.64,  19.90,  20.87,  20.98,  21.08,  21.23,  20.13,  20.59,  20.57,  20.25,  20.66,  21.16,  20.62,  20.80,  21.53,  21.42,  21.56,  20.49,  19.20,  19.62,  19.99,  20.27,  21.64,  21.17,  21.25,  21.20,  21.53,  21.24,  20.90,  21.35,  21.36
20150223, 0600,  , TD, 14.1S,  74.9E,  30, 1000,    0,    0,    0,    0,    0,    0,    0,    0,    0,    0,    0,    0, -999,  21.93,  20.53,  21.82,  22.37,  22.45,  22.24,  22.02,  21.82,  21.09,  20.99,  20.76,  20.76,  21.24,  20.58,  21.17,  21.37,  21.48,  20.77,  19.20,  20.10,  19.92,  20.10,  20.85,  20.70,  21.10,  21.24,  19.93,  19.94,  20.48,  20.62,  20.30
20150223, 1200,  , TD, 15.0S,  74.5E,  30, 1000,    0,    0,    0,    0,    0,    0,    0,    0,    0,    0,    0,    0, -999,  21.01,  18.87,  20.27,  20.73,  20.65,  20.37,  20.34,  20.66,  20.23,  20.44,  20.78,  20.74,  20.78,  20.70,  20.77,  19.89,  19.59,  19.40,  18.59,  18.99,  18.72,  18.62,  18.81,  19.05,  19.10,  19.45,  18.67,  18.39,  19.70,  19.60,  19.34
20150223, 1800,  , TD, 16.0S,  73.6E,  30, 1000,    0,    0,    0,    0,    0,    0,    0,    0,    0,    0,    0,    0, -999,  22.88,  22.07,  22.93,  21.93,  21.17,  21.29,  20.43,  20.41,  19.72,  20.89,  20.89,  21.00,  20.66,  20.50,  20.96,  20.34,  20.45,  20.59,  19.21,  19.44,  20.55,  20.56,  20.03,  19.86,  19.47,  19.27,  18.92,  18.63,  18.63,  18.73,  18.78
20150224, 0000,  , TD, 16.4S,  72.8E,  30, 1000,    0,    0,    0,    0,    0,    0,    0,    0,    0,    0,    0,    0, -999,  22.29,  23.49,  22.95,  22.83,  22.55,  22.77,  22.84,  21.02,  20.94,  21.00,  21.86,  21.23,  21.44,  21.31,  20.77,  21.90,  21.97,  19.94,  20.28,  21.76,  20.64,  21.58,  21.14,  20.64,  20.06,  19.57,  19.43,  19.98,  21.26,  21.07,  21.12
20150224, 0600,  , TS, 16.6S,  72.1E,  35,  996,    0,    0,    0,    0,    0,    0,    0,    0,    0,    0,    0,    0, -999,  21.59,  22.79,  22.48,  22.79,  21.75,  21.97,  22.68,  22.00,  22.08,  22.03,  21.95,  21.29,  21.18,  21.21,  22.25,  22.32,  21.64,  20.77,  20.53,  21.75,  20.80,  21.73,  22.46,  22.38,  22.17,  22.19,  22.03,  21.01,  20.88,  22.22,  21.44
20150224, 1200,  , TS, 16.8S,  71.4E,  40,  993,   45,   40,   40,   50,    0,    0,    0,    0,    0,    0,    0,    0, -999,  23.27,  23.81,  22.92,  22.80,  22.04,  21.98,  21.45,  20.98,  20.96,  22.00,  21.62,  21.14,  22.14,  21.94,  23.07,  22.89,  22.30,  21.80,  21.42,  21.56,  20.80,  20.92,  21.61,  21.92,  21.55,  21.17,  21.06,  21.85,  21.52,  21.65,  21.88
20150224, 1800,  , TS, 17.2S,  70.5E,  50,  985,   50,   50,   45,   50,    0,    0,    0,    0,    0,    0,    0,    0, -999,  23.30,  23.68,  23.45,  23.74,  23.05,  22.36,  22.90,  22.86,  22.25,  23.20,  22.71,  22.51,  22.24,  22.05,  22.64,  22.52,  22.12,  21.66,  22.12,  21.93,  21.45,  21.92,  21.98,  22.54,  22.59,  21.90,  21.76,  21.77,  21.46,  21.87,  21.94
20150225, 0000,  , TS, 17.3S,  69.6E,  55,  982,   40,   50,   45,   50,    0,    0,    0,    0,    0,    0,    0,    0, -999,  23.43,  23.02,  22.18,  21.49,  20.93,  21.17,  21.28,  19.79,  21.74,  21.59,  21.48,  21.35,  21.52,  22.12,  21.55,  21.17,  20.47,  20.79,  20.75,  20.65,  20.82,  21.01,  21.39,  21.43,  21.44,  21.77,  21.93,  21.87,  21.87,  22.00,  21.80
20150225, 0600,  , TS, 17.7S,  69.1E,  50,  985,  120,  120,  115,  120,    0,    0,    0,    0,    0,    0,    0,    0, -999,  20.66,  20.80,  20.97,  21.32,  21.94,  21.56,  21.64,  21.31,  20.95,  20.10,  20.42,  21.14,  21.24,  21.33,  20.44,  20.39,  20.54,  20.90,  21.08,  20.65,  21.15,  20.93,  20.19,  20.31,  20.48,  20.68,  21.11,  20.60,  21.11,  21.45,  21.24
20150225, 1200,  , TS, 18.6S,  68.6E,  50,  985,  120,  120,  115,  120,    0,    0,    0,    0,    0,    0,    0,    0, -999,  20.80,  20.75,  21.08,  21.14,  21.84,  21.96,  21.52,  21.70,  21.32,  20.66,  21.49,  21.60,  20.73,  20.70,  20.49,  20.28,  19.86,  20.21,  20.10,  19.97,  19.84,  19.92,  19.95,  19.71,  19.93,  20.05,  20.66,  21.14,  20.54,  20.78,  21.24
20150225, 1800,  , TS, 18.9S,  68.4E,  50,  985,  120,  120,  115,  120,    0,    0,    0,    0,    0,    0,    0,    0, -999,  21.78,  21.74,  21.76,  21.05,  21.20,  21.56,  21.75,  21.75,  21.07,  20.93,  21.10,  20.97,  20.96,  21.31,  20.80,  20.50,  20.18,  20.33,  20.25,  20.37,  20.06,  19.98,  19.77,  19.92,  20.01,  19.79,  20.34,  20.54,  20.44,  20.88,  21.39
20150226, 0000,  , TS, 19.7S,  67.8E,  50,  985,  120,  130,  125,  120,    0,    0,    0,    0,    0,    0,    0,    0, -999,  23.07,  23.14,  23.02,  22.78,  22.44,  22.92,  22.98,  22.54,  22.44,  22.57,  22.38,  22.85,  22.60,  22.44,  22.77,  22.12,  22.30,  21.96,  22.05,  22.03,  21.23,  21.09,  21.45,  21.30,  20.83,  20.48,  20.31,  20.55,  20.34,  20.58,  21.12
20150226, 0600,  , TS, 20.9S,  67.6E,  45,  989,  120,  130,  125,  120,    0,    0,    0,    0,    0,    0,    0,    0, -999,  22.59,  22.68,  22.66,  23.32,  24.21,  23.92,  23.50,  23.24,  23.30,  23.75,  23.08,  23.63,  23.74,  24.05,  23.90,  24.06,  23.77,  22.70,  22.87,  22.80,  22.64,  22.46,  22.70,  21.99,  21.68,  21.64,  20.97,  21.36,  21.58,  21.47,  21.36
20150226, 1200,  , TS, 21.5S,  67.4E,  45,  989,  120,  130,  125,  120,    0,    0,    0,    0,    0,    0,    0,    0, -999,  22.32,  22.70,  22.73,  22.73,  22.85,  22.70,  22.76,  22.77,  22.89,  23.02,  22.68,  22.96,  23.18,  23.45,  22.62,  22.01,  21.60,  22.33,  22.00,  22.15,  22.56,  23.00,  22.72,  22.70,  22.35,  22.36,  22.49,  21.92,  22.12,  22.67,  21.72
20150226, 1800,  , TS, 22.2S,  67.2E,  45,  989,  100,  110,  100,   95,    0,    0,    0,    0,    0,    0,    0,    0, -999,  21.99,  22.29,  22.23,  22.22,  21.96,  21.96,  22.29,  22.57,  22.29,  21.96,  21.93,  22.16,  22.39,  22.52,  21.76,  21.58,  21.30,  21.03,  20.34,  20.33,  20.52,  20.93,  20.83,  21.30,  21.73,  22.20,  21.84,  22.12,  22.50,  22.49,  22.43
20150227, 0000,  , TS, 22.7S,  66.9E,  45,  989,  100,  110,  100,   95,    0,    0,    0,    0,    0,    0,    0,    0, -999,  21.97,  22.04,  22.13,  22.31,  22.24,  22.53,  22.52,  22.55,  22.49,  22.32,  22.32,  22.49,  22.32,  21.71,  21.68,  21.33,  21.23,  20.95,  20.10,  19.96,  20.07,  20.07,  20.27,  20.03,  20.22,  20.14,  20.61,  21.07,  21.51,  21.57,  21.93
20150227, 0600,  , TS, 23.6S,  66.7E,  45,  989,  100,  110,  100,   95,    0,    0,    0,    0,    0,    0,    0,    0, -999,  21.35,  21.58,  21.47,  21.57,  21.45,  21.61,  21.76,  21.26,  21.33,  21.15,  21.44,  21.26,  21.47,  20.58,  20.65,  20.29,  19.79,  19.82,  19.27,  19.03,  18.91,  18.73,  19.33,  19.69,  19.82,  20.22,  20.25,  20.16,  20.78,  20.83,  21.14
20150227, 1200,  , TS, 24.3S,  66.7E,  45,  989,  100,  110,  100,   95,    0,    0,    0,    0,    0,    0,    0,    0, -999,  21.46,  21.70,  21.47,  21.42,  21.05,  21.68,  22.09,  21.41,  21.07,  20.23,  20.32,  20.23,  20.05,  20.20,  20.20,  21.22,  19.57,  19.89,  18.58,  18.60,  18.55,  18.02,  18.43,  18.57,  18.60,  19.12,  18.90,  18.95,  19.28,  19.42,  19.38
20150227, 1800,  , TS, 25.3S,  66.9E,  50,  985,  110,  130,  120,   95,    0,    0,    0,    0,    0,    0,    0,    0, -999,  22.89,  22.24,  21.82,  21.59,  21.33,  21.04,  21.71,  21.46,  21.40,  21.03,  21.13,  20.61,  20.97,  20.97,  20.83,  21.67,  19.62,  19.94,  20.13,  20.50,  20.42,  19.72,  19.75,  19.65,  19.49,  19.17,  19.55,  19.68,  19.89,  19.82,  19.91
20150228, 0000,  , TS, 26.5S,  67.1E,  50,  985,  110,  130,  120,   95,    0,    0,    0,    0,    0,    0,    0,    0, -999,  21.41,  21.38,  21.44,  21.15,  21.21,  22.51,  22.46,  22.33,  22.04,  22.24,  21.88,  21.92,  22.09,  21.77,  22.42,  20.59,  21.04,  21.02,  20.84,  21.05,  20.80,  20.50,  20.38,  21.24,  22.60,  22.44,  21.57,  21.25,  21.21,  20.68,    nan
20150228, 0600,  , TS, 27.7S,  67.7E,  50,  985,  190,  200,  190,  125,    0,    0,    0,    0,    0,    0,    0,    0, -999,  18.10,  18.07,  18.92,  19.41,  19.31,  20.71,  21.07,  21.42,  21.63,  22.06,  22.04,  21.66,  21.78,  21.85,  22.09,  22.74,  21.90,  22.46,  22.09,  21.76,  21.95,  21.56,  21.37,  21.42,  21.45,  21.59,  21.97,  22.18,  22.25,  22.26,    nan
20150228, 1200,  , XX, 29.1S,  68.0E,  50,  985,  190,  200,  190,  125,    0,    0,    0,    0,    0,    0,    0,    0, -999,  18.12,  18.28,  18.64,  18.42,  18.29,  18.47,  18.47,  18.62,  18.93,  19.37,  19.53,  18.83,  19.04,  18.40,  18.70,  18.74,  18.16,  17.98,  17.83,  18.13,  18.32,  17.91,  17.62,  17.82,  17.65,  17.70,  17.84,  17.98,  17.60,  17.25,    nan
20150228, 1800,  , XX, 30.5S,  68.3E,  45,  989,  180,  190,  185,  125,    0,    0,    0,    0,    0,    0,    0,    0, -999,  17.04,  16.31,  17.59,  16.85,  17.18,  17.28,  17.41,  17.40,  17.16,  16.59,  16.17,  16.01,  16.44,  16.48,  16.38,  17.10,  16.78,  16.74,  16.13,  16.32,  15.78,  16.00,  15.87,  15.53,  16.15,  16.61,  17.75,  17.77,  17.71,  16.05,    nan
20150301, 0000,  , XX, 31.8S,  68.8E,  45,  989,  180,  190,  185,  125,    0,    0,    0,    0,    0,    0,    0,    0, -999,  15.99,  15.85,  15.54,  15.65,  15.25,  15.40,  15.34,  15.60,  15.45,  15.43,  14.77,  15.72,  15.27,  15.10,  14.29,  13.42,  14.17,  13.28,  13.65,  13.84,  14.19,  14.17,  14.52,  14.54,  14.53,  14.52,  14.30,  14.10,  13.72,    nan,  13.86
20150301, 0600,  , XX, 32.7S,  69.3E,  40,  993,  180,  190,  185,  125,    0,    0,    0,    0,    0,    0,    0,    0, -999,  16.02,  16.01,  14.95,  14.43,  14.50,  14.24,  14.95,  14.82,  15.15,  15.06,  14.98,  15.42,  15.26,  15.73,  13.83,  14.09,  13.58,  13.77,  13.82,  13.71,  14.03,  14.30,  14.54,  14.46,  14.34,  13.54,  13.32,  13.99,  13.39,    nan,  14.90
20150301, 1200,  , XX, 34.4S,  70.4E,  40,  993,  180,  190,  185,  125,    0,    0,    0,    0,    0,    0,    0,    0, -999,  13.96,  14.20,  15.62,  14.46,  15.16,  15.47,  14.91,  14.64,  14.53,  14.25,  15.07,  15.41,  14.18,  14.15,  14.12,  14.60,  14.69,  14.48,  14.56,  14.76,  14.93,  15.40,  16.60,  15.79,  15.39,  15.38,  15.21,  14.56,  15.25,    nan,  15.37
