SH152023,               JUDY,     38,
20230224, 0000,  , DB, 14.4S, 175.6W,  15, 1010,    0,    0,    0,    0,    0,    0,    0,    0,    0,    0,    0,    0, -999,  28.09,  28.03,  27.96,  27.88,  27.80,  27.71,  27.72,  27.71,  27.77,  27.83,  27.87,  27.86,  27.86,  27.87,  27.89,  27.71,  27.63,  27.74,  27.56,  27.66,  27.55,  27.56,  27.53,  27.53,  27.60,  27.52,  27.47,  27.60,  27.64,  27.60,  27.75
20230224, 0600,  , DB, 13.8S, 176.5W,  20, 1007,    0,    0,    0,    0,    0,    0,    0,    0,    0,    0,    0,    0, -999,  27.76,  27.81,  27.81,  27.77,  27.76,  27.83,  27.73,  27.86,  27.90,  28.07,  28.19,  28.11,  28.23,  28.43,  28.30,  28.27,  28.17,  28.23,  28.18,  27.99,  27.86,  27.84,  27.60,  27.62,  27.58,  27.68,  27.71,  27.80,  27.70,  27.69,  27.86
20230224, 1200,  , DB, 13.3S, 177.5W,  20, 1001,    0,    0,    0,    0,    0,    0,    0,    0,    0,    0,    0,    0, -999,  28.34,  28.42,  28.23,  28.18,  28.12,  28.19,  28.18,  28.09,  28.19,  28.26,  28.26,  28.11,  28.38,  28.28,  28.27,  28.21,  28.34,  28.23,  28.32,  28.19,  28.21,  28.04,  28.14,  28.09,  28.23,  28.22,  28.21,  28.10,  28.07,  27.89,  27.94
20230224, 1800,  , DB, 13.1S, 178.6W,  20,  999,    0,    0,    0,    0,    0,    0,    0,    0,    0,    0,    0,    0, -999,  27.89,  27.90,  27.99,  27.96,  28.12,  28.01,  28.05,  28.03,  27.93,  27.88,  27.93,  27.80,  28.01,  28.06,  28.05,  28.01,  28.07,  28.22,  28.22,  28.07,  28.12,  28.07,  28.25,  28.28,  28.26,  28.21,  28.09,  28.02,  28.11,  27.94,  27.99
20230225, 0000,  , DB, 13.0S, 179.7W,  20,  999,    0,    0,    0,    0,    0,    0,    0,    0,    0,    0,    0,    0, -999,  28.15,  28.19,  28.22,  28.10,  28.11,  28.15,  28.04,  28.01,  28.05,  28.14,  27.94,  28.10,  28.15,  28.07,  28.14,  28.21,  28.35,  28.31,  28.24,  28.15,  28.22,  28.10,  28.34,  28.08,  28.21,  28.06,  28.09,  28.23,  27.90,  27.96,  27.80
20230225, 0600,  , TD, 12.9S, 179.4E,  25,  997,    0,    0,    0,    0,    0,    0,    0,    0,    0,    0,    0,    0, -999,  28.14,  28.18,  28.25,  28.16,  28.11,  28.25,  28.06,  28.00,  27.89,  27.96,  28.00,  27.93,  27.96,  28.01,  27.99,  27.92,  28.07,  28.02,  27.94,  27.91,  28.01,  27.85,  28.00,  27.84,  27.83,  28.03,  27.83,  27.79,  27.71,  27.77,  27.77
20230225, 1200,  , TD, 13.0S, 178.4E,  25,  997,    0,    0,    0,    0,    0,    0,    0,    0,    0,    0,    0,    0, -999,  27.45,  27.51,  27.52,  27.55,  27.59,  27.47,  27.51,  27.47,  27.34,  27.33,  27.38,  27.32,  27.31,  27.50,  27.50,  27.66,  27.65,  27.80,  27.64,  27.62,  27.73,  27.73,  27.73,  27.77,  27.85,  27.78,  27.73,  27.79,  27.64,  27.56,  27.59
20230225, 1800,  , TD, 13.0S, 177.6E,  25,  996,    0,    0,    0,    0,    0,    0,    0,    0,    0,    0,    0,    0, -999,  27.39,  27.44,  27.57,  27.54,  27.51,  27.70,  27.47,  27.63,  27.58,  27.64,  27.63,  27.62,  27.58,  27.50,  27.44,  27.61,  27.41,  27.56,  27.48,  27.40,  27.49,  27.46,  27.42,  27.57,  27.50,  27.47,  27.69,  27.71,  27.70,  27.52,  27.77
20230226, 0000,  , TD, 12.9S, 176.3E,  25,  998,    0,    0,    0,    0,    0,    0,    0,    0,    0,    0,    0,    0, -999,  27.18,  26.81,  27.02,  27.14,  26.95,  27.04,  27.20,  27.05,  27.11,  27.12,  26.99,  27.07,  26.81,  26.89,  27.08,  27.17,  27.21,  27.32,  26.82,  27.38,  27.24,  27.67,  27.52,  27.75,  27.47,  27.59,  27.36,  27.25,  27.15,  27.38,  27.19
20230226, 0600,  , TD, 12.7S, 175.0E,  25,  997,    0,    0,    0,    0,    0,    0,    0,    0,    0,    0,    0,    0, -999,  27.10,  27.35,  27.42,  27.55,  27.47,  27.69,  27.63,  27.60,  27.62,  27.37,  27.52,  27.56,  27.53,  27.67,  27.51,  27.47,  27.53,  27.28,  27.26,  27.39,  27.48,  27.37,  27.84,  27.15,  27.72,  27.20,  27.45,  27.23,  27.25,  27.55,  27.41
20230226, 1200,  , TD, 12.5S, 173.1E,  30,  995,    0,    0,    0,    0,    0,    0,    0,    0,    0,    0,    0,    0, -999,  27.32,  27.26,  27.54,  27.53,  27.34,  27.35,  27.39,  27.23,  27.38,  27.51,  27.45,  27.37,  27.50,  27.69,  27.74,  27.66,  27.79,  27.63,  27.75,  27.56,  27.61,  27.64,  27.75,  27.89,  27.70,  27.65,  27.87,  27.84,  27.66,  27.57,  27.63
20230226, 1800,  , TD, 12.3S, 171.7E,  30,  995,    0,    0,    0,    0,    0,    0,    0,    0,    0,    0,    0,    0, -999,  27.45,  27.41,  27.52,  27.75,  27.48,  27.42,  27.52,  27.21,  27.59,  27.52,  27.19,  27.34,  27.50,  27.40,  27.58,  27.37,  27.65,  27.44,  27.60,  27.59,  27.61,  27.68,  27.59,  27.77,  27.52,  27.52,  27.57,  27.43,  27.45,  27.51,  27.53
20230227, 0000,  , TS, 12.5S, 170.5E,  35,  994,  110,    0,    0,    0,    0,    0,    0,    0,    0,    0,    0,    0, -999,  27.73,  27.91,  27.80,  27.65,  27.59,  27.47,  27.28,  27.38,  27.46,  27.44,  27.52,  27.42,  27.37,  27.83,  27.59,  27.63,  27.67,  27.62,  27.76,  27.77,  27.80,  27.32,  27.56,  27.62,  27.71,  27.46,  27.80,  27.57,  27.50,  27.45,  27.49
20230227, 0600,  , TS, 12.7S, 169.8E,  40,  993,  110,   30,   20,   50,    0,    0,    0,    0,    0,    0,    0,    0, -999,  27.74,  28.09,  27.82,  27.96,  27.66,  27.80,  27.51,  27.61,  27.61,  27.67,  27.69,  27.55,  27.26,  27.99,  27.89,  27.99,  27.93,  27.73,  27.93,  27.53,  28.09,  27.43,  27.78,  27.98,  27.97,  27.39,  27.83,  27.45,  27.47,  27.32,  27.47
20230227, 1200,  , TS, 12.9S, 169.4E,  50,  993,  110,   60,   40,  100,    0,    0,    0,    0,    0,    0,    0,    0, -999,  27.71,  28.04,  27.79,  27.89,  27.65,  27.78,  27.58,  27.59,  27.72,  27.77,  27.67,  27.49,  27.29,  28.23,  28.09,  27.95,  27.73,  27.30,  27.86,  27.42,  27.75,  27.44,  27.74,  27.78,  27.78,  27.38,  27.68,  27.43,  27.46,  27.31,  27.48
20230227, 1800,  , TS, 13.3S, 168.8E,  55,  990,  110,   80,   60,  100,    0,   25,    0,    0,    0,    0,    0,    0, -999,  27.05,  27.14,  27.62,  27.36,  27.58,  27.53,  27.61,  27.45,  27.69,  27.54,  27.52,  27.41,  27.64,  27.80,  27.96,  27.76,  27.80,  27.02,  27.64,  27.59,  27.49,  27.80,  27.53,  27.66,  27.44,  27.35,  27.36,  27.04,  27.24,  27.17,  27.47
20230228, 0000,  , TS, 13.7S, 168.5E,  60,  985,  110,  100,   70,  105,   35,   50,    0,    0,    0,    0,    0,    0, -999,  27.18,  27.58,  27.50,  27.38,  27.41,  27.45,  27.44,  27.52,  27.47,  27.40,  27.35,  27.25,  27.67,  27.69,  27.52,  27.64,  26.89,  27.32,  27.07,  27.15,  27.60,  27.41,  27.33,  27.24,  27.24,  27.22,  26.83,  26.94,  26.91,  27.05,  27.16
20230228, 0600,  , HU, 14.5S, 168.3E,  65,  976,  115,  120,   75,  110,   45,   65,    0,    0,    0,    0,    0,    0, -999,  27.29,  27.83,  27.60,  27.56,  27.57,  27.51,  27.43,  27.36,  27.28,  27.29,  27.14,  27.40,  27.54,  27.51,  27.53,  27.36,  26.25,  26.98,  26.73,  26.34,  27.39,  27.16,  27.06,  27.03,  27.16,  27.44,  26.95,  26.81,  26.78,  26.65,  26.72
20230228, 1200,  , HU, 15.5S, 168.1E,  75,  972,  140,  110,   70,  105,   70,   75,   30,   40,   20,   30,   20,    5, -999,  27.44,  27.54,  27.67,  27.73,  27.45,  27.47,  27.28,  27.09,  27.23,  27.25,  27.05,  27.07,  26.97,  27.25,  27.15,  27.58,  25.49,  25.69,  24.75,  24.24,  26.22,  26.40,  26.37,  26.60,  26.21,  26.59,  26.08,  26.57,  26.30,  26.24,  25.92
20230228, 1800,  , HU, 17.0S, 168.2E,  85,  964,  170,  100,   65,  105,   70,   75,   30,   40,   20,   30,   20,    5, -999,  27.67,  27.57,  27.43,  27.81,  27.73,  27.27,  27.28,  27.16,  27.23,  27.18,  26.93,  26.96,  27.05,  27.24,  27.22,  26.91,  26.44,  26.48,  26.18,  27.48,  25.69,  25.80,  26.19,  25.95,  25.89,  26.16,  26.01,  26.23,  26.21,  26.07,  26.24
20230301, 0000,  , HU, 18.2S, 168.6E, 100,  952,  195,   90,   55,  100,   80,   80,   40,   60,   30,   30,   20,   10, -999,  25.06,  25.16,  25.54,  25.59,  25.55,  25.39,  25.39,  25.59,  25.36,  25.24,  25.28,  25.22,  25.29,  25.21,  25.47,  25.73,  25.62,  25.55,  24.67,  25.15,  25.45,  25.56,  25.61,  25.44,  25.51,  25.27,  25.31,  25.24,  25.21,  25.19,  25.47
20230301, 0600,  , HU, 19.4S, 169.3E, 110,  941,  195,  100,   70,  120,   90,   85,   50,   70,   35,   35,   20,   15, -999,  24.19,  24.42,  24.40,  24.21,  24.32,  24.48,  24.76,  24.37,  24.43,  24.66,  24.39,  24.56,  24.41,  24.60,  24.55,  24.53,  24.92,  24.35,  24.60,  24.15,  24.23,  25.15,  24.40,  24.68,  24.31,  24.37,  24.43,  24.42,  24.79,  24.66,  24.48
20230301, 1200,  , HU, 20.1S, 170.5E, 105,  947,  200,  110,  145,  140,  100,   95,   60,   80,   40,   40,   20,   20, -999,  24.57,  24.80,  24.81,  24.73,  24.51,  24.38,  24.39,  24.39,  24.27,  24.26,  24.58,  24.35,  24.28,  24.45,  24.49,  24.61,  23.90,  24.25,  24.19,  23.78,  23.68,  24.88,  24.17,  23.85,  24.35,  24.48,  24.21,  24.15,  24.19,  23.89,  24.09
20230301, 1800,  , HU, 21.2S, 171.4E,  90,  957,  205,  110,  120,  165,  115,  100,   65,   90,   50,   50,   20,   20, -999,  24.22,  24.35,  24.65,  24.72,  24.72,  24.70,  24.77,  24.71,  24.60,  24.66,  24.75,  24.73,  24.48,  24.52,  24.53,  24.57,  24.92,  25.07,  24.92,  23.78,  23.27,  23.69,  23.28,  23.75,  23.42,  23.23,  23.55,  24.28,  24.00,  23.72,  23.70
20230302, 0000,  , HU, 22.4S, 172.4E,  85,  962,  160,  110,  115,  120,   95,   90,   60,   65,   50,   50,   20,   20, -999,  24.42,  24.27,  24.35,  24.29,  24.26,  24.39,  24.19,  23.96,  24.11,  24.04,  23.98,  23.96,  23.99,  23.83,  23.84,  24.29,  23.54,  23.69,  24.60,  23.71,  22.71,  21.74,  23.18,  23.35,  22.94,  23.35,  23.18,  23.21,  23.39,  22.97,  22.59
20230302, 0600,  , HU, 23.2S, 173.3E,  80,  966,  160,  130,  110,   70,   80,   85,   60,   45,   50,   50,   40,    0, -999,  22.05,  22.13,  22.30,  22.23,  22.07,  22.17,  22.14,  21.62,  21.48,  21.64,  21.93,  21.72,  21.74,  21.95,  22.13,  22.55,  21.75,  21.97,  21.60,  20.88,  20.13,  20.56,  21.26,  20.98,  20.30,  20.82,  21.49,  21.79,  21.30,  20.88,  20.64
20230302, 1200,  , HU, 24.3S, 175.0E,  80,  967,  140,  130,  100,   75,   80,   85,   50,   50,   50,   45,   35,    0, -999,  21.82,  21.81,  21.82,  21.89,  21.63,  21.61,  21.50,  21.21,  21.02,  20.82,  20.83,  20.85,  20.66,  20.65,  20.73,  20.56,  19.92,  20.03,  19.40,  19.53,  19.39,  20.01,  19.84,  19.83,  19.64,  19.31,  19.51,  19.75,  20.17,  20.26,  20.12
20230302, 1800,  , HU, 24.8S, 175.7E,  80,  966,  125,  125,   85,   85,   80,   85,   40,   55,   50,   40,   30,    0, -999,  20.52,  20.51,  20.68,  20.75,  20.48,  20.27,  20.29,  20.22,  20.34,  20.23,  20.26,  20.38,  20.07,  20.32,  20.42,  20.28,  19.76,  20.70,  18.81,  20.02,  19.35,  19.08,  19.25,  19.68,  20.35,  20.25,  20.30,  19.93,  20.10,  20.16,  20.21
20230303, 0000,  , HU, 25.6S, 177.4E,  70,  972,  160,  130,  100,   85,   95,   50,   40,   50,   30,   20,   15,    0, -999,  19.91,  20.06,  20.22,  20.49,  20.57,  20.16,  20.06,  19.70,  19.56,  19.74,  19.93,  19.92,  19.91,  20.04,  20.45,  20.89,  21.46,  20.89,  21.06,  20.78,  19.52,  19.74,  20.29,  20.19,  20.60,  20.73,  20.70,  20.32,  20.12,  20.01,  20.19
20230303, 0600,  , TS, 26.2S, 179.4E,  60,  978,  160,  130,  105,   95,  100,   45,   35,   40,    0,    0,    0,    0, -999,  20.48,  20.38,  20.32,  20.29,  20.21,  20.25,  20.26,  20.30,  20.10,  20.13,  20.34,  20.43,  20.46,  20.57,  20.70,  20.79,  20.17,  20.14,  19.86,  19.72,  19.62,  19.45,  19.62,  19.87,  19.89,  20.27,  20.75,  21.01,  20.81,  20.29,  20.48
20230303, 1200,  , TS, 26.8S, 177.6W,  60,  979,  170,  135,  110,  105,  100,   40,   30,   30,    0,    0,    0,    0, -999,  20.87,  20.65,  20.92,  20.72,  20.84,  20.78,  20.97,  21.04,  20.94,  21.12,  20.92,  21.25,  21.01,  21.11,  21.43,  21.15,  21.22,  21.50,  20.39,  20.33,  20.21,  20.23,  20.15,  20.84,  20.81,  20.79,  20.97,  20.75,  20.92,  20.88,  21.09
20230303, 1800,  , XX, 27.2S, 174.5W,  60,  980,  170,  140,  115,  120,  110,   35,   25,   20,    0,    0,    0,    0, -999,  20.49,  20.50,  20.54,  20.78,  20.62,  20.68,  20.68,  20.45,  20.46,  20.41,  20.25,  20.37,  20.21,  20.17,  19.97,  19.88,  19.76,  20.09,  19.74,  19.96,  19.73,  19.75,  19.93,  20.11,  20.09,  20.01,  19.99,  20.15,  20.16,  20.35,  20.38
20230304, 0000,  , XX, 27.7S, 172.6W,  55,  983,  180,  140,  120,  130,  110,   30,   20,   10,    0,    0,    0,    0, -999,  21.05,  21.12,  21.12,  21.13,  21.06,  20.89,  20.89,  20.86,  20.83,  20.70,  20.64,  20.67,  20.47,  20.55,  20.56,  20.55,  20.59,  20.60,  20.62,  20.62,  20.54,  20.87,  21.08,  21.09,  21.05,  20.86,  21.05,  21.01,  21.03,  21.20,  21.32
20230304, 0600,  , XX, 28.1S, 170.5W,  45,  987,  180,  140,  125,  140,    0,    0,    0,    0,    0,    0,    0,    0, -999,  20.07,  20.15,  20.03,  20.18,  20.03,  20.01,  20.12,  20.07,  20.04,  20.02,  20.14,  20.18,  20.11,  20.14,  20.35,  20.30,  19.85,  19.89,  19.61,  19.73,  19.29,  19.52,  19.66,  19.65,  19.71,  19.66,  19.70,  19.82,  19.86,  19.97,  19.56
20230304, 1200,  , XX, 28.3S, 167.5W,  40,  987,  190,  160,  130,  160,    0,    0,    0,    0,    0,    0,    0,    0, -999,  19.67,  19.59,  19.60,  19.42,  19.19,  19.12,  19.01,  18.77,  18.91,  19.04,  19.14,  18.97,  18.96,  18.97,  18.88,  18.98,  18.58,  18.66,  18.78,  19.00,  18.91,  19.13,  19.28,  19.22,  19.24,  19.30,  19.52,  19.27,  19.51,  19.58,  19.73
20230304, 1800,  , XX, 28.5S, 165.1W,  40,  989,  190,  160,  130,  160,    0,    0,    0,    0,    0,    0,    0,    0, -999,  20.08,  19.92,  20.09,  19.99,  19.85,  19.82,  19.86,  19.50,  19.66,  19.80,  19.92,  20.04,  20.05,  20.04,  19.99,  20.24,  20.37,  20.13,  19.96,  19.96,  20.21,  20.13,  20.27,  20.36,  20.26,  20.46,  20.50,  20.27,  20.63,  20.91,  20.96
20230305, 0000,  , XX, 29.3S, 161.5W,  35,  993,  200,  165,  135,  180,    0,    0,    0,    0,    0,    0,    0,    0, -999,  20.77,  20.92,  20.89,  20.95,  21.00,  20.97,  20.78,  20.70,  20.48,  20.42,  20.34,  20.37,  20.43,  20.48,  20.50,  20.58,  20.74,  20.45,  20.56,  20.56,  20.47,  20.40,  20.41,  20.40,  20.46,  20.44,  20.95,  21.08,  21.05,  21.14,  21.05
20230305, 0600,  , XX, 29.6S, 159.5W,  35,  990,  200,  170,  140,  200,    0,    0,    0,    0,    0,    0,    0,    0, -999,  20.66,  20.52,  20.51,  20.44,  20.32,  19.99,  20.07,  19.94,  19.96,  19.96,  20.13,  20.20,  19.98,  19.82,  19.59,  19.82,  19.74,  19.76,  19.95,  19.86,  19.76,  19.83,  19.98,  20.14,  20.02,  19.91,  19.86,  19.86,  20.12,  20.20,  20.10
