SH151993,            UNNAMED,     25,
19930129, 0000,  , LO, 11.0S, 178.1E,  15,    0,    0,    0,    0,    0,    0,    0,    0,    0,    0,    0,    0,    0, -999,  35.10,  35.07,  35.22,  35.02,  35.16,  35.00,  35.00,  35.15,  35.00,  35.04,  35.00,  34.99,  35.03,  35.00,  35.01,  34.97,  34.98,  34.89,  34.96,  34.91,  34.90,  34.87,  34.87,  34.87,  34.81,  34.85,  34.87,  34.89,  34.94,  35.00,  35.03
19930129, 0600,  , LO, 11.0S, 179.0E,  15,    0,    0,    0,    0,    0,    0,    0,    0,    0,    0,    0,    0,    0, -999,  35.03,  35.09,  35.13,  35.07,  35.08,  35.07,  35.04,  35.06,  35.01,  35.02,  34.99,  35.00,  34.99,  34.98,  34.94,  34.95,  34.95,  34.88,  34.90,  34.90,  34.88,  34.89,  34.88,  34.91,  34.97,  35.05,  35.08,  35.05,  35.10,  35.10,  35.12
19930129, 1200,  , LO, 11.1S, 180.0E,  20,    0,    0,    0,    0,    0,    0,    0,    0,    0,    0,    0,    0,    0, -999,  35.11,  35.14,  35.16,  35.14,  35.16,  35.16,  35.14,  35.09,  35.08,  35.08,  35.06,  35.05,  35.05,  35.08,  35.07,  35.01,  35.05,  34.98,  34.99,  35.00,  34.96,  34.96,  34.95,  34.97,  34.94,  35.01,  35.14,  35.08,  35.07,  35.26,  35.29
19930129, 1800,  , LO, 11.2S, 179.0W,  20,    0,    0,    0,    0,    0,    0,    0,    0,    0,    0,    0,    0,    0, -999,  35.03,  35.01,  35.06,  35.04,  35.10,  35.13,  35.14,  35.13,  35.14,  35.14,  35.13,  35.12,  35.09,  35.08,  35.11,  35.08,  35.11,  35.10,  35.08,  35.06,  35.02,  35.02,  35.02,  35.00,  35.03,  35.16,  35.20,  35.19,  35.04,  35.05,  35.07
19930130, 0000,  , LO, 11.3S, 178.0W,  20,    0,    0,    0,    0,    0,    0,    0,    0,    0,    0,    0,    0,    0, -999,  35.13,  35.12,  35.13,  35.18,  35.16,  35.18,  35.21,  35.19,  35.23,  35.20,  35.20,  35.17,  35.14,  35.14,  35.16,  35.21,  35.21,  35.18,  35.18,  35.16,  35.16,  35.16,  35.16,  35.14,  35.28,  35.18,  35.76,  35.38,  35.32,  35.30,  35.24
19930130, 0600,  , LO, 11.4S, 176.9W,  25,    0,    0,    0,    0,    0,    0,    0,    0,    0,    0,    0,    0,    0, -999,  35.15,  35.17,  35.20,  35.18,  35.14,  35.11,  35.06,  35.07,  35.15,  35.22,  35.23,  35.31,  35.35,  35.41,  35.42,  35.42,  35.41,  35.39,  35.35,  35.27,  35.22,  35.22,  36.04,  35.75,  35.93,  35.20,  35.83,  35.58,  35.42,  35.51,  35.32
19930130, 1200,  , LO, 11.7S, 175.9W,  25,    0,    0,    0,    0,    0,    0,    0,    0,    0,    0,    0,    0,    0, -999,  35.26,  35.30,  35.30,  35.26,  35.24,  35.23,  35.23,  35.25,  35.27,  35.26,  35.24,  35.20,  35.23,  35.19,  35.19,  35.20,  35.21,  35.30,  35.29,  35.27,  35.14,  35.09,  35.05,  35.09,  35.12,  35.12,  35.12,  35.07,  35.10,  35.12,  35.14
19930130, 1800,  , LO, 12.1S, 174.8W,  30,    0,    0,    0,    0,    0,    0,    0,    0,    0,    0,    0,    0,    0, -999,  35.22,  35.20,  35.19,  35.19,  35.20,  35.21,  35.20,  35.25,  35.35,  35.42,  35.41,  35.44,  35.44,  35.45,  35.44,  35.51,  35.52,  35.51,  35.51,  35.49,  35.41,  35.43,  35.38,  35.29,  35.31,  35.33,  35.33,  35.31,  35.30,  35.26,  35.24
19930131, 0000,  , TS, 12.6S, 173.8W,  35,    0,    0,    0,    0,    0,    0,    0,    0,    0,    0,    0,    0,    0, -999,  35.21,  35.30,  35.30,  35.39,  35.44,  35.44,  35.44,  35.49,  35.47,  35.46,  35.39,  35.39,  35.41,  35.46,  35.46,  35.53,  35.56,  35.52,  35.53,  35.53,  35.55,  35.50,  35.51,  35.42,  35.36,  35.60,  35.28,  35.25,  35.25,  35.34,  35.35
19930131, 0600,  , TS, 13.2S, 173.0W,  40,    0,    0,    0,    0,    0,    0,    0,    0,    0,    0,    0,    0,    0, -999,  35.47,  35.49,  35.50,  35.50,  35.49,  35.49,  35.52,  35.53,  35.48,  35.50,  35.49,  35.48,  35.49,  35.49,  35.49,  35.48,  35.49,  35.47,  35.45,  35.32,  35.23,  35.22,  35.27,  35.47,  35.15,  35.01,  35.04,  35.06,  35.08,  35.15,  35.15
19930131, 1200,  , TS, 13.8S, 172.0W,  50,    0,    0,    0,    0,    0,    0,    0,    0,    0,    0,    0,    0,    0, -999,  35.52,  35.47,  35.49,  35.58,  35.49,  35.50,  35.48,  35.50,  35.46,  35.46,  35.47,  35.49,  35.51,  35.55,  35.55,  35.53,  35.49,  35.50,  35.67,  35.55,  35.67,  35.77,  35.57,  35.65,  35.45,  35.57,  35.48,  35.42,  35.43,  35.40,  35.48
19930131, 1800,  , TS, 14.6S, 171.1W,  60,    0,    0,    0,    0,    0,    0,    0,    0,    0,    0,    0,    0,    0, -999,  35.49,  35.49,  35.53,  35.59,  35.53,  35.61,  35.68,  35.61,  35.55,  35.49,  35.47,  35.43,  35.40,  35.41,  35.48,  35.52,  35.52,  35.50,  35.66,  35.73,  35.66,  35.25,  35.24,  35.26,  35.30,  35.22,  35.19,  35.24,  35.42,  35.38,  35.41
19930201, 0000,  , HU, 15.5S, 170.5W,  65,    0,    0,    0,    0,    0,    0,    0,    0,    0,    0,    0,    0,    0, -999,  35.39,  35.40,  35.35,  35.35,  35.36,  35.46,  35.39,  35.35,  35.38,  35.40,  35.41,  35.42,  35.43,  35.41,  35.42,  35.34,  35.32,  35.31,  35.31,  35.31,  35.28,  35.28,  35.28,  35.28,  35.28,  35.51,  35.29,  35.56,  35.54,  35.56,  35.53
19930201, 0600,  , HU, 16.5S, 170.0W,  70,    0,    0,    0,    0,    0,    0,    0,    0,    0,    0,    0,    0,    0, -999,  35.51,  35.56,  35.52,  35.50,  35.38,  35.31,  35.34,  35.38,  35.41,  35.38,  35.37,  35.40,  35.36,  35.37,  35.39,  35.41,  35.39,  35.43,  35.56,  35.59,  35.63,  35.61,  35.27,  35.56,  35.51,  35.48,  35.48,  35.44,  35.40,  35.37,  35.38
19930201, 1200,  , HU, 17.4S, 169.5W,  75,    0,    0,    0,    0,    0,    0,    0,    0,    0,    0,    0,    0,    0, -999,  35.49,  35.51,  35.54,  35.49,  35.46,  35.44,  35.44,  35.46,  35.46,  35.49,  35.50,  35.51,  35.51,  35.50,  35.47,  35.49,  35.54,  35.57,  35.51,  35.44,  35.49,  35.41,  35.50,  35.45,  35.44,  35.43,  35.42,  35.40,  35.41,  35.40,  35.39
19930201, 1800,  , HU, 18.3S, 168.9W,  85,    0,    0,    0,    0,    0,    0,    0,    0,    0,    0,    0,    0,    0, -999,  35.61,  35.56,  35.57,  35.60,  35.66,  35.61,  35.56,  35.52,  35.48,  35.52,  35.51,  35.49,  35.47,  35.47,  35.45,  35.46,  35.51,  35.52,  35.42,  35.39,  35.39,  35.49,  35.52,  35.42,  35.40,  35.39,  35.34,  35.34,  35.38,  35.43,  35.51
19930202, 0000,  , HU, 19.2S, 168.2W,  90,    0,    0,    0,    0,    0,    0,    0,    0,    0,    0,    0,    0,    0, -999,  35.47,  35.49,  35.51,  35.53,  35.54,  35.51,  35.51,  35.55,  35.57,  35.55,  35.55,  35.55,  35.52,  35.50,  35.48,  35.45,  35.44,  35.43,  35.44,  35.43,  35.46,  35.52,  35.52,  35.63,  35.60,  35.56,  35.54,  35.42,  35.27,  35.40,  35.54
19930202, 0600,  , HU, 20.0S, 167.4W,  90,    0,    0,    0,    0,    0,    0,    0,    0,    0,    0,    0,    0,    0, -999,  35.63,  35.61,  35.59,  35.57,  35.55,  35.54,  35.54,  35.52,  35.52,  35.55,  35.57,  35.58,  35.56,  35.53,  35.52,  35.54,  35.58,  35.53,  35.56,  35.63,  35.61,  35.63,  35.65,  35.64,  35.63,  35.64,  35.62,  35.62,  35.60,  35.63,  35.63
19930202, 1200,  , HU, 20.6S, 166.7W,  85,    0,    0,    0,    0,    0,    0,    0,    0,    0,    0,    0,    0,    0, -999,  35.45,  35.48,  35.52,  35.48,  35.50,  35.52,  35.52,  35.53,  35.55,  35.57,  35.59,  35.60,  35.60,  35.59,  35.58,  35.60,  35.63,  35.56,  35.63,  35.69,  35.65,  35.67,  35.65,  35.61,  35.60,  35.54,  35.53,  35.53,  35.51,  35.52,  35.52
19930202, 1800,  , HU, 21.1S, 165.9W,  70,    0,    0,    0,    0,    0,    0,    0,    0,    0,    0,    0,    0,    0, -999,  35.57,  35.57,  35.58,  35.55,  35.57,  35.58,  35.59,  35.59,  35.59,  35.59,  35.59,  35.59,  35.59,  35.58,  35.58,  35.58,  35.58,  35.58,  35.58,  35.58,  35.60,  35.57,  35.57,  35.54,  35.52,  35.53,  35.55,  35.55,  35.51,  35.47,  35.44
19930203, 0000,  , TS, 21.5S, 165.3W,  55,    0,    0,    0,    0,    0,    0,    0,    0,    0,    0,    0,    0,    0, -999,  35.57,  35.59,  35.56,  35.53,  35.53,  35.55,  35.55,  35.55,  35.54,  35.53,  35.53,  35.53,  35.53,  35.54,  35.57,  35.56,  35.57,  35.64,  35.64,  35.65,  35.65,  35.66,  35.66,  35.66,  35.67,  35.68,  35.69,  35.70,  35.75,  35.84,  35.85
19930203, 0600,  , TS, 22.0S, 165.0W,  45,    0,    0,    0,    0,    0,    0,    0,    0,    0,    0,    0,    0,    0, -999,  35.54,  35.54,  35.55,  35.54,  35.52,  35.48,  35.47,  35.47,  35.50,  35.51,  35.49,  35.48,  35.48,  35.47,  35.49,  35.50,  35.48,  35.43,  35.46,  35.52,  35.52,  35.50,  35.50,  35.54,  35.58,  35.59,  35.58,  35.73,  35.65,  35.65,  35.72
19930203, 1200,  , TS, 22.5S, 165.0W,  40,    0,    0,    0,    0,    0,    0,    0,    0,    0,    0,    0,    0,    0, -999,  35.49,  35.50,  35.52,  35.57,  35.59,  35.56,  35.53,  35.53,  35.54,  35.55,  35.55,  35.55,  35.55,  35.53,  35.51,  35.51,  35.55,  35.57,  35.54,  35.52,  35.50,  35.50,  35.51,  35.52,  35.52,  35.51,  35.49,  35.51,  35.53,  35.51,  35.52
19930203, 1800,  , TS, 22.9S, 165.1W,  35,    0,    0,    0,    0,    0,    0,    0,    0,    0,    0,    0,    0,    0, -999,  35.57,  35.53,  35.53,  35.57,  35.62,  35.62,  35.59,  35.57,  35.56,  35.54,  35.55,  35.57,  35.57,  35.58,  35.53,  35.53,  35.53,  35.44,  35.46,  35.48,  35.51,  35.51,  35.50,  35.50,  35.52,  35.50,  35.48,  35.51,  35.54,  35.53,  35.50
19930204, 0000,  , LO, 23.2S, 165.3W,  30,    0,    0,    0,    0,    0,    0,    0,    0,    0,    0,    0,    0,    0, -999,  35.57,  35.59,  35.58,  35.56,  35.57,  35.58,  35.59,  35.59,  35.59,  35.59,  35.57,  35.58,  35.58,  35.56,  35.57,  35.56,  35.47,  35.47,  35.46,  35.43,  35.48,  35.52,  35.55,  35.54,  35.52,  35.50,  35.56,  35.55,  35.53,  35.49,  35.37
