SH152016,           EMERAUDE,     27,
20160315, 0600,  , TD, 11.3S,  86.8E,  25, 1004,    0,    0,    0,    0,    0,    0,    0,    0,    0,    0,    0,    0, -999,  24.32,  23.71,  23.75,  24.06,  23.26,  23.29,  22.13,  22.07,  22.85,  22.66,  22.59,  23.45,  22.79,  22.95,  23.21,  23.59,  23.31,  23.28,  21.45,  22.85,  14.12,  15.80,  15.16,  16.52,  18.17,  18.93,  19.49,  18.04,  18.97,  18.58,  18.83
20160315, 1200,  , TD, 11.3S,  86.3E,  30, 1000,    0,    0,    0,    0,    0,    0,    0,    0,    0,    0,    0,    0, -999,  24.73,  24.17,  24.55,  25.02,  24.25,  24.18,  23.62,  23.47,  24.12,  24.50,  23.12,  24.03,  23.62,  23.79,  23.69,  24.29,  23.91,  23.76,  21.49,  24.89,  14.29,  15.46,  17.37,  16.63,  17.75,  20.21,  19.74,  19.56,  19.82,  20.20,  20.68
20160315, 1800,  , TS, 11.2S,  85.8E,  40,  993,   50,   40,   60,   60,    0,    0,    0,    0,    0,    0,    0,    0, -999,  25.27,  24.91,  25.15,  25.53,  24.62,  23.80,  24.13,  24.79,  24.36,  24.62,  23.47,  23.84,  24.07,  24.33,  24.08,  24.66,  24.43,  24.26,  22.82,  22.84,  15.88,  20.24,  21.45,  17.27,  18.49,  21.18,  21.33,  20.36,  20.71,  20.93,  21.76
20160316, 0000,  , TS, 11.0S,  85.3E,  55,  982,   50,   40,   60,   60,   30,   30,   30,   30,    0,    0,    0,    0, -999,  24.72,  24.77,  24.57,  24.72,  24.72,  25.36,  25.26,  25.46,  25.95,  24.73,  25.16,  25.20,  25.17,  25.01,  25.58,  25.36,  25.42,  23.81,  20.12,  19.52,  22.63,  25.05,  20.10,  22.78,  21.70,  21.65,  21.14,  21.74,  21.23,  21.55,  21.32
20160316, 0600,  , HU, 10.8S,  85.0E,  65,  974,   65,   60,   80,   80,   35,   30,   40,   40,    0,    0,    0,    0, -999,  23.77,  24.16,  24.40,  24.73,  24.76,  24.51,  24.52,  25.02,  24.93,  24.03,  24.20,  24.44,  24.29,  24.08,  24.81,  25.07,  25.13,  23.71,  19.50,  20.18,  22.48,  23.89,  22.29,  24.17,  21.36,  21.11,  20.66,  21.12,  21.19,  21.40,  20.64
20160316, 1200,  , HU, 10.6S,  84.7E,  75,  967,   80,   75,   90,   90,   45,   40,   50,   50,   20,   20,   25,   25, -999,  24.52,  25.36,  24.72,  24.00,  24.10,  23.78,  24.68,  24.81,  24.37,  23.81,  24.01,  24.78,  24.24,  23.86,  24.52,  24.33,  24.26,  24.00,  18.94,  20.70,  22.36,  23.79,  22.43,  21.50,  21.05,  21.36,  20.90,  20.71,  21.40,  21.48,  20.82
20160316, 1800,  , HU, 10.5S,  84.5E,  90,  956,   70,   65,   80,   80,   35,   35,   40,   40,   20,   20,   20,   20, -999,  24.59,  25.59,  24.81,  24.87,  24.51,  24.51,  25.14,  25.03,  24.49,  24.22,  24.31,  24.78,  24.39,  24.24,  25.56,  25.03,  24.94,  23.89,  19.26,  21.35,  21.88,  22.21,  20.86,  19.59,  19.89,  20.49,  21.29,  21.25,  21.13,  21.81,  20.70
20160317, 0000,  , HU, 10.4S,  84.3E, 105,  944,   70,   65,   80,   80,   35,   35,   40,   40,   20,   20,   20,   20, -999,  25.71,  24.83,  25.09,  24.62,  24.62,  25.30,  25.31,  24.58,  24.76,  24.84,  24.95,  25.19,  25.07,  26.11,  25.97,  25.73,  23.84,  19.96,  21.74,  22.68,  21.59,  20.54,  19.20,  19.66,  20.22,  21.14,  21.13,  20.89,  21.35,  20.62,  21.48
20160317, 0600,  , HU, 10.5S,  84.1E, 125,  929,   65,   65,   90,   90,   45,   45,   45,   45,   30,   30,   30,   30, -999,  25.73,  24.73,  25.52,  24.72,  24.66,  25.21,  25.27,  24.61,  25.23,  25.22,  25.00,  25.75,  25.17,  25.74,  26.30,  25.89,  23.98,  20.48,  22.05,  22.91,  21.27,  20.71,  19.13,  19.24,  20.12,  21.15,  20.79,  20.68,  21.03,  20.55,  21.35
20160317, 1200,  , HU, 10.7S,  84.0E, 115,  937,   65,   65,   90,   90,   40,   40,   40,   40,   25,   25,   25,   25, -999,  26.09,  25.33,  25.65,  26.20,  25.85,  26.25,  26.37,  25.80,  26.87,  27.28,  25.70,  27.12,  25.61,  25.79,  26.14,  26.07,  24.43,  21.86,  23.37,  22.86,  21.68,  20.44,  19.27,  20.55,  21.05,  21.57,  22.14,  21.91,  22.05,  21.13,  21.70
20160317, 1800,  , HU, 10.5S,  83.9E, 105,  944,   65,   65,   90,   90,   40,   40,   40,   40,   25,   25,   25,   25, -999,  25.64,  24.59,  25.95,  24.88,  24.75,  25.11,  25.12,  24.58,  25.42,  25.52,  24.88,  25.75,  24.68,  24.97,  25.75,  25.21,  24.26,  20.73,  22.23,  22.98,  21.80,  20.93,  19.05,  19.17,  19.96,  20.80,  20.13,  20.46,  20.77,  20.27,  21.09
20160317, 2100,  , HU, 10.2S,  84.0E,  95,  952,   65,   65,   90,   90,   40,   40,   40,   40,   25,   25,   25,   25, -999,  24.78,  24.35,  25.16,  24.52,  24.68,  24.65,  24.58,  24.45,  25.09,  24.98,  24.46,  25.11,  24.07,  24.25,  24.72,  24.54,  23.71,  20.41,  21.88,  23.17,  21.63,  20.88,  19.17,  19.09,  19.53,  19.91,  19.79,  20.58,  20.09,  19.83,  20.77
20160318, 0000,  , HU, 10.1S,  84.2E,  90,  956,   65,   65,   90,   90,   40,   40,   40,   40,   25,   25,   25,   25, -999,  24.84,  24.83,  24.19,  24.35,  24.52,  24.32,  24.37,  24.64,  24.64,  24.31,  24.71,  23.68,  23.99,  24.11,  24.18,  23.20,  19.63,  21.58,  23.33,  21.03,  20.42,  19.14,  18.92,  19.37,  19.84,  20.18,  20.61,  20.24,  19.95,  20.43,  20.87
20160318, 0600,  , HU, 10.1S,  84.9E,  80,  963,   40,   25,   25,   30,   25,   15,   15,   20,   10,    5,    5,   10, -999,  24.50,  24.58,  23.67,  23.90,  24.32,  23.91,  24.41,  24.16,  23.85,  24.29,  23.44,  23.41,  23.81,  23.46,  23.05,  23.48,  18.54,  20.15,  21.18,  19.47,  19.84,  18.95,  20.04,  20.40,  20.84,  21.49,  20.75,  21.61,  20.23,  20.52,  21.08
20160318, 1200,  , HU, 10.3S,  85.4E,  65,  974,   40,   30,   25,   30,   25,   15,   15,   20,    0,    0,    0,    0, -999,  25.23,  23.54,  23.57,  23.97,  24.31,  23.90,  24.03,  23.63,  23.50,  23.79,  23.46,  23.74,  23.92,  23.48,  23.41,  22.51,  18.42,  17.33,  20.78,  19.83,  19.48,  22.12,  20.91,  21.08,  21.09,  20.71,  20.95,  21.52,  20.21,  20.49,  20.40
20160318, 1800,  , TS, 10.3S,  85.9E,  60,  978,   55,   45,   40,   40,   35,   30,   25,   25,    0,    0,    0,    0, -999,  25.08,  23.31,  22.74,  23.07,  23.53,  23.30,  23.40,  22.96,  22.64,  22.63,  22.60,  22.78,  22.99,  22.67,  22.53,  21.82,  24.49,  16.17,  20.13,  19.91,  18.77,  23.10,  21.15,  21.25,  20.38,  20.63,  20.30,  21.13,  19.95,  20.73,  19.94
20160319, 0000,  , HU, 10.4S,  86.5E,  65,  974,   55,   45,   40,   50,   35,   30,   25,   30,    0,    0,    0,    0, -999,  23.10,  22.80,  22.47,  22.83,  23.00,  23.03,  22.85,  22.52,  22.07,  22.51,  22.43,  22.62,  21.89,  21.75,  20.36,  26.18,  17.05,  19.32,  20.21,  18.67,  21.36,  21.70,  21.02,  19.73,  20.00,  19.61,  20.94,  19.97,  20.47,  20.09,  20.06
20160319, 0600,  , HU, 10.5S,  86.9E,  70,  970,   55,   45,   45,   55,   35,   30,   30,   35,   20,   20,   20,   20, -999,  22.60,  21.94,  21.96,  21.81,  22.42,  22.86,  22.21,  21.70,  21.50,  21.59,  21.97,  22.64,  22.23,  22.05,  20.86,  23.97,  17.35,  19.07,  21.35,  19.09,  23.38,  23.87,  22.42,  20.36,  19.70,  19.59,  20.36,  19.84,  20.48,  19.73,  19.93
20160319, 1200,  , HU, 10.7S,  87.2E,  75,  967,   55,   45,   45,   55,   35,   30,   30,   35,   20,   20,   20,   20, -999,  22.41,  22.55,  21.51,  21.37,  22.61,  22.62,  22.52,  22.32,  22.21,  22.37,  23.06,  23.59,  23.07,  22.67,  21.62,  22.89,  18.39,  18.32,  20.44,  18.95,  22.58,  20.16,  21.16,  18.63,  19.45,  19.73,  20.11,  19.81,  19.55,  20.29,  19.93
20160319, 1800,  , HU, 10.7S,  87.4E,  75,  967,   60,   80,   75,   65,   35,   35,   30,   35,   20,   20,   20,   20, -999,  22.63,  22.60,  21.62,  21.45,  22.97,  23.09,  23.12,  22.86,  22.80,  22.60,  23.37,  23.93,  22.95,  23.02,  21.74,  22.70,  19.03,  18.75,  21.38,  19.45,  23.46,  20.98,  21.96,  19.71,  19.70,  20.26,  20.45,  20.21,  20.08,  20.48,  20.12
20160320, 0000,  , HU, 10.7S,  87.5E,  65,  974,   60,   75,   70,   65,   35,   35,   30,   35,   25,   25,   25,   25, -999,  22.60,  21.62,  21.78,  23.03,  23.34,  23.39,  23.07,  22.69,  22.61,  23.63,  24.15,  23.02,  22.99,  22.05,  23.02,  20.40,  19.21,  21.93,  20.02,  24.44,  23.35,  22.98,  20.63,  20.07,  21.25,  20.71,  20.86,  20.88,  21.04,  20.75,  21.60
20160320, 0600,  , TS, 10.6S,  87.4E,  55,  982,   60,   75,   70,   65,   35,   35,   30,   35,    0,    0,    0,    0, -999,  22.16,  21.54,  21.54,  23.02,  23.18,  23.12,  22.83,  22.47,  22.38,  23.10,  23.55,  22.31,  22.48,  21.71,  22.84,  18.91,  19.39,  22.32,  20.08,  24.06,  23.57,  22.77,  20.94,  20.48,  20.73,  21.14,  20.45,  21.02,  20.70,  20.74,  21.15
20160320, 1200,  , TS, 10.8S,  87.3E,  50,  985,   60,   75,   70,   65,   35,   35,   30,   35,    0,    0,    0,    0, -999,  22.60,  21.62,  21.45,  22.97,  23.09,  23.12,  22.86,  22.80,  22.60,  23.37,  23.93,  22.95,  23.02,  21.74,  22.70,  19.03,  18.75,  21.38,  19.45,  23.46,  20.98,  21.96,  19.71,  19.70,  20.26,  20.45,  20.21,  20.08,  20.48,  20.12,  20.89
20160320, 1800,  , TS, 11.1S,  87.3E,  45,  989,   70,   80,   75,   70,    0,    0,    0,    0,    0,    0,    0,    0, -999,  23.08,  21.88,  21.32,  22.40,  22.77,  22.81,  23.22,  22.72,  23.13,  23.54,  24.44,  23.59,  23.56,  22.12,  22.90,  18.73,  17.83,  19.81,  17.80,  20.29,  19.96,  19.93,  18.50,  18.87,  19.38,  19.50,  20.16,  19.89,  20.71,  20.13,  20.76
20160321, 0000,  , TS, 11.4S,  87.2E,  40,  993,   70,   80,   80,   70,    0,    0,    0,    0,    0,    0,    0,    0, -999,  21.74,  21.49,  22.37,  22.87,  22.97,  23.29,  22.76,  22.90,  23.07,  23.82,  23.88,  24.05,  22.30,  22.90,  16.70,  16.56,  17.70,  17.42,  19.23,  19.50,  19.72,  18.43,  18.80,  18.78,  19.02,  19.33,  19.67,  19.98,  19.96,  20.28,  19.84
20160321, 0600,  , TS, 11.6S,  86.9E,  35,  996,   70,   80,   80,   70,    0,    0,    0,    0,    0,    0,    0,    0, -999,  22.30,  22.00,  22.80,  23.47,  22.96,  24.15,  23.76,  23.62,  23.97,  24.02,  24.20,  24.05,  22.17,  22.69,  15.61,  14.18,  15.37,  18.14,  19.37,  19.83,  20.09,  20.04,  20.53,  20.87,  20.64,  20.09,  20.14,  20.68,  20.75,  19.70,  19.95
20160321, 1200,  , TD, 11.7S,  86.6E,  25, 1004,    0,    0,    0,    0,    0,    0,    0,    0,    0,    0,    0,    0, -999,  23.60,  23.52,  23.40,  23.52,  23.23,  24.53,  23.86,  23.80,  23.79,  23.83,  24.31,  24.55,  22.59,  22.98,  15.56,  13.79,  16.36,  17.92,  18.39,  20.64,  19.97,  20.16,  20.70,  20.71,  20.89,  20.20,  20.10,  20.58,  21.09,  19.16,  19.26
