SH161997,            UNNAMED,     43,
19970101, 0000,  , LO, 10.3S, 175.5E,  15,    0,    0,    0,    0,    0,    0,    0,    0,    0,    0,    0,    0,    0, -999,  29.49,  29.02,  28.87,  28.55,  28.50,  28.78,  28.87,  28.89,  28.98,  29.26,  29.24,  29.55,  29.48,  29.02,    nan,  28.62,  28.63,  28.93,  28.99,  28.64,  28.68,  28.54,  28.85,  28.99,  29.27,  29.23,  29.29,  29.48,  29.56,  29.12,  29.38
19970101, 0600,  , LO, 10.3S, 174.6E,  20,    0,    0,    0,    0,    0,    0,    0,    0,    0,    0,    0,    0,    0, -999,  29.55,  29.26,  29.07,  28.85,  28.83,  29.25,  29.14,  29.14,  29.03,  29.21,  29.38,  29.20,  29.23,  29.14,    nan,  29.14,  29.08,  29.25,  29.17,  29.06,  28.98,  28.98,  29.05,  29.22,  29.35,  29.68,  29.72,  30.05,  29.58,  29.50,  29.66
19970101, 1200,  , LO, 10.4S, 173.7E,  20,    0,    0,    0,    0,    0,    0,    0,    0,    0,    0,    0,    0,    0, -999,  29.21,  29.15,  28.82,  28.52,  28.49,  28.91,  28.76,  28.66,  28.74,  29.08,  29.42,  29.21,  29.05,  28.88,    nan,  28.95,  29.35,  29.56,  29.64,  29.87,  29.78,  29.59,  29.64,  29.73,  29.71,  29.74,  29.70,  29.80,  29.51,  29.39,  29.53
19970101, 1800,  , LO, 10.8S, 172.5E,  20,    0,    0,    0,    0,    0,    0,    0,    0,    0,    0,    0,    0,    0, -999,  28.68,  28.63,  28.55,  28.42,  28.54,  29.33,  28.81,  28.86,  28.86,  28.93,  29.16,  29.13,  28.77,  28.35,    nan,  28.33,  28.48,  28.56,  28.61,  28.49,  28.69,  28.61,  28.54,  28.81,  28.90,  29.31,  29.37,  29.75,  29.50,  29.58,  29.66
19970102, 0000,  , LO, 11.3S, 171.2E,  25,    0,    0,    0,    0,    0,    0,    0,    0,    0,    0,    0,    0,    0, -999,  29.24,  28.95,  28.60,  28.63,  29.05,  28.80,  28.69,  28.62,  28.80,  28.78,  28.79,  28.43,  28.28,    nan,  28.20,  28.19,  28.10,  28.13,  28.06,  28.48,  28.67,  28.61,  29.27,  29.04,  29.39,  29.18,  29.33,  29.35,  29.46,  29.58,  29.55
19970102, 0600,  , LO, 12.1S, 170.0E,  25,    0,    0,    0,    0,    0,    0,    0,    0,    0,    0,    0,    0,    0, -999,  29.54,  28.93,  28.66,  28.62,  28.69,  28.53,  28.51,  28.61,  28.57,  28.39,  28.37,  28.20,  28.22,    nan,  28.21,  28.31,  28.14,  28.13,  28.34,  28.60,  28.53,  28.76,  29.15,  29.01,  29.21,  29.37,  29.32,  29.43,  29.54,  29.76,  29.87
19970102, 1200,  , LO, 12.8S, 168.8E,  30,    0,    0,    0,    0,    0,    0,    0,    0,    0,    0,    0,    0,    0, -999,  29.25,  29.15,  28.81,  28.61,  28.55,  28.44,  28.51,  28.49,  28.24,  28.08,  28.05,  27.95,  28.03,    nan,  28.64,  28.62,  28.45,  28.30,  28.47,  28.56,  28.56,  28.88,  28.68,  28.86,  29.01,  29.18,  29.22,  29.24,  29.38,  29.66,  29.54
19970102, 1800,  , TS, 13.5S, 167.7E,  35,    0,    0,    0,    0,    0,    0,    0,    0,    0,    0,    0,    0,    0, -999,  28.91,  28.96,  28.72,  28.51,  28.42,  28.41,  28.37,  28.50,  28.47,  28.40,  28.20,  28.02,  28.13,    nan,  28.52,  28.39,  28.29,  28.25,  28.32,  28.36,  28.41,  28.50,  28.33,  28.37,  28.58,  28.83,  28.96,  28.71,  28.91,  28.99,  28.84
19970103, 0000,  , TS, 14.1S, 166.5E,  35,    0,    0,    0,    0,    0,    0,    0,    0,    0,    0,    0,    0,    0, -999,  28.74,  28.59,  28.47,  28.35,  28.33,  28.26,  28.28,  28.26,  28.21,  27.95,  27.90,  28.00,    nan,  28.42,  28.40,  28.37,  28.12,  28.60,  28.72,  28.42,  28.25,  28.23,  28.12,  28.37,  28.64,  29.07,  29.16,  29.31,  29.29,  29.33,  29.49
19970103, 0600,  , TS, 14.4S, 165.2E,  35,    0,    0,    0,    0,    0,    0,    0,    0,    0,    0,    0,    0,    0, -999,  28.60,  28.91,  28.95,  28.60,  28.67,  28.46,  28.36,  28.12,  27.84,  27.49,  27.35,  27.73,    nan,  28.10,  27.72,  28.25,  27.77,  28.27,  28.38,  28.24,  28.19,  28.17,  28.14,  28.32,  28.74,  28.97,  29.22,  29.36,  29.51,  29.32,  29.36
19970103, 1200,  , TS, 14.6S, 164.1E,  40,    0,    0,    0,    0,    0,    0,    0,    0,    0,    0,    0,    0,    0, -999,  28.84,  29.19,  29.26,  29.13,  29.02,  28.76,  28.56,  28.16,  27.84,  27.79,  27.85,  28.26,    nan,  28.79,  28.86,  28.59,  28.37,  28.62,  28.55,  28.31,  28.12,  28.02,  27.96,  28.08,  28.10,  28.87,  29.20,  29.50,  29.84,  29.77,  29.77
19970103, 1800,  , TS, 14.8S, 163.0E,  50,    0,    0,    0,    0,    0,    0,    0,    0,    0,    0,    0,    0,    0, -999,  28.81,  29.04,  29.22,  29.41,  29.02,  28.83,  28.58,  28.15,  28.11,  28.15,  28.09,  28.21,    nan,  28.73,  28.97,  28.81,  28.27,  28.08,  28.02,  27.95,  27.84,  27.77,  27.97,  27.91,  27.98,  28.36,  28.57,  28.68,  29.51,  29.58,  29.56
19970104, 0000,  , TS, 15.0S, 161.9E,  60,    0,    0,    0,    0,    0,    0,    0,    0,    0,    0,    0,    0,    0, -999,  29.33,  29.50,  29.62,  29.08,  28.59,  28.48,  28.29,  28.24,  28.21,  28.02,  28.23,    nan,  28.92,  29.10,  29.01,  28.45,  28.24,  28.10,  27.85,  27.58,  27.54,  27.88,  27.73,  27.95,  28.19,  28.20,  27.59,  27.59,  28.01,  28.61,  28.65
19970104, 0600,  , HU, 15.0S, 161.0E,  70,    0,    0,    0,    0,    0,    0,    0,    0,    0,    0,    0,    0,    0, -999,  28.94,  29.33,  29.35,  29.06,  28.53,  28.47,  28.33,  28.21,  28.13,  28.17,  28.20,    nan,  28.91,  28.92,  28.82,  28.66,  28.25,  27.31,  26.85,  26.30,  26.73,  26.95,  26.99,  27.16,  27.15,  27.70,  27.31,  27.32,  27.46,  27.35,  27.28
19970104, 1200,  , HU, 15.0S, 160.3E,  80,    0,    0,    0,    0,    0,    0,    0,    0,    0,    0,    0,    0,    0, -999,  28.66,  29.02,  29.21,  29.06,  28.64,  28.47,  28.22,  28.13,  28.15,  28.33,  28.64,    nan,  29.00,  28.96,  28.80,  28.63,  28.19,  27.11,  26.28,  26.12,  26.10,  26.45,  26.24,  26.94,  26.86,  27.06,  27.74,  27.36,  27.47,  27.12,  27.17
19970104, 1800,  , HU, 15.1S, 159.8E,  90,    0,    0,    0,    0,    0,    0,    0,    0,    0,    0,    0,    0,    0, -999,  28.70,  28.91,  28.94,  28.88,  28.77,  28.45,  28.53,  28.51,  28.50,  28.60,  28.75,    nan,  28.76,  28.66,  28.44,  28.44,  28.04,  26.86,  24.98,  25.11,  25.73,  26.37,  26.56,  26.97,  27.39,  27.57,  28.21,  28.13,  28.09,  27.82,  27.83
19970105, 0000,  , HU, 15.2S, 159.5E, 105,    0,    0,    0,    0,    0,    0,    0,    0,    0,    0,    0,    0,    0, -999,  28.18,  28.54,  28.56,  28.70,  28.52,  28.58,  28.56,  28.58,  28.73,  28.63,    nan,  28.34,  28.25,  28.10,  28.25,  28.12,  25.54,  24.23,  25.13,  25.52,  26.44,  26.66,  27.07,  27.41,  27.77,  28.09,  28.05,  27.98,  27.90,  27.93,  28.00
19970105, 0600,  , HU, 15.5S, 159.2E, 120,    0,    0,    0,    0,    0,    0,    0,    0,    0,    0,    0,    0,    0, -999,  28.11,  28.58,  28.69,  28.67,  28.51,  28.57,  28.58,  28.50,  28.57,  28.20,    nan,  28.17,  28.16,  28.48,  28.38,  27.85,  25.98,  24.39,  24.27,  24.66,  26.24,  26.66,  27.11,  27.33,  27.30,  28.06,  27.80,  27.77,  27.73,  27.80,  27.85
19970105, 1200,  , HU, 15.9S, 159.0E, 120,    0,    0,    0,    0,    0,    0,    0,    0,    0,    0,    0,    0,    0, -999,  27.96,  28.52,  28.42,  28.39,  28.07,  28.41,  28.50,  28.25,  28.02,  28.20,    nan,  28.34,  28.28,  27.98,  27.72,  26.98,  26.16,  24.47,  24.28,  24.64,  25.03,  25.42,  26.86,  26.94,  26.64,  27.29,  27.44,  27.57,  27.82,  27.81,  27.69
19970105, 1800,  , HU, 16.2S, 158.8E, 120,    0,    0,    0,    0,    0,    0,    0,    0,    0,    0,    0,    0,    0, -999,  27.89,  28.38,  28.36,  28.58,  28.58,  28.38,  28.21,  27.91,  28.41,  28.04,    nan,  27.98,  27.83,  27.76,  27.64,  26.89,  26.20,  24.49,  24.46,  24.62,  25.43,  25.68,  26.16,  26.59,  26.43,  26.36,  26.23,  26.65,  26.95,  27.19,  27.54
19970106, 0000,  , HU, 16.6S, 158.7E, 120,    0,    0,    0,    0,    0,    0,    0,    0,    0,    0,    0,    0,    0, -999,  28.22,  28.12,  28.22,  28.21,  28.45,  28.38,  27.98,  28.07,  27.96,    nan,  28.35,  28.42,  28.39,  28.20,  27.14,  25.70,  25.30,  24.43,  24.63,  25.11,  25.47,  26.05,  26.18,  26.01,  26.16,  26.12,  26.34,  26.38,  26.66,  26.64,  26.92
19970106, 0600,  , HU, 17.0S, 158.9E, 115,    0,    0,    0,    0,    0,    0,    0,    0,    0,    0,    0,    0,    0, -999,  28.25,  28.42,  28.43,  28.43,  28.29,  28.13,  28.06,  28.32,  28.41,    nan,  28.64,  28.63,  28.61,  28.48,  27.47,  26.77,  25.68,  24.77,  24.78,  25.11,  25.66,  26.01,  26.15,  26.33,  26.52,  26.50,  26.46,  26.69,  26.59,  26.52,  26.18
19970106, 1200,  , HU, 17.5S, 159.4E, 110,    0,    0,    0,    0,    0,    0,    0,    0,    0,    0,    0,    0,    0, -999,  28.67,  28.68,  28.52,  28.49,  28.30,  28.27,  27.69,  27.65,  27.64,    nan,  27.73,  27.77,  27.82,  27.55,  27.11,  26.69,  26.25,  25.73,  26.15,  26.46,  26.70,  26.77,  26.88,  26.86,  26.35,  26.22,  26.17,  26.15,  26.17,  25.98,  25.67
19970106, 1800,  , HU, 18.0S, 160.2E, 105,    0,    0,    0,    0,    0,    0,    0,    0,    0,    0,    0,    0,    0, -999,  28.93,  28.83,  28.30,  27.85,  27.44,  27.32,  27.33,  27.43,  27.47,    nan,  27.57,  27.60,  27.58,  27.54,  27.27,  27.01,  26.32,  26.19,  26.29,  26.30,  26.62,  26.79,  26.96,  27.06,  26.14,  25.98,  26.07,  25.95,  26.00,  25.82,  25.66
19970107, 0000,  , HU, 18.3S, 161.1E, 105,    0,    0,    0,    0,    0,    0,    0,    0,    0,    0,    0,    0,    0, -999,  28.04,  27.88,  27.73,  27.52,  27.38,  27.46,  27.49,  27.53,    nan,  27.54,  27.55,  27.49,  27.43,  27.45,  27.19,  26.78,  26.11,  26.13,  26.24,  26.73,  26.73,  26.39,  26.42,  25.85,  25.79,  26.17,  26.08,  26.07,  26.03,  26.10,  26.19
19970107, 0600,  , HU, 19.0S, 162.0E, 100,    0,    0,    0,    0,    0,    0,    0,    0,    0,    0,    0,    0,    0, -999,  27.30,  27.52,  27.52,  27.51,  27.14,  27.03,  26.91,  26.79,    nan,  26.98,  27.10,  27.18,  27.15,  27.12,  26.92,  26.13,  25.78,  25.66,  26.02,  26.19,  26.52,  26.18,  26.04,  25.63,  25.77,  26.19,  26.21,  26.25,  26.25,  26.27,  26.40
19970107, 1200,  , HU, 20.0S, 163.2E, 100,    0,    0,    0,    0,    0,    0,    0,    0,    0,    0,    0,    0,    0, -999,  26.94,  27.04,  26.76,  26.78,  26.42,  26.49,  26.29,  26.79,    nan,  27.30,  27.47,  27.54,  27.51,  27.46,  27.30,  26.97,  26.29,  26.13,  26.17,  26.20,  26.14,  25.73,  25.54,  25.58,  25.66,  25.80,  25.94,  26.13,  26.27,  26.46,  26.64
19970107, 1800,  , HU, 21.1S, 164.3E,  95,    0,    0,    0,    0,    0,    0,    0,    0,    0,    0,    0,    0,    0, -999,  26.52,  26.56,  26.30,  26.21,  26.22,  25.98,  25.85,  26.30,    nan,  26.24,  26.33,  26.21,  25.82,  26.04,  25.60,  26.13,  25.61,  25.61,  25.50,  25.32,  25.23,  25.36,  25.14,  24.97,  24.54,  24.52,  24.83,  24.71,  24.65,  24.56,  24.67
19970108, 0000,  , HU, 21.9S, 165.2E,  90,    0,    0,    0,    0,    0,    0,    0,    0,    0,    0,    0,    0,    0, -999,  26.33,  25.96,  25.84,  25.84,  25.68,  25.46,  25.48,    nan,  25.70,  25.72,  25.57,  25.40,  25.33,  25.20,  25.07,  24.61,  24.14,  24.34,  24.41,  24.56,  24.37,  24.99,  25.23,  25.02,  24.94,  24.85,  24.85,  24.60,  24.19,  23.79,  24.46
19970108, 0600,  , HU, 22.7S, 166.1E,  80,    0,    0,    0,    0,    0,    0,    0,    0,    0,    0,    0,    0,    0, -999,  25.87,  25.45,  24.96,  24.92,  24.76,  24.85,  25.10,    nan,  25.46,  25.62,  25.62,  25.51,  25.30,  25.05,  24.53,  24.32,  23.67,  23.79,  24.37,  24.25,  23.79,  24.46,  24.21,  24.20,  24.53,  24.61,  24.61,  24.36,  24.17,  24.34,  24.59
19970108, 1200,  , HU, 24.0S, 167.0E,  70,    0,    0,    0,    0,    0,    0,    0,    0,    0,    0,    0,    0,    0, -999,  24.82,  25.02,  25.28,  25.48,  25.28,  25.20,  25.06,    nan,  24.82,  24.96,  25.13,  25.25,  25.12,  25.00,  24.75,  24.45,  24.13,  23.74,  23.82,  24.08,  24.42,  24.59,  24.45,  24.46,  24.36,  24.50,  24.62,  24.59,  24.35,  24.32,  24.45
19970108, 1800,  , HU, 25.5S, 167.6E,  65,    0,    0,    0,    0,    0,    0,    0,    0,    0,    0,    0,    0,    0, -999,  24.59,  24.74,  24.76,  24.85,  24.78,  24.67,  24.68,    nan,  24.85,  24.99,  25.16,  25.22,  25.07,  24.97,  24.90,  24.83,  24.55,  24.02,  23.90,  24.06,  24.03,  24.08,  24.06,  23.95,  23.84,  23.85,  23.92,  23.67,  23.45,  23.29,  23.31
19970109, 0000,  , TS, 27.3S, 167.9E,  60,    0,    0,    0,    0,    0,    0,    0,    0,    0,    0,    0,    0,    0, -999,  23.69,  23.93,  23.99,  23.67,  23.79,  23.82,    nan,  24.27,  24.59,  24.77,  24.69,  24.53,  24.13,  23.70,  23.55,  23.45,  23.20,  22.89,  22.96,  23.07,  23.14,  23.23,  23.20,  23.22,  23.14,  23.42,  23.27,  23.24,  23.12,  23.10,  23.02
19970109, 0600,  , TS, 28.9S, 168.4E,  55,    0,    0,    0,    0,    0,    0,    0,    0,    0,    0,    0,    0,    0, -999,  21.72,  21.77,  21.91,  22.02,  22.08,  22.46,    nan,  22.97,  23.16,  23.61,  23.89,  23.25,  22.93,  23.07,  23.21,  23.12,  22.83,  22.62,  22.55,  22.75,  22.71,  22.59,  22.75,  22.75,  22.65,  22.87,  23.01,  23.18,  23.25,  23.17,  23.05
19970109, 1200,  , TS, 30.5S, 168.6E,  55,    0,    0,    0,    0,    0,    0,    0,    0,    0,    0,    0,    0,    0, -999,  22.37,  22.21,  22.00,  21.68,  21.38,  21.56,    nan,  21.70,  21.86,  22.13,  22.32,  22.31,  22.19,  22.21,  22.15,  21.97,  21.20,  21.46,  21.53,  21.62,  21.39,  21.17,  21.00,  21.32,  21.45,  21.71,  21.74,  21.73,  21.57,  21.41,  21.87
19970109, 1800,  , TS, 32.1S, 169.0E,  55,    0,    0,    0,    0,    0,    0,    0,    0,    0,    0,    0,    0,    0, -999,  20.34,  20.62,  20.59,  20.05,  20.04,  20.30,    nan,  20.63,  21.01,  21.61,  21.95,  21.34,  20.17,  19.85,  20.95,  20.60,  19.59,  18.95,  19.92,  20.32,  20.61,  21.28,  21.15,  21.40,  21.14,  20.87,  20.78,  21.40,  21.44,  21.27,  21.42
19970110, 0000,  , TS, 33.7S, 169.5E,  50,    0,    0,    0,    0,    0,    0,    0,    0,    0,    0,    0,    0,    0, -999,  18.87,  19.87,  19.64,  19.67,  19.92,    nan,  19.93,  19.63,  19.56,  19.75,  19.82,  19.70,  19.39,  19.53,  19.63,  19.11,  18.97,  18.85,  18.25,  18.41,  18.77,  18.61,  18.81,  19.07,  19.07,  19.14,  19.54,  19.44,  19.20,  19.20,  19.04
19970110, 0600,  , TS, 35.3S, 170.3E,  50,    0,    0,    0,    0,    0,    0,    0,    0,    0,    0,    0,    0,    0, -999,  18.32,  18.36,  18.55,  18.52,  18.53,    nan,  18.20,  18.23,  18.30,  18.87,  18.98,  18.94,  19.11,  19.22,  19.21,  18.71,  18.21,  18.22,  18.35,  18.56,  18.73,  18.62,  18.38,  18.35,  18.25,  18.20,  18.27,  18.38,  18.15,  18.73,  19.05
19970110, 1200,  , TS, 36.7S, 171.4E,  45,    0,    0,    0,    0,    0,    0,    0,    0,    0,    0,    0,    0,    0, -999,  17.51,  17.46,  17.55,  17.49,  17.47,    nan,  17.61,  17.71,  17.77,  17.90,  18.25,  18.08,  18.22,  18.18,  18.60,  18.74,  18.16,  17.93,  18.26,  18.41,  18.74,  18.49,  18.53,  18.30,  18.05,  18.07,  18.28,  18.31,  18.39,  18.64,  18.48
19970110, 1800,  , TS, 38.2S, 172.7E,  45,    0,    0,    0,    0,    0,    0,    0,    0,    0,    0,    0,    0,    0, -999,  16.27,  16.66,  16.83,  16.76,  17.40,    nan,  17.55,  17.94,  17.97,  18.49,  18.26,  17.91,  17.87,  17.79,  17.60,  17.78,  17.44,  17.18,  17.24,  17.49,  18.14,  17.61,  17.46,  17.43,  17.48,  17.49,  17.62,  17.51,  17.58,  17.50,  17.52
19970111, 0000,  , TS, 40.1S, 173.8E,  40,    0,    0,    0,    0,    0,    0,    0,    0,    0,    0,    0,    0,    0, -999,  15.39,  15.32,  14.71,  15.04,    nan,  15.60,  16.15,  16.19,  16.20,  16.35,  15.91,  15.54,  15.71,  15.79,  16.25,  16.28,  15.56,  15.34,  15.17,  15.30,  16.11,  16.27,  16.45,  15.67,  15.58,  16.00,  16.21,  15.56,  15.42,  15.38,  15.86
19970111, 0600,  , TS, 42.4S, 174.6E,  40,    0,    0,    0,    0,    0,    0,    0,    0,    0,    0,    0,    0,    0, -999,  14.12,  14.01,  13.94,  14.37,    nan,  14.80,  14.82,  14.95,  14.99,  14.09,  13.73,  14.39,  14.85,  15.46,  15.31,  15.64,  14.94,  14.77,  14.69,  14.84,  14.99,  14.86,  15.19,  15.06,  14.30,  14.54,  15.09,  14.65,  14.78,  14.85,  14.89
19970111, 1200,  , TS, 45.1S, 175.4E,  40,    0,    0,    0,    0,    0,    0,    0,    0,    0,    0,    0,    0,    0, -999,  12.70,  12.57,  12.57,  12.75,    nan,  13.19,  13.33,  13.58,  13.63,  13.22,  13.06,  13.39,  13.50,  14.29,  13.86,  14.17,  13.81,  13.72,  13.49,  13.44,  12.74,  13.02,  13.43,  14.03,  13.27,  12.95,  13.28,  12.66,  12.55,  12.57,  12.76
