SH172000,            UNNAMED,     26,
20000229, 0600,  , LO, 12.2S,  85.8E,  20,    0,    0,    0,    0,    0,    0,    0,    0,    0,    0,    0,    0,    0, -999,  28.21,  28.25,  28.21,  27.77,  27.61,  26.95,  27.40,  27.96,  27.11,  27.07,  26.88,  26.57,  26.02,  25.04,  23.96,  23.52,  23.28,  22.59,  21.40,  21.84,  21.74,  21.87,  22.33,  22.75,  22.50,  22.35,  21.89,  22.75,  22.75,  23.01,  22.98
20000229, 1200,  , LO, 12.3S,  86.5E,  20,    0,    0,    0,    0,    0,    0,    0,    0,    0,    0,    0,    0,    0, -999,  26.87,  26.89,  27.07,  27.60,  28.04,  27.85,  27.85,  27.89,  27.45,  26.88,  26.88,  26.06,  25.34,  24.44,  23.88,  21.70,  22.53,  21.67,  20.80,  21.29,  21.49,  21.41,  22.23,  22.66,  22.41,  22.56,  22.39,  22.67,  23.22,  23.87,  23.85
20000229, 1800,  , LO, 12.4S,  87.2E,  20,    0,    0,    0,    0,    0,    0,    0,    0,    0,    0,    0,    0,    0, -999,  27.15,  27.24,  27.38,  27.54,  27.37,  27.68,  27.60,  27.35,  26.40,  25.84,  25.13,  24.76,  23.73,  21.66,  22.96,  21.78,  22.30,  22.38,  22.46,  22.78,  22.74,  22.97,  23.03,  23.07,  22.61,  22.84,  22.80,  23.16,  23.66,  23.74,  23.57
20000301, 0000,  , LO, 12.6S,  87.4E,  25,    0,    0,    0,    0,    0,    0,    0,    0,    0,    0,    0,    0,    0, -999,  27.46,  27.38,  27.44,  27.30,  27.72,  27.46,  27.10,  26.23,  25.86,  24.88,  23.93,  23.44,  21.64,  22.47,  21.65,  22.50,  22.13,  22.45,  22.71,  22.48,  22.87,  22.92,  22.89,  22.70,  22.80,  22.80,  23.27,  23.82,  23.83,  23.81,  23.84
20000301, 0600,  , LO, 13.0S,  87.6E,  30,    0,    0,    0,    0,    0,    0,    0,    0,    0,    0,    0,    0,    0, -999,  27.86,  27.78,  27.85,  27.71,  27.66,  27.58,  27.57,  26.13,  25.51,  24.84,  24.03,  25.04,  24.08,  23.92,  23.85,  23.09,  22.63,  22.72,  22.73,  22.50,  22.78,  22.88,  22.72,  22.97,  22.58,  22.85,  23.31,  23.64,  24.10,  24.93,  26.47
20000301, 1200,  , LO, 13.0S,  87.4E,  30,    0,    0,    0,    0,    0,    0,    0,    0,    0,    0,    0,    0,    0, -999,  28.04,  28.01,  28.14,  28.08,  28.12,  27.89,  27.80,  26.89,  25.64,  24.94,  23.92,  24.75,  23.75,  23.80,  23.25,  23.33,  22.77,  22.69,  22.71,  22.47,  22.68,  22.90,  22.61,  22.73,  22.40,  22.60,  23.21,  23.64,  23.99,  23.54,  24.79
20000301, 1800,  , LO, 13.0S,  87.3E,  30,    0,    0,    0,    0,    0,    0,    0,    0,    0,    0,    0,    0,    0, -999,  28.04,  28.01,  28.14,  28.08,  28.12,  27.89,  27.80,  26.89,  25.64,  24.94,  23.92,  24.75,  23.75,  23.80,  23.25,  23.33,  22.77,  22.69,  22.71,  22.47,  22.68,  22.90,  22.61,  22.73,  22.40,  22.60,  23.21,  23.64,  23.99,  23.54,  24.79
20000302, 0000,  , LO, 13.0S,  86.8E,  30,    0,    0,    0,    0,    0,    0,    0,    0,    0,    0,    0,    0,    0, -999,  28.27,  28.39,  28.11,  28.14,  28.42,  28.71,  27.38,  26.89,  26.73,  25.50,  25.10,  23.69,  23.85,  23.36,  23.15,  22.59,  22.66,  23.01,  22.78,  22.85,  22.85,  22.79,  22.61,  22.07,  21.98,  22.93,  23.22,  23.32,  23.67,  23.71,  23.81
20000302, 0600,  , TS, 13.6S,  86.5E,  35,    0,    0,    0,    0,    0,    0,    0,    0,    0,    0,    0,    0,    0, -999,  27.96,  27.92,  28.07,  28.41,  28.36,  28.43,  27.52,  27.16,  26.91,  25.99,  25.66,  25.64,  25.20,  24.61,  24.21,  23.80,  23.00,  22.98,  23.03,  23.22,  23.13,  23.20,  22.74,  21.75,  21.89,  23.15,  23.35,  23.87,  24.44,  25.23,  26.54
20000302, 1200,  , TS, 13.9S,  86.2E,  35,    0,    0,    0,    0,    0,    0,    0,    0,    0,    0,    0,    0,    0, -999,  27.87,  27.82,  27.77,  28.13,  28.29,  28.17,  27.39,  27.20,  27.07,  26.36,  25.82,  25.69,  24.71,  25.68,  23.63,  23.33,  22.94,  24.00,  24.00,  23.98,  23.51,  23.35,  22.79,  22.44,  22.20,  22.92,  23.17,  23.55,  24.23,  24.39,  26.04
20000302, 1800,  , TS, 14.1S,  85.6E,  35,    0,    0,    0,    0,    0,    0,    0,    0,    0,    0,    0,    0,    0, -999,  27.66,  27.80,  27.89,  27.98,  28.07,  27.92,  27.18,  26.95,  26.92,  26.77,  26.46,  26.36,  26.05,  25.90,  23.25,  23.64,  21.91,  22.77,  22.87,  23.43,  22.88,  23.39,  22.90,  23.05,  22.81,  23.41,  23.43,  23.84,  23.44,  23.79,  23.91
20000303, 0000,  , LO, 14.6S,  84.7E,  30,    0,    0,    0,    0,    0,    0,    0,    0,    0,    0,    0,    0,    0, -999,  27.18,  27.21,  27.07,  26.97,  26.91,  26.62,  26.39,  26.30,  26.48,  26.09,  26.18,  26.51,  26.40,  26.90,  27.28,  26.38,  25.07,  25.46,  25.48,  25.08,  24.99,  23.84,  24.74,  24.40,  24.01,  24.33,  24.88,  25.05,  25.03,  24.48,  24.11
20000303, 0600,  , LO, 15.3S,  84.6E,  30,    0,    0,    0,    0,    0,    0,    0,    0,    0,    0,    0,    0,    0, -999,  26.74,  27.05,  27.10,  26.91,  26.86,  26.74,  26.41,  26.16,  26.35,  26.34,  26.17,  26.59,  26.70,  26.70,  27.04,  27.36,  27.14,  26.84,  26.14,  26.10,  25.32,  24.45,  25.73,  25.30,  25.70,  25.88,  26.09,  25.70,  25.25,  24.89,  25.37
20000303, 1200,  , LO, 15.9S,  84.3E,  30,    0,    0,    0,    0,    0,    0,    0,    0,    0,    0,    0,    0,    0, -999,  26.39,  26.63,  26.72,  26.50,  26.41,  26.54,  26.95,  26.91,  27.09,  27.25,  26.87,  27.11,  27.41,  27.59,  27.70,  27.47,  26.88,  26.91,  26.58,  26.69,  25.88,  25.45,  25.45,  24.73,  25.61,  25.32,  25.85,  25.88,  26.46,  26.64,  27.11
20000303, 1800,  , LO, 16.1S,  83.7E,  25,    0,    0,    0,    0,    0,    0,    0,    0,    0,    0,    0,    0,    0, -999,  26.80,  27.06,  27.01,  26.66,  26.62,  26.40,  26.65,  26.87,  26.89,  26.60,  26.54,  26.55,  26.68,  26.89,  27.51,  27.41,  26.94,  26.72,  26.45,  26.64,  26.69,  26.87,  26.34,  26.01,  26.32,  26.14,  26.27,  26.61,  27.04,  27.65,  27.51
20000304, 0000,  , LO, 16.0S,  83.1E,  25,    0,    0,    0,    0,    0,    0,    0,    0,    0,    0,    0,    0,    0, -999,  27.69,  27.29,  26.86,  26.73,  26.54,  26.79,  26.74,  26.77,  27.70,  27.67,  27.54,  27.09,  26.99,  27.32,  27.19,  26.27,  25.85,  25.05,  25.67,  25.38,  25.64,  23.95,  24.19,  24.61,  24.51,  24.88,  24.86,  24.40,  24.40,  24.78,  24.92
20000304, 0600,  , LO, 15.9S,  82.6E,  25,    0,    0,    0,    0,    0,    0,    0,    0,    0,    0,    0,    0,    0, -999,  26.83,  25.93,  24.62,  23.90,  24.19,  25.39,  25.63,  25.43,  25.62,  24.50,  25.36,  27.47,  26.43,  25.50,  27.36,  26.67,  24.55,  23.87,  24.60,  24.28,  24.60,  23.98,  24.80,  24.82,  25.09,  25.02,  24.45,  24.66,  26.86,  26.98,  25.27
20000304, 1200,  , LO, 16.3S,  82.1E,  25,    0,    0,    0,    0,    0,    0,    0,    0,    0,    0,    0,    0,    0, -999,  27.51,  27.03,  25.45,  23.97,  23.81,  26.23,  26.20,  25.51,  26.02,  25.95,  24.92,  25.10,  25.32,  25.25,  25.40,  24.47,  24.38,  23.93,  24.14,  23.96,  23.69,  23.62,  23.33,  23.45,  23.49,  24.26,  23.72,  23.64,  23.71,  23.76,  23.37
20000304, 1800,  , LO, 16.2S,  81.5E,  25,    0,    0,    0,    0,    0,    0,    0,    0,    0,    0,    0,    0,    0, -999,  27.12,  24.80,  23.32,  22.85,  23.82,  24.16,  23.38,  23.14,  25.45,  24.34,  23.68,  23.85,  24.02,  24.22,  24.48,  24.19,  23.93,  22.86,  22.92,  22.86,  23.19,  23.30,  23.12,  23.43,  23.59,  23.84,  23.58,  23.71,  23.59,  23.52,  23.25
20000305, 0000,  , LO, 16.0S,  81.2E,  25,    0,    0,    0,    0,    0,    0,    0,    0,    0,    0,    0,    0,    0, -999,  26.05,  24.18,  23.20,  23.79,  23.40,  23.27,  23.08,  23.71,  23.72,  23.54,  23.37,  23.31,  23.10,  22.97,  22.31,  22.35,  21.97,  22.30,  22.65,  22.77,  22.34,  23.05,  23.18,  23.33,  23.46,  23.49,  23.50,  23.29,  23.29,  23.09,  23.26
20000305, 0600,  , LO, 15.4S,  80.8E,  25,    0,    0,    0,    0,    0,    0,    0,    0,    0,    0,    0,    0,    0, -999,  26.30,  25.91,  25.54,  25.43,  26.09,  26.19,  26.06,  25.98,  25.95,  25.57,  23.93,  23.42,  24.04,  23.20,  23.50,  22.81,  22.24,  21.23,  21.25,  22.18,  21.85,  22.19,  21.91,  22.38,  22.33,  22.65,  22.38,  22.62,  22.57,  22.36,  23.23
20000305, 1200,  , LO, 15.0S,  80.7E,  25,    0,    0,    0,    0,    0,    0,    0,    0,    0,    0,    0,    0,    0, -999,  27.03,  26.69,  26.73,  26.85,  27.24,  26.95,  26.90,  27.31,  27.30,  26.83,  25.75,  25.25,  25.25,  24.83,  25.19,  24.39,  24.03,  23.13,  22.74,  23.41,  22.95,  23.23,  22.76,  22.92,  22.50,  23.12,  22.84,  22.42,  22.45,  22.22,  22.39
20000305, 1800,  , LO, 14.6S,  80.6E,  25,    0,    0,    0,    0,    0,    0,    0,    0,    0,    0,    0,    0,    0, -999,  27.59,  27.49,  26.99,  27.19,  27.45,  27.48,  27.24,  27.47,  27.55,  27.06,  26.03,  25.63,  24.72,  24.56,  24.65,  24.31,  23.95,  23.28,  23.25,  23.51,  23.49,  23.19,  23.12,  23.16,  23.08,  23.73,  23.01,  22.82,  22.94,  22.06,  21.84
20000306, 0000,  , LO, 14.3S,  80.3E,  25,    0,    0,    0,    0,    0,    0,    0,    0,    0,    0,    0,    0,    0, -999,  27.22,  26.92,  27.17,  27.41,  27.29,  27.19,  27.25,  27.02,  26.73,  26.03,  25.62,  24.41,  24.40,  24.58,  24.54,  24.26,  23.88,  23.84,  23.98,  23.92,  23.66,  23.43,  23.46,  23.51,  23.69,  22.88,  22.77,  22.91,  22.55,  22.35,  21.55
20000306, 0600,  , LO, 14.3S,  80.3E,  25,    0,    0,    0,    0,    0,    0,    0,    0,    0,    0,    0,    0,    0, -999,  27.22,  26.92,  27.17,  27.41,  27.29,  27.19,  27.25,  27.02,  26.73,  26.03,  25.62,  24.41,  24.40,  24.58,  24.54,  24.26,  23.88,  23.84,  23.98,  23.92,  23.66,  23.43,  23.46,  23.51,  23.69,  22.88,  22.77,  22.91,  22.55,  22.35,  21.55
20000306, 1200,  , LO, 14.3S,  80.4E,  20,    0,    0,    0,    0,    0,    0,    0,    0,    0,    0,    0,    0,    0, -999,  27.22,  26.92,  27.17,  27.41,  27.29,  27.19,  27.25,  27.02,  26.73,  26.03,  25.62,  24.41,  24.40,  24.58,  24.54,  24.26,  23.88,  23.84,  23.98,  23.92,  23.66,  23.43,  23.46,  23.51,  23.69,  22.88,  22.77,  22.91,  22.55,  22.35,  21.55
