SH172005,            UNNAMED,     19,
20050204, 0000,  , DB, 14.7S, 117.6E,  15, 1006,    0,    0,    0,    0,    0,    0,    0,    0,    0,    0,    0,    0, -999,  34.88,  34.87,  35.02,  35.05,  35.05,  35.02,  35.06,  35.07,  35.01,  34.97,  34.90,  34.87,  34.86,  34.67,  34.73,  34.71,  34.71,  34.78,  34.90,  34.92,  34.95,  34.87,  34.87,  34.83,  34.80,  34.79,  34.69,  34.76,  34.78,  34.74,  34.75
20050204, 0600,  , DB, 15.0S, 117.3E,  15, 1006,    0,    0,    0,    0,    0,    0,    0,    0,    0,    0,    0,    0, -999,  34.85,  34.84,  35.04,  35.08,  35.05,  35.01,  35.02,  35.03,  35.01,  34.99,  35.05,  35.07,  35.08,  34.82,  34.84,  34.82,  34.75,  34.75,  34.77,  34.76,  34.75,  34.68,  34.65,  34.61,  34.71,  34.89,  35.06,  35.12,  35.04,  34.95,  34.83
20050204, 1200,  , DB, 15.2S, 117.2E,  15, 1006,    0,    0,    0,    0,    0,    0,    0,    0,    0,    0,    0,    0, -999,  34.80,  34.79,  34.93,  34.97,  34.95,  34.96,  34.99,  35.00,  35.00,  34.97,  34.99,  34.98,  34.97,  34.76,  34.77,  34.76,  34.74,  34.73,  34.72,  34.74,  34.76,  34.72,  34.72,  34.74,  34.80,  34.82,  34.92,  35.02,  35.07,  35.08,  35.07
20050204, 1800,  , DB, 15.4S, 117.2E,  20, 1002,    0,    0,    0,    0,    0,    0,    0,    0,    0,    0,    0,    0, -999,  34.79,  34.79,  34.90,  34.96,  34.96,  34.95,  34.98,  34.98,  34.98,  34.94,  34.96,  34.95,  34.93,  34.77,  34.78,  34.79,  34.80,  34.80,  34.77,  34.77,  34.78,  34.75,  34.72,  34.73,  34.77,  34.79,  34.82,  34.87,  34.94,  35.01,  35.06
20050205, 0000,  , TD, 15.5S, 117.2E,  25, 1002,    0,    0,    0,    0,    0,    0,    0,    0,    0,    0,    0,    0, -999,  34.79,  34.90,  34.96,  34.96,  34.95,  34.98,  34.98,  34.98,  34.94,  34.96,  34.95,  34.93,  34.77,  34.78,  34.79,  34.80,  34.80,  34.77,  34.77,  34.78,  34.75,  34.72,  34.73,  34.77,  34.79,  34.82,  34.87,  34.94,  35.01,  35.06,  35.10
20050205, 0600,  , TD, 15.6S, 117.1E,  25, 1002,    0,    0,    0,    0,    0,    0,    0,    0,    0,    0,    0,    0, -999,  34.80,  34.91,  34.95,  34.95,  34.94,  34.96,  34.97,  34.90,  34.95,  34.96,  34.98,  34.99,  34.85,  34.86,  34.86,  34.84,  34.82,  34.70,  34.70,  34.69,  34.70,  34.70,  34.83,  34.84,  34.84,  34.86,  34.91,  34.94,  34.95,  34.98,  35.01
20050205, 1200,  , TD, 15.8S, 116.9E,  25, 1002,    0,    0,    0,    0,    0,    0,    0,    0,    0,    0,    0,    0, -999,  34.81,  34.88,  34.91,  34.91,  34.91,  34.93,  34.94,  34.92,  34.94,  34.96,  34.97,  34.98,  34.84,  34.84,  34.82,  34.75,  34.71,  34.69,  34.79,  34.91,  34.90,  34.59,  34.85,  34.91,  34.92,  34.90,  34.85,  34.79,  34.82,  34.86,  34.90
20050205, 1800,  , TD, 15.9S, 116.6E,  30, 1000,    0,    0,    0,    0,    0,    0,    0,    0,    0,    0,    0,    0, -999,  34.84,  34.93,  34.92,  34.95,  34.95,  34.96,  34.96,  34.95,  34.95,  34.95,  34.96,  34.95,  34.80,  34.80,  34.76,  34.67,  34.70,  34.68,  34.78,  34.94,  35.00,  34.61,  34.84,  34.88,  34.89,  34.91,  34.93,  34.90,  34.90,  34.91,  34.92
20050206, 0000,  , TD, 16.0S, 116.5E,  30, 1000,    0,    0,    0,    0,    0,    0,    0,    0,    0,    0,    0,    0, -999,  34.96,  34.98,  34.97,  34.95,  34.95,  34.95,  34.94,  34.92,  34.93,  34.87,  34.83,  34.68,  34.65,  34.63,  34.69,  34.75,  34.81,  34.94,  35.08,  35.09,  34.67,  34.89,  34.92,  34.89,  34.89,  34.91,  34.92,  34.91,  34.90,  34.90,  34.90
20050206, 0600,  , TD, 16.2S, 116.4E,  30, 1000,    0,    0,    0,    0,    0,    0,    0,    0,    0,    0,    0,    0, -999,  34.95,  34.95,  34.95,  34.92,  34.95,  34.95,  34.94,  34.94,  34.90,  34.82,  34.79,  34.71,  34.70,  34.70,  34.76,  34.87,  34.88,  35.00,  35.00,  34.98,  34.64,  34.89,  34.93,  35.00,  34.94,  34.89,  34.88,  34.87,  34.88,  34.89,  34.89
20050206, 1200,  , TD, 16.3S, 116.4E,  30, 1000,    0,    0,    0,    0,    0,    0,    0,    0,    0,    0,    0,    0, -999,  34.94,  34.96,  34.96,  34.91,  34.95,  34.95,  34.95,  34.95,  34.95,  34.94,  34.88,  34.78,  34.77,  34.74,  34.76,  34.79,  34.84,  34.85,  34.87,  34.88,  34.87,  35.01,  34.88,  34.85,  34.77,  34.77,  34.78,  34.80,  34.81,  34.83,  34.86
20050206, 1800,  , TD, 16.4S, 116.3E,  30, 1000,    0,    0,    0,    0,    0,    0,    0,    0,    0,    0,    0,    0, -999,  34.94,  34.96,  34.96,  34.91,  34.95,  34.95,  34.95,  34.95,  34.95,  34.94,  34.88,  34.78,  34.77,  34.74,  34.76,  34.79,  34.84,  34.85,  34.87,  34.88,  34.87,  35.01,  34.88,  34.85,  34.77,  34.77,  34.78,  34.80,  34.81,  34.83,  34.86
20050207, 0000,  , TS, 16.4S, 116.2E,  35,  997,    0,    0,    0,    0,    0,    0,    0,    0,    0,    0,    0,    0, -999,  34.95,  34.95,  34.93,  34.98,  34.97,  34.97,  34.94,  34.92,  34.89,  34.88,  34.76,  34.76,  34.78,  34.81,  34.85,  34.88,  34.96,  35.03,  34.97,  34.56,  34.83,  34.91,  34.91,  34.88,  34.78,  34.74,  34.74,  34.75,  34.76,  34.78,  34.79
20050207, 0600,  , TS, 16.4S, 116.1E,  35,  997,    0,    0,    0,    0,    0,    0,    0,    0,    0,    0,    0,    0, -999,  34.95,  34.95,  34.93,  34.98,  34.97,  34.97,  34.94,  34.92,  34.89,  34.88,  34.76,  34.76,  34.78,  34.81,  34.85,  34.88,  34.96,  35.03,  34.97,  34.56,  34.83,  34.91,  34.91,  34.88,  34.78,  34.74,  34.74,  34.75,  34.76,  34.78,  34.79
20050207, 1200,  , TS, 16.4S, 116.0E,  35,  997,    0,    0,    0,    0,    0,    0,    0,    0,    0,    0,    0,    0, -999,  34.65,  34.58,  34.61,  34.67,  34.70,  34.75,  34.83,  34.84,  34.85,  34.85,  34.74,  34.71,  34.75,  34.80,  34.79,  34.80,  34.90,  35.02,  35.03,  34.60,  34.85,  34.88,  34.88,  34.88,  34.86,  34.86,  34.83,  34.81,  34.81,  34.80,  34.81
20050207, 1800,  , TS, 16.3S, 115.8E,  35,  997,    0,    0,    0,    0,    0,    0,    0,    0,    0,    0,    0,    0, -999,  34.50,  34.58,  34.70,  34.74,  34.71,  34.69,  34.70,  34.72,  34.75,  34.78,  34.77,  34.77,  34.77,  34.79,  34.78,  34.77,  34.86,  35.01,  35.00,  34.53,  34.74,  34.80,  34.80,  34.81,  34.86,  34.91,  34.91,  34.90,  34.89,  34.87,  34.87
20050208, 0000,  , TS, 16.2S, 115.7E,  35,  997,    0,    0,    0,    0,    0,    0,    0,    0,    0,    0,    0,    0, -999,  34.51,  34.60,  34.74,  34.81,  34.80,  34.79,  34.79,  34.81,  34.87,  34.79,  34.78,  34.78,  34.78,  34.77,  34.74,  34.84,  35.01,  34.96,  34.51,  34.74,  34.78,  34.77,  34.78,  34.82,  34.87,  34.88,  34.88,  34.87,  34.84,  34.84,  34.85
20050208, 0600,  , TS, 16.0S, 115.7E,  35,  997,    0,    0,    0,    0,    0,    0,    0,    0,    0,    0,    0,    0, -999,  34.51,  34.54,  34.59,  34.65,  34.73,  34.76,  34.78,  34.80,  34.88,  34.75,  34.77,  34.75,  34.75,  34.74,  34.72,  34.74,  34.80,  34.79,  34.42,  34.67,  34.75,  34.73,  34.76,  34.77,  34.82,  34.82,  34.83,  34.83,  34.85,  34.88,  34.89
20050208, 1200,  , TD, 15.9S, 115.8E,  30, 1000,    0,    0,    0,    0,    0,    0,    0,    0,    0,    0,    0,    0, -999,  34.40,  34.44,  34.55,  34.59,  34.62,  34.64,  34.69,  34.74,  34.82,  34.75,  34.75,  34.75,  34.77,  34.75,  34.73,  34.73,  34.76,  34.77,  34.70,  35.01,  34.98,  34.93,  34.91,  34.89,  34.91,  34.91,  34.93,  34.93,  34.96,  34.97,  34.98
