SH171995,            UNNAMED,     43,
19950304, 1800,  , LO, 13.2S,  55.4E,  15,    0,    0,    0,    0,    0,    0,    0,    0,    0,    0,    0,    0,    0, -999,  35.01,  35.02,  35.02,  35.03,  35.01,  35.03,  35.03,  35.04,  35.04,  35.04,  35.06,  35.05,  35.07,  35.02,  34.99,  34.98,  35.03,  35.07,  35.12,  35.08,  35.03,  35.01,  35.05,  35.03,  35.02,  34.95,  34.92,  34.81,  34.85,  34.85,  34.86
19950305, 0000,  , LO, 13.3S,  55.6E,  15,    0,    0,    0,    0,    0,    0,    0,    0,    0,    0,    0,    0,    0, -999,  34.97,  35.00,  34.99,  34.99,  35.02,  35.01,  35.02,  35.03,  35.05,  35.05,  35.05,  35.07,  35.03,  35.01,  35.03,  35.09,  35.14,  35.12,  35.06,  35.02,  35.00,  35.02,  34.98,  34.97,  34.88,  34.83,  34.84,  34.89,  34.88,  34.89,  34.94
19950305, 0600,  , LO, 13.4S,  55.7E,  20,    0,    0,    0,    0,    0,    0,    0,    0,    0,    0,    0,    0,    0, -999,  34.95,  35.00,  35.00,  34.99,  35.02,  34.99,  35.00,  35.02,  35.04,  35.04,  35.03,  35.07,  35.05,  35.04,  35.09,  35.17,  35.20,  35.14,  35.08,  35.08,  35.10,  35.08,  35.04,  34.95,  34.94,  34.91,  34.82,  34.85,  34.85,  34.91,  34.91
19950305, 1200,  , LO, 13.5S,  55.9E,  20,    0,    0,    0,    0,    0,    0,    0,    0,    0,    0,    0,    0,    0, -999,  34.97,  35.01,  35.00,  35.00,  35.01,  35.00,  35.01,  35.00,  35.01,  35.01,  35.03,  35.09,  35.05,  35.08,  35.18,  35.21,  35.18,  35.07,  35.01,  35.02,  35.04,  35.09,  35.03,  34.95,  34.95,  34.88,  34.82,  34.88,  34.89,  34.89,  34.87
19950305, 1800,  , LO, 13.6S,  56.0E,  20,    0,    0,    0,    0,    0,    0,    0,    0,    0,    0,    0,    0,    0, -999,  34.99,  35.02,  35.02,  35.00,  34.99,  34.98,  34.99,  35.00,  35.02,  35.01,  35.03,  35.08,  35.07,  35.08,  35.16,  35.22,  35.22,  35.26,  35.23,  35.21,  35.23,  35.23,  35.12,  35.06,  35.13,  35.08,  34.98,  34.87,  34.83,  34.83,  34.82
19950306, 0000,  , LO, 13.7S,  56.2E,  20,    0,    0,    0,    0,    0,    0,    0,    0,    0,    0,    0,    0,    0, -999,  35.02,  35.00,  34.98,  34.98,  34.95,  34.97,  34.98,  35.02,  35.03,  35.05,  35.12,  35.10,  35.20,  35.20,  35.19,  35.18,  35.18,  35.16,  35.19,  35.22,  35.25,  35.18,  35.14,  35.28,  35.19,  35.06,  34.93,  34.88,  34.84,  34.79,  34.78
19950306, 0600,  , LO, 13.8S,  56.3E,  25,    0,    0,    0,    0,    0,    0,    0,    0,    0,    0,    0,    0,    0, -999,  35.03,  35.01,  34.96,  34.95,  34.93,  34.98,  34.99,  35.02,  35.02,  35.00,  35.09,  35.07,  35.11,  35.10,  35.06,  35.14,  35.23,  35.25,  35.24,  35.20,  35.15,  35.13,  35.12,  35.34,  35.36,  35.33,  35.28,  35.28,  35.28,  35.22,  35.22
19950306, 1200,  , LO, 13.9S,  56.5E,  25,    0,    0,    0,    0,    0,    0,    0,    0,    0,    0,    0,    0,    0, -999,  35.02,  34.96,  34.87,  34.94,  34.97,  34.98,  35.00,  34.99,  34.99,  35.00,  35.12,  35.07,  35.09,  35.04,  34.98,  35.03,  35.17,  35.22,  35.21,  35.17,  35.13,  35.14,  35.11,  35.33,  35.33,  35.31,  35.27,  35.29,  35.29,  35.22,  35.22
19950306, 1800,  , LO, 14.0S,  56.6E,  25,    0,    0,    0,    0,    0,    0,    0,    0,    0,    0,    0,    0,    0, -999,  35.00,  34.93,  34.85,  34.94,  34.91,  34.96,  34.99,  34.97,  34.95,  34.96,  35.11,  35.08,  35.04,  34.93,  34.89,  34.96,  35.02,  35.09,  35.14,  35.16,  35.20,  35.18,  35.17,  35.39,  35.30,  35.27,  35.25,  35.27,  35.27,  35.23,  35.23
19950307, 0000,  , LO, 14.1S,  56.8E,  25,    0,    0,    0,    0,    0,    0,    0,    0,    0,    0,    0,    0,    0, -999,  34.92,  34.91,  34.96,  34.95,  34.96,  34.95,  34.93,  34.96,  35.00,  35.13,  35.06,  34.97,  34.92,  34.91,  34.92,  34.97,  35.04,  35.13,  35.15,  35.19,  35.18,  35.13,  35.43,  35.34,  35.27,  35.24,  35.28,  35.28,  35.23,  35.23,  35.19
19950307, 0600,  , LO, 14.2S,  57.0E,  30,    0,    0,    0,    0,    0,    0,    0,    0,    0,    0,    0,    0,    0, -999,  34.89,  34.91,  34.93,  34.92,  34.94,  34.95,  34.91,  34.91,  34.93,  35.06,  35.04,  35.03,  35.01,  34.95,  34.89,  34.93,  35.09,  35.15,  35.18,  35.21,  35.21,  35.13,  35.39,  35.34,  35.32,  35.23,  35.28,  35.28,  35.24,  35.25,  35.23
19950307, 1200,  , LO, 14.3S,  57.2E,  30,    0,    0,    0,    0,    0,    0,    0,    0,    0,    0,    0,    0,    0, -999,  34.97,  34.92,  34.95,  34.91,  34.89,  34.87,  34.93,  34.88,  34.91,  35.02,  35.02,  35.06,  35.09,  35.11,  35.06,  35.15,  35.21,  35.21,  35.23,  35.25,  35.25,  35.22,  35.37,  35.45,  35.39,  35.30,  35.31,  35.30,  35.27,  35.33,  35.34
19950307, 1800,  , LO, 14.4S,  57.4E,  30,    0,    0,    0,    0,    0,    0,    0,    0,    0,    0,    0,    0,    0, -999,  34.96,  34.91,  34.97,  34.93,  34.89,  34.88,  34.93,  34.92,  34.97,  35.09,  35.12,  35.17,  35.16,  35.19,  35.10,  35.16,  35.24,  35.23,  35.23,  35.25,  35.24,  35.25,  35.32,  35.39,  35.42,  35.35,  35.32,  35.31,  35.24,  35.26,  35.28
19950308, 0000,  , TS, 14.5S,  57.6E,  35,    0,    0,    0,    0,    0,    0,    0,    0,    0,    0,    0,    0,    0, -999,  35.02,  35.03,  35.05,  35.07,  35.09,  35.16,  35.19,  35.19,  35.23,  35.20,  35.20,  35.18,  35.15,  35.09,  35.00,  35.13,  35.25,  35.25,  35.24,  35.22,  35.23,  35.28,  35.33,  35.27,  35.41,  35.39,  35.34,  35.31,  35.27,  35.20,  35.19
19950308, 0600,  , TS, 14.6S,  57.8E,  35,    0,    0,    0,    0,    0,    0,    0,    0,    0,    0,    0,    0,    0, -999,  35.02,  35.03,  35.04,  35.07,  35.09,  35.16,  35.19,  35.17,  35.19,  35.16,  35.14,  35.12,  35.10,  35.05,  34.93,  35.09,  35.23,  35.26,  35.26,  35.23,  35.23,  35.25,  35.30,  35.20,  35.19,  35.22,  35.36,  35.31,  35.22,  35.16,  35.14
19950308, 1200,  , TS, 14.7S,  58.0E,  40,    0,    0,    0,    0,    0,    0,    0,    0,    0,    0,    0,    0,    0, -999,  35.04,  35.04,  35.05,  35.09,  35.12,  35.15,  35.16,  35.13,  35.11,  35.07,  35.07,  35.07,  35.03,  34.98,  34.80,  35.00,  35.18,  35.32,  35.31,  35.30,  35.22,  35.22,  35.27,  35.26,  35.16,  35.10,  35.19,  35.35,  35.29,  35.19,  35.13
19950308, 1800,  , TS, 14.7S,  58.1E,  40,    0,    0,    0,    0,    0,    0,    0,    0,    0,    0,    0,    0,    0, -999,  35.07,  35.07,  35.06,  35.08,  35.10,  35.12,  35.13,  35.10,  35.10,  35.07,  35.06,  35.06,  35.02,  34.99,  34.83,  34.98,  35.17,  35.30,  35.30,  35.30,  35.21,  35.18,  35.24,  35.19,  35.10,  35.01,  35.04,  35.08,  35.21,  35.14,  35.10
19950309, 0000,  , TS, 14.8S,  58.2E,  40,    0,    0,    0,    0,    0,    0,    0,    0,    0,    0,    0,    0,    0, -999,  35.08,  35.07,  35.07,  35.08,  35.09,  35.10,  35.08,  35.09,  35.08,  35.06,  35.06,  35.03,  35.01,  34.90,  34.97,  35.15,  35.25,  35.25,  35.24,  35.21,  35.16,  35.20,  35.13,  34.98,  34.95,  34.82,  34.74,  35.00,  35.06,  35.04,  35.10
19950309, 0600,  , TS, 14.8S,  58.3E,  45,    0,    0,    0,    0,    0,    0,    0,    0,    0,    0,    0,    0,    0, -999,  35.08,  35.07,  35.07,  35.08,  35.09,  35.10,  35.08,  35.09,  35.08,  35.06,  35.06,  35.03,  35.01,  34.90,  34.97,  35.15,  35.25,  35.25,  35.24,  35.21,  35.16,  35.20,  35.13,  34.98,  34.95,  34.82,  34.74,  35.00,  35.06,  35.04,  35.10
19950309, 1200,  , TS, 14.8S,  58.4E,  45,    0,    0,    0,    0,    0,    0,    0,    0,    0,    0,    0,    0,    0, -999,  35.06,  35.05,  35.05,  35.06,  35.07,  35.08,  35.07,  35.07,  35.07,  35.06,  35.06,  35.04,  35.02,  34.93,  34.95,  35.13,  35.21,  35.21,  35.19,  35.18,  35.12,  35.15,  35.09,  34.95,  34.87,  34.74,  34.77,  34.88,  34.98,  35.08,  35.13
19950309, 1800,  , TS, 14.9S,  58.3E,  45,    0,    0,    0,    0,    0,    0,    0,    0,    0,    0,    0,    0,    0, -999,  35.05,  35.05,  35.06,  35.08,  35.11,  35.12,  35.10,  35.08,  35.03,  34.99,  35.00,  34.96,  34.94,  34.83,  34.91,  35.14,  35.25,  35.26,  35.24,  35.24,  35.16,  35.19,  35.18,  35.05,  35.01,  35.03,  34.92,  34.97,  35.01,  35.03,  35.12
19950310, 0000,  , TS, 14.9S,  58.2E,  50,    0,    0,    0,    0,    0,    0,    0,    0,    0,    0,    0,    0,    0, -999,  35.05,  35.06,  35.08,  35.11,  35.12,  35.10,  35.08,  35.03,  34.99,  35.00,  34.96,  34.94,  34.83,  34.91,  35.14,  35.25,  35.26,  35.24,  35.24,  35.16,  35.19,  35.18,  35.05,  35.01,  35.03,  34.92,  34.97,  35.01,  35.03,  35.12,  35.13
19950310, 0600,  , TS, 14.9S,  58.1E,  50,    0,    0,    0,    0,    0,    0,    0,    0,    0,    0,    0,    0,    0, -999,  35.07,  35.08,  35.11,  35.11,  35.11,  35.10,  35.08,  35.04,  34.99,  34.97,  34.89,  34.85,  34.75,  34.90,  35.14,  35.28,  35.30,  35.30,  35.24,  35.19,  35.23,  35.22,  35.14,  35.09,  35.11,  35.10,  35.20,  35.20,  35.13,  35.16,  35.17
19950310, 1200,  , TS, 15.0S,  58.0E,  55,    0,    0,    0,    0,    0,    0,    0,    0,    0,    0,    0,    0,    0, -999,  35.06,  35.09,  35.13,  35.13,  35.13,  35.10,  35.09,  35.07,  35.03,  34.99,  34.88,  34.82,  34.75,  34.91,  35.14,  35.29,  35.31,  35.31,  35.24,  35.21,  35.24,  35.28,  35.21,  35.18,  35.19,  35.30,  35.32,  35.27,  35.17,  35.22,  35.21
19950310, 1800,  , TS, 15.0S,  57.9E,  55,    0,    0,    0,    0,    0,    0,    0,    0,    0,    0,    0,    0,    0, -999,  35.06,  35.09,  35.13,  35.13,  35.13,  35.10,  35.09,  35.07,  35.03,  34.99,  34.88,  34.82,  34.75,  34.91,  35.14,  35.29,  35.31,  35.31,  35.24,  35.21,  35.24,  35.28,  35.21,  35.18,  35.19,  35.30,  35.32,  35.27,  35.17,  35.22,  35.21
19950311, 0000,  , TS, 15.0S,  57.8E,  60,    0,    0,    0,    0,    0,    0,    0,    0,    0,    0,    0,    0,    0, -999,  35.13,  35.16,  35.18,  35.17,  35.12,  35.11,  35.08,  35.06,  35.05,  34.94,  34.85,  34.75,  34.94,  35.15,  35.31,  35.32,  35.31,  35.23,  35.22,  35.27,  35.28,  35.22,  35.23,  35.27,  35.41,  35.31,  35.26,  35.20,  35.25,  35.27,  35.23
19950311, 0600,  , HU, 15.1S,  57.6E,  65,    0,    0,    0,    0,    0,    0,    0,    0,    0,    0,    0,    0,    0, -999,  35.19,  35.22,  35.22,  35.21,  35.13,  35.12,  35.08,  35.05,  35.02,  34.89,  34.79,  34.72,  34.90,  35.12,  35.25,  35.29,  35.31,  35.27,  35.26,  35.27,  35.26,  35.21,  35.22,  35.24,  35.30,  35.34,  35.28,  35.22,  35.33,  35.37,  35.37
19950311, 1200,  , HU, 15.2S,  57.4E,  70,    0,    0,    0,    0,    0,    0,    0,    0,    0,    0,    0,    0,    0, -999,  35.22,  35.26,  35.27,  35.27,  35.23,  35.27,  35.20,  35.16,  35.12,  35.04,  34.98,  34.97,  35.05,  35.17,  35.19,  35.20,  35.22,  35.20,  35.19,  35.20,  35.21,  35.22,  35.22,  35.23,  35.22,  35.26,  35.27,  35.34,  35.39,  35.34,  35.29
19950311, 1800,  , HU, 15.4S,  57.2E,  75,    0,    0,    0,    0,    0,    0,    0,    0,    0,    0,    0,    0,    0, -999,  35.22,  35.26,  35.27,  35.27,  35.23,  35.28,  35.21,  35.18,  35.16,  35.04,  34.96,  35.01,  35.04,  35.14,  35.04,  35.14,  35.18,  35.20,  35.18,  35.17,  35.20,  35.22,  35.22,  35.23,  35.21,  35.25,  35.25,  35.25,  35.30,  35.31,  35.32
19950312, 0000,  , HU, 15.8S,  57.1E,  85,    0,    0,    0,    0,    0,    0,    0,    0,    0,    0,    0,    0,    0, -999,  35.10,  35.09,  35.05,  35.02,  35.00,  35.04,  35.04,  35.05,  34.99,  35.00,  34.96,  34.96,  34.86,  34.92,  34.82,  35.16,  35.26,  35.26,  35.18,  35.21,  35.23,  35.23,  35.22,  35.20,  35.20,  35.13,  35.15,  35.21,  35.26,  35.27,  35.26
19950312, 0600,  , HU, 16.4S,  57.0E,  85,    0,    0,    0,    0,    0,    0,    0,    0,    0,    0,    0,    0,    0, -999,  35.00,  35.00,  34.96,  34.99,  34.97,  35.02,  35.07,  35.08,  34.98,  34.89,  34.85,  34.80,  34.75,  34.87,  35.12,  34.98,  35.14,  35.09,  35.07,  35.11,  35.08,  35.11,  35.09,  35.20,  35.12,  35.00,  34.98,  35.03,  35.15,  35.25,  35.21
19950312, 1200,  , HU, 17.1S,  56.9E,  85,    0,    0,    0,    0,    0,    0,    0,    0,    0,    0,    0,    0,    0, -999,  34.99,  35.02,  35.01,  35.05,  34.96,  35.00,  35.05,  35.10,  35.12,  35.13,  35.15,  35.18,  35.17,  35.13,  35.10,  35.09,  35.23,  35.21,  35.27,  35.28,  35.17,  34.96,  34.98,  35.05,  35.12,  35.12,  34.98,  35.01,  34.84,  34.89,  34.97
19950312, 1800,  , HU, 17.9S,  56.6E,  85,    0,    0,    0,    0,    0,    0,    0,    0,    0,    0,    0,    0,    0, -999,  34.82,  34.81,  34.88,  34.93,  34.95,  35.05,  34.98,  34.98,  35.07,  35.11,  35.26,  35.23,  35.20,  35.20,  35.30,  35.28,  35.27,  35.28,  35.30,  35.25,  35.17,  35.06,  35.07,  35.06,  35.13,  35.13,  35.12,  35.12,  35.06,  35.06,  34.96
19950313, 0000,  , HU, 18.9S,  56.3E,  85,    0,    0,    0,    0,    0,    0,    0,    0,    0,    0,    0,    0,    0, -999,  35.06,  34.96,  34.96,  34.93,  34.99,  34.96,  34.96,  34.98,  34.94,  34.90,  34.94,  34.98,  35.06,  35.02,  34.97,  34.93,  34.92,  35.00,  34.89,  34.95,  34.97,  34.99,  34.91,  35.05,  34.94,  34.87,  35.05,  35.08,  35.08,  35.05,  35.10
19950313, 0600,  , HU, 19.9S,  56.0E,  75,    0,    0,    0,    0,    0,    0,    0,    0,    0,    0,    0,    0,    0, -999,  34.92,  34.85,  34.91,  34.88,  34.85,  34.84,  34.84,  34.86,  34.86,  34.84,  34.86,  34.87,  34.94,  35.02,  35.12,  35.12,  35.23,  35.12,  35.09,  35.12,  35.07,  35.12,  35.14,  35.13,  35.15,  35.14,  35.16,  35.15,  35.16,  35.18,  35.14
19950313, 1200,  , HU, 20.7S,  55.4E,  65,    0,    0,    0,    0,    0,    0,    0,    0,    0,    0,    0,    0,    0, -999,  34.93,  34.95,  35.02,  35.02,  35.01,  35.05,  35.09,  35.12,  35.07,  35.12,  35.10,  35.07,  35.16,  35.19,  35.15,  35.12,  35.18,  35.11,  35.08,  35.26,  35.28,  35.53,  35.47,  35.44,  35.31,  35.30,  35.30,  35.25,  35.25,  35.24,  35.22
19950313, 1800,  , TS, 21.4S,  54.6E,  55,    0,    0,    0,    0,    0,    0,    0,    0,    0,    0,    0,    0,    0, -999,  35.10,  35.11,  35.08,  35.03,  35.01,  35.00,  34.99,  34.97,  34.95,  34.92,  35.01,  34.86,  34.94,  35.01,  35.00,  35.02,  35.10,  35.11,  35.09,  35.09,  35.09,  35.24,  35.28,  35.16,  35.06,  35.03,  35.04,  35.14,  35.24,  35.24,  35.21
19950314, 0000,  , TS, 21.9S,  53.7E,  50,    0,    0,    0,    0,    0,    0,    0,    0,    0,    0,    0,    0,    0, -999,  34.92,  34.89,  34.94,  35.05,  35.10,  35.13,  35.16,  35.38,  35.35,  35.10,  35.24,  35.38,  35.30,  35.17,  35.18,  35.18,  35.22,  35.26,  35.28,  35.25,  35.23,  35.14,  35.12,  35.19,  35.26,  35.37,  35.39,  35.38,  35.36,  35.34,  35.34
19950314, 0600,  , TS, 22.7S,  52.9E,  45,    0,    0,    0,    0,    0,    0,    0,    0,    0,    0,    0,    0,    0, -999,  35.18,  35.22,  35.08,  34.99,  35.02,  35.00,  35.05,  35.16,  35.20,  35.25,  35.25,  35.24,  35.20,  35.20,  35.24,  35.19,  35.17,  35.16,  35.17,  35.17,  35.17,  35.16,  35.14,  35.12,  35.10,  35.06,  35.05,  35.11,  35.14,  35.19,  35.13
19950314, 1200,  , TS, 24.0S,  52.6E,  40,    0,    0,    0,    0,    0,    0,    0,    0,    0,    0,    0,    0,    0, -999,  35.11,  35.12,  35.18,  35.20,  35.18,  35.18,  35.14,  35.14,  35.17,  35.14,  35.13,  35.10,  35.07,  35.06,  35.08,  35.13,  35.12,  35.05,  34.97,  34.96,  35.01,  35.05,  34.92,  34.87,  34.91,  34.91,  34.95,  34.94,  35.00,  35.01,  35.05
19950314, 1800,  , TS, 25.5S,  53.0E,  35,    0,    0,    0,    0,    0,    0,    0,    0,    0,    0,    0,    0,    0, -999,  35.04,  35.04,  35.09,  35.08,  35.12,  35.06,  35.10,  35.07,  35.05,  35.01,  35.00,  35.05,  35.00,  34.93,  34.84,  34.78,  34.65,  34.62,  34.63,  34.69,  34.77,  34.78,  34.77,  34.77,  34.78,  34.84,  34.84,  34.84,  34.92,  34.92,  34.88
19950315, 0000,  , LO, 27.1S,  53.9E,  30,    0,    0,    0,    0,    0,    0,    0,    0,    0,    0,    0,    0,    0, -999,  35.21,  35.26,  35.31,  35.36,  35.39,  35.46,  35.47,  35.45,  35.41,  35.39,  35.39,  35.39,  35.37,  35.35,  35.31,  35.30,  35.28,  35.34,  35.29,  35.26,  35.27,  35.26,  35.28,  35.30,  35.37,  35.37,  35.37,  35.37,  35.38,  35.38,  35.37
19950315, 0600,  , LO, 28.9S,  55.3E,  25,    0,    0,    0,    0,    0,    0,    0,    0,    0,    0,    0,    0,    0, -999,  35.18,  35.24,  35.28,  35.28,  35.25,  35.30,  35.32,  35.35,  35.28,  35.28,  35.13,  35.14,  35.18,  35.31,  35.20,  35.24,  35.31,  35.31,  35.30,  35.33,  35.37,  35.41,  35.39,  35.38,  35.37,  35.38,  35.33,  35.28,  35.26,  35.26,  35.26
