SH182011,            CHERONO,     37,
20110314, 0000,  , DB, 11.3S,  87.7E,  20, 1007,    0,    0,    0,    0,    0,    0,    0,    0,    0,    0,    0,    0, -999,  28.91,  29.05,  28.99,  28.24,  28.27,  28.02,  28.17,  28.12,  27.85,  27.35,  27.54,  27.85,  27.95,  28.74,  28.41,  27.98,  27.64,  28.17,  27.55,  28.09,  27.65,  27.71,  27.66,  27.25,  27.52,  27.71,  27.88,  28.26,  28.38,  28.45,  28.06
20110314, 0600,  , DB, 11.5S,  87.1E,  20, 1007,    0,    0,    0,    0,    0,    0,    0,    0,    0,    0,    0,    0, -999,  27.52,  27.80,  27.60,  27.71,  27.91,  28.07,  28.01,  28.01,  27.59,  27.71,  27.28,  26.75,  27.36,  27.66,  27.23,  26.75,  27.23,  27.53,  25.71,  27.93,  27.72,  27.66,  27.73,  27.44,  27.63,  27.29,  27.47,  27.03,  27.30,  27.18,  27.22
20110314, 1200,  , DB, 11.7S,  86.5E,  20, 1007,    0,    0,    0,    0,    0,    0,    0,    0,    0,    0,    0,    0, -999,  27.71,  27.79,  27.06,  28.20,  27.64,  28.23,  27.96,  28.13,  27.57,  27.98,  27.78,  28.46,  28.66,  29.02,  29.13,  28.85,  29.06,  28.94,  28.65,  28.45,  28.47,  28.26,  28.22,  27.91,  27.77,  27.35,  27.26,  27.03,  27.43,  26.65,  27.20
20110314, 1800,  , TD, 12.0S,  85.8E,  25, 1004,    0,    0,    0,    0,    0,    0,    0,    0,    0,    0,    0,    0, -999,  28.91,  28.90,  28.98,  29.00,  28.94,  28.54,  28.96,  29.05,  28.47,  28.84,  28.62,  28.80,  28.66,  28.69,  28.63,  28.41,  28.20,  27.97,  27.43,  27.50,  27.44,  27.48,  27.51,  27.66,  27.62,  27.14,  26.83,  26.94,  27.38,  27.24,  27.64
20110315, 0000,  , TD, 12.5S,  85.3E,  25, 1004,    0,    0,    0,    0,    0,    0,    0,    0,    0,    0,    0,    0, -999,  29.16,  29.37,  29.29,  28.88,  29.01,  28.92,  29.28,  29.17,  29.27,  29.57,  29.11,  28.81,  28.71,  28.33,  27.73,  27.67,  26.95,  26.86,  27.85,  27.41,  27.34,  27.31,  26.57,  26.30,  25.82,  25.93,  26.09,  25.89,  25.72,  26.03,  25.24
20110315, 0600,  , TD, 13.0S,  84.5E,  25, 1004,    0,    0,    0,    0,    0,    0,    0,    0,    0,    0,    0,    0, -999,  29.38,  29.71,  29.33,  29.35,  29.17,  29.17,  28.76,  29.12,  28.70,  28.48,  27.78,  27.21,  26.92,  27.30,  27.05,  27.74,  26.92,  25.00,  25.83,  26.16,  26.00,  26.66,  25.98,  26.47,  26.27,  26.33,  26.87,  26.64,  26.32,  26.10,  25.80
20110315, 1200,  , TD, 13.1S,  83.7E,  30, 1000,    0,    0,    0,    0,    0,    0,    0,    0,    0,    0,    0,    0, -999,  27.22,  26.78,  26.79,  26.64,  27.03,  27.29,  27.39,  27.23,  27.12,  27.70,  27.64,  27.15,  26.55,  26.97,  26.67,  27.36,  26.62,  26.46,  26.06,  26.07,  26.24,  25.88,  25.14,  25.36,  25.42,  25.88,  25.86,  26.12,  26.12,  26.59,  27.36
20110315, 1800,  , TD, 13.1S,  82.9E,  25, 1004,    0,    0,    0,    0,    0,    0,    0,    0,    0,    0,    0,    0, -999,  26.72,  26.17,  26.18,  26.08,  26.14,  26.78,  26.62,  26.99,  26.83,  27.20,  27.33,  27.47,  27.11,  26.61,  26.68,  27.97,  27.34,  27.59,  27.00,  27.34,  27.50,  27.81,  26.87,  26.97,  26.85,  26.89,  26.26,  26.54,  26.17,  26.84,  27.23
20110316, 0000,  , TD, 12.8S,  81.7E,  30, 1000,    0,    0,    0,    0,    0,    0,    0,    0,    0,    0,    0,    0, -999,  28.61,  27.90,  27.39,  27.40,  26.65,  26.84,  27.12,  26.85,  26.98,  26.93,  26.83,  27.10,  27.01,  27.48,  27.74,  27.46,  26.36,  26.50,  26.96,  26.96,  27.06,  26.63,  25.97,  25.86,  26.28,  26.33,  26.69,  27.32,  27.84,  28.09,  28.84
20110316, 0600,  , TD, 13.0S,  81.2E,  30, 1000,    0,    0,    0,    0,    0,    0,    0,    0,    0,    0,    0,    0, -999,  28.90,  28.75,  27.40,  27.62,  27.28,  27.61,  26.70,  26.82,  26.79,  27.58,  27.59,  27.15,  26.86,  27.17,  28.42,  27.34,  27.37,  25.46,  26.28,  26.17,  26.30,  25.96,  25.30,  25.52,  25.62,  25.97,  26.30,  26.34,  26.62,  26.93,  27.24
20110316, 1200,  , TD, 14.1S,  80.9E,  30, 1000,    0,    0,    0,    0,    0,    0,    0,    0,    0,    0,    0,    0, -999,  28.09,  27.92,  27.72,  27.94,  28.23,  27.93,  27.73,  27.75,  27.85,  27.93,  28.06,  28.16,  27.91,  27.98,  27.92,  28.08,  28.02,  27.72,  27.66,  26.75,  27.60,  27.61,  26.85,  26.75,  26.95,  27.04,  27.07,  27.19,  27.19,  27.36,  27.38
20110316, 1800,  , TD, 14.5S,  79.3E,  30, 1000,    0,    0,    0,    0,    0,    0,    0,    0,    0,    0,    0,    0, -999,  28.52,  28.51,  28.00,  27.96,  28.35,  28.22,  28.17,  27.62,  27.90,  27.66,  27.54,  27.39,  27.39,  27.56,  27.63,  27.71,  27.55,  27.55,  27.55,  27.51,  27.30,  27.31,  27.26,  26.99,  27.05,  26.99,  27.09,  27.19,  26.82,  26.98,  27.28
20110317, 0000,  , TD, 14.6S,  77.8E,  30, 1000,    0,    0,    0,    0,    0,    0,    0,    0,    0,    0,    0,    0, -999,  27.75,  27.73,  27.97,  27.77,  28.06,  27.68,  27.79,  28.01,  27.93,  27.63,  27.82,  27.45,  27.21,  27.66,  27.64,  27.65,  27.69,  27.53,  26.78,  26.95,  26.52,  26.77,  27.05,  26.25,  26.24,  26.77,  26.66,  26.87,  26.55,  27.18,  27.53
20110317, 0600,  , TS, 14.8S,  76.3E,  35,  996,    0,    0,    0,    0,    0,    0,    0,    0,    0,    0,    0,    0, -999,  23.62,  24.32,  25.22,  25.67,  26.00,  26.36,  28.00,  27.96,  26.65,  25.65,  26.49,  26.86,  27.12,  26.77,  28.21,  28.42,  28.05,  28.27,  26.97,  27.39,  25.64,  25.01,  25.02,  25.56,  26.39,  27.25,  27.92,  28.29,  27.45,  27.16,  26.97
20110317, 1200,  , TS, 15.3S,  75.1E,  40,  993,   50,   60,   60,   50,    0,    0,    0,    0,    0,    0,    0,    0, -999,  27.10,  27.05,  27.12,  26.88,  26.79,  26.54,  27.33,  27.88,  27.71,  27.51,  27.46,  26.98,  27.13,  27.30,  27.35,  27.62,  27.71,  27.74,  27.42,  27.44,  27.61,  27.64,  27.62,  27.47,  27.49,  27.93,  28.12,  28.05,  27.90,  28.01,  27.75
20110317, 1800,  , TS, 15.7S,  74.3E,  45,  989,   50,   60,   60,   50,    0,    0,    0,    0,    0,    0,    0,    0, -999,  27.36,  27.39,  27.67,  27.51,  27.40,  27.47,  27.62,  27.79,  28.00,  27.59,  27.43,  26.89,  27.01,  27.15,  27.08,  26.96,  26.99,  27.01,  27.06,  26.95,  27.13,  27.38,  27.38,  27.39,  27.50,  27.34,  27.29,  27.13,  27.31,  27.51,  27.12
20110318, 0000,  , TS, 16.1S,  73.4E,  45,  989,   60,   70,   70,   60,    0,    0,    0,    0,    0,    0,    0,    0, -999,  28.16,  28.31,  28.08,  27.53,  27.23,  27.13,  27.31,  27.19,  27.13,  27.08,  27.14,  27.35,  27.70,  27.59,  27.30,  27.07,  27.14,  26.94,  26.79,  26.77,  26.78,  26.73,  26.95,  27.28,  27.11,  26.91,  26.84,  26.91,  26.86,  26.79,  26.84
20110318, 0600,  , TS, 16.5S,  72.3E,  45,  989,   70,   80,   80,   70,    0,    0,    0,    0,    0,    0,    0,    0, -999,  27.86,  27.87,  27.92,  27.94,  28.01,  28.21,  28.34,  28.18,  27.80,  27.82,  28.08,  27.80,  27.78,  27.54,  27.26,  27.24,  27.29,  27.18,  26.89,  27.11,  27.09,  27.09,  26.98,  26.94,  26.94,  26.82,  27.38,  27.55,  27.37,  27.06,  26.96
20110318, 1200,  , TS, 17.0S,  71.1E,  45,  989,   70,   80,   80,   70,    0,    0,    0,    0,    0,    0,    0,    0, -999,  27.76,  27.69,  27.75,  27.63,  27.47,  27.49,  27.62,  27.66,  27.82,  27.71,  27.85,  27.87,  27.98,  27.88,  27.86,  27.89,  27.67,  27.67,  27.25,  27.12,  27.29,  27.48,  27.61,  27.62,  27.65,  27.61,  26.97,  27.08,  27.59,  27.58,  27.67
20110318, 1800,  , TS, 17.7S,  70.0E,  45,  989,   65,   80,   75,   65,    0,    0,    0,    0,    0,    0,    0,    0, -999,  27.41,  27.41,  27.50,  27.33,  27.30,  27.17,  27.08,  27.21,  27.57,  27.67,  27.70,  27.72,  27.70,  27.48,  27.42,  27.43,  27.46,  27.42,  27.42,  27.22,  27.32,  27.15,  27.15,  27.13,  27.08,  27.02,  27.18,  27.34,  27.47,  27.50,  27.67
20110319, 0000,  , TS, 18.4S,  68.9E,  45,  989,   60,   75,   70,   60,    0,    0,    0,    0,    0,    0,    0,    0, -999,  27.03,  27.25,  27.52,  27.59,  27.54,  27.54,  27.49,  27.53,  27.56,  27.41,  27.35,  27.34,  27.35,  27.25,  27.01,  26.72,  26.93,  26.83,  26.69,  26.60,  26.76,  26.75,  26.90,  27.01,  26.77,  26.80,  26.91,  26.90,  26.69,  26.64,  26.75
20110319, 0600,  , TS, 19.1S,  67.5E,  40,  993,   60,   65,   65,   60,    0,    0,    0,    0,    0,    0,    0,    0, -999,  27.44,  27.44,  27.30,  27.40,  27.50,  27.53,  27.55,  27.57,  27.63,  27.71,  27.71,  27.59,  27.28,  27.29,  27.23,  27.20,  27.28,  27.27,  27.34,  27.34,  27.30,  27.38,  27.23,  27.18,  27.28,  27.20,  27.15,  27.12,  26.96,  26.83,  26.65
20110319, 1200,  , TS, 19.5S,  65.9E,  35,  996,   60,   65,   65,   60,    0,    0,    0,    0,    0,    0,    0,    0, -999,  27.46,  27.57,  27.42,  27.47,  27.67,  27.81,  27.90,  27.80,  27.82,  27.79,  27.84,  27.83,  27.67,  27.30,  26.65,  26.50,  26.22,  26.16,  26.09,  26.34,  26.36,  26.95,  26.45,  26.32,  26.40,  26.65,  26.99,  27.07,  27.01,  26.96,  26.99
20110319, 1800,  , TS, 19.7S,  64.2E,  35,  996,   60,   65,   65,   60,    0,    0,    0,    0,    0,    0,    0,    0, -999,  27.34,  27.49,  27.30,  27.29,  27.35,  27.35,  27.43,  27.41,  27.64,  27.70,  27.78,  27.81,  27.75,  27.67,  27.25,  27.44,  27.49,  27.45,  27.17,  27.20,  27.39,  27.71,  27.80,  27.86,  27.80,  27.94,  27.87,  27.85,  27.80,  27.95,  28.05
20110320, 0000,  , TD, 20.3S,  62.6E,  30, 1000,    0,    0,    0,    0,    0,    0,    0,    0,    0,    0,    0,    0, -999,  27.45,  27.10,  26.88,  27.15,  26.99,  27.23,  27.23,  27.20,  27.02,  27.12,  27.05,  26.91,  26.71,  26.77,  26.68,  26.66,  26.63,  26.43,  26.45,  26.36,  26.60,  27.09,  27.36,  27.18,  27.50,  27.53,  27.50,  27.51,  27.84,  28.00,  28.02
20110320, 0600,  , TD, 21.0S,  61.5E,  30, 1000,    0,    0,    0,    0,    0,    0,    0,    0,    0,    0,    0,    0, -999,  27.62,  27.59,  27.61,  27.48,  27.35,  27.59,  27.47,  27.61,  27.27,  27.23,  27.08,  27.18,  27.17,  27.24,  27.21,  27.17,  27.08,  27.26,  27.03,  26.88,  27.15,  27.29,  26.91,  26.84,  27.50,  27.71,  27.56,  27.08,  27.17,  27.14,  27.10
20110320, 1200,  , TD, 21.7S,  60.5E,  30, 1000,    0,    0,    0,    0,    0,    0,    0,    0,    0,    0,    0,    0, -999,  27.38,  27.31,  27.56,  27.64,  27.66,  27.52,  27.69,  27.85,  27.84,  27.68,  27.77,  27.71,  27.62,  27.52,  27.53,  27.48,  27.47,  27.61,  27.65,  27.63,  27.70,  27.74,  27.77,  27.81,  27.92,  27.98,  27.81,  27.73,  27.64,  27.60,  27.47
20110320, 1800,  , TD, 22.2S,  59.6E,  30, 1000,    0,    0,    0,    0,    0,    0,    0,    0,    0,    0,    0,    0, -999,  27.60,  27.55,  27.60,  27.67,  27.67,  27.59,  27.70,  27.78,  27.79,  27.68,  27.68,  27.69,  27.63,  27.58,  27.62,  27.59,  27.43,  27.37,  27.55,  27.57,  27.55,  27.56,  27.53,  27.54,  27.63,  27.69,  27.70,  27.68,  27.71,  27.72,  27.64
20110321, 0000,  , TD, 22.8S,  58.8E,  30, 1000,    0,    0,    0,    0,    0,    0,    0,    0,    0,    0,    0,    0, -999,  27.94,  27.92,  27.96,  27.89,  27.93,  27.85,  27.87,  27.80,  27.85,  27.74,  27.60,  27.45,  27.42,  27.48,  27.52,  27.54,  27.49,  27.38,  27.35,  27.43,  27.50,  27.61,  27.50,  27.49,  27.67,  27.82,  27.87,  27.80,  27.68,  27.68,  27.75
20110321, 0600,  , TD, 23.1S,  58.1E,  30, 1000,    0,    0,    0,    0,    0,    0,    0,    0,    0,    0,    0,    0, -999,  27.92,  27.98,  27.96,  27.95,  27.98,  27.82,  27.88,  27.78,  27.71,  27.68,  27.54,  27.45,  27.47,  27.47,  27.48,  27.31,  27.33,  27.15,  26.98,  27.06,  27.03,  27.25,  27.25,  27.17,  27.21,  27.30,  27.52,  27.52,  27.49,  27.46,  27.51
20110321, 1200,  , TD, 23.6S,  57.6E,  30, 1000,    0,    0,    0,    0,    0,    0,    0,    0,    0,    0,    0,    0, -999,  28.04,  27.86,  27.82,  27.78,  27.91,  27.63,  27.80,  27.74,  27.70,  27.66,  27.48,  27.52,  27.47,  27.43,  27.50,  27.38,  27.21,  27.16,  26.96,  27.09,  27.15,  27.37,  27.23,  27.04,  27.08,  27.18,  27.29,  27.47,  27.45,  27.41,  27.39
20110321, 1800,  , TD, 24.3S,  57.4E,  30, 1000,    0,    0,    0,    0,    0,    0,    0,    0,    0,    0,    0,    0, -999,  28.12,  28.20,  28.28,  28.11,  27.83,  27.64,  27.72,  27.72,  27.69,  27.64,  27.42,  27.42,  27.40,  27.29,  27.23,  27.13,  27.07,  27.13,  27.06,  27.07,  27.10,  27.29,  27.25,  27.02,  27.05,  27.09,  27.25,  27.46,  27.53,  27.51,  27.48
20110322, 0000,  , TD, 24.9S,  57.2E,  30, 1000,    0,    0,    0,    0,    0,    0,    0,    0,    0,    0,    0,    0, -999,  27.35,  27.63,  27.70,  27.65,  27.70,  27.70,  27.54,  27.66,  27.23,  27.22,  27.10,  27.05,  26.97,  26.97,  26.93,  26.62,  26.62,  26.54,  26.59,  26.53,  26.63,  26.44,  26.20,  26.53,  26.69,  26.90,  27.01,  27.23,  27.14,  27.05,  27.18
20110322, 0600,  , TD, 25.6S,  57.0E,  30, 1000,    0,    0,    0,    0,    0,    0,    0,    0,    0,    0,    0,    0, -999,  26.21,  26.46,  26.33,  26.21,  26.30,  26.26,  26.01,  26.08,  25.72,  25.74,  26.02,  25.94,  25.93,  26.08,  26.35,  26.40,  26.17,  26.02,  25.98,  25.56,  25.37,  25.53,  25.72,  25.92,  25.97,  25.96,  25.69,  25.65,  25.76,  26.02,  26.41
20110322, 1200,  , TD, 26.7S,  57.2E,  30, 1000,    0,    0,    0,    0,    0,    0,    0,    0,    0,    0,    0,    0, -999,  26.65,  26.58,  26.48,  26.57,  26.81,  26.52,  26.38,  26.32,  26.38,  26.34,  26.52,  26.40,  26.29,  26.23,  25.94,  25.78,  25.65,  25.53,  25.57,  25.44,  25.50,  25.51,  25.38,  25.30,  25.29,  25.41,  25.83,  26.09,  26.19,  26.25,  26.32
20110322, 1800,  , TD, 27.6S,  58.2E,  30, 1000,    0,    0,    0,    0,    0,    0,    0,    0,    0,    0,    0,    0, -999,  27.13,  27.03,  26.79,  26.54,  26.52,  26.45,  26.36,  26.42,  26.48,  26.29,  26.00,  25.98,  25.85,  25.78,  25.65,  25.75,  25.60,  25.35,  25.32,  25.29,  25.41,  25.54,  25.55,  25.47,  25.62,  26.01,  26.19,  26.26,  26.22,  26.11,  26.11
20110323, 0000,  , TD, 27.5S,  59.6E,  25, 1004,    0,    0,    0,    0,    0,    0,    0,    0,    0,    0,    0,    0, -999,  26.16,  25.92,  25.75,  25.35,  25.45,  25.73,  26.13,  26.18,  26.25,  26.02,  25.90,  25.77,  25.86,  26.03,  25.89,  25.79,  25.73,  25.77,  25.77,  25.73,  25.79,  25.93,  26.09,  26.21,  26.22,  26.27,  26.20,  26.15,  26.26,  26.38,  26.60
