SH182000,            UNNAMED,     18,
20000304, 0000,  , LO, 19.6S, 151.5W,  20,    0,    0,    0,    0,    0,    0,    0,    0,    0,    0,    0,    0,    0, -999,  28.70,  28.65,  28.66,  28.72,  28.65,  28.65,  28.65,  28.63,  28.83,  28.97,  28.92,  28.92,  28.94,  28.94,  28.99,  28.86,  28.71,  28.64,  28.64,  28.46,  28.42,  28.23,  28.20,  28.11,  28.12,  28.09,  28.07,  28.13,  28.20,  28.34,  28.17
20000304, 0600,  , LO, 19.7S, 151.9W,  20,    0,    0,    0,    0,    0,    0,    0,    0,    0,    0,    0,    0,    0, -999,  28.60,  28.58,  28.61,  28.66,  28.63,  28.63,  28.69,  28.68,  28.88,  28.95,  28.96,  28.92,  28.87,  28.77,  28.84,  28.83,  28.78,  28.66,  28.68,  28.58,  28.56,  28.38,  28.26,  28.20,  28.26,  28.20,  28.10,  28.19,  28.31,  28.43,  28.26
20000304, 1200,  , LO, 19.8S, 152.4W,  20,    0,    0,    0,    0,    0,    0,    0,    0,    0,    0,    0,    0,    0, -999,  28.55,  28.59,  28.67,  28.73,  28.69,  28.70,  28.75,  28.77,  28.86,  28.91,  28.90,  28.86,  28.82,  28.81,  28.78,  28.75,  28.72,  28.68,  28.74,  28.66,  28.66,  28.51,  28.42,  28.37,  28.45,  28.37,  28.22,  28.32,  28.39,  28.54,  28.34
20000304, 1800,  , LO, 20.0S, 152.9W,  25,    0,    0,    0,    0,    0,    0,    0,    0,    0,    0,    0,    0,    0, -999,  28.61,  28.67,  28.78,  28.76,  28.76,  28.76,  28.82,  28.81,  28.85,  28.87,  28.80,  28.80,  28.79,  28.80,  28.78,  28.77,  28.70,  28.69,  28.71,  28.60,  28.47,  28.28,  28.25,  28.29,  28.23,  28.17,  28.13,  28.23,  28.20,  28.42,  28.26
20000305, 0000,  , LO, 20.3S, 153.9W,  25,    0,    0,    0,    0,    0,    0,    0,    0,    0,    0,    0,    0,    0, -999,  28.66,  28.73,  28.73,  28.82,  28.67,  28.63,  28.59,  28.43,  28.56,  28.57,  28.56,  28.51,  28.69,  28.67,  28.48,  28.23,  28.28,  28.30,  28.29,  28.31,  28.10,  28.05,  28.04,  27.87,  27.89,  27.99,  28.18,  28.21,  28.38,  28.33,  28.31
20000305, 0600,  , LO, 21.2S, 156.5W,  25,    0,    0,    0,    0,    0,    0,    0,    0,    0,    0,    0,    0,    0, -999,  28.83,  28.63,  28.62,  28.63,  28.52,  28.41,  28.45,  28.13,  28.18,  28.41,  28.61,  28.58,  28.62,  28.64,  28.56,  28.41,  28.39,  28.40,  28.47,  28.45,  28.39,  28.44,  27.82,  27.86,  27.78,  28.03,  27.95,  27.96,  28.13,  28.34,  28.13
20000305, 1200,  , LO, 21.7S, 158.2W,  25,    0,    0,    0,    0,    0,    0,    0,    0,    0,    0,    0,    0,    0, -999,  28.92,  28.60,  28.46,  28.40,  28.43,  28.44,  28.31,  28.28,  28.30,  28.30,  28.30,  28.20,  28.11,  27.67,  27.91,  28.08,  28.06,  28.11,  28.02,  27.98,  28.22,  28.21,  27.73,  27.46,  27.40,  27.85,  27.71,  27.82,  28.19,  28.24,  28.11
20000305, 1800,  , LO, 22.4S, 159.9W,  25,    0,    0,    0,    0,    0,    0,    0,    0,    0,    0,    0,    0,    0, -999,  27.97,  27.94,  28.07,  28.09,  28.09,  28.19,  28.13,  28.18,  27.88,  27.87,  27.92,  27.90,  27.67,  27.59,  27.85,  27.87,  27.84,  27.85,  27.73,  27.80,  27.71,  27.65,  27.60,  27.50,  27.52,  27.78,  27.83,  27.74,  27.78,  27.84,  27.75
20000306, 0000,  , LO, 23.1S, 161.2W,  25,    0,    0,    0,    0,    0,    0,    0,    0,    0,    0,    0,    0,    0, -999,  28.02,  28.21,  28.25,  28.38,  28.49,  28.51,  28.53,  28.24,  28.23,  28.41,  28.49,  28.15,  28.26,  28.19,  28.27,  28.24,  28.15,  27.94,  28.01,  27.99,  27.65,  27.76,  27.91,  28.05,  27.97,  27.64,  27.27,  27.20,  27.22,  27.46,  27.41
20000306, 0600,  , LO, 23.8S, 162.3W,  25,    0,    0,    0,    0,    0,    0,    0,    0,    0,    0,    0,    0,    0, -999,  28.19,  28.31,  28.27,  28.14,  28.23,  28.53,  28.24,  27.79,  27.49,  27.35,  27.42,  27.70,  27.87,  27.41,  27.47,  27.43,  26.94,  26.81,  27.37,  27.14,  26.53,  26.53,  26.72,  26.88,  27.19,  27.36,  27.60,  27.60,  27.65,  27.86,  28.19
20000306, 1200,  , LO, 24.4S, 163.4W,  25,    0,    0,    0,    0,    0,    0,    0,    0,    0,    0,    0,    0,    0, -999,  26.66,  26.85,  26.64,  26.08,  26.02,  26.33,  26.17,  26.08,  26.10,  26.02,  26.31,  26.46,  26.14,  25.92,  25.99,  26.27,  26.14,  26.37,  26.42,  26.16,  26.03,  26.08,  26.15,  26.35,  26.35,  26.41,  26.17,  25.95,  26.18,  26.51,  27.27
20000306, 1800,  , TS, 25.6S, 165.2W,  55,    0,    0,    0,    0,    0,    0,    0,    0,    0,    0,    0,    0,    0, -999,  26.40,  26.63,  26.83,  26.40,  26.57,  27.01,  27.09,  27.08,  26.93,  26.94,  26.77,  26.98,  27.05,  26.24,  26.56,  26.46,  26.43,  26.31,  26.47,  26.54,  26.25,  26.03,  26.16,  26.10,  25.84,  26.12,  26.10,  25.96,  26.29,  26.16,  25.83
20000307, 0000,  , TS, 27.0S, 165.7W,  55,    0,    0,    0,    0,    0,    0,    0,    0,    0,    0,    0,    0,    0, -999,  26.28,  26.34,  26.29,  26.26,  26.36,  26.40,  26.21,  26.23,  26.45,  26.53,  26.62,  26.75,  26.89,  27.28,  27.22,  26.92,  26.34,  26.35,  26.15,  26.03,  26.06,  26.02,  26.04,  26.15,  26.36,  26.24,  26.37,  26.31,  26.22,  26.12,  26.09
20000307, 0600,  , LO, 29.5S, 165.9W,  30,    0,    0,    0,    0,    0,    0,    0,    0,    0,    0,    0,    0,    0, -999,  23.56,  23.69,  24.03,  24.06,  24.25,  24.38,  24.25,  24.14,  24.09,  24.16,  24.19,  24.31,  24.62,  25.27,  24.94,  24.94,  24.48,  23.92,  23.49,  23.50,  23.33,  23.12,  23.36,  23.49,  23.56,  23.69,  23.84,  23.81,  23.75,  23.77,  23.87
20000307, 1200,  , TS, 31.6S, 166.3W,  35,    0,    0,    0,    0,    0,    0,    0,    0,    0,    0,    0,    0,    0, -999,  21.68,  21.71,  21.82,  21.98,  21.86,  21.96,  21.94,  22.14,  22.36,  22.32,  22.66,  22.86,  22.97,  22.97,  22.83,  23.11,  22.67,  22.65,  22.25,  22.20,  22.05,  22.08,  22.16,  22.41,  22.47,  22.19,  22.08,  21.63,  21.58,  21.84,  21.70
20000307, 1800,  , TS, 33.6S, 166.6W,  35,    0,    0,    0,    0,    0,    0,    0,    0,    0,    0,    0,    0,    0, -999,  20.75,  20.83,  20.98,  21.32,  21.59,  21.68,  21.77,  21.76,  21.78,  21.66,  21.43,  21.79,  21.90,  21.95,  22.07,  22.41,  22.32,  21.88,  21.82,  21.85,  21.58,  21.45,  21.45,  21.41,  21.30,  21.50,  21.59,  21.62,  21.67,  21.42,  21.22
20000308, 0000,  , LO, 36.7S, 166.0W,  30,    0,    0,    0,    0,    0,    0,    0,    0,    0,    0,    0,    0,    0, -999,  19.69,  19.84,  20.03,  20.09,  19.91,  20.00,  20.12,  20.15,  20.19,  20.10,  20.43,  20.47,  20.01,  20.05,  20.71,  20.81,  20.61,  20.58,  20.43,  20.35,  20.21,  19.96,  19.70,  19.99,  19.60,  19.66,  19.65,  19.92,  20.01,  19.93,  19.84
20000308, 0600,  , LO, 39.9S, 164.2W,  30,    0,    0,    0,    0,    0,    0,    0,    0,    0,    0,    0,    0,    0, -999,  17.80,  17.98,  17.92,  17.87,  17.90,  17.97,  18.20,  18.40,  18.57,  18.61,  18.52,  18.64,  18.82,  18.75,  18.93,  19.00,  19.04,  18.80,  18.26,  18.07,  17.95,  17.54,  17.44,  17.36,  17.31,  17.18,  16.99,  16.94,  16.99,  17.05,  17.16
