SH182002,            UNNAMED,     37,
20020305, 0000,  , TD, 10.1S,  66.6E,  25, 1002,    0,    0,    0,    0,    0,    0,    0,    0,    0,    0,    0,    0, -999,  21.76,  21.97,  22.77,  22.28,  21.59,  21.23,  21.35,  21.79,  21.04,  21.73,  21.72,  21.72,  22.20,  21.67,  22.16,  22.24,  21.24,  21.46,  22.32,  21.46,  22.38,  22.91,  22.32,  22.26,  22.67,  23.25,  23.07,  23.32,  23.30,  23.46,  23.26
20020305, 0600,  , TD, 10.4S,  66.1E,  25, 1002,    0,    0,    0,    0,    0,    0,    0,    0,    0,    0,    0,    0, -999,  21.86,  22.64,  23.04,  22.59,  22.56,  22.14,  21.76,  21.99,  21.44,  21.93,  21.85,  22.39,  22.27,  22.79,  22.83,  22.43,  22.10,  22.36,  22.61,  22.14,  22.70,  21.98,  22.24,  22.20,  22.03,  23.09,  22.84,  22.93,  22.75,  22.35,  22.75
20020305, 1200,  , TD, 10.7S,  65.6E,  30, 1000,    0,    0,    0,    0,    0,    0,    0,    0,    0,    0,    0,    0, -999,  22.70,  23.54,  23.20,  22.89,  22.89,  22.52,  22.12,  23.13,  22.45,  22.51,  22.34,  22.55,  22.74,  22.53,  23.03,  22.94,  22.87,  22.59,  23.12,  22.39,  22.62,  22.79,  22.38,  22.91,  22.83,  23.40,  22.51,  23.04,  23.37,  22.80,  23.28
20020305, 1800,  , TD, 11.0S,  64.9E,  30, 1000,    0,    0,    0,    0,    0,    0,    0,    0,    0,    0,    0,    0, -999,  23.06,  23.70,  23.75,  23.61,  23.48,  23.07,  22.57,  22.99,  22.63,  23.47,  22.25,  22.80,  22.64,  22.31,  22.80,  22.73,  23.07,  23.42,  23.13,  23.59,  23.04,  22.66,  22.81,  22.46,  21.93,  22.62,  22.35,  22.51,  23.07,  23.24,  23.34
20020306, 0000,  , TS, 11.2S,  64.1E,  35,  997,    0,    0,    0,    0,    0,    0,    0,    0,    0,    0,    0,    0, -999,  23.28,  23.39,  22.96,  23.72,  22.71,  23.29,  22.51,  22.67,  23.21,  22.71,  23.68,  23.31,  22.99,  23.19,  23.67,  23.14,  24.14,  23.07,  23.72,  23.54,  22.61,  22.82,  22.47,  22.26,  22.95,  22.42,  22.75,  22.38,  23.11,  22.80,  22.64
20020306, 0600,  , TS, 11.4S,  63.1E,  40,  994,    0,    0,    0,    0,    0,    0,    0,    0,    0,    0,    0,    0, -999,  24.01,  23.50,  24.24,  24.25,  22.96,  24.47,  22.92,  23.27,  21.84,  22.45,  22.84,  22.72,  22.59,  22.78,  22.86,  22.92,  23.45,  23.31,  23.49,  23.19,  23.09,  23.35,  23.30,  22.83,  23.02,  22.90,  22.62,  22.76,  22.60,  22.36,  22.43
20020306, 1200,  , TS, 11.6S,  61.9E,  40,  994,    0,    0,    0,    0,    0,    0,    0,    0,    0,    0,    0,    0, -999,  27.69,  26.25,  27.45,  26.60,  24.67,  26.77,  24.14,  25.05,  23.37,  23.52,  23.18,  22.44,  22.74,  23.55,  23.03,  21.88,  21.42,  21.74,  22.38,  22.35,  22.83,  22.58,  23.30,  23.11,  23.30,  24.31,  24.47,  25.37,  25.19,  24.23,  24.53
20020306, 1800,  , TS, 11.6S,  60.7E,  50,  987,    0,    0,    0,    0,    0,    0,    0,    0,    0,    0,    0,    0, -999,  26.58,  27.18,  25.95,  25.85,  24.98,  25.27,  24.92,  24.90,  24.56,  25.53,  25.43,  24.13,  24.81,  23.45,  23.28,  22.59,  22.41,  22.60,  22.96,  22.85,  22.78,  22.56,  22.06,  21.76,  22.19,  22.26,  23.11,  24.50,  23.53,  24.16,  24.15
20020307, 0000,  , TS, 11.5S,  59.6E,  55,  984,    0,    0,    0,    0,    0,    0,    0,    0,    0,    0,    0,    0, -999,  23.84,  24.08,  25.12,  25.69,  24.21,  24.27,  22.19,  23.16,  23.69,  24.24,  23.31,  23.97,  23.17,  23.74,  22.85,  23.40,  22.81,  23.72,  22.92,  23.12,  23.50,  22.19,  23.10,  22.16,  21.65,  21.77,  22.47,  22.02,  21.27,  21.73,  22.35
20020307, 0600,  , TS, 11.3S,  58.5E,  60,  980,    0,    0,    0,    0,    0,    0,    0,    0,    0,    0,    0,    0, -999,  22.67,  22.60,  20.91,  23.68,  22.64,  23.40,  25.24,  24.19,  24.38,  24.17,  23.35,  22.75,  22.16,  22.21,  21.72,  22.49,  21.22,  22.19,  21.69,  21.52,  22.87,  21.62,  22.04,  21.87,  22.09,  21.82,  21.68,  21.62,  21.84,  22.76,  22.07
20020307, 1200,  , HU, 11.3S,  57.4E,  65,  976,    0,    0,    0,    0,    0,    0,    0,    0,    0,    0,    0,    0, -999,  23.47,  23.75,  21.06,  22.10,  21.42,  21.45,  21.09,  21.54,  21.45,  21.65,  22.15,  21.51,  23.02,  22.44,  23.33,  22.40,  22.51,  21.94,  22.30,  22.34,  22.49,  22.37,  22.81,  22.67,  22.47,  21.40,  22.64,  21.54,  21.46,  21.88,  22.42
20020307, 1800,  , HU, 11.4S,  56.3E,  75,  967,    0,    0,    0,    0,    0,    0,    0,    0,    0,    0,    0,    0, -999,  23.47,  24.79,  23.00,  24.24,  23.36,  23.13,  22.19,  23.43,  22.77,  22.73,  23.19,  22.27,  22.98,  22.55,  23.14,  23.09,  22.65,  22.64,  22.48,  22.75,  22.68,  22.57,  22.54,  22.55,  22.75,  22.43,  22.33,  21.31,  22.18,  22.45,  22.55
20020308, 0000,  , HU, 11.4S,  55.2E, 105,  938,    0,    0,    0,    0,    0,    0,    0,    0,    0,    0,    0,    0, -999,  25.45,  24.05,  25.29,  23.74,  24.51,  23.73,  23.87,  23.87,  23.76,  23.87,  23.23,  23.54,  22.68,  22.56,  23.40,  23.42,  23.28,  22.89,  23.64,  23.16,  23.05,  22.69,  23.31,  22.10,  22.55,  22.82,  22.21,  22.15,  22.06,  22.51,  22.64
20020308, 0600,  , HU, 11.3S,  54.2E, 115,  927,    0,    0,    0,    0,    0,    0,    0,    0,    0,    0,    0,    0, -999,  23.90,  24.53,  24.97,  24.31,  26.12,  25.95,  23.83,  25.45,  23.91,  23.93,  23.41,  23.20,  24.32,  22.40,  23.87,  24.07,  23.35,  23.32,  23.56,  23.77,  23.30,  23.50,  22.70,  22.97,  24.44,  23.86,  24.26,  22.25,  23.64,  22.69,  23.50
20020308, 1200,  , HU, 11.3S,  53.5E, 120,  922,    0,    0,    0,    0,    0,    0,    0,    0,    0,    0,    0,    0, -999,  23.43,  23.70,  23.57,  23.85,  24.41,  23.20,  25.12,  24.44,  23.87,  24.44,  25.05,  23.68,  23.78,  23.35,  24.26,  24.12,  24.50,  22.76,  24.55,  24.22,  24.25,  24.23,  23.53,  24.01,  22.88,  22.96,  22.99,  23.14,  23.48,  23.07,  24.26
20020308, 1800,  , XX, 11.4S,  52.8E, 130,  910,    0,    0,    0,    0,    0,    0,    0,    0,    0,    0,    0,    0, -999,  23.90,  24.21,  23.93,  24.22,  24.32,  23.97,  24.55,  23.33,  23.94,  24.00,  23.87,  24.53,  24.46,  25.21,  25.02,  24.52,  23.74,  22.83,  23.32,  23.50,  23.44,  24.12,  22.84,  23.53,  22.58,  23.11,  23.94,  24.58,  23.54,  22.96,  23.56
20020309, 0000,  , HU, 11.8S,  52.6E, 125,  916,    0,    0,    0,    0,    0,    0,    0,    0,    0,    0,    0,    0, -999,  25.50,  25.26,  25.68,  24.17,  23.80,  23.05,  22.89,  22.86,  23.42,  23.01,  23.27,  24.08,  24.64,  24.46,  24.61,  23.98,  23.67,  24.07,  25.87,  24.68,  27.75,  24.51,  24.99,  24.56,  25.27,  24.28,  25.76,  24.71,  24.55,  25.16,  23.86
20020309, 0600,  , HU, 12.4S,  52.3E, 125,  916,    0,    0,    0,    0,    0,    0,    0,    0,    0,    0,    0,    0, -999,  24.17,  24.81,  27.28,  24.70,  25.64,  24.26,  24.59,  23.91,  23.98,  24.15,  24.21,  24.51,  25.73,  24.89,  25.04,  24.53,  23.24,  23.51,  25.08,  24.38,  25.97,  24.45,  25.75,  25.28,  26.25,  25.49,  25.66,  24.73,  25.31,  25.83,  24.88
20020309, 1200,  , HU, 13.2S,  51.7E, 125,  916,    0,    0,    0,    0,    0,    0,    0,    0,    0,    0,    0,    0, -999,  24.01,  24.48,  24.31,  24.75,  24.20,  24.89,  23.45,  23.82,  23.56,  23.84,  23.45,  23.83,  23.53,  23.89,  24.04,  23.05,  23.34,  22.88,  24.23,  24.27,  24.13,  23.88,  23.81,  23.63,  24.66,  26.38,  25.89,  26.20,  26.82,  27.07,  27.62
20020309, 1800,  , XX, 14.0S,  51.2E, 130,  910,    0,    0,    0,    0,    0,    0,    0,    0,    0,    0,    0,    0, -999,  24.41,  24.45,  25.01,  25.14,  24.62,  25.02,  24.62,  25.01,  24.72,  25.22,  25.51,  25.61,  24.76,  24.59,  24.91,  23.97,  23.83,  23.25,  24.02,  24.23,  24.64,  24.75,  24.56,  24.87,  24.84,  26.04,  25.83,  26.58,  26.64,  26.60,  27.31
20020310, 0000,  , XX, 14.7S,  50.8E, 140,  898,    0,    0,    0,    0,    0,    0,    0,    0,    0,    0,    0,    0, -999,  24.64,  25.62,  25.49,  25.23,  25.57,  25.10,  26.70,  26.45,  26.84,  26.82,  27.39,  26.88,  27.04,  26.80,  26.62,  25.82,  24.24,  24.14,  24.25,  24.19,  24.61,  24.93,  25.32,  24.53,  24.90,  24.63,  24.41,  25.27,  26.39,  26.10,  26.41
20020310, 0600,  , XX, 15.4S,  50.5E, 140,  898,    0,    0,    0,    0,    0,    0,    0,    0,    0,    0,    0,    0, -999,  25.68,  25.49,  25.37,  25.27,  24.86,  24.17,  24.60,  25.33,  25.67,  25.93,  24.49,  25.44,  25.62,  25.36,  25.66,  21.21,  24.10,  24.66,  24.88,  25.50,  24.66,  24.73,  25.23,  24.26,  22.81,  24.51,  23.58,  23.85,  25.06,  24.56,  24.09
20020310, 1200,  , XX, 16.1S,  50.4E, 135,  904,    0,    0,    0,    0,    0,    0,    0,    0,    0,    0,    0,    0, -999,  25.27,  25.23,  24.93,  24.44,  24.71,  24.73,  25.00,  25.07,  25.07,  25.04,  24.89,  24.61,  24.44,  24.61,  25.65,  25.32,  23.89,  24.17,  24.52,  25.46,  25.00,  25.84,  25.58,  25.61,  25.64,  25.54,  25.96,  25.88,  25.94,  25.66,  25.82
20020310, 1800,  , HU, 16.9S,  50.4E, 125,  916,    0,    0,    0,    0,    0,    0,    0,    0,    0,    0,    0,    0, -999,  25.68,  25.64,  25.02,  24.05,  24.27,  24.38,  24.62,  24.87,  25.07,  25.68,  26.00,  26.09,  26.11,  25.85,  25.62,  25.28,  24.46,  25.28,  25.61,  25.52,  24.62,  25.73,  25.25,  24.74,  24.77,  24.89,  25.10,  25.05,  25.11,  25.23,  25.28
20020311, 0000,  , HU, 18.2S,  50.6E, 115,  927,    0,    0,    0,    0,    0,    0,    0,    0,    0,    0,    0,    0, -999,  27.02,  27.30,  27.31,  26.81,  27.48,  27.46,  27.71,  27.81,  27.82,  27.60,  27.59,  27.45,  27.35,  26.80,  26.60,  25.91,  26.21,  26.88,  27.05,  26.86,  27.13,  26.64,  26.34,  26.38,  26.78,  27.30,  27.52,  27.14,  27.19,  27.12,  27.32
20020311, 0600,  , HU, 19.4S,  51.0E, 115,  927,    0,    0,    0,    0,    0,    0,    0,    0,    0,    0,    0,    0, -999,  27.70,  27.65,  27.73,  27.61,  27.69,  27.85,  28.16,  28.03,  27.99,  27.86,  27.91,  27.95,  28.08,  28.08,  27.79,  27.73,  26.86,  27.04,  27.11,  26.71,  26.58,  26.54,  26.61,  26.50,  26.74,  27.39,  27.22,  27.30,  27.28,  27.19,  27.44
20020311, 1200,  , HU, 20.8S,  51.5E, 110,  933,    0,    0,    0,    0,    0,    0,    0,    0,    0,    0,    0,    0, -999,  27.03,  27.13,  27.33,  27.58,  27.56,  27.60,  27.82,  28.00,  27.80,  27.78,  27.99,  27.93,  27.88,  27.98,  27.92,  28.02,  27.78,  27.27,  26.89,  26.89,  26.61,  26.63,  26.44,  26.32,  26.08,  26.11,  26.10,  26.27,  26.30,  26.51,  26.56
20020311, 1800,  , HU, 22.3S,  52.2E, 100,  944,    0,    0,    0,    0,    0,    0,    0,    0,    0,    0,    0,    0, -999,  26.56,  26.60,  26.89,  26.98,  26.97,  26.98,  27.23,  27.25,  27.30,  27.28,  27.19,  26.95,  26.91,  26.94,  26.99,  27.00,  27.08,  27.17,  27.04,  26.87,  25.97,  25.58,  25.83,  26.83,  27.17,  26.44,  26.88,  26.86,  26.26,  26.40,  26.93
20020312, 0000,  , HU, 23.5S,  53.0E, 100,  944,    0,    0,    0,    0,    0,    0,    0,    0,    0,    0,    0,    0, -999,  26.39,  26.43,  26.37,  26.38,  26.67,  26.95,  27.02,  26.99,  26.73,  26.82,  26.93,  26.50,  26.39,  26.58,  26.88,  26.87,  26.84,  26.71,  26.43,  26.28,  26.09,  26.18,  26.30,  26.37,  26.32,  26.67,  27.07,  27.08,  27.10,  27.18,  26.95
20020312, 0600,  , HU, 24.9S,  53.7E,  95,  949,    0,    0,    0,    0,    0,    0,    0,    0,    0,    0,    0,    0, -999,  23.96,  24.08,  24.27,  24.38,  24.39,  24.17,  24.31,  24.20,  23.94,  23.59,  23.38,  23.40,  23.49,  23.76,  24.03,  23.69,  23.13,  23.73,  24.08,  23.77,  23.16,  23.38,  23.88,  24.92,  25.18,  25.19,  25.48,  25.45,  25.33,  25.69,  25.69
20020312, 1200,  , HU, 26.3S,  54.5E,  90,  954,    0,    0,    0,    0,    0,    0,    0,    0,    0,    0,    0,    0, -999,  24.67,  24.44,  24.37,  24.12,  24.68,  24.63,  24.70,  24.83,  25.11,  25.45,  25.48,  25.31,  25.26,  25.28,  25.50,  24.96,  23.88,  25.22,  25.40,  24.81,  24.33,  24.12,  24.14,  24.28,  24.07,  24.23,  24.11,  24.26,  24.07,  23.67,  23.87
20020312, 1800,  , HU, 27.4S,  55.2E,  80,  963,    0,    0,    0,    0,    0,    0,    0,    0,    0,    0,    0,    0, -999,  23.35,  23.31,  23.46,  23.62,  23.68,  23.84,  23.77,  23.62,  23.27,  22.86,  23.41,  23.92,  23.84,  24.04,  24.14,  24.40,  23.14,  23.28,  23.31,  23.22,  23.01,  22.98,  23.13,  23.12,  22.99,  23.40,  23.68,  24.02,  23.80,  24.25,  23.90
20020313, 0000,  , HU, 28.2S,  55.8E,  70,  972,    0,    0,    0,    0,    0,    0,    0,    0,    0,    0,    0,    0, -999,  22.14,  21.43,  21.54,  21.56,  22.11,  22.56,  22.62,  22.90,  22.87,  22.89,  22.77,  22.89,  23.25,  23.35,  23.31,  23.71,  21.12,  23.26,  23.88,  23.62,  23.04,  22.74,  22.58,  22.27,  22.27,  22.30,  22.69,  22.89,  22.72,  22.62,  22.50
20020313, 0600,  , TS, 29.0S,  56.4E,  55,  984,    0,    0,    0,    0,    0,    0,    0,    0,    0,    0,    0,    0, -999,  22.87,  22.57,  22.31,  22.64,  22.99,  23.20,  23.07,  23.36,  23.40,  23.43,  23.33,  23.31,  23.34,  23.10,  22.77,  23.33,  21.22,  21.18,  20.42,  20.14,  19.70,  20.14,  20.22,  20.32,  20.33,  20.63,  20.74,  20.69,  20.54,  21.01,  21.37
20020313, 1200,  , TS, 29.6S,  56.9E,  45,  991,    0,    0,    0,    0,    0,    0,    0,    0,    0,    0,    0,    0, -999,  23.67,  23.63,  23.44,  23.54,  23.42,  23.47,  23.01,  22.85,  22.79,  22.94,  23.09,  23.25,  23.23,  23.10,  22.77,  23.54,  22.69,  22.42,  21.91,  21.88,  21.64,  22.00,  21.87,  21.52,  21.09,  20.52,  20.37,  20.43,  20.52,  21.04,  21.86
20020313, 1800,  , TS, 30.1S,  57.7E,  40,  994,    0,    0,    0,    0,    0,    0,    0,    0,    0,    0,    0,    0, -999,  22.88,  22.63,  22.98,  22.95,  22.97,  22.87,  22.39,  21.77,  21.57,  21.75,  21.66,  21.56,  21.88,  21.86,  21.98,  23.04,  23.31,  22.87,  22.54,  22.53,  22.42,  22.24,  22.23,  22.30,  22.49,  22.50,  22.48,  22.29,  22.55,  22.39,  22.18
20020314, 0000,  , TS, 30.4S,  58.7E,  40,  994,    0,    0,    0,    0,    0,    0,    0,    0,    0,    0,    0,    0, -999,  21.11,  21.16,  21.40,  21.36,  21.25,  21.39,  21.62,  21.47,  21.56,  22.09,  22.29,  22.34,  21.59,  21.51,  21.85,  22.48,  21.24,  20.88,  20.53,  20.21,  20.08,  19.90,  19.82,  20.11,  20.21,  20.39,  20.37,  20.76,  21.00,  20.59,  20.49
