SH192007,            INDLALA,     42,
20070307, 0000,  , DB, 11.6S,  66.1E,  15, 1006,    0,    0,    0,    0,    0,    0,    0,    0,    0,    0,    0,    0, -999,  22.23,  22.48,  22.78,  23.91,  23.47,  23.55,  23.21,  22.37,  25.92,  24.04,  25.11,  25.25,  24.48,  24.51,  23.63,  24.87,  24.83,  24.00,  25.69,  25.26,  25.51,  25.22,  25.75,  27.73,  27.59,  27.39,  26.65,  26.75,  26.77,  26.24,  26.83
20070307, 0600,  , DB, 11.8S,  66.3E,  15, 1006,    0,    0,    0,    0,    0,    0,    0,    0,    0,    0,    0,    0, -999,  22.70,  22.61,  22.81,  23.10,  23.36,  23.18,  23.08,  24.97,  26.41,  24.23,  25.76,  25.70,  25.38,  24.98,  25.67,  24.91,  25.45,  26.41,  27.27,  26.56,  27.14,  26.84,  27.46,  27.60,  27.69,  27.65,  27.24,  27.05,  26.76,  26.60,  26.37
20070307, 1200,  , DB, 12.2S,  66.4E,  15, 1006,    0,    0,    0,    0,    0,    0,    0,    0,    0,    0,    0,    0, -999,  23.61,  22.43,  23.22,  23.76,  23.08,  23.17,  22.90,  22.04,  25.55,  26.08,  26.01,  26.05,  25.33,  24.97,  25.87,  25.50,  25.23,  25.54,  26.68,  26.47,  27.01,  26.41,  26.53,  27.50,  27.51,  27.71,  27.31,  26.97,  26.65,  26.70,  26.62
20070307, 1800,  , DB, 12.5S,  66.3E,  15, 1006,    0,    0,    0,    0,    0,    0,    0,    0,    0,    0,    0,    0, -999,  24.12,  23.97,  24.15,  24.37,  23.25,  23.99,  23.35,  23.04,  23.25,  26.57,  24.91,  25.95,  25.77,  25.33,  25.66,  26.46,  25.05,  25.73,  26.32,  25.71,  26.90,  26.29,  25.85,  27.12,  26.33,  27.19,  27.05,  26.82,  26.29,  26.38,  26.76
20070308, 0000,  , DB, 12.7S,  66.2E,  15, 1006,    0,    0,    0,    0,    0,    0,    0,    0,    0,    0,    0,    0, -999,  24.52,  24.17,  27.10,  24.11,  26.12,  26.39,  23.58,  23.87,  24.52,  23.18,  23.19,  23.67,  25.12,  24.75,  25.35,  25.02,  24.95,  25.98,  25.06,  25.82,  25.91,  25.38,  27.30,  26.90,  27.64,  27.47,  27.02,  26.67,  26.50,  26.80,  26.89
20070308, 0600,  , DB, 12.8S,  66.1E,  15, 1006,    0,    0,    0,    0,    0,    0,    0,    0,    0,    0,    0,    0, -999,  24.52,  24.17,  27.10,  24.11,  26.12,  26.39,  23.58,  23.87,  24.52,  23.18,  23.19,  23.67,  25.12,  24.75,  25.35,  25.02,  24.95,  25.98,  25.06,  25.82,  25.91,  25.38,  27.30,  26.90,  27.64,  27.47,  27.02,  26.67,  26.50,  26.80,  26.89
20070308, 1200,  , DB, 12.9S,  65.9E,  15, 1006,    0,    0,    0,    0,    0,    0,    0,    0,    0,    0,    0,    0, -999,  24.97,  24.89,  26.38,  26.63,  25.86,  26.59,  25.82,  25.13,  22.77,  24.79,  23.09,  24.18,  25.04,  22.71,  25.09,  24.99,  25.87,  24.98,  25.48,  24.26,  24.72,  25.05,  25.24,  25.68,  27.10,  26.24,  26.64,  26.93,  26.83,  26.74,  26.89
20070308, 1800,  , DB, 12.9S,  65.7E,  15, 1006,    0,    0,    0,    0,    0,    0,    0,    0,    0,    0,    0,    0, -999,  24.96,  24.90,  24.98,  26.83,  25.13,  26.55,  25.38,  25.55,  23.35,  25.50,  23.43,  24.34,  23.53,  22.59,  24.10,  23.50,  25.64,  25.23,  25.15,  23.59,  24.24,  24.55,  24.35,  25.15,  24.40,  24.33,  24.57,  26.02,  26.59,  26.45,  26.69
20070309, 0000,  , DB, 12.9S,  65.5E,  15, 1006,    0,    0,    0,    0,    0,    0,    0,    0,    0,    0,    0,    0, -999,  25.05,  25.35,  26.74,  24.80,  26.62,  25.48,  25.75,  24.03,  25.71,  24.54,  25.44,  23.45,  22.94,  24.44,  23.30,  24.10,  23.92,  25.21,  24.09,  24.08,  25.21,  24.48,  24.77,  23.92,  23.63,  23.30,  24.19,  25.98,  26.18,  26.44,  26.86
20070309, 0600,  , DB, 13.0S,  65.2E,  15, 1006,    0,    0,    0,    0,    0,    0,    0,    0,    0,    0,    0,    0, -999,  25.15,  25.82,  26.23,  25.88,  26.64,  24.89,  25.70,  23.92,  25.15,  23.26,  24.10,  23.19,  23.87,  24.93,  24.28,  24.89,  25.11,  24.96,  24.68,  23.57,  23.66,  24.07,  23.99,  23.89,  23.50,  23.45,  23.29,  23.37,  23.54,  25.19,  25.01
20070309, 1200,  , DB, 13.3S,  64.8E,  15, 1006,    0,    0,    0,    0,    0,    0,    0,    0,    0,    0,    0,    0, -999,  25.59,  26.58,  26.92,  25.59,  26.41,  23.16,  25.53,  23.83,  24.27,  22.61,  22.89,  23.46,  22.56,  23.17,  22.37,  22.77,  23.77,  23.52,  24.07,  23.54,  22.68,  22.60,  22.45,  23.46,  22.26,  23.12,  23.57,  23.99,  24.49,  24.09,  23.90
20070309, 1800,  , DB, 13.7S,  64.3E,  15, 1006,    0,    0,    0,    0,    0,    0,    0,    0,    0,    0,    0,    0, -999,  25.43,  24.57,  24.73,  22.38,  25.82,  22.47,  25.68,  23.15,  26.05,  24.06,  23.70,  23.81,  22.20,  23.68,  23.62,  22.45,  23.54,  22.98,  23.84,  23.55,  23.71,  24.35,  23.17,  23.96,  23.67,  23.22,  23.33,  23.30,  23.64,  24.19,  23.82
20070310, 0000,  , DB, 14.3S,  63.5E,  15, 1006,    0,    0,    0,    0,    0,    0,    0,    0,    0,    0,    0,    0, -999,  26.57,  25.87,  24.04,  25.22,  24.59,  25.33,  25.27,  24.31,  25.26,  24.38,  24.82,  24.40,  24.64,  24.15,  24.39,  24.82,  24.16,  25.00,  25.93,  25.56,  24.20,  24.76,  24.89,  24.09,  24.49,  24.12,  23.82,  24.10,  24.17,  24.74,  24.31
20070310, 0600,  , DB, 14.9S,  62.4E,  20, 1004,    0,    0,    0,    0,    0,    0,    0,    0,    0,    0,    0,    0, -999,  27.45,  26.93,  26.90,  27.00,  25.21,  25.85,  25.06,  25.35,  25.74,  25.11,  25.28,  25.83,  26.10,  26.18,  25.82,  24.61,  24.50,  24.06,  23.84,  27.65,  24.39,  26.57,  25.68,  25.41,  25.09,  25.03,  25.25,  25.61,  24.97,  26.62,  27.10
20070310, 1200,  , DB, 14.9S,  61.2E,  25, 1002,    0,    0,    0,    0,    0,    0,    0,    0,    0,    0,    0,    0, -999,  28.26,  27.44,  27.91,  27.17,  27.10,  26.56,  26.82,  26.72,  26.93,  27.40,  27.02,  26.97,  26.77,  26.79,  25.80,  25.90,  25.10,  25.27,  25.28,  25.08,  25.87,  25.54,  25.69,  26.32,  26.06,  26.70,  26.88,  26.45,  26.25,  25.79,  25.47
20070310, 1800,  , DB, 14.3S,  60.4E,  30, 1000,    0,    0,    0,    0,    0,    0,    0,    0,    0,    0,    0,    0, -999,  27.86,  27.77,  27.59,  27.68,  27.35,  27.08,  27.08,  27.14,  27.03,  27.27,  27.28,  27.34,  27.65,  27.43,  27.12,  27.04,  26.90,  26.71,  26.67,  26.46,  26.44,  26.44,  26.55,  26.76,  26.76,  26.59,  26.84,  27.23,  27.27,  26.63,  26.39
20070311, 0000,  , DB, 13.9S,  59.7E,  30, 1000,    0,    0,    0,    0,    0,    0,    0,    0,    0,    0,    0,    0, -999,  28.53,  28.48,  28.38,  28.02,  27.89,  27.62,  27.31,  27.21,  27.16,  27.47,  27.70,  28.02,  27.69,  27.48,  27.34,  27.27,  26.76,  25.77,  26.16,  25.25,  25.61,  25.30,  25.73,  26.23,  26.02,  26.61,  26.98,  27.21,  26.51,  26.37,  26.37
20070311, 0600,  , DB, 13.6S,  59.2E,  30, 1000,    0,    0,    0,    0,    0,    0,    0,    0,    0,    0,    0,    0, -999,  28.58,  27.60,  28.45,  28.00,  27.72,  27.50,  27.36,  27.41,  27.17,  27.61,  27.57,  27.74,  27.50,  27.47,  27.35,  27.14,  26.48,  25.70,  26.24,  24.47,  25.76,  24.90,  25.16,  25.33,  25.08,  26.11,  26.17,  26.52,  26.61,  26.21,  26.55
20070311, 1200,  , DB, 13.5S,  59.0E,  30, 1000,    0,    0,    0,    0,    0,    0,    0,    0,    0,    0,    0,    0, -999,  28.34,  28.64,  28.30,  27.96,  27.64,  27.56,  27.27,  27.19,  26.94,  27.57,  27.46,  27.72,  27.38,  27.48,  27.30,  26.78,  25.79,  25.32,  25.61,  24.04,  25.39,  24.72,  24.81,  24.59,  24.22,  25.88,  26.06,  26.35,  26.64,  26.01,  26.69
20070311, 1800,  , XX, 13.3S,  58.5E,  35,  996,    0,    0,    0,    0,    0,    0,    0,    0,    0,    0,    0,    0, -999,  28.63,  28.09,  28.16,  27.68,  27.60,  27.48,  27.30,  27.25,  26.83,  27.66,  27.54,  27.82,  27.23,  26.78,  26.33,  26.55,  25.98,  25.53,  25.73,  25.11,  25.95,  25.53,  24.45,  25.59,  24.82,  25.94,  26.10,  25.42,  25.97,  26.30,  26.35
20070312, 0000,  , XX, 13.1S,  58.0E,  40,  994,   45,   50,   45,   45,    0,    0,    0,    0,    0,    0,    0,    0, -999,  28.22,  28.08,  27.84,  27.70,  27.56,  27.58,  27.46,  27.07,  27.50,  27.48,  27.50,  27.61,  27.65,  27.14,  26.89,  26.52,  26.26,  25.38,  25.37,  26.03,  25.48,  25.07,  25.82,  24.69,  25.55,  26.41,  25.34,  26.54,  26.53,  26.04,  26.46
20070312, 0600,  , XX, 13.0S,  57.5E,  45,  991,   60,   55,   60,   50,    0,    0,    0,    0,    0,    0,    0,    0, -999,  28.23,  28.03,  27.79,  27.62,  26.86,  27.48,  27.26,  27.01,  27.24,  27.36,  27.49,  27.25,  27.68,  27.38,  27.22,  26.57,  26.20,  23.73,  24.36,  25.37,  24.61,  25.16,  25.76,  24.50,  25.77,  25.84,  25.75,  26.26,  26.09,  26.33,  26.09
20070312, 1200,  , XX, 12.9S,  57.0E,  55,  984,   70,   65,   70,   70,   25,   25,   25,   25,    0,    0,    0,    0, -999,  28.07,  27.90,  27.65,  27.44,  27.03,  27.36,  27.26,  26.91,  27.02,  27.35,  27.24,  27.36,  26.86,  26.92,  26.87,  26.94,  26.36,  24.99,  25.27,  25.55,  24.87,  25.06,  26.10,  25.48,  26.56,  25.12,  25.41,  26.77,  26.87,  27.57,  26.88
20070312, 1800,  , TS, 12.8S,  56.2E,  60,  978,   70,   80,   75,   70,   30,   30,   30,   30,    0,    0,    0,    0, -999,  25.00,  25.63,  25.66,  27.25,  26.57,  27.21,  26.81,  26.84,  26.46,  26.50,  26.66,  26.89,  27.13,  26.95,  26.74,  27.52,  27.18,  26.75,  25.31,  27.48,  26.23,  24.49,  27.26,  24.71,  25.30,  24.62,  24.60,  25.99,  24.88,  26.06,  27.77
20070313, 0000,  , XX, 12.8S,  55.4E,  70,  972,   85,  100,   90,   85,   40,   40,   40,   40,   25,   25,   25,   25, -999,  24.37,  24.81,  24.56,  27.30,  27.33,  27.56,  27.72,  25.17,  26.69,  26.91,  26.75,  26.78,  27.27,  26.18,  27.51,  25.34,  24.24,  24.75,  24.37,  23.18,  23.56,  24.50,  23.75,  26.42,  25.25,  24.20,  25.66,  24.85,  26.02,  27.10,  26.87
20070313, 0600,  , XX, 12.9S,  54.7E,  75,  967,  100,  120,  120,  100,   50,   50,   50,   50,   30,   30,   30,   30, -999,  25.70,  26.38,  24.86,  26.01,  26.08,  27.12,  26.97,  25.07,  25.49,  27.32,  27.81,  24.97,  27.87,  26.25,  26.25,  27.71,  22.73,  22.71,  24.91,  22.49,  25.67,  24.31,  23.66,  24.77,  25.56,  25.88,  25.52,  25.11,  26.27,  26.62,  25.08
20070313, 1200,  , XX, 13.1S,  54.1E,  75,  967,  100,  120,  120,  100,   50,   50,   50,   50,   30,   30,   30,   30, -999,  26.00,  25.26,  27.44,  26.95,  27.14,  28.26,  28.26,  27.41,  27.21,  26.48,  25.99,  25.89,  27.67,  26.77,  26.71,  27.39,  25.90,  24.57,  24.96,  25.30,  23.68,  24.87,  25.44,  24.50,  24.76,  24.45,  24.77,  26.04,  25.67,  25.09,  25.48
20070313, 1800,  , XX, 13.3S,  53.5E,  75,  967,  100,  120,  120,  100,   50,   50,   50,   50,   30,   30,   30,   30, -999,  25.92,  25.86,  26.28,  26.34,  26.66,  26.86,  26.53,  26.24,  26.16,  26.04,  25.83,  26.28,  26.85,  25.61,  25.44,  26.80,  24.70,  24.56,  25.67,  26.20,  25.76,  25.27,  25.87,  25.96,  26.19,  26.41,  26.54,  26.35,  26.20,  26.09,  25.59
20070314, 0000,  , XX, 13.7S,  52.8E,  90,  954,  150,  180,  180,  150,   60,   70,   70,   60,   35,   45,   45,   35, -999,  26.84,  26.22,  25.77,  28.26,  28.12,  25.96,  27.20,  27.38,  27.80,  27.99,  27.77,  27.36,  26.68,  27.14,  27.45,  25.38,  25.90,  27.88,  26.36,  25.54,  24.75,  25.23,  25.08,  25.16,  25.24,  26.00,  26.37,  26.18,  26.66,  26.07,  25.79
20070314, 0600,  , XX, 14.1S,  52.2E, 100,  944,  150,  190,  175,  140,   60,   70,   70,   60,   35,   45,   45,   35, -999,  28.37,  28.37,  28.32,  28.59,  28.51,  27.80,  27.78,  27.84,  27.53,  26.48,  27.91,  27.93,  27.95,  28.06,  27.68,  27.37,  27.57,  27.57,  27.55,  27.17,  26.54,  26.44,  26.35,  26.62,  26.36,  25.58,  25.98,  25.82,  26.00,  25.74,  25.49
20070314, 1200,  , XX, 14.5S,  51.5E, 115,  927,  160,  195,  190,  140,   60,   55,   60,   55,   40,   40,   40,   40, -999,  27.48,  27.80,  27.57,  27.91,  27.12,  27.81,  28.07,  28.21,  28.00,  28.55,  28.15,  27.96,  27.98,  28.05,  28.10,  28.02,  28.09,  25.17,  28.02,  27.66,  26.55,  26.12,  25.50,  25.87,  25.80,  25.87,  26.65,  27.08,  26.34,  26.27,  25.89
20070314, 1800,  , HU, 14.7S,  51.0E, 120,  933,  150,  165,  150,  140,   65,   65,   55,   55,   45,   45,   35,   35, -999,  27.91,  27.76,  27.49,  27.01,  27.07,  26.92,  26.71,  26.79,  26.36,  26.32,  25.86,  25.87,  25.94,  26.24,  27.16,  27.40,  26.88,  27.14,  26.87,  26.71,  26.43,  26.19,  26.26,  26.43,  26.66,  26.50,  26.65,  26.36,  26.28,  26.56,  26.64
20070315, 0000,  , HU, 14.8S,  50.5E, 110,  941,  135,  145,  115,  115,   60,   60,   50,   50,   40,   40,   30,   30, -999,  27.89,  27.11,  27.22,  27.01,  26.94,  26.93,  26.95,  26.55,  26.63,  26.36,  26.36,  26.42,  26.69,  26.76,  27.00,  26.84,  26.93,  22.66,  23.13,  22.98,  25.10,  25.97,  25.77,  25.86,  25.82,  26.22,  26.06,  26.28,  26.36,  26.38,  26.59
20070315, 0600,  , XX, 15.0S,  50.1E, 100,  944,  125,  130,  105,  105,   60,   60,   45,   45,   40,   40,   30,   30, -999,    nan,    nan,    nan,    nan,    nan,    nan,    nan,    nan,    nan,    nan,    nan,    nan,    nan,    nan,    nan,    nan,    nan,    nan,    nan,    nan,    nan,    nan,    nan,    nan,    nan,    nan,    nan,    nan,    nan,    nan,    nan
20070315, 1200,  , XX, 15.4S,  49.7E,  85,  958,  125,  130,  105,  105,   60,   60,   45,   45,   40,   40,   30,   30, -999,    nan,    nan,    nan,    nan,    nan,    nan,    nan,    nan,    nan,    nan,    nan,    nan,    nan,    nan,    nan,    nan,    nan,    nan,    nan,    nan,    nan,    nan,    nan,    nan,    nan,    nan,    nan,    nan,    nan,    nan,    nan
20070315, 1800,  , XX, 15.8S,  49.2E,  70,  972,  125,  130,  105,  105,   60,   60,   45,   45,   40,   40,   30,   30, -999,    nan,    nan,    nan,    nan,    nan,    nan,    nan,    nan,    nan,    nan,    nan,    nan,    nan,    nan,    nan,    nan,    nan,    nan,    nan,    nan,    nan,    nan,    nan,    nan,    nan,    nan,    nan,    nan,    nan,    nan,    nan
20070316, 0000,  , XX, 16.2S,  48.6E,  55,  984,  125,  130,  105,  105,   60,   60,   45,   45,    0,    0,    0,    0, -999,    nan,    nan,    nan,    nan,    nan,    nan,    nan,    nan,    nan,    nan,    nan,    nan,    nan,    nan,    nan,    nan,    nan,    nan,    nan,    nan,    nan,    nan,    nan,    nan,    nan,    nan,    nan,    nan,    nan,    nan,    nan
20070316, 0600,  , XX, 16.4S,  47.9E,  35,  997,  125,  130,  105,  105,    0,    0,    0,    0,    0,    0,    0,    0, -999,    nan,    nan,    nan,    nan,    nan,    nan,    nan,    nan,    nan,    nan,    nan,    nan,    nan,    nan,    nan,    nan,    nan,    nan,    nan,    nan,    nan,    nan,    nan,    nan,    nan,    nan,    nan,    nan,    nan,    nan,    nan
20070316, 1200,  , DB, 16.5S,  47.5E,  30, 1000,    0,    0,    0,    0,    0,    0,    0,    0,    0,    0,    0,    0, -999,    nan,    nan,    nan,    nan,    nan,    nan,    nan,    nan,    nan,    nan,    nan,    nan,    nan,    nan,    nan,    nan,    nan,    nan,    nan,    nan,    nan,    nan,    nan,    nan,    nan,    nan,    nan,    nan,    nan,    nan,    nan
20070316, 1800,  , DB, 16.6S,  47.2E,  30, 1000,    0,    0,    0,    0,    0,    0,    0,    0,    0,    0,    0,    0, -999,    nan,    nan,    nan,    nan,    nan,    nan,    nan,    nan,    nan,    nan,    nan,    nan,    nan,    nan,    nan,    nan,    nan,    nan,    nan,    nan,    nan,    nan,    nan,    nan,    nan,    nan,    nan,    nan,    nan,    nan,    nan
20070317, 0000,  , DB, 16.9S,  47.1E,  25, 1002,    0,    0,    0,    0,    0,    0,    0,    0,    0,    0,    0,    0, -999,    nan,    nan,    nan,    nan,    nan,    nan,    nan,    nan,    nan,    nan,    nan,    nan,    nan,    nan,    nan,    nan,    nan,    nan,    nan,    nan,    nan,    nan,    nan,    nan,    nan,    nan,    nan,    nan,    nan,    nan,    nan
20070317, 0600,  , DB, 17.1S,  47.5E,  25, 1002,    0,    0,    0,    0,    0,    0,    0,    0,    0,    0,    0,    0, -999,    nan,    nan,    nan,    nan,    nan,    nan,    nan,    nan,    nan,    nan,    nan,    nan,    nan,    nan,    nan,    nan,    nan,    nan,    nan,    nan,    nan,    nan,    nan,    nan,    nan,    nan,    nan,    nan,    nan,    nan,    nan
