SH192012,           NINETEEN,     14,
20120506, 0000,  , TD,  5.0S, 126.8E,  25, 1004,    0,    0,    0,    0,    0,    0,    0,    0,    0,    0,    0,    0, -999,  30.15,  29.98,  30.34,  30.28,  29.93,  30.09,  29.91,  30.01,  29.85,  29.45,  28.99,  28.38,  28.63,  29.02,  29.31,  28.61,  28.33,  28.53,  28.75,  28.80,  28.95,  28.88,  28.92,  29.36,  29.49,  29.51,  29.24,  28.94,  28.89,  28.53,  28.36
20120506, 0600,  , TD,  5.3S, 126.4E,  25, 1004,    0,    0,    0,    0,    0,    0,    0,    0,    0,    0,    0,    0, -999,  29.55,  29.27,  29.03,  29.43,  29.90,  30.23,  29.81,  29.92,  29.77,  29.37,  29.22,  28.02,  28.31,  28.50,  28.52,  28.80,  28.74,  28.53,  28.53,  28.35,  28.82,  29.12,  29.28,  29.35,  29.41,  29.30,  29.04,  28.34,  28.59,  28.70,  28.56
20120506, 1200,  , TD,  5.8S, 127.0E,  30, 1000,    0,    0,    0,    0,    0,    0,    0,    0,    0,    0,    0,    0, -999,  29.93,  29.46,  29.85,  29.81,  30.01,  29.64,  29.59,  29.75,  29.60,  29.37,  29.25,  28.25,  28.47,  28.82,  29.02,  29.00,  28.77,  28.68,  28.84,  28.90,  28.85,  29.08,  29.10,  28.95,  28.99,  29.11,  28.75,  28.79,  29.07,  29.12,  29.06
20120506, 1800,  , TD,  6.2S, 127.7E,  30, 1000,    0,    0,    0,    0,    0,    0,    0,    0,    0,    0,    0,    0, -999,  29.96,  29.83,  29.88,  29.36,  29.63,  29.24,  29.58,  29.58,  29.40,  28.98,  29.10,  28.70,  28.72,  28.77,  28.78,  28.91,  29.14,  29.20,  29.18,  29.27,  29.30,  29.26,  29.10,  28.91,  28.79,  28.83,  28.72,  28.90,  29.11,  29.01,  28.86
20120507, 0000,  , TD,  6.4S, 128.5E,  30, 1000,    0,    0,    0,    0,    0,    0,    0,    0,    0,    0,    0,    0, -999,  29.03,  29.30,  29.29,  29.21,  29.07,  28.48,  28.86,  28.96,  28.95,  29.01,  28.62,  28.44,  28.28,  28.21,  28.34,  28.49,  28.49,  28.32,  28.66,  28.79,  28.86,  28.78,  28.59,  28.64,  28.83,  28.31,  28.44,  28.68,  28.60,  28.45,  28.42
20120507, 0600,  , TD,  6.8S, 129.6E,  30, 1000,    0,    0,    0,    0,    0,    0,    0,    0,    0,    0,    0,    0, -999,  29.29,  29.65,  29.95,  29.40,  29.45,  29.34,  29.42,  29.32,  29.36,  29.42,  29.29,  29.16,  29.01,  28.84,  28.89,  28.86,  28.76,  28.36,  28.34,  28.70,  28.93,  28.62,  28.59,  28.40,  28.98,  28.57,  28.76,  29.13,  28.93,  28.76,  28.64
20120507, 1200,  , TD,  7.4S, 129.9E,  25, 1004,    0,    0,    0,    0,    0,    0,    0,    0,    0,    0,    0,    0, -999,  28.65,  28.95,  29.39,  29.39,  29.33,  28.69,  28.81,  28.88,  29.12,  29.31,  29.37,  29.61,  29.51,  29.24,  29.17,  29.01,  28.83,  28.55,  28.52,  28.82,  28.91,  28.99,  28.92,  28.67,  28.58,  28.43,  28.70,  29.06,  28.73,  28.51,  28.32
20120507, 1800,  , TD,  7.9S, 129.7E,  25, 1004,    0,    0,    0,    0,    0,    0,    0,    0,    0,    0,    0,    0, -999,  28.76,  29.01,  29.08,  29.18,  29.14,  28.71,  28.67,  28.46,  28.57,  28.65,  28.55,  28.53,  28.56,  28.42,  28.39,  28.45,  28.19,  28.06,  28.20,  28.22,  28.36,  28.47,  28.40,  28.32,  28.34,  28.29,  28.39,  28.41,  28.07,  28.08,  28.07
20120508, 0000,  , DB,  8.1S, 129.5E,  20, 1007,    0,    0,    0,    0,    0,    0,    0,    0,    0,    0,    0,    0, -999,  28.76,  29.01,  29.22,  28.96,  28.53,  28.58,  28.47,  28.61,  28.62,  28.56,  28.52,  28.44,  28.36,  28.34,  28.31,  28.51,  28.54,  28.48,  28.46,  28.48,  28.42,  28.41,  28.31,  28.36,  28.31,  28.33,  28.43,  28.20,  28.12,  28.11,  28.12
20120508, 0600,  , DB,  8.4S, 129.3E,  20, 1007,    0,    0,    0,    0,    0,    0,    0,    0,    0,    0,    0,    0, -999,  29.32,  29.41,  29.23,  28.95,  28.96,  29.00,  28.81,  29.08,  28.98,  28.70,  28.59,  28.43,  28.51,  28.51,  28.30,  28.20,  28.14,  28.10,  28.34,  28.66,  28.67,  28.58,  28.42,  28.35,  28.13,  28.37,  28.47,  28.26,  28.40,  28.34,  27.93
20120508, 1200,  , DB,  8.7S, 128.8E,  20, 1007,    0,    0,    0,    0,    0,    0,    0,    0,    0,    0,    0,    0, -999,  29.26,  29.92,  29.52,  28.72,  28.75,  29.08,  28.81,  28.94,  29.01,  29.03,  28.53,  28.49,  28.63,  28.45,  28.11,  28.27,  28.27,  28.11,  28.50,  28.41,  28.58,  28.63,  28.59,  28.48,  28.38,  28.39,  28.62,  28.18,  27.71,  27.67,  27.81
20120508, 1800,  , DB,  9.0S, 128.3E,  20, 1007,    0,    0,    0,    0,    0,    0,    0,    0,    0,    0,    0,    0, -999,  29.37,  29.69,  28.99,  29.27,  28.40,  29.07,  29.10,  29.30,  29.20,  29.16,  28.47,  28.30,  28.43,  28.60,  28.13,  28.16,  28.06,  27.96,  27.91,  27.92,  27.99,  28.28,  28.50,  28.34,  28.29,  28.48,  28.66,  28.21,  28.05,  28.02,  27.61
20120509, 0000,  , DB,  9.2S, 127.9E,  20, 1007,    0,    0,    0,    0,    0,    0,    0,    0,    0,    0,    0,    0, -999,  29.70,  28.92,  28.99,  28.61,  28.70,  28.59,  28.70,  28.70,  28.84,  28.42,  28.36,  28.51,  28.59,  28.20,  28.03,  27.99,  27.95,  28.20,  28.28,  28.28,  28.30,  28.16,  28.27,  28.42,  28.42,  28.47,  28.29,  27.95,  28.12,  27.78,  27.54
20120509, 0600,  , DB,  9.3S, 127.5E,  20, 1007,    0,    0,    0,    0,    0,    0,    0,    0,    0,    0,    0,    0, -999,  29.45,  28.60,  28.75,  28.78,  28.51,  28.77,  28.83,  28.71,  28.83,  27.98,  28.45,  28.54,  28.55,  28.44,  28.01,  27.74,  27.72,  27.96,  28.28,  28.26,  28.34,  28.40,  28.42,  28.51,  28.52,  28.42,  28.23,  27.90,  27.97,  27.87,  27.91
