SH192011,               BUNE,     27,
20110322, 1200,  , DB, 17.2S, 175.6W,  15, 1010,    0,    0,    0,    0,    0,    0,    0,    0,    0,    0,    0,    0, -999,  26.35,  26.54,  26.17,  25.92,  25.98,  26.05,  26.35,  26.41,  26.46,  26.27,  26.42,  26.50,  26.40,  26.16,  26.52,  26.11,  25.56,  25.80,  26.18,  26.06,  26.21,  26.43,  26.69,  27.34,  27.21,  28.03,  25.84,  26.38,  26.28,  25.91,  26.53
20110322, 1800,  , TD, 18.1S, 176.1W,  25, 1004,    0,    0,    0,    0,    0,    0,    0,    0,    0,    0,    0,    0, -999,  25.58,  25.40,  25.28,  25.20,  25.27,  25.29,  25.47,  25.57,  25.68,  25.89,  25.82,  26.09,  26.51,  26.50,  25.85,  26.12,  26.09,  26.08,  26.54,  26.63,  27.30,  27.41,  27.31,  27.54,  27.62,  27.23,  27.50,  27.02,  27.19,  27.22,  27.13
20110323, 0000,  , TD, 18.8S, 177.1W,  25, 1004,    0,    0,    0,    0,    0,    0,    0,    0,    0,    0,    0,    0, -999,  25.45,  25.60,  25.51,  25.46,  25.34,  25.37,  25.50,  25.58,  25.53,  25.40,  25.27,  25.29,  25.32,  25.29,  25.31,  25.30,  25.29,  25.32,  25.37,  25.45,  25.83,  26.17,  26.45,  26.57,  26.59,  26.74,  26.41,  26.25,  26.17,  25.74,  25.48
20110323, 0600,  , TD, 19.6S, 177.7W,  30, 1000,    0,    0,    0,    0,    0,    0,    0,    0,    0,    0,    0,    0, -999,  25.29,  25.20,  25.26,  25.37,  25.60,  25.80,  25.69,  25.71,  25.54,  25.40,  25.22,  25.27,  25.21,  25.20,  25.19,  25.18,  25.36,  25.38,  25.49,  25.57,  25.29,  25.31,  25.39,  25.66,  25.61,  25.63,  25.76,  25.81,  25.95,  25.86,  25.75
20110323, 1200,  , TD, 19.9S, 178.6W,  30, 1000,    0,    0,    0,    0,    0,    0,    0,    0,    0,    0,    0,    0, -999,  25.14,  24.86,  25.14,  25.23,  25.85,  25.62,  25.87,  25.75,  25.66,  25.84,  25.61,  25.69,  25.68,  25.84,  25.57,  25.54,  25.55,  25.48,  25.32,  25.11,  25.05,  25.45,  25.61,  26.18,  26.30,  25.98,  25.43,  25.45,  25.53,  25.34,  25.37
20110323, 1800,  , TS, 20.4S, 179.1W,  35,  996,   35,   45,   45,   35,    0,    0,    0,    0,    0,    0,    0,    0, -999,  25.21,  25.38,  25.39,  25.53,  25.43,  25.24,  25.41,  25.33,  25.39,  25.46,  25.70,  26.00,  25.95,  25.43,  24.96,  25.04,  25.47,  25.46,  24.45,  24.18,  24.80,  25.09,  24.91,  24.88,  25.52,  25.06,  24.56,  24.24,  24.19,  24.07,  24.14
20110324, 0000,  , TS, 20.6S, 179.7W,  40,  993,   35,   45,   45,   35,    0,    0,    0,    0,    0,    0,    0,    0, -999,  25.66,  25.85,  26.25,  26.11,  25.57,  25.50,  25.88,  25.98,  25.80,  25.24,  25.37,  25.72,  25.77,  25.69,  25.66,  25.55,  25.17,  23.87,  23.68,  24.15,  24.64,  24.02,  23.70,  23.89,  24.87,  25.09,  24.59,  24.72,  24.55,  24.56,  24.61
20110324, 0600,  , TS, 21.0S, 179.7W,  50,  985,   45,   50,   50,   45,    0,    0,    0,    0,    0,    0,    0,    0, -999,  25.60,  25.67,  25.99,  26.21,  25.91,  25.81,  25.79,  26.15,  26.27,  25.92,  25.81,  25.89,  25.72,  25.91,  25.85,  25.70,  25.34,  23.89,  23.70,  23.90,  24.25,  24.24,  24.11,  24.43,  24.86,  24.86,  24.88,  24.20,  23.92,  23.92,  23.99
20110324, 1200,  , TS, 21.3S, 179.8W,  55,  982,   70,   70,   60,   60,   40,   40,   35,   35,    0,    0,    0,    0, -999,  25.40,  25.30,  26.03,  26.45,  26.06,  25.86,  25.88,  26.07,  26.12,  26.08,  25.86,  25.46,  25.29,  25.40,  25.52,  25.57,  25.40,  24.11,  23.68,  25.70,  26.03,  25.58,  24.89,  24.30,  24.10,  23.76,  24.00,  23.44,  23.37,  23.46,  23.39
20110324, 1800,  , TS, 21.6S, 179.5W,  60,  978,   75,   85,   80,   70,   40,   45,   45,   35,    0,    0,    0,    0, -999,  24.64,  24.79,  25.42,  25.74,  25.12,  25.12,  25.66,  25.65,  26.54,  26.28,  25.97,  25.87,  25.57,  25.46,  25.37,  25.38,  25.24,  23.89,  22.57,  23.27,  23.99,  23.58,  22.98,  23.01,  23.68,  24.19,  24.33,  23.95,  23.82,  23.84,  23.48
20110325, 0000,  , HU, 21.9S, 179.3W,  65,  974,  100,  110,  110,   90,   50,   55,   55,   45,   25,   25,   25,   25, -999,  24.09,  24.29,  24.69,  24.76,  24.52,  24.32,  24.37,  24.72,  24.37,  24.32,  24.54,  24.39,  24.40,  24.26,  24.55,  24.62,  23.29,  22.17,  23.66,  23.90,  24.00,  22.69,  22.54,  22.87,  23.83,  23.49,  23.41,  23.51,  23.88,  22.97,  23.02
20110325, 0600,  , HU, 22.3S, 179.2W,  70,  970,  115,  115,  105,  105,   55,   55,   50,   50,   30,   30,   25,   25, -999,  24.42,  24.60,  25.08,  24.44,  24.05,  23.84,  24.07,  24.95,  24.98,  24.43,  24.23,  24.63,  24.46,  24.45,  24.45,  24.30,  23.08,  22.08,  23.47,  23.44,  23.19,  22.75,  22.51,  22.58,  23.15,  23.08,  22.54,  22.68,  23.02,  22.49,  22.60
20110325, 1200,  , HU, 22.5S, 179.3W,  70,  970,  135,  130,  120,  120,   65,   65,   55,   55,   35,   35,   30,   30, -999,  24.39,  24.38,  24.48,  24.00,  23.71,  23.66,  23.95,  24.65,  24.93,  24.05,  23.97,  24.05,  24.38,  24.41,  24.27,  24.20,  22.99,  21.98,  24.44,  23.59,  23.30,  22.82,  22.67,  22.48,  22.66,  23.06,  22.70,  22.69,  22.95,  22.52,  22.54
20110325, 1800,  , HU, 22.6S, 179.6W,  70,  970,  135,  135,  120,  120,   65,   65,   55,   55,   20,   20,   20,   20, -999,  23.13,  23.00,  22.87,  23.41,  23.93,  23.62,  23.64,  23.85,  23.86,  23.77,  23.32,  23.05,  23.18,  23.62,  23.57,  23.48,  22.65,  22.02,  24.66,  23.39,  23.61,  22.94,  22.32,  21.69,  21.67,  22.30,  22.16,  21.80,  21.81,  21.58,  22.04
20110326, 0000,  , HU, 22.9S, 179.7W,  70,  970,  135,  135,  120,  120,   65,   65,   55,   55,    0,    0,    0,    0, -999,  22.73,  22.34,  22.79,  22.60,  22.34,  22.60,  23.09,  23.20,  23.06,  22.99,  22.72,  22.77,  22.82,  22.93,  22.79,  22.31,  22.16,  23.60,  23.63,  24.00,  23.64,  22.52,  22.18,  22.57,  22.56,  22.50,  22.34,  22.21,  21.86,  21.94,  21.76
20110326, 0600,  , HU, 23.2S, 180.0W,  70,  970,  145,  145,  135,  135,   75,   75,   65,   65,    0,    0,    0,    0, -999,  21.93,  21.83,  22.21,  22.23,  22.10,  22.14,  21.98,  22.16,  21.93,  22.27,  21.95,  21.92,  22.11,  21.96,  21.58,  21.81,  22.28,  23.34,  23.66,  24.75,  23.92,  22.27,  21.84,  22.33,  22.87,  22.71,  22.36,  22.30,  22.22,  22.20,  21.50
20110326, 1200,  , HU, 23.4S, 179.6E,  70,  970,  145,  145,  135,  135,   75,   75,   65,   65,   50,   50,   45,   45, -999,  21.32,  21.26,  21.55,  21.58,  21.69,  21.82,  22.00,  22.30,  22.20,  22.00,  21.85,  21.78,  21.51,  21.72,  21.46,  21.86,  22.27,  22.59,  22.71,  22.92,  21.57,  20.67,  20.85,  20.93,  21.01,  20.94,  21.01,  20.96,  20.85,  21.24,  21.10
20110326, 1800,  , HU, 23.8S, 179.3E,  75,  967,  155,  155,  135,  135,   85,   85,   65,   65,   50,   50,   45,   45, -999,  21.67,  21.65,  22.22,  22.39,  22.71,  22.80,  22.80,  22.79,  22.79,  22.52,  22.46,  22.19,  22.04,  21.66,  21.38,  21.64,  21.79,  21.96,  22.32,  22.72,  21.39,  20.33,  20.29,  20.40,  20.60,  20.61,  20.31,  20.55,  20.88,  21.19,  21.16
20110327, 0000,  , HU, 24.2S, 178.9E,  70,  970,  160,  155,  135,  140,   85,   85,   65,   65,    0,    0,    0,    0, -999,  22.80,  22.73,  22.59,  22.61,  22.59,  22.51,  22.65,  22.48,  22.31,  22.31,  22.38,  22.52,  22.42,  22.10,  22.05,  21.57,  20.25,  20.17,  20.61,  21.20,  21.19,  21.02,  21.16,  21.04,  20.89,  21.06,  21.16,  21.29,  21.20,  20.88,  20.24
20110327, 0600,  , HU, 24.8S, 178.8E,  65,  974,  165,  165,  150,  150,   90,   90,   70,   70,    0,    0,    0,    0, -999,  22.39,  22.42,  22.52,  22.77,  22.76,  22.67,  22.55,  22.16,  22.28,  22.31,  22.27,  22.23,  22.15,  22.09,  22.34,  21.79,  21.52,  21.86,  21.67,  21.26,  20.76,  20.97,  21.47,  21.57,  21.81,  21.54,  21.91,  21.93,  21.84,  21.60,  21.37
20110327, 1200,  , HU, 25.7S, 179.0E,  65,  974,  165,  165,  150,  150,   90,   90,   70,   70,    0,    0,    0,    0, -999,  22.64,  22.62,  22.55,  22.71,  22.63,  22.61,  22.39,  21.80,  21.83,  21.48,  21.09,  20.75,  20.76,  20.83,  21.30,  21.27,  20.21,  20.91,  21.25,  20.94,  20.42,  20.17,  20.69,  21.27,  21.43,  21.72,  22.35,  22.80,  23.02,  22.86,  22.56
20110327, 1800,  , TS, 26.6S, 180.0W,  60,  978,  170,  150,  120,  100,   80,   80,   60,   60,    0,    0,    0,    0, -999,  22.03,  21.82,  21.86,  21.78,  22.51,  22.10,  22.47,  22.35,  22.99,  23.17,  23.09,  23.11,  23.17,  23.45,  23.58,  25.22,  22.18,  23.49,  23.81,  23.63,  23.41,  23.28,  23.81,  24.17,  24.01,  23.56,  23.50,  23.40,  23.55,  23.73,  24.11
20110328, 0000,  , TS, 27.6S, 179.0W,  50,  985,  170,  150,  130,  135,    0,    0,    0,    0,    0,    0,    0,    0, -999,  22.79,  22.86,  22.62,  22.56,  22.28,  22.20,  22.28,  22.44,  22.57,  22.70,  22.58,  22.27,  22.25,  22.21,  22.20,  22.61,  22.55,  22.90,  23.24,  22.84,  21.99,  21.68,  21.95,  21.99,  21.52,  21.41,  21.46,  21.58,  21.62,  21.63,  21.61
20110328, 0600,  , TS, 28.6S, 178.0W,  50,  985,  165,  175,  150,  130,    0,    0,    0,    0,    0,    0,    0,    0, -999,  19.14,  19.26,  19.69,  19.32,  18.78,  18.60,  18.59,  18.90,  19.18,  18.73,  18.80,  18.69,  18.77,  19.18,  19.29,  19.76,  20.69,  20.40,  19.41,  18.62,  18.24,  18.29,  18.86,  18.92,  19.04,  19.36,  19.31,  19.19,  19.14,  19.28,  19.76
20110328, 1200,  , TS, 29.5S, 176.5W,  45,  989,  165,  175,  150,  130,    0,    0,    0,    0,    0,    0,    0,    0, -999,  18.36,  18.63,  18.60,  18.52,  18.20,  18.28,  18.28,  18.28,  18.20,  18.32,  18.22,  18.31,  18.35,  18.55,  18.98,  18.70,  17.44,  18.41,  18.79,  19.19,  19.02,  19.21,  19.31,  19.12,  18.93,  18.38,  18.23,  18.48,  18.82,  18.94,  18.87
20110328, 1800,  , TS, 31.2S, 176.2W,  45,  989,  120,  150,  150,  120,    0,    0,    0,    0,    0,    0,    0,    0, -999,  20.96,  20.98,  21.29,  21.01,  21.03,  20.83,  20.42,  20.39,  20.25,  20.10,  19.32,  18.98,  19.03,  19.18,  19.09,  18.86,  18.66,  19.57,  19.32,  19.34,  19.37,  19.34,  19.52,  19.51,  19.30,  19.29,  19.25,  19.91,  20.39,  20.72,  21.12
20110329, 0000,  , EX, 32.7S, 176.0W,  45,  989,  130,  160,  160,  130,    0,    0,    0,    0,    0,    0,    0,    0, -999,  16.48,  16.46,  16.61,  17.63,  17.16,  17.11,  18.03,  17.79,  17.01,  17.41,  18.16,  19.63,  18.58,  17.70,  17.70,  17.97,  17.61,  16.41,  17.39,  18.27,  18.91,  19.56,  19.43,  19.07,  18.84,  18.94,  18.84,  18.60,  18.97,  19.40,  19.53
