SH192017,               ELLA,     34,
20170507, 0600,  , DB, 17.5S, 176.2W,  20, 1007,    0,    0,    0,    0,    0,    0,    0,    0,    0,    0,    0,    0, -999,  35.99,  35.98,  35.82,  35.52,  35.50,  35.45,  35.59,  35.62,  35.72,  35.85,  35.76,  35.84,  35.78,  35.71,  35.66,  35.55,  35.52,  35.57,  35.42,  35.32,  35.43,  35.38,  35.35,  35.34,  35.26,  35.55,  35.24,  35.03,  35.08,  35.02,  35.48
20170507, 1200,  , TD, 17.3S, 175.2W,  25, 1004,    0,    0,    0,    0,    0,    0,    0,    0,    0,    0,    0,    0, -999,  35.79,  35.52,  35.36,  35.24,  35.20,  35.13,  35.13,  35.44,  35.35,  35.55,  35.63,  35.68,  35.72,  35.61,  35.64,  35.67,  36.12,  35.70,  35.81,  35.83,  35.44,  35.46,  35.42,  35.36,  35.36,  35.33,  35.36,  35.34,  35.33,  35.33,  35.38
20170507, 1800,  , TD, 16.9S, 174.5W,  30, 1000,    0,    0,    0,    0,    0,    0,    0,    0,    0,    0,    0,    0, -999,  35.41,  35.70,  35.77,  35.75,  35.65,  35.81,  35.35,  35.37,  34.92,  34.95,  35.04,  35.07,  35.27,  35.29,  35.43,  35.54,  36.01,  35.55,  35.47,  35.38,  35.35,  35.31,  35.38,  35.35,  35.28,  35.28,  35.26,  35.29,  35.32,  35.34,  35.39
20170508, 0000,  , TS, 16.4S, 173.6W,  35,  996,    0,    0,    0,    0,    0,    0,    0,    0,    0,    0,    0,    0, -999,  35.13,  35.23,  35.28,  35.29,  35.24,  35.28,  35.32,  35.30,  35.30,  35.20,  35.21,  35.25,  35.29,  35.20,  35.24,  35.35,  35.29,  35.28,  35.05,  34.95,  34.98,  35.12,  35.17,  35.22,  35.15,  35.14,  35.13,  35.13,  35.13,  35.11,  34.95
20170508, 0600,  , TS, 16.1S, 172.6W,  40,  993,    0,   90,   45,    0,    0,    0,    0,    0,    0,    0,    0,    0, -999,  35.68,  35.48,  35.23,  35.15,  35.08,  35.17,  34.86,  35.12,  35.48,  35.10,  35.28,  35.26,  35.23,  35.40,  35.24,  35.31,  35.24,  35.73,  35.02,  34.87,  34.78,  34.94,  35.07,  35.01,  35.02,  34.95,  34.94,  34.97,  34.93,  34.91,  35.15
20170508, 1200,  , TS, 15.9S, 172.4W,  40,  993,   45,   80,   55,   40,    0,    0,    0,    0,    0,    0,    0,    0, -999,  35.29,  35.59,  35.12,  34.98,  35.03,  35.18,  35.16,  35.05,  35.23,  35.36,  35.17,  35.44,  35.13,  35.22,  35.33,  35.18,  35.05,  35.07,  35.00,  34.95,  34.83,  35.05,  35.05,  35.01,  35.05,  35.08,  35.03,  34.85,  35.14,  35.14,  35.07
20170508, 1800,  , TS, 15.8S, 172.4W,  40,  993,   40,   80,   65,   40,    0,    0,    0,    0,    0,    0,    0,    0, -999,  35.29,  35.59,  35.12,  34.98,  35.03,  35.18,  35.16,  35.05,  35.23,  35.36,  35.17,  35.44,  35.13,  35.22,  35.33,  35.18,  35.05,  35.07,  35.00,  34.95,  34.83,  35.05,  35.05,  35.01,  35.05,  35.08,  35.03,  34.85,  35.14,  35.14,  35.07
20170509, 0000,  , TS, 15.2S, 172.8W,  45,  989,   30,   85,   35,   30,    0,    0,    0,    0,    0,    0,    0,    0, -999,  35.21,  35.25,  35.22,  35.29,  35.14,  35.45,  35.46,  35.20,  34.82,  34.99,  35.14,  35.27,  35.18,  35.16,  35.07,  35.09,  35.12,  35.09,  34.98,  35.00,  35.06,  35.06,  35.08,  35.16,  35.14,  35.15,  35.15,  35.11,  35.18,  35.22,  35.21
20170509, 0600,  , TS, 15.0S, 173.0W,  45,  989,   55,  130,   80,   40,    0,    0,    0,    0,    0,    0,    0,    0, -999,  35.55,  35.53,  35.49,  35.47,  35.20,  35.48,  35.40,  35.28,  35.27,  34.95,  35.01,  34.91,  35.16,  35.17,  35.04,  35.08,  35.14,  35.08,  35.02,  35.00,  34.88,  34.96,  35.09,  35.09,  35.04,  35.02,  35.12,  35.10,  35.09,  35.16,  35.13
20170509, 1200,  , TS, 14.9S, 173.2W,  45,  988,   30,   35,   35,   30,    0,    0,    0,    0,    0,    0,    0,    0, -999,  35.61,  35.57,  35.43,  35.35,  35.36,  35.39,  35.36,  35.29,  35.32,  35.09,  35.04,  34.80,  34.98,  35.14,  35.05,  35.09,  35.19,  35.06,  35.00,  35.01,  34.86,  34.76,  35.01,  35.13,  35.05,  34.97,  35.03,  35.11,  35.13,  35.12,  35.11
20170509, 1800,  , TS, 14.9S, 174.1W,  45,  988,   30,   35,   35,   30,    0,    0,    0,    0,    0,    0,    0,    0, -999,  35.57,  35.31,  35.29,  34.91,  35.11,  34.86,  35.01,  34.95,  35.08,  35.08,  35.16,  35.19,  35.20,  35.24,  35.00,  35.01,  35.00,  35.19,  34.99,  34.98,  35.01,  35.07,  35.05,  35.03,  35.05,  34.91,  34.87,  35.04,  35.07,  35.05,  35.06
20170510, 0000,  , TS, 14.8S, 175.0W,  50,  985,   50,   80,   55,   40,    0,    0,    0,    0,    0,    0,    0,    0, -999,  35.35,  35.38,  35.30,  35.33,  35.31,  35.31,  35.25,  35.25,  35.23,  35.29,  35.34,  35.25,  35.17,  35.09,  35.22,  35.11,  35.05,  34.92,  35.03,  35.09,  35.28,  35.03,  35.10,  35.01,  35.02,  35.04,  34.95,  35.11,  35.07,  35.06,  35.09
20170510, 0600,  , TS, 14.6S, 175.5W,  50,  985,   50,   80,   55,   40,    0,    0,    0,    0,    0,    0,    0,    0, -999,  35.29,  35.27,  35.41,  35.49,  35.45,  35.34,  35.23,  35.23,  35.19,  35.23,  35.39,  35.40,  35.36,  35.30,  35.34,  35.24,  35.58,  34.98,  35.10,  35.05,  35.27,  35.24,  35.28,  34.90,  34.83,  34.86,  34.90,  34.95,  34.89,  34.78,  34.74
20170510, 1200,  , TS, 14.3S, 175.9W,  50,  985,   75,   80,   55,   30,   10,   15,    0,    0,    0,    0,    0,    0, -999,  35.38,  35.43,  35.37,  35.47,  35.49,  35.42,  35.35,  35.30,  35.25,  35.33,  35.59,  35.43,  35.32,  35.18,  35.27,  35.36,  35.56,  35.17,  34.88,  35.03,  35.04,  34.96,  35.04,  34.90,  34.87,  34.93,  34.91,  34.99,  34.78,  34.66,  34.65
20170510, 1800,  , TS, 14.3S, 176.3W,  55,  982,   75,   80,   55,   30,   10,   15,    0,    0,    0,    0,    0,    0, -999,  35.40,  35.40,  35.39,  35.37,  35.35,  35.31,  35.23,  35.22,  35.16,  35.26,  35.35,  35.41,  35.33,  35.24,  35.28,  35.30,  35.77,  35.88,  34.97,  35.10,  35.13,  35.04,  35.08,  35.05,  35.02,  35.10,  34.96,  35.06,  34.83,  34.87,  34.94
20170511, 0000,  , TS, 14.2S, 176.7W,  55,  982,   75,   80,   55,   35,   10,   15,    0,    0,    0,    0,    0,    0, -999,  35.44,  35.42,  35.38,  35.34,  35.29,  35.25,  35.37,  35.24,  35.26,  35.25,  35.30,  35.31,  35.20,  35.19,  35.19,  35.23,  35.89,  35.43,  35.06,  35.07,  35.24,  35.16,  35.12,  34.93,  34.94,  35.11,  34.80,  34.55,  34.80,  34.88,  34.85
20170511, 0600,  , TS, 14.1S, 177.1W,  60,  978,   75,   80,   55,   35,   15,   15,   15,   15,    0,    0,    0,    0, -999,  35.48,  35.46,  35.42,  35.34,  35.32,  35.29,  35.32,  35.23,  35.29,  35.32,  35.34,  35.29,  35.22,  35.25,  35.31,  35.21,  35.83,  35.53,  35.24,  35.19,  35.33,  35.15,  34.98,  35.02,  35.04,  35.07,  34.88,  34.66,  34.55,  34.42,  34.30
20170511, 1200,  , HU, 14.1S, 177.5W,  65,  974,   65,   65,   45,   45,   20,   20,   20,   20,    0,    0,    0,    0, -999,  35.05,  35.27,  35.27,  35.42,  35.36,  35.32,  35.35,  35.35,  35.39,  35.52,  35.50,  35.47,  35.30,  35.18,  35.41,  35.29,  35.87,  35.45,  35.38,  35.41,  35.34,  35.25,  35.05,  35.15,  35.13,  35.11,  34.94,  34.64,  34.32,  34.30,  34.30
20170511, 1800,  , HU, 14.0S, 177.8W,  65,  974,   65,   70,   50,   40,   20,   20,   20,   20,    0,    0,    0,    0, -999,  35.48,  36.10,  35.98,  35.83,  35.18,  35.95,  35.80,  35.51,  35.79,  35.90,  35.54,  35.31,  35.30,  35.20,  35.27,  35.29,  35.75,  35.31,  35.24,  35.40,  35.55,  35.32,  35.05,  35.17,  35.17,  35.15,  34.84,  34.60,  34.30,  34.27,  34.36
20170512, 0000,  , HU, 13.8S, 178.0W,  70,  970,   65,   70,   60,   45,   25,   25,   20,   15,   10,   10,    5,    5, -999,  35.08,  35.46,  35.24,  35.13,  34.96,  34.87,  35.84,  36.04,  35.98,  35.87,  36.02,  35.79,  35.50,  35.16,  35.19,  35.47,  35.38,  35.25,  35.63,  35.84,  35.45,  35.12,  35.23,  35.13,  34.94,  34.52,  34.25,  34.27,  34.55,  34.47,  34.52
20170512, 0600,  , HU, 13.6S, 178.2W,  70,  970,   65,   70,   60,   45,   25,   25,   20,   20,   15,   15,   15,   15, -999,  34.72,  34.63,  34.55,  34.43,  34.35,  34.33,  34.80,  34.69,  34.60,  35.50,  35.99,  35.77,  35.67,  35.47,  35.27,  35.36,  35.71,  35.31,  35.69,  35.76,  35.43,  34.90,  34.72,  34.72,  34.80,  34.45,  34.33,  34.58,  34.49,  34.65,  34.77
20170512, 1200,  , HU, 13.5S, 178.5W,  70,  970,   60,   45,   35,   25,   20,   20,   20,   20,   15,   15,   15,   15, -999,  34.66,  34.62,  34.58,  34.45,  34.41,  34.42,  34.37,  34.53,  34.48,  34.43,  34.49,  34.50,  35.41,  35.69,  35.26,  35.32,  35.84,  35.19,  35.26,  35.77,  35.61,  35.37,  35.56,  35.03,  34.62,  34.83,  34.60,  35.06,  34.98,  34.84,  34.80
20170512, 1800,  , HU, 13.6S, 178.6W,  65,  974,   60,   45,   35,   25,   20,   20,   20,   20,   15,   15,   15,   15, -999,  34.48,  34.46,  34.38,  34.36,  34.34,  34.38,  34.33,  34.50,  34.48,  34.51,  34.58,  34.71,  35.65,  35.71,  35.56,  35.81,  35.96,  35.27,  35.23,  35.65,  35.54,  35.48,  35.68,  35.15,  34.68,  35.00,  34.30,  35.12,  34.90,  34.71,  34.86
20170513, 0000,  , TS, 13.6S, 178.8W,  60,  978,   60,   45,   35,   25,   20,   20,   20,   20,    0,    0,    0,    0, -999,  34.42,  34.42,  34.39,  34.40,  34.46,  34.48,  34.58,  34.67,  34.81,  34.47,  34.35,  34.43,  34.57,  35.65,  35.82,  35.98,  35.41,  35.30,  35.52,  35.26,  34.97,  35.25,  35.13,  34.96,  34.72,  34.96,  35.45,  34.92,  35.16,  34.91,  35.16
20170513, 0600,  , TS, 13.5S, 179.1W,  55,  982,   70,   60,   50,   30,   20,   20,   15,   10,    0,    0,    0,    0, -999,  34.48,  34.47,  34.40,  34.44,  34.48,  34.70,  34.59,  35.67,  35.71,  34.87,  35.55,  34.44,  34.53,  35.17,  35.90,  35.94,  35.39,  35.34,  35.56,  35.35,  35.40,  35.30,  35.47,  35.19,  34.84,  34.99,  35.36,  35.11,  35.09,  34.89,  35.37
20170513, 1200,  , TS, 13.4S, 179.5W,  50,  985,   70,   60,   50,   30,   20,   20,   15,   10,    0,    0,    0,    0, -999,  34.62,  34.63,  34.42,  34.25,  34.22,  34.32,  34.38,  34.58,  35.32,  35.98,  35.61,  35.53,  35.17,  34.90,  35.19,  35.74,  35.84,  35.40,  35.38,  34.70,  34.98,  34.66,  34.73,  35.18,  34.87,  35.90,  36.02,  35.82,  35.69,  36.02,  35.67
20170513, 1800,  , TS, 13.1S, 179.8W,  45,  989,   70,   60,   50,   30,    0,    0,    0,    0,    0,    0,    0,    0, -999,  34.45,  34.42,  34.30,  34.25,  34.26,  34.34,  34.41,  35.39,  35.90,  35.86,  35.70,  35.71,  35.79,  35.58,  35.98,  35.91,  34.21,  35.49,  35.24,  35.38,  34.52,  34.59,  34.69,  34.53,  35.31,  35.41,  35.80,  35.71,  35.36,  35.71,  35.29
20170514, 0000,  , TS, 12.9S, 179.0E,  40,  993,   45,   35,   40,   30,    0,    0,    0,    0,    0,    0,    0,    0, -999,  34.37,  34.36,  34.37,  34.30,  34.23,  34.18,  34.14,  34.11,  34.14,  34.05,  34.05,  34.25,  34.43,  34.72,  34.34,  34.02,  35.67,  34.01,  35.21,  34.00,  33.89,  33.98,  34.13,  34.28,  34.25,  34.23,  34.30,  34.92,  34.83,  34.82,  34.98
20170514, 0600,  , TD, 12.5S, 177.6E,  30, 1000,    0,    0,    0,    0,    0,    0,    0,    0,    0,    0,    0,    0, -999,  34.23,  34.27,  34.38,  34.47,  34.43,  34.52,  34.42,  34.35,  34.46,  34.40,  34.07,  34.20,  34.33,  34.45,  34.37,  34.40,  34.31,  34.32,  34.40,  34.40,  34.63,  34.62,  34.63,  34.54,  34.52,  34.53,  34.65,  34.70,  34.85,  35.02,  35.20
20170514, 1200,  , TD, 12.1S, 176.3E,  25, 1004,    0,    0,    0,    0,    0,    0,    0,    0,    0,    0,    0,    0, -999,  34.59,  34.82,  34.70,  34.86,  35.40,  35.82,  35.57,  35.42,  35.94,  36.14,  35.88,  35.89,  35.00,  34.72,  34.74,  34.86,  34.50,  35.11,  34.42,  34.50,  34.48,  34.54,  34.44,  34.51,  34.68,  34.77,  34.72,  34.88,  34.72,  34.82,  34.94
20170514, 1800,  , DB, 12.1S, 175.4E,  20, 1007,    0,    0,    0,    0,    0,    0,    0,    0,    0,    0,    0,    0, -999,  34.41,  34.35,  34.82,  34.30,  34.32,  34.36,  34.34,  34.42,  34.52,  34.50,  34.52,  34.38,  34.45,  34.54,  34.53,  35.33,  35.02,  35.65,  35.12,  35.26,  35.27,  35.32,  35.75,  35.68,  35.80,  35.82,  35.78,  35.93,  36.07,  35.96,  35.76
20170515, 0000,  , DB, 12.4S, 174.1E,  20, 1007,    0,    0,    0,    0,    0,    0,    0,    0,    0,    0,    0,    0, -999,  34.57,  34.58,  34.29,  34.26,  34.25,  34.29,  34.73,  34.79,  34.86,  35.33,  35.58,  35.59,  35.44,  35.55,  35.37,  35.55,  35.45,  35.15,  35.20,  35.11,  35.16,  35.15,  35.11,  34.48,  35.08,  34.95,  35.32,  35.47,  34.80,  35.21,  35.01
20170515, 0600,  , DB, 12.9S, 172.7E,  20, 1007,    0,    0,    0,    0,    0,    0,    0,    0,    0,    0,    0,    0, -999,  34.93,  34.81,  34.80,  34.89,  34.52,  34.57,  34.54,  34.51,  34.49,  34.93,  34.46,  35.12,  35.26,  35.59,  35.58,  35.51,  35.59,  35.21,  35.61,  35.21,  35.22,  34.67,  35.92,  35.77,  35.74,  35.28,  35.70,  35.40,  35.50,  35.29,  35.48
20170515, 1200,  , DB, 13.0S, 171.6E,  20, 1007,    0,    0,    0,    0,    0,    0,    0,    0,    0,    0,    0,    0, -999,  34.86,  34.97,  34.96,  35.09,  35.09,  34.89,  35.75,  35.66,  35.69,  35.70,  35.67,  35.62,  35.68,  35.76,  35.61,  35.33,  35.47,  35.38,  35.09,  34.91,  34.82,  34.98,  35.12,  35.08,  35.04,  35.23,  35.19,  35.49,  35.40,  35.27,  35.12
