SH202014,               MIKE,     10,
20140318, 0600,  , DB, 13.4S, 163.0W,  20, 1007,    0,    0,    0,    0,    0,    0,    0,    0,    0,    0,    0,    0, -999,  36.33,  36.37,  36.31,  36.33,  36.38,  36.34,  36.14,  36.10,  36.04,  35.94,  36.04,  36.00,  36.08,  36.00,  36.05,  36.06,  36.16,  36.17,  36.29,  36.19,  36.22,  36.21,  36.23,  36.25,  36.25,  36.27,  36.33,  36.33,  36.16,  36.05,  36.00
20140318, 1200,  , TD, 14.8S, 162.2W,  25, 1004,    0,    0,    0,    0,    0,    0,    0,    0,    0,    0,    0,    0, -999,  35.92,  36.22,  36.16,  36.05,  36.09,  36.07,  35.95,  35.77,  35.89,  35.98,  36.04,  36.06,  36.05,  36.05,  36.06,  35.75,  35.83,  35.79,  36.31,  36.44,  36.36,  36.23,  35.96,  35.98,  36.38,  36.34,  36.25,  36.21,  36.24,  36.13,  36.06
20140318, 1800,  , DB, 16.3S, 161.4W,  25, 1004,    0,    0,    0,    0,    0,    0,    0,    0,    0,    0,    0,    0, -999,  36.07,  36.14,  36.00,  35.89,  35.74,  35.63,  35.74,  35.82,  35.79,  35.72,  35.84,  36.00,  36.28,  36.04,  35.95,  35.87,  35.86,  36.29,  35.96,  35.88,  35.75,  35.66,  35.85,  35.96,  36.10,  35.88,  35.79,  35.74,  35.68,  35.71,  35.80
20140319, 0000,  , TD, 18.4S, 160.3W,  30,  997,    0,    0,    0,    0,    0,    0,    0,    0,    0,    0,    0,    0, -999,  35.96,  35.98,  36.00,  35.98,  35.96,  35.96,  35.96,  35.95,  35.90,  35.93,  35.89,  35.82,  35.86,  35.88,  35.89,  35.88,  35.89,  35.97,  35.92,  35.95,  35.95,  35.94,  35.97,  35.93,  35.90,  35.83,  35.80,  35.74,  35.72,  35.71,  35.69
20140319, 0600,  , TD, 20.5S, 159.3W,  30, 1000,    0,    0,    0,    0,    0,    0,    0,    0,    0,    0,    0,    0, -999,  36.02,  36.09,  35.96,  35.91,  35.91,  35.90,  35.87,  35.89,  35.89,  35.87,  35.84,  35.81,  35.82,  35.82,  35.80,  35.80,  35.78,  35.77,  35.81,  35.82,  35.80,  35.80,  35.80,  35.76,  35.78,  35.79,  35.78,  35.71,  35.66,  35.73,  35.70
20140319, 1200,  , TD, 22.6S, 158.5W,  30, 1000,    0,    0,    0,    0,    0,    0,    0,    0,    0,    0,    0,    0, -999,  35.87,  35.94,  35.85,  35.83,  35.82,  35.86,  35.85,  35.83,  35.80,  35.88,  35.84,  35.83,  35.83,  35.84,  35.88,  35.81,  35.82,  35.82,  35.81,  35.81,  35.81,  35.81,  35.82,  35.82,  35.81,  35.80,  35.80,  35.79,  35.78,  35.78,  35.77
20140319, 1800,  , TS, 24.8S, 158.5W,  35,  996,    0,    0,    0,    0,    0,    0,    0,    0,    0,    0,    0,    0, -999,  35.80,  35.77,  35.74,  35.73,  35.72,  35.72,  35.72,  35.72,  35.72,  35.71,  35.72,  35.72,  35.72,  35.71,  35.66,  35.55,  35.47,  35.52,  35.44,  35.50,  35.44,  35.60,  35.64,  35.60,  35.66,  35.66,  35.73,  35.70,  35.67,  35.65,  35.61
20140320, 0000,  , TD, 26.2S, 159.0W,  30, 1000,    0,    0,    0,    0,    0,    0,    0,    0,    0,    0,    0,    0, -999,  35.68,  35.71,  35.71,  35.72,  35.70,  35.69,  35.70,  35.66,  35.64,  35.65,  35.62,  35.62,  35.64,  35.64,  35.59,  35.55,  35.53,  35.48,  35.58,  35.59,  35.58,  35.52,  35.50,  35.52,  35.61,  35.58,  35.45,  35.43,  35.45,  35.48,  35.49
20140320, 0600,  , EX, 27.1S, 159.7W,  30, 1000,    0,    0,    0,    0,    0,    0,    0,    0,    0,    0,    0,    0, -999,  35.55,  35.61,  35.76,  35.75,  35.72,  35.63,  35.55,  35.55,  35.57,  35.61,  35.57,  35.55,  35.58,  35.60,  35.56,  35.54,  35.53,  35.55,  35.55,  35.56,  35.56,  35.55,  35.57,  35.59,  35.57,  35.56,  35.56,  35.57,  35.57,  35.55,  35.56
20140320, 1200,  , EX, 26.4S, 160.6W,  25, 1004,    0,    0,    0,    0,    0,    0,    0,    0,    0,    0,    0,    0, -999,  35.59,  35.70,  35.67,  35.75,  35.63,  35.55,  35.62,  35.52,  35.54,  35.56,  35.43,  35.50,  35.53,  35.56,  35.60,  35.59,  35.58,  35.57,  35.57,  35.58,  35.54,  35.54,  35.54,  35.54,  35.54,  35.57,  35.56,  35.57,  35.56,  35.56,  35.58
