SH201999,            UNNAMED,     16,
19990210, 0000,  , LO, 16.1S, 147.9E,  20,    0,    0,    0,    0,    0,    0,    0,    0,    0,    0,    0,    0,    0, -999,  35.28,  35.26,  35.24,  35.21,  35.23,  35.22,  35.22,  35.24,  35.34,  35.35,  35.35,  35.35,  35.32,  35.31,  35.29,  35.31,  35.30,  35.29,  35.29,  35.30,  35.32,  35.30,  35.32,  35.27,  35.28,  35.32,  35.31,  35.32,  35.29,  35.30,  35.34
19990210, 0600,  , LO, 15.9S, 148.2E,  25,    0,    0,    0,    0,    0,    0,    0,    0,    0,    0,    0,    0,    0, -999,  35.35,  35.35,  35.32,  35.27,  35.27,  35.26,  35.26,  35.28,  35.34,  35.32,  35.31,  35.31,  35.27,  35.30,  35.27,  35.28,  35.28,  35.27,  35.22,  35.25,  35.34,  35.38,  35.44,  35.41,  35.42,  35.42,  35.43,  35.46,  35.46,  35.45,  35.50
19990210, 1200,  , LO, 16.2S, 148.4E,  25,    0,    0,    0,    0,    0,    0,    0,    0,    0,    0,    0,    0,    0, -999,  35.22,  35.22,  35.26,  35.27,  35.31,  35.30,  35.26,  35.25,  35.30,  35.34,  35.38,  35.36,  35.30,  35.31,  35.31,  35.29,  35.31,  35.31,  35.30,  35.31,  35.32,  35.30,  35.30,  35.30,  35.29,  35.28,  35.34,  35.35,  35.36,  35.34,  35.40
19990210, 1800,  , TS, 16.6S, 148.1E,  35,    0,    0,    0,    0,    0,    0,    0,    0,    0,    0,    0,    0,    0, -999,  35.26,  35.23,  35.21,  35.21,  35.20,  35.19,  35.14,  35.12,  35.25,  35.21,  35.26,  35.28,  35.27,  35.29,  35.30,  35.32,  35.33,  35.32,  35.31,  35.31,  35.31,  35.28,  35.30,  35.28,  35.30,  35.34,  35.34,  35.35,  35.36,  35.37,  35.39
19990211, 0000,  , TS, 16.7S, 147.6E,  35,    0,    0,    0,    0,    0,    0,    0,    0,    0,    0,    0,    0,    0, -999,  35.24,  35.25,  35.25,  35.18,  35.15,  35.09,  35.10,  35.23,  35.17,  35.19,  35.19,  35.18,  35.19,  35.16,  35.18,  35.27,  35.32,  35.29,  35.32,  35.34,  35.27,  35.26,  35.21,  35.24,  35.28,  35.27,  35.29,  35.32,  35.34,  35.36,  35.35
19990211, 0600,  , TS, 16.7S, 146.9E,  45,    0,    0,    0,    0,    0,    0,    0,    0,    0,    0,    0,    0,    0, -999,  35.21,  35.20,  35.21,  35.20,  35.21,  35.17,  35.12,  35.19,  35.18,  35.20,  35.19,  35.23,  35.27,  35.25,  35.26,  35.28,  35.36,  35.36,  35.36,  35.48,  35.41,  35.42,  35.36,  35.39,  35.40,  35.34,  35.32,  35.30,  35.28,  35.31,  35.35
19990211, 1200,  , TS, 16.5S, 145.7E,  55,    0,    0,    0,    0,    0,    0,    0,    0,    0,    0,    0,    0,    0, -999,    nan,    nan,    nan,    nan,    nan,    nan,    nan,    nan,    nan,    nan,    nan,    nan,    nan,    nan,    nan,    nan,    nan,    nan,    nan,    nan,    nan,    nan,    nan,    nan,    nan,    nan,    nan,    nan,    nan,    nan,    nan
19990211, 1800,  , TS, 16.3S, 144.7E,  45,    0,    0,    0,    0,    0,    0,    0,    0,    0,    0,    0,    0,    0, -999,    nan,    nan,    nan,    nan,    nan,    nan,    nan,    nan,    nan,    nan,    nan,    nan,    nan,    nan,    nan,    nan,    nan,    nan,    nan,    nan,    nan,    nan,    nan,    nan,    nan,    nan,    nan,    nan,    nan,    nan,    nan
19990212, 0000,  , TS, 16.2S, 143.9E,  35,    0,    0,    0,    0,    0,    0,    0,    0,    0,    0,    0,    0,    0, -999,    nan,    nan,    nan,    nan,    nan,    nan,    nan,    nan,    nan,    nan,    nan,    nan,    nan,    nan,    nan,    nan,    nan,    nan,    nan,    nan,    nan,    nan,    nan,    nan,    nan,    nan,    nan,    nan,    nan,    nan,    nan
19990212, 0600,  , TS, 16.1S, 142.8E,  35,    0,    0,    0,    0,    0,    0,    0,    0,    0,    0,    0,    0,    0, -999,    nan,    nan,    nan,    nan,    nan,    nan,    nan,    nan,    nan,    nan,    nan,    nan,    nan,    nan,    nan,    nan,    nan,    nan,    nan,    nan,    nan,    nan,    nan,    nan,    nan,    nan,    nan,    nan,    nan,    nan,    nan
19990212, 1200,  , LO, 16.3S, 142.0E,  30,    0,    0,    0,    0,    0,    0,    0,    0,    0,    0,    0,    0,    0, -999,    nan,    nan,    nan,    nan,    nan,    nan,    nan,    nan,    nan,    nan,    nan,    nan,    nan,    nan,    nan,    nan,    nan,    nan,    nan,    nan,    nan,    nan,    nan,    nan,    nan,    nan,    nan,    nan,    nan,    nan,    nan
19990212, 1800,  , LO, 16.6S, 141.4E,  30,    0,    0,    0,    0,    0,    0,    0,    0,    0,    0,    0,    0,    0, -999,    nan,    nan,    nan,    nan,    nan,    nan,    nan,    nan,    nan,    nan,    nan,    nan,    nan,    nan,    nan,    nan,    nan,    nan,    nan,    nan,    nan,    nan,    nan,    nan,    nan,    nan,    nan,    nan,    nan,    nan,    nan
19990213, 0000,  , LO, 16.9S, 140.9E,  25,    0,    0,    0,    0,    0,    0,    0,    0,    0,    0,    0,    0,    0, -999,    nan,    nan,    nan,    nan,    nan,    nan,    nan,    nan,    nan,    nan,    nan,    nan,    nan,    nan,    nan,    nan,    nan,    nan,    nan,    nan,    nan,    nan,    nan,    nan,    nan,    nan,    nan,    nan,    nan,    nan,    nan
19990213, 0600,  , LO, 17.1S, 140.4E,  25,    0,    0,    0,    0,    0,    0,    0,    0,    0,    0,    0,    0,    0, -999,    nan,    nan,    nan,    nan,    nan,    nan,    nan,    nan,    nan,    nan,    nan,    nan,    nan,    nan,    nan,    nan,    nan,    nan,    nan,    nan,    nan,    nan,    nan,    nan,    nan,    nan,    nan,    nan,    nan,    nan,    nan
19990213, 1200,  , LO, 16.8S, 139.7E,  20,    0,    0,    0,    0,    0,    0,    0,    0,    0,    0,    0,    0,    0, -999,    nan,    nan,    nan,    nan,    nan,    nan,    nan,    nan,    nan,    nan,    nan,    nan,    nan,    nan,    nan,    nan,    nan,    nan,    nan,    nan,    nan,    nan,    nan,    nan,    nan,    nan,    nan,    nan,    nan,    nan,    nan
19990213, 1800,  , LO, 16.0S, 139.3E,  20,    0,    0,    0,    0,    0,    0,    0,    0,    0,    0,    0,    0,    0, -999,    nan,    nan,    nan,    nan,    nan,    nan,    nan,    nan,    nan,    nan,    nan,    nan,    nan,    nan,    nan,    nan,    nan,    nan,    nan,    nan,    nan,    nan,    nan,    nan,    nan,    nan,    nan,    nan,    nan,    nan,    nan
