SH202010,               ULUI,     47,
20100310, 1200,  , DB, 14.6S, 168.0E,  20, 1007,    0,    0,    0,    0,    0,    0,    0,    0,    0,    0,    0,    0, -999,  35.83,  35.72,  35.68,  35.64,  35.62,  35.57,  35.59,  35.63,  35.66,  35.62,  35.70,  35.74,  35.68,  35.66,  35.68,  35.73,  35.59,  35.52,  35.63,  35.70,  35.66,  35.64,  35.59,  35.57,  35.58,  35.55,  35.51,  35.48,  35.46,  35.45,  35.44
20100310, 1800,  , TD, 14.5S, 167.8E,  25, 1004,    0,    0,    0,    0,    0,    0,    0,    0,    0,    0,    0,    0, -999,  35.89,  35.78,  35.70,  35.65,  35.64,  35.64,  35.65,  35.69,  35.72,  35.65,  35.62,  35.74,  35.71,  35.66,  35.68,  35.70,  35.67,  35.59,  35.65,  35.70,  35.67,  35.62,  35.57,  35.55,  35.53,  35.52,  35.53,  35.53,  35.51,  35.51,  35.51
20100311, 0000,  , TD, 14.5S, 167.6E,  25, 1004,    0,    0,    0,    0,    0,    0,    0,    0,    0,    0,    0,    0, -999,  35.91,  35.84,  35.67,  35.65,  35.66,  35.64,  35.73,  35.77,  35.76,  35.75,  35.68,  35.70,  35.70,  35.66,  35.68,  35.71,  35.65,  35.68,  35.67,  35.70,  35.63,  35.57,  35.56,  35.54,  35.45,  35.48,  35.52,  35.46,  35.50,  35.52,  35.52
20100311, 0600,  , TD, 14.6S, 167.4E,  30, 1000,    0,    0,    0,    0,    0,    0,    0,    0,    0,    0,    0,    0, -999,  35.94,  35.88,  35.77,  35.66,  35.63,  35.62,  35.67,  35.77,  35.76,  35.73,  35.75,  35.68,  35.73,  35.64,  35.66,  35.70,  35.68,  35.67,  35.67,  35.67,  35.64,  35.59,  35.55,  35.55,  35.47,  35.49,  35.51,  35.48,  35.50,  35.53,  35.52
20100311, 1200,  , TD, 14.7S, 167.2E,  30, 1000,    0,    0,    0,    0,    0,    0,    0,    0,    0,    0,    0,    0, -999,  35.58,  35.58,  35.69,  35.71,  35.73,  35.71,  35.70,  35.68,  35.64,  35.62,  35.64,  35.69,  35.72,  35.70,  35.69,  35.68,  35.69,  35.64,  35.61,  35.60,  35.58,  35.56,  35.53,  35.55,  35.47,  35.52,  35.50,  35.48,  35.47,  35.49,  35.52
20100311, 1800,  , TS, 14.8S, 166.9E,  35,  996,    0,    0,    0,    0,    0,    0,    0,    0,    0,    0,    0,    0, -999,  35.47,  35.37,  35.53,  35.67,  35.70,  35.62,  35.65,  35.60,  35.63,  35.64,  35.64,  35.63,  35.68,  35.71,  35.69,  35.69,  35.69,  35.68,  35.64,  35.62,  35.61,  35.54,  35.50,  35.51,  35.49,  35.50,  35.51,  35.51,  35.51,  35.51,  35.52
20100312, 0000,  , TS, 14.8S, 166.5E,  40,  993,   30,   30,   35,   35,    0,    0,    0,    0,    0,    0,    0,    0, -999,  35.30,  35.25,  35.37,  35.38,  35.38,  35.38,  35.38,  35.39,  35.40,  35.40,  35.41,  35.40,  35.45,  35.42,  35.45,  35.44,  35.48,  35.48,  35.41,  35.39,  35.35,  35.34,  35.39,  35.41,  35.38,  35.38,  35.44,  35.46,  35.53,  35.56,  35.58
20100312, 0600,  , TS, 14.5S, 165.8E,  40,  993,   40,   40,   45,   45,    0,    0,    0,    0,    0,    0,    0,    0, -999,  35.32,  35.39,  35.41,  35.43,  35.42,  35.45,  35.50,  35.53,  35.57,  35.62,  35.66,  35.67,  35.65,  35.55,  35.69,  35.65,  35.64,  35.54,  35.59,  35.55,  35.50,  35.37,  35.45,  35.45,  35.48,  35.50,  35.47,  35.42,  35.44,  35.48,  35.45
20100312, 1200,  , TS, 14.1S, 165.3E,  45,  989,   45,   55,   55,   45,    0,    0,    0,    0,    0,    0,    0,    0, -999,  35.49,  35.64,  35.68,  35.71,  35.73,  35.70,  35.76,  35.76,  35.76,  35.72,  35.62,  35.49,  35.51,  35.68,  35.66,  35.67,  35.59,  35.65,  35.65,  35.63,  35.63,  35.62,  35.69,  35.73,  35.67,  35.63,  35.53,  35.52,  35.57,  35.61,  35.57
20100312, 1800,  , TS, 14.0S, 164.7E,  55,  982,   45,   55,   55,   45,    0,    0,    0,    0,    0,    0,    0,    0, -999,  35.37,  35.37,  35.46,  35.53,  35.63,  35.65,  35.69,  35.76,  35.74,  35.67,  35.64,  35.65,  35.65,  35.54,  35.50,  35.66,  35.68,  35.68,  35.60,  35.48,  35.47,  35.44,  35.50,  35.49,  35.48,  35.48,  35.49,  35.49,  35.61,  35.59,  35.57
20100313, 0000,  , HU, 13.6S, 164.2E,  65,  974,   50,   60,   60,   50,    5,    5,    5,    5,    0,    0,    0,    0, -999,  35.30,  35.34,  35.38,  35.35,  35.33,  35.46,  35.50,  35.47,  35.41,  35.40,  35.35,  35.33,  35.45,  35.70,  35.56,  35.53,  35.73,  35.65,  35.66,  35.49,  35.42,  35.36,  35.39,  35.43,  35.43,  35.46,  35.49,  35.45,  35.44,  35.44,  35.48
20100313, 0600,  , HU, 13.2S, 163.6E,  80,  963,   65,   70,   70,   65,   25,   25,   25,   25,    0,    0,    0,    0, -999,  35.59,  35.60,  35.36,  35.34,  35.32,  35.31,  35.28,  35.45,  35.61,  35.50,  35.49,  35.41,  35.54,  35.44,  35.28,  35.27,  35.29,  35.38,  35.56,  35.69,  35.25,  35.29,  35.42,  35.44,  35.47,  35.44,  35.49,  35.41,  35.42,  35.43,  35.47
20100313, 1200,  , HU, 13.0S, 163.0E, 115,  937,   80,   90,   90,   80,   30,   35,   35,   30,   20,   20,   20,   20, -999,  35.31,  35.59,  35.58,  35.51,  35.35,  35.31,  35.39,  35.40,  35.38,  35.38,  35.40,  35.52,  35.59,  35.46,  35.62,  35.27,  35.20,  35.24,  35.25,  35.44,  35.27,  35.16,  35.18,  35.31,  35.43,  35.49,  35.55,  35.53,  35.55,  35.38,  35.43
20100313, 1800,  , XX, 12.8S, 162.4E, 130,  926,   90,  100,  105,   90,   40,   45,   45,   40,   30,   30,   30,   30, -999,  35.35,  35.39,  35.39,  35.48,  35.52,  35.50,  35.47,  35.43,  35.36,  35.32,  35.37,  35.45,  35.51,  35.52,  35.54,  35.55,  35.76,  35.83,  35.94,  36.00,  35.50,  35.23,  35.24,  35.24,  35.22,  35.32,  35.35,  35.31,  35.36,  35.36,  35.39
20100314, 0000,  , XX, 12.7S, 161.8E, 140,  918,  130,  135,  140,  140,   60,   65,   70,   70,   40,   40,   40,   40, -999,  35.38,  35.36,  35.38,  35.42,  35.48,  35.51,  35.48,  35.45,  35.41,  35.30,  35.31,  35.33,  35.38,  35.46,  35.47,  35.52,  35.73,  35.76,  35.36,  35.22,  35.23,  35.27,  35.51,  35.49,  35.41,  35.30,  35.26,  35.29,  35.31,  35.33,  35.30
20100314, 0600,  , XX, 12.8S, 161.2E, 135,  922,  130,  135,  140,  140,   60,   65,   70,   70,   40,   40,   40,   40, -999,  35.28,  35.35,  35.40,  35.34,  35.35,  35.43,  35.53,  35.49,  35.40,  35.35,  35.39,  35.33,  35.44,  35.47,  35.35,  35.41,  35.59,  35.43,  35.38,  35.44,  35.48,  35.44,  35.38,  35.39,  35.37,  35.39,  35.36,  35.19,  35.21,  35.25,  35.28
20100314, 1200,  , XX, 12.8S, 160.6E, 130,  926,  130,  135,  140,  140,   60,   65,   70,   70,   40,   40,   40,   40, -999,  35.33,  35.28,  35.32,  35.25,  35.32,  35.34,  35.39,  35.47,  35.52,  35.45,  35.36,  35.29,  35.35,  35.48,  35.57,  35.44,  35.56,  35.32,  35.20,  35.23,  35.38,  35.43,  35.55,  35.32,  35.38,  35.11,  35.05,  35.17,  35.33,  35.28,  35.18
20100314, 1800,  , HU, 12.8S, 160.0E, 125,  929,  120,  125,  130,  125,   50,   55,   60,   55,   35,   35,   35,   35, -999,  35.42,  35.39,  35.41,  35.21,  35.21,  35.22,  35.31,  35.41,  35.39,  35.40,  35.41,  35.39,  35.44,  35.45,  35.38,  35.38,  35.52,  35.25,  35.53,  35.42,  35.40,  35.30,  35.51,  35.45,  35.33,  35.41,  35.27,  35.20,  35.15,  35.22,  35.15
20100315, 0000,  , HU, 12.9S, 159.5E, 125,  929,  125,  130,  130,  125,   55,   60,   60,   55,   35,   35,   35,   35, -999,  35.21,  35.20,  35.21,  35.28,  35.32,  35.40,  35.53,  35.44,  35.48,  35.50,  35.26,  35.20,  35.26,  34.97,  35.32,  35.50,  35.34,  35.42,  35.58,  35.58,  35.33,  35.37,  35.19,  35.45,  35.15,  35.21,  35.20,  35.06,  35.03,  35.01,  34.95
20100315, 0600,  , HU, 13.0S, 159.1E, 125,  929,  125,  130,  130,  125,   55,   60,   60,   55,   35,   35,   35,   35, -999,  35.31,  35.35,  35.23,  35.22,  35.23,  35.28,  35.34,  35.34,  35.38,  35.34,  35.24,  35.14,  35.14,  35.16,  35.23,  35.32,  35.42,  35.81,  35.60,  35.52,  35.52,  35.20,  35.06,  35.10,  35.07,  35.03,  35.03,  35.10,  35.01,  34.97,  34.89
20100315, 1200,  , HU, 13.1S, 158.7E, 120,  933,  125,  130,  130,  125,   55,   60,   60,   55,   35,   35,   35,   35, -999,  35.14,  35.25,  35.24,  35.23,  35.25,  35.25,  35.23,  35.28,  35.31,  35.60,  35.38,  35.56,  35.48,  35.41,  35.42,  35.54,  35.77,  35.74,  35.64,  35.54,  35.64,  35.36,  35.15,  35.08,  35.05,  35.09,  34.98,  35.04,  35.02,  34.93,  34.87
20100315, 1800,  , HU, 13.2S, 158.3E, 115,  937,  125,  130,  130,  125,   55,   60,   60,   55,   35,   35,   35,   35, -999,  35.16,  35.05,  34.95,  35.02,  35.11,  35.20,  35.26,  35.37,  35.62,  35.68,  35.48,  35.88,  35.28,  35.37,  35.28,  35.26,  35.55,  35.48,  35.56,  35.59,  35.46,  35.34,  35.39,  35.25,  35.13,  35.08,  35.12,  35.13,  35.12,  35.13,  35.14
20100316, 0000,  , HU, 13.3S, 158.1E, 115,  937,  140,  145,  135,  130,   65,   70,   70,   65,   40,   40,   40,   40, -999,  35.16,  35.03,  35.03,  35.09,  35.11,  35.15,  35.21,  35.28,  35.39,  35.44,  35.61,  35.33,  35.37,  35.30,  35.27,  35.62,  35.48,  35.48,  35.54,  35.53,  35.42,  35.40,  35.26,  35.29,  35.20,  35.28,  35.26,  35.29,  35.19,  35.13,  35.11
20100316, 0600,  , HU, 13.4S, 158.0E, 110,  941,  140,  145,  135,  130,   65,   70,   70,   65,   40,   40,   40,   40, -999,  35.09,  35.13,  35.13,  35.17,  35.18,  35.23,  35.24,  35.20,  35.19,  35.26,  35.38,  35.38,  35.31,  35.21,  35.21,  35.66,  35.60,  35.39,  35.41,  35.43,  35.50,  35.58,  35.43,  35.50,  35.36,  35.40,  35.42,  35.47,  35.49,  35.41,  35.30
20100316, 1200,  , HU, 13.5S, 157.9E, 105,  944,  140,  145,  135,  130,   65,   70,   70,   65,   40,   40,   40,   40, -999,  35.08,  35.07,  35.08,  35.14,  35.19,  35.22,  35.22,  35.21,  35.26,  35.23,  35.28,  35.35,  35.32,  35.16,  35.30,  35.69,  35.60,  35.39,  35.40,  35.44,  35.46,  35.55,  35.50,  35.51,  35.48,  35.50,  35.53,  35.51,  35.50,  35.47,  35.44
20100316, 1800,  , HU, 13.7S, 157.8E, 105,  944,  140,  145,  135,  130,   65,   70,   70,   65,   40,   40,   40,   40, -999,  35.10,  35.07,  35.08,  35.16,  35.22,  35.22,  35.22,  35.20,  35.24,  35.23,  35.23,  35.26,  35.27,  35.26,  35.28,  35.66,  35.70,  35.39,  35.37,  35.43,  35.45,  35.54,  35.51,  35.50,  35.47,  35.48,  35.52,  35.48,  35.49,  35.49,  35.48
20100317, 0000,  , HU, 13.8S, 157.8E, 105,  944,  140,  145,  135,  130,   65,   70,   70,   65,   45,   45,   45,   45, -999,  35.10,  35.15,  35.20,  35.23,  35.18,  35.19,  35.17,  35.23,  35.21,  35.21,  35.23,  35.22,  35.28,  35.30,  35.54,  35.79,  35.41,  35.35,  35.39,  35.45,  35.49,  35.57,  35.53,  35.42,  35.41,  35.43,  35.33,  35.42,  35.38,  35.44,  35.43
20100317, 0600,  , HU, 14.0S, 157.8E, 105,  944,  140,  145,  135,  130,   65,   70,   70,   60,   45,   45,   45,   40, -999,  35.16,  35.20,  35.23,  35.20,  35.15,  35.20,  35.19,  35.24,  35.25,  35.27,  35.25,  35.18,  35.22,  35.31,  35.49,  35.72,  35.41,  35.31,  35.37,  35.42,  35.47,  35.57,  35.58,  35.30,  35.27,  35.25,  35.13,  35.20,  35.23,  35.31,  35.39
20100317, 1200,  , HU, 14.3S, 158.0E, 100,  948,  140,  145,  135,  130,   65,   70,   70,   60,   45,   45,   45,   40, -999,  35.21,  35.21,  35.23,  35.17,  35.43,  35.37,  35.25,  35.10,  35.05,  35.09,  35.27,  35.21,  35.08,  35.08,  35.28,  35.41,  35.42,  35.26,  35.31,  35.37,  35.44,  35.44,  35.33,  35.38,  35.48,  35.41,  35.05,  35.04,  35.01,  34.99,  34.95
20100317, 1800,  , HU, 14.7S, 158.0E,  90,  956,  165,  160,  160,  150,   90,   90,   80,   80,   50,   50,   45,   45, -999,  35.04,  35.06,  35.16,  35.25,  35.17,  35.24,  35.28,  35.15,  35.23,  35.25,  35.12,  35.06,  35.09,  35.10,  35.16,  35.52,  35.40,  35.30,  35.28,  35.33,  35.43,  35.53,  35.48,  35.52,  35.36,  35.42,  35.37,  35.15,  35.14,  35.15,  35.15
20100318, 0000,  , HU, 14.9S, 157.8E,  85,  959,  160,  155,  155,  145,   95,   85,   85,   90,   50,   50,   50,   50, -999,  35.05,  35.08,  35.15,  35.23,  35.19,  35.12,  35.16,  35.18,  35.15,  35.13,  35.10,  35.15,  35.12,  35.16,  35.52,  35.50,  35.33,  35.27,  35.33,  35.41,  35.52,  35.44,  35.50,  35.33,  35.39,  35.42,  35.26,  35.25,  35.24,  35.16,  35.12
20100318, 0600,  , HU, 15.3S, 157.7E,  80,  963,  155,  155,  145,  145,   85,   85,   80,   80,   50,   50,   50,   50, -999,  35.04,  35.01,  35.06,  35.08,  35.09,  35.10,  35.13,  35.15,  35.16,  35.16,  35.10,  35.09,  35.09,  35.05,  35.28,  35.61,  35.52,  35.30,  35.39,  35.36,  35.54,  35.50,  35.34,  35.38,  35.35,  35.20,  35.22,  35.16,  35.16,  35.19,  35.27
20100318, 1200,  , HU, 15.8S, 157.6E,  75,  967,  155,  155,  145,  145,   85,   85,   80,   80,   45,   45,   45,   45, -999,  35.14,  35.11,  35.07,  35.05,  35.04,  35.06,  35.06,  35.07,  35.05,  35.07,  35.05,  35.05,  35.02,  35.03,  35.13,  35.28,  35.58,  35.37,  35.45,  35.45,  35.42,  35.51,  35.21,  35.20,  35.28,  35.26,  35.27,  35.24,  35.21,  35.25,  35.27
20100318, 1800,  , HU, 16.3S, 157.3E,  70,  970,  125,  145,  135,  125,   75,   80,   80,   75,   40,   40,   40,   40, -999,  35.08,  35.07,  35.05,  35.05,  35.05,  35.06,  35.05,  35.05,  35.04,  35.06,  35.01,  35.01,  34.99,  35.01,  35.08,  35.03,  35.27,  35.22,  35.36,  35.44,  35.33,  35.37,  35.46,  35.51,  35.22,  35.31,  35.23,  35.26,  35.20,  35.27,  35.27
20100319, 0000,  , TS, 16.6S, 156.8E,  60,  978,  120,  145,  135,  120,   65,   70,   70,   65,    0,    0,    0,    0, -999,  35.01,  35.01,  35.02,  35.05,  35.09,  35.10,  35.10,  35.07,  35.04,  35.05,  35.04,  35.04,  35.04,  35.02,  35.06,  35.01,  35.07,  35.11,  35.36,  35.46,  35.43,  35.46,  35.48,  35.46,  35.47,  35.47,  35.25,  35.17,  35.19,  35.20,  35.20
20100319, 0600,  , TS, 17.1S, 156.2E,  60,  978,  120,  135,  135,  120,   60,   65,   65,   60,    0,    0,    0,    0, -999,  35.01,  35.02,  35.03,  35.05,  35.06,  35.06,  35.06,  35.06,  35.03,  35.03,  35.02,  35.00,  35.01,  35.03,  35.03,  35.05,  35.08,  35.10,  35.09,  35.14,  35.33,  35.24,  35.36,  35.46,  35.40,  35.36,  35.32,  35.30,  35.35,  35.32,  35.12
20100319, 1200,  , TS, 18.0S, 155.5E,  55,  982,   95,  105,  100,   90,   60,   65,   65,   60,    0,    0,    0,    0, -999,  35.09,  35.09,  35.08,  35.08,  35.08,  35.08,  35.09,  35.07,  35.09,  35.08,  35.06,  35.04,  35.01,  35.02,  35.04,  35.05,  35.01,  35.05,  35.11,  35.13,  34.94,  34.99,  35.01,  35.11,  35.13,  35.14,  35.12,  35.21,  35.22,  35.24,  35.22
20100319, 1800,  , TS, 19.0S, 154.4E,  55,  982,   95,  105,  100,   90,   40,   40,   40,   40,    0,    0,    0,    0, -999,  35.08,  35.07,  35.06,  35.07,  35.06,  35.04,  35.03,  35.04,  35.05,  35.07,  35.08,  35.08,  35.09,  35.08,  35.05,  35.06,  35.09,  35.12,  35.13,  35.18,  35.16,  35.14,  35.21,  35.12,  35.18,  35.11,  35.08,  35.05,  35.02,  35.06,  35.08
20100320, 0000,  , TS, 19.6S, 153.0E,  60,  978,   95,  105,  100,   90,   40,   40,   40,   40,    0,    0,    0,    0, -999,  35.23,  35.24,  35.26,  35.26,  35.23,  35.22,  35.23,  35.23,  35.22,  35.22,  35.22,  35.22,  35.22,  35.18,  35.13,  35.13,  35.19,  35.15,  35.14,  35.17,  35.16,  35.16,  35.15,  35.12,  35.13,  35.14,  35.13,  35.14,  35.25,  35.25,  35.20
20100320, 0600,  , HU, 19.9S, 151.6E,  65,  974,   90,  110,  100,   80,   35,   40,   35,   30,    0,    0,    0,    0, -999,  35.04,  35.03,  35.04,  35.04,  35.04,  35.05,  35.06,  35.10,  35.13,  35.15,  35.20,  35.19,  35.20,  35.19,  35.19,  35.20,  35.19,  35.19,  35.16,  35.12,  35.11,  35.11,  35.12,  35.15,  35.11,  35.13,  35.12,  35.11,  35.12,  35.12,  35.12
20100320, 1200,  , HU, 20.1S, 149.8E,  75,  967,   90,  110,  100,   80,   35,   40,   35,   30,   20,   20,   20,   20, -999,    nan,    nan,    nan,    nan,    nan,    nan,    nan,    nan,    nan,    nan,    nan,    nan,    nan,    nan,    nan,    nan,    nan,    nan,    nan,    nan,    nan,    nan,    nan,    nan,    nan,    nan,    nan,    nan,    nan,    nan,    nan
20100320, 1800,  , HU, 20.5S, 148.4E,  65,  974,   90,  110,  100,   80,    0,    0,    0,    0,    0,    0,    0,    0, -999,    nan,    nan,    nan,    nan,    nan,    nan,    nan,    nan,    nan,    nan,    nan,    nan,    nan,    nan,    nan,    nan,    nan,    nan,    nan,    nan,    nan,    nan,    nan,    nan,    nan,    nan,    nan,    nan,    nan,    nan,    nan
20100321, 0000,  , TS, 21.0S, 146.8E,  45,  989,   60,   65,   65,   50,    0,    0,    0,    0,    0,    0,    0,    0, -999,    nan,    nan,    nan,    nan,    nan,    nan,    nan,    nan,    nan,    nan,    nan,    nan,    nan,    nan,    nan,    nan,    nan,    nan,    nan,    nan,    nan,    nan,    nan,    nan,    nan,    nan,    nan,    nan,    nan,    nan,    nan
20100321, 0600,  , TS, 21.4S, 145.6E,  35,  996,   60,   65,   65,   50,    0,    0,    0,    0,    0,    0,    0,    0, -999,    nan,    nan,    nan,    nan,    nan,    nan,    nan,    nan,    nan,    nan,    nan,    nan,    nan,    nan,    nan,    nan,    nan,    nan,    nan,    nan,    nan,    nan,    nan,    nan,    nan,    nan,    nan,    nan,    nan,    nan,    nan
20100321, 1200,  , TD, 21.8S, 144.0E,  30, 1000,    0,    0,    0,    0,    0,    0,    0,    0,    0,    0,    0,    0, -999,    nan,    nan,    nan,    nan,    nan,    nan,    nan,    nan,    nan,    nan,    nan,    nan,    nan,    nan,    nan,    nan,    nan,    nan,    nan,    nan,    nan,    nan,    nan,    nan,    nan,    nan,    nan,    nan,    nan,    nan,    nan
20100321, 1800,  , TD, 21.8S, 142.7E,  25, 1004,    0,    0,    0,    0,    0,    0,    0,    0,    0,    0,    0,    0, -999,    nan,    nan,    nan,    nan,    nan,    nan,    nan,    nan,    nan,    nan,    nan,    nan,    nan,    nan,    nan,    nan,    nan,    nan,    nan,    nan,    nan,    nan,    nan,    nan,    nan,    nan,    nan,    nan,    nan,    nan,    nan
20100322, 0000,  , DB, 21.9S, 141.8E,  20, 1007,    0,    0,    0,    0,    0,    0,    0,    0,    0,    0,    0,    0, -999,    nan,    nan,    nan,    nan,    nan,    nan,    nan,    nan,    nan,    nan,    nan,    nan,    nan,    nan,    nan,    nan,    nan,    nan,    nan,    nan,    nan,    nan,    nan,    nan,    nan,    nan,    nan,    nan,    nan,    nan,    nan
