SH201999,            UNNAMED,     16,
19990210, 0000,  , LO, 16.1S, 147.9E,  20,    0,    0,    0,    0,    0,    0,    0,    0,    0,    0,    0,    0,    0, -999,  29.23,  29.05,  29.09,  29.00,  29.08,  28.95,  28.87,  28.69,  29.12,  29.00,  29.15,  29.08,  29.12,  28.84,  28.93,  28.85,  28.82,  28.71,  28.73,  28.70,  28.59,  28.37,  28.18,  28.01,  28.01,  28.04,  27.93,  28.19,  28.26,  28.30,  28.50
19990210, 0600,  , LO, 15.9S, 148.2E,  25,    0,    0,    0,    0,    0,    0,    0,    0,    0,    0,    0,    0,    0, -999,  29.04,  28.83,  28.79,  28.73,  28.78,  28.70,  28.64,  28.66,  29.16,  29.13,  29.01,  28.99,  29.02,  28.86,  28.97,  28.83,  28.72,  28.56,  28.36,  28.35,  28.41,  28.29,  28.26,  28.29,  28.32,  28.42,  28.18,  28.17,  28.15,  28.21,  28.39
19990210, 1200,  , LO, 16.2S, 148.4E,  25,    0,    0,    0,    0,    0,    0,    0,    0,    0,    0,    0,    0,    0, -999,  29.27,  29.13,  29.05,  28.87,  28.91,  28.72,  28.60,  28.77,  29.20,  29.17,  29.14,  29.02,  29.06,  28.84,  28.91,  28.88,  28.83,  28.67,  28.61,  28.59,  28.54,  28.38,  28.25,  28.16,  28.17,  28.18,  28.05,  28.03,  27.98,  27.97,  28.00
19990210, 1800,  , TS, 16.6S, 148.1E,  35,    0,    0,    0,    0,    0,    0,    0,    0,    0,    0,    0,    0,    0, -999,  29.44,  29.31,  29.32,  29.21,  29.28,  29.14,  28.67,  28.77,  29.08,  29.31,  29.16,  29.12,  29.16,  28.90,  29.00,  28.89,  28.88,  28.59,  28.62,  28.62,  28.63,  28.43,  28.27,  28.20,  28.28,  28.21,  27.91,  27.97,  27.97,  27.95,  28.18
19990211, 0000,  , TS, 16.7S, 147.6E,  35,    0,    0,    0,    0,    0,    0,    0,    0,    0,    0,    0,    0,    0, -999,  28.73,  28.85,  28.94,  29.16,  29.12,  28.83,  28.71,  29.19,  29.12,  29.18,  29.13,  29.01,  28.83,  29.03,  28.95,  28.95,  28.91,  28.96,  28.84,  28.74,  28.49,  28.30,  28.13,  28.22,  28.06,  27.83,  27.83,  27.91,  27.91,  28.09,  28.17
19990211, 0600,  , TS, 16.7S, 146.9E,  45,    0,    0,    0,    0,    0,    0,    0,    0,    0,    0,    0,    0,    0, -999,  28.85,  28.90,  28.94,  29.04,  29.09,  28.66,  28.79,  29.01,  28.91,  28.94,  28.96,  28.70,  28.82,  28.80,  28.84,  28.79,  28.65,  28.75,  28.69,  28.68,  28.55,  28.42,  28.41,  28.56,  28.51,  28.25,  28.20,  28.21,  28.24,  28.21,  28.13
19990211, 1200,  , TS, 16.5S, 145.7E,  55,    0,    0,    0,    0,    0,    0,    0,    0,    0,    0,    0,    0,    0, -999,    nan,    nan,    nan,    nan,    nan,    nan,    nan,    nan,    nan,    nan,    nan,    nan,    nan,    nan,    nan,    nan,    nan,    nan,    nan,    nan,    nan,    nan,    nan,    nan,    nan,    nan,    nan,    nan,    nan,    nan,    nan
19990211, 1800,  , TS, 16.3S, 144.7E,  45,    0,    0,    0,    0,    0,    0,    0,    0,    0,    0,    0,    0,    0, -999,    nan,    nan,    nan,    nan,    nan,    nan,    nan,    nan,    nan,    nan,    nan,    nan,    nan,    nan,    nan,    nan,    nan,    nan,    nan,    nan,    nan,    nan,    nan,    nan,    nan,    nan,    nan,    nan,    nan,    nan,    nan
19990212, 0000,  , TS, 16.2S, 143.9E,  35,    0,    0,    0,    0,    0,    0,    0,    0,    0,    0,    0,    0,    0, -999,    nan,    nan,    nan,    nan,    nan,    nan,    nan,    nan,    nan,    nan,    nan,    nan,    nan,    nan,    nan,    nan,    nan,    nan,    nan,    nan,    nan,    nan,    nan,    nan,    nan,    nan,    nan,    nan,    nan,    nan,    nan
19990212, 0600,  , TS, 16.1S, 142.8E,  35,    0,    0,    0,    0,    0,    0,    0,    0,    0,    0,    0,    0,    0, -999,    nan,    nan,    nan,    nan,    nan,    nan,    nan,    nan,    nan,    nan,    nan,    nan,    nan,    nan,    nan,    nan,    nan,    nan,    nan,    nan,    nan,    nan,    nan,    nan,    nan,    nan,    nan,    nan,    nan,    nan,    nan
19990212, 1200,  , LO, 16.3S, 142.0E,  30,    0,    0,    0,    0,    0,    0,    0,    0,    0,    0,    0,    0,    0, -999,    nan,    nan,    nan,    nan,    nan,    nan,    nan,    nan,    nan,    nan,    nan,    nan,    nan,    nan,    nan,    nan,    nan,    nan,    nan,    nan,    nan,    nan,    nan,    nan,    nan,    nan,    nan,    nan,    nan,    nan,    nan
19990212, 1800,  , LO, 16.6S, 141.4E,  30,    0,    0,    0,    0,    0,    0,    0,    0,    0,    0,    0,    0,    0, -999,    nan,    nan,    nan,    nan,    nan,    nan,    nan,    nan,    nan,    nan,    nan,    nan,    nan,    nan,    nan,    nan,    nan,    nan,    nan,    nan,    nan,    nan,    nan,    nan,    nan,    nan,    nan,    nan,    nan,    nan,    nan
19990213, 0000,  , LO, 16.9S, 140.9E,  25,    0,    0,    0,    0,    0,    0,    0,    0,    0,    0,    0,    0,    0, -999,    nan,    nan,    nan,    nan,    nan,    nan,    nan,    nan,    nan,    nan,    nan,    nan,    nan,    nan,    nan,    nan,    nan,    nan,    nan,    nan,    nan,    nan,    nan,    nan,    nan,    nan,    nan,    nan,    nan,    nan,    nan
19990213, 0600,  , LO, 17.1S, 140.4E,  25,    0,    0,    0,    0,    0,    0,    0,    0,    0,    0,    0,    0,    0, -999,    nan,    nan,    nan,    nan,    nan,    nan,    nan,    nan,    nan,    nan,    nan,    nan,    nan,    nan,    nan,    nan,    nan,    nan,    nan,    nan,    nan,    nan,    nan,    nan,    nan,    nan,    nan,    nan,    nan,    nan,    nan
19990213, 1200,  , LO, 16.8S, 139.7E,  20,    0,    0,    0,    0,    0,    0,    0,    0,    0,    0,    0,    0,    0, -999,    nan,    nan,    nan,    nan,    nan,    nan,    nan,    nan,    nan,    nan,    nan,    nan,    nan,    nan,    nan,    nan,    nan,    nan,    nan,    nan,    nan,    nan,    nan,    nan,    nan,    nan,    nan,    nan,    nan,    nan,    nan
19990213, 1800,  , LO, 16.0S, 139.3E,  20,    0,    0,    0,    0,    0,    0,    0,    0,    0,    0,    0,    0,    0, -999,  29.96,  29.85,  29.87,  29.91,  29.96,  30.01,  30.06,  30.12,  30.17,  29.43,  29.49,  29.53,  29.60,  29.70,  29.81,  29.72,  29.77,  29.89,  29.84,  29.94,  30.02,  30.08,  30.16,  30.19,  30.09,  30.03,  30.06,  29.83,  29.84,  29.85,  29.91
