SH212001,            UNNAMED,     12,
20010620, 1200,  , TD, 30.0S,  34.2E,  25,    0,    0,    0,    0,    0,    0,    0,    0,    0,    0,    0,    0,    0, -999,  22.87,  22.44,  22.12,  22.05,  21.86,  21.86,  21.94,  21.96,  21.60,  21.97,  22.71,  22.51,  22.27,  22.03,  22.08,  22.07,  21.64,  21.63,  21.58,  21.43,  21.36,  21.61,  21.76,  21.40,  21.50,  21.62,  21.49,  21.36,  21.11,  21.41,  21.76
20010620, 1800,  , TD, 28.8S,  33.9E,  30,    0,    0,    0,    0,    0,    0,    0,    0,    0,    0,    0,    0,    0, -999,  23.59,  23.60,  23.57,  23.51,  23.60,  23.67,  23.62,  23.67,  23.62,  23.47,  23.52,  23.74,  23.65,  23.39,  23.36,  23.05,  22.93,  23.60,  23.62,  23.41,  23.38,  23.14,  23.12,  23.15,  23.12,  23.05,  22.86,  22.95,  22.88,  22.89,  22.84
20010621, 0000,  , TS, 27.4S,  33.9E,  45,    0,    0,    0,    0,    0,    0,    0,    0,    0,    0,    0,    0,    0, -999,  23.76,  23.92,  23.89,  23.89,  23.80,  23.79,  23.87,  23.95,  23.74,  23.83,  23.85,  23.66,  23.68,  23.40,  22.93,  22.95,  23.36,  23.34,  23.18,  23.27,  23.33,  23.32,  23.40,  23.38,  23.02,  23.17,  22.97,  23.15,  22.96,  22.92,  22.91
20010621, 0600,  , HU, 26.6S,  34.7E,  65,    0,    0,    0,    0,    0,    0,    0,    0,    0,    0,    0,    0,    0, -999,  23.41,  23.56,  23.61,  23.55,  23.41,  23.58,  23.83,  23.81,  23.50,  23.89,  23.48,  23.55,  23.90,  23.83,  23.70,  23.64,  23.83,  23.41,  23.27,  23.06,  23.73,  23.98,  23.73,  23.53,  23.45,  23.55,  23.19,  23.20,  23.44,  23.73,  23.96
20010621, 1200,  , TS, 26.3S,  35.4E,  60,    0,    0,    0,    0,    0,    0,    0,    0,    0,    0,    0,    0,    0, -999,  23.94,  23.65,  23.73,  23.45,  23.62,  23.72,  23.90,  23.50,  23.86,  23.44,  23.59,  23.81,  23.93,  23.99,  23.85,  23.87,  23.71,  23.62,  23.82,  23.63,  23.49,  23.54,  23.48,  23.53,  23.61,  23.65,  23.56,  23.45,  23.55,  23.54,  23.44
20010621, 1800,  , TS, 26.0S,  36.3E,  55,  991,    0,    0,    0,    0,    0,    0,    0,    0,    0,    0,    0,    0, -999,  23.99,  23.94,  24.07,  24.03,  23.91,  23.55,  23.82,  23.94,  23.83,  23.87,  23.81,  23.68,  23.75,  23.89,  24.14,  24.07,  23.73,  23.98,  23.83,  23.72,  23.61,  23.52,  23.35,  23.47,  23.52,  23.65,  23.50,  23.35,  23.24,  23.13,  23.12
20010622, 0000,  , TS, 26.0S,  37.4E,  45,  991,    0,    0,    0,    0,    0,    0,    0,    0,    0,    0,    0,    0, -999,  24.02,  23.83,  23.84,  23.81,  23.82,  23.89,  23.97,  23.87,  23.61,  23.78,  24.13,  24.08,  23.95,  23.88,  23.85,  23.74,  23.52,  23.68,  23.84,  23.88,  23.77,  24.31,  24.61,  24.82,  24.99,  24.76,  24.83,  24.66,  24.41,  24.64,  24.43
20010622, 0600,  , TS, 25.9S,  38.9E,  35,  997,    0,    0,    0,    0,    0,    0,    0,    0,    0,    0,    0,    0, -999,  24.17,  23.92,  23.79,  24.00,  23.95,  24.07,  24.54,  24.54,  24.45,  24.44,  24.35,  24.62,  24.10,  23.91,  23.93,  24.04,  23.90,  23.83,  23.90,  23.83,  23.92,  23.87,  23.54,  23.67,  23.87,  23.80,  23.23,  23.25,  23.25,  23.39,  23.41
20010622, 1200,  , TS, 25.9S,  40.2E,  35,  997,    0,    0,    0,    0,    0,    0,    0,    0,    0,    0,    0,    0, -999,  24.14,  23.97,  23.81,  23.68,  23.70,  23.72,  23.86,  23.78,  23.61,  23.52,  23.50,  23.40,  23.57,  23.81,  23.92,  24.05,  23.78,  23.47,  23.04,  22.69,  22.92,  23.46,  23.34,  23.52,  23.34,  23.31,  22.87,  22.81,  22.87,  22.87,  22.89
20010622, 1800,  , TS, 25.5S,  41.0E,  35,  997,    0,    0,    0,    0,    0,    0,    0,    0,    0,    0,    0,    0, -999,  24.04,  24.18,  24.16,  23.93,  23.65,  23.52,  23.52,  23.57,  23.14,  22.86,  22.99,  22.84,  23.10,  23.03,  23.06,  23.05,  22.98,  22.57,  22.24,  22.21,  22.64,  22.74,  22.83,  22.79,  22.81,  22.85,  22.53,  22.75,  23.00,  23.13,  23.03
20010623, 0000,  , TD, 25.1S,  41.7E,  30, 1000,    0,    0,    0,    0,    0,    0,    0,    0,    0,    0,    0,    0, -999,  22.78,  22.57,  22.58,  22.54,  22.81,  22.75,  22.86,  22.75,  22.98,  23.27,  22.92,  22.94,  22.80,  22.93,  23.13,  22.62,  22.28,  22.20,  22.29,  22.59,  22.89,  22.84,  22.66,  22.87,  22.98,  22.80,  22.98,  23.00,  23.00,  22.87,  22.48
20010623, 0600,  , TD, 24.6S,  41.9E,  25,    0,    0,    0,    0,    0,    0,    0,    0,    0,    0,    0,    0,    0, -999,  23.07,  23.29,  23.50,  23.48,  23.14,  23.07,  23.53,  23.72,  23.61,  23.27,  22.81,  22.66,  22.73,  22.91,  22.99,  22.94,  22.76,  23.14,  23.23,  23.24,  23.17,  23.23,  23.55,  23.65,  23.39,  23.23,  23.11,  22.94,  22.94,  23.11,  22.89
