SH212022,          CHARLOTTE,     40,
20220317, 0000,  , DB, 10.0S, 126.4E,  20, 1012,    0,    0,    0,    0,    0,    0,    0,    0,    0,    0,    0,    0, -999,  34.62,  34.65,  34.61,  34.61,  34.58,  34.50,  34.46,  34.45,  34.49,  34.48,  34.52,  34.49,  34.41,  34.41,  34.47,  34.51,  34.38,  34.22,  34.18,  34.20,  34.13,  34.13,  34.15,  34.20,  34.26,  34.38,  34.45,  34.28,  34.35,  34.31,  34.33
20220317, 0600,  , DB,  9.7S, 125.3E,  20, 1012,    0,    0,    0,    0,    0,    0,    0,    0,    0,    0,    0,    0, -999,  34.57,  34.60,  34.54,  34.54,  34.54,  34.48,  34.43,  34.42,  34.41,  34.43,  34.42,  34.41,  34.38,  34.34,  34.30,  34.30,  34.31,  34.33,  34.35,  34.28,  34.32,  34.30,  34.27,  34.28,  34.36,  34.46,  34.52,  34.50,  34.48,  34.54,  34.49
20220317, 1200,  , DB,  9.7S, 124.1E,  20, 1012,    0,    0,    0,    0,    0,    0,    0,    0,    0,    0,    0,    0, -999,    nan,    nan,    nan,    nan,    nan,    nan,    nan,    nan,    nan,    nan,    nan,    nan,    nan,    nan,    nan,    nan,    nan,    nan,    nan,    nan,    nan,    nan,    nan,    nan,    nan,    nan,    nan,    nan,    nan,    nan,    nan
20220317, 1800,  , DB,  9.8S, 123.2E,  20, 1007,    0,    0,    0,    0,    0,    0,    0,    0,    0,    0,    0,    0, -999,  34.44,  34.40,  34.38,  34.36,  34.39,  34.38,  34.37,  34.36,  34.34,  34.27,  34.14,  34.19,  34.17,  34.12,  34.07,  34.11,  34.17,  34.08,  34.08,  34.08,  34.09,  34.09,  34.09,  34.12,  34.11,  34.18,  34.27,  34.27,  34.28,  34.30,  34.32
20220318, 0000,  , DB, 10.1S, 122.0E,  20, 1007,    0,    0,    0,    0,    0,    0,    0,    0,    0,    0,    0,    0, -999,  34.47,  34.47,  34.45,  34.45,  34.45,  34.44,  34.44,  34.47,  34.47,  34.49,  34.50,  34.50,  34.48,  34.46,  34.48,  34.47,  34.45,  34.46,  34.43,  34.42,  34.44,  34.42,  34.47,  34.46,  34.47,  34.48,  34.49,  34.51,  34.47,  34.49,  34.41
20220318, 0600,  , DB, 10.4S, 121.1E,  20, 1005,    0,    0,    0,    0,    0,    0,    0,    0,    0,    0,    0,    0, -999,  34.48,  34.48,  34.48,  34.49,  34.47,  34.45,  34.45,  34.49,  34.50,  34.52,  34.53,  34.52,  34.51,  34.44,  34.38,  34.36,  34.40,  34.39,  34.38,  34.41,  34.42,  34.37,  34.43,  34.51,  34.54,  34.48,  34.39,  34.49,  34.48,  34.52,  34.48
20220318, 1200,  , DB, 10.9S, 120.0E,  20, 1005,    0,    0,    0,    0,    0,    0,    0,    0,    0,    0,    0,    0, -999,  34.48,  34.47,  34.47,  34.48,  34.42,  34.40,  34.38,  34.41,  34.42,  34.43,  34.45,  34.41,  34.41,  34.50,  34.49,  34.47,  34.48,  34.46,  34.46,  34.47,  34.50,  34.48,  34.48,  34.48,  34.45,  34.48,  34.51,  34.52,  34.54,  34.55,  34.54
20220318, 1800,  , TD, 11.1S, 118.9E,  25, 1002,    0,    0,    0,    0,    0,    0,    0,    0,    0,    0,    0,    0, -999,  34.48,  34.49,  34.48,  34.49,  34.48,  34.50,  34.54,  34.49,  34.35,  34.41,  34.48,  34.48,  34.50,  34.50,  34.48,  34.45,  34.42,  34.44,  34.43,  34.42,  34.46,  34.46,  34.45,  34.49,  34.46,  34.45,  34.48,  34.49,  34.44,  34.45,  34.38
20220319, 0000,  , TD, 11.2S, 118.2E,  25, 1003,    0,    0,    0,    0,    0,    0,    0,    0,    0,    0,    0,    0, -999,  34.43,  34.42,  34.43,  34.45,  34.45,  34.45,  34.47,  34.44,  34.45,  34.46,  34.47,  34.49,  34.50,  34.50,  34.50,  34.49,  34.50,  34.48,  34.48,  34.48,  34.46,  34.33,  34.32,  34.38,  34.46,  34.48,  34.52,  34.53,  34.59,  34.56,  34.55
20220319, 0600,  , TD, 11.5S, 117.3E,  25, 1001,    0,    0,    0,    0,    0,    0,    0,    0,    0,    0,    0,    0, -999,  34.38,  34.40,  34.39,  34.42,  34.42,  34.39,  34.39,  34.37,  34.36,  34.35,  34.31,  34.30,  34.32,  34.36,  34.36,  34.34,  34.34,  34.32,  34.34,  34.35,  34.42,  34.46,  34.53,  34.53,  34.59,  34.54,  34.54,  34.47,  34.39,  34.41,  34.47
20220319, 1200,  , TD, 11.8S, 116.4E,  25, 1003,    0,    0,    0,    0,    0,    0,    0,    0,    0,    0,    0,    0, -999,  34.55,  34.53,  34.47,  34.49,  34.49,  34.48,  34.52,  34.40,  34.41,  34.40,  34.39,  34.49,  34.51,  34.53,  34.51,  34.52,  34.51,  34.46,  34.50,  34.50,  34.58,  34.57,  34.58,  34.44,  34.50,  34.53,  34.57,  34.55,  34.53,  34.48,  34.48
20220319, 1800,  , TD, 12.0S, 115.8E,  30, 1003,    0,    0,    0,    0,    0,    0,    0,    0,    0,    0,    0,    0, -999,  34.60,  34.58,  34.56,  34.57,  34.57,  34.58,  34.58,  34.54,  34.54,  34.52,  34.52,  34.53,  34.52,  34.53,  34.50,  34.54,  34.54,  34.51,  34.53,  34.53,  34.51,  34.51,  34.51,  34.56,  34.62,  34.58,  34.51,  34.52,  34.52,  34.41,  34.42
20220320, 0000,  , TD, 12.3S, 115.0E,  30, 1000,    0,    0,    0,    0,    0,    0,    0,    0,    0,    0,    0,    0, -999,  34.54,  34.54,  34.56,  34.63,  34.63,  34.64,  34.61,  34.59,  34.54,  34.54,  34.56,  34.54,  34.58,  34.54,  34.56,  34.55,  34.53,  34.55,  34.54,  34.55,  34.52,  34.56,  34.56,  34.55,  34.56,  34.54,  34.57,  34.57,  34.45,  34.45,  34.41
20220320, 0600,  , TS, 12.6S, 114.3E,  35,  999,    0,   60,    0,    0,    0,    0,    0,    0,    0,    0,    0,    0, -999,  34.49,  34.45,  34.44,  34.50,  34.47,  34.46,  34.47,  34.48,  34.48,  34.50,  34.53,  34.55,  34.57,  34.57,  34.60,  34.58,  34.55,  34.54,  34.59,  34.60,  34.55,  34.60,  34.59,  34.57,  34.55,  34.56,  34.53,  34.54,  34.38,  34.39,  34.31
20220320, 1200,  , TS, 13.1S, 113.5E,  40,  997,    0,   95,   75,    0,    0,    0,    0,    0,    0,    0,    0,    0, -999,  34.46,  34.47,  34.45,  34.48,  34.52,  34.53,  34.53,  34.53,  34.52,  34.50,  34.47,  34.44,  34.49,  34.48,  34.46,  34.47,  34.46,  34.45,  34.47,  34.47,  34.45,  34.47,  34.57,  34.54,  34.58,  34.56,  34.59,  34.55,  34.40,  34.50,  34.39
20220320, 1800,  , TS, 13.6S, 112.7E,  55,  994,    0,   90,   75,    0,    0,   50,   20,    0,    0,    0,    0,    0, -999,  34.53,  34.56,  34.55,  34.50,  34.47,  34.48,  34.49,  34.52,  34.52,  34.53,  34.50,  34.49,  34.53,  34.50,  34.51,  34.53,  34.48,  34.47,  34.46,  34.48,  34.45,  34.44,  34.44,  34.39,  34.44,  34.38,  34.41,  34.38,  34.40,  34.42,  34.44
20220321, 0000,  , TS, 14.7S, 111.8E,  60,  990,   70,  110,   65,    0,    0,   60,   25,    0,    0,    0,    0,    0, -999,  34.74,  34.73,  34.72,  34.73,  34.73,  34.77,  34.76,  34.77,  34.77,  34.72,  34.71,  34.76,  34.79,  34.83,  34.78,  34.76,  34.72,  34.66,  34.50,  34.59,  34.51,  34.60,  34.56,  34.63,  34.55,  34.62,  34.54,  34.51,  34.52,  34.55,  34.60
20220321, 0600,  , TS, 15.3S, 111.1E,  60,  989,   20,  120,   70,   15,    0,   75,   30,    0,    0,    0,    0,    0, -999,  34.71,  34.72,  34.69,  34.66,  34.62,  34.65,  34.70,  34.71,  34.73,  34.75,  34.74,  34.75,  34.72,  34.71,  34.70,  34.72,  34.66,  34.61,  34.50,  34.50,  34.56,  34.61,  34.66,  34.70,  34.70,  34.77,  34.78,  34.66,  34.68,  34.67,  34.64
20220321, 1200,  , HU, 16.0S, 110.4E,  65,  987,   85,  110,  110,   60,   40,   60,   70,   25,    0,    0,   40,    0, -999,  34.73,  34.76,  34.72,  34.70,  34.71,  34.70,  34.68,  34.63,  34.62,  34.67,  34.67,  34.68,  34.67,  34.70,  34.70,  34.70,  34.68,  34.61,  34.56,  34.63,  34.70,  34.75,  34.76,  34.80,  34.75,  34.77,  34.76,  34.77,  34.79,  34.77,  34.79
20220321, 1800,  , HU, 16.4S, 109.9E,  80,  975,   90,  110,   90,   55,   40,   55,   40,   20,   20,   20,   20,   15, -999,  34.69,  34.69,  34.66,  34.63,  34.63,  34.62,  34.61,  34.61,  34.64,  34.69,  34.68,  34.69,  34.72,  34.73,  34.73,  34.73,  34.68,  34.65,  34.66,  34.66,  34.69,  34.69,  34.70,  34.75,  34.74,  34.74,  34.75,  34.78,  34.80,  34.78,  34.81
20220322, 0000,  , HU, 16.7S, 109.4E,  90,  967,   95,  115,  105,   70,   45,   60,   50,   30,   25,   30,   25,   15, -999,  34.70,  34.68,  34.65,  34.64,  34.67,  34.72,  34.77,  34.81,  34.79,  34.75,  34.77,  34.76,  34.76,  34.77,  34.76,  34.73,  34.69,  34.72,  34.73,  34.75,  34.77,  34.79,  34.86,  34.87,  34.85,  34.81,  34.79,  34.76,  34.70,  34.70,  34.70
20220322, 0600,  , HU, 17.0S, 109.2E,  90,  968,  105,  120,  105,   85,   55,   65,   55,   40,   30,   35,   30,   20, -999,  34.79,  34.76,  34.71,  34.69,  34.66,  34.69,  34.76,  34.80,  34.81,  34.79,  34.80,  34.79,  34.78,  34.78,  34.77,  34.78,  34.71,  34.77,  34.78,  34.81,  34.84,  34.87,  34.94,  34.98,  34.96,  34.89,  34.83,  34.76,  34.69,  34.69,  34.73
20220322, 1200,  , HU, 17.5S, 109.1E,  85,  970,  115,  130,  130,   85,   55,   70,   60,   40,   25,   35,   30,   20, -999,  34.82,  34.81,  34.84,  34.86,  34.84,  34.83,  34.87,  34.86,  34.85,  34.80,  34.83,  34.82,  34.81,  34.81,  34.81,  34.84,  34.80,  34.85,  34.88,  34.97,  35.02,  35.11,  35.16,  35.16,  35.05,  34.96,  34.91,  34.90,  34.90,  34.91,  34.95
20220322, 1800,  , HU, 17.8S, 109.0E,  80,  973,  110,  130,  120,   90,   55,   70,   60,   45,   30,   35,   35,   20, -999,  34.81,  34.80,  34.80,  34.80,  34.77,  34.76,  34.80,  34.79,  34.80,  34.78,  34.82,  34.82,  34.79,  34.75,  34.75,  34.85,  34.85,  34.79,  34.88,  34.96,  34.95,  35.08,  35.12,  35.15,  35.12,  35.01,  34.95,  34.92,  34.94,  34.94,  34.94
20220323, 0000,  , HU, 18.3S, 108.9E,  75,  978,  105,  120,  120,   75,   40,   60,   55,   35,   15,   25,   25,   10, -999,  34.78,  34.77,  34.75,  34.70,  34.69,  34.77,  34.79,  34.83,  34.79,  34.77,  34.77,  34.77,  34.75,  34.74,  34.78,  34.85,  34.69,  34.75,  34.83,  34.84,  34.99,  35.04,  35.04,  35.00,  35.00,  35.00,  34.98,  34.99,  35.07,  35.12,  35.15
20220323, 0600,  , HU, 19.1S, 108.5E,  65,  986,   85,  125,  110,   40,   60,   65,   60,   35,   30,   35,   30,   15, -999,  35.02,  35.06,  35.05,  35.04,  34.98,  34.93,  34.85,  34.81,  34.81,  34.80,  34.82,  34.84,  34.83,  34.78,  34.77,  34.73,  34.73,  34.68,  34.70,  34.67,  34.73,  34.83,  34.91,  34.84,  34.69,  34.71,  34.72,  34.73,  34.71,  34.75,  34.80
20220323, 1200,  , TS, 19.3S, 108.0E,  60,  988,   75,  105,   90,   55,   35,   50,   40,   20,    0,    0,    0,    0, -999,  35.17,  35.18,  35.16,  35.14,  35.12,  35.11,  35.10,  35.14,  35.14,  35.11,  35.10,  35.12,  35.17,  35.17,  35.08,  34.80,  34.82,  34.83,  34.86,  34.90,  34.90,  34.97,  35.07,  35.13,  35.08,  34.87,  34.96,  34.93,  34.88,  34.89,  34.89
20220323, 1800,  , TS, 19.4S, 107.5E,  50,  992,  105,  120,  105,   75,   50,   60,   50,   35,    0,    0,    0,    0, -999,  35.16,  35.17,  35.18,  35.16,  35.13,  35.12,  35.12,  35.18,  35.18,  35.17,  35.18,  35.23,  35.25,  35.26,  35.27,  35.17,  35.06,  35.19,  35.34,  35.39,  35.40,  35.41,  35.36,  35.38,  35.31,  35.35,  35.33,  35.34,  35.33,  35.35,  35.34
20220324, 0000,  , TS, 19.9S, 107.4E,  35, 1001,   75,   80,   75,   65,    0,    0,    0,    0,    0,    0,    0,    0, -999,  35.31,  35.28,  35.20,  35.16,  35.15,  35.14,  35.21,  35.20,  35.21,  35.24,  35.32,  35.33,  35.30,  35.28,  35.25,  35.33,  35.34,  35.34,  35.32,  35.34,  35.32,  35.28,  35.28,  35.23,  35.26,  35.26,  35.33,  35.31,  35.29,  35.29,  35.27
20220324, 0600,  , TD, 21.1S, 107.3E,  30, 1003,    0,    0,    0,    0,    0,    0,    0,    0,    0,    0,    0,    0, -999,  35.13,  35.12,  35.12,  35.12,  35.10,  35.10,  35.17,  35.19,  35.21,  35.26,  35.31,  35.28,  35.25,  35.23,  35.23,  35.28,  35.28,  35.27,  35.26,  35.31,  35.32,  35.31,  35.32,  35.38,  35.43,  35.42,  35.44,  35.42,  35.42,  35.42,  35.44
20220324, 1200,  , TD, 22.4S, 107.1E,  30, 1002,    0,    0,    0,    0,    0,    0,    0,    0,    0,    0,    0,    0, -999,  35.25,  35.38,  35.51,  35.47,  35.41,  35.50,  35.53,  35.55,  35.59,  35.63,  35.70,  35.71,  35.67,  35.60,  35.56,  35.57,  35.56,  35.59,  35.61,  35.62,  35.62,  35.59,  35.60,  35.64,  35.63,  35.60,  35.57,  35.57,  35.59,  35.65,  35.69
20220324, 1800,  , TD, 23.7S, 106.9E,  30, 1000,    0,    0,    0,    0,    0,    0,    0,    0,    0,    0,    0,    0, -999,  35.61,  35.62,  35.62,  35.65,  35.61,  35.60,  35.60,  35.63,  35.61,  35.58,  35.56,  35.55,  35.53,  35.49,  35.49,  35.48,  35.51,  35.44,  35.45,  35.50,  35.48,  35.47,  35.48,  35.55,  35.55,  35.54,  35.56,  35.60,  35.65,  35.69,  35.62
20220325, 0000,  , XX, 24.8S, 106.9E,  30, 1000,    0,    0,    0,    0,    0,    0,    0,    0,    0,    0,    0,    0, -999,  35.78,  35.77,  35.76,  35.74,  35.72,  35.72,  35.71,  35.72,  35.74,  35.77,  35.76,  35.76,  35.74,  35.72,  35.68,  35.61,  35.62,  35.64,  35.61,  35.55,  35.53,  35.53,  35.58,  35.61,  35.62,  35.58,  35.56,  35.58,  35.57,  35.53,  35.49
20220325, 0600,  , XX, 26.5S, 107.2E,  40,  999,    0,    0,   65,    0,    0,    0,    0,    0,    0,    0,    0,    0, -999,  35.74,  35.77,  35.79,  35.81,  35.82,  35.82,  35.82,  35.82,  35.80,  35.83,  35.82,  35.80,  35.80,  35.82,  35.78,  35.78,  35.81,  35.83,  35.84,  35.83,  35.82,  35.80,  35.89,  35.87,  35.88,  35.85,  35.84,  35.85,  35.82,  35.77,  35.73
20220325, 1200,  , XX, 28.6S, 107.8E,  40,  998,    0,    0,   80,   35,    0,    0,    0,    0,    0,    0,    0,    0, -999,  35.83,  35.81,  35.83,  35.82,  35.83,  35.85,  35.84,  35.84,  35.86,  35.85,  35.85,  35.87,  35.87,  35.87,  35.86,  35.86,  35.87,  35.84,  35.84,  35.82,  35.84,  35.88,  35.95,  35.95,  35.94,  35.95,  35.91,  35.90,  35.88,  35.89,  35.90
20220325, 1800,  , XX, 29.7S, 108.0E,  45,  990,    0,   85,  100,   40,    0,    0,    0,    0,    0,    0,    0,    0, -999,  35.94,  35.93,  35.93,  35.93,  35.93,  35.93,  35.93,  35.94,  35.94,  35.91,  35.93,  35.91,  35.91,  35.90,  35.88,  35.87,  35.85,  35.85,  35.84,  35.86,  35.87,  35.87,  35.91,  35.96,  35.96,  35.95,  35.92,  35.91,  35.89,  35.90,  35.96
20220326, 0000,  , XX, 29.4S, 108.6E,  35,  995,    0,    0,  180,   70,    0,    0,    0,    0,    0,    0,    0,    0, -999,  35.84,  35.85,  35.85,  35.88,  35.89,  35.91,  35.92,  35.93,  35.89,  35.88,  35.86,  35.87,  35.87,  35.87,  35.87,  35.86,  35.86,  35.86,  35.86,  35.84,  35.84,  35.86,  35.86,  35.86,  35.88,  35.89,  35.89,  35.87,  35.88,  35.87,  35.87
20220326, 0600,  , EX, 28.4S, 108.9E,  35,  996,    0,    0,  155,   50,    0,    0,    0,    0,    0,    0,    0,    0, -999,  35.86,  35.88,  35.88,  35.86,  35.88,  35.87,  35.85,  35.84,  35.88,  35.89,  35.92,  35.91,  35.91,  35.91,  35.91,  35.93,  35.93,  35.94,  35.95,  35.95,  35.94,  35.92,  35.89,  35.87,  35.78,  35.76,  35.75,  35.76,  35.77,  35.81,  35.83
20220326, 1200,  , EX, 27.4S, 109.1E,  30, 1000,    0,    0,    0,    0,    0,    0,    0,    0,    0,    0,    0,    0, -999,  35.69,  35.69,  35.72,  35.72,  35.71,  35.73,  35.72,  35.68,  35.68,  35.67,  35.69,  35.71,  35.74,  35.79,  35.84,  35.81,  35.84,  35.87,  35.88,  35.90,  35.92,  35.90,  35.87,  35.88,  35.87,  35.88,  35.87,  35.91,  35.90,  35.87,  35.85
20220326, 1800,  , EX, 25.8S, 109.3E,  30, 1001,    0,    0,    0,    0,    0,    0,    0,    0,    0,    0,    0,    0, -999,  35.68,  35.74,  35.74,  35.71,  35.72,  35.74,  35.70,  35.66,  35.63,  35.59,  35.63,  35.67,  35.68,  35.72,  35.74,  35.75,  35.78,  35.73,  35.73,  35.76,  35.78,  35.78,  35.77,  35.76,  35.75,  35.73,  35.71,  35.71,  35.75,  35.75,  35.78
