SH212003,            UNNAMED,     34,
20030301, 0600,  , TD, 12.8S, 102.8E,  20, 1004,    0,    0,    0,    0,    0,    0,    0,    0,    0,    0,    0,    0, -999,  27.05,  27.05,  27.41,  27.53,  27.56,  27.52,  27.70,  27.60,  29.29,  29.30,  28.67,  28.80,  28.10,  27.65,  27.55,  27.61,  28.83,  27.83,  27.62,  27.64,  27.40,  27.14,  27.10,  27.49,  27.70,  27.35,  27.30,  27.41,  27.24,  26.96,  27.77
20030301, 1200,  , TD, 13.1S, 103.6E,  20, 1004,    0,    0,    0,    0,    0,    0,    0,    0,    0,    0,    0,    0, -999,  27.09,  26.80,  27.24,  27.11,  27.39,  27.45,  27.86,  27.89,  29.34,  29.32,  29.10,  29.13,  28.91,  28.79,  28.83,  28.94,  28.47,  28.41,  28.70,  28.86,  27.70,  27.55,  27.53,  27.60,  27.96,  28.19,  27.38,  27.21,  27.05,  26.95,  27.38
20030301, 1800,  , TD, 13.4S, 104.7E,  25, 1002,    0,    0,    0,    0,    0,    0,    0,    0,    0,    0,    0,    0, -999,  27.70,  28.02,  28.13,  28.31,  28.31,  28.79,  28.42,  28.62,  29.05,  29.26,  29.16,  29.13,  29.03,  28.98,  28.99,  28.36,  28.27,  28.47,  27.97,  27.82,  27.49,  27.92,  27.59,  27.61,  27.70,  27.59,  27.32,  27.56,  27.40,  28.02,  28.13
20030302, 0000,  , TD, 13.8S, 105.9E,  25, 1002,    0,    0,    0,    0,    0,    0,    0,    0,    0,    0,    0,    0, -999,  27.76,  27.86,  27.79,  27.69,  27.70,  28.04,  28.90,  29.30,  29.27,  29.19,  28.85,  28.90,  28.87,  28.91,  28.92,  28.98,  29.06,  27.87,  27.69,  27.86,  27.99,  28.20,  27.46,  27.09,  27.24,  27.32,  27.56,  27.26,  27.50,  27.72,  28.12
20030302, 0600,  , TD, 14.1S, 106.7E,  30, 1000,    0,    0,    0,    0,    0,    0,    0,    0,    0,    0,    0,    0, -999,  27.50,  27.49,  27.63,  27.62,  27.79,  27.98,  28.81,  29.11,  29.16,  29.17,  28.70,  28.56,  27.96,  28.04,  28.20,  28.28,  28.21,  28.22,  28.04,  27.69,  27.42,  27.48,  27.25,  26.67,  27.66,  27.91,  28.17,  28.41,  28.28,  28.39,  28.23
20030302, 1200,  , TD, 14.6S, 107.5E,  30, 1000,    0,    0,    0,    0,    0,    0,    0,    0,    0,    0,    0,    0, -999,  28.07,  27.78,  27.95,  28.28,  28.00,  27.80,  28.09,  28.35,  28.38,  28.53,  28.21,  28.36,  28.23,  28.16,  28.11,  27.93,  27.56,  27.67,  27.83,  27.75,  27.56,  27.61,  27.59,  27.73,  27.82,  27.72,  27.72,  27.87,  27.92,  28.16,  27.84
20030302, 1800,  , TD, 14.8S, 108.4E,  30, 1000,    0,    0,    0,    0,    0,    0,    0,    0,    0,    0,    0,    0, -999,  27.88,  28.01,  27.91,  27.58,  27.52,  27.40,  27.56,  27.74,  27.42,  27.59,  27.43,  27.39,  27.39,  27.34,  27.35,  27.21,  27.13,  27.19,  27.20,  27.37,  27.44,  27.47,  27.57,  27.68,  27.73,  27.92,  27.84,  27.87,  27.65,  27.70,  27.85
20030303, 0000,  , TD, 14.8S, 109.3E,  30, 1000,    0,    0,    0,    0,    0,    0,    0,    0,    0,    0,    0,    0, -999,  27.50,  27.56,  27.75,  27.87,  27.70,  27.71,  27.65,  27.64,  27.89,  27.94,  28.03,  28.19,  27.85,  27.92,  27.71,  27.69,  27.49,  27.29,  27.50,  27.46,  27.35,  27.47,  27.50,  28.00,  27.33,  27.38,  27.31,  27.09,  27.08,  27.75,  27.67
20030303, 0600,  , TD, 14.7S, 110.1E,  30, 1000,    0,    0,    0,    0,    0,    0,    0,    0,    0,    0,    0,    0, -999,  27.12,  26.98,  27.04,  27.06,  27.15,  26.84,  27.09,  27.20,  27.18,  27.41,  28.21,  27.78,  27.65,  27.56,  27.69,  27.32,  26.88,  26.64,  26.77,  26.83,  27.22,  27.61,  27.83,  27.92,  27.71,  27.87,  27.21,  27.18,  27.29,  27.14,  26.92
20030303, 1200,  , TD, 14.7S, 110.9E,  30, 1000,    0,    0,    0,    0,    0,    0,    0,    0,    0,    0,    0,    0, -999,  28.09,  27.80,  28.13,  28.02,  28.34,  28.30,  27.93,  27.88,  28.12,  28.41,  28.49,  28.56,  27.80,  27.84,  27.52,  27.53,  27.84,  27.94,  27.99,  27.82,  27.63,  27.67,  27.86,  27.23,  27.59,  27.87,  27.79,  27.84,  27.92,  28.22,  27.96
20030303, 1800,  , TD, 14.7S, 111.5E,  30, 1000,    0,    0,    0,    0,    0,    0,    0,    0,    0,    0,    0,    0, -999,  28.35,  28.17,  28.27,  28.14,  27.90,  28.64,  27.95,  29.12,  29.56,  29.60,  29.52,  29.50,  29.34,  29.33,  28.63,  27.79,  27.65,  27.91,  27.37,  27.63,  27.16,  27.17,  27.84,  27.40,  28.45,  29.02,  27.69,  27.68,  27.83,  27.63,  27.53
20030304, 0000,  , TD, 14.8S, 112.0E,  30, 1000,    0,    0,    0,    0,    0,    0,    0,    0,    0,    0,    0,    0, -999,  27.44,  28.24,  29.55,  29.54,  29.38,  29.26,  29.31,  29.73,  28.76,  27.66,  27.91,  28.12,  28.68,  28.31,  27.81,  27.41,  27.13,  27.00,  26.92,  26.46,  26.74,  26.89,  26.60,  26.91,  27.39,  27.53,  27.30,  27.39,  27.47,  27.57,  27.80
20030304, 0600,  , TD, 14.9S, 112.5E,  30, 1000,    0,    0,    0,    0,    0,    0,    0,    0,    0,    0,    0,    0, -999,  29.66,  29.69,  29.66,  29.67,  29.50,  29.20,  29.12,  29.53,  29.43,  28.93,  29.31,  29.25,  29.41,  29.04,  28.82,  28.71,  28.68,  28.23,  28.11,  27.44,  27.22,  27.20,  26.57,  26.63,  27.07,  27.31,  27.26,  27.45,  27.74,  27.96,  28.85
20030304, 1200,  , TS, 15.0S, 113.3E,  35,  997,    0,    0,    0,    0,    0,    0,    0,    0,    0,    0,    0,    0, -999,  27.89,  28.28,  28.11,  29.33,  29.29,  28.55,  28.44,  29.35,  29.42,  28.48,  29.39,  29.31,  29.50,  29.01,  29.06,  28.77,  27.86,  27.30,  27.51,  27.60,  27.66,  27.28,  27.52,  27.71,  28.12,  28.51,  28.56,  28.38,  28.27,  28.62,  28.76
20030304, 1800,  , TS, 15.2S, 114.1E,  35,  997,    0,    0,    0,    0,    0,    0,    0,    0,    0,    0,    0,    0, -999,  29.34,  29.51,  29.41,  29.38,  29.58,  29.29,  29.53,  29.65,  29.68,  29.57,  28.58,  29.61,  29.59,  28.73,  28.56,  29.38,  29.44,  28.84,  28.65,  27.97,  27.44,  27.18,  27.57,  28.08,  27.87,  27.83,  27.70,  27.95,  27.89,  27.65,  27.45
20030305, 0000,  , TS, 15.8S, 114.8E,  35,  997,    0,    0,    0,    0,    0,    0,    0,    0,    0,    0,    0,    0, -999,  29.94,  29.82,  29.77,  29.74,  29.18,  28.89,  28.80,  28.66,  28.42,  28.37,  28.14,  27.93,  27.85,  27.87,  27.99,  28.02,  27.65,  27.65,  27.58,  27.28,  27.17,  27.50,  27.91,  27.49,  27.28,  27.15,  27.61,  27.22,  26.57,  26.98,  27.07
20030305, 0600,  , TS, 16.3S, 115.3E,  35,  997,    0,    0,    0,    0,    0,    0,    0,    0,    0,    0,    0,    0, -999,  28.65,  28.65,  28.51,  28.60,  28.58,  28.80,  28.65,  28.71,  28.70,  28.68,  28.76,  28.56,  28.36,  28.11,  28.17,  28.29,  27.64,  27.69,  27.52,  27.61,  27.47,  27.60,  27.76,  27.52,  27.24,  27.30,  27.45,  27.69,  27.55,  27.69,  27.90
20030305, 1200,  , TD, 16.8S, 115.7E,  30, 1000,    0,    0,    0,    0,    0,    0,    0,    0,    0,    0,    0,    0, -999,  27.89,  28.13,  28.75,  28.68,  28.73,  28.93,  28.93,  28.91,  28.69,  28.19,  28.56,  27.36,  28.22,  27.64,  26.99,  27.79,  26.88,  26.47,  26.68,  26.55,  27.34,  27.56,  27.52,  27.83,  27.59,  27.63,  28.22,  28.04,  27.79,  27.77,  27.58
20030305, 1800,  , TD, 17.4S, 116.2E,  30, 1000,    0,    0,    0,    0,    0,    0,    0,    0,    0,    0,    0,    0, -999,  28.20,  28.35,  28.49,  27.88,  27.67,  27.55,  26.75,  26.95,  27.12,  27.07,  28.05,  28.18,  28.27,  28.46,  28.05,  28.07,  27.48,  26.62,  26.89,  25.86,  25.88,  26.69,  26.28,  26.67,  26.69,  26.68,  27.26,  27.54,  28.04,  27.83,  27.75
20030306, 0000,  , TS, 18.1S, 115.8E,  35,  997,    0,    0,    0,    0,    0,    0,    0,    0,    0,    0,    0,    0, -999,  29.20,  29.28,  29.16,  29.03,  28.69,  28.46,  28.05,  28.11,  28.07,  28.25,  27.79,  27.81,  28.33,  28.08,  28.30,  28.24,  27.86,  27.81,  27.90,  27.50,  28.01,  28.19,  28.16,  28.20,  28.37,  28.30,  28.66,  28.86,  28.62,  28.45,  28.52
20030306, 0600,  , TS, 18.6S, 115.5E,  35,  997,    0,    0,    0,    0,    0,    0,    0,    0,    0,    0,    0,    0, -999,  28.45,  28.44,  28.44,  28.27,  27.87,  27.33,  27.10,  27.23,  27.43,  27.53,  27.32,  27.15,  27.67,  27.70,  27.96,  28.11,  27.71,  27.31,  27.57,  27.36,  27.26,  27.52,  27.29,  27.24,  27.70,  27.24,  27.56,  27.98,  27.94,  27.95,  28.38
20030306, 1200,  , TS, 19.0S, 115.2E,  35,  997,    0,    0,    0,    0,    0,    0,    0,    0,    0,    0,    0,    0, -999,  28.15,  28.25,  28.26,  27.95,  27.52,  27.39,  27.15,  27.24,  27.51,  27.55,  27.31,  26.82,  27.28,  27.39,  27.58,  27.75,  27.70,  27.45,  27.86,  27.89,  27.38,  27.54,  27.54,  27.28,  27.48,  27.55,  27.55,  27.91,  27.89,  27.75,  28.21
20030306, 1800,  , TS, 19.1S, 114.8E,  35,  997,    0,    0,    0,    0,    0,    0,    0,    0,    0,    0,    0,    0, -999,  27.83,  27.68,  27.50,  27.43,  27.37,  27.54,  27.27,  27.33,  27.51,  27.73,  27.27,  26.77,  27.05,  27.02,  27.10,  27.04,  26.78,  26.45,  26.41,  26.48,  26.17,  26.15,  26.39,  26.05,  26.36,  26.70,  26.70,  27.09,  27.20,  27.15,  27.54
20030307, 0000,  , TS, 19.0S, 114.5E,  35,  997,    0,    0,    0,    0,    0,    0,    0,    0,    0,    0,    0,    0, -999,  28.17,  28.19,  28.33,  28.40,  28.42,  28.41,  28.40,  28.33,  28.53,  28.13,  28.36,  28.59,  28.42,  28.50,  28.47,  28.04,  27.07,  27.35,  26.66,  26.04,  26.41,  26.56,  26.01,  26.01,  26.34,  26.52,  26.77,  26.81,  27.26,  27.73,  27.69
20030307, 0600,  , TS, 19.0S, 114.2E,  35,  997,    0,    0,    0,    0,    0,    0,    0,    0,    0,    0,    0,    0, -999,  28.21,  28.15,  28.09,  28.15,  28.15,  28.16,  28.20,  28.24,  28.36,  27.96,  28.04,  27.92,  27.93,  27.82,  27.54,  27.90,  27.85,  27.70,  27.66,  27.62,  27.78,  27.94,  27.67,  27.59,  26.91,  26.85,  26.69,  26.55,  26.55,  26.82,  27.04
20030307, 1200,  , TS, 19.3S, 113.8E,  35,  997,    0,    0,    0,    0,    0,    0,    0,    0,    0,    0,    0,    0, -999,  28.29,  28.23,  28.16,  28.21,  28.18,  28.18,  28.15,  28.24,  28.33,  28.18,  28.06,  27.96,  27.81,  27.95,  28.13,  28.29,  28.07,  27.99,  27.69,  27.58,  27.56,  27.39,  27.20,  26.85,  26.52,  26.83,  26.80,  26.94,  26.85,  27.22,  27.06
20030307, 1800,  , TD, 19.4S, 113.4E,  30, 1000,    0,    0,    0,    0,    0,    0,    0,    0,    0,    0,    0,    0, -999,  26.86,  26.88,  27.02,  27.19,  27.00,  27.03,  27.21,  27.22,  27.09,  27.13,  27.20,  27.25,  27.14,  27.04,  27.57,  27.38,  27.48,  27.05,  27.03,  26.92,  26.96,  27.01,  26.82,  27.00,  26.97,  27.19,  27.06,  27.37,  28.44,  28.47,  28.20
20030308, 0000,  , TD, 19.6S, 113.0E,  30, 1000,    0,    0,    0,    0,    0,    0,    0,    0,    0,    0,    0,    0, -999,  26.98,  27.19,  27.22,  27.23,  27.04,  26.77,  26.56,  26.49,  27.01,  26.84,  26.77,  26.61,  26.68,  27.07,  27.20,  27.09,  27.03,  27.04,  26.87,  26.94,  26.97,  26.73,  27.01,  27.17,  27.80,  28.36,  27.78,  28.44,  27.99,  27.40,  27.73
20030308, 0600,  , TD, 19.9S, 112.7E,  30, 1000,    0,    0,    0,    0,    0,    0,    0,    0,    0,    0,    0,    0, -999,  26.64,  26.32,  26.51,  26.34,  26.03,  26.16,  26.25,  25.91,  26.29,  26.35,  26.44,  26.40,  26.22,  26.64,  26.98,  26.69,  26.54,  26.91,  26.46,  26.57,  26.75,  26.66,  26.92,  27.00,  27.06,  27.32,  27.23,  27.25,  27.29,  27.31,  27.66
20030308, 1200,  , TD, 20.2S, 112.4E,  30, 1000,    0,    0,    0,    0,    0,    0,    0,    0,    0,    0,    0,    0, -999,  27.32,  26.63,  27.32,  26.72,  26.72,  27.23,  27.28,  27.00,  27.01,  27.01,  26.96,  26.76,  26.90,  27.06,  26.87,  27.01,  26.83,  27.19,  26.74,  26.69,  26.70,  26.61,  26.75,  26.90,  26.97,  27.14,  27.20,  27.25,  27.16,  27.11,  27.35
20030308, 1800,  , TD, 20.6S, 111.8E,  30, 1000,    0,    0,    0,    0,    0,    0,    0,    0,    0,    0,    0,    0, -999,  26.86,  26.60,  26.60,  26.48,  26.51,  26.77,  27.05,  26.78,  27.02,  27.02,  26.95,  27.04,  27.21,  27.25,  26.92,  27.10,  26.91,  27.34,  27.07,  27.04,  27.02,  27.06,  27.15,  27.02,  26.71,  26.93,  27.21,  27.29,  27.28,  27.47,  27.49
20030309, 0000,  , TD, 21.1S, 110.8E,  25, 1002,    0,    0,    0,    0,    0,    0,    0,    0,    0,    0,    0,    0, -999,  25.23,  25.04,  25.33,  25.56,  25.54,  25.45,  25.56,  25.81,  25.53,  25.55,  25.66,  25.64,  25.51,  25.50,  25.43,  25.30,  25.39,  25.58,  25.70,  26.02,  27.10,  26.98,  26.25,  26.49,  26.99,  27.55,  27.53,  27.38,  27.27,  27.24,  27.27
20030309, 0600,  , TD, 22.2S, 109.5E,  25, 1002,    0,    0,    0,    0,    0,    0,    0,    0,    0,    0,    0,    0, -999,  25.22,  25.53,  25.65,  25.60,  25.55,  25.39,  25.36,  25.39,  25.50,  25.12,  25.01,  25.33,  25.61,  25.51,  25.46,  25.62,  25.36,  25.44,  25.43,  25.79,  26.01,  25.94,  25.63,  25.44,  25.64,  26.02,  26.17,  26.07,  25.77,  25.61,  25.84
20030309, 1200,  , TD, 23.7S, 108.5E,  25, 1002,    0,    0,    0,    0,    0,    0,    0,    0,    0,    0,    0,    0, -999,  24.46,  24.46,  24.33,  23.96,  23.95,  24.02,  24.31,  24.52,  24.65,  24.24,  24.54,  24.65,  24.51,  24.40,  24.58,  24.71,  24.69,  24.62,  24.65,  24.66,  24.62,  24.61,  24.57,  24.61,  24.47,  24.44,  24.45,  24.32,  24.17,  23.95,  23.85
