SH221996,            UNNAMED,     25,
19960317, 1800,  , LO, 13.9S,  69.6E,  25,    0,    0,    0,    0,    0,    0,    0,    0,    0,    0,    0,    0,    0, -999,  19.01,  18.15,  17.98,  18.23,  18.04,  18.31,  18.33,  18.46,  18.55,  18.55,  18.56,  18.50,  18.55,  18.77,  18.89,  18.66,  18.09,  17.87,  17.81,  17.85,  18.28,  18.13,  18.45,  18.41,  18.19,  18.29,  17.93,  18.05,  18.40,  18.07,  17.75
19960318, 0000,  , LO, 13.9S,  68.5E,  25,    0,    0,    0,    0,    0,    0,    0,    0,    0,    0,    0,    0,    0, -999,  20.46,  20.40,  20.16,  20.08,  20.04,  19.74,  20.05,  20.12,  19.84,  20.43,  20.36,  20.28,  20.57,  20.32,  20.27,  19.72,  19.26,  19.29,  19.22,  19.78,  19.73,  19.41,  19.30,  19.50,  19.23,  19.33,  19.37,  19.06,  19.08,  18.70,  18.42
19960318, 0600,  , LO, 13.9S,  67.3E,  25,    0,    0,    0,    0,    0,    0,    0,    0,    0,    0,    0,    0,    0, -999,  19.07,  19.66,  18.78,  19.69,  19.05,  19.29,  20.01,  19.58,  19.58,  19.88,  20.08,  19.67,  20.40,  19.94,  19.68,  19.35,  19.72,  19.93,  19.42,  19.47,  19.52,  19.52,  19.20,  19.39,  19.34,  19.48,  19.49,  19.32,  19.55,  19.09,  19.38
19960318, 1200,  , LO, 13.8S,  66.2E,  25,    0,    0,    0,    0,    0,    0,    0,    0,    0,    0,    0,    0,    0, -999,  19.83,  19.72,  19.03,  19.18,  19.16,  19.41,  19.14,  19.54,  19.44,  19.49,  19.31,  19.14,  19.47,  19.65,  19.47,  19.39,  19.47,  19.52,  19.16,  19.31,  19.23,  19.38,  19.51,  19.33,  19.27,  19.02,  19.20,  18.88,  18.94,  18.51,  18.85
19960318, 1800,  , LO, 13.6S,  65.2E,  25,    0,    0,    0,    0,    0,    0,    0,    0,    0,    0,    0,    0,    0, -999,  22.23,  21.76,  22.29,  21.91,  21.86,  21.52,  21.50,  21.42,  21.03,  20.56,  20.41,  20.36,  20.66,  20.57,  20.45,  20.75,  21.02,  20.89,  20.86,  20.52,  20.43,  20.47,  21.00,  20.89,  20.96,  20.70,  20.87,  20.47,  20.52,  20.25,  19.97
19960319, 0000,  , LO, 13.3S,  64.2E,  25,    0,    0,    0,    0,    0,    0,    0,    0,    0,    0,    0,    0,    0, -999,  20.64,  20.93,  20.87,  20.84,  20.60,  20.67,  20.77,  20.96,  20.19,  19.84,  19.42,  19.69,  19.92,  20.16,  20.00,  20.11,  19.77,  20.00,  19.59,  19.36,  19.48,  19.45,  19.30,  19.88,  19.44,  19.16,  19.27,  19.29,  19.70,  19.53,  20.12
19960319, 0600,  , LO, 13.1S,  63.2E,  30,    0,    0,    0,    0,    0,    0,    0,    0,    0,    0,    0,    0,    0, -999,  18.73,  18.83,  19.07,  19.05,  18.77,  19.01,  19.04,  19.35,  18.55,  18.16,  18.19,  18.18,  18.21,  18.56,  18.24,  18.79,  18.80,  19.43,  18.67,  18.57,  18.52,  18.78,  18.95,  19.20,  19.02,  19.04,  19.02,  19.24,  18.73,  18.66,  18.35
19960319, 1200,  , LO, 13.0S,  62.3E,  30,    0,    0,    0,    0,    0,    0,    0,    0,    0,    0,    0,    0,    0, -999,  19.42,  19.49,  19.29,  19.14,  18.85,  19.34,  19.34,  19.36,  18.92,  18.29,  18.25,  17.85,  18.06,  17.98,  17.54,  18.54,  18.83,  18.71,  18.53,  18.17,  18.14,  17.81,  18.07,  18.23,  17.91,  18.01,  18.26,  18.42,  18.77,  19.02,  18.84
19960319, 1800,  , LO, 13.1S,  61.4E,  30,    0,    0,    0,    0,    0,    0,    0,    0,    0,    0,    0,    0,    0, -999,  20.95,  21.05,  21.29,  21.07,  20.90,  21.82,  22.27,  21.98,  21.95,  21.53,  21.33,  21.04,  20.93,  20.79,  20.86,  22.07,  22.36,  22.16,  21.72,  20.47,  19.78,  19.25,  19.45,  19.51,  19.47,  20.02,  20.62,  20.73,  20.66,  20.42,  20.07
19960320, 0000,  , LO, 13.3S,  60.4E,  30,    0,    0,    0,    0,    0,    0,    0,    0,    0,    0,    0,    0,    0, -999,  22.45,  23.00,  22.25,  22.10,  22.27,  22.34,  22.46,  22.32,  22.30,  21.71,  21.46,  21.65,  21.65,  22.15,  22.87,  23.14,  23.48,  23.50,  22.79,  22.06,  21.47,  20.92,  20.64,  20.41,  21.09,  21.39,  21.29,  21.51,  21.23,  21.06,  20.90
19960320, 0600,  , LO, 13.7S,  59.4E,  30,    0,    0,    0,    0,    0,    0,    0,    0,    0,    0,    0,    0,    0, -999,  22.54,  22.42,  22.41,  22.23,  22.48,  22.62,  22.75,  22.88,  22.83,  22.86,  22.77,  22.75,  22.72,  22.80,  22.93,  23.27,  23.24,  23.16,  22.61,  22.59,  22.55,  22.01,  21.80,  21.84,  22.06,  21.84,  21.85,  22.41,  22.82,  22.55,  22.59
19960320, 1200,  , LO, 14.2S,  58.7E,  30,    0,    0,    0,    0,    0,    0,    0,    0,    0,    0,    0,    0,    0, -999,  22.34,  22.05,  21.90,  21.81,  21.90,  22.00,  22.25,  22.40,  22.42,  22.67,  22.78,  22.48,  22.46,  22.45,  22.72,  22.79,  22.88,  22.93,  23.01,  23.15,  23.17,  22.81,  22.67,  22.83,  23.10,  22.15,  21.76,  21.67,  21.54,  21.48,  21.40
19960320, 1800,  , LO, 14.8S,  58.2E,  30,    0,    0,    0,    0,    0,    0,    0,    0,    0,    0,    0,    0,    0, -999,  21.93,  21.30,  21.09,  21.12,  21.15,  21.30,  21.68,  21.80,  21.94,  22.60,  22.90,  22.80,  22.81,  22.91,  23.09,  23.24,  23.19,  23.12,  23.02,  22.86,  22.68,  22.53,  22.24,  22.21,  22.27,  21.68,  21.30,  21.21,  21.17,  21.20,  21.41
19960321, 0000,  , LO, 15.4S,  57.9E,  30,    0,    0,    0,    0,    0,    0,    0,    0,    0,    0,    0,    0,    0, -999,  22.12,  21.99,  21.90,  21.94,  21.98,  22.02,  22.06,  22.18,  23.11,  23.52,  23.11,  22.95,  22.97,  23.31,  23.52,  23.43,  23.03,  23.28,  23.52,  23.31,  23.54,  23.41,  23.49,  23.42,  22.83,  22.52,  22.19,  22.15,  21.92,  21.92,  22.11
19960321, 0600,  , LO, 16.1S,  57.7E,  30,    0,    0,    0,    0,    0,    0,    0,    0,    0,    0,    0,    0,    0, -999,  21.84,  21.61,  21.55,  21.68,  21.67,  21.73,  21.56,  21.59,  22.38,  22.84,  22.89,  22.91,  22.94,  23.00,  23.12,  23.20,  23.36,  23.58,  23.66,  23.49,  23.19,  23.11,  23.20,  23.41,  23.04,  23.04,  22.86,  22.87,  22.74,  22.74,  22.77
19960321, 1200,  , LO, 16.8S,  57.5E,  30,    0,    0,    0,    0,    0,    0,    0,    0,    0,    0,    0,    0,    0, -999,  21.25,  21.21,  21.23,  21.64,  21.76,  21.77,  21.74,  21.84,  22.16,  22.29,  22.43,  22.51,  22.65,  22.65,  22.74,  22.70,  22.75,  22.82,  22.70,  22.61,  22.48,  22.58,  22.75,  22.88,  22.68,  22.63,  22.51,  22.53,  22.47,  22.38,  22.45
19960321, 1800,  , LO, 17.3S,  57.4E,  30,    0,    0,    0,    0,    0,    0,    0,    0,    0,    0,    0,    0,    0, -999,  21.70,  21.73,  21.31,  21.05,  21.16,  21.28,  21.32,  21.37,  21.62,  22.07,  22.26,  22.39,  22.47,  22.59,  22.68,  22.53,  22.36,  22.33,  22.43,  22.43,  22.42,  22.39,  22.63,  22.60,  22.41,  22.40,  22.36,  22.44,  22.50,  22.41,  22.43
19960322, 0000,  , LO, 17.8S,  57.4E,  30,    0,    0,    0,    0,    0,    0,    0,    0,    0,    0,    0,    0,    0, -999,  22.02,  21.93,  21.69,  21.67,  21.66,  21.86,  21.84,  22.01,  22.06,  22.09,  22.34,  22.50,  22.63,  22.82,  22.79,  22.73,  22.54,  22.56,  22.66,  22.57,  22.53,  22.66,  22.68,  22.52,  22.48,  22.52,  22.59,  22.58,  22.43,  22.44,  22.87
19960322, 0600,  , TS, 18.5S,  57.7E,  35,    0,    0,    0,    0,    0,    0,    0,    0,    0,    0,    0,    0,    0, -999,  22.67,  22.36,  22.00,  21.89,  21.59,  21.68,  21.70,  21.82,  22.15,  22.46,  22.73,  23.06,  23.23,  23.16,  22.91,  23.03,  22.66,  22.70,  22.78,  22.47,  22.43,  22.55,  22.70,  22.74,  22.62,  22.49,  22.51,  22.61,  22.67,  22.65,  23.19
19960322, 1200,  , TS, 19.1S,  58.0E,  35,    0,    0,    0,    0,    0,    0,    0,    0,    0,    0,    0,    0,    0, -999,  22.14,  22.11,  21.70,  21.95,  22.08,  22.29,  22.16,  22.00,  22.08,  22.09,  21.96,  21.94,  21.70,  21.54,  21.51,  21.54,  21.43,  22.18,  22.44,  22.69,  23.27,  23.48,  23.03,  22.65,  22.51,  22.40,  22.37,  22.33,  22.23,  22.32,  22.87
19960322, 1800,  , TS, 19.8S,  58.2E,  35,    0,    0,    0,    0,    0,    0,    0,    0,    0,    0,    0,    0,    0, -999,  22.38,  22.50,  22.26,  22.38,  22.50,  23.04,  23.24,  23.27,  23.16,  22.77,  22.44,  22.33,  22.45,  22.28,  22.43,  22.47,  21.67,  21.47,  21.48,  21.85,  22.27,  22.56,  22.82,  22.90,  22.87,  22.87,  23.10,  23.02,  22.95,  22.93,  23.33
19960323, 0000,  , TS, 20.2S,  58.4E,  35,    0,    0,    0,    0,    0,    0,    0,    0,    0,    0,    0,    0,    0, -999,  22.28,  22.36,  22.65,  22.95,  22.86,  22.83,  22.70,  22.66,  22.72,  22.61,  22.54,  22.94,  22.97,  22.28,  21.89,  21.52,  21.52,  21.77,  21.86,  21.91,  21.81,  21.92,  22.04,  22.04,  21.91,  21.88,  21.94,  21.97,  22.12,  22.58,  22.69
19960323, 0600,  , TS, 20.8S,  58.6E,  35,    0,    0,    0,    0,    0,    0,    0,    0,    0,    0,    0,    0,    0, -999,  22.12,  22.22,  22.30,  22.55,  22.51,  22.58,  22.79,  22.71,  22.61,  22.43,  22.41,  22.60,  22.67,  22.77,  22.76,  22.80,  22.19,  22.15,  21.94,  22.23,  21.93,  21.86,  21.67,  21.45,  22.00,  22.19,  22.24,  22.33,  22.34,  22.66,  22.75
19960323, 1200,  , TS, 21.4S,  58.5E,  35,    0,    0,    0,    0,    0,    0,    0,    0,    0,    0,    0,    0,    0, -999,  22.05,  22.27,  22.37,  22.44,  22.42,  22.44,  22.57,  22.57,  22.51,  22.41,  22.33,  22.48,  22.63,  22.84,  22.93,  22.93,  22.63,  22.69,  22.73,  22.54,  22.34,  22.17,  22.26,  22.35,  22.18,  21.84,  21.76,  21.66,  22.15,  22.67,  22.80
19960323, 1800,  , LO, 22.2S,  58.3E,  30,    0,    0,    0,    0,    0,    0,    0,    0,    0,    0,    0,    0,    0, -999,  21.30,  21.50,  21.63,  21.69,  21.47,  21.32,  21.25,  21.21,  21.00,  20.93,  20.96,  21.22,  21.53,  21.73,  21.93,  21.94,  21.61,  21.48,  21.64,  21.59,  21.66,  21.61,  21.95,  22.21,  22.22,  22.37,  22.36,  22.64,  22.64,  22.82,  23.21
