SH222000,            UNNAMED,     14,
20000331, 0000,  , LO, 14.2S, 155.4E,  20,    0,    0,    0,    0,    0,    0,    0,    0,    0,    0,    0,    0,    0, -999,  35.11,  35.01,  35.01,  35.02,  35.03,  35.01,  34.98,  34.98,  34.98,  34.95,  35.00,  35.00,  35.00,  35.04,  35.06,  35.10,  35.10,  35.09,  35.09,  35.08,  35.11,  35.07,  35.05,  35.01,  34.92,  34.94,  34.79,  34.79,  34.81,  34.78,  34.78
20000331, 0600,  , LO, 14.6S, 155.0E,  20,    0,    0,    0,    0,    0,    0,    0,    0,    0,    0,    0,    0,    0, -999,  35.09,  35.05,  35.13,  35.08,  35.13,  35.06,  35.06,  35.05,  35.05,  35.05,  35.04,  35.05,  35.02,  35.02,  35.03,  35.01,  35.03,  35.04,  35.05,  35.07,  34.97,  34.94,  34.96,  34.93,  34.92,  34.90,  34.91,  34.91,  34.91,  34.92,  34.93
20000331, 1200,  , LO, 15.0S, 154.4E,  25,    0,    0,    0,    0,    0,    0,    0,    0,    0,    0,    0,    0,    0, -999,  35.02,  35.00,  35.01,  35.04,  35.11,  35.13,  35.18,  35.20,  35.19,  35.22,  35.17,  35.10,  35.09,  35.04,  35.02,  35.09,  35.08,  35.07,  35.00,  35.02,  35.06,  34.91,  35.14,  34.91,  35.15,  34.90,  34.93,  34.94,  34.91,  34.92,  34.93
20000331, 1800,  , LO, 15.3S, 153.7E,  25,    0,    0,    0,    0,    0,    0,    0,    0,    0,    0,    0,    0,    0, -999,  35.10,  35.05,  35.07,  35.14,  35.18,  35.26,  35.19,  35.24,  35.16,  35.28,  35.23,  35.26,  35.22,  35.16,  35.13,  35.11,  35.13,  35.10,  35.09,  35.08,  34.95,  34.88,  34.91,  34.85,  34.92,  34.91,  34.93,  34.93,  34.92,  34.90,  34.89
20000401, 0000,  , TS, 15.6S, 153.1E,  35,    0,    0,    0,    0,    0,    0,    0,    0,    0,    0,    0,    0,    0, -999,  35.34,  35.35,  35.37,  35.36,  35.39,  35.37,  35.43,  35.38,  35.31,  35.19,  35.17,  35.11,  35.07,  35.06,  35.09,  35.12,  35.04,  35.02,  34.90,  34.99,  34.95,  34.99,  35.02,  34.97,  34.94,  34.94,  35.03,  34.89,  34.95,  34.89,  34.95
20000401, 0600,  , TS, 16.0S, 152.5E,  35,    0,    0,    0,    0,    0,    0,    0,    0,    0,    0,    0,    0,    0, -999,  34.87,  35.08,  34.78,  35.07,  35.19,  34.85,  35.27,  35.39,  35.42,  35.44,  35.45,  35.36,  35.13,  35.09,  34.97,  34.92,  35.00,  35.02,  35.05,  35.06,  35.08,  35.09,  35.08,  35.07,  35.05,  35.05,  35.05,  35.02,  35.00,  34.99,  34.99
20000401, 1200,  , TS, 16.5S, 151.8E,  40,    0,    0,    0,    0,    0,    0,    0,    0,    0,    0,    0,    0,    0, -999,  35.06,  35.25,  35.12,  35.06,  35.28,  34.98,  35.12,  35.18,  35.02,  35.06,  35.02,  35.03,  35.00,  34.98,  34.97,  35.06,  35.16,  35.14,  35.13,  35.03,  35.05,  35.01,  35.02,  35.00,  35.02,  35.03,  35.09,  35.08,  35.12,  35.12,  35.11
20000401, 1800,  , TS, 17.2S, 150.9E,  45,    0,    0,    0,    0,    0,    0,    0,    0,    0,    0,    0,    0,    0, -999,  35.17,  35.17,  35.14,  35.16,  35.14,  35.16,  35.17,  35.15,  35.15,  35.14,  35.16,  35.15,  35.14,  35.12,  35.09,  35.13,  35.14,  35.13,  35.10,  35.10,  35.15,  35.16,  35.17,  35.16,  35.16,  35.11,  35.01,  35.12,  35.11,  35.08,  35.03
20000402, 0000,  , TS, 17.8S, 150.0E,  45,    0,    0,    0,    0,    0,    0,    0,    0,    0,    0,    0,    0,    0, -999,  35.15,  35.10,  35.04,  35.08,  35.08,  35.11,  35.12,  35.12,  35.13,  35.12,  35.12,  35.11,  35.10,  35.10,  35.10,  35.11,  35.12,  35.13,  35.13,  35.14,  35.14,  35.14,  35.14,  35.15,  35.15,  35.16,  35.17,  35.18,  35.18,  35.17,  35.17
20000402, 0600,  , TS, 18.3S, 149.0E,  45,    0,    0,    0,    0,    0,    0,    0,    0,    0,    0,    0,    0,    0, -999,  35.03,  35.01,  35.02,  35.02,  35.03,  35.03,  35.06,  35.09,  35.05,  35.05,  35.05,  35.02,  35.01,  35.03,  35.08,  35.11,  35.13,  35.14,  35.14,  35.15,  35.14,  35.14,  35.14,  35.14,  35.14,  35.14,  35.13,  35.10,  35.09,  35.09,  35.10
20000402, 1200,  , TS, 18.8S, 147.8E,  50,    0,    0,    0,    0,    0,    0,    0,    0,    0,    0,    0,    0,    0, -999,    nan,    nan,    nan,    nan,    nan,    nan,    nan,    nan,    nan,    nan,    nan,    nan,    nan,    nan,    nan,    nan,    nan,    nan,    nan,    nan,    nan,    nan,    nan,    nan,    nan,    nan,    nan,    nan,    nan,    nan,    nan
20000402, 1800,  , TS, 18.8S, 146.6E,  50,    0,    0,    0,    0,    0,    0,    0,    0,    0,    0,    0,    0,    0, -999,    nan,    nan,    nan,    nan,    nan,    nan,    nan,    nan,    nan,    nan,    nan,    nan,    nan,    nan,    nan,    nan,    nan,    nan,    nan,    nan,    nan,    nan,    nan,    nan,    nan,    nan,    nan,    nan,    nan,    nan,    nan
20000403, 0000,  , LO, 18.9S, 146.0E,  30,    0,    0,    0,    0,    0,    0,    0,    0,    0,    0,    0,    0,    0, -999,    nan,    nan,    nan,    nan,    nan,    nan,    nan,    nan,    nan,    nan,    nan,    nan,    nan,    nan,    nan,    nan,    nan,    nan,    nan,    nan,    nan,    nan,    nan,    nan,    nan,    nan,    nan,    nan,    nan,    nan,    nan
20000403, 0600,  , LO, 19.0S, 145.6E,  25,    0,    0,    0,    0,    0,    0,    0,    0,    0,    0,    0,    0,    0, -999,    nan,    nan,    nan,    nan,    nan,    nan,    nan,    nan,    nan,    nan,    nan,    nan,    nan,    nan,    nan,    nan,    nan,    nan,    nan,    nan,    nan,    nan,    nan,    nan,    nan,    nan,    nan,    nan,    nan,    nan,    nan
