SH222002,            UNNAMED,     26,
20020409, 0600,  , TD,  7.8S, 129.2E,  25, 1002,    0,    0,    0,    0,    0,    0,    0,    0,    0,    0,    0,    0, -999,  24.02,  23.57,  23.49,  24.31,  24.13,  24.02,  23.30,  23.66,  23.85,  24.09,  24.06,  23.98,  23.67,  23.95,  23.73,  23.91,  24.01,  24.02,  23.87,  23.73,  23.76,  23.19,  23.25,  22.66,  23.07,  23.53,  23.32,  23.32,  23.04,  22.68,  21.87
20020409, 1200,  , TD,  8.2S, 128.7E,  25, 1002,    0,    0,    0,    0,    0,    0,    0,    0,    0,    0,    0,    0, -999,  23.46,  23.40,  23.51,  24.34,  24.29,  24.23,  23.57,  23.94,  23.93,  24.02,  24.09,  23.56,  23.68,  23.80,  23.85,  23.59,  23.44,  23.20,  23.09,  23.08,  23.12,  22.87,  23.19,  22.93,  22.74,  22.57,  23.48,  23.59,  23.41,  23.26,  22.73
20020409, 1800,  , TD,  8.8S, 128.1E,  25, 1002,    0,    0,    0,    0,    0,    0,    0,    0,    0,    0,    0,    0, -999,  22.95,  23.08,  23.53,  24.43,  24.26,  24.34,  23.56,  23.58,  23.40,  23.40,  23.69,  23.32,  23.27,  23.62,  23.38,  23.43,  23.77,  23.00,  22.95,  23.11,  22.88,  22.68,  22.61,  22.47,  22.86,  23.00,  23.36,  23.22,  23.13,  23.28,  22.79
20020410, 0000,  , TD,  9.2S, 126.9E,  30, 1000,    0,    0,    0,    0,    0,    0,    0,    0,    0,    0,    0,    0, -999,  22.35,  22.00,  22.48,  22.70,  22.64,  23.51,  23.27,  23.37,  23.22,  23.54,  23.55,  23.78,  24.20,  23.82,  23.56,  23.34,  21.62,  22.00,  22.12,  21.52,  21.24,  20.83,  21.04,  21.66,  22.20,  22.17,  22.04,  22.09,  22.37,  22.38,  22.60
20020410, 0600,  , TD,  9.6S, 125.6E,  30, 1000,    0,    0,    0,    0,    0,    0,    0,    0,    0,    0,    0,    0, -999,  23.14,  23.12,  23.13,  23.43,  23.33,  23.25,  22.83,  22.54,  22.29,  22.80,  22.95,  22.98,  22.87,  23.21,  24.10,  24.13,  23.36,  23.49,  23.41,  23.35,  23.06,  22.68,  22.47,  22.14,  21.81,  21.48,  22.23,  22.63,  22.94,  22.95,  22.67
20020410, 1200,  , TD, 10.0S, 124.4E,  30, 1000,    0,    0,    0,    0,    0,    0,    0,    0,    0,    0,    0,    0, -999,    nan,    nan,    nan,    nan,    nan,    nan,    nan,    nan,    nan,    nan,    nan,    nan,    nan,    nan,    nan,    nan,    nan,    nan,    nan,    nan,    nan,    nan,    nan,    nan,    nan,    nan,    nan,    nan,    nan,    nan,    nan
20020410, 1800,  , TS, 10.1S, 123.2E,  35,  997,    0,    0,    0,    0,    0,    0,    0,    0,    0,    0,    0,    0, -999,  23.04,  23.97,  23.65,  23.96,  23.96,  23.60,  23.16,  23.03,  22.71,  22.94,  23.14,  23.11,  23.13,  23.26,  22.60,  22.35,  21.40,  22.42,  22.85,  22.80,  22.43,  22.32,  21.06,  20.48,  20.76,  21.30,  23.68,  23.80,  23.34,  23.50,  23.18
20020411, 0000,  , TS, 10.1S, 122.0E,  40,  994,    0,    0,    0,    0,    0,    0,    0,    0,    0,    0,    0,    0, -999,  23.03,  23.39,  24.03,  22.43,  22.70,  23.09,  23.75,  23.15,  22.91,  22.69,  22.17,  22.45,  22.79,  23.21,  23.64,  24.37,  24.05,  24.43,  25.52,  24.94,  23.90,  23.56,  22.22,  22.31,  22.18,  23.49,  23.25,  23.27,  23.02,  22.43,  22.13
20020411, 0600,  , TS, 10.1S, 120.8E,  45,  991,    0,    0,    0,    0,    0,    0,    0,    0,    0,    0,    0,    0, -999,  21.49,  21.27,  23.09,  22.37,  21.47,  21.48,  20.82,  21.53,  21.94,  21.33,  20.41,  20.16,  20.90,  22.39,  23.85,  23.26,  22.82,  22.89,  23.99,  21.82,  22.36,  22.43,  22.72,  23.31,  22.72,  22.45,  21.45,  20.37,  21.70,  21.06,  19.90
20020411, 1200,  , TS, 10.1S, 119.6E,  45,  991,    0,    0,    0,    0,    0,    0,    0,    0,    0,    0,    0,    0, -999,  23.25,  23.39,  22.08,  22.08,  22.05,  22.74,  22.34,  22.45,  22.15,  20.80,  21.18,  21.41,  21.86,  22.19,  22.60,  22.55,  23.05,  23.02,  22.96,  22.47,  22.99,  22.57,  22.00,  21.98,  21.36,  21.16,  21.26,  21.21,  22.14,  21.23,  20.75
20020411, 1800,  , TS, 10.1S, 118.4E,  45,  991,    0,    0,    0,    0,    0,    0,    0,    0,    0,    0,    0,    0, -999,  23.00,  22.98,  21.88,  21.61,  21.30,  21.22,  21.18,  21.64,  21.45,  21.18,  20.67,  20.83,  20.89,  21.14,  21.12,  21.50,  21.67,  21.52,  21.15,  21.12,  21.51,  21.26,  21.14,  21.17,  21.04,  20.76,  20.49,  20.24,  20.37,  20.03,  20.03
20020412, 0000,  , TS, 10.2S, 117.0E,  45,  991,    0,    0,    0,    0,    0,    0,    0,    0,    0,    0,    0,    0, -999,  21.24,  20.24,  19.79,  19.95,  19.95,  19.92,  21.60,  22.07,  22.46,  22.29,  23.43,  22.66,  22.17,  22.29,  21.77,  21.93,  21.84,  21.91,  21.53,  21.45,  21.09,  21.49,  21.52,  21.30,  21.35,  20.29,  20.10,  20.13,  21.00,  20.95,  20.69
20020412, 0600,  , TS, 10.4S, 115.8E,  45,  991,    0,    0,    0,    0,    0,    0,    0,    0,    0,    0,    0,    0, -999,  21.50,  20.80,  20.30,  20.56,  20.63,  20.57,  21.68,  21.75,  22.03,  21.67,  21.00,  21.15,  21.21,  21.51,  20.48,  20.79,  20.58,  21.08,  21.18,  20.86,  21.39,  21.47,  22.10,  21.78,  22.25,  21.68,  21.76,  21.15,  22.75,  22.97,  23.21
20020412, 1200,  , TS, 10.6S, 114.5E,  45,  991,    0,    0,    0,    0,    0,    0,    0,    0,    0,    0,    0,    0, -999,  21.59,  21.19,  20.49,  21.77,  21.99,  22.25,  22.25,  22.05,  22.11,  22.09,  21.86,  21.93,  21.78,  21.97,  21.64,  21.04,  20.50,  20.15,  20.47,  20.60,  20.36,  20.08,  19.36,  20.18,  19.97,  20.56,  20.85,  20.99,  21.50,  21.47,  21.73
20020412, 1800,  , TS, 11.0S, 113.1E,  50,  987,    0,    0,    0,    0,    0,    0,    0,    0,    0,    0,    0,    0, -999,  22.84,  22.94,  22.49,  24.00,  24.36,  24.29,  23.41,  23.22,  23.40,  23.33,  23.74,  24.05,  24.33,  24.23,  23.81,  22.68,  22.55,  22.58,  23.48,  22.76,  23.23,  22.16,  20.76,  19.93,  19.67,  19.45,  19.49,  20.08,  19.95,  20.24,  20.32
20020413, 0000,  , TS, 11.3S, 111.7E,  45,  991,    0,    0,    0,    0,    0,    0,    0,    0,    0,    0,    0,    0, -999,  24.00,  22.94,  22.88,  22.64,  22.86,  23.07,  22.92,  22.87,  23.45,  23.18,  23.48,  23.46,  23.38,  23.52,  22.37,  22.26,  22.59,  24.61,  24.70,  24.74,  23.77,  23.36,  23.88,  23.15,  22.81,  21.94,  21.99,  20.75,  20.57,  20.09,  20.26
20020413, 0600,  , TS, 11.6S, 110.4E,  45,  991,    0,    0,    0,    0,    0,    0,    0,    0,    0,    0,    0,    0, -999,  21.74,  22.01,  22.83,  23.00,  24.54,  24.84,  24.79,  24.71,  24.66,  24.74,  24.63,  24.29,  24.00,  23.78,  21.86,  21.69,  21.56,  22.84,  23.36,  24.15,  23.78,  23.45,  23.41,  23.84,  23.83,  23.54,  23.59,  23.01,  23.10,  23.09,  23.14
20020413, 1200,  , TS, 11.9S, 109.2E,  40,  994,    0,    0,    0,    0,    0,    0,    0,    0,    0,    0,    0,    0, -999,  22.90,  22.66,  22.64,  22.53,  24.09,  24.53,  24.58,  24.04,  24.00,  24.15,  24.41,  24.44,  24.50,  24.50,  22.40,  21.52,  20.91,  21.66,  21.57,  21.55,  21.88,  22.74,  23.35,  23.91,  24.09,  23.75,  23.31,  23.26,  23.35,  23.74,  23.65
20020413, 1800,  , TS, 12.1S, 108.2E,  40,  994,    0,    0,    0,    0,    0,    0,    0,    0,    0,    0,    0,    0, -999,  24.24,  23.82,  24.49,  24.13,  25.10,  24.92,  25.18,  24.97,  24.67,  23.99,  24.34,  23.85,  24.32,  24.48,  23.33,  22.45,  22.18,  22.79,  22.85,  22.37,  22.68,  23.29,  23.36,  23.01,  22.63,  21.11,  21.02,  21.62,  22.95,  23.35,  23.77
20020414, 0000,  , TS, 12.4S, 107.1E,  40,  994,    0,    0,    0,    0,    0,    0,    0,    0,    0,    0,    0,    0, -999,  22.49,  22.78,  23.11,  23.50,  24.39,  24.66,  25.16,  24.29,  24.28,  24.29,  24.55,  24.78,  24.85,  25.26,  24.78,  24.70,  24.55,  25.13,  24.65,  25.08,  24.33,  25.08,  24.20,  24.48,  23.58,  23.83,  23.66,  23.73,  24.50,  24.38,  24.92
20020414, 0600,  , TS, 13.1S, 106.0E,  40,  994,    0,    0,    0,    0,    0,    0,    0,    0,    0,    0,    0,    0, -999,  20.55,  20.63,  22.22,  22.44,  22.60,  23.01,  23.30,  22.73,  22.73,  22.74,  22.71,  23.46,  23.52,  24.14,  23.54,  23.99,  23.89,  24.51,  24.27,  24.55,  24.32,  24.82,  24.52,  24.63,  24.96,  25.30,  26.04,  26.38,  26.59,  26.43,  26.26
20020414, 1200,  , TS, 13.9S, 104.8E,  35,  997,    0,    0,    0,    0,    0,    0,    0,    0,    0,    0,    0,    0, -999,  21.10,  20.81,  21.35,  21.27,  21.11,  21.64,  21.82,  21.43,  21.34,  21.45,  21.74,  21.85,  22.21,  22.42,  22.60,  23.14,  22.65,  22.82,  22.51,  22.77,  22.50,  22.69,  22.54,  22.42,  22.42,  22.94,  23.13,  23.60,  23.45,  24.08,  23.28
20020414, 1800,  , TS, 14.6S, 103.2E,  35,  997,    0,    0,    0,    0,    0,    0,    0,    0,    0,    0,    0,    0, -999,  23.37,  22.95,  23.00,  23.13,  23.04,  23.44,  23.88,  24.27,  24.38,  24.20,  24.18,  24.24,  23.89,  24.08,  23.92,  23.85,  23.71,  23.17,  22.46,  22.19,  22.37,  22.50,  22.37,  22.83,  23.12,  23.18,  23.39,  23.16,  22.96,  22.73,  22.99
20020415, 0000,  , TS, 15.4S, 101.5E,  35,  997,    0,    0,    0,    0,    0,    0,    0,    0,    0,    0,    0,    0, -999,  24.06,  24.24,  24.19,  24.16,  24.04,  24.09,  24.15,  24.21,  24.11,  24.15,  24.03,  23.72,  23.58,  23.52,  23.50,  23.76,  23.91,  24.03,  24.23,  24.43,  24.39,  24.10,  24.01,  24.15,  24.01,  24.08,  23.77,  23.73,  23.77,  24.21,  25.26
20020415, 0600,  , TS, 15.8S,  99.8E,  35,  997,    0,    0,    0,    0,    0,    0,    0,    0,    0,    0,    0,    0, -999,  24.13,  24.02,  24.04,  23.93,  23.91,  23.84,  23.99,  24.00,  23.99,  24.25,  24.48,  24.37,  24.95,  24.41,  24.72,  23.43,  22.91,  22.78,  22.75,  22.43,  22.76,  22.58,  22.75,  22.93,  23.43,  23.72,  23.55,  23.82,  24.14,  23.81,  24.07
20020415, 1200,  , TD, 16.1S,  98.0E,  30, 1000,    0,    0,    0,    0,    0,    0,    0,    0,    0,    0,    0,    0, -999,  24.11,  24.36,  24.30,  24.11,  24.18,  24.12,  24.21,  23.87,  23.83,  24.08,  24.33,  24.11,  24.05,  23.93,  24.09,  23.92,  23.63,  23.22,  22.45,  22.92,  23.00,  23.12,  23.09,  23.35,  23.62,  23.38,  23.33,  23.39,  23.57,  23.14,  23.16
