SH252015,             RAQUEL,     26,
20150628, 1200,  , DB,  4.0S, 163.4E,  20, 1007,    0,    0,    0,    0,    0,    0,    0,    0,    0,    0,    0,    0, -999,  30.17,  30.06,  29.92,  29.76,  29.49,  30.01,  29.76,  29.75,  29.41,  30.00,  30.15,  30.17,  30.13,  30.06,  30.02,  29.96,  30.18,  29.84,  29.46,  29.52,  29.84,  29.74,  29.36,  29.41,  29.30,  29.20,  29.35,  29.67,  29.59,  29.79,  29.69
20150628, 1800,  , TD,  4.1S, 163.0E,  25, 1005,    0,    0,    0,    0,    0,    0,    0,    0,    0,    0,    0,    0, -999,  29.99,  30.02,  30.00,  29.69,  29.69,  29.90,  29.99,  29.76,  29.69,  30.12,  30.27,  30.32,  30.30,  30.29,  30.13,  30.06,  30.09,  29.95,  29.57,  29.69,  29.85,  29.59,  29.43,  29.54,  29.14,  29.18,  29.19,  29.43,  29.43,  29.45,  29.45
20150629, 0000,  , TD,  4.2S, 162.3E,  25, 1004,    0,    0,    0,    0,    0,    0,    0,    0,    0,    0,    0,    0, -999,  29.88,  29.96,  29.84,  29.67,  29.98,  29.99,  30.08,  29.90,  30.13,  30.16,  30.12,  30.30,  30.39,  30.26,  30.28,  30.31,  29.91,  29.55,  29.68,  29.80,  29.10,  28.89,  29.06,  29.25,  29.11,  29.30,  29.27,  29.23,  29.16,  29.02,  29.25
20150629, 0300,  , TD,  4.1S, 162.0E,  25, 1004,    0,    0,    0,    0,    0,    0,    0,    0,    0,    0,    0,    0, -999,  29.96,  29.89,  29.82,  29.79,  29.99,  29.95,  29.96,  29.95,  30.05,  30.04,  30.05,  30.17,  30.34,  30.25,  30.30,  30.26,  30.09,  29.72,  29.66,  29.44,  29.26,  28.96,  29.41,  29.29,  29.21,  29.26,  29.11,  29.10,  29.01,  28.93,  29.06
20150629, 0600,  , TD,  3.8S, 161.9E,  25, 1004,    0,    0,    0,    0,    0,    0,    0,    0,    0,    0,    0,    0, -999,  29.93,  29.89,  29.75,  29.71,  29.83,  29.89,  29.96,  29.92,  29.93,  30.28,  30.23,  30.34,  30.40,  30.15,  30.18,  30.25,  29.73,  29.45,  29.24,  29.45,  29.61,  29.46,  29.35,  29.55,  29.73,  29.70,  29.78,  29.80,  29.74,  29.52,  29.60
20150629, 1200,  , TD,  3.8S, 161.7E,  25, 1004,    0,    0,    0,    0,    0,    0,    0,    0,    0,    0,    0,    0, -999,  29.82,  29.80,  29.74,  29.75,  29.91,  29.84,  29.89,  29.88,  30.03,  30.16,  30.26,  30.35,  30.40,  30.16,  30.17,  30.22,  29.86,  29.51,  29.31,  29.43,  29.69,  29.53,  29.53,  29.53,  29.72,  29.66,  29.77,  29.76,  29.63,  29.41,  29.51
20150629, 1800,  , TD,  4.0S, 161.4E,  25, 1004,    0,    0,    0,    0,    0,    0,    0,    0,    0,    0,    0,    0, -999,  29.65,  29.67,  29.77,  29.79,  30.03,  29.96,  29.84,  29.88,  30.05,  30.07,  30.12,  30.32,  30.36,  30.13,  30.18,  30.12,  29.90,  29.49,  29.23,  29.75,  29.80,  29.41,  29.29,  29.55,  29.66,  29.66,  29.72,  29.72,  29.58,  29.22,  29.23
20150630, 0000,  , TD,  4.3S, 161.0E,  30, 1000,    0,    0,    0,    0,    0,    0,    0,    0,    0,    0,    0,    0, -999,  30.08,  29.92,  29.78,  29.96,  29.95,  29.97,  30.05,  30.07,  30.04,  29.84,  29.89,  29.84,  29.78,  29.75,  29.80,  29.77,  29.94,  29.78,  29.90,  29.62,  29.14,  29.07,  28.99,  29.11,  29.04,  28.91,  29.10,  29.00,  29.14,  29.51,  29.56
20150630, 0600,  , TD,  4.8S, 160.6E,  30, 1000,    0,    0,    0,    0,    0,    0,    0,    0,    0,    0,    0,    0, -999,  29.90,  29.83,  29.89,  29.83,  29.79,  29.74,  29.73,  29.84,  29.82,  29.85,  29.81,  29.68,  29.53,  29.63,  29.54,  29.38,  29.37,  29.31,  29.49,  29.35,  29.08,  29.02,  28.94,  28.82,  28.77,  28.89,  28.92,  28.97,  29.11,  29.07,  29.15
20150630, 1200,  , TS,  5.3S, 160.3E,  35,  996,    0,    0,    0,    0,    0,    0,    0,    0,    0,    0,    0,    0, -999,  29.82,  29.72,  29.83,  29.58,  29.72,  29.69,  29.70,  29.65,  29.71,  29.52,  29.54,  29.57,  29.48,  29.44,  29.54,  29.46,  29.45,  29.11,  29.20,  28.70,  28.59,  28.84,  29.02,  28.94,  28.92,  28.94,  29.03,  29.19,  29.15,  29.19,  29.20
20150630, 1800,  , TS,  6.0S, 160.1E,  40,  993,    0,    0,    0,    0,    0,    0,    0,    0,    0,    0,    0,    0, -999,  29.73,  29.49,  29.63,  29.57,  29.45,  29.53,  29.72,  29.73,  29.58,  29.42,  29.39,  29.33,  29.14,  29.44,  29.25,  29.37,  29.34,  29.61,  28.44,  28.20,  28.45,  28.89,  28.71,  28.91,  28.94,  28.90,  29.19,  29.09,  29.28,  29.15,  29.30
20150630, 2100,  , TS,  6.3S, 160.0E,  40,  993,    0,    0,    0,    0,    0,    0,    0,    0,    0,    0,    0,    0, -999,  29.62,  29.40,  29.37,  29.54,  29.33,  29.33,  29.61,  29.67,  29.50,  29.42,  29.35,  29.31,  29.04,  29.41,  29.20,  29.05,  29.09,  29.63,  28.20,  28.20,  28.37,  28.74,  28.83,  28.86,  29.06,  29.09,  29.28,  29.12,  29.38,  29.33,  29.27
20150701, 0000,  , TS,  6.5S, 159.7E,  45,  989,   55,   45,   55,   50,    0,    0,    0,    0,    0,    0,    0,    0, -999,  29.44,  29.49,  29.32,  29.50,  29.16,  29.41,  29.35,  29.42,  29.26,  29.28,  29.24,  29.21,  29.31,  29.32,  28.64,  28.84,  28.91,  28.11,  27.94,  28.25,  28.71,  28.98,  28.99,  29.09,  28.99,  29.12,  29.17,  29.23,  29.03,  29.15,  29.25
20150701, 0600,  , TS,  6.8S, 159.2E,  45,  989,   85,   90,   90,   85,    0,    0,    0,    0,    0,    0,    0,    0, -999,  29.34,  29.36,  29.24,  29.32,  29.37,  29.40,  29.47,  29.23,  29.27,  29.22,  29.23,  29.15,  29.37,  28.97,  28.63,  28.78,  28.95,  28.70,  28.22,  28.41,  28.87,  28.80,  28.98,  29.02,  28.98,  29.16,  29.34,  29.26,  29.11,  29.23,  29.34
20150701, 1200,  , TS,  7.0S, 159.1E,  45,  989,   85,   90,   90,   85,    0,    0,    0,    0,    0,    0,    0,    0, -999,  29.32,  29.35,  29.30,  29.14,  29.29,  29.50,  29.48,  29.29,  29.03,  29.09,  29.01,  28.90,  28.90,  28.75,  28.66,  28.45,  28.67,  28.57,  28.27,  28.51,  28.88,  28.98,  29.11,  29.03,  28.94,  28.92,  29.10,  29.08,  29.07,  29.26,  29.36
20150701, 1800,  , TS,  6.8S, 159.3E,  45,  989,   85,   90,   90,   85,    0,    0,    0,    0,    0,    0,    0,    0, -999,  29.34,  29.36,  29.24,  29.32,  29.37,  29.40,  29.47,  29.23,  29.27,  29.22,  29.23,  29.15,  29.37,  28.97,  28.63,  28.78,  28.95,  28.70,  28.22,  28.41,  28.87,  28.80,  28.98,  29.02,  28.98,  29.16,  29.34,  29.26,  29.11,  29.23,  29.34
20150702, 0000,  , TS,  6.5S, 159.8E,  40,  993,   85,   90,   90,   85,    0,    0,    0,    0,    0,    0,    0,    0, -999,  29.37,  29.35,  29.46,  29.07,  29.30,  29.54,  29.35,  29.21,  29.20,  29.36,  29.14,  29.30,  29.13,  28.77,  28.84,  29.17,  28.18,  28.02,  28.32,  28.80,  28.88,  28.94,  29.06,  28.96,  29.18,  29.28,  29.38,  29.12,  29.24,  29.30,  29.19
20150702, 0600,  , TS,  6.4S, 160.3E,  35,  996,   85,   90,   90,   85,    0,    0,    0,    0,    0,    0,    0,    0, -999,  29.33,  29.33,  29.37,  29.27,  29.53,  29.52,  29.42,  29.32,  29.17,  29.38,  29.28,  29.77,  29.62,  29.61,  29.57,  29.35,  29.05,  28.85,  28.97,  29.25,  29.41,  29.40,  29.45,  29.25,  29.20,  29.49,  29.35,  29.34,  29.27,  29.30,  29.31
20150702, 1200,  , TS,  6.4S, 160.6E,  35,  996,   85,   90,   90,   85,    0,    0,    0,    0,    0,    0,    0,    0, -999,  29.36,  29.35,  29.31,  29.18,  29.41,  29.38,  29.46,  29.33,  29.34,  29.44,  29.38,  30.01,  29.74,  29.66,  29.37,  29.52,  29.14,  28.91,  28.98,  29.31,  29.49,  29.36,  29.41,  29.22,  29.33,  29.28,  29.25,  29.29,  29.30,  29.29,  29.19
20150702, 1800,  , TS,  6.6S, 160.8E,  35,  996,   85,   90,   90,   85,    0,    0,    0,    0,    0,    0,    0,    0, -999,  29.43,  29.24,  29.06,  29.12,  29.34,  29.54,  29.60,  29.54,  29.46,  29.64,  29.89,  29.84,  29.62,  29.21,  29.18,  29.46,  29.21,  29.06,  29.09,  29.38,  29.45,  29.11,  29.18,  29.05,  29.52,  29.58,  29.44,  29.44,  29.30,  29.33,  29.28
20150703, 0000,  , TS,  6.9S, 160.9E,  35,  996,   85,   90,   90,   85,    0,    0,    0,    0,    0,    0,    0,    0, -999,  29.23,  29.03,  28.97,  29.23,  29.44,  29.60,  29.54,  29.51,  29.68,  29.90,  29.79,  29.76,  29.17,  29.13,  29.45,  29.18,  28.99,  29.04,  29.29,  29.40,  29.11,  29.21,  29.01,  29.45,  29.61,  29.54,  29.48,  29.40,  29.31,  29.27,  29.25
20150703, 0600,  , TS,  7.4S, 160.8E,  35,  996,   85,   90,   90,   85,    0,    0,    0,    0,    0,    0,    0,    0, -999,  28.95,  28.83,  28.83,  29.40,  29.55,  29.30,  29.25,  29.43,  29.79,  29.80,  29.62,  29.82,  29.03,  29.08,  29.37,  29.28,  28.45,  28.60,  28.79,  28.76,  28.75,  28.92,  28.81,  29.36,  29.42,  29.48,  29.40,  29.43,  29.32,  29.24,  29.15
20150703, 1200,  , TD,  7.7S, 160.5E,  30, 1000,    0,    0,    0,    0,    0,    0,    0,    0,    0,    0,    0,    0, -999,  29.18,  28.96,  28.75,  29.10,  29.33,  29.24,  29.22,  29.06,  29.24,  29.32,  30.07,  29.99,  29.64,  29.40,  29.50,  29.09,  28.34,  28.62,  28.88,  28.88,  28.79,  28.96,  28.91,  29.09,  29.25,  28.79,  29.29,  29.56,  29.56,  29.48,  29.26
20150703, 1800,  , TD,  7.8S, 160.2E,  30, 1000,    0,    0,    0,    0,    0,    0,    0,    0,    0,    0,    0,    0, -999,  29.25,  29.21,  28.96,  29.08,  29.36,  29.30,  29.22,  29.15,  29.27,  29.29,  29.65,  29.80,  29.56,  29.48,  29.54,  28.88,  28.36,  28.43,  28.83,  29.21,  29.16,  29.15,  29.02,  29.05,  28.86,  28.89,  28.97,  29.05,  29.47,  29.36,  29.31
20150704, 0000,  , TD,  7.9S, 159.9E,  25, 1004,    0,    0,    0,    0,    0,    0,    0,    0,    0,    0,    0,    0, -999,  29.31,  29.25,  29.22,  29.18,  29.06,  28.94,  29.00,  29.32,  29.32,  29.49,  29.54,  29.29,  29.40,  29.36,  28.78,  28.24,  28.27,  28.58,  29.11,  29.24,  29.38,  29.27,  29.05,  28.98,  29.04,  28.97,  29.13,  29.23,  29.24,  29.26,  29.38
20150704, 0600,  , DB,  8.0S, 159.5E,  20, 1007,    0,    0,    0,    0,    0,    0,    0,    0,    0,    0,    0,    0, -999,  29.30,  29.32,  29.38,  29.40,  29.30,  29.23,  29.21,  29.22,  29.14,  29.19,  29.13,  29.00,  28.90,  28.91,  28.76,  28.22,  28.19,  28.34,  28.38,  28.43,  28.90,  28.95,  28.98,  29.00,  28.98,  29.08,  29.19,  29.26,  29.21,  29.19,  29.44
