SH251997,            UNNAMED,     62,
19970211, 0000,  , LO, 13.2S,  95.6E,  15,    0,    0,    0,    0,    0,    0,    0,    0,    0,    0,    0,    0,    0, -999,  26.60,  26.01,  25.92,  25.96,  27.90,  27.30,  26.81,  26.65,  26.26,  26.78,  26.82,  27.05,  26.73,  25.80,  24.40,  23.79,  23.69,  23.60,  23.41,  24.20,  24.60,  23.81,  24.11,  23.79,  23.04,  23.73,  25.39,  26.05,  27.10,  26.10,  24.53
19970211, 0600,  , LO, 13.3S,  94.6E,  15,    0,    0,    0,    0,    0,    0,    0,    0,    0,    0,    0,    0,    0, -999,  24.60,  25.15,  25.37,  25.13,  24.99,  24.45,  23.96,  23.12,  23.54,  23.85,  24.01,  23.72,  26.32,  27.35,  26.80,  25.67,  25.58,  25.26,  24.68,  24.10,  23.88,  23.60,  24.18,  23.72,  24.05,  23.84,  24.10,  23.88,  23.59,  23.29,  23.12
19970211, 1200,  , LO, 13.3S,  93.7E,  15,    0,    0,    0,    0,    0,    0,    0,    0,    0,    0,    0,    0,    0, -999,  23.85,  22.80,  23.41,  22.98,  23.02,  23.25,  23.21,  22.46,  22.84,  22.96,  23.42,  23.34,  24.21,  24.62,  24.78,  24.20,  24.14,  23.68,  24.59,  25.03,  24.95,  24.62,  24.13,  23.93,  24.59,  23.82,  23.91,  23.74,  23.65,  24.07,  23.50
19970211, 1800,  , LO, 13.3S,  92.8E,  15,    0,    0,    0,    0,    0,    0,    0,    0,    0,    0,    0,    0,    0, -999,  26.44,  23.94,  24.25,  22.64,  23.41,    nan,  23.25,  22.78,  22.42,  22.54,  23.24,  22.60,  24.16,  24.39,  25.09,  25.20,  24.22,  24.11,  23.89,  23.91,  24.02,  24.04,  24.17,  23.99,  23.96,  23.96,  23.50,  23.18,  23.34,  23.51,  23.32
19970212, 0000,  , LO, 13.3S,  91.9E,  15,    0,    0,    0,    0,    0,    0,    0,    0,    0,    0,    0,    0,    0, -999,  25.77,  24.27,  25.78,  23.74,  26.32,  23.41,  25.47,  23.21,  24.22,  23.11,  23.56,  24.31,  24.97,  25.59,  25.48,  25.80,  21.66,  24.10,  22.82,  23.51,  23.59,  23.72,  23.85,  24.23,  24.04,  23.44,  23.40,  22.99,  23.02,  22.13,  22.72
19970212, 0600,  , LO, 13.2S,  91.1E,  15,    0,    0,    0,    0,    0,    0,    0,    0,    0,    0,    0,    0,    0, -999,  23.43,  23.26,  23.89,  23.68,  23.87,  23.27,  23.43,  22.50,  23.25,  22.80,  22.90,  23.52,  22.88,  23.72,  23.77,  24.15,  21.65,  22.71,  22.02,  22.96,  22.53,  23.06,  23.13,  23.12,  22.98,  22.76,  22.94,  23.19,  23.13,  23.28,  22.72
19970212, 1200,  , LO, 13.1S,  90.4E,  15,    0,    0,    0,    0,    0,    0,    0,    0,    0,    0,    0,    0,    0, -999,  23.06,  23.44,  23.29,  23.56,  23.48,  22.83,  23.03,  22.36,  22.70,  22.39,  22.91,  22.56,  22.94,  23.35,  22.93,  23.27,  22.25,  21.88,  22.77,  22.47,  22.61,  22.81,  22.64,  23.41,  22.76,  23.23,  22.52,  23.15,  22.71,  22.68,  22.84
19970212, 1800,  , LO, 13.0S,  89.9E,  15,    0,    0,    0,    0,    0,    0,    0,    0,    0,    0,    0,    0,    0, -999,  22.80,  23.46,  22.10,  22.35,  21.97,  22.07,  21.28,  21.83,  21.65,  22.29,  22.06,  21.48,  22.33,  22.66,  21.80,  22.37,  21.62,  21.15,  22.90,  22.47,  23.05,  23.02,  23.11,  23.36,  23.46,  23.24,  23.25,  23.29,  23.37,  23.25,  23.43
19970213, 0000,  , LO, 12.9S,  89.6E,  15,    0,    0,    0,    0,    0,    0,    0,    0,    0,    0,    0,    0,    0, -999,  23.86,  23.04,  22.26,  22.04,  21.55,  21.44,  21.59,  21.14,  21.29,  21.34,  20.79,  21.68,  22.12,  21.48,  22.10,  21.26,  21.01,  21.98,  21.81,  21.84,  21.58,  22.23,  22.45,  22.43,  22.47,  23.08,  22.84,  23.10,  23.48,  23.10,  23.20
19970213, 0600,  , LO, 12.9S,  89.3E,  15,    0,    0,    0,    0,    0,    0,    0,    0,    0,    0,    0,    0,    0, -999,  23.75,  23.12,  22.43,  22.17,  21.97,  21.60,  21.89,  21.35,  21.39,  21.55,  21.00,  21.98,  22.09,  21.77,  22.27,  21.45,  21.04,  21.98,  22.04,  22.34,  21.97,  22.38,  22.50,  22.39,  22.21,  22.70,  22.54,  22.57,  23.00,  22.89,  23.17
19970213, 1200,  , LO, 12.9S,  88.9E,  15,    0,    0,    0,    0,    0,    0,    0,    0,    0,    0,    0,    0,    0, -999,  24.04,  22.61,  21.70,  21.72,  21.68,  21.03,  22.39,  21.98,  22.37,  22.39,  21.64,  22.28,  22.55,  22.05,  22.86,  21.93,  20.98,  21.36,  21.79,  21.98,  21.36,  22.99,  23.00,  23.18,  22.88,  22.80,  22.87,  22.28,  22.57,  22.02,  22.44
19970213, 1800,  , LO, 13.0S,  88.4E,  15,    0,    0,    0,    0,    0,    0,    0,    0,    0,    0,    0,    0,    0, -999,  24.87,  23.55,  22.23,  21.83,  21.85,  21.74,  22.59,  22.99,  22.93,  22.83,  22.34,  22.68,  23.02,  22.27,  22.90,  22.01,  21.48,  20.96,  22.05,  21.20,  21.15,  22.34,  22.59,  23.11,  23.06,  23.41,  23.22,  22.43,  22.08,  21.96,  22.12
19970214, 0000,  , LO, 13.1S,  87.8E,  15,    0,    0,    0,    0,    0,    0,    0,    0,    0,    0,    0,    0,    0, -999,  26.32,  27.27,  25.80,  26.89,  25.79,  24.31,  24.88,  23.04,  22.26,  21.99,  23.19,  23.41,  23.47,  23.07,  22.66,  22.76,  21.48,  22.70,  21.48,  21.81,  21.59,  22.54,  23.30,  22.90,  23.13,  23.44,  23.37,  23.32,  23.37,  22.90,  23.16
19970214, 0600,  , LO, 13.3S,  87.2E,  20,    0,    0,    0,    0,    0,    0,    0,    0,    0,    0,    0,    0,    0, -999,  27.02,  27.36,  27.22,  26.90,  26.45,  25.39,  26.10,  24.09,  24.06,  24.18,  23.64,  23.27,  23.06,  22.97,  22.80,  22.86,  21.80,  22.46,  21.15,  21.39,  21.54,  22.11,  22.39,  21.92,  21.97,  21.76,  22.39,  22.55,  22.67,  23.10,  23.42
19970214, 1200,  , LO, 13.5S,  86.6E,  25,    0,    0,    0,    0,    0,    0,    0,    0,    0,    0,    0,    0,    0, -999,  26.99,  27.29,  27.09,  26.79,  26.54,  26.05,  26.37,  25.20,  25.42,  25.31,  25.46,  25.03,  24.84,  24.57,  23.84,  23.12,  22.27,  23.15,  22.91,  23.39,  23.09,  22.64,  22.52,  21.81,  21.64,  21.39,  21.60,  21.81,  21.81,  22.09,  22.03
19970214, 1800,  , LO, 13.7S,  86.0E,  25,    0,    0,    0,    0,    0,    0,    0,    0,    0,    0,    0,    0,    0, -999,  26.92,  27.41,  27.18,  26.92,  26.84,  27.03,  27.15,  26.23,  26.73,  26.83,  26.92,  26.53,  25.89,  25.43,  25.97,  25.82,  24.24,  22.48,  22.65,  22.97,  22.32,  22.97,  22.22,  22.70,  22.45,  22.44,  22.26,  22.07,  21.81,  21.94,  22.03
19970215, 0000,  , LO, 14.1S,  85.4E,  25,    0,    0,    0,    0,    0,    0,    0,    0,    0,    0,    0,    0,    0, -999,  27.45,  27.24,  27.10,  27.21,  27.19,  27.51,  26.77,  27.67,  27.83,  28.10,  27.88,  27.69,  27.13,  26.49,  26.34,  25.64,  23.76,  23.73,  23.45,  22.79,  23.36,  23.04,  22.84,  22.14,  21.84,  21.79,  22.02,  21.77,  22.06,  21.44,  21.80
19970215, 0600,  , LO, 14.6S,  84.5E,  25,    0,    0,    0,    0,    0,    0,    0,    0,    0,    0,    0,    0,    0, -999,  27.92,  28.21,  28.03,  27.78,  27.61,  27.30,  27.29,  27.60,  27.67,  27.53,  27.37,  27.62,  27.86,  27.66,  27.56,  27.45,  25.26,  27.95,  24.00,  25.83,  25.50,  24.26,  22.91,  22.71,  22.30,  23.17,  25.05,  24.79,  24.93,  24.23,  24.11
19970215, 1200,  , LO, 15.1S,  83.7E,  25,    0,    0,    0,    0,    0,    0,    0,    0,    0,    0,    0,    0,    0, -999,  27.71,  27.90,  27.86,  27.41,  27.12,  26.98,  27.08,  27.36,  27.77,  27.71,  27.76,  28.05,  27.92,  27.43,  27.34,  27.21,  27.44,  27.99,  27.32,  27.37,  27.33,  27.60,  27.52,  27.09,  27.12,  27.19,  27.57,  27.52,  27.56,  27.36,  25.76
19970215, 1800,  , LO, 15.4S,  83.0E,  25,    0,    0,    0,    0,    0,    0,    0,    0,    0,    0,    0,    0,    0, -999,  27.24,  27.46,  27.87,  27.49,  27.22,  26.80,  26.89,  26.93,  27.34,  27.70,  27.34,  27.71,  27.60,  27.25,  27.12,  27.02,  27.25,  27.73,  27.88,  27.62,  27.79,  27.80,  27.66,  27.16,  27.12,  24.87,  26.70,  26.77,  26.82,  24.81,  23.38
19970216, 0000,  , LO, 15.4S,  82.3E,  25,    0,    0,    0,    0,    0,    0,    0,    0,    0,    0,    0,    0,    0, -999,  28.34,  26.73,  26.37,  25.83,  25.95,  26.09,  26.12,  26.36,  26.26,  26.91,  27.64,  27.53,  27.39,  27.17,  27.47,  27.58,  25.26,  27.92,  28.03,  27.91,  27.93,  26.53,  26.61,  26.90,  24.14,  26.70,  25.99,  26.92,  26.42,  27.49,  27.53
19970216, 0600,  , LO, 15.4S,  81.6E,  30,    0,    0,    0,    0,    0,    0,    0,    0,    0,    0,    0,    0,    0, -999,  28.14,  28.07,  27.98,  28.05,  27.67,  27.57,  26.80,  25.83,  26.01,  25.72,  25.93,  25.93,  26.86,  26.91,  27.63,  27.86,  23.57,  28.27,  24.82,  27.75,  27.84,  25.01,  26.52,  25.37,  23.24,  24.98,  24.38,  23.98,  23.69,  23.37,  24.65
19970216, 1200,  , TS, 15.4S,  80.8E,  35,    0,    0,    0,    0,    0,    0,    0,    0,    0,    0,    0,    0,    0, -999,  28.12,  28.15,  28.05,  28.05,  27.69,  27.61,  27.58,  27.26,  27.34,  27.15,  27.44,  27.32,  27.46,  27.66,  26.46,  27.10,  23.32,  23.49,  23.48,  23.27,  23.49,  26.44,  26.94,  25.19,  23.28,  23.68,  22.97,  24.73,  24.57,  25.32,  25.01
19970216, 1800,  , TS, 15.1S,  79.9E,  40,    0,    0,    0,    0,    0,    0,    0,    0,    0,    0,    0,    0,    0, -999,  24.09,  23.64,  23.84,  24.60,  24.96,  24.89,  25.90,  26.15,  26.73,  26.34,  25.65,  25.43,  25.27,  25.84,  25.86,  26.02,  24.33,  22.12,  23.02,  23.41,  23.49,  23.04,  23.39,  24.79,  25.12,  25.56,  25.86,  27.73,  25.20,  24.51,  24.25
19970217, 0000,  , TS, 15.0S,  79.1E,  45,    0,    0,    0,    0,    0,    0,    0,    0,    0,    0,    0,    0,    0, -999,  24.61,  24.05,  24.10,  24.02,  23.96,  24.55,  24.96,  25.16,  25.55,  25.70,  25.53,  25.41,  25.47,  25.48,  25.54,  25.28,  23.53,  25.34,  24.16,  25.59,  24.11,  23.35,  23.50,  23.94,  24.79,  23.23,  24.20,  23.30,  23.70,  23.38,  23.51
19970217, 0600,  , TS, 15.1S,  78.4E,  45,    0,    0,    0,    0,    0,    0,    0,    0,    0,    0,    0,    0,    0, -999,  23.60,  23.45,  23.27,  23.54,  22.94,  23.69,  23.70,  24.17,  24.41,  24.54,  23.97,  23.72,  23.38,  23.48,  23.57,  23.62,  21.95,  23.48,  22.83,  23.51,  22.66,  21.56,  22.12,  22.09,  23.02,  21.94,  22.88,  22.20,  23.49,  22.45,  22.59
19970217, 1200,  , TS, 15.2S,  77.9E,  45,    0,    0,    0,    0,    0,    0,    0,    0,    0,    0,    0,    0,    0, -999,  22.12,  22.05,  21.91,  21.90,  22.57,  22.69,  23.15,  23.34,  23.24,  22.83,  23.12,  22.91,  22.98,  23.00,  22.97,  22.78,  22.07,  22.57,  22.34,  22.72,  21.69,  21.42,  21.38,  21.34,  21.54,  20.92,  21.61,  21.52,  21.70,  21.61,  21.29
19970217, 1800,  , TS, 15.5S,  77.2E,  45,    0,    0,    0,    0,    0,    0,    0,    0,    0,    0,    0,    0,    0, -999,  22.27,  22.05,  21.79,  21.94,  22.87,  22.68,  23.25,  23.34,  23.67,  23.14,  23.06,  23.16,  23.40,  23.25,  23.20,  23.14,  22.90,  23.11,  22.98,  23.02,  22.35,  22.04,  21.80,  21.49,  21.47,  21.07,  20.93,  20.68,  20.89,  20.63,  20.75
19970218, 0000,  , TS, 15.8S,  76.4E,  45,    0,    0,    0,    0,    0,    0,    0,    0,    0,    0,    0,    0,    0, -999,  22.80,  22.81,  22.37,  22.51,  22.12,  22.43,  22.24,  22.62,  22.58,  22.76,  22.88,  22.83,  22.73,  22.92,  22.72,  22.60,  21.96,  21.90,  21.62,  21.85,  21.68,  21.32,  21.43,  21.59,  21.48,  21.32,  21.25,  21.31,  21.11,  20.78,  21.29
19970218, 0600,  , TS, 16.2S,  75.4E,  45,    0,    0,    0,    0,    0,    0,    0,    0,    0,    0,    0,    0,    0, -999,  24.12,  23.99,  24.25,  24.64,  24.79,  24.40,  24.19,  24.33,  24.83,  24.08,  23.63,  23.53,  23.72,  23.60,  23.36,  23.66,  22.20,  22.05,  21.16,  21.38,  21.45,  20.83,  20.75,  20.71,  20.45,  20.34,  20.46,  20.44,  20.86,  21.46,  21.68
19970218, 1200,  , TS, 16.4S,  74.2E,  45,    0,    0,    0,    0,    0,    0,    0,    0,    0,    0,    0,    0,    0, -999,  23.80,  24.11,  23.92,  24.59,  24.57,  24.42,  24.50,  24.72,  25.45,  25.52,  25.45,  24.43,  24.02,  23.93,  23.83,  23.67,  22.68,  22.71,  22.69,  23.37,  23.19,  21.41,  21.71,  20.96,  20.99,  20.83,  20.77,  20.61,  20.69,  20.91,  20.94
19970218, 1800,  , TS, 16.6S,  73.1E,  45,    0,    0,    0,    0,    0,    0,    0,    0,    0,    0,    0,    0,    0, -999,  22.86,  23.21,  23.14,  24.00,  23.13,  23.10,  23.22,  23.84,  24.06,  24.15,  24.22,  23.90,  23.63,  23.68,  23.74,  23.62,  23.02,  22.15,  22.39,  21.79,  21.01,  20.87,  20.96,  20.85,  21.05,  20.68,  20.45,  20.38,  20.19,  20.43,  20.55
19970219, 0000,  , TS, 16.9S,  72.4E,  45,    0,    0,    0,    0,    0,    0,    0,    0,    0,    0,    0,    0,    0, -999,  21.94,  22.02,  22.94,  23.64,  23.28,  22.98,  22.96,  23.33,  23.39,  23.94,  23.37,  23.40,  23.26,  23.28,  23.64,  23.06,  22.50,  22.24,  22.04,  21.48,  21.50,  21.48,  20.81,  21.27,  20.84,  20.92,  21.11,  20.94,  21.57,  21.62,  21.80
19970219, 0600,  , TS, 17.2S,  71.8E,  45,    0,    0,    0,    0,    0,    0,    0,    0,    0,    0,    0,    0,    0, -999,  23.76,  23.56,  23.57,  24.37,  24.33,  24.33,  24.04,  23.19,  23.57,  23.41,  23.27,  23.47,  23.25,  23.09,  23.39,  23.01,  22.30,  22.61,  22.64,  22.18,  21.98,  22.57,  22.11,  22.21,  21.83,  21.20,  21.89,  21.65,  21.65,  21.68,  22.02
19970219, 1200,  , TS, 17.5S,  71.3E,  45,    0,    0,    0,    0,    0,    0,    0,    0,    0,    0,    0,    0,    0, -999,  23.98,  24.46,  24.73,  25.06,  24.76,  24.56,  24.18,  23.36,  23.97,  24.01,  24.30,  24.03,  23.57,  23.68,  23.68,  23.33,  22.30,  22.28,  22.40,  22.05,  21.61,  22.47,  22.10,  22.07,  21.95,  21.52,  22.17,  21.89,  21.98,  22.01,  22.06
19970219, 1800,  , TS, 17.8S,  70.7E,  45,    0,    0,    0,    0,    0,    0,    0,    0,    0,    0,    0,    0,    0, -999,  24.10,  24.69,  24.89,  25.00,  24.85,  24.61,  24.47,  24.26,  24.26,  24.01,  24.11,  24.29,  23.99,  23.67,  23.67,  23.50,  23.05,  22.43,  22.47,  22.21,  22.00,  22.23,  22.11,  22.18,  21.87,  21.73,  21.95,  21.91,  22.14,  22.05,  22.24
19970220, 0000,  , TS, 18.0S,  70.0E,  45,    0,    0,    0,    0,    0,    0,    0,    0,    0,    0,    0,    0,    0, -999,  24.37,  24.58,  24.59,  24.44,  24.53,  24.68,  24.19,  24.35,  24.40,  24.46,  24.93,  24.90,  24.97,  24.95,  24.71,  23.84,  22.87,  22.66,  22.66,  22.44,  22.41,  22.71,  22.45,  22.50,  21.85,  21.70,  21.64,  21.96,  22.27,  22.36,  22.09
19970220, 0600,  , TS, 18.0S,  69.3E,  45,    0,    0,    0,    0,    0,    0,    0,    0,    0,    0,    0,    0,    0, -999,  24.62,  24.59,  24.62,  24.30,  24.08,  23.81,  23.59,  23.83,  24.49,  25.66,  25.97,  26.06,  25.99,  25.99,  25.84,  24.97,  22.97,  22.65,  22.80,  22.49,  22.33,  22.40,  21.97,  22.16,  22.10,  21.96,  22.18,  22.12,  22.04,  22.14,  21.95
19970220, 1200,  , TS, 18.0S,  68.7E,  50,    0,    0,    0,    0,    0,    0,    0,    0,    0,    0,    0,    0,    0, -999,  25.13,  25.23,  25.34,  25.20,  25.06,  24.76,  24.50,  24.40,  24.23,  24.67,  24.65,  24.70,  25.00,  24.52,  24.28,  24.28,  22.99,  22.48,  23.00,  22.78,  22.27,  22.17,  21.85,  21.60,  21.43,  21.61,  21.86,  21.95,  21.99,  22.22,  22.10
19970220, 1800,  , TS, 18.2S,  68.0E,  55,    0,    0,    0,    0,    0,    0,    0,    0,    0,    0,    0,    0,    0, -999,  26.17,  25.83,  25.77,  25.54,  24.73,  25.16,  24.16,  24.26,  24.04,  24.57,  25.11,  24.75,  24.64,  24.01,  23.83,  24.09,  23.26,  22.96,  23.05,  23.17,  23.02,  22.98,  22.39,  22.29,  22.09,  21.78,  22.15,  22.31,  22.13,  22.15,  22.20
19970221, 0000,  , TS, 18.6S,  67.3E,  55,    0,    0,    0,    0,    0,    0,    0,    0,    0,    0,    0,    0,    0, -999,  25.14,  25.16,  25.21,  24.89,  24.70,  24.62,  24.60,  24.36,  24.11,  23.87,  23.86,  23.82,  23.89,  23.77,  23.52,  22.36,  21.96,  21.78,  21.98,  22.26,  23.08,  22.72,  22.28,  22.61,  22.76,  22.76,  21.61,  21.94,  22.33,  22.64,  22.79
19970221, 0600,  , TS, 19.2S,  66.3E,  55,    0,    0,    0,    0,    0,    0,    0,    0,    0,    0,    0,    0,    0, -999,  24.86,  25.02,  24.98,  25.03,  24.91,  24.80,  25.09,  25.32,  25.05,  24.21,  24.48,  24.45,  24.32,  24.16,  24.41,  24.94,  25.17,  23.77,  23.66,  23.47,  22.96,  22.61,  22.10,  22.19,  22.64,  23.05,  22.58,  22.45,  22.66,  23.21,  23.57
19970221, 1200,  , TS, 19.8S,  64.9E,  60,    0,    0,    0,    0,    0,    0,    0,    0,    0,    0,    0,    0,    0, -999,  24.92,  24.84,  24.73,  24.64,  24.62,  24.28,  24.44,  24.68,  24.70,  24.80,  24.85,  24.89,  24.91,  24.89,  25.46,  25.94,  25.35,  25.35,  25.23,  24.76,  24.74,  24.96,  25.02,  25.15,  25.35,  25.40,  25.44,  24.95,  24.74,  24.84,  25.06
19970221, 1800,  , HU, 20.2S,  63.5E,  65,    0,    0,    0,    0,    0,    0,    0,    0,    0,    0,    0,    0,    0, -999,  24.36,  24.85,  24.69,  24.34,  24.50,  24.91,  25.33,  25.13,  24.55,  24.51,  24.46,  24.28,  24.14,  24.20,  24.57,  24.71,  24.35,  24.55,  23.95,  22.98,  23.14,  23.50,  23.39,  23.25,  23.26,  23.23,  23.07,  22.85,  22.83,  22.73,  22.91
19970222, 0000,  , HU, 20.8S,  62.4E,  65,    0,    0,    0,    0,    0,    0,    0,    0,    0,    0,    0,    0,    0, -999,  24.62,  25.19,  24.64,  24.64,  24.73,  24.67,  25.04,  25.37,  24.90,  25.03,  24.95,  24.90,  24.62,  24.62,  24.61,  24.59,  24.46,  24.30,  24.22,  24.16,  23.99,  24.09,  24.36,  24.39,  24.36,  24.44,  24.41,  24.81,  24.86,  24.57,  24.60
19970222, 0600,  , HU, 21.4S,  61.3E,  65,    0,    0,    0,    0,    0,    0,    0,    0,    0,    0,    0,    0,    0, -999,  24.80,  24.98,  25.31,  25.18,  25.04,  24.83,  24.81,  24.86,  24.80,  24.84,  24.83,  24.85,  24.97,  25.05,  25.07,  25.36,  24.94,  24.90,  24.98,  24.83,  25.17,  25.48,  25.27,  25.14,  25.00,  24.93,  25.52,  25.50,  25.57,  25.71,  25.72
19970222, 1200,  , HU, 21.9S,  60.2E,  65,    0,    0,    0,    0,    0,    0,    0,    0,    0,    0,    0,    0,    0, -999,  24.32,  24.94,  25.36,  25.49,  25.61,  25.11,  24.41,  24.16,  24.22,  24.09,  24.03,  24.07,  24.15,  24.18,  24.08,  24.33,  24.08,  25.22,  24.03,  25.20,  25.32,  25.04,  25.01,  25.18,  25.01,  25.02,  25.16,  24.90,  24.88,  25.14,  25.27
19970222, 1800,  , HU, 22.5S,  59.2E,  65,    0,    0,    0,    0,    0,    0,    0,    0,    0,    0,    0,    0,    0, -999,  22.30,  22.37,  22.36,  22.37,  22.61,  23.02,  23.50,  23.46,  23.58,  23.63,  23.92,  24.09,  24.10,  23.92,  23.62,  23.39,  23.16,  23.11,  22.93,  23.30,  23.85,  23.05,  23.85,  24.22,  23.79,  23.52,  24.03,  24.30,  24.09,  23.76,  23.49
19970223, 0000,  , TS, 23.2S,  58.4E,  60,    0,    0,    0,    0,    0,    0,    0,    0,    0,    0,    0,    0,    0, -999,  22.17,  22.06,  21.84,  22.13,  22.06,  22.29,  22.10,  22.02,  21.94,  22.07,  22.09,  22.08,  22.14,  22.21,  22.14,  22.00,  21.55,  21.18,  21.28,  21.29,  21.59,  21.77,  22.12,  22.54,  22.66,  22.64,  22.64,  22.92,  23.14,  22.92,  22.76
19970223, 0600,  , TS, 24.2S,  57.8E,  55,    0,    0,    0,    0,    0,    0,    0,    0,    0,    0,    0,    0,    0, -999,  23.10,  23.42,  23.45,  23.39,  23.53,  23.43,  23.26,  23.34,  23.28,  23.32,  23.35,  23.37,  23.23,  23.11,  23.10,  23.48,  22.78,  22.72,  22.79,  22.97,  22.68,  22.84,  23.02,  22.88,  23.01,  23.08,  23.20,  23.25,  23.16,  22.97,  22.95
19970223, 1200,  , TS, 25.3S,  57.3E,  55,    0,    0,    0,    0,    0,    0,    0,    0,    0,    0,    0,    0,    0, -999,  22.05,  21.84,  21.38,  21.03,  21.22,  21.61,  21.75,  22.04,  21.93,  22.20,  22.20,  22.30,  22.18,  22.52,  22.46,  22.86,  21.36,  20.96,  20.58,  20.49,  20.49,  20.30,  20.35,  20.43,  21.12,  21.28,  21.25,  21.43,  21.52,  21.62,  21.69
19970223, 1800,  , TS, 26.5S,  57.0E,  50,    0,    0,    0,    0,    0,    0,    0,    0,    0,    0,    0,    0,    0, -999,  19.87,  19.59,  19.25,  19.29,  19.35,  19.46,  19.38,  19.47,  19.48,  19.60,  19.49,  19.65,  19.75,  19.91,  19.85,  20.19,  20.33,  20.59,  19.91,  19.92,  19.96,  19.79,  20.07,  19.90,  20.63,  20.64,  20.74,  20.91,  20.92,  20.84,  20.80
19970224, 0000,  , TS, 27.6S,  56.7E,  50,    0,    0,    0,    0,    0,    0,    0,    0,    0,    0,    0,    0,    0, -999,  19.86,  19.77,  19.97,  20.07,  20.19,  19.95,  19.94,  19.80,  19.79,  19.72,  19.95,  19.98,  19.91,  19.39,  19.49,  19.51,  19.05,  19.29,  19.33,  19.18,  19.16,  19.52,  19.70,  19.94,  20.12,  20.28,  20.62,  20.57,  20.57,  20.57,  20.57
19970224, 0600,  , TS, 28.8S,  56.5E,  45,    0,    0,    0,    0,    0,    0,    0,    0,    0,    0,    0,    0,    0, -999,  19.81,  20.01,  19.95,  19.58,  19.58,  19.63,  19.44,  19.20,  19.04,  19.13,  19.33,  19.52,  19.63,  19.23,  19.26,  19.44,  18.98,  18.81,  18.80,  18.70,  18.87,  19.04,  19.01,  19.23,  19.29,  19.38,  19.47,  19.37,  19.45,  19.62,  19.96
19970224, 1200,  , TS, 30.5S,  56.3E,  45,    0,    0,    0,    0,    0,    0,    0,    0,    0,    0,    0,    0,    0, -999,  19.36,  19.16,  19.17,  18.73,  18.70,  18.81,  18.78,  18.53,  18.71,  18.71,  18.95,  18.90,  18.72,  18.18,  17.88,  17.85,  17.63,  17.46,  17.63,  17.81,  18.09,  18.11,  18.10,  18.26,  18.63,  18.75,  18.54,  18.50,  18.72,  18.86,  18.89
19970224, 1800,  , TS, 32.4S,  56.8E,  45,    0,    0,    0,    0,    0,    0,    0,    0,    0,    0,    0,    0,    0, -999,  18.34,  18.23,  18.23,  18.14,  18.37,  18.45,  18.52,  18.37,  18.33,  18.33,  18.50,  18.42,  18.58,  18.52,  18.48,  18.50,  18.39,  18.51,  18.64,  18.50,  18.34,  18.60,  18.68,  18.58,  18.95,  18.94,  18.91,  18.64,  18.93,  18.69,  18.73
19970225, 0000,  , TS, 34.3S,  57.4E,  40,    0,    0,    0,    0,    0,    0,    0,    0,    0,    0,    0,    0,    0, -999,  17.60,  17.60,  17.71,  17.54,  17.40,  17.34,  17.32,  17.19,  17.02,  17.27,  17.19,  17.31,  17.79,  18.24,  18.50,  18.00,  17.95,  17.75,  17.64,  17.91,  17.92,  18.30,  18.09,  18.10,  18.48,  18.60,  18.50,  18.23,  18.35,  18.47,  18.35
19970225, 0600,  , TS, 35.8S,  57.7E,  40,    0,    0,    0,    0,    0,    0,    0,    0,    0,    0,    0,    0,    0, -999,  17.52,  17.41,  17.41,  17.42,  17.53,  17.67,  17.76,  17.30,  17.29,  16.90,  16.74,  16.94,  16.73,  17.13,  16.91,  16.66,  16.55,  16.45,  16.15,  16.24,  16.32,  16.17,  16.38,  16.34,  16.14,  16.16,  16.32,  16.34,  15.97,  16.11,  16.52
19970225, 1200,  , TS, 37.1S,  57.7E,  40,    0,    0,    0,    0,    0,    0,    0,    0,    0,    0,    0,    0,    0, -999,  18.08,  18.22,  18.32,  18.41,  18.61,  18.67,  18.82,  18.60,  18.11,  17.80,  17.89,  17.93,  17.76,  18.01,  18.31,  18.30,  17.97,  17.24,  17.36,  17.38,  17.40,  17.62,  17.39,  17.24,  16.88,  16.61,  16.55,  16.69,  16.90,  16.92,  16.76
19970225, 1800,  , TS, 38.3S,  56.9E,  35,    0,    0,    0,    0,    0,    0,    0,    0,    0,    0,    0,    0,    0, -999,  19.31,  19.28,  18.97,  18.58,  18.20,  18.51,  19.07,  19.14,  18.93,  18.33,  18.11,  17.90,  17.99,  18.38,  18.54,  18.13,  18.39,  16.81,  17.00,  16.49,  16.79,  17.37,  17.15,  16.93,  17.56,  17.84,  17.08,  17.13,  17.13,  16.93,  16.95
19970226, 0000,  , LO, 39.2S,  56.4E,  30,    0,    0,    0,    0,    0,    0,    0,    0,    0,    0,    0,    0,    0, -999,  19.36,  19.21,  19.16,  18.95,  19.01,  19.03,  18.98,  18.94,  18.91,  18.39,  18.52,  18.79,  18.68,  18.86,  18.71,  18.43,  17.62,  17.48,  17.47,  17.84,  18.20,  18.04,  17.81,  18.02,  18.33,  18.56,  18.48,  18.69,  18.43,  18.74,  18.76
19970226, 0600,  , LO, 39.9S,  55.6E,  30,    0,    0,    0,    0,    0,    0,    0,    0,    0,    0,    0,    0,    0, -999,  19.07,  19.01,  19.13,  19.27,  19.41,  19.32,  19.32,  19.26,  19.26,  19.20,  18.80,  18.80,  19.07,  19.22,  19.65,  19.45,  19.18,  18.86,  18.66,  18.36,  18.08,  17.90,  17.86,  17.70,  17.87,  17.70,  17.92,  18.16,  18.34,  17.87,  17.71
