SH252009,                LIN,     15,
20090403, 0600,  , DB, 15.5S, 177.6W,  20, 1007,    0,    0,    0,    0,    0,    0,    0,    0,    0,    0,    0,    0, -999,  35.38,  35.35,  35.36,  35.28,  35.28,  35.30,  35.35,  35.36,  35.41,  35.45,  35.49,  35.50,  35.55,  35.64,  35.60,  35.62,  35.61,  35.63,  35.57,  35.56,  35.54,  35.51,  35.52,  35.48,  35.49,  35.48,  35.50,  35.48,  35.44,  35.39,  35.32
20090403, 1200,  , DB, 15.8S, 177.1W,  25, 1004,    0,    0,    0,    0,    0,    0,    0,    0,    0,    0,    0,    0, -999,  35.33,  35.33,  35.37,  35.41,  35.48,  35.55,  35.63,  35.71,  35.71,  35.70,  35.66,  35.62,  35.56,  35.54,  35.57,  35.49,  35.41,  35.34,  35.29,  35.20,  35.13,  35.12,  35.08,  35.05,  35.05,  35.07,  35.13,  35.18,  35.23,  35.25,  35.29
20090403, 1800,  , TD, 16.6S, 176.7W,  25, 1004,    0,    0,    0,    0,    0,    0,    0,    0,    0,    0,    0,    0, -999,  35.30,  35.36,  35.31,  35.26,  35.34,  35.41,  35.39,  35.39,  35.35,  35.34,  35.35,  35.37,  35.40,  35.43,  35.43,  35.36,  35.33,  35.28,  35.17,  35.18,  34.98,  35.12,  35.11,  35.14,  34.94,  34.95,  34.97,  34.98,  35.03,  35.10,  35.16
20090404, 0000,  , TD, 17.5S, 176.5W,  30, 1000,    0,    0,    0,    0,    0,    0,    0,    0,    0,    0,    0,    0, -999,  35.20,  35.24,  35.26,  35.30,  35.34,  35.43,  35.51,  35.55,  35.53,  35.52,  35.50,  35.43,  35.41,  35.33,  35.25,  35.16,  35.10,  35.06,  35.04,  35.06,  35.12,  35.13,  35.14,  35.16,  35.16,  35.18,  35.22,  35.22,  35.23,  35.27,  35.32
20090404, 0600,  , TS, 18.4S, 176.0W,  40,  993,   30,   45,   30,   30,    0,    0,    0,    0,    0,    0,    0,    0, -999,  35.23,  35.22,  35.21,  35.20,  35.18,  35.21,  35.21,  35.19,  35.22,  35.19,  35.19,  35.20,  35.21,  35.22,  35.24,  35.19,  35.27,  35.16,  35.34,  35.36,  35.17,  35.21,  35.28,  35.23,  35.36,  35.05,  35.11,  35.11,  35.24,  35.36,  35.19
20090404, 1200,  , TS, 19.3S, 176.0W,  45,  989,   30,   40,   40,   30,    0,    0,    0,    0,    0,    0,    0,    0, -999,  35.47,  35.54,  35.49,  35.36,  35.27,  35.23,  35.17,  35.17,  35.20,  35.21,  35.19,  35.18,  35.18,  35.18,  35.21,  35.22,  35.24,  35.25,  35.27,  35.24,  35.25,  35.27,  35.22,  35.24,  35.21,  35.17,  35.18,  35.17,  35.16,  35.16,  35.18
20090404, 1800,  , TS, 20.3S, 175.7W,  50,  985,   50,   60,   50,   60,    0,    0,    0,    0,    0,    0,    0,    0, -999,  35.23,  35.20,  35.20,  35.21,  35.22,  35.23,  35.10,  35.15,  35.16,  35.20,  35.24,  35.31,  35.32,  35.27,  35.26,  35.26,  35.25,  35.41,  35.44,  35.36,  35.38,  35.40,  35.37,  35.38,  35.37,  35.33,  35.34,  35.35,  35.34,  35.35,  35.34
20090405, 0000,  , TS, 21.6S, 175.4W,  55,  982,   40,   60,   50,   55,   15,   20,   15,   20,    0,    0,    0,    0, -999,  35.21,  35.23,  35.22,  35.20,  35.20,  35.18,  35.16,  35.11,  35.13,  35.12,  35.18,  35.19,  35.20,  35.21,  35.17,  35.22,  35.24,  35.23,  35.25,  35.24,  35.23,  35.25,  35.29,  35.29,  35.30,  35.29,  35.28,  35.29,  35.26,  35.27,  35.27
20090405, 0600,  , TS, 22.8S, 174.9W,  50,  985,   40,   60,   50,   55,    0,    0,    0,    0,    0,    0,    0,    0, -999,  35.38,  35.31,  35.28,  35.28,  35.29,  35.20,  35.27,  35.34,  35.41,  35.41,  35.44,  35.51,  35.52,  35.52,  35.45,  35.38,  35.60,  35.55,  35.47,  35.35,  35.38,  35.41,  35.36,  35.33,  35.30,  35.29,  35.28,  35.28,  35.28,  35.28,  35.27
20090405, 1200,  , TS, 24.2S, 174.3W,  50,  985,   40,   60,   50,   55,    0,    0,    0,    0,    0,    0,    0,    0, -999,  35.37,  35.40,  35.42,  35.43,  35.45,  35.45,  35.43,  35.40,  35.41,  35.46,  35.45,  35.40,  35.43,  35.42,  35.36,  35.32,  35.42,  35.48,  35.52,  35.45,  35.44,  35.43,  35.34,  35.35,  35.42,  35.46,  35.47,  35.48,  35.48,  35.45,  35.45
20090405, 1800,  , TS, 25.7S, 173.5W,  40,  993,   40,   60,   50,   55,    0,    0,    0,    0,    0,    0,    0,    0, -999,  35.46,  35.48,  35.50,  35.50,  35.50,  35.50,  35.50,  35.51,  35.50,  35.49,  35.47,  35.44,  35.44,  35.44,  35.32,  35.31,  35.33,  35.37,  35.47,  35.53,  35.51,  35.48,  35.46,  35.42,  35.39,  35.41,  35.39,  35.41,  35.41,  35.42,  35.43
20090406, 0000,  , TD, 27.1S, 172.5W,  30, 1000,    0,    0,    0,    0,    0,    0,    0,    0,    0,    0,    0,    0, -999,  35.51,  35.51,  35.51,  35.51,  35.51,  35.50,  35.51,  35.50,  35.50,  35.50,  35.49,  35.48,  35.48,  35.48,  35.45,  35.50,  35.50,  35.50,  35.50,  35.51,  35.52,  35.48,  35.46,  35.45,  35.46,  35.46,  35.47,  35.47,  35.49,  35.51,  35.55
20090406, 0600,  , DB, 28.5S, 171.1W,  25, 1004,    0,    0,    0,    0,    0,    0,    0,    0,    0,    0,    0,    0, -999,  35.52,  35.54,  35.54,  35.52,  35.53,  35.59,  35.57,  35.56,  35.55,  35.55,  35.57,  35.57,  35.58,  35.55,  35.54,  35.55,  35.54,  35.50,  35.47,  35.46,  35.45,  35.45,  35.45,  35.45,  35.45,  35.46,  35.50,  35.50,  35.52,  35.52,  35.50
20090406, 1200,  , DB, 30.2S, 169.8W,  25, 1004,    0,    0,    0,    0,    0,    0,    0,    0,    0,    0,    0,    0, -999,  35.58,  35.58,  35.58,  35.56,  35.56,  35.55,  35.53,  35.49,  35.44,  35.44,  35.49,  35.52,  35.51,  35.50,  35.51,  35.51,  35.52,  35.49,  35.49,  35.47,  35.46,  35.46,  35.47,  35.49,  35.51,  35.52,  35.53,  35.53,  35.54,  35.55,  35.55
20090406, 1800,  , DB, 31.8S, 168.0W,  20, 1007,    0,    0,    0,    0,    0,    0,    0,    0,    0,    0,    0,    0, -999,  35.47,  35.44,  35.43,  35.41,  35.40,  35.38,  35.33,  35.32,  35.35,  35.38,  35.38,  35.38,  35.35,  35.33,  35.31,  35.30,  35.36,  35.42,  35.44,  35.47,  35.47,  35.45,  35.48,  35.49,  35.46,  35.48,  35.48,  35.47,  35.47,  35.46,  35.48
