SH262003,            UNNAMED,     43,
20030329, 0600,  , TD,  7.0S, 130.6E,  15, 1006,    0,    0,    0,    0,    0,    0,    0,    0,    0,    0,    0,    0, -999,  34.45,  34.38,  34.58,  34.72,  34.81,  34.80,  34.81,  34.74,  34.88,  34.77,  34.70,  34.56,  34.78,  34.84,  34.73,  34.59,  34.49,  34.43,  34.44,  34.41,  34.42,  34.44,  34.45,  34.52,  34.55,  34.58,  34.59,  34.62,  34.54,  34.47,  34.46
20030329, 1200,  , TD,  7.1S, 129.9E,  15, 1006,    0,    0,    0,    0,    0,    0,    0,    0,    0,    0,    0,    0, -999,  34.70,  34.59,  34.64,  34.67,  34.77,  34.72,  34.66,  34.62,  34.64,  34.55,  34.54,  34.45,  34.64,  34.63,  34.59,  34.57,  34.57,  34.43,  34.45,  34.51,  34.61,  34.67,  34.70,  34.75,  34.76,  34.69,  34.63,  34.61,  34.58,  34.50,  34.48
20030329, 1800,  , TD,  7.3S, 129.2E,  15, 1006,    0,    0,    0,    0,    0,    0,    0,    0,    0,    0,    0,    0, -999,  34.55,  34.41,  34.55,  34.68,  34.80,  34.79,  34.77,  34.71,  34.66,  34.58,  34.49,  34.57,  34.62,  34.55,  34.49,  34.48,  34.41,  34.50,  34.44,  34.57,  34.66,  34.71,  34.71,  34.70,  34.69,  34.67,  34.64,  34.62,  34.48,  34.39,  34.33
20030330, 0000,  , TD,  7.6S, 128.5E,  20, 1004,    0,    0,    0,    0,    0,    0,    0,    0,    0,    0,    0,    0, -999,  34.61,  34.64,  34.64,  34.72,  34.65,  34.59,  34.47,  34.44,  34.32,  34.26,  34.31,  34.41,  34.37,  34.44,  34.45,  34.38,  34.28,  34.28,  34.36,  34.45,  34.50,  34.53,  34.48,  34.49,  34.46,  34.40,  34.40,  34.38,  34.30,  34.26,  34.22
20030330, 0600,  , TD,  7.9S, 127.8E,  25, 1002,    0,    0,    0,    0,    0,    0,    0,    0,    0,    0,    0,    0, -999,  34.55,  34.60,  34.56,  34.48,  34.45,  34.56,  34.64,  34.60,  34.60,  34.64,  34.61,  34.63,  34.62,  34.56,  34.41,  34.32,  34.31,  34.34,  34.39,  34.46,  34.51,  34.53,  34.56,  34.55,  34.57,  34.57,  34.58,  34.50,  34.42,  34.32,  34.30
20030330, 1200,  , TD,  8.2S, 126.9E,  25, 1002,    0,    0,    0,    0,    0,    0,    0,    0,    0,    0,    0,    0, -999,  34.35,  34.32,  34.34,  34.38,  34.37,  34.42,  34.43,  34.48,  34.52,  34.56,  34.57,  34.59,  34.55,  34.53,  34.48,  34.51,  34.58,  34.59,  34.58,  34.58,  34.56,  34.59,  34.63,  34.60,  34.55,  34.48,  34.47,  34.51,  34.57,  34.62,  34.56
20030330, 1800,  , TD,  8.5S, 126.0E,  25, 1002,    0,    0,    0,    0,    0,    0,    0,    0,    0,    0,    0,    0, -999,  34.37,  34.36,  34.33,  34.37,  34.34,  34.26,  34.23,  34.22,  34.26,  34.27,  34.28,  34.31,  34.28,  34.27,  34.31,  34.31,  34.22,  34.27,  34.30,  34.33,  34.32,  34.25,  34.31,  34.30,  34.45,  34.49,  34.51,  34.48,  34.47,  34.47,  34.46
20030331, 0000,  , TD,  8.8S, 124.9E,  25, 1002,    0,    0,    0,    0,    0,    0,    0,    0,    0,    0,    0,    0, -999,  34.57,  34.51,  34.50,  34.53,  34.55,  34.51,  34.50,  34.52,  34.52,  34.51,  34.49,  34.45,  34.45,  34.46,  34.48,  34.56,  34.56,  34.54,  34.47,  34.46,  34.47,  34.48,  34.42,  34.44,  34.44,  34.43,  34.42,  34.44,  34.46,  34.46,  34.46
20030331, 0600,  , TD,  9.0S, 123.8E,  30, 1005,    0,    0,    0,    0,    0,    0,    0,    0,    0,    0,    0,    0, -999,  34.55,  34.51,  34.26,  34.27,  34.27,  34.38,  34.45,  34.44,  34.41,  34.39,  34.24,  34.05,  34.30,  34.38,  34.39,  34.46,  34.46,  34.47,  34.55,  34.54,  34.51,  34.56,  34.42,  34.63,  34.45,  34.44,  34.46,  34.44,  34.38,  34.33,  34.26
20030331, 1200,  , TD,  9.4S, 122.7E,  30, 1000,    0,    0,    0,    0,    0,    0,    0,    0,    0,    0,    0,    0, -999,  34.62,  34.65,  34.70,  34.63,  34.53,  34.45,  34.36,  34.29,  34.22,  34.23,  34.26,  34.36,  34.31,  34.38,  34.39,  34.41,  34.30,  34.27,  34.29,  34.30,  34.34,  34.29,  34.19,  34.12,  34.20,  34.19,  34.43,  34.59,  34.58,  34.28,  34.38
20030331, 1800,  , TD,  9.5S, 121.9E,  30, 1000,    0,    0,    0,    0,    0,    0,    0,    0,    0,    0,    0,    0, -999,  34.15,  34.23,  34.24,  34.33,  34.39,  34.51,  34.53,  34.52,  34.39,  34.30,  34.25,  34.25,  34.22,  34.28,  34.28,  34.41,  34.48,  34.29,  34.23,  34.32,  34.29,  34.24,  34.28,  34.41,  34.47,  34.43,  34.49,  34.44,  34.49,  34.31,  34.17
20030401, 0000,  , TD,  9.4S, 121.2E,  30, 1000,    0,    0,    0,    0,    0,    0,    0,    0,    0,    0,    0,    0, -999,  34.20,  34.31,  34.47,  34.59,  34.66,  34.55,  34.50,  34.45,  34.34,  34.56,  34.44,  34.41,  34.38,  34.32,  34.35,  34.27,  34.25,  34.29,  34.35,  34.26,  34.15,  34.19,  34.36,  34.48,  34.41,  34.41,  34.45,  34.60,  34.67,  34.70,  34.56
20030401, 0600,  , TD,  9.7S, 120.7E,  30, 1000,    0,    0,    0,    0,    0,    0,    0,    0,    0,    0,    0,    0, -999,  34.37,  34.65,  34.36,  34.27,  34.09,  33.96,  34.15,  34.20,  34.34,  34.32,  34.34,  34.41,  34.37,  34.36,  34.39,  34.31,  34.37,  34.41,  34.44,  34.51,  34.54,  34.62,  34.54,  34.47,  34.41,  34.37,  34.37,  34.42,  34.45,  34.49,  34.49
20030401, 1200,  , TS, 10.1S, 120.3E,  35,  997,    0,    0,    0,    0,    0,    0,    0,    0,    0,    0,    0,    0, -999,    nan,    nan,    nan,    nan,    nan,    nan,    nan,    nan,    nan,    nan,    nan,    nan,    nan,    nan,    nan,    nan,    nan,    nan,    nan,    nan,    nan,    nan,    nan,    nan,    nan,    nan,    nan,    nan,    nan,    nan,    nan
20030401, 1800,  , TS, 10.3S, 119.7E,  35,  997,    0,    0,    0,    0,    0,    0,    0,    0,    0,    0,    0,    0, -999,  34.49,  34.64,  34.59,  34.69,  34.73,  34.82,  34.84,  34.81,  34.71,  34.66,  34.66,  34.78,  34.87,  34.95,  35.00,  34.97,  34.73,  34.95,  35.04,  35.23,  34.82,  34.79,  34.84,  34.86,  34.87,  34.89,  34.91,  34.90,  34.85,  34.81,  34.78
20030402, 0000,  , TS, 10.8S, 119.3E,  45,  991,   75,  100,  100,   75,    0,    0,    0,    0,    0,    0,    0,    0, -999,  35.09,  34.90,  34.82,  34.72,  34.63,  34.58,  34.51,  34.55,  34.60,  34.70,  34.84,  34.91,  34.85,  34.74,  34.53,  34.51,  34.66,  34.72,  34.77,  34.58,  34.35,  34.32,  34.30,  34.21,  34.25,  34.30,  34.46,  34.55,  34.58,  34.61,  34.68
20030402, 0600,  , TS, 11.2S, 118.9E,  45,  991,   70,  100,  100,   70,    0,    0,    0,    0,    0,    0,    0,    0, -999,  34.84,  34.59,  34.56,  34.60,  34.55,  34.64,  34.69,  34.75,  34.74,  34.78,  34.82,  34.80,  34.75,  34.67,  34.51,  34.47,  34.55,  34.62,  34.86,  34.70,  34.57,  34.45,  34.42,  34.38,  34.38,  34.41,  34.34,  34.22,  34.25,  34.39,  34.54
20030402, 1200,  , TS, 11.4S, 118.5E,  55,  984,   70,  100,  100,   70,    0,    0,    0,    0,    0,    0,    0,    0, -999,  34.78,  34.56,  34.56,  34.59,  34.57,  34.69,  34.72,  34.92,  34.79,  34.80,  34.74,  34.65,  34.62,  34.76,  34.70,  34.58,  34.55,  34.53,  34.70,  34.63,  34.61,  34.58,  34.58,  34.54,  34.54,  34.49,  34.43,  34.34,  34.29,  34.29,  34.17
20030402, 1800,  , HU, 11.6S, 118.2E,  65,  976,   70,  100,  100,   70,    0,    0,    0,    0,    0,    0,    0,    0, -999,  34.74,  34.88,  34.88,  34.90,  34.88,  34.89,  34.88,  34.93,  34.84,  34.83,  34.83,  34.75,  34.65,  34.63,  34.47,  34.54,  34.69,  34.68,  34.74,  34.66,  34.59,  34.48,  34.42,  34.39,  34.42,  34.47,  34.42,  34.35,  34.28,  34.19,  34.18
20030403, 0000,  , HU, 11.7S, 117.9E,  75,  967,   70,  100,  100,   70,    0,    0,    0,    0,    0,    0,    0,    0, -999,  34.91,  34.85,  34.86,  34.87,  34.88,  34.85,  34.90,  34.82,  34.79,  34.75,  34.67,  34.62,  34.62,  34.52,  34.42,  34.52,  34.52,  34.58,  34.53,  34.50,  34.40,  34.29,  34.20,  34.21,  34.23,  34.23,  34.23,  34.27,  34.27,  34.32,  34.22
20030403, 0600,  , HU, 11.9S, 117.4E, 100,  944,   85,  115,   85,   85,    0,    0,    0,    0,    0,    0,    0,    0, -999,  34.65,  34.61,  34.64,  34.66,  34.65,  34.60,  34.62,  34.58,  34.57,  34.58,  34.55,  34.52,  34.55,  34.51,  34.54,  34.61,  34.54,  34.51,  34.47,  34.55,  34.56,  34.57,  34.60,  34.61,  34.61,  34.60,  34.54,  34.50,  34.49,  34.49,  34.59
20030403, 1200,  , HU, 12.1S, 116.9E, 110,  933,   85,  115,   85,   85,    0,    0,    0,    0,    0,    0,    0,    0, -999,  34.68,  34.72,  34.85,  34.90,  34.90,  34.77,  34.76,  34.66,  34.63,  34.63,  34.62,  34.59,  34.60,  34.60,  34.60,  34.64,  34.57,  34.55,  34.53,  34.55,  34.56,  34.55,  34.54,  34.55,  34.58,  34.59,  34.54,  34.52,  34.48,  34.43,  34.43
20030403, 1800,  , HU, 12.3S, 116.4E, 125,  916,   90,   90,   90,   90,    0,    0,    0,    0,    0,    0,    0,    0, -999,  34.78,  34.78,  34.78,  34.76,  34.76,  34.73,  34.73,  34.63,  34.64,  34.60,  34.59,  34.59,  34.61,  34.65,  34.68,  34.64,  34.47,  34.52,  34.58,  34.59,  34.62,  34.62,  34.59,  34.57,  34.53,  34.51,  34.51,  34.51,  34.51,  34.48,  34.61
20030404, 0000,  , HU, 12.6S, 115.8E, 140,  898,   90,   90,   90,   90,    0,    0,    0,    0,    0,    0,    0,    0, -999,  34.42,  34.40,  34.36,  34.33,  34.36,  34.35,  34.36,  34.37,  34.37,  34.34,  34.26,  34.24,  34.22,  34.24,  34.26,  34.32,  34.37,  34.44,  34.50,  34.56,  34.60,  34.58,  34.63,  34.73,  34.77,  34.70,  34.79,  34.62,  34.62,  34.62,  34.61
20030404, 0600,  , HU, 13.1S, 115.2E, 140,  898,  130,  130,  130,  130,    0,    0,    0,    0,    0,    0,    0,    0, -999,  34.42,  34.40,  34.35,  34.33,  34.32,  34.31,  34.31,  34.33,  34.33,  34.32,  34.32,  34.36,  34.39,  34.47,  34.53,  34.59,  34.69,  34.70,  34.73,  34.79,  34.78,  34.73,  34.73,  34.70,  34.70,  34.72,  34.72,  34.69,  34.66,  34.71,  34.72
20030404, 1200,  , HU, 13.5S, 114.6E, 140,  898,  130,  130,  130,  130,    0,    0,    0,    0,    0,    0,    0,    0, -999,  34.78,  34.79,  34.77,  34.72,  34.74,  34.79,  34.74,  34.65,  34.61,  34.55,  34.47,  34.40,  34.31,  34.34,  34.40,  34.44,  34.42,  34.43,  34.45,  34.68,  34.87,  34.84,  34.81,  34.81,  34.81,  34.84,  34.84,  34.83,  34.80,  34.82,  34.75
20030404, 1800,  , HU, 13.9S, 114.1E, 140,  898,  100,  130,  110,  100,    0,    0,    0,    0,    0,    0,    0,    0, -999,  34.82,  34.82,  34.78,  34.73,  34.78,  34.80,  34.74,  34.71,  34.72,  34.71,  34.73,  34.78,  34.65,  34.60,  34.60,  34.56,  34.59,  34.66,  34.64,  34.65,  34.64,  34.62,  34.65,  34.66,  34.70,  34.74,  34.74,  34.71,  34.68,  34.66,  34.66
20030405, 0000,  , HU, 14.3S, 113.6E, 130,  910,  100,  130,  110,  100,    0,    0,    0,    0,    0,    0,    0,    0, -999,  34.83,  34.77,  34.64,  34.67,  34.68,  34.66,  34.71,  34.82,  34.99,  35.05,  35.05,  34.70,  34.58,  34.60,  34.67,  34.67,  34.76,  34.84,  34.76,  34.78,  34.79,  34.68,  34.63,  34.65,  34.65,  34.66,  34.59,  34.55,  34.52,  34.54,  34.57
20030405, 0600,  , HU, 14.5S, 113.2E, 125,  916,   90,  130,  120,   90,    0,    0,    0,    0,    0,    0,    0,    0, -999,  34.69,  34.53,  34.36,  34.50,  34.65,  34.63,  34.69,  34.76,  34.82,  34.89,  34.95,  34.62,  34.49,  34.45,  34.56,  34.55,  34.62,  34.53,  34.61,  34.69,  34.69,  34.73,  34.81,  34.73,  34.71,  34.69,  34.66,  34.65,  34.60,  34.56,  34.52
20030405, 1200,  , HU, 14.7S, 113.0E, 125,  916,  110,  130,  120,  110,    0,    0,    0,    0,    0,    0,    0,    0, -999,  34.45,  34.34,  34.31,  34.48,  34.52,  34.59,  34.63,  34.71,  34.81,  34.87,  34.90,  34.73,  34.69,  34.61,  34.67,  34.68,  34.66,  34.54,  34.45,  34.40,  34.54,  34.62,  34.66,  34.75,  34.82,  34.79,  34.77,  34.76,  34.73,  34.68,  34.67
20030405, 1800,  , HU, 14.9S, 112.8E, 115,  927,  110,  130,  120,  110,    0,    0,    0,    0,    0,    0,    0,    0, -999,  34.81,  34.77,  34.69,  34.53,  34.48,  34.48,  34.57,  34.71,  34.82,  34.85,  34.70,  34.62,  34.59,  34.59,  34.60,  34.57,  34.61,  34.55,  34.49,  34.46,  34.46,  34.41,  34.41,  34.47,  34.47,  34.47,  34.55,  34.63,  34.73,  34.75,  34.73
20030406, 0000,  , HU, 15.1S, 112.7E, 105,  938,  110,  130,  120,  110,    0,    0,    0,    0,    0,    0,    0,    0, -999,  34.75,  34.64,  34.43,  34.39,  34.43,  34.52,  34.61,  34.75,  34.86,  34.77,  34.61,  34.63,  34.61,  34.63,  34.63,  34.73,  34.68,  34.61,  34.56,  34.45,  34.42,  34.40,  34.39,  34.44,  34.46,  34.48,  34.55,  34.63,  34.69,  34.70,  34.66
20030406, 0600,  , HU, 15.4S, 112.7E, 100,  944,  100,  120,  120,  100,    0,    0,    0,    0,    0,    0,    0,    0, -999,  34.73,  34.69,  34.61,  34.47,  34.44,  34.42,  34.52,  34.59,  34.67,  34.84,  34.75,  34.65,  34.65,  34.66,  34.67,  34.66,  34.68,  34.69,  34.68,  34.63,  34.55,  34.48,  34.43,  34.38,  34.37,  34.42,  34.49,  34.49,  34.52,  34.53,  34.50
20030406, 1200,  , HU, 15.8S, 112.8E,  90,  954,  110,  130,  120,  100,    0,    0,    0,    0,    0,    0,    0,    0, -999,  34.87,  34.82,  34.85,  34.83,  34.81,  34.80,  34.81,  34.74,  34.70,  34.64,  34.66,  34.64,  34.66,  34.61,  34.58,  34.62,  34.75,  34.73,  34.71,  34.64,  34.54,  34.48,  34.53,  34.54,  34.52,  34.54,  34.50,  34.45,  34.49,  34.46,  34.39
20030406, 1800,  , HU, 16.4S, 113.0E,  80,  963,  110,  130,  120,  100,    0,    0,    0,    0,    0,    0,    0,    0, -999,  34.83,  34.89,  34.94,  34.95,  34.94,  34.97,  34.99,  34.89,  34.87,  34.85,  34.81,  34.81,  34.81,  34.80,  34.79,  34.81,  34.82,  34.80,  34.80,  34.77,  34.73,  34.71,  34.68,  34.61,  34.50,  34.49,  34.52,  34.53,  34.62,  34.65,  34.62
20030407, 0000,  , HU, 17.0S, 113.3E,  70,  972,  105,  125,  115,   95,    0,    0,    0,    0,    0,    0,    0,    0, -999,  34.85,  34.96,  34.92,  34.85,  34.78,  34.74,  34.73,  34.81,  34.92,  34.98,  35.06,  35.09,  35.09,  35.06,  35.01,  34.98,  34.98,  34.97,  34.92,  34.91,  34.91,  34.91,  34.91,  34.92,  34.94,  34.95,  34.97,  34.94,  34.91,  34.89,  34.78
20030407, 0600,  , HU, 17.6S, 113.9E,  65,  976,  105,  125,  100,   70,    0,    0,    0,    0,    0,    0,    0,    0, -999,  34.92,  34.98,  35.05,  35.10,  35.11,  35.08,  35.07,  35.06,  35.02,  34.99,  34.97,  34.97,  34.97,  34.95,  34.92,  34.92,  34.93,  34.93,  34.91,  34.90,  34.89,  34.88,  34.87,  34.86,  34.87,  34.87,  34.81,  34.80,  34.80,  34.84,  34.88
20030407, 1200,  , TS, 18.3S, 114.8E,  55,  984,  105,  125,  100,   70,    0,    0,    0,    0,    0,    0,    0,    0, -999,  35.03,  35.02,  35.02,  35.03,  35.04,  35.03,  35.04,  35.05,  35.05,  35.05,  35.04,  35.04,  35.04,  35.03,  35.02,  35.01,  35.02,  35.00,  34.95,  34.89,  34.88,  34.89,  34.89,  34.89,  34.97,  34.99,  34.95,  34.94,  34.91,  34.92,  34.92
20030407, 1800,  , TS, 19.0S, 115.1E,  55,  984,   90,  125,   90,   75,    0,    0,    0,    0,    0,    0,    0,    0, -999,  35.15,  35.15,  35.16,  35.16,  35.15,  35.14,  35.14,  35.14,  35.11,  35.13,  35.15,  35.16,  35.16,  35.12,  35.09,  35.04,  35.11,  35.09,  35.07,  34.93,  34.93,  34.87,  34.85,  34.84,  34.87,  34.91,  34.91,  34.91,  34.88,  34.87,  34.86
20030408, 0000,  , TS, 19.9S, 115.5E,  50,  987,   75,  130,   75,   60,    0,    0,    0,    0,    0,    0,    0,    0, -999,  35.10,  35.10,  35.10,  35.08,  35.06,  35.06,  35.07,  35.08,  35.08,  35.06,  35.02,  35.03,  35.05,  35.06,  35.07,  35.07,  35.07,  35.07,  35.08,  35.07,  35.08,  35.08,  35.07,  35.07,  35.07,  35.06,  35.07,  35.06,  35.08,  35.09,  35.09
20030408, 0600,  , TS, 20.9S, 116.2E,  40,  994,   75,  130,   75,   60,    0,    0,    0,    0,    0,    0,    0,    0, -999,    nan,    nan,    nan,    nan,    nan,    nan,    nan,    nan,    nan,    nan,    nan,    nan,    nan,    nan,    nan,    nan,    nan,    nan,    nan,    nan,    nan,    nan,    nan,    nan,    nan,    nan,    nan,    nan,    nan,    nan,    nan
20030408, 1200,  , TD, 21.9S, 117.7E,  25, 1002,    0,    0,    0,    0,    0,    0,    0,    0,    0,    0,    0,    0, -999,    nan,    nan,    nan,    nan,    nan,    nan,    nan,    nan,    nan,    nan,    nan,    nan,    nan,    nan,    nan,    nan,    nan,    nan,    nan,    nan,    nan,    nan,    nan,    nan,    nan,    nan,    nan,    nan,    nan,    nan,    nan
20030408, 1800,  , TD, 23.4S, 118.2E,  25, 1002,    0,    0,    0,    0,    0,    0,    0,    0,    0,    0,    0,    0, -999,    nan,    nan,    nan,    nan,    nan,    nan,    nan,    nan,    nan,    nan,    nan,    nan,    nan,    nan,    nan,    nan,    nan,    nan,    nan,    nan,    nan,    nan,    nan,    nan,    nan,    nan,    nan,    nan,    nan,    nan,    nan
