SH291994,            UNNAMED,     21,
19940420, 0600,  , LO,  8.0S, 160.0E,  15,    0,    0,    0,    0,    0,    0,    0,    0,    0,    0,    0,    0,    0, -999,  34.95,  34.91,  34.83,  34.87,  34.83,  34.88,  34.86,  34.84,  34.87,  34.80,  34.79,  34.80,  34.77,  34.81,  34.81,  34.78,  34.79,  34.86,  34.80,  34.80,  34.76,  34.82,  34.81,  34.78,  34.80,  34.85,  34.91,  35.09,  34.96,  34.87,  34.77
19940420, 1200,  , LO,  8.3S, 159.9E,  15,    0,    0,    0,    0,    0,    0,    0,    0,    0,    0,    0,    0,    0, -999,  34.83,  34.91,  34.91,  34.95,  34.93,  34.93,  34.91,  34.85,  34.81,  34.76,  34.78,  34.76,  34.75,  34.77,  34.76,  34.72,  34.76,  34.78,  34.83,  34.86,  34.84,  34.84,  34.81,  34.77,  34.83,  34.83,  34.85,  34.86,  34.76,  34.77,  34.81
19940420, 1800,  , LO,  8.6S, 159.8E,  15,    0,    0,    0,    0,    0,    0,    0,    0,    0,    0,    0,    0,    0, -999,  34.67,  34.70,  34.77,  34.75,  34.75,  34.77,  34.77,  34.75,  34.76,  34.71,  34.72,  34.73,  34.71,  34.80,  34.84,  34.80,  34.82,  34.90,  34.87,  34.88,  34.85,  34.82,  34.86,  34.78,  34.76,  34.76,  34.78,  34.78,  34.81,  34.84,  34.84
19940421, 0000,  , LO,  8.9S, 159.6E,  15,    0,    0,    0,    0,    0,    0,    0,    0,    0,    0,    0,    0,    0, -999,  34.87,  34.92,  34.95,  34.95,  34.97,  34.94,  34.83,  34.75,  34.74,  34.76,  34.75,  34.78,  34.82,  34.94,  35.04,  35.01,  34.93,  34.98,  34.96,  34.89,  34.86,  34.85,  34.88,  34.95,  34.95,  34.95,  34.93,  34.91,  34.91,  34.88,  34.84
19940421, 0600,  , LO,  9.2S, 159.5E,  15,    0,    0,    0,    0,    0,    0,    0,    0,    0,    0,    0,    0,    0, -999,  34.88,  34.92,  34.92,  34.93,  34.92,  34.91,  34.86,  34.85,  34.81,  34.83,  34.86,  34.94,  34.97,  35.00,  34.97,  34.94,  34.95,  35.04,  34.98,  34.88,  34.86,  34.85,  34.87,  34.88,  34.86,  34.88,  34.88,  34.88,  34.88,  34.88,  34.87
19940421, 1200,  , LO,  9.6S, 159.3E,  15,    0,    0,    0,    0,    0,    0,    0,    0,    0,    0,    0,    0,    0, -999,  34.99,  35.02,  35.06,  35.04,  35.00,  34.92,  34.86,  34.89,  34.92,  35.00,  35.01,  34.98,  35.12,  35.11,  35.11,  35.15,  35.08,  35.03,  34.96,  34.95,  35.01,  34.91,  34.94,  34.95,  34.97,  34.97,  34.98,  34.95,  34.86,  34.81,  34.77
19940421, 1800,  , LO,  9.9S, 159.1E,  15,    0,    0,    0,    0,    0,    0,    0,    0,    0,    0,    0,    0,    0, -999,  34.81,  34.99,  35.00,  35.05,  35.03,  35.05,  34.92,  35.03,  34.96,  35.11,  35.20,  35.20,  35.09,  35.19,  35.28,  35.13,  35.03,  35.22,  35.19,  35.25,  35.06,  35.19,  35.25,  35.13,  35.17,  35.11,  34.91,  34.92,  34.94,  34.96,  34.93
19940422, 0000,  , LO, 10.3S, 158.9E,  20,    0,    0,    0,    0,    0,    0,    0,    0,    0,    0,    0,    0,    0, -999,  34.94,  35.09,  35.15,  35.15,  35.19,  35.23,  35.05,  35.00,  35.03,  35.11,  35.28,  35.26,  35.22,  35.24,  35.26,  35.23,  35.44,  35.27,  35.36,  35.31,  35.36,  35.34,  35.39,  35.38,  35.47,  35.33,  35.14,  35.16,  35.12,  34.98,  35.07
19940422, 0600,  , LO, 10.7S, 158.6E,  20,    0,    0,    0,    0,    0,    0,    0,    0,    0,    0,    0,    0,    0, -999,  35.40,  35.35,  35.31,  35.31,  35.29,  35.42,  35.49,  35.48,  35.44,  35.37,  35.33,  35.31,  35.29,  35.28,  35.37,  35.39,  35.42,  35.39,  35.38,  35.40,  35.40,  35.48,  35.54,  35.49,  35.44,  35.46,  35.43,  35.22,  35.13,  35.05,  35.01
19940422, 1200,  , LO, 11.2S, 158.3E,  20,    0,    0,    0,    0,    0,    0,    0,    0,    0,    0,    0,    0,    0, -999,  35.42,  35.43,  35.44,  35.43,  35.42,  35.46,  35.48,  35.48,  35.45,  35.41,  35.48,  35.57,  35.64,  35.63,  35.54,  35.42,  35.40,  35.44,  35.38,  35.49,  35.54,  35.49,  35.55,  35.48,  35.43,  35.50,  35.52,  35.48,  35.22,  35.14,  35.07
19940422, 1800,  , LO, 11.8S, 158.0E,  20,    0,    0,    0,    0,    0,    0,    0,    0,    0,    0,    0,    0,    0, -999,  35.43,  35.47,  35.44,  35.53,  35.57,  35.55,  35.58,  35.66,  35.68,  35.69,  35.63,  35.60,  35.51,  35.55,  35.40,  35.50,  35.48,  35.50,  35.49,  35.56,  35.53,  35.42,  35.46,  35.36,  35.43,  35.50,  35.51,  35.54,  35.60,  35.63,  35.67
19940423, 0000,  , LO, 12.5S, 157.9E,  20,    0,    0,    0,    0,    0,    0,    0,    0,    0,    0,    0,    0,    0, -999,  35.63,  35.53,  35.60,  35.70,  35.66,  35.72,  35.69,  35.58,  35.42,  35.27,  35.39,  35.33,  35.36,  35.38,  35.38,  35.43,  35.42,  35.42,  35.53,  35.42,  35.54,  35.64,  35.71,  35.72,  35.78,  35.76,  35.67,  35.58,  35.55,  35.57,  35.55
19940423, 0600,  , LO, 13.2S, 158.2E,  25,    0,    0,    0,    0,    0,    0,    0,    0,    0,    0,    0,    0,    0, -999,  35.28,  35.20,  35.19,  35.53,  35.36,  35.27,  35.38,  35.36,  35.31,  35.37,  35.44,  35.57,  35.61,  35.67,  35.59,  35.57,  35.56,  35.55,  35.61,  35.65,  35.47,  35.42,  35.37,  35.41,  35.45,  35.48,  35.51,  35.48,  35.49,  35.50,  35.52
19940423, 1200,  , LO, 13.9S, 158.8E,  25,    0,    0,    0,    0,    0,    0,    0,    0,    0,    0,    0,    0,    0, -999,  35.41,  35.43,  35.43,  35.41,  35.30,  35.22,  35.23,  35.21,  35.27,  35.36,  35.42,  35.42,  35.20,  35.44,  35.43,  35.50,  35.47,  35.48,  35.51,  35.52,  35.52,  35.52,  35.55,  35.56,  35.57,  35.56,  35.55,  35.51,  35.51,  35.52,  35.56
19940423, 1800,  , LO, 14.3S, 159.5E,  25,    0,    0,    0,    0,    0,    0,    0,    0,    0,    0,    0,    0,    0, -999,  35.36,  35.33,  35.18,  35.18,  35.31,  35.38,  35.40,  35.53,  35.40,  35.40,  35.31,  35.36,  35.28,  35.30,  35.18,  35.16,  35.29,  35.47,  35.47,  35.43,  35.38,  35.37,  35.53,  35.56,  35.60,  35.63,  35.63,  35.68,  35.71,  35.67,  35.62
19940424, 0000,  , LO, 14.6S, 160.3E,  30,    0,    0,    0,    0,    0,    0,    0,    0,    0,    0,    0,    0,    0, -999,  35.16,  35.27,  35.29,  35.24,  35.26,  35.23,  35.18,  35.13,  35.20,  35.14,  35.17,  35.19,  35.18,  35.23,  35.29,  35.30,  35.51,  35.60,  35.59,  35.54,  35.47,  35.57,  35.51,  35.59,  35.18,  35.57,  35.55,  35.59,  35.40,  35.56,  35.48
19940424, 0600,  , LO, 14.8S, 160.7E,  30,    0,    0,    0,    0,    0,    0,    0,    0,    0,    0,    0,    0,    0, -999,  35.14,  35.24,  35.27,  35.19,  35.18,  35.30,  35.32,  35.39,  35.41,  35.42,  35.42,  35.43,  35.42,  35.43,  35.45,  35.43,  35.52,  35.57,  35.58,  35.48,  35.42,  35.50,  35.32,  35.55,  34.98,  35.59,  35.03,  35.62,  35.39,  35.47,  35.41
19940424, 1200,  , LO, 14.9S, 160.8E,  30,    0,    0,    0,    0,    0,    0,    0,    0,    0,    0,    0,    0,    0, -999,  35.16,  35.26,  35.30,  35.35,  35.36,  35.44,  35.43,  35.42,  35.44,  35.42,  35.40,  35.40,  35.39,  35.39,  35.44,  35.45,  35.52,  35.58,  35.56,  35.44,  35.46,  35.45,  35.20,  35.47,  34.98,  35.54,  35.02,  35.48,  35.38,  35.42,  35.39
19940424, 1800,  , LO, 14.8S, 160.1E,  25,    0,    0,    0,    0,    0,    0,    0,    0,    0,    0,    0,    0,    0, -999,  35.23,  35.29,  35.37,  35.34,  35.34,  35.33,  35.30,  35.25,  35.31,  35.28,  35.30,  35.29,  35.28,  35.25,  35.26,  35.28,  35.40,  35.36,  35.41,  35.46,  35.51,  35.65,  35.63,  35.64,  35.45,  35.60,  35.53,  35.59,  35.27,  35.57,  35.36
19940425, 0000,  , LO, 14.7S, 159.3E,  25,    0,    0,    0,    0,    0,    0,    0,    0,    0,    0,    0,    0,    0, -999,  35.36,  35.37,  35.31,  35.31,  35.32,  35.35,  35.37,  35.55,  35.44,  35.51,  35.49,  35.52,  35.42,  35.34,  35.34,  35.50,  35.49,  35.50,  35.45,  35.37,  35.36,  35.33,  35.49,  35.65,  35.48,  35.50,  35.51,  35.59,  35.61,  35.59,  35.53
19940425, 0600,  , LO, 14.6S, 158.5E,  20,    0,    0,    0,    0,    0,    0,    0,    0,    0,    0,    0,    0,    0, -999,  35.42,  35.39,  35.32,  35.34,  35.39,  35.31,  35.24,  35.48,  35.29,  35.41,  35.45,  35.50,  35.43,  35.42,  35.47,  35.46,  35.44,  35.38,  35.36,  35.29,  35.26,  35.30,  35.34,  35.35,  35.33,  35.34,  35.36,  35.34,  35.35,  35.37,  35.35
