WP012009,             KUJIRA,     29,
20090430, 1800,  , DB, 13.0N, 124.4E,  15, 1010,    0,    0,    0,    0,    0,    0,    0,    0,    0,    0,    0,    0, -999,  27.64,  27.54,  27.47,  27.34,  27.45,  27.32,  27.26,  27.08,  26.82,  26.79,  27.26,  27.12,  26.80,  26.89,  26.92,  26.84,  27.74,  28.20,  28.18,  27.84,  27.88,  27.43,  27.14,  26.98,  26.94,  26.74,  27.31,  27.35,  27.28,  27.06,  27.19
20090501, 0000,  , DB, 12.7N, 124.5E,  15, 1010,    0,    0,    0,    0,    0,    0,    0,    0,    0,    0,    0,    0, -999,  25.77,  25.71,  26.06,  26.05,  26.14,  26.10,  26.64,  27.45,  26.53,  26.36,  26.79,  26.43,  26.47,  25.97,  26.28,  27.28,  27.71,  27.97,  27.07,  27.39,  26.72,  26.67,  26.79,  26.24,  26.53,  26.79,  26.86,  27.05,  26.94,  26.75,  27.09
20090501, 0600,  , DB, 12.6N, 124.3E,  15, 1010,    0,    0,    0,    0,    0,    0,    0,    0,    0,    0,    0,    0, -999,  28.00,  28.09,  28.03,  28.00,  27.98,  27.88,  28.00,  27.96,  27.91,  27.91,  27.99,  28.11,  27.74,  27.61,  27.46,  27.78,  27.93,  28.12,  27.99,  27.85,  27.91,  27.84,  27.63,  27.57,  27.30,  27.51,  27.64,  27.73,  27.81,  27.90,  27.86
20090501, 1200,  , DB, 12.7N, 124.1E,  20, 1007,    0,    0,    0,    0,    0,    0,    0,    0,    0,    0,    0,    0, -999,    nan,    nan,    nan,    nan,    nan,    nan,    nan,    nan,    nan,    nan,    nan,    nan,    nan,    nan,    nan,    nan,    nan,    nan,    nan,    nan,    nan,    nan,    nan,    nan,    nan,    nan,    nan,    nan,    nan,    nan,    nan
20090501, 1800,  , DB, 13.0N, 124.1E,  20, 1007,    0,    0,    0,    0,    0,    0,    0,    0,    0,    0,    0,    0, -999,    nan,    nan,    nan,    nan,    nan,    nan,    nan,    nan,    nan,    nan,    nan,    nan,    nan,    nan,    nan,    nan,    nan,    nan,    nan,    nan,    nan,    nan,    nan,    nan,    nan,    nan,    nan,    nan,    nan,    nan,    nan
20090502, 0000,  , TD, 13.2N, 124.2E,  25, 1004,    0,    0,    0,    0,    0,    0,    0,    0,    0,    0,    0,    0, -999,  27.71,  27.52,  27.51,  27.51,  27.50,  27.12,  27.01,  27.19,  27.52,  27.29,  27.24,  27.05,  27.17,  27.05,  27.86,  27.86,  27.76,  27.52,  28.07,  27.37,  27.02,  26.77,  26.77,  26.77,  27.15,  27.13,  27.12,  27.03,  27.27,  26.95,  26.87
20090502, 0600,  , TD, 13.3N, 124.3E,  30, 1000,    0,    0,    0,    0,    0,    0,    0,    0,    0,    0,    0,    0, -999,  27.93,  27.73,  27.84,  27.78,  27.50,  27.20,  27.32,  27.38,  27.76,  27.65,  27.43,  27.07,  27.29,  27.19,  27.65,  27.88,  27.75,  27.69,  27.97,  27.61,  27.19,  26.94,  26.95,  26.85,  27.08,  27.12,  27.32,  27.02,  27.38,  27.34,  27.20
20090502, 1200,  , TS, 13.4N, 124.4E,  35,  997,    0,    0,    0,    0,    0,    0,    0,    0,    0,    0,    0,    0, -999,  28.19,  28.20,  27.97,  28.37,  28.30,  27.80,  27.63,  27.98,  28.38,  28.58,  28.13,  27.75,  27.73,  27.61,  28.00,  28.05,  27.96,  27.95,  28.43,  27.64,  27.54,  27.19,  27.09,  26.90,  27.59,  27.74,  27.74,  27.74,  28.33,  28.22,  27.82
20090502, 1800,  , TS, 13.5N, 124.5E,  40,  993,   30,   30,   30,   30,    0,    0,    0,    0,    0,    0,    0,    0, -999,  28.37,  29.05,  28.43,  28.36,  27.57,  27.52,  27.68,  28.32,  28.82,  28.18,  27.48,  27.44,  27.28,  27.30,  27.67,  28.06,  28.39,  28.26,  28.58,  27.57,  27.36,  27.10,  27.21,  27.48,  27.54,  27.48,  27.73,  28.09,  28.76,  28.30,  27.96
20090503, 0000,  , TS, 13.7N, 124.7E,  45,  989,   45,   45,   45,   45,    0,    0,    0,    0,    0,    0,    0,    0, -999,  29.00,  28.87,  28.97,  28.92,  28.88,  28.89,  28.89,  29.14,  28.88,  28.79,  28.74,  28.52,  28.87,  28.61,  28.39,  28.85,  29.15,  29.00,  28.39,  28.55,  28.36,  27.77,  28.62,  28.57,  29.02,  29.08,  29.11,  29.11,  29.00,  28.89,  28.99
20090503, 0600,  , TS, 14.1N, 125.2E,  45,  990,   45,   50,   45,   40,    0,    0,    0,    0,    0,    0,    0,    0, -999,  29.18,  29.01,  29.05,  29.11,  28.99,  28.73,  28.63,  28.87,  28.85,  28.76,  28.68,  28.51,  28.52,  28.50,  28.41,  28.58,  28.81,  28.57,  28.65,  28.62,  28.53,  28.37,  28.53,  28.45,  28.65,  28.76,  28.93,  29.02,  28.76,  28.81,  29.00
20090503, 1200,  , TS, 14.7N, 125.9E,  50,  985,   45,   55,   50,   50,    0,    0,    0,    0,    0,    0,    0,    0, -999,  28.72,  28.60,  28.90,  28.95,  28.85,  28.58,  28.83,  28.98,  29.08,  28.96,  28.86,  28.53,  28.35,  28.26,  28.24,  28.29,  28.17,  28.19,  28.04,  27.68,  27.61,  27.38,  27.52,  27.88,  27.60,  28.29,  28.26,  28.34,  28.46,  28.40,  28.60
20090503, 1800,  , TS, 15.2N, 126.7E,  55,  982,   45,   55,   50,   50,   15,   15,   15,   15,    0,    0,    0,    0, -999,  28.40,  28.28,  28.27,  28.69,  28.62,  28.61,  28.19,  28.79,  28.37,  28.29,  27.72,  27.59,  27.50,  27.48,  27.65,  27.68,  27.12,  27.44,  27.59,  27.68,  27.71,  27.47,  27.79,  27.88,  28.01,  27.87,  27.75,  27.79,  27.88,  28.53,  28.56
20090504, 0000,  , HU, 15.7N, 127.5E,  65,  974,   45,   55,   50,   50,   15,   15,   15,   15,    0,    0,    0,    0, -999,  28.18,  28.22,  28.65,  28.82,  29.02,  28.38,  28.39,  28.73,  28.88,  28.69,  28.84,  28.58,  28.45,  28.55,  28.66,  28.59,  28.53,  28.33,  28.83,  28.57,  27.71,  27.73,  27.85,  27.94,  28.20,  28.51,  28.19,  28.28,  28.83,  28.73,  28.66
20090504, 0600,  , HU, 16.3N, 128.5E,  75,  967,   65,   75,   65,   55,   30,   35,   40,   30,   15,   15,   20,   15, -999,  28.03,  28.06,  28.10,  28.06,  28.10,  28.05,  28.06,  27.89,  28.24,  28.50,  28.62,  28.32,  28.05,  27.93,  27.68,  27.64,  27.56,  27.62,  27.82,  28.08,  27.68,  27.38,  27.66,  28.13,  28.22,  28.39,  28.43,  28.57,  28.30,  28.01,  28.07
20090504, 1200,  , HU, 16.8N, 129.7E, 105,  944,   75,   80,   65,   65,   35,   40,   40,   30,   20,   25,   20,   20, -999,  28.17,  28.09,  27.99,  28.17,  28.17,  28.31,  28.47,  28.58,  28.61,  28.62,  28.40,  28.55,  28.58,  28.52,  28.23,  28.15,  28.49,  28.40,  28.91,  28.52,  27.73,  27.87,  27.84,  28.00,  28.41,  28.65,  28.41,  28.67,  28.92,  28.94,  28.93
20090504, 1800,  , HU, 17.2N, 131.2E, 115,  937,   60,   80,   70,   65,   50,   55,   55,   45,   25,   35,   35,   25, -999,  28.15,  28.15,  27.90,  27.77,  28.04,  28.29,  28.05,  27.74,  27.75,  27.86,  27.48,  27.71,  27.79,  27.74,  27.78,  27.92,  27.97,  27.61,  27.09,  27.40,  27.85,  27.36,  27.22,  26.78,  26.18,  25.99,  25.95,  26.13,  25.84,  25.69,  26.02
20090505, 0000,  , HU, 17.6N, 132.7E, 115,  937,   65,   80,   70,   65,   60,   60,   60,   45,   35,   40,   30,   30, -999,  27.13,  27.17,  27.16,  27.15,  26.83,  27.10,  27.12,  27.12,  26.80,  26.81,  27.44,  27.60,  27.58,  27.61,  27.20,  27.08,  27.35,  27.06,  27.05,  27.06,  27.23,  27.29,  26.92,  26.96,  27.05,  27.02,  26.58,  27.29,  26.65,  27.16,  26.86
20090505, 0600,  , HU, 18.3N, 134.1E, 110,  941,   65,   80,   70,   65,   60,   60,   60,   45,   35,   40,   30,   30, -999,  27.76,  27.31,  27.68,  27.40,  27.81,  27.54,  27.43,  27.18,  26.90,  27.17,  27.54,  27.55,  27.62,  27.59,  27.60,  27.40,  27.57,  27.64,  27.81,  27.85,  27.79,  28.12,  27.98,  27.92,  27.84,  28.41,  28.36,  28.65,  28.32,  28.27,  28.29
20090505, 1200,  , HU, 18.9N, 135.5E, 105,  944,   75,   90,   80,   75,   60,   60,   60,   45,   35,   40,   30,   30, -999,  27.99,  27.76,  27.65,  27.84,  27.71,  27.44,  27.75,  27.80,  28.00,  27.78,  27.73,  27.63,  27.56,  27.64,  27.61,  27.82,  27.81,  27.60,  27.73,  27.80,  28.00,  27.81,  27.70,  27.85,  28.04,  28.18,  28.22,  28.24,  28.10,  27.92,  27.91
20090505, 1800,  , HU, 19.5N, 136.9E, 105,  944,   70,   90,   80,   70,   50,   50,   50,   50,   40,   40,   40,   40, -999,  26.08,  25.62,  25.70,  27.35,  27.74,  27.81,  27.96,  27.88,  27.56,  27.93,  27.86,  27.71,  27.60,  26.90,  26.87,  26.75,  26.79,  26.59,  26.10,  26.51,  26.61,  26.89,  26.80,  26.34,  27.14,  27.49,  27.37,  27.38,  27.60,  27.69,  27.85
20090506, 0000,  , HU, 20.4N, 138.4E, 105,  944,   80,   95,   70,   70,   55,   55,   50,   55,   40,   40,   30,   40, -999,  24.85,  24.80,  24.96,  25.54,  25.30,  25.46,  25.46,  25.31,  25.14,  24.89,  24.76,  24.81,  24.50,  24.21,  23.60,  23.65,  23.47,  23.40,  23.50,  23.63,  23.74,  24.16,  24.36,  24.56,  25.15,  25.43,  25.44,  25.10,  24.98,  25.33,  25.28
20090506, 0600,  , HU, 21.6N, 139.9E, 100,  948,   80,   95,   70,   70,   55,   55,   50,   55,   40,   40,   30,   40, -999,  26.07,  25.98,  26.20,  26.84,  26.94,  26.98,  26.67,  26.55,  26.51,  26.86,  26.88,  26.87,  26.84,  26.82,  26.63,  26.61,  26.43,  26.08,  25.48,  25.81,  25.91,  25.79,  25.63,  25.83,  25.20,  25.07,  25.39,  25.61,  25.29,  25.36,  25.52
20090506, 1200,  , HU, 22.8N, 141.5E,  85,  959,   80,   95,   70,   70,   55,   55,   50,   55,   40,   40,   30,   40, -999,  26.75,  26.79,  26.80,  26.62,  26.70,  26.06,  26.00,  26.14,  26.26,  26.53,  26.40,  25.82,  25.48,  25.32,  25.17,  25.06,  24.88,  24.88,  24.80,  24.65,  24.84,  25.25,  25.14,  25.18,  25.07,  24.89,  24.80,  24.81,  24.61,  24.73,  24.99
20090506, 1800,  , HU, 24.3N, 142.7E,  65,  974,   80,   95,   70,   60,   55,   60,   45,   30,    0,    0,    0,    0, -999,  23.82,  23.61,  23.50,  23.25,  23.26,  23.36,  23.60,  23.34,  23.11,  23.11,  23.43,  23.55,  23.36,  22.78,  21.57,  20.68,  19.68,  19.78,  20.70,  20.89,  20.66,  20.89,  20.89,  20.92,  20.68,  20.76,  20.87,  21.35,  21.57,  22.04,  22.12
20090507, 0000,  , TS, 26.0N, 143.7E,  55,  982,   80,   95,   50,   35,   15,   15,   15,   15,    0,    0,    0,    0, -999,  20.56,  20.88,  20.85,  21.06,  21.44,  21.33,  21.34,  21.60,  21.21,  20.85,  21.16,  21.14,  20.74,  20.74,  20.99,  20.67,  20.35,  20.36,  20.31,  20.12,  19.75,  19.39,  19.38,  19.26,  19.28,  19.31,  19.30,  19.40,  19.31,  19.50,  19.85
20090507, 0600,  , EX, 28.2N, 145.2E,  45,  989,   80,   95,   50,   35,    0,    0,    0,    0,    0,    0,    0,    0, -999,  19.10,  18.97,  18.85,  18.72,  19.18,  19.30,  19.14,  18.97,  19.71,  19.64,  19.72,  19.96,  20.88,  21.21,  20.60,  19.77,  19.03,  18.74,  19.07,  19.15,  19.66,  19.98,  20.34,  20.32,  20.35,  20.14,  20.07,  20.00,  20.23,  20.42,  20.50
20090507, 1200,  , EX, 30.5N, 147.8E,  40,  993,   80,   95,   50,   35,    0,    0,    0,    0,    0,    0,    0,    0, -999,  18.33,  18.75,  18.78,  19.15,  19.13,  19.02,  19.02,  18.53,  18.15,  18.46,  19.17,  19.52,  19.73,  19.87,  19.41,  19.29,  18.63,  18.49,  18.55,  18.44,  18.39,  18.41,  18.51,  18.69,  18.83,  19.11,  18.58,  18.62,  18.61,  18.58,  18.46
20090507, 1800,  , EX, 32.7N, 151.1E,  40,  993,   80,   95,   50,   35,    0,    0,    0,    0,    0,    0,    0,    0, -999,  18.12,  17.62,  17.75,  17.48,  16.58,  16.81,  17.53,  16.96,  16.98,  17.58,  18.02,  17.57,  17.34,  18.04,  18.47,  18.41,  18.35,  18.27,  18.66,  18.63,  18.93,  19.04,  18.95,  19.20,  18.73,  19.05,  19.00,  18.71,  18.32,  18.94,  19.11
