WP022000,            UNNAMED,     11,
20000517, 1800,  , TD, 17.8N, 121.6E,  15,    0,    0,    0,    0,    0,    0,    0,    0,    0,    0,    0,    0,    0, -999,    nan,    nan,    nan,    nan,    nan,    nan,    nan,    nan,    nan,    nan,    nan,    nan,    nan,    nan,    nan,    nan,    nan,    nan,    nan,    nan,    nan,    nan,    nan,    nan,    nan,    nan,    nan,    nan,    nan,    nan,    nan
20000518, 0000,  , TD, 18.2N, 122.2E,  20,    0,    0,    0,    0,    0,    0,    0,    0,    0,    0,    0,    0,    0, -999,  34.40,  34.41,  34.46,  34.45,  34.43,  34.44,  34.44,  34.43,  34.43,  34.44,  34.45,  34.45,  34.47,  34.49,  34.49,  34.48,    nan,    nan,    nan,  34.44,  34.41,  34.47,  34.45,  34.45,  34.45,  34.46,  34.44,  34.45,  34.49,  34.47,  34.44
20000518, 0600,  , TD, 18.7N, 122.6E,  20,    0,    0,    0,    0,    0,    0,    0,    0,    0,    0,    0,    0,    0, -999,  34.60,  34.57,  34.53,  34.48,  34.46,  34.41,  34.44,  34.45,  34.47,  34.50,  34.52,  34.53,  34.56,  34.62,  34.60,  34.52,    nan,    nan,    nan,  34.51,  34.44,  34.51,  34.47,  34.46,  34.48,  34.51,  34.53,  34.48,  34.47,  34.49,  34.53
20000518, 1200,  , TD, 19.4N, 123.2E,  20,    0,    0,    0,    0,    0,    0,    0,    0,    0,    0,    0,    0,    0, -999,  34.77,  34.62,  34.65,  34.62,  34.58,  34.57,  34.58,  34.53,  34.50,  34.51,  34.54,  34.55,  34.53,  34.54,  34.55,  34.59,    nan,    nan,    nan,  34.54,  34.56,  34.57,  34.59,  34.58,  34.57,  34.54,  34.50,  34.47,  34.47,  34.48,  34.47
20000518, 1800,  , TD, 20.1N, 124.2E,  30,    0,    0,    0,    0,    0,    0,    0,    0,    0,    0,    0,    0,    0, -999,  34.63,  34.62,  34.62,  34.62,  34.63,  34.64,  34.64,  34.64,  34.63,  34.63,  34.64,  34.63,  34.62,  34.60,  34.58,  34.56,    nan,    nan,    nan,  34.60,  34.60,  34.58,  34.56,  34.56,  34.57,  34.59,  34.61,  34.56,  34.55,  34.54,  34.50
20000519, 0000,  , TS, 20.9N, 125.3E,  35,    0,    0,    0,    0,    0,    0,    0,    0,    0,    0,    0,    0,    0, -999,  34.68,  34.68,  34.62,  34.61,  34.60,  34.61,  34.61,  34.61,  34.63,  34.65,  34.68,  34.68,  34.67,  34.66,  34.67,    nan,    nan,    nan,  34.64,  34.58,  34.60,  34.61,  34.53,  34.40,  34.36,  34.33,  34.43,  34.56,  34.57,  34.54,  34.54
20000519, 0600,  , TS, 22.1N, 126.4E,  35,    0,    0,    0,    0,    0,    0,    0,    0,    0,    0,    0,    0,    0, -999,  34.73,  34.71,  34.68,  34.65,  34.66,  34.70,  34.70,  34.72,  34.74,  34.75,  34.75,  34.73,  34.70,  34.70,  34.70,    nan,    nan,    nan,  34.69,  34.73,  34.74,  34.72,  34.67,  34.66,  34.61,  34.58,  34.56,  34.58,  34.57,  34.43,  34.37
20000519, 1200,  , TS, 23.3N, 128.2E,  40,    0,    0,    0,    0,    0,    0,    0,    0,    0,    0,    0,    0,    0, -999,  34.78,  34.79,  34.79,  34.79,  34.78,  34.78,  34.77,  34.77,  34.78,  34.78,  34.77,  34.77,  34.77,  34.78,  34.78,    nan,    nan,    nan,  34.82,  34.79,  34.75,  34.71,  34.70,  34.72,  34.73,  34.73,  34.72,  34.72,  34.72,  34.72,  34.72
20000519, 1800,  , TS, 24.2N, 129.8E,  35,    0,    0,    0,    0,    0,    0,    0,    0,    0,    0,    0,    0,    0, -999,  34.74,  34.74,  34.76,  34.75,  34.74,  34.73,  34.72,  34.74,  34.76,  34.77,  34.74,  34.76,  34.78,  34.81,  34.82,    nan,    nan,    nan,  34.73,  34.75,  34.71,  34.70,  34.69,  34.69,  34.70,  34.73,  34.72,  34.76,  34.75,  34.72,  34.71
20000520, 0000,  , TD, 25.7N, 132.4E,  30,    0,    0,    0,    0,    0,    0,    0,    0,    0,    0,    0,    0,    0, -999,  34.77,  34.78,  34.80,  34.80,  34.80,  34.78,  34.77,  34.78,  34.79,  34.79,  34.78,  34.77,  34.77,  34.77,    nan,    nan,    nan,  34.78,  34.78,  34.79,  34.77,  34.77,  34.80,  34.82,  34.83,  34.83,  34.82,  34.82,  34.81,  34.79,  34.79
20000520, 0600,  , TD, 27.2N, 135.6E,  25,    0,    0,    0,    0,    0,    0,    0,    0,    0,    0,    0,    0,    0, -999,  34.82,  34.82,  34.82,  34.81,  34.79,  34.77,  34.77,  34.77,  34.77,  34.76,  34.76,  34.76,  34.79,  34.78,    nan,    nan,    nan,  34.79,  34.79,  34.76,  34.76,  34.76,  34.78,  34.77,  34.76,  34.77,  34.78,  34.79,  34.80,  34.80,  34.80
