WP021998,            UNNAMED,     24,
19980707, 0000,  , LO, 18.3N, 117.0E,  15,    0,    0,    0,    0,    0,    0,    0,    0,    0,    0,    0,    0,    0, -999,  34.48,  34.48,  34.50,  34.57,  34.64,  34.61,  34.56,  34.52,  34.50,  34.48,  34.44,  34.45,  34.44,  34.45,  34.49,  34.50,  34.51,  34.51,  34.51,  34.45,  34.33,  34.26,  34.33,  34.47,  34.57,  34.61,  34.61,  34.56,  34.53,  34.55,  34.64
19980707, 0600,  , LO, 18.8N, 117.4E,  20,    0,    0,    0,    0,    0,    0,    0,    0,    0,    0,    0,    0,    0, -999,  34.32,  34.35,  34.42,  34.48,  34.50,  34.49,  34.44,  34.44,  34.45,  34.46,  34.44,  34.47,  34.50,  34.52,  34.53,  34.54,  34.55,  34.59,  34.61,  34.60,  34.60,  34.66,  34.66,  34.64,  34.54,  34.39,  34.35,  34.33,  34.41,  34.47,  34.67
19980707, 1200,  , LO, 19.5N, 117.8E,  20,    0,    0,    0,    0,    0,    0,    0,    0,    0,    0,    0,    0,    0, -999,  34.51,  34.55,  34.51,  34.45,  34.45,  34.49,  34.44,  34.38,  34.37,  34.37,  34.38,  34.40,  34.36,  34.36,  34.34,  34.32,  34.32,  34.38,  34.42,  34.47,  34.51,  34.59,  34.59,  34.57,  34.52,  34.50,  34.51,  34.53,  34.58,  34.60,  34.66
19980707, 1800,  , LO, 20.2N, 118.2E,  20,    0,    0,    0,    0,    0,    0,    0,    0,    0,    0,    0,    0,    0, -999,  34.41,  34.48,  34.51,  34.50,  34.48,  34.45,  34.39,  34.40,  34.44,  34.46,  34.46,  34.37,  34.33,  34.34,  34.36,  34.36,  34.33,  34.33,  34.40,  34.41,  34.41,  34.43,  34.38,  34.36,  34.38,  34.39,  34.44,  34.47,  34.47,  34.45,  34.44
19980708, 0000,  , LO, 21.0N, 118.5E,  25,    0,    0,    0,    0,    0,    0,    0,    0,    0,    0,    0,    0,    0, -999,  34.62,  34.61,  34.56,  34.53,  34.54,  34.54,  34.56,  34.57,  34.59,  34.64,  34.66,  34.66,  34.70,  34.71,  34.75,  34.89,  34.87,  34.62,  34.79,  34.85,  34.80,  34.70,  34.53,  34.60,  34.56,  34.63,  34.77,  34.72,  34.78,  34.74,  34.67
19980708, 0600,  , LO, 21.6N, 118.7E,  30,    0,    0,    0,    0,    0,    0,    0,    0,    0,    0,    0,    0,    0, -999,  34.54,  34.54,  34.50,  34.43,  34.41,  34.45,  34.47,  34.49,  34.41,  34.42,  34.44,  34.50,  34.62,  34.68,  34.73,  34.78,  34.83,  34.87,  34.77,  34.62,  34.86,  34.77,  34.62,  34.58,  34.50,  34.23,  34.51,  34.78,  34.99,  34.96,  34.84
19980708, 1200,  , LO, 22.0N, 119.0E,  30,    0,    0,    0,    0,    0,    0,    0,    0,    0,    0,    0,    0,    0, -999,  34.49,  34.49,  34.41,  34.44,  34.34,  34.30,  34.28,  34.37,  34.58,  34.63,  34.67,  34.67,  34.66,  34.63,  34.61,  34.60,  34.60,  34.62,  34.71,  34.80,  34.77,  34.53,  34.69,  34.81,  34.69,  34.58,  34.63,  34.58,  34.57,  34.74,  34.79
19980708, 1800,  , TS, 22.4N, 119.4E,  35,    0,    0,    0,    0,    0,    0,    0,    0,    0,    0,    0,    0,    0, -999,  34.77,  34.75,  34.72,  34.67,  34.65,  34.64,  34.66,  34.67,  34.66,  34.67,  34.70,  34.70,  34.70,  34.71,  34.71,  34.69,  34.68,  34.65,  34.63,  34.60,  34.59,  34.58,  34.57,  34.58,  34.51,  34.57,  34.58,  34.62,  34.64,  34.63,  34.63
19980709, 0000,  , TS, 22.6N, 119.7E,  35,    0,    0,    0,    0,    0,    0,    0,    0,    0,    0,    0,    0,    0, -999,  34.74,  34.75,  34.72,  34.51,  34.53,  34.45,  34.43,  34.49,  34.54,  34.70,  34.74,  34.74,  34.71,  34.73,  34.76,  34.78,  34.76,  34.72,  34.71,  34.70,  34.66,  34.63,  34.60,  34.58,  34.64,  34.62,  34.61,  34.62,  34.60,  34.60,  34.56
19980709, 0600,  , TS, 22.9N, 120.1E,  45,    0,    0,    0,    0,    0,    0,    0,    0,    0,    0,    0,    0,    0, -999,  34.70,  34.56,  34.46,  34.57,  34.44,  34.31,  34.33,  34.38,  34.41,  34.44,  34.48,  34.49,  34.48,  34.55,  34.58,  34.53,  34.70,  34.74,  34.71,  34.71,  34.69,  34.70,  34.70,  34.70,  34.73,  34.70,  34.73,  34.62,  34.62,  34.64,  34.62
19980709, 1200,  , TS, 23.0N, 120.1E,  50,    0,    0,    0,    0,    0,    0,    0,    0,    0,    0,    0,    0,    0, -999,    nan,    nan,    nan,    nan,    nan,    nan,    nan,    nan,    nan,    nan,    nan,    nan,    nan,    nan,    nan,    nan,    nan,    nan,    nan,    nan,    nan,    nan,    nan,    nan,    nan,    nan,    nan,    nan,    nan,    nan,    nan
19980709, 1800,  , TS, 23.1N, 119.9E,  45,    0,    0,    0,    0,    0,    0,    0,    0,    0,    0,    0,    0,    0, -999,  34.69,  34.58,  34.53,  34.49,  34.60,  34.53,  34.42,  34.41,  34.45,  34.48,  34.54,  34.57,  34.57,  34.60,  34.64,  34.65,  34.64,  34.73,  34.71,  34.64,  34.70,  34.70,  34.71,  34.70,  34.71,  34.70,  34.70,  34.67,  34.67,  34.64,  34.64
19980710, 0000,  , LO, 23.0N, 119.7E,  30,    0,    0,    0,    0,    0,    0,    0,    0,    0,    0,    0,    0,    0, -999,  34.64,  34.65,  34.66,  34.69,  34.70,  34.63,  34.61,  34.55,  34.54,  34.56,  34.58,  34.62,  34.66,  34.69,  34.67,  34.69,  34.69,  34.70,  34.69,  34.70,  34.71,  34.69,  34.71,  34.68,  34.66,  34.66,  34.67,  34.68,  34.69,  34.61,  34.59
19980710, 0600,  , LO, 22.9N, 119.4E,  25,    0,    0,    0,    0,    0,    0,    0,    0,    0,    0,    0,    0,    0, -999,    nan,    nan,    nan,    nan,    nan,    nan,    nan,    nan,    nan,    nan,    nan,    nan,    nan,    nan,    nan,    nan,    nan,    nan,    nan,    nan,    nan,    nan,    nan,    nan,    nan,    nan,    nan,    nan,    nan,    nan,    nan
19980710, 1200,  , LO, 22.8N, 119.1E,  25,    0,    0,    0,    0,    0,    0,    0,    0,    0,    0,    0,    0,    0, -999,    nan,    nan,    nan,    nan,    nan,    nan,    nan,    nan,    nan,    nan,    nan,    nan,    nan,    nan,    nan,    nan,    nan,    nan,    nan,    nan,    nan,    nan,    nan,    nan,    nan,    nan,    nan,    nan,    nan,    nan,    nan
19980710, 1800,  , LO, 22.9N, 118.8E,  25,    0,    0,    0,    0,    0,    0,    0,    0,    0,    0,    0,    0,    0, -999,    nan,    nan,    nan,    nan,    nan,    nan,    nan,    nan,    nan,    nan,    nan,    nan,    nan,    nan,    nan,    nan,    nan,    nan,    nan,    nan,    nan,    nan,    nan,    nan,    nan,    nan,    nan,    nan,    nan,    nan,    nan
19980711, 0000,  , LO, 23.1N, 118.6E,  25,    0,    0,    0,    0,    0,    0,    0,    0,    0,    0,    0,    0,    0, -999,    nan,    nan,    nan,    nan,    nan,    nan,    nan,    nan,    nan,    nan,    nan,    nan,    nan,    nan,    nan,    nan,    nan,    nan,    nan,    nan,    nan,    nan,    nan,    nan,    nan,    nan,    nan,    nan,    nan,    nan,    nan
19980711, 0600,  , LO, 23.2N, 118.5E,  25,    0,    0,    0,    0,    0,    0,    0,    0,    0,    0,    0,    0,    0, -999,    nan,    nan,    nan,    nan,    nan,    nan,    nan,    nan,    nan,    nan,    nan,    nan,    nan,    nan,    nan,    nan,    nan,    nan,    nan,    nan,    nan,    nan,    nan,    nan,    nan,    nan,    nan,    nan,    nan,    nan,    nan
19980711, 1200,  , LO, 23.3N, 118.3E,  25,    0,    0,    0,    0,    0,    0,    0,    0,    0,    0,    0,    0,    0, -999,    nan,    nan,    nan,    nan,    nan,    nan,    nan,    nan,    nan,    nan,    nan,    nan,    nan,    nan,    nan,    nan,    nan,    nan,    nan,    nan,    nan,    nan,    nan,    nan,    nan,    nan,    nan,    nan,    nan,    nan,    nan
19980711, 1800,  , LO, 23.4N, 118.2E,  25,    0,    0,    0,    0,    0,    0,    0,    0,    0,    0,    0,    0,    0, -999,    nan,    nan,    nan,    nan,    nan,    nan,    nan,    nan,    nan,    nan,    nan,    nan,    nan,    nan,    nan,    nan,    nan,    nan,    nan,    nan,    nan,    nan,    nan,    nan,    nan,    nan,    nan,    nan,    nan,    nan,    nan
19980712, 0000,  , LO, 23.5N, 118.1E,  25,    0,    0,    0,    0,    0,    0,    0,    0,    0,    0,    0,    0,    0, -999,    nan,    nan,    nan,    nan,    nan,    nan,    nan,    nan,    nan,    nan,    nan,    nan,    nan,    nan,    nan,    nan,    nan,    nan,    nan,    nan,    nan,    nan,    nan,    nan,    nan,    nan,    nan,    nan,    nan,    nan,    nan
19980712, 0600,  , LO, 23.6N, 118.0E,  25,    0,    0,    0,    0,    0,    0,    0,    0,    0,    0,    0,    0,    0, -999,    nan,    nan,    nan,    nan,    nan,    nan,    nan,    nan,    nan,    nan,    nan,    nan,    nan,    nan,    nan,    nan,    nan,    nan,    nan,    nan,    nan,    nan,    nan,    nan,    nan,    nan,    nan,    nan,    nan,    nan,    nan
19980712, 1200,  , LO, 24.2N, 118.1E,  25,    0,    0,    0,    0,    0,    0,    0,    0,    0,    0,    0,    0,    0, -999,    nan,    nan,    nan,    nan,    nan,    nan,    nan,    nan,    nan,    nan,    nan,    nan,    nan,    nan,    nan,    nan,    nan,    nan,    nan,    nan,    nan,    nan,    nan,    nan,    nan,    nan,    nan,    nan,    nan,    nan,    nan
19980712, 1800,  , LO, 25.1N, 118.1E,  20,    0,    0,    0,    0,    0,    0,    0,    0,    0,    0,    0,    0,    0, -999,    nan,    nan,    nan,    nan,    nan,    nan,    nan,    nan,    nan,    nan,    nan,    nan,    nan,    nan,    nan,    nan,    nan,    nan,    nan,    nan,    nan,    nan,    nan,    nan,    nan,    nan,    nan,    nan,    nan,    nan,    nan
