WP031995,            UNNAMED,     52,
19950528, 0000,  , LO,  7.3N, 149.8E,  15,    0,    0,    0,    0,    0,    0,    0,    0,    0,    0,    0,    0,    0, -999,  34.98,  35.05,  35.08,  35.16,  35.16,  35.16,  35.17,  35.14,  35.16,  35.13,  35.06,  35.08,  35.06,  35.03,  34.93,  34.97,  34.99,  34.96,  34.81,  34.77,  34.79,  34.77,  34.77,  34.76,  34.77,  34.79,  34.81,  34.81,  34.81,  34.82,  34.80
19950528, 0600,  , LO,  8.2N, 148.8E,  20,    0,    0,    0,    0,    0,    0,    0,    0,    0,    0,    0,    0,    0, -999,    nan,    nan,    nan,    nan,    nan,    nan,    nan,    nan,    nan,    nan,    nan,    nan,    nan,    nan,    nan,    nan,    nan,    nan,    nan,    nan,    nan,    nan,    nan,    nan,    nan,    nan,    nan,    nan,    nan,    nan,    nan
19950528, 1200,  , LO,  8.8N, 147.8E,  20,    0,    0,    0,    0,    0,    0,    0,    0,    0,    0,    0,    0,    0, -999,  34.70,  34.63,  34.68,  34.58,  34.61,  34.60,  34.62,  34.61,  34.65,  34.69,  34.73,  34.74,  34.78,  34.82,  34.93,  34.94,  35.00,  34.96,  34.92,  34.90,  34.89,  34.87,  34.84,  34.80,  34.77,  34.77,  34.82,  34.82,  34.83,  34.83,  34.84
19950528, 1800,  , LO,  9.1N, 146.6E,  20,    0,    0,    0,    0,    0,    0,    0,    0,    0,    0,    0,    0,    0, -999,  34.69,  34.66,  34.51,  34.49,  34.49,  34.51,  34.49,  34.48,  34.47,  34.47,  34.53,  34.57,  34.61,  34.62,  34.68,  34.71,  34.75,  34.83,  34.87,  34.78,  34.80,  34.80,  34.74,  34.73,  34.77,  34.76,  34.76,  34.80,  34.82,  34.84,  34.89
19950529, 0000,  , LO,  9.5N, 145.4E,  20,    0,    0,    0,    0,    0,    0,    0,    0,    0,    0,    0,    0,    0, -999,  34.98,  34.98,  34.95,  34.95,  34.96,  34.99,  35.03,  35.04,  35.02,  35.03,  35.02,  34.94,  34.69,  34.86,  34.51,  34.88,  34.89,  34.89,  34.89,  34.89,  34.90,  34.90,  34.90,  34.91,  34.92,  34.92,  34.92,  34.92,  34.91,  34.88,  34.87
19950529, 0600,  , LO,  9.7N, 144.3E,  20,    0,    0,    0,    0,    0,    0,    0,    0,    0,    0,    0,    0,    0, -999,  34.93,  34.96,  34.98,  34.87,  34.82,  34.88,  34.90,  34.86,  34.87,  34.95,  35.00,  35.05,  35.08,  35.01,  35.05,  35.05,  35.04,  34.99,  35.01,  34.98,  34.94,  34.81,  34.62,  34.73,  34.86,  34.84,  34.88,  34.92,  35.08,  35.06,  34.93
19950529, 1200,  , LO,  9.8N, 142.8E,  20,    0,    0,    0,    0,    0,    0,    0,    0,    0,    0,    0,    0,    0, -999,  35.27,  35.23,  35.21,  35.16,  35.10,  34.95,  34.93,  34.94,  34.92,  34.86,  34.90,  34.97,  35.00,  35.02,  34.95,  34.94,  35.00,  35.10,  35.08,  35.04,  35.01,  35.00,  34.99,  34.99,  34.95,  34.97,  34.99,  34.98,  34.94,  34.89,  34.84
19950529, 1800,  , LO,  9.7N, 141.4E,  20,    0,    0,    0,    0,    0,    0,    0,    0,    0,    0,    0,    0,    0, -999,  34.87,  34.91,  34.89,  34.87,  34.88,  34.87,  34.89,  34.93,  34.97,  35.02,  35.11,  35.14,  35.15,  35.06,  35.10,  35.10,  35.09,  35.06,  34.93,  34.82,  34.87,  34.91,  34.96,  34.96,  34.93,  34.92,  34.94,  34.94,  34.94,  34.92,  34.92
19950530, 0000,  , LO,  9.5N, 139.7E,  20,    0,    0,    0,    0,    0,    0,    0,    0,    0,    0,    0,    0,    0, -999,  34.58,  34.66,  34.75,  34.91,  34.86,  34.88,  34.84,  34.85,  34.88,  35.00,  35.02,  34.98,  34.93,  34.81,  34.71,  34.74,  34.78,  34.82,  34.89,  35.02,  35.09,  35.10,  35.07,  35.11,  35.07,  35.01,  34.96,  34.91,  34.77,  34.72,  34.73
19950530, 0600,  , LO,  9.3N, 138.4E,  20,    0,    0,    0,    0,    0,    0,    0,    0,    0,    0,    0,    0,    0, -999,  34.74,  34.98,  34.95,  34.90,  34.92,  34.93,  34.96,  35.05,  34.98,  34.93,  34.92,  35.00,  35.03,  34.96,  34.85,  34.76,  34.64,  34.72,  34.81,  34.99,  34.93,  34.94,  34.98,  34.96,  34.97,  34.91,  35.00,  35.17,  35.21,  35.07,  35.06
19950530, 1200,  , LO,  9.0N, 137.1E,  20,    0,    0,    0,    0,    0,    0,    0,    0,    0,    0,    0,    0,    0, -999,  34.66,  34.81,  34.73,  34.84,  34.84,  34.95,  35.07,  35.13,  35.04,  34.76,  34.76,  34.85,  34.92,  34.82,  35.02,  34.81,  34.68,  34.76,  35.10,  35.07,  35.02,  35.00,  35.02,  34.95,  34.98,  34.98,  35.00,  35.02,  35.03,  35.03,  35.00
19950530, 1800,  , LO,  8.8N, 135.8E,  20,    0,    0,    0,    0,    0,    0,    0,    0,    0,    0,    0,    0,    0, -999,  34.66,  34.63,  34.69,  34.77,  34.82,  34.85,  34.67,  34.75,  34.57,  34.67,  34.58,  34.44,  34.52,  34.61,  34.77,  34.44,  34.34,  34.39,  34.48,  34.56,  34.72,  34.76,  34.74,  34.79,  34.77,  34.80,  35.02,  35.21,  35.20,  35.15,  34.84
19950531, 0000,  , LO,  8.6N, 134.3E,  20,    0,    0,    0,    0,    0,    0,    0,    0,    0,    0,    0,    0,    0, -999,  34.71,  34.73,  34.74,  34.72,  34.81,  34.88,  34.80,  34.69,  34.66,  34.55,  34.50,  34.46,  34.56,  34.68,  34.73,  34.72,  34.64,  34.64,  34.67,  34.44,  34.40,  34.72,  34.69,  34.67,  34.70,  34.80,  34.72,  34.68,  34.70,  34.72,  34.74
19950531, 0600,  , LO,  8.8N, 132.9E,  20,    0,    0,    0,    0,    0,    0,    0,    0,    0,    0,    0,    0,    0, -999,  34.77,  34.75,  34.68,  34.68,  34.69,  34.71,  34.67,  34.67,  34.71,  34.67,  34.64,  34.65,  34.70,  34.75,  34.80,  34.82,  34.91,  34.95,  35.01,  35.19,  35.28,  35.26,  35.27,  35.21,  35.12,  34.98,  34.67,  34.46,  34.32,  34.35,  34.31
19950531, 1200,  , LO,  9.1N, 131.2E,  20,    0,    0,    0,    0,    0,    0,    0,    0,    0,    0,    0,    0,    0, -999,  34.75,  34.73,  34.70,  34.66,  34.68,  34.66,  34.53,  34.50,  34.52,  34.53,  34.53,  34.52,  34.49,  34.54,  34.58,  34.56,  34.62,  34.69,  34.72,  34.73,  34.73,  34.77,  34.82,  34.85,  34.84,  34.87,  34.88,  34.79,  34.76,  34.72,  34.70
19950531, 1800,  , LO,  9.3N, 130.0E,  20,    0,    0,    0,    0,    0,    0,    0,    0,    0,    0,    0,    0,    0, -999,  34.53,  34.60,  34.62,  34.56,  34.66,  34.69,  34.50,  34.44,  34.61,  34.59,  34.58,  34.58,  34.60,  34.56,  34.54,  34.53,  34.56,  34.58,  34.70,  34.83,  34.85,  34.89,  34.89,  34.88,  34.84,  34.84,  34.81,  34.69,  34.60,  34.53,  34.51
19950601, 0000,  , LO,  9.8N, 128.8E,  25,    0,    0,    0,    0,    0,    0,    0,    0,    0,    0,    0,    0,    0, -999,  34.67,  34.70,  34.69,  34.64,  34.58,  34.46,  34.61,  34.55,  34.62,  34.51,  34.56,  34.66,  34.81,  34.85,  34.81,  34.81,  34.82,  34.84,  34.83,  34.75,  34.69,  34.69,  34.67,  34.60,  34.62,  34.60,  34.61,  34.65,  34.62,  34.62,  34.63
19950601, 0600,  , LO, 10.2N, 127.7E,  25,    0,    0,    0,    0,    0,    0,    0,    0,    0,    0,    0,    0,    0, -999,  34.39,  34.54,  34.74,  34.95,  34.99,  34.95,  34.69,  34.72,  34.93,  34.85,  34.67,  34.59,  34.56,  34.47,  34.84,  34.76,  34.50,  34.47,  34.54,  34.58,  34.60,  34.59,  34.55,  34.53,  34.52,  34.55,  34.59,  34.51,  34.43,  34.44,  34.41
19950601, 1200,  , LO, 10.7N, 126.8E,  25,    0,    0,    0,    0,    0,    0,    0,    0,    0,    0,    0,    0,    0, -999,  34.61,  34.57,  34.56,  34.58,  34.71,  34.70,  34.66,  34.64,  34.65,  34.57,  34.57,  34.57,  34.56,  34.60,  34.61,  34.71,  34.70,  34.66,  34.65,  34.55,  34.53,  34.55,  34.53,  34.57,  34.47,  34.51,  34.53,  34.53,  34.53,  34.52,  34.57
19950601, 1800,  , LO, 11.5N, 125.3E,  25,    0,    0,    0,    0,    0,    0,    0,    0,    0,    0,    0,    0,    0, -999,    nan,    nan,    nan,    nan,    nan,    nan,    nan,    nan,    nan,    nan,    nan,    nan,    nan,    nan,    nan,    nan,    nan,    nan,    nan,    nan,    nan,    nan,    nan,    nan,    nan,    nan,    nan,    nan,    nan,    nan,    nan
19950602, 0000,  , LO, 12.2N, 123.9E,  30,    0,    0,    0,    0,    0,    0,    0,    0,    0,    0,    0,    0,    0, -999,  34.63,  34.62,  34.62,  34.63,  34.63,  34.63,  34.63,  34.62,  34.62,  34.61,  34.61,  34.60,  34.60,  34.60,  34.57,  34.56,  34.51,  34.52,  34.52,  34.53,  34.52,  34.52,  34.51,  34.51,  34.51,  34.51,  34.52,  34.52,  34.53,  34.52,  34.52
19950602, 0600,  , LO, 12.7N, 122.8E,  30,    0,    0,    0,    0,    0,    0,    0,    0,    0,    0,    0,    0,    0, -999,  34.60,  34.62,  34.64,  34.65,  34.67,  34.69,  34.69,  34.69,  34.69,  34.69,  34.69,  34.63,  34.62,  34.60,  34.60,  34.61,  34.62,  34.60,  34.61,  34.61,  34.62,  34.61,  34.59,  34.58,  34.59,  34.59,  34.69,  34.70,  34.75,  34.75,  34.74
19950602, 1200,  , TS, 13.1N, 121.8E,  35,    0,    0,    0,    0,    0,    0,    0,    0,    0,    0,    0,    0,    0, -999,  34.50,  34.51,  34.49,  34.44,  34.47,  34.50,  34.51,  34.52,  34.52,  34.52,  34.51,  34.48,  34.50,  34.51,  34.51,  34.51,  34.50,  34.53,  34.52,  34.51,  34.51,  34.51,  34.52,  34.52,  34.52,  34.52,  34.55,  34.56,  34.57,  34.56,  34.55
19950602, 1800,  , TS, 13.4N, 120.7E,  40,    0,    0,    0,    0,    0,    0,    0,    0,    0,    0,    0,    0,    0, -999,    nan,    nan,    nan,    nan,    nan,    nan,    nan,    nan,    nan,    nan,    nan,    nan,    nan,    nan,    nan,    nan,    nan,    nan,    nan,    nan,    nan,    nan,    nan,    nan,    nan,    nan,    nan,    nan,    nan,    nan,    nan
19950603, 0000,  , TS, 13.7N, 119.8E,  45,    0,    0,    0,    0,    0,    0,    0,    0,    0,    0,    0,    0,    0, -999,  34.52,  34.45,  34.44,  34.34,  34.35,  34.38,  34.41,  34.43,  34.46,  34.53,  34.54,  34.55,  34.56,  34.56,  34.56,  34.57,  34.59,  34.59,  34.60,  34.62,  34.60,  34.51,  34.46,  34.46,  34.46,  34.44,  34.41,  34.45,  34.52,  34.52,  34.50
19950603, 0600,  , TS, 13.9N, 119.1E,  50,    0,    0,    0,    0,    0,    0,    0,    0,    0,    0,    0,    0,    0, -999,  34.48,  34.50,  34.51,  34.51,  34.53,  34.55,  34.57,  34.56,  34.53,  34.49,  34.47,  34.38,  34.32,  34.28,  34.30,  34.32,  34.35,  34.34,  34.37,  34.47,  34.51,  34.52,  34.52,  34.49,  34.49,  34.52,  34.53,  34.51,  34.49,  34.46,  34.43
19950603, 1200,  , TS, 14.2N, 118.5E,  50,    0,    0,    0,    0,    0,    0,    0,    0,    0,    0,    0,    0,    0, -999,  34.51,  34.48,  34.41,  34.28,  34.32,  34.44,  34.48,  34.44,  34.40,  34.36,  34.35,  34.33,  34.34,  34.34,  34.33,  34.34,  34.39,  34.39,  34.46,  34.52,  34.55,  34.56,  34.58,  34.52,  34.51,  34.50,  34.53,  34.51,  34.47,  34.52,  34.54
19950603, 1800,  , TS, 14.9N, 118.0E,  50,    0,    0,    0,    0,    0,    0,    0,    0,    0,    0,    0,    0,    0, -999,  34.55,  34.56,  34.48,  34.48,  34.40,  34.42,  34.44,  34.46,  34.51,  34.54,  34.48,  34.46,  34.51,  34.46,  34.36,  34.37,  34.38,  34.39,  34.42,  34.43,  34.38,  34.31,  34.08,  33.89,  33.97,  34.04,  34.17,  34.27,  34.40,  34.56,  34.50
19950604, 0000,  , TS, 16.0N, 118.1E,  45,    0,    0,    0,    0,    0,    0,    0,    0,    0,    0,    0,    0,    0, -999,  34.63,  34.62,  34.59,  34.53,  34.49,  34.39,  34.34,  34.32,  34.31,  34.28,  34.33,  34.34,  34.34,  34.33,  34.34,  34.34,  34.35,  34.36,  34.35,  34.36,  34.36,  34.35,  34.37,  34.40,  34.42,  34.45,  34.44,  34.43,  34.42,  34.32,  34.23
19950604, 0600,  , TS, 17.4N, 118.8E,  45,    0,    0,    0,    0,    0,    0,    0,    0,    0,    0,    0,    0,    0, -999,  34.58,  34.60,  34.59,  34.57,  34.55,  34.54,  34.56,  34.58,  34.60,  34.62,  34.64,  34.64,  34.65,  34.65,  34.61,  34.60,  34.59,  34.59,  34.59,  34.57,  34.54,  34.55,  34.54,  34.56,  34.60,  34.61,  34.61,  34.61,  34.58,  34.58,  34.55
19950604, 1200,  , TS, 18.7N, 119.5E,  45,    0,    0,    0,    0,    0,    0,    0,    0,    0,    0,    0,    0,    0, -999,  34.70,  34.61,  34.58,  34.53,  34.56,  34.59,  34.69,  34.70,  34.62,  34.65,  34.66,  34.67,  34.69,  34.67,  34.64,  34.61,  34.69,  34.74,  34.75,  34.66,  34.63,  34.54,  34.46,  34.65,  34.76,  34.68,  34.57,  34.51,  34.78,  34.93,  34.62
19950604, 1800,  , TS, 19.4N, 119.9E,  45,    0,    0,    0,    0,    0,    0,    0,    0,    0,    0,    0,    0,    0, -999,  34.61,  34.44,  34.44,  34.44,  34.43,  34.47,  34.58,  34.61,  34.61,  34.64,  34.69,  34.69,  34.66,  34.70,  34.76,  34.75,  34.67,  34.58,  34.50,  34.45,  34.50,  34.50,  34.53,  34.52,  34.47,  34.50,  34.52,  34.52,  34.54,  34.59,  34.58
19950605, 0000,  , TS, 19.2N, 120.1E,  45,    0,    0,    0,    0,    0,    0,    0,    0,    0,    0,    0,    0,    0, -999,  34.58,  34.54,  34.53,  34.56,  34.59,  34.58,  34.55,  34.55,  34.55,  34.60,  34.61,  34.62,  34.61,  34.59,  34.61,  34.66,  34.66,  34.66,  34.60,  34.50,  34.45,  34.46,  34.48,  34.50,  34.50,  34.50,  34.48,  34.55,  34.67,  34.66,  34.67
19950605, 0600,  , TS, 19.1N, 119.6E,  45,    0,    0,    0,    0,    0,    0,    0,    0,    0,    0,    0,    0,    0, -999,  34.54,  34.53,  34.52,  34.53,  34.51,  34.52,  34.58,  34.61,  34.61,  34.57,  34.53,  34.52,  34.53,  34.54,  34.55,  34.54,  34.58,  34.60,  34.54,  34.57,  34.58,  34.57,  34.55,  34.54,  34.55,  34.46,  34.48,  34.90,  34.68,  34.65,  34.55
19950605, 1200,  , TS, 18.9N, 119.3E,  40,    0,    0,    0,    0,    0,    0,    0,    0,    0,    0,    0,    0,    0, -999,  34.51,  34.51,  34.51,  34.53,  34.52,  34.52,  34.54,  34.55,  34.53,  34.48,  34.46,  34.49,  34.50,  34.51,  34.51,  34.58,  34.64,  34.69,  34.70,  34.72,  34.70,  34.61,  34.47,  34.59,  34.75,  34.68,  34.48,  34.55,  34.72,  34.66,  34.63
19950605, 1800,  , TS, 18.7N, 119.1E,  40,    0,    0,    0,    0,    0,    0,    0,    0,    0,    0,    0,    0,    0, -999,  34.52,  34.53,  34.53,  34.54,  34.54,  34.56,  34.56,  34.57,  34.55,  34.53,  34.50,  34.51,  34.51,  34.51,  34.50,  34.51,  34.54,  34.59,  34.66,  34.70,  34.69,  34.63,  34.48,  34.51,  34.54,  34.55,  34.53,  34.45,  34.50,  34.84,  34.80
19950606, 0000,  , TS, 18.5N, 118.9E,  40,    0,    0,    0,    0,    0,    0,    0,    0,    0,    0,    0,    0,    0, -999,  34.59,  34.64,  34.64,  34.66,  34.62,  34.49,  34.41,  34.42,  34.45,  34.47,  34.51,  34.53,  34.52,  34.45,  34.46,  34.51,  34.50,  34.49,  34.49,  34.51,  34.53,  34.55,  34.58,  34.61,  34.63,  34.63,  34.56,  34.51,  34.49,  34.46,  34.49
19950606, 0600,  , TS, 18.4N, 118.5E,  40,    0,    0,    0,    0,    0,    0,    0,    0,    0,    0,    0,    0,    0, -999,  34.50,  34.47,  34.45,  34.51,  34.65,  34.56,  34.46,  34.48,  34.52,  34.55,  34.63,  34.66,  34.65,  34.63,  34.60,  34.56,  34.52,  34.50,  34.52,  34.54,  34.53,  34.44,  34.52,  34.58,  34.58,  34.56,  34.55,  34.54,  34.52,  34.49,  34.39
19950606, 1200,  , TS, 18.3N, 118.0E,  40,    0,    0,    0,    0,    0,    0,    0,    0,    0,    0,    0,    0,    0, -999,  34.54,  34.52,  34.59,  34.48,  34.45,  34.49,  34.57,  34.60,  34.64,  34.68,  34.74,  34.78,  34.74,  34.59,  34.54,  34.41,  34.38,  34.44,  34.45,  34.29,  34.31,  34.46,  34.40,  34.40,  34.30,  34.20,  34.06,  34.06,  34.16,  34.21,  34.27
19950606, 1800,  , TS, 18.6N, 117.6E,  40,    0,    0,    0,    0,    0,    0,    0,    0,    0,    0,    0,    0,    0, -999,  34.46,  34.44,  34.46,  34.53,  34.59,  34.55,  34.52,  34.53,  34.65,  34.68,  34.69,  34.67,  34.56,  34.51,  34.52,  34.46,  34.31,  34.41,  34.36,  34.33,  34.36,  34.40,  34.36,  34.38,  34.34,  34.34,  34.40,  34.46,  34.49,  34.50,  34.51
19950607, 0000,  , TS, 19.1N, 117.6E,  40,    0,    0,    0,    0,    0,    0,    0,    0,    0,    0,    0,    0,    0, -999,  34.45,  34.45,  34.46,  34.45,  34.44,  34.46,  34.49,  34.51,  34.53,  34.55,  34.61,  34.65,  34.66,  34.61,  34.60,  34.58,  34.55,  34.46,  34.41,  34.38,  34.39,  34.54,  34.51,  34.45,  34.42,  34.42,  34.41,  34.39,  34.39,  34.40,  34.38
19950607, 0600,  , TS, 19.7N, 117.8E,  40,    0,    0,    0,    0,    0,    0,    0,    0,    0,    0,    0,    0,    0, -999,  34.52,  34.52,  34.52,  34.52,  34.51,  34.50,  34.50,  34.50,  34.50,  34.50,  34.48,  34.46,  34.47,  34.50,  34.51,  34.51,  34.52,  34.52,  34.53,  34.54,  34.54,  34.57,  34.56,  34.57,  34.57,  34.57,  34.59,  34.58,  34.58,  34.59,  34.56
19950607, 1200,  , TS, 20.3N, 118.0E,  40,    0,    0,    0,    0,    0,    0,    0,    0,    0,    0,    0,    0,    0, -999,  34.53,  34.59,  34.58,  34.53,  34.53,  34.55,  34.59,  34.60,  34.60,  34.58,  34.53,  34.50,  34.48,  34.48,  34.48,  34.53,  34.49,  34.50,  34.51,  34.51,  34.51,  34.52,  34.51,  34.53,  34.58,  34.59,  34.62,  34.63,  34.63,  34.63,  34.62
19950607, 1800,  , TS, 21.0N, 118.3E,  35,    0,    0,    0,    0,    0,    0,    0,    0,    0,    0,    0,    0,    0, -999,  34.59,  34.65,  34.74,  34.73,  34.62,  34.47,  34.45,  34.45,  34.73,  34.66,  34.65,  34.66,  34.61,  34.61,  34.62,  34.53,  34.49,  34.50,  34.48,  34.49,  34.48,  34.46,  34.43,  34.40,  34.40,  34.43,  34.49,  34.52,  34.54,  34.55,  34.51
19950608, 0000,  , TS, 21.8N, 118.8E,  35,    0,    0,    0,    0,    0,    0,    0,    0,    0,    0,    0,    0,    0, -999,  34.73,  34.81,  34.70,  34.74,  34.76,  35.00,  35.10,  35.14,  35.10,  34.98,  34.75,  34.66,  34.56,  34.52,  34.54,  34.55,  34.56,  34.51,  34.46,  34.40,  34.36,  34.39,  34.38,  34.38,  34.38,  34.42,  34.45,  34.52,  34.59,  34.62,  34.60
19950608, 0600,  , TS, 22.7N, 119.2E,  35,    0,    0,    0,    0,    0,    0,    0,    0,    0,    0,    0,    0,    0, -999,    nan,    nan,    nan,    nan,    nan,    nan,    nan,    nan,    nan,    nan,    nan,    nan,    nan,    nan,    nan,    nan,    nan,    nan,    nan,    nan,    nan,    nan,    nan,    nan,    nan,    nan,    nan,    nan,    nan,    nan,    nan
19950608, 1200,  , TS, 23.7N, 120.6E,  35,    0,    0,    0,    0,    0,    0,    0,    0,    0,    0,    0,    0,    0, -999,    nan,    nan,    nan,    nan,    nan,    nan,    nan,    nan,    nan,    nan,    nan,    nan,    nan,    nan,    nan,    nan,    nan,    nan,    nan,    nan,    nan,    nan,    nan,    nan,    nan,    nan,    nan,    nan,    nan,    nan,    nan
19950608, 1800,  , TS, 24.7N, 122.0E,  35,    0,    0,    0,    0,    0,    0,    0,    0,    0,    0,    0,    0,    0, -999,  34.73,  34.71,  34.76,  34.79,  34.79,  34.74,  34.74,  34.78,  34.78,  34.76,  34.74,  34.87,  34.86,  34.81,  34.78,  34.78,  34.77,  34.76,  34.70,  34.72,  34.65,  34.63,  34.64,  34.66,  34.69,  34.70,  34.71,  34.78,  34.80,  34.78,  34.82
19950609, 0000,  , TS, 26.2N, 124.4E,  35,    0,    0,    0,    0,    0,    0,    0,    0,    0,    0,    0,    0,    0, -999,  34.76,  34.70,  34.68,  34.70,  34.58,  34.60,  34.61,  34.80,  34.82,  34.82,  34.79,  34.76,  34.64,  34.67,  34.70,  34.72,  34.71,  34.71,  34.72,  34.78,  34.77,  34.72,  34.59,  34.58,  34.52,  34.64,  34.76,  34.97,  34.98,  34.89,  34.94
19950609, 0600,  , TS, 28.0N, 127.7E,  35,    0,    0,    0,    0,    0,    0,    0,    0,    0,    0,    0,    0,    0, -999,  34.85,  34.87,  34.86,  34.86,  34.83,  34.84,  34.89,  34.91,  34.84,  34.83,  34.84,  34.79,  34.71,  34.67,  34.56,  34.62,  34.71,  34.67,  34.66,  34.63,  34.40,  34.64,  34.63,  34.64,  34.56,  34.69,  34.75,  34.78,  34.76,  34.76,  34.71
19950609, 1200,  , TS, 29.2N, 130.9E,  35,    0,    0,    0,    0,    0,    0,    0,    0,    0,    0,    0,    0,    0, -999,  34.77,  34.72,  34.74,  34.77,  34.80,  34.81,  34.83,  34.85,  34.82,  34.81,  34.80,  34.80,  34.84,  34.79,  34.73,  34.77,  34.83,  34.84,  34.89,  34.89,  34.87,  34.85,  34.76,  34.68,  34.67,  34.70,  34.64,  34.71,  34.69,  34.59,  34.56
19950609, 1800,  , TS, 30.3N, 135.5E,  35,    0,    0,    0,    0,    0,    0,    0,    0,    0,    0,    0,    0,    0, -999,  34.82,  34.77,  34.78,  34.79,  34.76,  34.74,  34.79,  34.80,  34.75,  34.67,  34.70,  34.69,  34.68,  34.69,  34.67,  34.53,  34.46,  34.62,  34.64,  34.68,  34.61,  34.58,  34.67,  34.70,  34.74,  34.76,  34.70,  34.74,  34.73,  34.66,  34.61
