WP032009,              LINFA,     38,
20090613, 0600,  , DB,  9.7N, 130.8E,  20, 1007,    0,    0,    0,    0,    0,    0,    0,    0,    0,    0,    0,    0, -999,  34.14,  34.19,  34.10,  34.13,  34.11,  34.20,  34.25,  34.19,  34.09,  34.10,  34.16,  34.29,  34.40,  34.48,  34.29,  34.06,  34.29,  34.27,  34.15,  33.80,  33.73,  33.98,  34.03,  34.12,  34.13,  34.12,  34.22,  34.27,  34.20,  34.13,  34.07
20090613, 1200,  , DB, 10.2N, 129.9E,  20, 1007,    0,    0,    0,    0,    0,    0,    0,    0,    0,    0,    0,    0, -999,  34.32,  34.28,  34.18,  34.20,  34.20,  34.25,  34.38,  34.30,  34.32,  34.32,  34.30,  34.41,  34.47,  34.54,  34.46,  34.40,  34.43,  34.47,  34.31,  34.28,  34.37,  34.39,  34.48,  34.47,  34.48,  34.39,  34.24,  34.22,  34.19,  34.33,  34.26
20090613, 1800,  , DB, 11.0N, 129.0E,  20, 1007,    0,    0,    0,    0,    0,    0,    0,    0,    0,    0,    0,    0, -999,  34.44,  34.56,  34.48,  34.48,  34.50,  34.82,  34.77,  34.70,  34.61,  34.43,  34.38,  34.42,  34.48,  34.54,  34.57,  34.56,  34.63,  34.72,  34.53,  34.43,  34.45,  34.41,  34.39,  34.41,  34.42,  34.26,  34.58,  34.14,  34.29,  34.31,  34.38
20090614, 0000,  , DB, 11.9N, 128.1E,  20, 1007,    0,    0,    0,    0,    0,    0,    0,    0,    0,    0,    0,    0, -999,  34.53,  34.40,  34.30,  34.37,  34.41,  34.44,  34.43,  34.36,  34.34,  34.40,  34.47,  34.49,  34.48,  34.51,  34.48,  34.41,  34.35,  34.33,  34.28,  34.26,  34.32,  34.36,  34.35,  34.37,  34.20,  34.18,  34.19,  34.28,  34.31,  34.28,  34.30
20090614, 0600,  , DB, 13.0N, 127.3E,  20, 1006,    0,    0,    0,    0,    0,    0,    0,    0,    0,    0,    0,    0, -999,  34.23,  34.22,  34.23,  34.19,  34.20,  34.22,  34.15,  34.39,  34.11,  34.59,  34.55,  34.54,  34.33,  34.16,  34.16,  34.18,  34.20,  34.20,  34.18,  34.14,  34.10,  34.09,  34.11,  34.13,  34.14,  34.12,  34.18,  34.22,  34.24,  34.25,  34.32
20090614, 1200,  , DB, 13.9N, 126.1E,  20, 1006,    0,    0,    0,    0,    0,    0,    0,    0,    0,    0,    0,    0, -999,  34.25,  34.27,  34.22,  34.21,  34.20,  34.21,  34.23,  34.23,  34.24,  34.22,  34.22,  34.23,  34.23,  34.21,  34.17,  34.14,  34.17,  34.17,  34.16,  34.15,  34.17,  34.17,  34.13,  34.15,  34.18,  34.18,  34.19,  34.18,  34.20,  34.18,  34.19
20090614, 1800,  , DB, 14.5N, 124.8E,  20, 1007,    0,    0,    0,    0,    0,    0,    0,    0,    0,    0,    0,    0, -999,  34.33,  34.29,  34.35,  34.29,  34.34,  34.40,  34.36,  34.35,  34.33,  34.34,  34.43,  34.41,  34.49,  34.46,  34.58,  34.55,  34.47,  34.50,  34.48,  34.46,  34.42,  34.29,  34.20,  34.18,  34.30,  34.32,  34.27,  34.26,  34.24,  34.19,  34.23
20090615, 0000,  , DB, 15.1N, 123.7E,  15, 1010,    0,    0,    0,    0,    0,    0,    0,    0,    0,    0,    0,    0, -999,  34.23,  34.21,  34.32,  34.39,  34.44,  34.37,  34.54,  34.36,  34.40,  34.38,  34.42,  34.47,  34.50,  34.45,  34.55,  34.69,  34.60,  34.56,  34.51,  34.49,  34.49,  34.44,  34.44,  34.44,  34.45,  34.43,  34.44,  34.61,  34.40,  34.43,  34.41
20090615, 0600,  , DB, 15.5N, 122.8E,  15, 1010,    0,    0,    0,    0,    0,    0,    0,    0,    0,    0,    0,    0, -999,  34.34,  34.32,  34.30,  34.30,  34.29,  34.32,  34.31,  34.32,  34.34,  34.35,  34.33,  34.32,  34.35,  34.38,  34.41,  34.36,  34.34,  34.35,  34.36,  34.36,  34.35,  34.37,  34.40,  34.45,  34.48,  34.50,  34.53,  34.55,  34.53,  34.51,  34.50
20090615, 1200,  , DB, 16.1N, 122.4E,  15, 1010,    0,    0,    0,    0,    0,    0,    0,    0,    0,    0,    0,    0, -999,  34.33,  34.35,  34.41,  34.40,  34.39,  34.38,  34.34,  34.35,  34.42,  34.44,  34.41,  34.38,  34.38,  34.34,  34.47,  34.42,  34.34,  34.36,  34.35,  34.34,  34.38,  34.52,  34.51,  34.60,  34.52,  34.48,  34.47,  34.44,  34.38,  34.41,  34.45
20090615, 1800,  , DB, 16.6N, 121.9E,  15, 1010,    0,    0,    0,    0,    0,    0,    0,    0,    0,    0,    0,    0, -999,    nan,    nan,    nan,    nan,    nan,    nan,    nan,    nan,    nan,    nan,    nan,    nan,    nan,    nan,    nan,    nan,    nan,    nan,    nan,    nan,    nan,    nan,    nan,    nan,    nan,    nan,    nan,    nan,    nan,    nan,    nan
20090616, 0000,  , DB, 17.5N, 121.4E,  15, 1010,    0,    0,    0,    0,    0,    0,    0,    0,    0,    0,    0,    0, -999,    nan,    nan,    nan,    nan,    nan,    nan,    nan,    nan,    nan,    nan,    nan,    nan,    nan,    nan,    nan,    nan,    nan,    nan,    nan,    nan,    nan,    nan,    nan,    nan,    nan,    nan,    nan,    nan,    nan,    nan,    nan
20090616, 0600,  , DB, 17.7N, 120.4E,  15, 1010,    0,    0,    0,    0,    0,    0,    0,    0,    0,    0,    0,    0, -999,    nan,    nan,    nan,    nan,    nan,    nan,    nan,    nan,    nan,    nan,    nan,    nan,    nan,    nan,    nan,    nan,    nan,    nan,    nan,    nan,    nan,    nan,    nan,    nan,    nan,    nan,    nan,    nan,    nan,    nan,    nan
20090616, 1200,  , TD, 17.8N, 119.2E,  20, 1007,    0,    0,    0,    0,    0,    0,    0,    0,    0,    0,    0,    0, -999,  33.20,  33.37,  33.31,  33.33,  33.68,  33.90,  33.87,  33.95,  33.67,  33.40,  33.37,  33.34,  33.37,  33.42,  33.44,  33.53,  33.71,  33.55,  33.44,  33.50,  33.38,  33.29,  33.22,  33.27,  33.50,  33.38,  33.39,  33.33,  33.41,  33.52,  33.46
20090616, 1800,  , TD, 17.6N, 118.1E,  20, 1007,    0,    0,    0,    0,    0,    0,    0,    0,    0,    0,    0,    0, -999,  33.25,  33.41,  33.57,  33.53,  33.48,  33.52,  33.50,  33.66,  33.66,  33.41,  33.36,  33.31,  33.27,  33.38,  33.30,  33.34,  33.42,  33.40,  33.55,  34.30,  34.13,  33.43,  33.55,  33.59,  33.45,  33.33,  33.30,  33.24,  33.29,  33.48,  33.60
20090617, 0000,  , DB, 17.6N, 117.2E,  20, 1007,    0,    0,    0,    0,    0,    0,    0,    0,    0,    0,    0,    0, -999,  33.52,  33.51,  33.40,  33.39,  33.44,  33.60,  33.59,  33.59,  33.61,  33.62,  33.53,  33.42,  33.43,  33.50,  33.57,  33.72,  33.82,  33.50,  34.37,  33.41,  33.40,  34.01,  33.44,  33.28,  33.45,  33.07,  34.07,  33.64,  33.40,  33.45,  33.42
20090617, 0600,  , TD, 18.0N, 117.1E,  25, 1004,    0,    0,    0,    0,    0,    0,    0,    0,    0,    0,    0,    0, -999,  33.39,  33.36,  33.32,  33.33,  33.31,  33.34,  33.33,  33.34,  33.43,  33.61,  33.47,  33.28,  33.32,  33.46,  33.48,  33.64,  33.74,  33.95,  34.33,  33.42,  33.37,  33.42,  33.73,  33.57,  33.37,  33.47,  33.88,  34.24,  34.41,  34.41,  34.15
20090617, 1200,  , TD, 18.1N, 116.8E,  30, 1000,    0,    0,    0,    0,    0,    0,    0,    0,    0,    0,    0,    0, -999,  33.93,  34.11,  33.76,  33.30,  33.29,  33.35,  33.37,  33.38,  33.54,  33.81,  33.36,  33.26,  32.95,  33.26,  33.40,  33.89,  34.09,  34.06,  34.36,  33.24,  33.34,  33.19,  33.28,  33.41,  33.40,  34.01,  34.02,  34.16,  34.19,  34.13,  34.17
20090617, 1800,  , TS, 18.0N, 116.6E,  35,  996,    0,    0,    0,    0,    0,    0,    0,    0,    0,    0,    0,    0, -999,  34.10,  33.91,  33.29,  33.30,  33.31,  33.40,  33.44,  33.50,  33.69,  33.42,  33.21,  33.09,  33.07,  33.37,  33.68,  34.18,  34.08,  34.12,  34.11,  33.33,  33.63,  33.16,  33.49,  33.72,  34.25,  34.12,  33.96,  33.92,  34.16,  34.31,  34.07
20090618, 0000,  , TS, 17.8N, 116.4E,  40,  993,   30,   40,   40,   30,    0,    0,    0,    0,    0,    0,    0,    0, -999,  33.37,  33.33,  33.28,  33.29,  33.43,  33.44,  33.62,  33.66,  33.28,  33.00,  33.08,  33.51,  33.90,  34.02,  34.04,  33.71,  33.84,  33.73,  33.80,  33.96,  33.90,  34.23,  34.39,  34.04,  33.62,  33.31,  33.73,  33.58,  33.67,  33.56,  33.71
20090618, 0600,  , TS, 17.6N, 116.5E,  40,  993,   35,   40,   40,   35,    0,    0,    0,    0,    0,    0,    0,    0, -999,  33.42,  33.43,  33.41,  33.42,  33.50,  33.55,  33.64,  33.73,  33.36,  33.51,  33.68,  33.80,  33.84,  33.90,  33.81,  33.63,  33.46,  33.09,  33.12,  33.16,  33.22,  33.61,  34.28,  34.16,  33.32,  33.19,  33.39,  33.25,  33.44,  33.62,  33.73
20090618, 1200,  , TS, 17.5N, 116.8E,  40,  993,   35,   40,   40,   35,    0,    0,    0,    0,    0,    0,    0,    0, -999,  33.45,  33.58,  33.61,  33.60,  33.59,  33.55,  33.54,  33.60,  33.63,  33.51,  33.50,  33.54,  33.68,  33.70,  33.63,  33.45,  33.54,  33.87,  33.52,  33.02,  33.06,  33.15,  33.45,  33.64,  33.18,  33.15,  33.22,  33.47,  33.61,  33.66,  33.90
20090618, 1800,  , TS, 17.7N, 117.0E,  45,  989,   35,   35,   40,   30,    0,    0,    0,    0,    0,    0,    0,    0, -999,  33.42,  33.34,  33.34,  33.36,  33.48,  33.49,  33.54,  33.61,  33.71,  33.55,  33.49,  33.49,  33.48,  33.56,  33.72,  33.85,  34.08,  34.31,  33.46,  33.42,  33.39,  33.49,  33.30,  33.56,  34.05,  34.24,  33.76,  33.49,  33.66,  33.51,  33.58
20090619, 0000,  , TS, 18.2N, 117.2E,  45,  989,   35,   35,   40,   30,    0,    0,    0,    0,    0,    0,    0,    0, -999,  33.36,  33.33,  33.31,  33.34,  33.34,  33.34,  33.39,  33.47,  33.38,  33.33,  33.28,  33.53,  33.24,  33.28,  33.61,  33.86,  34.51,  33.40,  34.22,  33.44,  33.52,  33.57,  33.50,  33.40,  33.46,  33.58,  34.16,  34.22,  34.06,  34.34,  34.10
20090619, 0600,  , TS, 18.7N, 117.4E,  50,  985,   35,   35,   40,   30,    0,    0,    0,    0,    0,    0,    0,    0, -999,  33.56,  33.55,  33.56,  33.53,  33.54,  33.53,  33.59,  33.63,  33.61,  33.33,  33.29,  33.41,  33.37,  33.33,  33.40,  33.50,  33.98,  34.18,  34.64,  33.23,  33.37,  33.72,  33.68,  34.16,  34.10,  33.48,  34.28,  34.35,  33.79,  34.49,  34.58
20090619, 1200,  , TS, 19.2N, 117.4E,  55,  982,   60,   45,   50,   30,    0,    0,    0,    0,    0,    0,    0,    0, -999,  33.53,  33.55,  33.56,  33.74,  33.67,  33.66,  33.72,  33.67,  33.65,  33.69,  33.60,  33.42,  33.36,  33.49,  33.46,  33.58,  33.91,  34.13,  34.17,  34.33,  34.46,  34.32,  33.62,  33.91,  33.85,  34.07,  34.61,  34.39,  33.88,  34.12,  34.25
20090619, 1800,  , TS, 19.7N, 117.4E,  60,  978,   60,   55,   45,   40,   10,   10,   10,   10,    0,    0,    0,    0, -999,  33.61,  33.58,  33.70,  33.80,  33.58,  33.69,  33.70,  33.66,  33.64,  33.65,  33.64,  33.68,  33.80,  33.86,  33.95,  33.84,  33.94,  34.21,  34.13,  34.09,  34.09,  34.12,  34.13,  34.23,  34.17,  34.32,  34.40,  34.54,  34.48,  34.03,  33.96
20090620, 0000,  , HU, 20.2N, 117.4E,  65,  974,   80,   75,   45,   45,   35,   35,   25,   30,    0,    0,    0,    0, -999,  33.88,  33.76,  33.91,  33.51,  33.56,  34.03,  33.59,  33.59,  33.64,  33.75,  33.74,  33.75,  33.66,  33.65,  33.78,  33.98,  34.24,  34.45,  34.32,  34.48,  34.44,  34.51,  34.43,  34.29,  34.23,  34.22,  34.21,  34.25,  34.38,  34.44,  34.45
20090620, 0600,  , HU, 20.7N, 117.5E,  65,  983,   45,   95,   70,   45,   40,   40,   30,   30,    0,    0,    0,    0, -999,  34.48,  34.24,  34.27,  34.19,  33.99,  34.14,  34.14,  34.13,  34.09,  33.97,  33.91,  33.93,  33.84,  33.85,  34.00,  34.09,  34.16,  34.17,  34.18,  34.27,  34.06,  34.12,  34.27,  34.31,  34.46,  34.40,  34.36,  34.30,  34.21,  34.25,  34.34
20090620, 1200,  , HU, 21.3N, 117.9E,  75,  967,   80,   80,   75,   55,   40,   40,   35,   35,   30,   30,   20,   20, -999,  34.33,  34.32,  34.46,  34.62,  34.69,  34.47,  34.43,  34.20,  34.14,  34.26,  34.40,  34.33,  34.35,  34.13,  34.06,  34.15,  34.33,  34.13,  34.25,  34.30,  34.23,  34.10,  34.01,  34.09,  33.73,  33.76,  33.72,  33.62,  33.63,  33.57,  33.59
20090620, 1800,  , HU, 22.1N, 118.1E,  70,  970,   80,   80,   75,   55,   40,   40,   35,   35,   30,   30,   20,   20, -999,  34.23,  34.17,  34.18,  34.19,  34.25,  34.28,  34.14,  34.16,  34.33,  34.31,  34.20,  34.13,  34.09,  34.09,  34.22,  34.14,  34.26,  34.05,  33.96,  33.88,  33.92,  33.95,  33.95,  33.92,  34.12,  34.13,  33.93,  33.91,  34.06,  33.97,  33.91
20090621, 0000,  , HU, 23.0N, 118.4E,  65,  974,   70,   65,   55,   45,   35,   35,   25,   20,    0,    0,    0,    0, -999,    nan,    nan,    nan,    nan,    nan,    nan,    nan,    nan,    nan,    nan,    nan,    nan,    nan,    nan,    nan,    nan,    nan,    nan,    nan,    nan,    nan,    nan,    nan,    nan,    nan,    nan,    nan,    nan,    nan,    nan,    nan
20090621, 0600,  , TS, 23.8N, 118.5E,  55,  982,  105,  130,  115,   90,   60,   70,   55,   60,    0,    0,    0,    0, -999,    nan,    nan,    nan,    nan,    nan,    nan,    nan,    nan,    nan,    nan,    nan,    nan,    nan,    nan,    nan,    nan,    nan,    nan,    nan,    nan,    nan,    nan,    nan,    nan,    nan,    nan,    nan,    nan,    nan,    nan,    nan
20090621, 1200,  , TS, 24.5N, 118.4E,  50,  985,  105,  130,  115,   90,   60,   70,   55,   60,    0,    0,    0,    0, -999,    nan,    nan,    nan,    nan,    nan,    nan,    nan,    nan,    nan,    nan,    nan,    nan,    nan,    nan,    nan,    nan,    nan,    nan,    nan,    nan,    nan,    nan,    nan,    nan,    nan,    nan,    nan,    nan,    nan,    nan,    nan
20090621, 1800,  , TS, 25.3N, 118.7E,  35,  997,  105,  130,  115,   90,    0,    0,    0,    0,    0,    0,    0,    0, -999,    nan,    nan,    nan,    nan,    nan,    nan,    nan,    nan,    nan,    nan,    nan,    nan,    nan,    nan,    nan,    nan,    nan,    nan,    nan,    nan,    nan,    nan,    nan,    nan,    nan,    nan,    nan,    nan,    nan,    nan,    nan
20090622, 0000,  , TD, 25.9N, 119.3E,  30,  998,    0,    0,    0,    0,    0,    0,    0,    0,    0,    0,    0,    0, -999,    nan,    nan,    nan,    nan,    nan,    nan,    nan,    nan,    nan,    nan,    nan,    nan,    nan,    nan,    nan,    nan,    nan,    nan,    nan,    nan,    nan,    nan,    nan,    nan,    nan,    nan,    nan,    nan,    nan,    nan,    nan
20090622, 0600,  , TD, 26.8N, 120.3E,  30, 1000,    0,    0,    0,    0,    0,    0,    0,    0,    0,    0,    0,    0, -999,    nan,    nan,    nan,    nan,    nan,    nan,    nan,    nan,    nan,    nan,    nan,    nan,    nan,    nan,    nan,    nan,    nan,    nan,    nan,    nan,    nan,    nan,    nan,    nan,    nan,    nan,    nan,    nan,    nan,    nan,    nan
20090622, 1200,  , TD, 27.6N, 121.4E,  25, 1004,    0,    0,    0,    0,    0,    0,    0,    0,    0,    0,    0,    0, -999,    nan,    nan,    nan,    nan,    nan,    nan,    nan,    nan,    nan,    nan,    nan,    nan,    nan,    nan,    nan,    nan,    nan,    nan,    nan,    nan,    nan,    nan,    nan,    nan,    nan,    nan,    nan,    nan,    nan,    nan,    nan
