WP032004,            UNNAMED,     56,
20040402, 0000,  , TD,  6.9N, 153.6E,  25, 1002,    0,    0,    0,    0,    0,    0,    0,    0,    0,    0,    0,    0, -999,  28.71,  28.97,  29.15,  28.97,  29.10,  29.00,  28.96,  29.31,  29.34,  29.82,  29.76,  29.61,  29.62,  29.42,  29.22,  28.78,  29.40,  29.81,  29.97,  29.83,  29.13,  29.13,  29.38,  29.46,  29.54,  29.44,  29.54,  29.53,  29.70,  29.87,  29.74
20040402, 0600,  , TD,  6.7N, 153.2E,  25, 1002,    0,    0,    0,    0,    0,    0,    0,    0,    0,    0,    0,    0, -999,  28.90,  28.80,  28.77,  28.93,  28.88,  29.13,  29.18,  29.30,  29.42,  29.73,  29.39,  29.69,  29.55,  28.93,  29.06,  29.69,  29.73,  29.85,  29.61,  29.33,  29.30,  29.43,  29.58,  29.82,  29.69,  29.65,  29.88,  29.90,  29.70,  29.66,  29.54
20040402, 1200,  , TD,  6.5N, 152.9E,  25, 1002,    0,    0,    0,    0,    0,    0,    0,    0,    0,    0,    0,    0, -999,  28.73,  28.72,  29.05,  28.84,  29.12,  29.16,  29.20,  29.28,  29.36,  29.51,  29.51,  29.72,  29.34,  28.95,  29.72,  29.70,  29.93,  29.81,  29.28,  29.53,  29.42,  29.49,  29.56,  29.88,  29.77,  29.78,  29.96,  29.76,  29.59,  29.59,  29.38
20040402, 1800,  , TD,  6.3N, 152.6E,  25, 1002,    0,    0,    0,    0,    0,    0,    0,    0,    0,    0,    0,    0, -999,  29.04,  28.90,  28.73,  29.16,  29.07,  29.03,  29.05,  29.22,  29.01,  29.40,  29.46,  29.38,  29.31,  29.73,  29.80,  29.92,  29.87,  29.25,  29.39,  29.50,  29.68,  29.52,  29.69,  30.05,  29.94,  29.72,  29.74,  29.64,  29.42,  29.33,  29.56
20040403, 0000,  , TD,  6.1N, 152.2E,  25, 1002,    0,    0,    0,    0,    0,    0,    0,    0,    0,    0,    0,    0, -999,  29.19,  29.17,  29.25,  28.98,  28.87,  28.81,  28.90,  28.99,  29.25,  29.04,  29.91,  29.90,  29.77,  29.89,  29.77,  29.51,  29.43,  29.14,  29.12,  29.58,  29.72,  29.92,  29.91,  29.76,  29.52,  29.37,  29.45,  29.68,  29.66,  29.43,  29.17
20040403, 0600,  , TD,  6.1N, 151.7E,  25, 1002,    0,    0,    0,    0,    0,    0,    0,    0,    0,    0,    0,    0, -999,  29.13,  29.08,  29.04,  28.78,  28.70,  28.62,  28.82,  28.85,  28.99,  29.65,  29.98,  29.92,  29.93,  29.70,  29.52,  29.36,  29.20,  29.22,  29.43,  29.69,  29.54,  29.68,  29.72,  29.35,  29.32,  29.75,  29.82,  29.63,  29.44,  29.35,  29.93
20040403, 1200,  , TD,  6.3N, 151.2E,  25, 1002,    0,    0,    0,    0,    0,    0,    0,    0,    0,    0,    0,    0, -999,  28.99,  28.63,  28.49,  28.26,  28.18,  28.41,  28.92,  29.18,  29.45,  29.24,  29.41,  29.23,  29.03,  29.17,  29.38,  29.22,  29.08,  29.25,  29.38,  29.35,  29.43,  29.55,  29.45,  29.44,  29.48,  29.72,  29.73,  29.49,  29.54,  29.72,  29.57
20040403, 1800,  , TD,  6.4N, 150.7E,  25, 1002,    0,    0,    0,    0,    0,    0,    0,    0,    0,    0,    0,    0, -999,  28.66,  28.48,  28.54,  28.86,  28.80,  28.86,  29.14,  28.88,  28.59,  28.64,  29.08,  29.28,  29.00,  29.02,  28.96,  29.05,  29.21,  29.16,  29.20,  29.25,  29.41,  29.30,  29.46,  29.69,  29.52,  29.72,  29.63,  29.54,  29.43,  29.45,  29.28
20040404, 0000,  , TD,  6.4N, 150.3E,  30, 1000,    0,    0,    0,    0,    0,    0,    0,    0,    0,    0,    0,    0, -999,  28.70,  28.81,  28.92,  28.94,  28.92,  28.97,  28.84,  28.64,  28.79,  29.24,  29.16,  29.01,  28.99,  29.16,  29.32,  28.97,  29.18,  29.25,  29.19,  29.26,  29.25,  29.59,  29.73,  29.60,  29.66,  29.53,  29.49,  29.38,  29.20,  29.27,  29.50
20040404, 0600,  , TD,  6.5N, 149.8E,  30, 1000,    0,    0,    0,    0,    0,    0,    0,    0,    0,    0,    0,    0, -999,  28.87,  29.05,  29.49,  28.95,  28.94,  28.99,  28.80,  28.62,  28.95,  29.12,  29.10,  29.05,  29.35,  29.34,  29.22,  29.02,  29.37,  29.13,  29.06,  29.30,  29.46,  29.60,  29.80,  29.50,  29.52,  29.48,  29.36,  29.04,  29.29,  29.60,  29.94
20040404, 1200,  , TS,  6.9N, 149.5E,  35,  997,    0,    0,    0,    0,    0,    0,    0,    0,    0,    0,    0,    0, -999,  29.03,  29.34,  29.25,  28.78,  28.51,  28.85,  28.66,  28.61,  28.79,  28.93,  29.15,  29.16,  29.07,  29.18,  29.19,  29.03,  29.27,  29.11,  29.12,  29.38,  29.47,  29.50,  29.68,  29.40,  29.21,  29.04,  29.07,  29.10,  29.33,  29.36,  29.36
20040404, 1800,  , TS,  7.4N, 149.2E,  35,  997,    0,    0,    0,    0,    0,    0,    0,    0,    0,    0,    0,    0, -999,  29.16,  29.07,  28.69,  27.95,  28.31,  28.27,  28.72,  27.66,  27.85,  28.32,  28.69,  28.66,  28.71,  28.73,  28.74,  28.52,  28.75,  28.66,  28.48,  29.03,  29.13,  29.04,  29.08,  28.86,  28.85,  28.84,  28.66,  28.72,  28.77,  28.64,  28.96
20040405, 0000,  , TS,  8.1N, 149.1E,  40,  997,   45,   45,   45,   45,    0,    0,    0,    0,    0,    0,    0,    0, -999,  28.11,  28.27,  27.98,  27.91,  28.00,  28.13,  27.80,  28.11,  28.54,  27.99,  28.11,  28.02,  27.89,  27.55,  27.72,  27.68,  27.00,  26.78,  27.30,  27.37,  27.54,  27.47,  27.13,  27.50,  27.81,  27.72,  27.52,  27.57,  27.58,  27.60,  27.49
20040405, 0600,  , TS,  8.9N, 148.9E,  50,  987,  150,  110,  110,  150,   20,   20,   20,   20,    0,    0,    0,    0, -999,  28.82,  28.83,  28.65,  28.47,  28.56,  28.45,  27.98,  28.35,  28.64,  28.87,  29.08,  29.03,  28.82,  28.68,  28.69,  28.44,  28.49,  28.64,  28.79,  28.81,  28.57,  28.65,  28.76,  28.36,  29.02,  28.45,  28.94,  29.04,  28.66,  27.66,  28.10
20040405, 1200,  , TS,  9.4N, 148.3E,  55,  984,  150,  110,  110,  150,   20,   20,   20,   20,    0,    0,    0,    0, -999,  28.97,  28.90,  28.69,  28.56,  28.55,  28.38,  28.10,  28.42,  28.64,  28.67,  28.63,  28.65,  28.62,  28.53,  28.39,  28.51,  28.49,  28.57,  28.71,  28.64,  28.84,  28.97,  28.99,  28.99,  29.06,  28.98,  28.95,  29.08,  28.85,  28.71,  28.45
20040405, 1800,  , TS,  9.5N, 147.6E,  55,  984,  150,  110,  110,  150,   20,   20,   20,   20,    0,    0,    0,    0, -999,  28.72,  28.68,  28.50,  28.41,  28.49,  28.54,  28.62,  28.70,  28.53,  28.62,  28.69,  28.63,  28.47,  28.58,  28.51,  28.43,  28.38,  28.49,  28.45,  28.43,  28.48,  28.64,  28.78,  28.87,  28.95,  28.98,  29.07,  29.11,  28.97,  28.87,  28.66
20040406, 0000,  , HU,  9.1N, 146.9E,  65,  976,  130,  110,  110,  130,   20,   20,   20,   20,    0,    0,    0,    0, -999,  28.65,  28.57,  28.52,  28.59,  28.59,  28.65,  28.62,  28.37,  28.55,  28.66,  28.73,  28.67,  28.66,  28.52,  28.59,  28.62,  28.77,  28.52,  28.52,  28.60,  28.69,  28.65,  28.71,  28.52,  28.91,  29.01,  29.07,  28.89,  28.69,  28.63,  28.87
20040406, 0600,  , HU,  9.1N, 146.1E,  65,  976,  140,  110,  110,  140,   50,   40,   40,   50,   20,   20,   20,   20, -999,  28.39,  28.43,  28.42,  28.42,  28.44,  28.59,  28.47,  28.22,  28.60,  28.92,  29.01,  28.94,  28.95,  28.82,  28.80,  28.77,  28.75,  28.67,  28.46,  28.53,  28.64,  28.68,  28.72,  28.60,  28.69,  28.77,  28.70,  28.50,  28.45,  28.48,  28.67
20040406, 1200,  , HU,  9.4N, 145.4E,  75,  967,  140,  110,  110,  140,   50,   40,   40,   50,   20,   20,   20,   20, -999,  28.59,  28.64,  28.66,  28.70,  28.74,  28.87,  28.69,  28.38,  28.91,  29.13,  29.20,  29.11,  29.03,  28.92,  28.79,  28.71,  28.75,  28.42,  28.38,  28.64,  28.76,  28.71,  28.70,  28.72,  28.72,  28.59,  28.70,  28.63,  28.41,  28.37,  28.58
20040406, 1800,  , HU, 10.0N, 144.9E,  75,  967,  140,  110,  110,  140,   50,   40,   40,   50,   20,   20,   20,   20, -999,  28.02,  28.28,  28.37,  28.46,  28.44,  28.47,  28.34,  28.16,  28.75,  28.98,  29.08,  28.95,  28.87,  28.86,  28.84,  28.75,  28.76,  28.67,  28.62,  28.81,  28.82,  28.77,  28.77,  28.73,  28.76,  28.70,  28.62,  28.57,  28.40,  28.30,  28.46
20040407, 0000,  , HU, 10.1N, 144.1E,  80,  963,  145,  115,  115,  145,   50,   40,   40,   50,   20,   20,   20,   20, -999,  28.70,  28.67,  28.58,  28.56,  28.56,  28.36,  28.07,  28.55,  28.71,  28.85,  28.88,  28.85,  28.88,  28.89,  28.76,  28.68,  28.52,  28.55,  28.70,  28.76,  28.79,  28.80,  28.84,  28.92,  28.77,  28.72,  28.74,  28.45,  27.84,  28.51,  28.62
20040407, 0600,  , HU, 10.1N, 143.1E,  90,  954,  145,  115,  115,  145,   50,   40,   40,   50,   20,   20,   20,   20, -999,  28.68,  28.69,  28.63,  28.55,  28.68,  28.63,  28.30,  28.77,  28.93,  29.06,  28.93,  28.68,  28.52,  28.58,  28.51,  28.42,  28.24,  28.41,  28.36,  28.36,  28.43,  28.42,  28.68,  28.82,  28.92,  28.83,  28.82,  28.89,  28.92,  28.81,  28.78
20040407, 1200,  , HU,  9.7N, 142.2E,  90,  954,  155,  125,  125,  155,   60,   50,   50,   60,   25,   25,   25,   25, -999,  28.33,  28.40,  28.36,  28.54,  29.04,  29.12,  28.79,  29.11,  29.12,  29.21,  29.23,  29.04,  28.86,  28.87,  28.86,  28.79,  28.53,  28.55,  28.12,  28.41,  28.39,  28.66,  28.75,  28.62,  28.75,  28.58,  28.82,  28.94,  29.10,  29.18,  29.14
20040407, 1800,  , HU,  9.4N, 141.3E,  95,  949,  155,  125,  125,  155,   60,   50,   50,   60,   25,   25,   25,   25, -999,  28.10,  28.35,  28.58,  28.54,  28.59,  28.69,  28.57,  28.83,  29.00,  29.38,  29.31,  29.30,  29.23,  29.15,  29.08,  28.89,  28.55,  28.10,  27.87,  27.62,  28.17,  28.49,  28.76,  28.89,  28.87,  28.62,  28.88,  28.74,  28.90,  29.23,  29.30
20040408, 0000,  , HU,  9.2N, 140.6E, 100,  944,  170,  140,  140,  170,   65,   50,   50,   65,   30,   25,   25,   30, -999,  26.85,  28.33,  28.55,  28.54,  28.66,  28.75,  28.78,  28.87,  28.79,  28.82,  28.84,  28.86,  28.86,  29.06,  28.98,  28.61,  26.72,  26.54,  27.26,  26.26,  28.03,  28.54,  28.72,  28.71,  28.64,  28.92,  29.01,  29.05,  29.02,  28.84,  28.64
20040408, 0600,  , HU,  8.9N, 139.9E, 115,  927,  170,  140,  140,  170,   65,   50,   50,   65,   30,   25,   25,   30, -999,  25.83,  26.92,  26.46,  26.34,  26.51,  28.50,  27.62,  27.34,  28.11,  28.48,  26.02,  26.10,  25.48,  29.16,  29.19,  28.73,  25.45,  25.70,  27.41,  25.42,  26.23,  27.78,  25.52,  29.03,  28.82,  28.79,  28.94,  29.09,  29.34,  29.11,  29.08
20040408, 1200,  , HU,  8.8N, 139.1E, 115,  927,  160,  175,  175,  160,   60,   65,   65,   60,   30,   30,   30,   30, -999,  26.40,  26.75,  26.30,  26.17,  26.09,  25.95,  25.03,  25.09,  24.58,  23.95,  25.31,  24.93,  25.06,  24.17,  25.92,  25.49,  23.87,  23.51,  27.54,  26.19,  24.48,  26.52,  25.57,  25.52,  26.92,  23.89,  27.30,  26.74,  28.05,  26.36,  27.58
20040408, 1800,  , HU,  9.0N, 138.4E, 110,  933,  160,  175,  175,  160,   60,   65,   65,   60,   30,   30,   30,   30, -999,  26.91,  26.66,  27.10,  27.00,  26.36,  25.79,  24.72,  25.00,  24.91,  24.33,  25.20,  24.44,  24.31,  24.71,  24.97,  24.75,  24.59,  24.92,  25.26,  26.58,  25.36,  26.58,  25.85,  25.43,  25.13,  25.22,  25.47,  24.74,  25.94,  26.46,  26.14
20040409, 0000,  , HU,  9.2N, 138.0E, 110,  933,  130,  140,  140,  130,   50,   55,   55,   50,   30,   30,   30,   30, -999,  27.46,  26.99,  26.89,  26.75,  26.13,  25.64,  25.93,  25.70,  25.65,  26.09,  24.30,  25.52,  26.15,  28.48,  27.33,  26.50,  25.75,  24.59,  25.88,  26.20,  27.29,  26.77,  27.04,  26.78,  26.27,  26.04,  25.62,  25.69,  25.08,  25.14,  25.90
20040409, 0600,  , HU,  9.6N, 137.2E, 110,  933,  130,  140,  140,  130,   50,   55,   55,   50,   25,   25,   25,   25, -999,  28.01,  27.55,  28.29,  27.57,  27.71,  27.88,  26.41,  27.82,  26.57,  28.01,  27.90,  27.14,  28.48,  26.60,  26.78,  27.18,  27.82,  27.46,  25.08,  25.40,  26.29,  26.79,  26.57,  27.24,  27.28,  27.35,  26.98,  27.04,  24.58,  26.19,  25.69
20040409, 1200,  , HU, 10.0N, 136.5E, 115,  927,  130,  140,  140,  130,   50,   55,   55,   50,   25,   25,   25,   25, -999,  27.75,  26.92,  26.63,  27.05,  28.38,  28.58,  28.56,  28.70,  28.73,  28.71,  26.92,  26.96,  27.31,  27.20,  28.67,  28.97,  27.58,  26.39,  26.73,  25.49,  25.44,  24.62,  26.64,  27.42,  25.49,  27.30,  27.20,  27.81,  27.52,  28.09,  27.75
20040409, 1800,  , HU, 10.4N, 135.8E, 125,  916,  150,  140,  140,  150,   55,   50,   50,   55,   20,   20,   20,   20, -999,  28.15,  28.08,  28.18,  27.41,  28.16,  28.50,  28.66,  28.75,  28.70,  28.57,  28.52,  28.47,  28.36,  28.08,  28.62,  28.71,  28.83,  26.28,  27.49,  26.02,  25.89,  25.06,  26.25,  26.09,  26.34,  26.60,  26.75,  26.84,  27.14,  27.52,  27.47
20040410, 0000,  , XX, 10.9N, 135.1E, 130,  910,  155,  145,  145,  155,   60,   55,   55,   60,   20,   20,   20,   20, -999,  28.38,  28.24,  28.60,  28.56,  28.59,  28.60,  28.60,  28.60,  28.71,  28.70,  28.59,  28.54,  28.58,  28.65,  28.53,  28.30,  27.41,  27.65,  26.17,  26.64,  25.48,  26.17,  25.64,  26.33,  26.76,  26.88,  26.84,  26.84,  26.95,  27.51,  27.42
20040410, 0600,  , XX, 11.4N, 134.3E, 130,  910,  165,  160,  160,  165,   70,   65,   65,   70,   30,   30,   30,   30, -999,  28.50,  28.36,  28.56,  28.61,  28.91,  28.50,  28.24,  28.22,  28.51,  28.55,  28.64,  28.71,  28.61,  28.43,  28.42,  28.23,  26.39,  26.07,  26.88,  26.65,  26.55,  26.59,  27.39,  26.60,  26.93,  27.23,  28.57,  28.22,  28.48,  28.25,  27.12
20040410, 1200,  , HU, 11.8N, 133.5E, 120,  922,  165,  160,  160,  165,   70,   65,   65,   70,   30,   30,   30,   30, -999,  28.28,  28.22,  28.43,  28.43,  28.82,  28.68,  28.57,  28.29,  28.18,  28.32,  28.46,  28.59,  28.43,  28.44,  28.38,  27.88,  26.73,  26.38,  26.66,  26.85,  26.92,  27.36,  27.82,  28.24,  28.45,  27.87,  28.38,  28.23,  28.46,  28.48,  28.70
20040410, 1800,  , HU, 12.4N, 132.7E, 115,  927,  165,  160,  160,  165,   70,   65,   65,   70,   30,   30,   30,   30, -999,  28.38,  28.35,  28.25,  28.38,  28.18,  28.57,  28.80,  28.63,  28.44,  28.31,  28.39,  28.58,  28.49,  28.68,  28.57,  28.08,  27.88,  27.27,  28.03,  27.79,  28.30,  28.10,  28.17,  28.21,  28.49,  28.70,  28.60,  28.47,  28.62,  28.86,  28.81
20040411, 0000,  , HU, 13.2N, 132.2E, 115,  927,  165,  160,  160,  165,   70,   65,   65,   70,   30,   30,   30,   30, -999,  28.45,  28.71,  28.52,  28.59,  28.68,  28.73,  28.71,  28.68,  28.56,  28.45,  28.29,  28.33,  28.49,  28.71,  28.52,  27.73,  26.23,  26.23,  26.26,  26.28,  27.44,  27.57,  28.38,  28.28,  28.19,  28.27,  28.25,  28.42,  28.77,  28.28,  28.48
20040411, 0600,  , HU, 13.7N, 131.7E, 115,  927,  170,  170,  160,  160,   70,   70,   60,   60,   30,   30,   30,   30, -999,  28.37,  28.58,  28.61,  28.57,  28.66,  28.58,  28.46,  28.36,  28.40,  28.69,  28.82,  28.81,  28.73,  28.67,  28.61,  28.32,  27.12,  27.35,  27.16,  26.87,  27.51,  27.61,  27.89,  27.72,  27.44,  27.29,  27.73,  27.80,  28.44,  28.64,  28.67
20040411, 1200,  , HU, 14.3N, 131.4E, 110,  933,  170,  170,  160,  160,   70,   70,   60,   60,   30,   30,   30,   30, -999,  28.34,  28.31,  28.30,  28.41,  28.48,  28.46,  28.41,  28.30,  28.32,  28.62,  28.64,  28.64,  28.60,  28.58,  28.57,  28.43,  27.85,  25.99,  26.15,  26.71,  26.62,  27.12,  27.38,  27.23,  27.33,  27.14,  27.27,  27.35,  27.67,  28.09,  27.85
20040411, 1800,  , HU, 14.8N, 131.2E, 115,  927,  170,  170,  160,  160,   70,   70,   60,   60,   30,   30,   30,   30, -999,  28.43,  28.40,  28.48,  28.45,  28.33,  28.30,  28.24,  28.16,  28.25,  28.56,  28.62,  28.62,  28.64,  28.52,  28.05,  28.03,  27.69,  26.17,  26.19,  26.44,  26.48,  26.94,  27.11,  27.35,  27.52,  27.25,  27.26,  27.36,  27.40,  27.77,  27.83
20040412, 0000,  , HU, 15.3N, 131.0E, 115,  927,  165,  165,  155,  155,   65,   65,   55,   55,   30,   30,   30,   30, -999,  28.55,  28.35,  28.23,  28.18,  28.23,  28.27,  28.22,  28.07,  28.05,  27.93,  27.80,  28.06,  28.18,  28.07,  27.59,  26.98,  25.70,  25.46,  25.70,  26.37,  27.23,  27.43,  27.34,  27.14,  26.83,  27.04,  27.25,  27.71,  27.63,  27.75,  27.91
20040412, 0600,  , HU, 15.8N, 130.9E, 115,  927,  170,  170,  160,  160,   70,   70,   60,   60,   30,   30,   30,   30, -999,  28.35,  28.49,  28.29,  27.68,  27.82,  27.83,  27.75,  27.91,  27.82,  27.78,  27.94,  27.80,  27.71,  27.64,  27.31,  27.02,  25.81,  25.68,  25.77,  25.81,  26.07,  26.95,  27.45,  27.11,  26.76,  27.34,  27.52,  27.52,  27.81,  27.87,  27.65
20040412, 1200,  , HU, 16.3N, 131.1E, 120,  922,  170,  170,  160,  160,   70,   70,   60,   60,   30,   30,   30,   30, -999,  28.32,  28.72,  28.41,  27.65,  27.53,  27.56,  27.53,  27.66,  27.76,  27.83,  27.94,  27.96,  27.72,  27.76,  27.43,  26.95,  26.13,  25.61,  25.78,  25.61,  25.85,  26.53,  27.21,  26.88,  27.33,  27.31,  27.69,  27.70,  27.87,  28.13,  28.19
20040412, 1800,  , HU, 16.7N, 131.3E, 120,  922,  170,  170,  160,  160,   70,   70,   60,   60,   30,   30,   30,   30, -999,  28.30,  28.55,  28.27,  27.98,  27.65,  27.58,  27.51,  27.31,  27.17,  27.47,  27.72,  28.06,  27.88,  27.72,  27.51,  27.26,  26.54,  25.38,  25.62,  25.67,  25.71,  26.25,  27.35,  27.30,  27.25,  27.47,  27.54,  27.86,  27.90,  28.02,  28.23
20040413, 0000,  , HU, 17.2N, 131.6E, 120,  922,  170,  170,  160,  160,   70,   70,   60,   60,   30,   30,   30,   30, -999,  27.78,  27.54,  27.41,  27.09,  26.95,  27.00,  26.94,  27.13,  27.07,  26.89,  27.17,  27.30,  27.03,  27.06,  27.38,  26.55,  25.49,  25.34,  25.61,  25.62,  26.11,  27.16,  27.44,  27.38,  27.32,  27.69,  27.83,  27.70,  27.60,  27.83,  27.92
20040413, 0600,  , HU, 17.8N, 132.0E, 125,  916,  180,  170,  160,  170,   80,   70,   60,   80,   35,   30,   30,   35, -999,  27.05,  26.80,  26.70,  26.50,  26.19,  26.33,  26.33,  26.77,  27.06,  27.13,  27.16,  27.20,  27.25,  27.52,  27.46,  26.90,  26.05,  25.55,  25.34,  25.63,  25.39,  25.99,  26.22,  26.91,  27.26,  27.57,  27.46,  27.49,  27.88,  28.26,  28.27
20040413, 1200,  , HU, 18.6N, 132.5E, 115,  927,  180,  170,  160,  170,   80,   70,   60,   80,   35,   30,   30,   35, -999,  26.84,  26.41,  26.46,  26.64,  26.63,  26.59,  26.71,  26.75,  26.71,  26.61,  26.60,  26.59,  27.00,  26.80,  26.57,  26.53,  24.70,  24.91,  24.83,  24.43,  24.91,  25.47,  25.36,  25.77,  26.08,  26.05,  26.23,  26.47,  26.70,  26.85,  26.63
20040413, 1800,  , HU, 19.5N, 133.1E, 115,  927,  180,  170,  160,  170,   80,   70,   60,   80,   35,   30,   30,   35, -999,  26.59,  26.30,  26.21,  26.05,  26.23,  25.73,  25.31,  25.34,  25.56,  25.84,  26.44,  26.68,  26.49,  26.11,  25.71,  26.10,  25.49,  26.02,  25.80,  26.26,  25.94,  26.03,  26.29,  26.16,  26.28,  25.98,  26.04,  26.32,  26.56,  26.53,  26.44
20040414, 0000,  , HU, 20.5N, 133.9E, 105,  938,  180,  170,  140,  120,   80,   60,   60,   80,   35,   30,   30,   35, -999,  25.94,  25.74,  25.81,  25.58,  25.07,  25.50,  25.82,  25.66,  26.28,  26.35,  26.38,  26.37,  26.26,  25.86,  26.10,  25.53,  25.25,  24.81,  25.02,  25.37,  24.82,  25.92,  25.95,  26.51,  26.82,  26.96,  27.31,  27.56,  27.46,  27.09,  27.26
20040414, 0600,  , HU, 21.4N, 135.1E, 105,  938,  180,  170,  140,  120,   80,   60,   60,   80,   35,   30,   30,   35, -999,  24.40,  24.38,  24.23,  23.95,  23.97,  23.79,  24.04,  24.17,  24.23,  24.42,  24.14,  24.44,  24.57,  25.20,  25.58,  25.63,  24.76,  24.48,  24.39,  23.42,  23.08,  22.57,  23.61,  24.15,  24.27,  24.21,  23.87,  23.56,  22.98,  22.93,  23.09
20040414, 1200,  , HU, 22.3N, 136.4E, 100,  944,  180,  170,  130,  110,   80,   50,   60,   70,   35,   25,   25,   35, -999,  24.39,  25.12,  25.46,  25.70,  25.90,  25.76,  25.42,  25.68,  25.28,  25.02,  25.01,  24.95,  24.52,  24.36,  24.37,  24.80,  23.42,  23.65,  23.64,  22.58,  22.88,  23.56,  22.71,  23.24,  22.94,  22.23,  22.81,  22.93,  22.85,  22.59,  23.17
20040414, 1800,  , HU, 23.1N, 137.8E,  90,  954,  180,  170,  130,  110,   80,   50,   50,   70,   35,   25,   25,   30, -999,  24.04,  24.19,  24.35,  24.27,  24.11,  24.10,  24.28,  24.41,  24.03,  24.36,  24.02,  23.93,  24.34,  24.47,  24.26,  23.75,  23.81,  22.95,  22.39,  21.83,  22.60,  23.40,  23.25,  23.04,  23.06,  24.05,  23.82,  23.90,  23.67,  23.49,  23.37
20040415, 0000,  , HU, 23.8N, 139.4E,  85,  958,  170,  160,  125,  115,   70,   40,   40,   60,   35,   25,   25,   30, -999,  22.65,  22.84,  23.27,  23.61,  23.66,  23.81,  23.72,  24.31,  25.08,  25.04,  24.56,  24.22,  24.21,  23.77,  23.93,  24.04,  23.55,  23.62,  23.63,  23.65,  23.51,  23.66,  23.91,  23.77,  23.56,  23.66,  24.01,  24.02,  23.88,  23.72,  23.56
20040415, 0600,  , HU, 24.4N, 141.0E,  70,  972,  170,  160,  125,  115,   70,   40,   40,   60,    0,    0,    0,    0, -999,  23.13,  22.84,  22.65,  22.90,  23.56,  23.30,  23.08,  23.17,  23.24,  23.46,  23.39,  23.13,  22.62,  22.51,  22.86,  23.24,  22.49,  21.27,  19.94,  20.61,  21.56,  22.32,  21.93,  21.55,  21.30,  20.95,  20.44,  20.69,  20.72,  20.52,  20.35
20040415, 1200,  , TS, 25.2N, 143.1E,  55,  984,  170,  140,  170,  140,   70,   50,   70,   50,    0,    0,    0,    0, -999,  20.57,  20.27,  20.50,  20.73,  21.26,  21.38,  20.96,  20.67,  20.60,  20.50,  19.61,  19.09,  19.00,  19.16,  19.37,  19.77,  19.44,  19.62,  19.45,  19.41,  18.96,  19.24,  19.31,  19.90,  19.51,  19.21,  19.32,  19.45,  19.39,  19.76,  19.76
20040415, 1800,  , TS, 26.1N, 144.5E,  40,  994,  170,  140,  170,  140,    0,    0,    0,    0,    0,    0,    0,    0, -999,  21.22,  20.90,  20.65,  20.51,  20.68,  20.39,  20.93,  20.94,  20.50,  20.47,  20.40,  20.11,  20.05,  20.04,  20.39,  20.68,  20.52,  21.26,  21.41,  20.79,  20.46,  20.02,  20.61,  20.26,  21.04,  21.37,  20.69,  20.80,  21.18,  21.77,  21.72
