WP032006,            JELAWAT,     27,
20060622, 1800,  , DB,  8.2N, 134.5E,  15, 1006,    0,    0,    0,    0,    0,    0,    0,    0,    0,    0,    0,    0, -999,  34.90,  34.68,  34.47,  34.53,  34.77,  34.77,  34.73,  34.90,  34.77,  34.68,  34.61,  34.61,  34.64,  34.56,  34.66,  34.83,  34.90,  34.82,  34.71,  34.64,  34.58,  34.37,  34.38,  34.58,  34.94,  34.63,  34.99,  34.99,  34.95,  34.85,  34.52
20060623, 0000,  , DB,  8.5N, 133.4E,  15, 1006,    0,    0,    0,    0,    0,    0,    0,    0,    0,    0,    0,    0, -999,  34.50,  34.33,  34.36,  34.52,  34.20,  34.48,  34.40,  34.25,  34.08,  33.97,  34.25,  34.60,  34.64,  34.63,  34.56,  34.53,  34.62,  34.76,  34.77,  35.01,  35.08,  34.87,  35.17,  35.16,  34.86,  34.85,  34.83,  34.88,  34.95,  35.12,  34.86
20060623, 0600,  , DB,  8.8N, 132.3E,  15, 1005,    0,    0,    0,    0,    0,    0,    0,    0,    0,    0,    0,    0, -999,  34.65,  34.33,  34.38,  34.24,  34.21,  34.35,  34.55,  34.19,  34.04,  34.03,  33.99,  34.10,  34.04,  34.05,  34.03,  34.05,  34.07,  34.95,  34.82,  34.95,  35.04,  35.04,  35.09,  35.07,  34.96,  35.09,  35.25,  35.26,  35.30,  35.25,  35.16
20060623, 1200,  , DB,  9.1N, 131.1E,  15, 1005,    0,    0,    0,    0,    0,    0,    0,    0,    0,    0,    0,    0, -999,  34.21,  34.20,  34.55,  34.62,  34.49,  34.18,  34.20,  34.34,  34.16,  34.09,  34.04,  34.09,  34.05,  34.07,  34.03,  34.60,  34.48,  34.42,  34.11,  34.18,  34.17,  34.15,  34.19,  33.93,  33.95,  34.25,  34.45,  34.75,  34.82,  34.82,  34.69
20060623, 1800,  , DB,  9.5N, 129.8E,  15, 1006,    0,    0,    0,    0,    0,    0,    0,    0,    0,    0,    0,    0, -999,  34.67,  34.59,  34.28,  33.97,  34.06,  34.15,  34.31,  34.37,  34.65,  34.23,  34.06,  33.98,  33.96,  33.99,  34.02,  34.00,  33.99,  33.95,  33.97,  33.93,  33.78,  33.85,  34.05,  34.29,  34.07,  33.82,  33.83,  34.38,  34.26,  34.00,  33.97
20060624, 0000,  , DB,  9.9N, 128.4E,  20, 1004,    0,    0,    0,    0,    0,    0,    0,    0,    0,    0,    0,    0, -999,  33.92,  33.88,  33.79,  34.32,  34.17,  34.08,  34.09,  34.02,  33.88,  33.84,  33.93,  33.92,  33.92,  33.96,  33.96,  33.95,  33.92,  33.93,  33.89,  33.95,  33.85,  34.76,  33.87,  34.06,  33.93,  33.86,  33.68,  33.60,  33.65,  33.68,  33.89
20060624, 0600,  , DB, 10.3N, 127.0E,  20, 1004,    0,    0,    0,    0,    0,    0,    0,    0,    0,    0,    0,    0, -999,  33.86,  33.88,  33.98,  34.08,  34.07,  34.15,  34.20,  34.19,  34.13,  34.09,  34.08,  34.08,  34.11,  34.01,  33.93,  33.88,  33.91,  33.86,  33.83,  33.82,  33.89,  33.91,  33.88,  33.86,  33.87,  33.90,  33.92,  33.86,  33.82,  33.84,  33.87
20060624, 1200,  , DB, 10.8N, 125.9E,  20, 1004,    0,    0,    0,    0,    0,    0,    0,    0,    0,    0,    0,    0, -999,  34.58,  34.59,  34.57,  34.53,  34.49,  34.49,  34.47,  34.34,  34.35,  34.37,  34.40,  34.44,  34.42,  34.36,  34.44,  34.41,  34.41,  34.51,  34.49,  34.48,  34.44,  34.45,  34.44,  34.37,  34.33,  34.27,  34.25,  34.19,  34.20,  34.25,  34.29
20060624, 1800,  , DB, 11.5N, 125.0E,  20, 1005,    0,    0,    0,    0,    0,    0,    0,    0,    0,    0,    0,    0, -999,    nan,    nan,    nan,    nan,    nan,    nan,    nan,    nan,    nan,    nan,    nan,    nan,    nan,    nan,    nan,    nan,    nan,    nan,    nan,    nan,    nan,    nan,    nan,    nan,    nan,    nan,    nan,    nan,    nan,    nan,    nan
20060625, 0000,  , DB, 11.9N, 124.0E,  20, 1005,    0,    0,    0,    0,    0,    0,    0,    0,    0,    0,    0,    0, -999,    nan,    nan,    nan,    nan,    nan,    nan,    nan,    nan,    nan,    nan,    nan,    nan,    nan,    nan,    nan,    nan,    nan,    nan,    nan,    nan,    nan,    nan,    nan,    nan,    nan,    nan,    nan,    nan,    nan,    nan,    nan
20060625, 0600,  , DB, 12.2N, 122.7E,  20, 1004,    0,    0,    0,    0,    0,    0,    0,    0,    0,    0,    0,    0, -999,  34.41,  34.42,  34.42,  34.42,  34.42,  34.41,  34.41,  34.42,  34.42,  34.41,  34.41,  34.42,  34.40,  34.40,  34.39,  34.39,  34.39,  34.39,  34.40,  34.40,  34.41,  34.40,  34.39,  34.39,  34.38,  34.38,  34.38,  34.39,  34.42,  34.42,  34.42
20060625, 1200,  , DB, 12.4N, 121.5E,  20, 1004,    0,    0,    0,    0,    0,    0,    0,    0,    0,    0,    0,    0, -999,  34.34,  34.34,  34.34,  34.34,  34.34,  34.34,  34.34,  34.34,  34.34,  34.34,  34.34,  34.34,  34.34,  34.35,  34.35,  34.35,  34.32,  34.33,  34.32,  34.31,  34.31,  34.32,  34.31,  34.31,  34.31,  34.32,  34.33,  34.33,  34.34,  34.34,  34.34
20060625, 1800,  , DB, 12.8N, 120.4E,  20, 1005,    0,    0,    0,    0,    0,    0,    0,    0,    0,    0,    0,    0, -999,  34.30,  34.31,  34.30,  34.28,  34.23,  34.20,  34.21,  34.21,  34.22,  34.21,  34.20,  34.20,  34.18,  34.17,  34.16,  34.15,  34.14,  34.14,  34.19,  34.24,  34.24,  34.23,  34.25,  34.23,  34.22,  34.19,  34.15,  34.13,  34.12,  34.11,  34.08
20060626, 0000,  , DB, 13.4N, 119.4E,  20, 1003,    0,    0,    0,    0,    0,    0,    0,    0,    0,    0,    0,    0, -999,  34.20,  34.23,  34.21,  34.17,  34.18,  34.18,  34.20,  33.90,  33.77,  33.84,  34.15,  34.25,  34.09,  34.08,  34.14,  34.19,  34.34,  34.27,  34.22,  34.17,  34.09,  34.03,  33.97,  34.00,  34.01,  34.03,  34.04,  34.03,  34.02,  34.02,  34.02
20060626, 0600,  , TD, 14.2N, 118.5E,  30, 1000,    0,    0,    0,    0,    0,    0,    0,    0,    0,    0,    0,    0, -999,  34.29,  34.20,  33.97,  34.10,  34.06,  33.92,  33.91,  33.91,  33.88,  33.90,  33.93,  33.99,  33.99,  34.00,  33.97,  33.97,  34.29,  34.18,  34.24,  34.22,  34.22,  34.25,  34.18,  34.24,  34.19,  34.27,  34.10,  34.17,  34.14,  34.05,  34.17
20060626, 1200,  , TD, 15.0N, 117.3E,  30, 1000,    0,    0,    0,    0,    0,    0,    0,    0,    0,    0,    0,    0, -999,  34.04,  34.11,  34.04,  34.13,  34.07,  34.00,  33.88,  34.08,  34.10,  34.10,  34.09,  34.34,  34.27,  34.13,  34.04,  34.02,  34.12,  34.14,  34.26,  34.31,  34.64,  34.57,  34.55,  34.36,  34.27,  34.37,  34.20,  34.39,  34.35,  34.33,  34.29
20060626, 1800,  , TD, 15.8N, 116.2E,  30, 1000,    0,    0,    0,    0,    0,    0,    0,    0,    0,    0,    0,    0, -999,  34.03,  33.98,  33.98,  33.96,  34.12,  34.21,  33.95,  33.97,  33.90,  33.91,  33.92,  33.92,  33.96,  34.03,  34.05,  34.21,  34.06,  34.29,  34.31,  34.16,  34.31,  34.20,  34.41,  34.28,  34.07,  34.62,  34.08,  34.14,  34.30,  34.23,  34.14
20060627, 0000,  , TS, 16.7N, 115.4E,  35,  997,    0,    0,    0,    0,    0,    0,    0,    0,    0,    0,    0,    0, -999,  34.18,  34.02,  33.99,  33.99,  34.00,  33.97,  33.97,  33.95,  33.95,  33.96,  33.96,  33.97,  33.96,  33.96,  33.97,  33.99,  33.94,  33.94,  33.94,  33.94,  33.94,  33.94,  33.94,  33.94,  33.94,  33.93,  33.93,  33.94,  33.94,  33.94,  33.94
20060627, 0600,  , TS, 17.4N, 114.4E,  35,  997,    0,    0,    0,    0,    0,    0,    0,    0,    0,    0,    0,    0, -999,  34.26,  33.98,  34.06,  34.09,  34.05,  34.04,  34.03,  33.98,  33.97,  33.98,  33.90,  33.97,  33.85,  33.87,  33.92,  33.90,  33.92,  33.96,  34.00,  33.95,  34.10,  34.06,  34.06,  34.20,  34.19,  34.14,  34.18,  34.07,  34.07,  34.24,  34.20
20060627, 1200,  , TS, 18.1N, 113.4E,  40,  994,   40,   40,   40,   40,    0,    0,    0,    0,    0,    0,    0,    0, -999,  34.35,  34.41,  34.45,  34.44,  34.40,  34.33,  34.31,  34.25,  34.20,  34.22,  34.37,  34.37,  34.44,  34.35,  34.36,  34.33,  34.27,  34.16,  34.10,  33.95,  33.86,  33.85,  33.88,  34.03,  34.10,  34.01,  33.97,  33.91,  33.98,  34.00,  34.06
20060627, 1800,  , TS, 18.7N, 112.5E,  45,  991,   50,   50,   50,   50,    0,    0,    0,    0,    0,    0,    0,    0, -999,  34.28,  34.26,  34.40,  34.53,  34.58,  34.58,  34.60,  34.60,  34.58,  34.57,  34.61,  34.60,  34.58,  34.56,  34.55,  34.54,  34.45,  34.37,  34.30,  34.27,  34.25,  34.24,  34.20,  34.15,  34.17,  34.16,  34.09,  34.12,  34.12,  34.06,  34.12
20060628, 0000,  , TS, 19.3N, 112.0E,  45,  991,   50,   50,   55,   50,    0,    0,    0,    0,    0,    0,    0,    0, -999,  34.53,  34.52,  34.52,  34.49,  34.48,  34.48,  34.46,  34.47,  34.47,  34.51,  34.52,  34.54,  34.55,  34.57,  34.62,  34.63,  34.59,  34.57,  34.55,  34.54,  34.52,  34.52,  34.55,  34.55,  34.57,  34.56,  34.58,  34.59,  34.58,  34.52,  34.46
20060628, 0600,  , TS, 19.8N, 111.6E,  35,  997,   50,   50,   55,   50,    0,    0,    0,    0,    0,    0,    0,    0, -999,  34.41,  34.41,  34.36,  34.27,  34.30,  34.37,  34.39,  34.39,  34.38,  34.40,  34.42,  34.45,  34.47,  34.51,  34.51,  34.51,  34.49,  34.45,  34.47,  34.47,  34.47,  34.47,  34.54,  34.56,  34.58,  34.60,  34.62,  34.61,  34.55,  34.59,  34.59
20060628, 1200,  , TS, 20.2N, 111.2E,  35,  997,   50,   50,   55,   50,    0,    0,    0,    0,    0,    0,    0,    0, -999,    nan,    nan,    nan,    nan,    nan,    nan,    nan,    nan,    nan,    nan,    nan,    nan,    nan,    nan,    nan,    nan,    nan,    nan,    nan,    nan,    nan,    nan,    nan,    nan,    nan,    nan,    nan,    nan,    nan,    nan,    nan
20060628, 1800,  , TD, 20.6N, 110.9E,  30,  997,    0,    0,    0,    0,    0,    0,    0,    0,    0,    0,    0,    0, -999,    nan,    nan,    nan,    nan,    nan,    nan,    nan,    nan,    nan,    nan,    nan,    nan,    nan,    nan,    nan,    nan,    nan,    nan,    nan,    nan,    nan,    nan,    nan,    nan,    nan,    nan,    nan,    nan,    nan,    nan,    nan
20060629, 0000,  , TD, 21.3N, 110.4E,  30,  997,    0,    0,    0,    0,    0,    0,    0,    0,    0,    0,    0,    0, -999,    nan,    nan,    nan,    nan,    nan,    nan,    nan,    nan,    nan,    nan,    nan,    nan,    nan,    nan,    nan,    nan,    nan,    nan,    nan,    nan,    nan,    nan,    nan,    nan,    nan,    nan,    nan,    nan,    nan,    nan,    nan
20060629, 0600,  , TD, 22.2N, 109.6E,  25, 1002,    0,    0,    0,    0,    0,    0,    0,    0,    0,    0,    0,    0, -999,    nan,    nan,    nan,    nan,    nan,    nan,    nan,    nan,    nan,    nan,    nan,    nan,    nan,    nan,    nan,    nan,    nan,    nan,    nan,    nan,    nan,    nan,    nan,    nan,    nan,    nan,    nan,    nan,    nan,    nan,    nan
