WP042022,              CHABA,     23,
20220629, 0000,  , DB, 14.9N, 116.5E,  20, 1005,    0,    0,    0,    0,    0,    0,    0,    0,    0,    0,    0,    0, -999,  22.73,  22.53,  22.61,  22.79,  22.81,  22.83,  22.71,  23.36,  23.46,  23.02,  22.61,  22.78,  22.55,  22.62,  22.76,  22.73,  22.83,  22.52,  22.59,  22.84,  22.55,  21.84,  22.41,  22.44,  22.83,  22.78,  22.63,  22.44,  22.59,  22.47,  22.70
20220629, 0600,  , DB, 15.1N, 116.0E,  20,  999,    0,    0,    0,    0,    0,    0,    0,    0,    0,    0,    0,    0, -999,  21.58,  21.72,  21.74,  22.26,  22.48,  22.34,  22.61,  23.00,  23.53,  22.35,  22.30,  22.50,  22.02,  22.68,  22.73,  22.60,  22.68,  22.57,  22.51,  22.55,  22.41,  21.89,  21.99,  22.27,  22.66,  22.53,  22.48,  21.93,  22.05,  22.61,  22.21
20220629, 1200,  , TD, 15.3N, 115.6E,  25,  998,    0,    0,    0,    0,    0,    0,    0,    0,    0,    0,    0,    0, -999,  21.19,  21.54,  21.78,  21.98,  22.00,  21.77,  22.28,  22.84,  22.87,  21.86,  22.02,  22.16,  21.89,  22.34,  22.36,  22.54,  22.52,  21.32,  21.59,  21.76,  21.77,  21.19,  21.57,  22.08,  22.09,  21.68,  21.82,  21.86,  21.82,  22.42,  22.16
20220629, 1800,  , TD, 15.6N, 115.4E,  30,  993,    0,    0,    0,    0,    0,    0,    0,    0,    0,    0,    0,    0, -999,  21.31,  21.85,  21.86,  21.85,  21.80,  21.62,  21.98,  22.34,  22.34,  21.71,  21.97,  22.36,  21.91,  22.16,  22.19,  21.95,  22.26,  21.02,  21.16,  21.06,  20.96,  20.52,  20.78,  21.05,  20.71,  20.55,  20.80,  20.72,  20.84,  21.67,  21.71
20220630, 0000,  , TD, 15.9N, 115.4E,  30,  997,    0,    0,    0,    0,    0,    0,    0,    0,    0,    0,    0,    0, -999,  21.61,  21.79,  21.93,  21.84,  21.73,  21.95,  22.54,  22.54,  22.03,  22.27,  22.41,  21.58,  21.60,  22.01,  22.06,  22.32,  21.10,  21.21,  20.96,  20.64,  20.28,  20.32,  20.62,  20.28,  20.32,  20.59,  20.48,  20.56,  21.23,  21.41,  21.20
20220630, 0600,  , TS, 16.2N, 115.4E,  35,  994,    0,  140,   85,    0,    0,    0,    0,    0,    0,    0,    0,    0, -999,  21.76,  21.91,  22.01,  21.89,  21.50,  21.91,  21.91,  22.03,  21.39,  21.57,  21.84,  21.17,  21.29,  21.31,  21.45,  21.75,  20.01,  20.65,  20.25,  19.77,  19.53,  20.00,  20.46,  20.05,  19.99,  20.32,  20.20,  20.27,  20.74,  20.95,  20.73
20220630, 1200,  , TS, 17.2N, 115.1E,  35,  994,   95,  160,   90,    0,    0,    0,    0,    0,    0,    0,    0,    0, -999,  20.12,  19.92,  20.06,  20.24,  20.45,  20.60,  20.55,  20.40,  20.43,  20.55,  20.83,  20.38,  20.16,  19.90,  20.09,  20.27,  19.83,  19.91,  19.76,  19.72,  19.63,  19.14,  19.33,  19.29,  19.29,  19.41,  19.11,  19.08,  19.57,  19.59,  19.85
20220630, 1800,  , TS, 17.7N, 114.6E,  45,  987,  160,  185,  160,  125,    0,    0,    0,    0,    0,    0,    0,    0, -999,  19.19,  19.17,  19.46,  19.45,  19.73,  19.86,  19.92,  20.07,  19.98,  20.19,  20.32,  20.01,  19.90,  19.79,  19.95,  20.33,  19.95,  19.63,  19.71,  20.01,  19.28,  18.88,  19.21,  19.23,  19.07,  19.07,  18.72,  18.78,  19.26,  19.14,  19.34
20220701, 0000,  , TS, 18.3N, 114.1E,  50,  985,  160,  185,  190,  125,   40,  120,    0,    0,    0,    0,    0,    0, -999,  18.50,  18.59,  18.71,  18.78,  18.85,  18.98,  19.01,  19.11,  19.09,  19.28,  18.99,  19.07,  19.05,  19.18,  19.59,  19.61,  19.11,  19.54,  19.71,  19.16,  18.77,  19.06,  19.07,  18.62,  18.71,  18.54,  18.34,  18.81,  18.89,  18.88,  19.09
20220701, 0600,  , TS, 18.9N, 113.4E,  55,  982,  155,  185,  190,  125,   55,   95,    0,    0,    0,    0,    0,    0, -999,  18.05,  18.03,  18.13,  18.24,  18.34,  18.36,  18.49,  18.53,  18.65,  18.64,  18.58,  18.67,  18.73,  18.68,  19.03,  19.19,  18.37,  18.96,  19.22,  18.81,  18.73,  18.92,  18.82,  18.65,  18.62,  18.66,  18.59,  18.85,  19.05,  19.12,  19.45
20220701, 1200,  , TS, 19.3N, 112.9E,  55,  982,  150,  150,  160,  120,    0,   60,    0,    0,    0,    0,    0,    0, -999,  18.59,  18.70,  18.70,  18.48,  18.53,  18.59,  18.61,  18.81,  18.70,  18.64,  18.77,  18.82,  18.70,  18.81,  18.93,  19.05,  18.45,  18.06,  18.06,  18.30,  18.47,  18.32,  18.03,  18.09,  18.43,  18.23,  18.25,  18.83,  18.86,  18.83,  19.26
20220701, 1800,  , HU, 20.2N, 112.2E,  65,  975,  155,  145,  130,  135,   75,   70,   50,   65,   50,   45,    0,   30, -999,    nan,    nan,    nan,    nan,    nan,    nan,    nan,    nan,    nan,    nan,    nan,    nan,    nan,    nan,    nan,    nan,    nan,    nan,    nan,    nan,    nan,    nan,    nan,    nan,    nan,    nan,    nan,    nan,    nan,    nan,    nan
20220702, 0000,  , HU, 20.6N, 111.7E,  75,  969,  145,  140,  100,  125,   75,   70,   60,   65,   45,   40,   25,   30, -999,    nan,    nan,    nan,    nan,    nan,    nan,    nan,    nan,    nan,    nan,    nan,    nan,    nan,    nan,    nan,    nan,    nan,    nan,    nan,    nan,    nan,    nan,    nan,    nan,    nan,    nan,    nan,    nan,    nan,    nan,    nan
20220702, 0600,  , HU, 21.2N, 111.3E,  75,  967,  140,  130,  100,  105,   85,   90,   85,   50,   45,   50,   45,   25, -999,    nan,    nan,    nan,    nan,    nan,    nan,    nan,    nan,    nan,    nan,    nan,    nan,    nan,    nan,    nan,    nan,    nan,    nan,    nan,    nan,    nan,    nan,    nan,    nan,    nan,    nan,    nan,    nan,    nan,    nan,    nan
20220702, 1200,  , TS, 21.9N, 110.9E,  60,  974,  125,  120,  100,  100,   80,   90,   70,   50,    0,    0,    0,    0, -999,    nan,    nan,    nan,    nan,    nan,    nan,    nan,    nan,    nan,    nan,    nan,    nan,    nan,    nan,    nan,    nan,    nan,    nan,    nan,    nan,    nan,    nan,    nan,    nan,    nan,    nan,    nan,    nan,    nan,    nan,    nan
20220702, 1800,  , TS, 22.7N, 110.6E,  45,  983,  110,  110,  100,   90,    0,    0,    0,    0,    0,    0,    0,    0, -999,    nan,    nan,    nan,    nan,    nan,    nan,    nan,    nan,    nan,    nan,    nan,    nan,    nan,    nan,    nan,    nan,    nan,    nan,    nan,    nan,    nan,    nan,    nan,    nan,    nan,    nan,    nan,    nan,    nan,    nan,    nan
20220703, 0000,  , TS, 23.8N, 110.8E,  40,  986,   90,  105,    0,    0,    0,    0,    0,    0,    0,    0,    0,    0, -999,    nan,    nan,    nan,    nan,    nan,    nan,    nan,    nan,    nan,    nan,    nan,    nan,    nan,    nan,    nan,    nan,    nan,    nan,    nan,    nan,    nan,    nan,    nan,    nan,    nan,    nan,    nan,    nan,    nan,    nan,    nan
20220703, 0600,  , TS, 24.6N, 110.9E,  35,  993,   75,   80,    0,    0,    0,    0,    0,    0,    0,    0,    0,    0, -999,    nan,    nan,    nan,    nan,    nan,    nan,    nan,    nan,    nan,    nan,    nan,    nan,    nan,    nan,    nan,    nan,    nan,    nan,    nan,    nan,    nan,    nan,    nan,    nan,    nan,    nan,    nan,    nan,    nan,    nan,    nan
20220703, 1200,  , TD, 25.2N, 111.1E,  25,  995,    0,    0,    0,    0,    0,    0,    0,    0,    0,    0,    0,    0, -999,    nan,    nan,    nan,    nan,    nan,    nan,    nan,    nan,    nan,    nan,    nan,    nan,    nan,    nan,    nan,    nan,    nan,    nan,    nan,    nan,    nan,    nan,    nan,    nan,    nan,    nan,    nan,    nan,    nan,    nan,    nan
20220703, 1800,  , TD, 25.7N, 111.5E,  25,  995,    0,    0,    0,    0,    0,    0,    0,    0,    0,    0,    0,    0, -999,    nan,    nan,    nan,    nan,    nan,    nan,    nan,    nan,    nan,    nan,    nan,    nan,    nan,    nan,    nan,    nan,    nan,    nan,    nan,    nan,    nan,    nan,    nan,    nan,    nan,    nan,    nan,    nan,    nan,    nan,    nan
20220704, 0000,  , DB, 26.2N, 111.9E,  20, 1007,    0,    0,    0,    0,    0,    0,    0,    0,    0,    0,    0,    0, -999,    nan,    nan,    nan,    nan,    nan,    nan,    nan,    nan,    nan,    nan,    nan,    nan,    nan,    nan,    nan,    nan,    nan,    nan,    nan,    nan,    nan,    nan,    nan,    nan,    nan,    nan,    nan,    nan,    nan,    nan,    nan
20220704, 0600,  , DB, 26.5N, 112.2E,  20, 1007,    0,    0,    0,    0,    0,    0,    0,    0,    0,    0,    0,    0, -999,    nan,    nan,    nan,    nan,    nan,    nan,    nan,    nan,    nan,    nan,    nan,    nan,    nan,    nan,    nan,    nan,    nan,    nan,    nan,    nan,    nan,    nan,    nan,    nan,    nan,    nan,    nan,    nan,    nan,    nan,    nan
20220704, 1200,  , DB, 26.9N, 112.9E,  15, 1010,    0,    0,    0,    0,    0,    0,    0,    0,    0,    0,    0,    0, -999,    nan,    nan,    nan,    nan,    nan,    nan,    nan,    nan,    nan,    nan,    nan,    nan,    nan,    nan,    nan,    nan,    nan,    nan,    nan,    nan,    nan,    nan,    nan,    nan,    nan,    nan,    nan,    nan,    nan,    nan,    nan
