WP041995,            UNNAMED,     42,
19950530, 0000,  , LO,  5.2N, 155.5E,  15,    0,    0,    0,    0,    0,    0,    0,    0,    0,    0,    0,    0,    0, -999,  34.57,  34.63,  34.61,  34.66,  34.54,  34.44,  34.45,  34.48,  34.51,  34.46,  34.48,  34.49,  34.51,  34.54,  34.53,  34.50,  34.46,  34.47,  34.45,  34.50,  34.50,  34.45,  34.44,  34.46,  34.39,  34.39,  34.46,  34.40,  34.44,  34.41,  34.40
19950530, 0600,  , LO,  5.5N, 155.4E,  15,    0,    0,    0,    0,    0,    0,    0,    0,    0,    0,    0,    0,    0, -999,  34.52,  34.55,  34.51,  34.45,  34.48,  34.42,  34.38,  34.38,  34.38,  34.47,  34.50,  34.47,  34.47,  34.44,  34.46,  34.49,  34.46,  34.44,  34.44,  34.45,  34.44,  34.43,  34.45,  34.47,  34.45,  34.44,  34.43,  34.42,  34.44,  34.53,  34.37
19950530, 1200,  , LO,  5.8N, 155.3E,  15,    0,    0,    0,    0,    0,    0,    0,    0,    0,    0,    0,    0,    0, -999,  34.51,  34.49,  34.53,  34.42,  34.45,  34.38,  34.36,  34.39,  34.36,  34.38,  34.45,  34.46,  34.45,  34.48,  34.42,  34.45,  34.51,  34.43,  34.41,  34.50,  34.42,  34.41,  34.44,  34.46,  34.45,  34.45,  34.43,  34.40,  34.42,  34.51,  34.40
19950530, 1800,  , LO,  6.1N, 155.2E,  15,    0,    0,    0,    0,    0,    0,    0,    0,    0,    0,    0,    0,    0, -999,  34.51,  34.50,  34.48,  34.39,  34.32,  34.41,  34.45,  34.47,  34.47,  34.47,  34.48,  34.50,  34.51,  34.46,  34.45,  34.45,  34.50,  34.45,  34.45,  34.45,  34.45,  34.44,  34.44,  34.43,  34.47,  34.43,  34.42,  34.41,  34.45,  34.47,  34.39
19950531, 0000,  , LO,  6.4N, 154.9E,  15,    0,    0,    0,    0,    0,    0,    0,    0,    0,    0,    0,    0,    0, -999,  34.50,  34.50,  34.48,  34.43,  34.43,  34.43,  34.45,  34.45,  34.45,  34.45,  34.46,  34.48,  34.45,  34.44,  34.43,  34.42,  34.42,  34.41,  34.42,  34.41,  34.41,  34.40,  34.40,  34.41,  34.41,  34.41,  34.39,  34.41,  34.41,  34.41,  34.40
19950531, 0600,  , LO,  6.6N, 154.5E,  15,    0,    0,    0,    0,    0,    0,    0,    0,    0,    0,    0,    0,    0, -999,  34.47,  34.47,  34.41,  34.39,  34.42,  34.43,  34.44,  34.44,  34.44,  34.45,  34.45,  34.46,  34.42,  34.42,  34.42,  34.41,  34.41,  34.41,  34.41,  34.42,  34.41,  34.42,  34.44,  34.42,  34.42,  34.42,  34.41,  34.42,  34.43,  34.42,  34.41
19950531, 1200,  , LO,  6.7N, 154.0E,  15,    0,    0,    0,    0,    0,    0,    0,    0,    0,    0,    0,    0,    0, -999,  34.42,  34.41,  34.42,  34.44,  34.43,  34.43,  34.43,  34.43,  34.42,  34.42,  34.43,  34.44,  34.42,  34.40,  34.40,  34.39,  34.40,  34.42,  34.44,  34.44,  34.44,  34.44,  34.43,  34.41,  34.40,  34.40,  34.40,  34.37,  34.36,  34.37,  34.39
19950531, 1800,  , LO,  6.7N, 153.4E,  15,    0,    0,    0,    0,    0,    0,    0,    0,    0,    0,    0,    0,    0, -999,  34.44,  34.44,  34.42,  34.38,  34.42,  34.44,  34.45,  34.44,  34.44,  34.45,  34.46,  34.46,  34.43,  34.42,  34.41,  34.40,  34.42,  34.39,  34.37,  34.32,  34.29,  34.30,  34.31,  34.32,  34.36,  34.38,  34.33,  34.29,  34.29,  34.29,  34.30
19950601, 0000,  , LO,  6.8N, 152.8E,  15,    0,    0,    0,    0,    0,    0,    0,    0,    0,    0,    0,    0,    0, -999,  34.50,  34.49,  34.49,  34.50,  34.50,  34.50,  34.50,  34.50,  34.47,  34.43,  34.40,  34.37,  34.34,  34.31,  34.30,  34.38,  34.38,  34.41,  34.35,  34.34,  34.37,  34.39,  34.35,  34.37,  34.33,  34.35,  34.33,  34.31,  34.28,  34.28,  34.30
19950601, 0600,  , LO,  6.9N, 152.2E,  15,    0,    0,    0,    0,    0,    0,    0,    0,    0,    0,    0,    0,    0, -999,  34.40,  34.38,  34.44,  34.36,  34.34,  34.33,  34.43,  34.35,  34.50,  34.49,  34.50,  34.52,  34.48,  34.43,  34.39,  34.45,  34.50,  34.45,  34.45,  34.39,  34.38,  34.39,  34.41,  34.41,  34.38,  34.37,  34.36,  34.41,  34.41,  34.49,  34.42
19950601, 1200,  , LO,  7.1N, 151.5E,  20,    0,    0,    0,    0,    0,    0,    0,    0,    0,    0,    0,    0,    0, -999,  34.37,  34.40,  34.36,  34.35,  34.38,  34.41,  34.43,  34.44,  34.46,  34.46,  34.48,  34.48,  34.49,  34.46,  34.49,  34.51,  34.49,  34.45,  34.32,  34.36,  34.36,  34.34,  34.34,  34.45,  34.39,  34.34,  34.34,  34.31,  34.33,  34.31,  34.31
19950601, 1800,  , LO,  7.4N, 150.9E,  20,    0,    0,    0,    0,    0,    0,    0,    0,    0,    0,    0,    0,    0, -999,  34.30,  34.30,  34.30,  34.30,  34.31,  34.33,  34.42,  34.38,  34.38,  34.39,  34.41,  34.43,  34.37,  34.37,  34.37,  34.35,  34.31,  34.27,  34.28,  34.30,  34.32,  34.33,  34.37,  34.38,  34.37,  34.37,  34.36,  34.35,  34.33,  34.27,  34.25
19950602, 0000,  , LO,  8.0N, 150.3E,  20,    0,    0,    0,    0,    0,    0,    0,    0,    0,    0,    0,    0,    0, -999,  34.30,  34.30,  34.29,  34.28,  34.30,  34.29,  34.30,  34.30,  34.29,  34.34,  34.29,  34.28,  34.33,  34.30,  34.27,  34.31,  34.34,  34.31,  34.32,  34.33,  34.34,  34.34,  34.34,  34.35,  34.34,  34.34,  34.35,  34.36,  34.35,  34.34,  34.35
19950602, 0600,  , LO,  8.7N, 149.9E,  20,    0,    0,    0,    0,    0,    0,    0,    0,    0,    0,    0,    0,    0, -999,  34.41,  34.38,  34.39,  34.39,  34.42,  34.44,  34.45,  34.46,  34.45,  34.47,  34.44,  34.45,  34.45,  34.46,  34.45,  34.43,  34.45,  34.46,  34.42,  34.43,  34.36,  34.38,  34.39,  34.38,  34.36,  34.36,  34.36,  34.36,  34.36,  34.36,  34.36
19950602, 1200,  , LO,  9.5N, 149.5E,  20,    0,    0,    0,    0,    0,    0,    0,    0,    0,    0,    0,    0,    0, -999,  34.58,  34.58,  34.58,  34.57,  34.55,  34.55,  34.55,  34.56,  34.57,  34.57,  34.57,  34.58,  34.57,  34.55,  34.63,  34.49,  34.47,  34.48,  34.48,  34.42,  34.42,  34.40,  34.42,  34.42,  34.42,  34.42,  34.38,  34.37,  34.37,  34.35,  34.35
19950602, 1800,  , LO, 10.3N, 148.9E,  20,    0,    0,    0,    0,    0,    0,    0,    0,    0,    0,    0,    0,    0, -999,  34.59,  34.58,  34.58,  34.55,  34.55,  34.53,  34.53,  34.51,  34.50,  34.49,  34.54,  34.53,  34.54,  34.56,  34.56,  34.47,  34.43,  34.42,  34.37,  34.42,  34.43,  34.44,  34.44,  34.41,  34.36,  34.34,  34.26,  34.27,  34.38,  34.40,  34.38
19950603, 0000,  , LO, 11.0N, 148.2E,  20,    0,    0,    0,    0,    0,    0,    0,    0,    0,    0,    0,    0,    0, -999,  34.54,  34.53,  34.55,  34.57,  34.59,  34.57,  34.57,  34.56,  34.54,  34.54,  34.54,  34.56,  34.56,  34.60,  34.59,  34.62,  34.62,  34.62,  34.59,  34.57,  34.54,  34.48,  34.47,  34.44,  34.28,  34.25,  34.26,  34.28,  34.23,  34.20,  34.19
19950603, 0600,  , LO, 11.7N, 147.5E,  25,    0,    0,    0,    0,    0,    0,    0,    0,    0,    0,    0,    0,    0, -999,  34.57,  34.56,  34.58,  34.62,  34.60,  34.58,  34.57,  34.59,  34.61,  34.62,  34.58,  34.55,  34.52,  34.54,  34.57,  34.59,  34.57,  34.56,  34.56,  34.56,  34.59,  34.60,  34.62,  34.61,  34.61,  34.59,  34.61,  34.60,  34.58,  34.58,  34.56
19950603, 1200,  , LO, 12.2N, 146.6E,  25,    0,    0,    0,    0,    0,    0,    0,    0,    0,    0,    0,    0,    0, -999,  34.43,  34.43,  34.43,  34.43,  34.42,  34.42,  34.43,  34.44,  34.45,  34.54,  34.64,  34.64,  34.57,  34.59,  34.56,  34.55,  34.55,  34.51,  34.51,  34.48,  34.55,  34.53,  34.55,  34.58,  34.63,  34.64,  34.63,  34.63,  34.65,  34.64,  34.66
19950603, 1800,  , LO, 12.6N, 145.7E,  30,    0,    0,    0,    0,    0,    0,    0,    0,    0,    0,    0,    0,    0, -999,  34.54,  34.49,  34.46,  34.46,  34.46,  34.47,  34.48,  34.46,  34.46,  34.48,  34.43,  34.45,  34.45,  34.41,  34.45,  34.44,  34.53,  34.53,  34.52,  34.52,  34.52,  34.52,  34.52,  34.51,  34.55,  34.57,  34.58,  34.64,  34.64,  34.63,  34.63
19950604, 0000,  , TS, 13.0N, 144.8E,  35,    0,    0,    0,    0,    0,    0,    0,    0,    0,    0,    0,    0,    0, -999,  34.47,  34.54,  34.61,  34.61,  34.57,  34.66,  34.65,  34.60,  34.56,  34.54,  34.50,  34.48,  34.45,  34.48,  34.46,  34.44,  34.52,  34.55,  34.53,  34.58,  34.59,  34.60,  34.67,  34.66,  34.69,  34.68,  34.64,  34.57,  34.57,  34.59,  34.59
19950604, 0600,  , TS, 13.3N, 143.8E,  40,    0,    0,    0,    0,    0,    0,    0,    0,    0,    0,    0,    0,    0, -999,  34.57,  34.56,  34.60,  34.61,  34.60,  34.60,  34.58,  34.63,  34.68,  34.74,  34.74,  34.70,  34.67,  34.68,  34.68,  34.70,  34.68,  34.64,  34.63,  34.60,  34.59,  34.59,  34.56,  34.55,  34.51,  34.52,  34.47,  34.50,  34.49,  34.50,  34.50
19950604, 1200,  , TS, 13.5N, 142.8E,  40,    0,    0,    0,    0,    0,    0,    0,    0,    0,    0,    0,    0,    0, -999,  34.72,  34.68,  34.62,  34.65,  34.63,  34.61,  34.60,  34.61,  34.60,  34.61,  34.61,  34.57,  34.62,  34.61,  34.64,  34.62,  34.64,  34.64,  34.65,  34.62,  34.61,  34.59,  34.57,  34.55,  34.54,  34.54,  34.53,  34.52,  34.50,  34.51,  34.52
19950604, 1800,  , TS, 13.7N, 141.8E,  40,    0,    0,    0,    0,    0,    0,    0,    0,    0,    0,    0,    0,    0, -999,  34.68,  34.70,  34.69,  34.69,  34.71,  34.70,  34.66,  34.64,  34.62,  34.63,  34.65,  34.62,  34.57,  34.58,  34.61,  34.60,  34.64,  34.66,  34.68,  34.67,  34.67,  34.67,  34.68,  34.69,  34.68,  34.66,  34.64,  34.63,  34.63,  34.63,  34.63
19950605, 0000,  , TS, 14.0N, 140.8E,  40,    0,    0,    0,    0,    0,    0,    0,    0,    0,    0,    0,    0,    0, -999,  34.68,  34.69,  34.71,  34.71,  34.72,  34.71,  34.72,  34.70,  34.69,  34.72,  34.70,  34.67,  34.65,  34.66,  34.67,  34.67,  34.67,  34.66,  34.62,  34.60,  34.61,  34.59,  34.61,  34.61,  34.62,  34.62,  34.63,  34.64,  34.67,  34.67,  34.67
19950605, 0600,  , TS, 14.4N, 139.8E,  35,    0,    0,    0,    0,    0,    0,    0,    0,    0,    0,    0,    0,    0, -999,  34.66,  34.67,  34.67,  34.69,  34.81,  34.77,  34.74,  34.74,  34.72,  34.71,  34.70,  34.69,  34.69,  34.69,  34.69,  34.70,  34.71,  34.70,  34.69,  34.71,  34.73,  34.75,  34.74,  34.72,  34.71,  34.68,  34.68,  34.67,  34.66,  34.65,  34.62
19950605, 1200,  , TS, 14.9N, 138.9E,  35,    0,    0,    0,    0,    0,    0,    0,    0,    0,    0,    0,    0,    0, -999,  34.78,  34.75,  34.67,  34.62,  34.61,  34.61,  34.62,  34.64,  34.65,  34.69,  34.73,  34.74,  34.75,  34.72,  34.71,  34.66,  34.64,  34.63,  34.65,  34.65,  34.67,  34.64,  34.66,  34.63,  34.62,  34.62,  34.65,  34.65,  34.64,  34.63,  34.66
19950605, 1800,  , TS, 15.6N, 138.1E,  35,    0,    0,    0,    0,    0,    0,    0,    0,    0,    0,    0,    0,    0, -999,  34.71,  34.71,  34.71,  34.70,  34.70,  34.70,  34.69,  34.69,  34.70,  34.70,  34.65,  34.65,  34.62,  34.63,  34.64,  34.64,  34.64,  34.66,  34.65,  34.68,  34.71,  34.73,  34.73,  34.75,  34.71,  34.67,  34.65,  34.65,  34.65,  34.64,  34.64
19950606, 0000,  , TS, 16.4N, 137.6E,  35,    0,    0,    0,    0,    0,    0,    0,    0,    0,    0,    0,    0,    0, -999,  34.68,  34.69,  34.71,  34.82,  34.86,  34.86,  34.86,  34.84,  34.83,  34.77,  34.69,  34.67,  34.67,  34.66,  34.66,  34.67,  34.69,  34.71,  34.75,  34.77,  34.80,  34.80,  34.78,  34.75,  34.74,  34.73,  34.71,  34.66,  34.63,  34.64,  34.66
19950606, 0600,  , TS, 17.2N, 137.3E,  35,    0,    0,    0,    0,    0,    0,    0,    0,    0,    0,    0,    0,    0, -999,  34.79,  34.87,  34.88,  34.87,  34.90,  34.90,  34.87,  34.86,  34.85,  34.83,  34.84,  34.83,  34.86,  34.87,  34.86,  34.85,  34.84,  34.83,  34.83,  34.84,  34.83,  34.83,  34.81,  34.78,  34.81,  34.87,  34.85,  34.80,  34.81,  34.80,  34.79
19950606, 1200,  , TS, 17.8N, 137.2E,  35,    0,    0,    0,    0,    0,    0,    0,    0,    0,    0,    0,    0,    0, -999,  34.82,  34.84,  34.86,  34.92,  34.92,  34.91,  34.90,  34.90,  34.88,  34.86,  34.85,  34.87,  34.93,  34.92,  34.89,  34.89,  34.91,  34.90,  34.85,  34.83,  34.84,  34.82,  34.79,  34.78,  34.78,  34.79,  34.80,  34.78,  34.78,  34.79,  34.79
19950606, 1800,  , TS, 18.3N, 137.2E,  35,    0,    0,    0,    0,    0,    0,    0,    0,    0,    0,    0,    0,    0, -999,  34.91,  34.89,  34.89,  34.88,  34.84,  34.85,  34.83,  34.83,  34.84,  34.85,  34.86,  34.87,  34.87,  34.90,  34.89,  34.89,  34.88,  34.85,  34.78,  34.77,  34.78,  34.79,  34.78,  34.78,  34.76,  34.73,  34.75,  34.77,  34.78,  34.78,  34.78
19950607, 0000,  , TS, 18.8N, 137.3E,  35,    0,    0,    0,    0,    0,    0,    0,    0,    0,    0,    0,    0,    0, -999,  34.91,  34.93,  34.95,  34.91,  34.89,  34.88,  34.87,  34.84,  34.82,  34.82,  34.82,  34.83,  34.88,  34.91,  34.91,  34.91,  34.91,  34.85,  34.81,  34.81,  34.82,  34.81,  34.82,  34.83,  34.83,  34.82,  34.82,  34.83,  34.83,  34.84,  34.85
19950607, 0600,  , TS, 19.2N, 137.3E,  35,    0,    0,    0,    0,    0,    0,    0,    0,    0,    0,    0,    0,    0, -999,  34.89,  34.89,  34.89,  34.87,  34.88,  34.86,  34.85,  34.86,  34.87,  34.87,  34.85,  34.85,  34.87,  34.89,  34.91,  34.92,  34.92,  34.87,  34.85,  34.87,  34.87,  34.87,  34.87,  34.87,  34.88,  34.87,  34.87,  34.88,  34.89,  34.89,  34.89
19950607, 1200,  , TS, 19.6N, 137.3E,  35,    0,    0,    0,    0,    0,    0,    0,    0,    0,    0,    0,    0,    0, -999,  34.80,  34.79,  34.77,  34.79,  34.80,  34.82,  34.80,  34.82,  34.91,  34.90,  34.90,  34.89,  34.88,  34.89,  34.89,  34.91,  34.92,  34.91,  34.90,  34.89,  34.88,  34.87,  34.88,  34.90,  34.90,  34.88,  34.87,  34.90,  34.86,  34.91,  34.87
19950607, 1800,  , TS, 20.1N, 137.2E,  35,    0,    0,    0,    0,    0,    0,    0,    0,    0,    0,    0,    0,    0, -999,  34.83,  34.82,  34.81,  34.81,  34.80,  34.79,  34.79,  34.78,  34.76,  34.75,  34.76,  34.79,  34.82,  34.81,  34.82,  34.84,  34.86,  34.86,  34.89,  34.88,  34.87,  34.88,  34.88,  34.88,  34.87,  34.87,  34.88,  34.85,  34.89,  34.89,  34.86
19950608, 0000,  , LO, 20.8N, 137.2E,  30,    0,    0,    0,    0,    0,    0,    0,    0,    0,    0,    0,    0,    0, -999,  34.78,  34.79,  34.78,  34.81,  34.86,  34.83,  34.80,  34.78,  34.76,  34.75,  34.74,  34.72,  34.72,  34.72,  34.72,  34.72,  34.72,  34.76,  34.84,  34.89,  34.87,  34.85,  34.90,  34.92,  34.90,  34.91,  34.90,  34.88,  34.88,  34.89,  34.86
19950608, 0600,  , LO, 21.7N, 137.3E,  30,    0,    0,    0,    0,    0,    0,    0,    0,    0,    0,    0,    0,    0, -999,  34.71,  34.73,  34.77,  34.79,  34.81,  34.84,  34.85,  34.85,  34.80,  34.78,  34.76,  34.76,  34.75,  34.74,  34.74,  34.77,  34.80,  34.83,  34.86,  34.87,  34.88,  34.87,  34.88,  34.88,  34.87,  34.87,  34.84,  34.82,  34.81,  34.80,  34.78
19950608, 1200,  , LO, 22.8N, 137.7E,  30,    0,    0,    0,    0,    0,    0,    0,    0,    0,    0,    0,    0,    0, -999,  34.87,  34.86,  34.83,  34.81,  34.81,  34.81,  34.82,  34.83,  34.79,  34.77,  34.77,  34.78,  34.78,  34.78,  34.78,  34.78,  34.78,  34.78,  34.79,  34.82,  34.86,  34.89,  34.92,  34.95,  34.94,  34.98,  34.98,  34.95,  34.91,  34.87,  34.84
19950608, 1800,  , LO, 24.1N, 138.5E,  30,    0,    0,    0,    0,    0,    0,    0,    0,    0,    0,    0,    0,    0, -999,  34.82,  34.81,  34.82,  34.82,  34.83,  34.83,  34.83,  34.82,  34.81,  34.81,  34.83,  34.86,  34.88,  34.86,  34.86,  34.82,  34.80,  34.77,  34.75,  34.76,  34.77,  34.78,  34.80,  34.83,  34.81,  34.77,  34.75,  34.76,  34.80,  34.87,  34.85
19950609, 0000,  , LO, 25.7N, 139.7E,  30,    0,    0,    0,    0,    0,    0,    0,    0,    0,    0,    0,    0,    0, -999,  34.76,  34.72,  34.69,  34.70,  34.73,  34.78,  34.82,  34.82,  34.84,  34.88,  34.87,  34.86,  34.87,  34.86,  34.86,  34.87,  34.88,  34.88,  34.88,  34.88,  34.87,  34.84,  34.82,  34.82,  34.82,  34.77,  34.75,  34.77,  34.77,  34.81,  34.81
19950609, 0600,  , LO, 27.9N, 141.5E,  25,    0,    0,    0,    0,    0,    0,    0,    0,    0,    0,    0,    0,    0, -999,  34.91,  34.90,  34.90,  34.90,  34.90,  34.90,  34.91,  34.92,  34.91,  34.91,  34.90,  34.90,  34.89,  34.89,  34.89,  34.90,  34.91,  34.92,  34.92,  34.91,  34.91,  34.91,  34.90,  34.86,  34.83,  34.83,  34.77,  34.80,  34.78,  34.75,  34.73
