WP052009,           SOUDELOR,     19,
20090708, 0000,  , DB, 17.4N, 128.8E,  15, 1010,    0,    0,    0,    0,    0,    0,    0,    0,    0,    0,    0,    0, -999,  34.83,  34.76,  34.88,  34.83,  34.82,  34.71,  34.65,  34.63,  34.61,  34.50,  34.43,  34.44,  34.49,  34.58,  34.49,  34.50,  34.45,  34.41,  34.41,  34.51,  34.52,  34.51,  34.50,  34.41,  34.44,  34.51,  34.57,  34.51,  34.51,  34.54,  34.59
20090708, 0600,  , DB, 17.5N, 128.0E,  15, 1006,    0,    0,    0,    0,    0,    0,    0,    0,    0,    0,    0,    0, -999,  34.62,  34.68,  34.85,  34.78,  34.67,  34.67,  34.62,  34.54,  34.45,  34.31,  34.28,  34.32,  34.38,  34.46,  34.40,  34.46,  34.45,  34.44,  34.49,  34.54,  34.50,  34.41,  34.37,  34.38,  34.45,  34.59,  34.66,  34.59,  34.74,  34.66,  34.59
20090708, 1200,  , DB, 17.9N, 127.4E,  15, 1006,    0,    0,    0,    0,    0,    0,    0,    0,    0,    0,    0,    0, -999,  34.67,  34.70,  34.65,  34.63,  34.59,  34.57,  34.63,  34.65,  34.63,  34.68,  34.66,  34.61,  34.56,  34.55,  34.55,  34.56,  34.41,  34.47,  34.37,  34.49,  34.60,  34.55,  34.51,  34.55,  34.58,  34.67,  34.73,  34.69,  34.66,  34.94,  34.59
20090708, 1800,  , DB, 18.1N, 126.8E,  15, 1005,    0,    0,    0,    0,    0,    0,    0,    0,    0,    0,    0,    0, -999,  34.67,  34.67,  34.70,  34.73,  34.68,  34.69,  34.69,  34.66,  34.66,  34.66,  34.65,  34.66,  34.68,  34.67,  34.62,  34.58,  34.58,  34.60,  34.63,  34.72,  34.73,  34.67,  34.61,  34.63,  34.62,  34.64,  34.66,  34.68,  34.65,  34.62,  34.65
20090709, 0000,  , DB, 18.1N, 126.1E,  15, 1010,    0,    0,    0,    0,    0,    0,    0,    0,    0,    0,    0,    0, -999,  34.71,  34.84,  34.83,  34.60,  34.61,  34.55,  34.45,  34.46,  34.49,  34.49,  34.56,  34.49,  34.57,  34.65,  34.67,  34.73,  34.76,  34.75,  34.73,  34.67,  34.63,  34.60,  34.62,  34.56,  34.55,  34.54,  34.53,  34.60,  34.65,  34.66,  34.70
20090709, 0600,  , DB, 18.3N, 125.0E,  20, 1007,    0,    0,    0,    0,    0,    0,    0,    0,    0,    0,    0,    0, -999,  34.76,  34.61,  34.63,  34.63,  34.74,  34.78,  34.69,  34.49,  34.50,  34.52,  34.50,  34.49,  34.45,  34.23,  34.46,  34.70,  34.75,  34.75,  34.68,  34.58,  34.58,  34.61,  34.64,  34.58,  34.61,  34.60,  34.59,  34.62,  34.63,  34.59,  34.58
20090709, 1200,  , DB, 18.4N, 123.8E,  20, 1003,    0,    0,    0,    0,    0,    0,    0,    0,    0,    0,    0,    0, -999,  34.67,  34.72,  34.67,  34.50,  34.48,  34.50,  34.49,  34.35,  34.31,  34.33,  34.31,  34.39,  34.42,  34.32,  34.34,  34.32,  34.35,  34.38,  34.41,  34.45,  34.53,  34.60,  34.63,  34.72,  34.65,  34.62,  34.63,  34.65,  34.63,  34.59,  34.64
20090709, 1800,  , TD, 18.6N, 122.4E,  25, 1002,    0,    0,    0,    0,    0,    0,    0,    0,    0,    0,    0,    0, -999,  34.63,  34.71,  34.64,  34.81,  34.67,  34.61,  34.48,  34.33,  34.38,  34.37,  34.41,  34.36,  34.39,  34.51,  34.44,  34.37,  34.33,  34.41,  34.55,  34.54,  34.43,  34.53,  34.43,  34.51,  34.41,  34.57,  34.48,  34.54,  34.54,  34.47,  34.40
20090710, 0000,  , TD, 18.8N, 120.7E,  30, 1000,    0,    0,    0,    0,    0,    0,    0,    0,    0,    0,    0,    0, -999,  33.96,  34.07,  33.94,  33.86,  33.88,  33.87,  33.84,  33.83,  33.80,  33.75,  33.85,  34.43,  34.39,  34.39,  34.34,  34.19,  33.80,  33.86,  33.82,  33.69,  33.63,  33.64,  33.66,  33.59,  33.34,  33.38,  33.42,  33.41,  33.44,  33.46,  33.59
20090710, 0600,  , TD, 19.3N, 119.9E,  30, 1000,    0,    0,    0,    0,    0,    0,    0,    0,    0,    0,    0,    0, -999,  34.05,  33.95,  33.79,  33.84,  33.61,  33.36,  33.48,  33.56,  33.67,  33.67,  33.73,  33.75,  33.79,  33.78,  33.67,  33.50,  33.48,  33.70,  33.75,  33.61,  33.55,  33.47,  33.53,  33.56,  33.30,  33.36,  33.41,  33.47,  33.46,  33.38,  33.33
20090710, 1200,  , TD, 19.3N, 118.9E,  30, 1002,    0,    0,    0,    0,    0,    0,    0,    0,    0,    0,    0,    0, -999,  34.35,  34.37,  34.68,  34.73,  34.68,  34.50,  34.29,  34.27,  33.82,  33.55,  33.72,  33.77,  33.47,  33.42,  33.44,  33.53,  33.68,  33.59,  33.48,  33.69,  33.90,  34.71,  34.34,  33.75,  34.35,  34.30,  34.17,  33.93,  33.55,  33.57,  33.87
20090710, 1800,  , TD, 19.5N, 117.3E,  30,  999,    0,    0,    0,    0,    0,    0,    0,    0,    0,    0,    0,    0, -999,  34.15,  34.24,  34.35,  34.36,  34.45,  34.53,  34.78,  34.84,  34.24,  34.68,  34.77,  34.68,  34.72,  34.70,  34.55,  34.68,  34.71,  34.85,  34.60,  34.53,  34.31,  34.27,  34.43,  34.44,  34.39,  34.37,  34.60,  34.54,  34.50,  34.44,  34.25
20090711, 0000,  , TS, 19.7N, 115.7E,  35,  996,    0,    0,    0,    0,    0,    0,    0,    0,    0,    0,    0,    0, -999,  34.48,  34.53,  34.42,  34.39,  34.38,  34.40,  34.45,  34.46,  34.40,  34.39,  34.38,  34.31,  34.27,  34.24,  34.20,  34.20,  34.09,  34.05,  34.06,  34.09,  34.21,  34.23,  34.03,  34.16,  34.09,  34.23,  34.40,  34.31,  34.21,  33.82,  33.80
20090711, 0600,  , TD, 20.2N, 114.0E,  30, 1000,    0,    0,    0,    0,    0,    0,    0,    0,    0,    0,    0,    0, -999,  33.92,  34.01,  34.03,  34.00,  33.97,  33.97,  34.14,  33.91,  33.94,  34.06,  33.87,  33.90,  33.82,  33.91,  33.93,  33.91,  33.77,  33.84,  33.86,  33.92,  33.79,  33.79,  33.78,  33.76,  33.87,  33.90,  33.83,  33.86,  33.88,  33.95,  33.87
20090711, 1200,  , TD, 20.0N, 112.9E,  30, 1000,    0,    0,    0,    0,    0,    0,    0,    0,    0,    0,    0,    0, -999,  33.89,  33.94,  34.26,  33.96,  33.75,  33.72,  33.68,  33.64,  33.66,  33.70,  33.74,  33.75,  33.76,  33.76,  33.79,  33.84,  33.77,  33.82,  33.87,  33.89,  33.86,  33.86,  33.87,  33.86,  33.86,  33.87,  33.88,  33.90,  33.96,  33.91,  33.88
20090711, 1800,  , TD, 20.2N, 111.6E,  30, 1000,    0,    0,    0,    0,    0,    0,    0,    0,    0,    0,    0,    0, -999,  34.51,  34.48,  34.52,  34.51,  34.53,  34.55,  34.59,  34.64,  34.67,  34.66,  34.62,  34.62,  34.60,  34.61,  34.60,  34.59,  34.59,  34.61,  34.61,  34.62,  34.62,  34.62,  34.62,  34.62,  34.59,  34.57,  34.53,  34.53,  34.56,  34.59,  34.60
20090712, 0000,  , TD, 20.5N, 110.1E,  30,  998,    0,    0,    0,    0,    0,    0,    0,    0,    0,    0,    0,    0, -999,    nan,    nan,    nan,    nan,    nan,    nan,    nan,    nan,    nan,    nan,    nan,    nan,    nan,    nan,    nan,    nan,    nan,    nan,    nan,    nan,    nan,    nan,    nan,    nan,    nan,    nan,    nan,    nan,    nan,    nan,    nan
20090712, 0600,  , TD, 20.7N, 108.6E,  25, 1004,    0,    0,    0,    0,    0,    0,    0,    0,    0,    0,    0,    0, -999,    nan,    nan,    nan,    nan,    nan,    nan,    nan,    nan,    nan,    nan,    nan,    nan,    nan,    nan,    nan,    nan,    nan,    nan,    nan,    nan,    nan,    nan,    nan,    nan,    nan,    nan,    nan,    nan,    nan,    nan,    nan
20090712, 1200,  , DB, 21.0N, 106.7E,  20, 1007,    0,    0,    0,    0,    0,    0,    0,    0,    0,    0,    0,    0, -999,    nan,    nan,    nan,    nan,    nan,    nan,    nan,    nan,    nan,    nan,    nan,    nan,    nan,    nan,    nan,    nan,    nan,    nan,    nan,    nan,    nan,    nan,    nan,    nan,    nan,    nan,    nan,    nan,    nan,    nan,    nan
