WP052021,             KOGUMA,     13,
20210610, 0600,  , DB, 17.6N, 115.4E,  15, 1000,    0,    0,    0,    0,    0,    0,    0,    0,    0,    0,    0,    0, -999,  34.43,  34.43,  34.40,  34.39,  34.47,  34.45,  34.49,  34.50,  34.51,  34.48,  34.49,  34.50,  34.55,  34.56,  34.55,  34.51,  34.45,  34.49,  34.45,  34.45,  34.43,  34.50,  34.56,  34.60,  34.59,  34.59,  34.57,  34.54,  34.52,  34.49,  34.47
20210610, 1200,  , DB, 17.8N, 114.8E,  15, 1000,    0,    0,    0,    0,    0,    0,    0,    0,    0,    0,    0,    0, -999,  34.31,  34.34,  34.32,  34.33,  34.38,  34.37,  34.42,  34.41,  34.40,  34.37,  34.38,  34.40,  34.39,  34.38,  34.38,  34.35,  34.34,  34.44,  34.42,  34.49,  34.50,  34.48,  34.48,  34.52,  34.52,  34.53,  34.52,  34.50,  34.47,  34.48,  34.48
20210610, 1800,  , DB, 17.9N, 114.2E,  15, 1000,    0,    0,    0,    0,    0,    0,    0,    0,    0,    0,    0,    0, -999,  34.30,  34.34,  34.34,  34.33,  34.35,  34.32,  34.36,  34.36,  34.35,  34.38,  34.38,  34.37,  34.38,  34.38,  34.36,  34.35,  34.37,  34.41,  34.40,  34.44,  34.43,  34.41,  34.44,  34.48,  34.46,  34.46,  34.43,  34.42,  34.45,  34.46,  34.46
20210611, 0000,  , DB, 17.8N, 113.4E,  15, 1002,    0,    0,    0,    0,    0,    0,    0,    0,    0,    0,    0,    0, -999,  34.36,  34.37,  34.33,  34.38,  34.34,  34.37,  34.34,  34.34,  34.34,  34.34,  34.35,  34.34,  34.37,  34.36,  34.36,  34.36,  34.39,  34.39,  34.42,  34.44,  34.44,  34.41,  34.42,  34.39,  34.39,  34.38,  34.36,  34.37,  34.37,  34.38,  34.38
20210611, 0600,  , DB, 17.7N, 112.7E,  15, 1002,    0,    0,    0,    0,    0,    0,    0,    0,    0,    0,    0,    0, -999,  34.35,  34.36,  34.37,  34.38,  34.36,  34.36,  34.31,  34.32,  34.29,  34.30,  34.31,  34.33,  34.36,  34.37,  34.35,  34.36,  34.38,  34.37,  34.41,  34.40,  34.38,  34.35,  34.38,  34.35,  34.36,  34.35,  34.34,  34.34,  34.33,  34.35,  34.36
20210611, 1200,  , DB, 17.6N, 112.0E,  20,  999,    0,    0,    0,    0,    0,    0,    0,    0,    0,    0,    0,    0, -999,  34.38,  34.39,  34.42,  34.44,  34.45,  34.43,  34.45,  34.46,  34.46,  34.48,  34.49,  34.48,  34.45,  34.44,  34.36,  34.27,  34.30,  34.31,  34.34,  34.37,  34.43,  34.42,  34.46,  34.46,  34.45,  34.42,  34.37,  34.33,  34.30,  34.30,  34.32
20210611, 1800,  , DB, 17.7N, 111.3E,  20,  999,    0,    0,    0,    0,    0,    0,    0,    0,    0,    0,    0,    0, -999,  34.41,  34.35,  34.31,  34.31,  34.27,  34.26,  34.21,  34.15,  34.15,  34.22,  34.29,  34.25,  34.26,  34.29,  34.32,  34.33,  34.35,  34.33,  34.34,  34.35,  34.36,  34.36,  34.37,  34.35,  34.34,  34.34,  34.34,  34.33,  34.33,  34.33,  34.36
20210612, 0000,  , TD, 18.2N, 110.2E,  25,  998,    0,    0,    0,    0,    0,    0,    0,    0,    0,    0,    0,    0, -999,  34.44,  34.43,  34.46,  34.48,  34.46,  34.45,  34.44,  34.48,  34.54,  34.56,  34.52,  34.56,  34.56,  34.57,  34.54,  34.52,  34.52,  34.53,  34.54,  34.56,  34.58,  34.58,  34.57,  34.53,  34.50,  34.48,  34.50,  34.53,  34.54,  34.55,  34.56
20210612, 0600,  , TD, 19.0N, 108.8E,  25,  998,    0,    0,    0,    0,    0,    0,    0,    0,    0,    0,    0,    0, -999,    nan,    nan,    nan,    nan,    nan,    nan,    nan,    nan,    nan,    nan,    nan,    nan,    nan,    nan,    nan,    nan,    nan,    nan,    nan,    nan,    nan,    nan,    nan,    nan,    nan,    nan,    nan,    nan,    nan,    nan,    nan
20210612, 1200,  , TS, 19.8N, 107.5E,  35,  996,   25,   15,   15,   25,    0,    0,    0,    0,    0,    0,    0,    0, -999,    nan,    nan,    nan,    nan,    nan,    nan,    nan,    nan,    nan,    nan,    nan,    nan,    nan,    nan,    nan,    nan,    nan,    nan,    nan,    nan,    nan,    nan,    nan,    nan,    nan,    nan,    nan,    nan,    nan,    nan,    nan
20210612, 1800,  , TD, 20.0N, 106.4E,  30, 1001,    0,    0,    0,    0,    0,    0,    0,    0,    0,    0,    0,    0, -999,    nan,    nan,    nan,    nan,    nan,    nan,    nan,    nan,    nan,    nan,    nan,    nan,    nan,    nan,    nan,    nan,    nan,    nan,    nan,    nan,    nan,    nan,    nan,    nan,    nan,    nan,    nan,    nan,    nan,    nan,    nan
20210613, 0000,  , DB, 20.0N, 105.8E,  20, 1004,    0,    0,    0,    0,    0,    0,    0,    0,    0,    0,    0,    0, -999,    nan,    nan,    nan,    nan,    nan,    nan,    nan,    nan,    nan,    nan,    nan,    nan,    nan,    nan,    nan,    nan,    nan,    nan,    nan,    nan,    nan,    nan,    nan,    nan,    nan,    nan,    nan,    nan,    nan,    nan,    nan
20210613, 0600,  , DB, 19.9N, 104.7E,  15, 1004,    0,    0,    0,    0,    0,    0,    0,    0,    0,    0,    0,    0, -999,    nan,    nan,    nan,    nan,    nan,    nan,    nan,    nan,    nan,    nan,    nan,    nan,    nan,    nan,    nan,    nan,    nan,    nan,    nan,    nan,    nan,    nan,    nan,    nan,    nan,    nan,    nan,    nan,    nan,    nan,    nan
