WP052001,            UNNAMED,     18,
20010629, 0000,  , TD, 15.0N, 117.8E,  20, 1002,    0,    0,    0,    0,    0,    0,    0,    0,    0,    0,    0,    0, -999,  33.65,  33.57,  33.52,  33.52,  33.56,  33.56,  33.52,  33.53,  33.53,  33.56,  33.54,  33.53,  33.53,  33.52,  33.54,  33.53,  33.35,  33.50,  33.53,  33.52,  33.49,  33.45,  33.36,  33.34,  33.37,  33.38,  33.41,  33.38,  33.42,  33.50,  33.52
20010629, 0600,  , TD, 15.4N, 117.2E,  25, 1002,    0,    0,    0,    0,    0,    0,    0,    0,    0,    0,    0,    0, -999,  33.59,  33.55,  33.51,  33.50,  33.49,  33.49,  33.49,  33.47,  33.43,  33.44,  33.46,  33.48,  33.49,  33.51,  33.53,  33.54,  33.49,  33.66,  33.68,  33.65,  33.66,  33.66,  33.62,  33.54,  33.56,  33.54,  33.55,  33.53,  33.53,  33.52,  33.49
20010629, 1200,  , TD, 15.8N, 116.7E,  25, 1002,    0,    0,    0,    0,    0,    0,    0,    0,    0,    0,    0,    0, -999,  33.60,  33.48,  33.42,  33.41,  33.39,  33.40,  33.43,  33.42,  33.38,  33.41,  33.45,  33.52,  33.64,  33.71,  33.66,  33.70,  33.66,  33.62,  33.63,  33.70,  33.72,  33.63,  33.66,  33.68,  33.63,  33.55,  33.51,  33.54,  33.76,  33.78,  33.80
20010629, 1800,  , TD, 16.3N, 116.2E,  30, 1000,    0,    0,    0,    0,    0,    0,    0,    0,    0,    0,    0,    0, -999,  33.44,  33.39,  33.32,  33.29,  33.27,  33.28,  33.33,  33.47,  33.70,  33.90,  33.84,  33.87,  33.80,  33.83,  33.83,  33.77,  33.81,  33.93,  33.92,  33.91,  33.92,  33.91,  33.86,  33.85,  33.85,  33.86,  33.86,  33.80,  33.73,  33.77,  33.78
20010630, 0000,  , TS, 16.7N, 115.6E,  35,  997,    0,    0,    0,    0,    0,    0,    0,    0,    0,    0,    0,    0, -999,  33.74,  33.80,  33.85,  33.88,  33.93,  33.92,  33.91,  33.91,  33.91,  33.92,  33.93,  33.93,  33.95,  33.95,  33.94,  33.95,  33.95,  33.97,  33.96,  33.99,  33.97,  33.91,  33.75,  33.63,  33.60,  33.63,  33.62,  33.60,  33.61,  33.62,  33.63
20010630, 0600,  , TS, 17.3N, 115.0E,  40,  994,    0,    0,    0,    0,    0,    0,    0,    0,    0,    0,    0,    0, -999,  33.98,  33.91,  33.90,  33.92,  33.93,  33.92,  33.91,  33.90,  33.90,  33.89,  33.87,  33.81,  33.76,  33.69,  33.67,  33.64,  33.62,  33.61,  33.61,  33.66,  33.60,  33.56,  33.58,  33.57,  33.61,  33.62,  33.61,  33.62,  33.66,  33.74,  33.77
20010630, 1200,  , TS, 18.1N, 114.3E,  45,  991,    0,    0,    0,    0,    0,    0,    0,    0,    0,    0,    0,    0, -999,  34.02,  34.03,  33.95,  33.92,  33.87,  33.90,  33.91,  33.88,  33.86,  33.87,  33.86,  33.86,  33.89,  33.87,  33.84,  33.81,  33.77,  33.76,  33.75,  33.77,  33.81,  33.83,  33.81,  33.81,  33.82,  33.80,  33.75,  33.72,  33.69,  33.71,  33.80
20010630, 1800,  , TS, 18.9N, 113.9E,  55,  984,    0,    0,    0,    0,    0,    0,    0,    0,    0,    0,    0,    0, -999,  33.95,  33.98,  34.06,  34.02,  33.99,  34.00,  33.99,  33.99,  33.99,  33.99,  33.99,  34.00,  33.98,  33.98,  33.98,  33.98,  33.97,  33.93,  33.93,  33.94,  33.92,  33.76,  33.70,  33.71,  33.70,  33.62,  33.65,  33.68,  33.77,  33.80,  33.81
20010701, 0000,  , TS, 19.2N, 112.9E,  55,  984,    0,    0,    0,    0,    0,    0,    0,    0,    0,    0,    0,    0, -999,  34.04,  34.05,  34.06,  34.07,  34.07,  34.07,  34.06,  34.05,  34.06,  34.02,  33.98,  33.92,  33.94,  33.95,  33.94,  33.94,  33.88,  33.90,  33.91,  33.92,  33.89,  33.90,  33.89,  33.87,  33.86,  33.85,  33.85,  33.87,  33.87,  33.85,  33.84
20010701, 0600,  , HU, 19.7N, 112.2E,  65,  976,    0,    0,    0,    0,    0,    0,    0,    0,    0,    0,    0,    0, -999,  33.98,  33.95,  33.92,  33.84,  33.86,  33.92,  33.82,  33.81,  33.80,  33.81,  33.71,  33.78,  33.73,  33.76,  33.84,  33.86,  33.84,  33.83,  33.83,  33.81,  33.79,  33.71,  33.73,  33.79,  33.80,  33.85,  33.77,  33.44,  33.30,  33.54,  33.72
20010701, 1200,  , HU, 20.3N, 111.5E,  70,  972,    0,    0,    0,    0,    0,    0,    0,    0,    0,    0,    0,    0, -999,  32.89,  32.75,  32.76,  32.61,  32.65,  32.53,  32.59,  32.62,  32.74,  32.92,  32.75,  32.60,  32.59,  32.68,  32.67,  32.91,  33.34,  33.42,  33.42,  33.44,  33.46,  33.38,  33.34,  33.23,  33.17,  33.22,  33.35,  33.27,  32.89,  32.74,  32.61
20010701, 1800,  , HU, 20.9N, 110.7E,  75,  967,    0,    0,    0,    0,    0,    0,    0,    0,    0,    0,    0,    0, -999,  31.51,  31.44,  31.37,  31.31,  31.30,  31.26,  31.15,  30.93,  30.84,  30.77,  30.56,  30.54,  30.60,  30.51,  30.40,  30.23,  30.08,  29.93,  29.90,  29.92,  30.03,  30.14,  30.35,  30.23,  30.11,  30.12,  30.25,  30.41,  30.54,  30.63,  30.75
20010702, 0000,  , HU, 21.3N, 109.8E,  75,  972,    0,    0,    0,    0,    0,    0,    0,    0,    0,    0,    0,    0, -999,    nan,    nan,    nan,    nan,    nan,    nan,    nan,    nan,    nan,    nan,    nan,    nan,    nan,    nan,    nan,    nan,    nan,    nan,    nan,    nan,    nan,    nan,    nan,    nan,    nan,    nan,    nan,    nan,    nan,    nan,    nan
20010702, 0600,  , HU, 21.7N, 108.7E,  70,  972,    0,    0,    0,    0,    0,    0,    0,    0,    0,    0,    0,    0, -999,    nan,    nan,    nan,    nan,    nan,    nan,    nan,    nan,    nan,    nan,    nan,    nan,    nan,    nan,    nan,    nan,    nan,    nan,    nan,    nan,    nan,    nan,    nan,    nan,    nan,    nan,    nan,    nan,    nan,    nan,    nan
20010702, 1200,  , TS, 22.1N, 108.1E,  55,  984,    0,    0,    0,    0,    0,    0,    0,    0,    0,    0,    0,    0, -999,    nan,    nan,    nan,    nan,    nan,    nan,    nan,    nan,    nan,    nan,    nan,    nan,    nan,    nan,    nan,    nan,    nan,    nan,    nan,    nan,    nan,    nan,    nan,    nan,    nan,    nan,    nan,    nan,    nan,    nan,    nan
20010702, 1800,  , TS, 22.5N, 107.4E,  40,  994,    0,    0,    0,    0,    0,    0,    0,    0,    0,    0,    0,    0, -999,    nan,    nan,    nan,    nan,    nan,    nan,    nan,    nan,    nan,    nan,    nan,    nan,    nan,    nan,    nan,    nan,    nan,    nan,    nan,    nan,    nan,    nan,    nan,    nan,    nan,    nan,    nan,    nan,    nan,    nan,    nan
20010703, 0000,  , TD, 22.9N, 106.8E,  30, 1000,    0,    0,    0,    0,    0,    0,    0,    0,    0,    0,    0,    0, -999,    nan,    nan,    nan,    nan,    nan,    nan,    nan,    nan,    nan,    nan,    nan,    nan,    nan,    nan,    nan,    nan,    nan,    nan,    nan,    nan,    nan,    nan,    nan,    nan,    nan,    nan,    nan,    nan,    nan,    nan,    nan
20010703, 0600,  , TD, 23.5N, 106.2E,  25, 1002,    0,    0,    0,    0,    0,    0,    0,    0,    0,    0,    0,    0, -999,    nan,    nan,    nan,    nan,    nan,    nan,    nan,    nan,    nan,    nan,    nan,    nan,    nan,    nan,    nan,    nan,    nan,    nan,    nan,    nan,    nan,    nan,    nan,    nan,    nan,    nan,    nan,    nan,    nan,    nan,    nan
