WP062014,              TAPAH,     24,
20140426, 1200,  , DB, 10.0N, 145.3E,  15, 1005,    0,    0,    0,    0,    0,    0,    0,    0,    0,    0,    0,    0, -999,  28.08,  28.25,    nan,  28.82,  28.68,  28.95,  28.99,  28.95,  28.87,  28.79,  28.45,  27.75,  28.46,  28.38,  28.59,  28.57,  28.32,  28.32,  28.09,  28.39,  28.44,  28.09,  28.31,  28.50,  28.94,  28.87,  28.74,  28.59,  28.56,  28.02,  27.54
20140426, 1800,  , DB, 10.2N, 145.8E,  20, 1005,    0,    0,    0,    0,    0,    0,    0,    0,    0,    0,    0,    0, -999,  28.62,  28.61,    nan,  28.66,  28.64,  28.90,  28.85,  28.51,  28.04,  28.05,  28.74,  28.48,  28.28,  28.45,  28.63,  28.54,  28.35,  28.42,  28.23,  28.15,  28.35,  28.05,  28.55,  28.19,  28.54,  27.81,  28.69,  28.20,  28.30,  29.02,  28.66
20140427, 0000,  , DB, 10.5N, 146.1E,  20, 1006,    0,    0,    0,    0,    0,    0,    0,    0,    0,    0,    0,    0, -999,  28.20,    nan,  28.79,  28.70,  28.72,  28.73,  28.05,  27.80,  28.26,  28.74,  28.74,  28.45,  28.50,  28.59,  28.54,  28.44,  28.49,  28.25,  28.29,  28.59,  28.14,  28.21,  27.94,  28.65,  28.00,  28.66,  28.54,  28.71,  28.88,  28.62,  28.48
20140427, 0600,  , DB, 10.9N, 146.3E,  20, 1006,    0,    0,    0,    0,    0,    0,    0,    0,    0,    0,    0,    0, -999,  28.50,    nan,  28.62,  28.48,  28.62,  28.65,  28.29,  27.97,  28.16,  28.15,  28.02,  28.04,  28.11,  28.13,  27.98,  28.07,  28.21,  28.16,  28.34,  28.37,  27.70,  28.08,  27.96,  28.38,  28.43,  28.71,  28.51,  28.26,  27.96,  27.89,  27.93
20140427, 1200,  , TD, 11.4N, 146.5E,  30, 1000,    0,    0,    0,    0,    0,    0,    0,    0,    0,    0,    0,    0, -999,  28.51,    nan,  28.70,  28.54,  28.68,  28.62,  28.51,  28.41,  28.51,  28.56,  28.30,  28.37,  28.31,  28.24,  28.00,  28.09,  28.15,  28.17,  28.29,  28.31,  27.88,  28.14,  28.21,  28.37,  28.52,  28.48,  28.35,  28.09,  28.11,  27.98,  28.03
20140427, 1800,  , TS, 12.0N, 146.8E,  40,  993,   45,   45,   45,   45,    0,    0,    0,    0,    0,    0,    0,    0, -999,  28.66,    nan,  28.74,  28.45,  28.56,  28.72,  28.66,  28.82,  28.77,  28.77,  28.45,  28.23,  28.05,  28.12,  28.15,  28.07,  28.00,  27.88,  27.84,  28.05,  27.72,  27.85,  28.30,  28.27,  28.44,  27.87,  28.01,  28.21,  28.33,  28.49,  28.50
20140428, 0000,  , TS, 12.6N, 147.1E,  45,  989,   30,   30,   30,   30,    0,    0,    0,    0,    0,    0,    0,    0, -999,    nan,  28.51,  28.30,  28.59,  28.58,  28.59,  28.64,  28.56,  28.66,  28.39,  28.38,  28.12,  28.11,  28.14,  28.20,  28.03,  27.87,  27.79,  27.83,  27.69,  27.76,  28.42,  28.25,  28.31,  27.91,  28.11,  28.35,  28.51,  28.44,  28.17,  28.16
20140428, 0600,  , TS, 13.2N, 147.3E,  50,  985,   50,   50,   45,   45,    0,    0,    0,    0,    0,    0,    0,    0, -999,    nan,  28.40,  28.18,  28.22,  28.29,  28.19,  28.26,  28.27,  28.40,  28.41,  28.36,  27.90,  28.07,  27.85,  28.06,  28.11,  28.13,  28.07,  28.23,  27.95,  27.85,  28.22,  28.02,  28.37,  28.20,  28.27,  28.32,  28.28,  28.14,  27.88,  28.14
20140428, 1200,  , TS, 14.0N, 147.5E,  55,  982,   60,   60,   50,   50,   30,   30,   30,   30,    0,    0,    0,    0, -999,    nan,  27.60,  27.62,  27.98,  28.05,  28.08,  28.18,  28.42,  28.40,  28.29,  28.05,  28.11,  28.38,  28.15,  28.05,  28.02,  27.97,  27.86,  27.73,  27.60,  27.51,  28.02,  28.22,  28.28,  28.04,  28.05,  28.08,  28.09,  27.78,  27.89,  27.97
20140428, 1800,  , TS, 14.9N, 147.4E,  60,  978,   70,   65,   60,   60,   20,   20,   20,   20,    0,    0,    0,    0, -999,    nan,  28.00,  27.90,  27.85,  28.03,  28.05,  28.36,  28.42,  28.02,  27.98,  27.94,  27.89,  28.14,  27.97,  28.06,  28.06,  27.98,  27.78,  27.68,  27.61,  27.66,  27.91,  27.98,  27.95,  28.05,  28.09,  28.08,  27.80,  27.88,  28.01,  28.27
20140429, 0000,  , HU, 15.7N, 147.3E,  65,  974,   80,   75,   70,   70,   35,   30,   30,   35,    0,    0,    0,    0, -999,  27.99,  28.06,  27.83,  28.12,  27.92,  28.17,  28.33,  27.75,  27.82,  27.80,  27.82,  27.82,  27.83,  27.84,  27.97,  28.00,  27.92,  27.75,  27.70,  27.76,  27.98,  28.30,  28.17,  28.16,  28.21,  28.11,  28.11,  27.92,  27.96,  28.08,  28.11
20140429, 0600,  , HU, 16.5N, 147.4E,  70,  970,   80,   75,   70,   70,   35,   30,   30,   35,   20,   20,   20,   20, -999,  27.32,  27.30,  27.29,  27.53,  27.45,  27.63,  27.85,  27.71,  27.56,  27.66,  27.53,  27.46,  27.49,  27.90,  28.09,  27.85,  27.84,  27.91,  27.82,  27.54,  27.72,  27.74,  27.84,  27.79,  27.72,  27.57,  27.96,  28.08,  28.14,  28.19,  28.21
20140429, 1200,  , HU, 17.4N, 147.5E,  70,  970,   85,   80,   75,   75,   40,   35,   35,   40,   25,   25,   25,   25, -999,  27.37,  27.44,  27.47,  27.61,  27.52,  27.51,  27.35,  27.42,  27.45,  27.58,  27.53,  27.62,  27.60,  28.02,  28.07,  27.68,  27.45,  27.62,  27.47,  27.19,  27.38,  27.77,  27.93,  27.65,  27.68,  27.86,  28.08,  28.07,  27.90,  27.92,  28.04
20140429, 1800,  , HU, 18.1N, 147.5E,  65,  974,   85,   80,   75,   75,   40,   35,   35,   40,    0,    0,    0,    0, -999,  27.03,  27.17,  27.22,  27.25,  27.38,  27.27,  27.16,  27.14,  26.84,  26.78,  26.66,  26.54,  26.66,  26.93,  27.13,  27.48,  27.80,  27.93,  27.85,  27.70,  27.71,  27.96,  28.07,  27.93,  28.02,  27.82,  27.91,  28.02,  27.96,  28.04,  28.11
20140430, 0000,  , HU, 18.7N, 147.4E,  65,  974,   85,   80,   75,   75,   40,   35,   35,   40,    0,    0,    0,    0, -999,  27.04,  27.02,  27.17,  27.25,  27.21,  27.35,  27.09,  26.90,  27.01,  26.81,  26.57,  26.38,  26.74,  26.51,  27.11,  27.16,  27.55,  27.28,  27.23,  27.27,  27.40,  27.43,  27.41,  27.77,  27.94,  28.12,  28.18,  28.48,  27.92,  28.04,  27.91
20140430, 0600,  , TS, 19.2N, 147.2E,  55,  982,   85,   80,   75,   75,   40,   35,   35,   40,    0,    0,    0,    0, -999,  25.36,  25.47,  25.15,  26.00,  25.73,  25.82,  25.92,  26.07,  26.40,  26.28,  26.10,  26.02,  26.23,  25.93,  27.05,  26.90,  26.81,  26.51,  26.44,  26.14,  26.64,  26.14,  26.74,  26.99,  27.33,  27.70,  27.63,  27.52,  27.85,  27.60,  27.40
20140430, 1200,  , TS, 19.9N, 146.8E,  50,  985,   85,   80,   75,   75,    0,    0,    0,    0,    0,    0,    0,    0, -999,  23.40,  24.21,  23.99,  23.89,  23.78,  23.76,  24.05,  24.25,  24.75,  24.52,  24.51,  24.67,  24.86,  24.52,  24.51,  25.27,  24.18,  24.66,  24.73,  24.37,  24.09,  23.60,  23.66,  23.50,  23.93,  23.95,  23.86,  23.25,  23.32,  23.38,  23.14
20140430, 1800,  , TS, 20.7N, 146.0E,  45,  989,   75,   70,   65,   65,    0,    0,    0,    0,    0,    0,    0,    0, -999,  25.22,  25.25,  25.15,  25.20,  24.61,  23.18,  23.57,  23.58,  23.57,  23.88,  24.58,  25.01,  25.15,  25.27,  24.48,  23.89,  23.66,  24.04,  23.93,  23.69,  23.72,  23.41,  23.24,  22.75,  23.10,  23.21,  24.02,  24.06,  23.96,  24.09,  24.38
20140501, 0000,  , TS, 21.4N, 145.1E,  35,  996,   75,   70,   65,   65,    0,    0,    0,    0,    0,    0,    0,    0, -999,  25.67,  25.74,  25.62,  25.41,  25.55,  25.77,  25.68,  25.48,  24.54,  24.66,  24.45,  24.40,  24.39,  24.62,  24.57,  24.56,  24.55,  24.03,  23.00,  23.26,  22.93,  23.07,  23.30,  23.54,  24.08,  24.63,  24.93,  25.24,  24.72,  24.91,  25.07
20140501, 0600,  , TD, 22.0N, 144.4E,  30, 1000,    0,    0,    0,    0,    0,    0,    0,    0,    0,    0,    0,    0, -999,  23.64,  24.39,  24.33,  23.72,  24.00,  24.10,  23.99,  24.30,  23.68,  23.43,  23.19,  23.36,  22.93,  23.06,  23.52,  24.41,  24.39,  24.18,  23.65,  23.37,  22.53,  22.87,  23.26,  23.52,  23.80,  23.73,  24.26,  24.38,  24.24,  24.45,  24.22
20140501, 1200,  , TD, 22.8N, 143.7E,  30, 1000,    0,    0,    0,    0,    0,    0,    0,    0,    0,    0,    0,    0, -999,  23.52,  23.09,  23.18,  23.04,  23.23,  23.77,  23.76,  23.55,  23.17,  23.17,  23.38,  24.17,  23.75,  23.83,  23.12,  23.11,  22.52,  22.36,  22.58,  22.59,  22.63,  22.69,  22.96,  22.91,  22.97,  23.14,  24.22,  24.16,  23.71,  23.86,  23.93
20140501, 1800,  , TD, 23.6N, 143.8E,  30, 1000,    0,    0,    0,    0,    0,    0,    0,    0,    0,    0,    0,    0, -999,  23.33,  23.29,  23.41,  23.70,  23.95,  23.90,  22.92,  23.10,  22.46,  23.04,  23.37,  23.20,  22.53,  22.93,  23.08,  22.88,  22.33,  22.38,  22.49,  22.68,  22.82,  22.82,  23.06,  23.19,  23.23,  23.13,  24.46,  24.66,  24.11,  24.05,  24.30
20140502, 0000,  , TD, 24.2N, 144.3E,  30, 1000,    0,    0,    0,    0,    0,    0,    0,    0,    0,    0,    0,    0, -999,  23.20,  23.26,  23.17,  23.16,  23.21,  22.69,  22.11,  22.17,  22.36,  22.29,  22.37,  21.64,  21.24,  22.15,  22.10,  22.26,  22.57,  22.35,  22.29,  22.12,  21.96,  21.58,  20.88,  20.49,  20.25,  22.88,  23.38,  23.20,  23.36,  23.54,  23.16
20140502, 0600,  , EX, 24.8N, 145.0E,  30, 1000,    0,    0,    0,    0,    0,    0,    0,    0,    0,    0,    0,    0, -999,  21.94,  21.58,  21.11,  21.05,  20.03,  19.16,  18.52,  18.64,  19.31,  19.00,  19.59,  19.48,  19.09,  20.69,  20.16,  20.58,  20.67,  19.77,  19.12,  19.91,  20.27,  20.10,  19.00,  19.04,  18.80,  20.13,  19.56,  18.82,  20.22,  18.87,  18.62
