WP062018,            MALIKSI,     20,
20180607, 0000,  , LO, 15.6N, 127.0E,  20, 1003,    0,    0,    0,    0,    0,    0,    0,    0,    0,    0,    0,    0, -999,  28.92,  29.03,  29.38,  29.68,  29.56,  29.37,  29.38,  29.41,  29.00,  29.11,  29.22,  29.13,  28.52,  29.45,  29.70,  29.72,  29.46,  29.45,  29.25,  29.33,  29.25,  29.27,  29.43,  29.11,  29.06,  28.99,  29.38,  29.48,  29.45,  29.26,  29.27
20180607, 0600,  , LO, 15.6N, 126.7E,  25, 1002,    0,    0,    0,    0,    0,    0,    0,    0,    0,    0,    0,    0, -999,  28.51,  28.67,  28.93,  29.54,  29.09,  29.25,  29.30,  29.33,  28.79,  29.07,  29.08,  29.10,  28.50,  29.59,  29.60,  29.72,  29.38,  29.53,  29.20,  29.14,  29.09,  29.23,  29.48,  29.25,  29.12,  28.94,  29.10,  29.21,  29.25,  29.34,  29.50
20180607, 1200,  , TD, 15.8N, 126.4E,  30,  998,    0,    0,    0,    0,    0,    0,    0,    0,    0,    0,    0,    0, -999,  28.05,  28.29,  28.47,  28.57,  28.62,  28.41,  28.57,  28.68,  28.79,  28.86,  28.86,  28.71,  28.97,  29.85,  29.79,  29.59,  29.39,  29.50,  29.13,  28.93,  29.01,  29.16,  29.13,  29.00,  28.94,  28.80,  28.97,  29.06,  29.13,  29.08,  29.16
20180607, 1800,  , TS, 16.5N, 126.7E,  35,  995,  110,  130,  150,   30,    0,    0,    0,    0,    0,    0,    0,    0, -999,  28.57,  28.20,  29.25,  28.96,  28.89,  28.98,  29.11,  29.53,  29.32,  29.08,  28.57,  28.43,  28.20,  29.35,  29.78,  29.82,  29.81,  29.89,  29.62,  29.77,  29.86,  29.29,  29.20,  28.65,  28.51,  28.82,  29.01,  29.16,  29.03,  29.20,  29.43
20180608, 0000,  , TS, 17.7N, 127.1E,  40,  993,  120,  140,  160,   60,    0,    0,    0,    0,    0,    0,    0,    0, -999,  28.61,  29.55,  29.39,  29.36,  29.34,  29.66,  29.83,  29.58,  29.55,  29.46,  29.53,  29.49,  29.82,  29.90,  29.70,  29.58,  29.40,  29.23,  29.34,  29.38,  29.38,  29.43,  29.45,  29.41,  29.75,  29.21,  29.33,  28.96,  28.78,  28.81,  29.18
20180608, 0600,  , TS, 19.0N, 127.1E,  40,  993,  120,  140,  160,   90,    0,    0,    0,    0,    0,    0,    0,    0, -999,  28.84,  29.17,  29.66,  29.39,  29.29,  29.66,  29.57,  29.65,  29.71,  29.60,  30.17,  29.89,  29.95,  30.08,  29.71,  29.86,  29.65,  29.17,  29.12,  28.93,  28.89,  28.80,  28.92,  29.03,  28.84,  28.93,  28.90,  29.20,  28.94,  29.43,  29.05
20180608, 1200,  , TS, 19.9N, 126.8E,  40,  993,  120,  140,  170,   90,    0,    0,    0,    0,    0,    0,    0,    0, -999,  28.24,  28.95,  29.35,  29.12,  29.20,  29.58,  29.42,  29.70,  29.83,  29.68,  29.73,  29.90,  29.91,  29.70,  29.44,  29.57,  29.31,  29.00,  28.94,  28.78,  28.88,  28.76,  28.79,  28.73,  28.48,  28.20,  29.09,  29.37,  28.98,  28.98,  29.11
20180608, 1800,  , TS, 20.7N, 126.8E,  45,  991,  120,  160,  170,   90,    0,    0,    0,    0,    0,    0,    0,    0, -999,  27.71,  27.40,  28.10,  28.20,  28.05,  28.41,  27.97,  27.54,  27.83,  28.02,  28.35,  28.39,  28.49,  28.15,  27.20,  28.91,  28.84,  28.15,  27.54,  26.44,  27.49,  28.06,  28.44,  27.57,  27.42,  27.09,  27.57,  27.41,  28.31,  28.47,  29.01
20180609, 0000,  , TS, 21.4N, 126.9E,  50,  985,  130,  180,  190,   90,   67,   99,  105,   42,    0,    0,    0,    0, -999,  26.54,  27.21,  27.61,  27.88,  27.37,  27.52,  26.17,  26.34,  26.27,  27.09,  27.42,  26.46,  26.29,  25.79,  26.50,  26.24,  27.29,  27.02,  27.92,  27.73,  27.21,  27.24,  25.24,  24.35,  25.13,  26.27,  26.15,  26.67,  26.37,  27.98,  28.17
20180609, 0600,  , TS, 22.3N, 127.4E,  55,  980,  140,  190,  190,   90,   74,  105,  105,   42,    0,    0,    0,    0, -999,  24.36,  24.19,  24.46,  25.26,  25.92,  26.21,  25.18,  25.33,  25.09,  27.28,  28.67,  28.62,  28.92,  29.46,  28.72,  28.21,  27.89,  27.66,  28.09,  28.01,  27.35,  26.88,  27.66,  27.56,  27.61,  26.80,  26.88,  27.38,  27.43,  27.86,  28.34
20180609, 1200,  , TS, 22.9N, 128.2E,  55,  980,  140,  190,  190,   90,   74,  105,  105,   42,    0,    0,    0,    0, -999,  26.19,  25.75,  26.55,  26.42,  26.21,  26.36,  27.67,  27.59,  27.99,  28.53,  29.55,  29.69,  29.43,  29.80,  29.21,  27.92,  27.83,  27.90,  28.15,  27.98,  27.42,  27.08,  27.68,  27.39,  27.50,  27.48,  27.33,  27.42,  27.59,  27.68,  28.37
20180609, 1800,  , TS, 24.1N, 129.3E,  55,  979,  150,  200,  190,   90,   80,  112,  105,   42,    0,    0,    0,    0, -999,  26.51,  27.02,  27.19,  27.19,  27.41,  27.18,  27.75,  27.78,  27.60,  27.43,  27.65,  27.33,  27.53,  27.56,  27.27,  27.45,  28.53,  28.55,  28.13,  27.68,  27.58,  27.44,  27.99,  27.57,  27.52,  27.79,  26.91,  26.97,  26.67,  26.82,  27.11
20180610, 0000,  , TS, 25.3N, 130.7E,  60,  974,  150,  220,  190,  100,   80,  125,  106,   49,    0,    0,    0,    0, -999,  24.42,  24.26,  24.08,  23.92,  25.24,  25.26,  25.78,  25.45,  24.93,  25.08,  24.98,  24.81,  24.78,  25.13,  25.30,  25.52,  25.59,  25.34,  25.30,  24.99,  25.34,  25.59,  25.13,  24.49,  24.22,  24.76,  24.18,  24.19,  24.31,  24.22,  24.34
20180610, 0600,  , TS, 26.4N, 132.0E,  55,  977,  160,  240,  190,  100,   86,  137,  105,   49,    0,    0,    0,    0, -999,  22.89,  23.23,  23.36,  22.40,  22.43,  22.57,  22.93,  23.36,  23.48,  24.22,  24.35,  23.77,  23.97,  23.48,  23.65,  24.10,  23.97,  24.04,  23.60,  23.99,  24.56,  23.83,  22.76,  23.62,  24.23,  24.47,  24.01,  23.86,  23.70,  24.49,  25.06
20180610, 1200,  , TS, 27.8N, 134.2E,  50,  979,  170,  250,  190,  110,   92,  143,  105,   55,    0,    0,    0,    0, -999,  22.46,  22.15,  21.65,  22.43,  22.16,  22.17,  22.58,  22.41,  23.11,  22.35,  22.15,  21.87,  21.95,  23.49,  23.37,  23.39,  23.26,  22.75,  23.31,  23.23,  22.04,  22.72,  22.48,  22.98,  23.10,  23.61,  23.32,  23.07,  23.06,  22.98,  23.20
20180610, 1800,  , TS, 29.2N, 136.4E,  50,  979,  170,  270,  200,  140,   92,  155,  111,   74,    0,    0,    0,    0, -999,  23.20,  23.91,  23.41,  23.20,  23.39,  23.31,  23.93,  24.06,  23.98,  23.98,  23.66,  23.75,  23.56,  22.68,  23.02,  23.17,  23.57,  23.71,  23.63,  23.68,  23.43,  23.19,  23.40,  23.96,  24.13,  23.23,  22.81,  23.43,  23.93,  24.37,  23.85
20180611, 0000,  , TS, 30.9N, 138.5E,  50,  978,  170,  270,  200,  140,   92,  155,  111,   74,    0,    0,    0,    0, -999,  21.79,  22.89,  22.54,  22.00,  22.54,  23.31,  22.70,  23.49,  23.45,  23.99,  23.86,  24.15,  22.71,  23.21,  23.74,  24.00,  23.79,  24.01,  24.99,  25.23,  25.89,  25.85,  24.47,  23.78,  24.42,  24.50,  25.82,  25.48,  23.78,  25.21,  25.75
20180611, 0600,  , TS, 32.9N, 141.4E,  45,  976,  190,  270,  200,  190,    0,    0,    0,    0,    0,    0,    0,    0, -999,  22.63,  22.80,  21.80,  21.66,  21.04,  21.61,  21.58,  21.80,  23.43,  23.49,  23.34,  23.37,  23.00,  21.84,  22.23,  22.76,  22.18,  22.32,  22.30,  21.93,  22.73,  22.01,  22.18,  21.68,  21.86,  21.87,  21.23,  20.83,  22.41,  22.11,  22.26
20180611, 1200,  , EX, 34.9N, 144.5E,  45,  976,  200,  270,  200,  200,    0,    0,    0,    0,    0,    0,    0,    0, -999,  21.47,  21.02,  20.69,  20.45,  21.08,  20.86,  20.14,  20.39,  20.73,  20.98,  22.22,  22.06,  22.07,  22.41,  21.98,  21.75,  22.30,  22.28,  22.11,  20.52,  22.94,  21.80,  21.25,  22.05,  21.93,  22.30,  22.28,  22.36,  22.38,  22.44,  21.75
20180611, 1800,  , EX, 36.9N, 147.0E,  40,  975,  200,  270,  200,  200,    0,    0,    0,    0,    0,    0,    0,    0, -999,  13.89,  14.83,  15.49,  16.05,  15.97,  16.71,  15.68,  15.11,  14.32,  14.23,  12.87,  12.51,  12.95,  13.38,  12.67,  13.14,  12.12,  13.87,  14.98,  16.90,  16.56,  17.97,  17.96,  20.91,  18.73,  18.76,  18.01,  16.62,  16.22,  15.09,  15.52
