WP062022,             SONGDA,     11,
20220729, 1800,  , TD, 30.8N, 128.0E,  25, 1004,    0,    0,    0,    0,    0,    0,    0,    0,    0,    0,    0,    0, -999,  25.47,  25.78,  25.95,  25.85,  26.88,  28.11,  28.32,  28.59,  28.19,  28.31,  28.08,  27.98,  28.01,  27.56,  27.53,  28.12,  28.52,  28.44,  28.24,  28.48,  28.52,  28.07,  28.02,  28.14,  28.37,  28.49,  28.71,  28.74,  28.93,  29.28,  29.72
20220730, 0000,  , TD, 31.2N, 126.2E,  25, 1004,    0,    0,    0,    0,    0,    0,    0,    0,    0,    0,    0,    0, -999,  23.45,  23.95,  23.90,  23.68,  26.79,  26.94,  26.27,  26.45,  26.36,  26.02,  26.02,  25.74,  25.72,  25.70,  25.55,  25.72,  24.51,  23.08,  23.52,  23.05,  22.58,  22.93,  23.37,  24.61,  25.49,  25.52,  25.37,  26.00,  26.30,  26.49,  26.38
20220730, 0600,  , TD, 31.8N, 125.0E,  30,  997,    0,    0,    0,    0,    0,    0,    0,    0,    0,    0,    0,    0, -999,  19.50,  19.50,  19.82,  20.16,  19.40,  19.09,  19.86,  19.60,  19.52,  19.26,  19.11,  19.39,  19.41,  19.53,  19.79,  19.96,  19.40,  19.67,  19.95,  19.99,  19.65,  19.76,  20.11,  20.49,  20.50,  20.69,  21.03,  20.97,  21.21,  21.56,  21.99
20220730, 1200,  , TD, 32.4N, 124.0E,  30,  998,    0,    0,    0,    0,    0,    0,    0,    0,    0,    0,    0,    0, -999,  21.20,  20.76,  20.76,  20.81,  21.18,  20.78,  21.11,  21.29,  21.54,  21.68,  21.54,  21.40,  21.66,  21.57,  21.66,  21.77,  21.15,  20.46,  20.58,  20.59,  20.77,  20.92,  20.96,  21.20,  21.75,  21.79,  21.71,  21.70,  21.66,  21.44,  21.34
20220730, 1800,  , TD, 33.0N, 123.6E,  30,  998,    0,    0,    0,    0,    0,    0,    0,    0,    0,    0,    0,    0, -999,  19.98,  19.28,  19.23,  19.69,  19.33,  19.34,  19.63,  19.00,  19.39,  19.45,  19.06,  19.37,  19.40,  19.39,  19.34,  19.45,  18.75,  18.07,  17.92,  18.06,  18.52,  18.42,  18.84,  19.18,  19.20,  19.15,  19.37,  19.57,  20.12,  20.20,  19.75
20220731, 0000,  , TD, 33.5N, 123.3E,  30,  999,    0,    0,    0,    0,    0,    0,    0,    0,    0,    0,    0,    0, -999,  18.84,  19.33,  19.04,  18.53,  18.75,  18.95,  18.87,  19.54,  19.69,  19.54,  19.43,  19.32,  19.34,  19.78,  20.13,  19.74,  19.00,  18.62,  18.82,  19.35,  19.73,  20.29,  20.60,  20.36,  20.00,  20.13,  20.40,  20.96,  20.91,  20.66,  20.77
20220731, 0600,  , TD, 34.0N, 123.2E,  30,  999,    0,    0,    0,    0,    0,    0,    0,    0,    0,    0,    0,    0, -999,  19.49,  19.81,  19.63,  19.32,  19.46,  20.11,  20.40,  20.54,  20.66,  20.74,  20.85,  21.03,  20.74,  20.78,  20.86,  20.72,  19.94,  19.43,  19.50,  20.64,  21.19,  20.93,  20.66,  20.78,  20.80,  21.49,  21.90,  21.80,  21.46,  21.61,  22.20
20220731, 1200,  , TD, 34.2N, 123.1E,  25, 1000,    0,    0,    0,    0,    0,    0,    0,    0,    0,    0,    0,    0, -999,  19.39,  19.51,  19.37,  19.20,  19.40,  20.06,  20.36,  20.37,  20.40,  20.97,  21.06,  21.13,  20.80,  20.84,  20.85,  21.07,  20.01,  19.80,  20.09,  21.42,  21.46,  21.18,  21.12,  21.08,  21.23,  22.13,  22.36,  22.00,  21.71,  21.96,  22.57
20220731, 1800,  , TD, 34.8N, 123.0E,  25, 1000,    0,    0,    0,    0,    0,    0,    0,    0,    0,    0,    0,    0, -999,  19.55,  19.29,  19.08,  19.07,  19.04,  18.71,  18.32,  18.98,  19.77,  19.70,  19.73,  20.09,  20.07,  19.64,  19.48,  19.78,  19.83,  19.80,  19.93,  20.60,  20.48,  20.49,  20.46,  20.95,  20.99,  21.30,  21.25,  21.64,  21.44,  21.11,  21.12
20220801, 0000,  , TD, 35.3N, 123.2E,  25, 1000,    0,    0,    0,    0,    0,    0,    0,    0,    0,    0,    0,    0, -999,  19.35,  18.91,  18.31,  18.47,  19.11,  18.73,  18.39,  18.30,  18.82,  19.65,  19.65,  18.58,  18.43,  18.82,  18.74,  19.03,  18.88,  18.74,  19.06,  19.38,  19.74,  19.90,  20.07,  20.06,  20.34,  20.39,  20.08,  19.89,  19.71,  19.86,  19.93
20220801, 0600,  , DB, 35.3N, 123.3E,  20, 1007,    0,    0,    0,    0,    0,    0,    0,    0,    0,    0,    0,    0, -999,  19.35,  18.91,  18.31,  18.47,  19.11,  18.73,  18.39,  18.30,  18.82,  19.65,  19.65,  18.58,  18.43,  18.82,  18.74,  19.03,  18.88,  18.74,  19.06,  19.38,  19.74,  19.90,  20.07,  20.06,  20.34,  20.39,  20.08,  19.89,  19.71,  19.86,  19.93
