WP061996,            UNNAMED,     47,
19960703, 1200,  , LO, 19.0N, 155.6E,  15,    0,    0,    0,    0,    0,    0,    0,    0,    0,    0,    0,    0,    0, -999,  27.13,  27.03,  26.32,  26.16,  26.25,  26.12,  26.23,  26.58,  26.48,  26.57,  26.53,  26.40,  26.23,  26.30,  26.38,  26.43,  26.24,  26.35,  26.73,  26.86,  27.02,  27.05,  27.51,  27.44,  26.39,  27.32,  27.48,  27.62,  27.79,  27.78,  28.00
19960703, 1800,  , LO, 18.9N, 154.9E,  15,    0,    0,    0,    0,    0,    0,    0,    0,    0,    0,    0,    0,    0, -999,  27.29,  27.15,  26.69,  26.26,  26.27,  25.98,  26.12,  26.11,  26.28,  26.07,  25.98,  26.10,  25.99,  25.95,  26.47,  26.24,  25.90,  25.74,  26.12,  26.68,  26.92,  26.68,  27.38,  27.89,  27.36,  27.39,  27.36,  27.56,  27.55,  27.59,  27.65
19960704, 0000,  , LO, 18.9N, 154.2E,  15,    0,    0,    0,    0,    0,    0,    0,    0,    0,    0,    0,    0,    0, -999,  27.60,  27.52,  27.24,  26.71,  26.51,  26.51,  26.43,  26.57,  26.35,  26.23,  26.18,  26.42,  26.28,  26.28,  26.37,  26.12,  26.01,  26.07,  26.33,  26.39,  26.51,  26.25,  26.78,  26.73,  26.75,  26.21,  26.37,  27.12,  26.66,  26.45,  26.88
19960704, 0600,  , LO, 18.9N, 153.4E,  15,    0,    0,    0,    0,    0,    0,    0,    0,    0,    0,    0,    0,    0, -999,  27.88,  27.78,  27.29,  26.98,  26.81,  26.92,  26.75,  27.21,  27.54,  27.61,  27.26,  26.79,  26.65,  26.56,  26.49,  26.65,  26.23,  26.29,  26.25,  26.09,  26.26,  26.01,  26.10,  26.31,  26.31,  26.02,  25.46,  25.07,  25.01,  24.64,  25.65
19960704, 1200,  , LO, 18.9N, 152.4E,  15,    0,    0,    0,    0,    0,    0,    0,    0,    0,    0,    0,    0,    0, -999,  28.11,  28.04,  28.01,  27.99,  27.74,  27.47,  26.95,  27.20,  27.16,  27.11,  26.68,  27.11,  27.47,  27.28,  27.34,  27.32,  27.01,  26.89,  26.81,  26.81,  26.69,  26.75,  26.85,  27.17,  26.90,  26.94,  27.01,  26.40,  26.95,  27.19,  27.18
19960704, 1800,  , LO, 19.0N, 151.3E,  20,    0,    0,    0,    0,    0,    0,    0,    0,    0,    0,    0,    0,    0, -999,  27.69,  27.77,  27.71,  28.00,  28.14,  28.02,  27.98,  28.21,  28.25,  28.10,  27.67,  27.43,  27.53,  27.50,  27.31,  27.39,  27.45,  27.42,  27.48,  27.15,  26.98,  26.88,  27.07,  27.77,  27.69,  27.60,  28.12,  28.25,  28.92,  28.80,  28.30
19960705, 0000,  , LO, 19.1N, 150.2E,  25,    0,    0,    0,    0,    0,    0,    0,    0,    0,    0,    0,    0,    0, -999,  24.31,  24.29,  24.23,  24.19,  24.33,  24.37,  24.45,  24.70,  24.80,  24.79,  24.81,  25.20,  25.60,  25.82,  26.20,  26.65,  26.88,  26.77,  26.55,  26.68,  26.75,  26.88,  27.06,  27.18,  27.17,  27.48,  27.43,  27.07,  26.80,  26.60,  26.99
19960705, 0600,  , LO, 19.3N, 149.2E,  25,    0,    0,    0,    0,    0,    0,    0,    0,    0,    0,    0,    0,    0, -999,  27.61,  27.43,  27.14,  27.34,  26.63,  26.37,  26.42,  26.41,  26.44,  26.32,  26.04,  26.12,  25.95,  26.17,  26.12,  25.55,  25.26,  24.70,  24.13,  24.09,  23.98,  24.02,  24.07,  24.23,  24.55,  25.18,  25.20,  24.09,  24.98,  24.80,  25.02
19960705, 1200,  , LO, 19.5N, 148.2E,  25,    0,    0,    0,    0,    0,    0,    0,    0,    0,    0,    0,    0,    0, -999,  28.02,  27.98,  27.92,  27.88,  28.03,  28.11,  28.24,  28.35,  28.18,  28.13,  27.91,  27.91,  27.69,  27.90,  28.00,  27.73,  27.36,  27.47,  28.03,  28.65,  28.09,  27.79,  26.85,  26.50,  26.87,  25.15,  25.09,  24.34,  23.28,  22.52,  22.30
19960705, 1800,  , LO, 19.8N, 147.3E,  25,    0,    0,    0,    0,    0,    0,    0,    0,    0,    0,    0,    0,    0, -999,  27.24,  27.06,  27.02,  27.29,  27.85,  28.08,  27.84,  27.95,  27.80,  27.87,  27.82,  27.72,  27.57,  27.73,  28.13,  28.31,  28.33,  28.59,  29.11,  29.04,  28.61,  28.58,  28.37,  28.26,  27.56,  27.34,  27.19,  26.89,  25.93,  25.72,  25.56
19960706, 0000,  , LO, 20.1N, 146.6E,  25,    0,    0,    0,    0,    0,    0,    0,    0,    0,    0,    0,    0,    0, -999,  24.20,  25.14,  26.60,  26.92,  26.52,  26.25,  26.71,  26.87,  26.12,  26.10,  26.16,  26.01,  26.17,  26.71,  26.86,  26.98,  26.72,  26.81,  26.87,  27.49,  28.44,  28.08,  26.20,  25.17,  25.16,  25.24,  25.58,  25.39,  25.49,  25.03,  24.52
19960706, 0600,  , LO, 20.4N, 146.0E,  30,    0,    0,    0,    0,    0,    0,    0,    0,    0,    0,    0,    0,    0, -999,  21.67,  22.50,  23.37,  23.62,  24.15,  24.48,  24.48,  23.76,  23.92,  23.98,  23.74,  23.76,  23.64,  23.65,  23.98,  23.95,  23.82,  23.76,  23.95,  24.10,  24.23,  24.85,  25.31,  25.30,  25.48,  25.71,  25.83,  26.35,  26.64,  26.11,  25.90
19960706, 1200,  , TS, 20.6N, 145.5E,  35,    0,    0,    0,    0,    0,    0,    0,    0,    0,    0,    0,    0,    0, -999,  23.66,  24.22,  24.92,  24.58,  24.42,  24.79,  25.24,  24.91,  24.51,  24.25,  24.15,  23.89,  23.71,  23.68,  23.89,  23.95,  23.90,  23.93,  24.02,  24.16,  24.39,  24.79,  25.28,  25.24,  25.87,  25.68,  25.57,  25.86,  26.09,  26.13,  26.02
19960706, 1800,  , TS, 20.9N, 144.9E,  35,    0,    0,    0,    0,    0,    0,    0,    0,    0,    0,    0,    0,    0, -999,  27.29,  27.05,  26.64,  25.85,  25.89,  25.92,  26.11,  26.40,  26.25,  26.26,  26.13,  25.81,  25.72,  25.50,  25.35,  25.04,  24.83,  24.66,  24.74,  24.40,  24.06,  24.07,  24.07,  24.09,  23.96,  24.23,  24.07,  23.94,  24.50,  24.44,  24.49
19960707, 0000,  , TS, 21.2N, 144.2E,  40,    0,    0,    0,    0,    0,    0,    0,    0,    0,    0,    0,    0,    0, -999,  27.29,  26.98,  27.04,  27.13,  27.28,  27.59,  27.74,  27.28,  27.10,  26.57,  25.36,  25.19,  24.77,  24.76,  24.74,  24.10,  23.64,  23.58,  23.43,  22.45,  22.01,  22.04,  22.02,  21.96,  21.98,  21.97,  22.02,  22.20,  22.63,  22.80,  23.24
19960707, 0600,  , TS, 21.6N, 143.5E,  45,    0,    0,    0,    0,    0,    0,    0,    0,    0,    0,    0,    0,    0, -999,  27.49,  27.16,  26.93,  26.66,  26.27,  26.24,  26.07,  25.05,  24.56,  24.54,  23.85,  23.28,  23.04,  22.79,  22.91,  22.21,  21.34,  21.21,  21.44,  20.94,  20.62,  20.57,  20.71,  20.71,  20.75,  21.12,  20.67,  20.58,  20.80,  21.16,  21.45
19960707, 1200,  , TS, 22.1N, 142.7E,  50,    0,    0,    0,    0,    0,    0,    0,    0,    0,    0,    0,    0,    0, -999,  25.53,  24.72,  24.05,  23.62,  23.20,  23.40,  23.57,  23.20,  22.42,  22.41,  22.20,  22.17,  22.23,  22.27,  22.30,  21.97,  20.74,  20.37,  20.40,  20.18,  20.01,  20.11,  20.53,  20.62,  20.89,  21.23,  20.82,  20.70,  20.70,  20.99,  21.47
19960707, 1800,  , TS, 22.4N, 142.0E,  60,    0,    0,    0,    0,    0,    0,    0,    0,    0,    0,    0,    0,    0, -999,  26.17,  25.56,  25.41,  25.48,  25.54,  25.00,  24.98,  25.05,  25.01,  24.70,  24.54,  24.37,  24.29,  24.37,  24.13,  24.15,  23.18,  22.64,  22.39,  22.33,  22.05,  22.15,  22.02,  21.86,  20.97,  20.54,  20.14,  20.25,  20.38,  21.09,  21.45
19960708, 0000,  , HU, 22.8N, 141.3E,  65,    0,    0,    0,    0,    0,    0,    0,    0,    0,    0,    0,    0,    0, -999,  27.16,  26.88,  26.84,  26.63,  26.45,  26.54,  26.57,  26.42,  26.58,  26.35,  26.07,  25.90,  26.59,  26.55,  26.59,  25.97,  25.32,  24.89,  24.44,  25.07,  24.59,  24.26,  23.73,  23.59,  23.55,  22.41,  21.69,  21.48,  22.07,  22.39,  21.87
19960708, 0600,  , HU, 23.4N, 140.8E,  65,    0,    0,    0,    0,    0,    0,    0,    0,    0,    0,    0,    0,    0, -999,  26.04,  25.78,  25.62,  25.46,  25.41,  25.58,  26.18,  26.13,  26.41,  26.38,  26.35,  26.09,  26.95,  27.31,  27.94,  28.44,  27.75,  27.15,  26.79,  27.17,  27.08,  26.57,  26.18,  26.04,  25.01,  24.33,  23.81,  23.90,  23.76,  23.53,  23.26
19960708, 1200,  , HU, 24.0N, 140.6E,  65,    0,    0,    0,    0,    0,    0,    0,    0,    0,    0,    0,    0,    0, -999,  23.90,  24.02,  24.12,  24.00,  24.12,  24.30,  24.35,  24.48,  24.58,  24.61,  24.01,  23.61,  24.78,  25.62,  25.01,  25.77,  25.52,  24.99,  23.99,  23.57,  23.59,  23.58,  22.25,  22.41,  21.70,  21.30,  21.96,  22.63,  23.17,  23.17,  23.13
19960708, 1800,  , HU, 24.7N, 140.5E,  70,    0,    0,    0,    0,    0,    0,    0,    0,    0,    0,    0,    0,    0, -999,  23.81,  23.48,  23.26,  23.23,  23.38,  23.73,  23.65,  23.48,  23.42,  23.00,  22.53,  22.22,  23.20,  23.50,  23.81,  24.79,  24.34,  23.90,  23.21,  23.15,  22.91,  23.09,  22.46,  22.06,  21.66,  21.48,  21.77,  21.91,  22.36,  22.92,  22.94
19960709, 0000,  , HU, 25.5N, 140.5E,  75,    0,    0,    0,    0,    0,    0,    0,    0,    0,    0,    0,    0,    0, -999,  23.30,  22.87,  22.74,  22.66,  22.63,  22.21,  22.12,  21.32,  20.73,  20.63,  20.55,  20.65,  20.81,  20.93,  22.56,  22.65,  22.82,  22.47,  22.26,  22.37,  21.45,  21.10,  21.23,  21.66,  21.87,  21.88,  21.57,  21.53,  21.70,  21.89,  22.53
19960709, 0600,  , HU, 26.7N, 140.6E,  75,    0,    0,    0,    0,    0,    0,    0,    0,    0,    0,    0,    0,    0, -999,  20.92,  21.20,  21.31,  21.89,  22.03,  21.59,  21.24,  20.56,  20.33,  20.09,  20.37,  20.22,  20.04,  20.11,  20.14,  20.01,  19.79,  19.38,  19.56,  19.35,  18.96,  18.45,  18.56,  18.59,  19.18,  19.15,  18.99,  19.21,  19.60,  19.96,  20.10
19960709, 1200,  , HU, 28.0N, 140.7E,  75,    0,    0,    0,    0,    0,    0,    0,    0,    0,    0,    0,    0,    0, -999,  19.68,  19.77,  19.76,  19.87,  20.39,  20.54,  20.35,  20.01,  19.89,  19.86,  19.93,  19.41,  19.15,  19.42,  19.60,  19.73,  19.59,  19.16,  18.61,  18.54,  18.50,  18.71,  18.98,  18.91,  19.24,  19.58,  19.56,  19.67,  19.97,  20.13,  20.03
19960709, 1800,  , HU, 29.5N, 140.8E,  70,    0,    0,    0,    0,    0,    0,    0,    0,    0,    0,    0,    0,    0, -999,  19.79,  19.94,  20.09,  20.20,  20.09,  20.08,  20.25,  20.27,  20.11,  19.98,  20.34,  20.59,  20.95,  20.58,  20.64,  20.72,  20.11,  19.76,  19.39,  18.80,  18.65,  18.68,  18.41,  18.32,  19.05,  19.34,  19.86,  20.57,  21.56,  21.59,  21.23
19960710, 0000,  , HU, 31.0N, 141.0E,  70,    0,    0,    0,    0,    0,    0,    0,    0,    0,    0,    0,    0,    0, -999,  20.64,  20.49,  20.59,  20.62,  20.77,  20.30,  20.15,  20.50,  20.42,  20.77,  20.67,  20.44,  20.73,  20.82,  20.60,  20.29,  20.41,  20.39,  19.92,  20.33,  20.03,  20.21,  19.82,  20.30,  20.36,  20.39,  20.40,  21.93,  21.98,  21.92,  21.92
19960710, 0600,  , HU, 32.4N, 141.2E,  65,    0,    0,    0,    0,    0,    0,    0,    0,    0,    0,    0,    0,    0, -999,  21.96,  22.50,  22.35,  22.06,  21.79,  21.45,  20.06,  20.00,  20.40,  20.57,  20.32,  21.25,  21.43,  21.12,  20.94,  20.39,  20.84,  21.50,  21.69,  21.25,  21.14,  21.21,  21.34,  21.30,  21.06,  21.07,  21.06,  22.56,  22.71,  23.76,  24.25
19960710, 1200,  , HU, 33.7N, 141.8E,  65,    0,    0,    0,    0,    0,    0,    0,    0,    0,    0,    0,    0,    0, -999,  21.03,  20.49,  20.81,  20.80,  22.39,  23.30,  24.24,  23.93,  23.31,  23.19,  24.12,  24.61,  24.95,  24.11,  23.20,  22.76,  22.88,  22.78,  23.50,  23.09,  22.91,  22.67,  22.96,  22.77,  22.58,  22.46,  22.70,  22.23,  22.34,  22.05,  21.72
19960710, 1800,  , HU, 35.0N, 142.9E,  65,    0,    0,    0,    0,    0,    0,    0,    0,    0,    0,    0,    0,    0, -999,  20.07,  20.18,  20.67,  19.87,  19.12,  19.79,  20.29,  19.51,  17.92,  18.34,  18.55,  19.49,  19.57,  17.33,  17.99,  17.96,  19.18,  18.77,  18.68,  17.32,  21.13,  21.05,  21.83,  21.68,  21.08,  20.78,  21.86,  22.26,  21.81,  20.78,  21.24
19960711, 0000,  , HU, 36.4N, 144.2E,  65,    0,    0,    0,    0,    0,    0,    0,    0,    0,    0,    0,    0,    0, -999,  11.87,  11.85,  13.42,  13.85,  14.15,  13.92,  13.71,  13.29,  13.14,  13.91,  14.51,  14.34,  13.30,  13.58,  13.37,  13.26,  13.34,  13.82,  15.11,  15.39,  15.29,  15.73,  15.76,  16.02,  15.85,  16.24,  16.31,  15.27,  15.38,  16.21,  17.03
19960711, 0600,  , TS, 37.9N, 145.8E,  60,    0,    0,    0,    0,    0,    0,    0,    0,    0,    0,    0,    0,    0, -999,   8.93,   8.62,   8.69,  11.50,  12.81,  12.77,  10.05,   8.73,   7.78,   9.13,   9.19,   8.70,   9.11,   8.87,   8.28,   8.30,   9.53,  10.88,  11.84,  10.86,  11.40,  11.97,  11.42,  10.99,   9.26,   7.06,   6.97,   9.64,  10.09,  10.70,  11.32
19960711, 1200,  , TS, 39.8N, 147.9E,  60,    0,    0,    0,    0,    0,    0,    0,    0,    0,    0,    0,    0,    0, -999,   9.58,  10.85,  10.48,  11.36,  11.44,  11.67,  12.28,  13.27,  13.59,  13.37,  13.18,  10.58,   8.19,   7.53,   7.13,   6.55,   8.56,   9.30,  10.09,  11.12,  10.29,   9.61,   8.50,   8.70,   8.71,   7.79,   7.13,   7.94,   8.16,   8.92,   9.67
19960711, 1800,  , TS, 42.0N, 149.6E,  60,    0,    0,    0,    0,    0,    0,    0,    0,    0,    0,    0,    0,    0, -999,   4.10,   3.52,   3.21,   4.15,   4.98,   5.40,   6.05,   6.41,   7.07,   7.21,   8.76,   8.26,   7.64,   7.35,   6.16,   6.23,   6.32,   5.95,   5.75,   5.06,   4.66,   4.62,   4.74,   4.98,   5.85,   6.27,   6.61,   6.35,   6.04,   6.70,   7.07
19960712, 0000,  , TS, 43.9N, 150.8E,  60,    0,    0,    0,    0,    0,    0,    0,    0,    0,    0,    0,    0,    0, -999,   4.04,   3.79,   3.22,   3.17,   3.11,   3.12,   2.84,   2.88,   2.91,   2.62,   2.48,   2.37,   2.16,   2.18,   2.16,   2.22,   2.25,   2.40,   2.27,   2.58,   2.98,   3.17,   3.18,   3.05,   2.96,   2.98,   3.73,   4.08,   4.03,   3.54,   3.19
19960712, 0600,  , TS, 45.3N, 151.6E,  60,    0,    0,    0,    0,    0,    0,    0,    0,    0,    0,    0,    0,    0, -999,   2.05,   1.99,   1.89,   2.08,   2.03,   2.20,   2.37,   2.65,   2.76,   2.71,   2.57,   2.51,   2.63,   2.85,   2.96,   3.02,   2.88,   2.70,   2.55,   2.40,   2.37,   2.41,   2.45,   2.43,   2.42,   2.48,   2.52,   2.41,   2.20,   2.18,   2.11
19960712, 1200,  , TS, 45.8N, 152.3E,  55,    0,    0,    0,    0,    0,    0,    0,    0,    0,    0,    0,    0,    0, -999,   1.88,   1.86,   1.97,   2.05,   2.11,   2.18,   2.38,   2.33,   2.20,   1.87,   1.83,   1.88,   1.99,   2.19,   2.29,   2.42,   2.29,   2.14,   1.80,   1.64,   1.68,   1.82,   1.80,   1.91,   1.97,   2.00,   2.04,   2.18,   2.10,   2.49,   2.89
19960712, 1800,  , TS, 45.9N, 153.2E,  50,    0,    0,    0,    0,    0,    0,    0,    0,    0,    0,    0,    0,    0, -999,   2.13,   2.24,   2.20,   2.16,   2.06,   2.02,   1.96,   1.90,   1.95,   1.94,   1.94,   1.91,   1.95,   1.94,   1.99,   1.94,   2.11,   2.16,   2.24,   2.16,   2.13,   2.17,   2.24,   2.23,   2.22,   2.22,   2.19,   2.20,   2.24,   2.36,   2.42
19960713, 0000,  , TS, 45.6N, 154.7E,  45,    0,    0,    0,    0,    0,    0,    0,    0,    0,    0,    0,    0,    0, -999,   2.31,   2.33,   2.47,   2.37,   2.45,   2.43,   2.51,   2.48,   2.58,   2.56,   2.55,   2.61,   2.82,   2.93,   3.10,   3.02,   2.94,   2.85,   2.62,   2.37,   2.14,   2.30,   2.37,   2.43,   2.32,   2.37,   2.28,   2.64,   2.67,   2.79,   2.81
19960713, 0600,  , TS, 45.2N, 157.1E,  45,    0,    0,    0,    0,    0,    0,    0,    0,    0,    0,    0,    0,    0, -999,   4.65,   4.25,   4.24,   4.12,   3.42,   3.80,   4.07,   4.15,   3.53,   3.14,   2.64,   2.46,   2.23,   2.24,   2.62,   2.69,   2.93,   3.05,   3.15,   3.44,   3.37,   3.57,   3.52,   3.61,   3.84,   3.74,   3.78,   3.56,   3.61,   3.20,   3.29
19960713, 1200,  , TS, 45.1N, 159.9E,  35,    0,    0,    0,    0,    0,    0,    0,    0,    0,    0,    0,    0,    0, -999,   4.18,   4.16,   4.35,   3.20,   3.05,   2.83,   2.96,   2.84,   2.68,   2.47,   2.31,   2.42,   2.66,   3.19,   3.50,   4.30,   4.31,   4.17,   3.48,   3.12,   3.09,   3.29,   3.51,   3.79,   3.57,   3.26,   3.25,   3.73,   3.71,   3.49,   3.49
19960713, 1800,  , TS, 45.0N, 162.1E,  35,    0,    0,    0,    0,    0,    0,    0,    0,    0,    0,    0,    0,    0, -999,   5.70,   5.84,   5.89,   6.02,   6.07,   5.87,   5.53,   5.23,   5.60,   5.32,   5.31,   6.16,   6.28,   5.93,   5.69,   6.03,   6.14,   6.23,   6.15,   6.69,   6.74,   5.08,   4.56,   4.43,   4.46,   4.52,   5.18,   5.17,   5.49,   5.25,   3.97
19960714, 0000,  , LO, 44.9N, 164.2E,  30,    0,    0,    0,    0,    0,    0,    0,    0,    0,    0,    0,    0,    0, -999,   6.02,   5.94,   5.86,   5.88,   5.82,   5.90,   5.92,   5.99,   6.05,   5.98,   6.08,   6.25,   6.33,   6.39,   6.33,   6.37,   6.28,   6.18,   6.13,   5.57,   5.52,   5.52,   5.20,   5.00,   5.90,   6.23,   6.40,   6.17,   6.01,   5.97,   6.28
19960714, 0600,  , LO, 45.2N, 166.3E,  25,    0,    0,    0,    0,    0,    0,    0,    0,    0,    0,    0,    0,    0, -999,   4.59,   4.53,   4.45,   4.42,   4.43,   4.52,   4.19,   4.06,   4.26,   4.38,   4.71,   4.96,   5.37,   5.32,   5.18,   4.83,   4.39,   4.27,   4.39,   4.50,   4.67,   4.81,   5.13,   5.20,   5.17,   5.17,   5.32,   5.29,   5.54,   5.80,   5.74
19960714, 1200,  , LO, 46.4N, 168.1E,  25,    0,    0,    0,    0,    0,    0,    0,    0,    0,    0,    0,    0,    0, -999,   3.46,   3.80,   4.38,   4.31,   4.18,   4.09,   4.04,   3.93,   3.79,   3.64,   3.49,   3.19,   2.95,   3.00,   3.13,   3.61,   4.00,   3.98,   4.02,   3.78,   3.79,   3.92,   3.98,   3.91,   3.82,   3.71,   3.66,   3.52,   3.44,   3.32,   3.10
19960714, 1800,  , LO, 47.7N, 169.2E,  20,    0,    0,    0,    0,    0,    0,    0,    0,    0,    0,    0,    0,    0, -999,   3.30,   3.28,   3.25,   3.16,   3.11,   2.98,   2.99,   2.92,   2.95,   2.96,   3.02,   2.99,   3.04,   3.04,   3.02,   3.02,   3.05,   3.08,   3.12,   3.11,   3.11,   3.07,   3.04,   3.13,   3.12,   3.09,   3.08,   3.14,   3.16,   3.05,   3.00
19960715, 0000,  , LO, 49.0N, 170.2E,  20,    0,    0,    0,    0,    0,    0,    0,    0,    0,    0,    0,    0,    0, -999,   3.51,   3.52,   3.36,   3.28,   3.09,   3.09,   3.01,   3.11,   3.13,   3.13,   3.06,   2.93,   3.10,   3.11,   3.23,   3.23,   3.28,   3.32,   3.42,   3.46,   3.44,   3.48,   3.36,   3.34,   3.31,   3.27,   3.61,   3.59,   3.43,   3.27,   3.11
