WP062007,            UNNAMED,     25,
20070801, 1200,  , DB, 12.3N, 113.0E,  15, 1010,    0,    0,    0,    0,    0,    0,    0,    0,    0,    0,    0,    0, -999,  34.58,  34.50,  34.53,  34.46,  34.44,  34.40,  34.36,  34.36,  34.14,  34.03,  33.93,  33.89,  33.87,  33.86,  33.86,  33.92,  33.96,  34.06,  34.23,  34.30,  34.27,  34.29,  34.32,  34.36,  34.34,  34.17,  34.14,  33.86,  33.87,  33.88,  34.01
20070801, 1800,  , DB, 12.5N, 113.0E,  20, 1003,    0,    0,    0,    0,    0,    0,    0,    0,    0,    0,    0,    0, -999,  34.76,  34.51,  34.32,  34.12,  34.00,  33.97,  33.84,  33.82,  33.75,  33.74,  33.77,  33.83,  33.84,  33.87,  33.90,  33.96,  33.96,  33.96,  33.95,  33.98,  33.99,  34.05,  34.06,  34.10,  34.06,  33.99,  33.95,  33.91,  33.86,  33.99,  34.13
20070802, 0000,  , DB, 12.6N, 113.0E,  20, 1003,    0,    0,    0,    0,    0,    0,    0,    0,    0,    0,    0,    0, -999,  34.51,  34.32,  34.12,  34.00,  33.97,  33.84,  33.82,  33.75,  33.74,  33.77,  33.83,  33.84,  33.87,  33.90,  33.96,  33.96,  33.96,  33.95,  33.98,  33.99,  34.05,  34.06,  34.10,  34.06,  33.99,  33.95,  33.91,  33.86,  33.99,  34.13,  34.21
20070802, 0600,  , DB, 12.5N, 112.9E,  20, 1001,    0,    0,    0,    0,    0,    0,    0,    0,    0,    0,    0,    0, -999,  34.12,  33.93,  33.88,  33.85,  33.81,  33.75,  33.76,  33.75,  33.79,  33.79,  33.80,  33.79,  33.77,  33.78,  33.82,  33.80,  33.80,  33.85,  33.94,  33.96,  33.98,  34.07,  34.09,  34.05,  34.03,  34.00,  34.19,  34.37,  34.52,  34.53,  34.48
20070802, 1200,  , DB, 12.6N, 112.8E,  20, 1007,    0,    0,    0,    0,    0,    0,    0,    0,    0,    0,    0,    0, -999,  33.88,  33.84,  33.84,  33.82,  33.79,  33.72,  33.73,  33.77,  33.78,  33.77,  33.78,  33.77,  33.76,  33.78,  33.80,  33.78,  33.79,  33.85,  33.92,  34.00,  34.02,  34.05,  34.01,  34.00,  34.16,  34.17,  34.36,  34.51,  34.54,  34.51,  34.49
20070802, 1800,  , TD, 12.9N, 112.6E,  25, 1004,    0,    0,    0,    0,    0,    0,    0,    0,    0,    0,    0,    0, -999,  33.81,  33.80,  33.72,  33.71,  33.75,  33.76,  33.77,  33.76,  33.76,  33.76,  33.75,  33.75,  33.76,  33.77,  33.81,  33.88,  33.98,  34.00,  34.02,  33.85,  34.01,  34.33,  34.51,  34.37,  34.38,  34.46,  34.38,  34.32,  34.38,  34.32,  34.30
20070803, 0000,  , TD, 13.3N, 112.7E,  30, 1000,    0,    0,    0,    0,    0,    0,    0,    0,    0,    0,    0,    0, -999,  33.82,  34.00,  33.74,  33.77,  33.79,  33.80,  33.77,  33.78,  33.78,  33.71,  33.80,  33.79,  33.78,  34.01,  34.30,  34.34,  34.20,  34.20,  34.17,  34.28,  34.42,  34.57,  34.72,  34.70,  34.46,  34.43,  34.36,  34.40,  34.48,  34.39,  34.29
20070803, 0600,  , TD, 13.6N, 112.8E,  30, 1000,    0,    0,    0,    0,    0,    0,    0,    0,    0,    0,    0,    0, -999,  34.52,  34.21,  34.03,  34.00,  33.96,  33.78,  33.72,  33.81,  33.89,  34.09,  34.14,  34.11,  34.03,  33.97,  33.97,  33.91,  33.84,  33.88,  33.89,  34.01,  34.04,  34.12,  34.30,  34.49,  34.53,  34.48,  34.43,  34.54,  34.55,  34.38,  34.43
20070803, 1200,  , TD, 13.8N, 112.9E,  30, 1000,    0,    0,    0,    0,    0,    0,    0,    0,    0,    0,    0,    0, -999,  34.56,  34.51,  34.30,  34.10,  34.03,  34.02,  33.84,  33.79,  33.86,  34.04,  34.14,  34.12,  34.00,  33.97,  33.94,  33.95,  33.90,  33.91,  33.89,  33.92,  33.95,  34.11,  34.23,  34.34,  34.35,  34.49,  34.53,  34.50,  34.47,  34.51,  34.47
20070803, 1800,  , TD, 14.0N, 112.5E,  30, 1000,    0,    0,    0,    0,    0,    0,    0,    0,    0,    0,    0,    0, -999,  34.02,  34.01,  34.05,  34.08,  33.99,  33.96,  33.88,  33.97,  33.98,  33.96,  33.98,  34.06,  34.05,  33.98,  34.06,  34.09,  34.00,  34.13,  34.17,  34.30,  34.30,  34.28,  34.31,  34.39,  34.51,  34.51,  34.37,  34.35,  34.61,  34.30,  34.27
20070804, 0000,  , TD, 13.9N, 111.7E,  30, 1000,    0,    0,    0,    0,    0,    0,    0,    0,    0,    0,    0,    0, -999,  34.28,  34.00,  33.88,  33.74,  33.72,  33.88,  34.27,  34.26,  34.28,  34.35,  34.26,  34.16,  34.07,  34.01,  34.14,  34.04,  34.21,  34.20,  34.46,  34.40,  34.38,  34.38,  34.39,  34.36,  34.28,  34.33,  34.34,  34.39,  34.42,  34.43,  34.41
20070804, 0600,  , TD, 14.0N, 110.8E,  30, 1000,    0,    0,    0,    0,    0,    0,    0,    0,    0,    0,    0,    0, -999,  34.57,  34.63,  34.36,  34.06,  33.92,  33.92,  33.94,  33.93,  33.98,  33.79,  33.68,  33.68,  33.71,  33.72,  33.72,  34.23,  34.23,  34.24,  34.38,  34.32,  34.37,  34.38,  34.52,  34.59,  34.51,  34.22,  34.27,  34.22,  34.40,  34.53,  34.43
20070804, 1200,  , TD, 14.1N, 110.0E,  30, 1000,    0,    0,    0,    0,    0,    0,    0,    0,    0,    0,    0,    0, -999,  34.43,  34.37,  34.36,  34.48,  34.56,  34.61,  34.51,  34.42,  34.22,  34.13,  34.18,  34.26,  34.21,  34.19,  34.14,  34.16,  34.30,  34.27,  34.28,  34.34,  34.39,  34.43,  34.42,  34.17,  34.18,  34.27,  34.29,  34.23,  34.07,  34.23,  34.40
20070804, 1800,  , TD, 14.1N, 109.7E,  30, 1000,    0,    0,    0,    0,    0,    0,    0,    0,    0,    0,    0,    0, -999,  34.42,  34.46,  34.49,  34.51,  34.57,  34.62,  34.62,  34.60,  34.58,  34.55,  34.53,  34.53,  34.56,  34.62,  34.63,  34.57,  34.58,  34.56,  34.53,  34.55,  34.54,  34.54,  34.49,  34.37,  34.48,  34.21,  34.22,  34.17,  34.31,  34.35,  34.18
20070805, 0000,  , TD, 14.2N, 109.6E,  30, 1000,    0,    0,    0,    0,    0,    0,    0,    0,    0,    0,    0,    0, -999,  34.51,  34.48,  34.49,  34.55,  34.60,  34.60,  34.59,  34.59,  34.57,  34.57,  34.56,  34.59,  34.63,  34.66,  34.58,  34.55,  34.57,  34.55,  34.55,  34.55,  34.56,  34.57,  34.52,  34.58,  34.28,  34.26,  34.26,  34.31,  34.35,  34.16,  34.12
20070805, 0600,  , TD, 14.5N, 109.7E,  30, 1000,    0,    0,    0,    0,    0,    0,    0,    0,    0,    0,    0,    0, -999,  34.73,  34.69,  34.67,  34.66,  34.66,  34.64,  34.64,  34.64,  34.63,  34.63,  34.62,  34.61,  34.64,  34.62,  34.57,  34.55,  34.54,  34.56,  34.56,  34.54,  34.54,  34.61,  34.72,  34.74,  34.44,  34.40,  34.28,  34.29,  34.36,  34.23,  34.19
20070805, 1200,  , TD, 15.0N, 109.9E,  25, 1004,    0,    0,    0,    0,    0,    0,    0,    0,    0,    0,    0,    0, -999,  34.65,  34.58,  34.59,  34.63,  34.67,  34.63,  34.65,  34.63,  34.58,  34.51,  34.44,  34.40,  34.39,  34.41,  34.36,  34.38,  34.38,  34.42,  34.42,  34.44,  34.38,  34.49,  34.66,  34.74,  34.48,  34.44,  34.14,  34.14,  34.20,  34.38,  34.46
20070805, 1800,  , TD, 15.8N, 109.9E,  25, 1004,    0,    0,    0,    0,    0,    0,    0,    0,    0,    0,    0,    0, -999,  34.13,  34.08,  34.14,  34.33,  34.45,  34.50,  34.53,  34.52,  34.51,  34.55,  34.52,  34.48,  34.46,  34.44,  34.43,  34.39,  34.31,  34.33,  34.32,  34.28,  34.28,  34.40,  34.44,  34.54,  34.51,  34.37,  34.33,  34.33,  33.98,  34.04,  34.06
20070806, 0000,  , TD, 16.9N, 109.4E,  25, 1004,    0,    0,    0,    0,    0,    0,    0,    0,    0,    0,    0,    0, -999,    nan,    nan,    nan,    nan,    nan,    nan,    nan,    nan,    nan,    nan,    nan,    nan,    nan,    nan,    nan,    nan,    nan,    nan,    nan,    nan,    nan,    nan,    nan,    nan,    nan,    nan,    nan,    nan,    nan,    nan,    nan
20070806, 0600,  , TD, 17.6N, 108.8E,  25, 1004,    0,    0,    0,    0,    0,    0,    0,    0,    0,    0,    0,    0, -999,  34.32,  34.30,  34.28,  34.30,  34.35,  34.40,  34.45,  34.48,  34.52,  34.53,  34.55,  34.56,  34.56,  34.59,  34.58,  34.61,  34.58,  34.58,  34.55,  34.53,  34.51,  34.51,  34.51,  34.44,  34.38,  34.34,  34.34,  34.38,  34.45,  34.51,  34.53
20070806, 1200,  , TD, 17.3N, 108.8E,  25, 1004,    0,    0,    0,    0,    0,    0,    0,    0,    0,    0,    0,    0, -999,    nan,    nan,    nan,    nan,    nan,    nan,    nan,    nan,    nan,    nan,    nan,    nan,    nan,    nan,    nan,    nan,    nan,    nan,    nan,    nan,    nan,    nan,    nan,    nan,    nan,    nan,    nan,    nan,    nan,    nan,    nan
20070806, 1800,  , TD, 17.8N, 108.0E,  25, 1004,    0,    0,    0,    0,    0,    0,    0,    0,    0,    0,    0,    0, -999,  34.70,  34.62,  34.66,  34.68,  34.55,  34.54,  34.52,  34.50,  34.50,  34.55,  34.60,  34.61,  34.61,  34.63,  34.63,  34.59,  34.59,  34.59,  34.60,  34.63,  34.65,  34.67,  34.66,  34.65,  34.64,  34.62,  34.62,  34.62,  34.63,  34.63,  34.64
20070807, 0000,  , DB, 18.1N, 107.2E,  20, 1007,    0,    0,    0,    0,    0,    0,    0,    0,    0,    0,    0,    0, -999,    nan,    nan,    nan,    nan,    nan,    nan,    nan,    nan,    nan,    nan,    nan,    nan,    nan,    nan,    nan,    nan,    nan,    nan,    nan,    nan,    nan,    nan,    nan,    nan,    nan,    nan,    nan,    nan,    nan,    nan,    nan
20070807, 0600,  , DB, 18.2N, 106.1E,  20, 1007,    0,    0,    0,    0,    0,    0,    0,    0,    0,    0,    0,    0, -999,    nan,    nan,    nan,    nan,    nan,    nan,    nan,    nan,    nan,    nan,    nan,    nan,    nan,    nan,    nan,    nan,    nan,    nan,    nan,    nan,    nan,    nan,    nan,    nan,    nan,    nan,    nan,    nan,    nan,    nan,    nan
20070807, 1200,  , DB, 18.1N, 105.5E,  20, 1007,    0,    0,    0,    0,    0,    0,    0,    0,    0,    0,    0,    0, -999,    nan,    nan,    nan,    nan,    nan,    nan,    nan,    nan,    nan,    nan,    nan,    nan,    nan,    nan,    nan,    nan,    nan,    nan,    nan,    nan,    nan,    nan,    nan,    nan,    nan,    nan,    nan,    nan,    nan,    nan,    nan
