WP062005,             NALGAE,     24,
20050718, 0000,  , DB, 21.4N, 167.6E,  15, 1006,    0,    0,    0,    0,    0,    0,    0,    0,    0,    0,    0,    0, -999,  27.98,  28.04,  27.99,  28.25,  28.16,  28.23,  28.35,  28.54,  28.86,  28.94,  28.88,  28.81,  28.77,  28.82,  28.45,  28.09,  28.08,  28.23,  28.53,  28.53,  28.56,  28.54,  28.55,  28.49,  28.59,  28.48,  28.47,  28.59,  28.63,  28.84,  28.84
20050718, 0600,  , DB, 21.9N, 167.7E,  15, 1006,    0,    0,    0,    0,    0,    0,    0,    0,    0,    0,    0,    0, -999,  28.03,  27.95,  27.94,  27.81,  27.63,  27.82,  27.70,  27.90,  27.85,  28.13,  28.14,  27.96,  27.95,  27.80,  27.80,  27.73,  27.65,  27.74,  27.75,  27.72,  27.55,  27.53,  27.53,  27.68,  27.84,  27.60,  27.76,  28.15,  28.43,  28.61,  28.62
20050718, 1200,  , DB, 22.5N, 167.5E,  15, 1006,    0,    0,    0,    0,    0,    0,    0,    0,    0,    0,    0,    0, -999,  28.36,  28.40,  28.14,  27.94,  27.86,  27.96,  28.19,  28.25,  28.19,  28.13,  27.76,  27.67,  27.87,  27.81,  27.61,  27.59,  27.46,  28.03,  27.98,  27.82,  27.76,  27.81,  27.82,  27.87,  27.89,  27.68,  27.68,  28.02,  28.06,  27.97,  27.80
20050718, 1800,  , DB, 22.8N, 167.1E,  15, 1006,    0,    0,    0,    0,    0,    0,    0,    0,    0,    0,    0,    0, -999,  28.49,  28.23,  28.21,  28.02,  27.89,  28.17,  28.10,  27.72,  27.56,  27.62,  28.06,  28.53,  28.68,  28.20,  27.83,  27.42,  26.52,  26.82,  27.05,  27.42,  27.50,  27.69,  27.65,  27.63,  27.92,  27.90,  27.76,  28.01,  27.98,  27.72,  27.75
20050719, 0000,  , DB, 22.6N, 166.6E,  15, 1006,    0,    0,    0,    0,    0,    0,    0,    0,    0,    0,    0,    0, -999,  28.30,  28.41,  28.54,  28.29,  28.36,  28.70,  28.75,  28.31,  28.51,  28.69,  28.67,  28.61,  28.39,  28.19,  27.78,  26.94,  25.76,  26.65,  27.03,  27.21,  27.40,  27.10,  27.04,  27.03,  27.34,  27.68,  27.29,  27.31,  27.51,  28.09,  27.82
20050719, 0600,  , DB, 22.6N, 165.8E,  15, 1006,    0,    0,    0,    0,    0,    0,    0,    0,    0,    0,    0,    0, -999,  28.51,  28.82,  28.94,  29.00,  29.09,  28.96,  28.60,  28.65,  28.99,  29.11,  28.95,  28.78,  28.54,  28.27,  28.09,  27.94,  27.74,  27.52,  27.48,  27.48,  27.45,  27.29,  27.47,  27.84,  27.69,  27.37,  27.14,  27.27,  27.24,  27.19,  27.00
20050719, 1200,  , DB, 22.9N, 165.0E,  20, 1004,    0,    0,    0,    0,    0,    0,    0,    0,    0,    0,    0,    0, -999,  28.25,  28.22,  28.68,  28.91,  29.03,  29.00,  28.94,  28.88,  28.83,  28.77,  28.80,  28.85,  28.63,  28.53,  28.27,  28.17,  27.84,  27.70,  27.79,  27.85,  27.86,  27.88,  27.97,  27.77,  27.63,  28.11,  28.37,  28.70,  28.75,  28.85,  28.50
20050719, 1800,  , TD, 23.5N, 164.3E,  25, 1002,    0,    0,    0,    0,    0,    0,    0,    0,    0,    0,    0,    0, -999,  27.97,  28.44,  28.54,  28.81,  28.83,  28.87,  28.78,  28.87,  28.82,  28.72,  28.62,  28.47,  28.21,  27.99,  27.88,  27.82,  27.62,  27.62,  27.80,  27.82,  27.89,  27.82,  27.93,  28.27,  28.48,  28.72,  28.92,  28.88,  28.76,  28.66,  28.72
20050720, 0000,  , TS, 24.2N, 163.7E,  35,  997,    0,    0,    0,    0,    0,    0,    0,    0,    0,    0,    0,    0, -999,  27.22,  27.65,  28.19,  27.94,  28.32,  28.62,  28.55,  28.60,  28.46,  28.42,  28.25,  28.32,  28.49,  28.50,  28.55,  28.27,  28.39,  27.77,  27.33,  27.43,  27.48,  27.82,  28.06,  28.22,  28.20,  28.50,  28.52,  28.33,  28.02,  27.77,  27.56
20050720, 0600,  , TS, 24.9N, 163.1E,  40,  994,  120,   60,   60,  120,    0,    0,    0,    0,    0,    0,    0,    0, -999,  26.47,  25.68,  25.28,  24.74,  24.14,  25.29,  25.70,  26.98,  26.84,  26.35,  25.19,  24.43,  24.38,  24.30,  25.35,  27.54,  25.37,  25.30,  23.90,  23.48,  23.34,  24.04,  24.50,  25.19,  25.19,  24.98,  25.06,  24.72,  24.79,  24.79,  25.05
20050720, 1200,  , TS, 25.6N, 162.5E,  45,  991,  120,   60,   80,  120,    0,    0,    0,    0,    0,    0,    0,    0, -999,  28.23,  27.88,  27.86,  27.56,  27.57,  27.84,  28.01,  28.02,  28.59,  28.52,  28.35,  28.41,  28.44,  28.24,  28.15,  28.06,  27.52,  27.51,  27.47,  27.23,  26.76,  26.77,  26.98,  27.23,  26.36,  24.49,  23.78,  23.72,  23.84,  24.25,  24.52
20050720, 1800,  , TS, 26.3N, 161.8E,  45,  991,  120,   80,   80,  120,    0,    0,    0,    0,    0,    0,    0,    0, -999,  28.57,  28.67,  28.73,  28.60,  28.67,  28.64,  28.58,  28.59,  28.61,  28.53,  28.28,  28.22,  28.41,  28.02,  27.85,  27.78,  27.76,  27.50,  27.30,  26.95,  26.87,  26.29,  25.98,  26.27,  26.49,  26.84,  26.73,  26.11,  26.14,  26.01,  26.21
20050721, 0000,  , TS, 27.0N, 161.0E,  50,  987,  120,  100,  120,  120,    0,    0,    0,    0,    0,    0,    0,    0, -999,  28.52,  28.52,  28.52,  28.52,  28.52,  28.38,  28.33,  28.21,  28.12,  27.90,  28.04,  28.22,  28.30,  28.19,  28.30,  28.13,  27.82,  27.83,  27.52,  27.69,  27.71,  27.69,  28.11,  27.81,  27.57,  27.20,  26.91,  26.82,  26.91,  26.87,  26.45
20050721, 0600,  , TS, 27.8N, 160.3E,  55,  984,  120,  100,  120,  120,    0,    0,    0,    0,    0,    0,    0,    0, -999,  26.36,  25.54,  25.34,  25.83,  28.13,  28.99,  28.81,  28.52,  28.45,  28.55,  28.58,  28.69,  28.31,  28.05,  28.38,  28.37,  28.43,  28.50,  28.05,  27.65,  27.20,  27.02,  27.14,  26.64,  26.45,  26.27,  25.99,  25.97,  26.18,  25.95,  26.05
20050721, 1200,  , TS, 28.5N, 159.6E,  55,  984,  115,   95,  115,  115,    0,    0,    0,    0,    0,    0,    0,    0, -999,  24.18,  24.01,  24.58,  24.34,  24.14,  24.31,  24.34,  24.77,  25.32,  25.75,  26.22,  27.28,  26.35,  25.61,  24.85,  25.89,  25.96,  26.21,  24.84,  23.87,  23.68,  24.02,  23.19,  22.61,  23.01,  23.23,  23.16,  23.46,  24.10,  24.03,  24.76
20050721, 1800,  , TS, 29.2N, 159.0E,  50,  987,  115,  115,  115,  115,    0,    0,    0,    0,    0,    0,    0,    0, -999,  23.11,  23.19,  22.90,  23.09,  23.21,  23.48,  23.65,  23.84,  23.69,  23.85,  24.13,  24.28,  24.42,  24.54,  24.63,  24.61,  23.80,  23.82,  23.46,  22.96,  22.43,  23.30,  23.50,  23.17,  22.82,  22.40,  22.30,  22.40,  22.44,  22.59,  22.91
20050722, 0000,  , TS, 29.9N, 158.6E,  35,  997,  115,  115,  115,  115,    0,    0,    0,    0,    0,    0,    0,    0, -999,  22.48,  23.17,  22.94,  22.30,  22.97,  22.65,  23.51,  23.48,  23.05,  23.61,  23.91,  24.20,  23.88,  24.00,  24.25,  23.93,  24.10,  23.61,  23.82,  23.58,  23.15,  22.87,  23.05,  23.09,  22.91,  23.24,  23.62,  23.60,  23.78,  23.10,  22.47
20050722, 0600,  , TS, 30.6N, 158.7E,  35,  997,  115,  115,  115,  115,    0,    0,    0,    0,    0,    0,    0,    0, -999,  21.59,  20.84,  23.19,  23.81,  24.30,  23.92,  23.90,  24.45,  24.33,  24.17,  23.75,  23.27,  23.93,  24.44,  24.33,  24.44,  24.27,  23.83,  23.42,  22.96,  22.91,  22.72,  22.59,  22.41,  21.93,  22.39,  22.39,  22.50,  22.55,  22.66,  22.40
20050722, 1200,  , TS, 31.0N, 159.3E,  35,  997,   40,   35,   35,   35,    0,    0,    0,    0,    0,    0,    0,    0, -999,  21.40,  21.94,  22.15,  22.69,  23.69,  23.46,  23.34,  23.70,  23.60,  23.90,  24.22,  24.47,  24.83,  24.79,  24.90,  25.45,  23.32,  24.32,  24.48,  24.75,  24.11,  23.88,  24.20,  23.07,  22.24,  23.02,  23.08,  23.30,  24.40,  24.38,  23.34
20050722, 1800,  , TS, 31.6N, 159.7E,  35,  997,   40,   35,   35,   35,    0,    0,    0,    0,    0,    0,    0,    0, -999,  21.39,  22.67,  23.47,  23.68,  23.29,  23.23,  24.02,  23.66,  23.98,  24.34,  24.46,  24.88,  24.90,  25.13,  23.91,  24.70,  24.12,  24.57,  24.32,  24.46,  24.80,  24.74,  24.48,  24.57,  24.78,  24.66,  23.76,  22.98,  23.64,  23.99,  23.87
20050723, 0000,  , TS, 32.2N, 159.5E,  35,  997,   40,   35,   35,   35,    0,    0,    0,    0,    0,    0,    0,    0, -999,  20.63,  21.14,  21.50,  22.53,  22.87,  23.20,  23.61,  23.95,  23.82,  23.90,  24.28,  24.38,  24.24,  23.91,  23.90,  25.04,  25.26,  24.59,  24.42,  24.68,  24.62,  24.82,  24.98,  24.66,  24.64,  24.48,  24.38,  24.44,  24.41,  24.49,  24.96
20050723, 0600,  , TS, 32.5N, 159.9E,  35,  997,   40,   35,   35,   35,    0,    0,    0,    0,    0,    0,    0,    0, -999,  24.16,  24.38,  23.66,  23.66,  23.25,  24.18,  23.81,  23.27,  23.57,  24.04,  24.75,  24.72,  25.21,  25.46,  26.75,  25.82,  24.55,  24.47,  24.22,  24.34,  24.52,  24.35,  24.03,  23.60,  23.34,  23.71,  23.48,  23.36,  23.11,  23.24,  23.49
20050723, 1200,  , TD, 33.0N, 160.2E,  30, 1000,    0,    0,    0,    0,    0,    0,    0,    0,    0,    0,    0,    0, -999,  22.50,  23.30,  23.54,  22.38,  23.04,  22.90,  23.38,  23.72,  24.27,  24.04,  24.35,  24.94,  25.18,  25.10,  25.65,  25.19,  24.57,  24.42,  24.50,  24.55,  24.53,  24.46,  24.18,  24.84,  25.05,  24.74,  24.85,  24.91,  24.81,  24.56,  24.75
20050723, 1800,  , TD, 33.3N, 161.1E,  30, 1000,    0,    0,    0,    0,    0,    0,    0,    0,    0,    0,    0,    0, -999,  22.75,  22.70,  23.44,  24.26,  23.73,  22.95,  22.91,  22.90,  23.06,  23.70,  24.41,  24.23,  23.68,  24.05,  25.54,  25.38,  24.24,  24.50,  24.49,  24.35,  23.99,  23.58,  23.62,  23.59,  23.73,  24.08,  24.21,  24.33,  24.40,  24.08,  23.96
