WP062003,            UNNAMED,     17,
20030531, 0000,  , TD, 17.1N, 117.2E,  15, 1006,    0,    0,    0,    0,    0,    0,    0,    0,    0,    0,    0,    0, -999,  27.15,  27.32,  27.54,  27.50,  27.37,  27.59,  27.95,  28.31,  28.31,  28.19,  27.55,  27.16,  27.67,  26.82,  27.15,  28.26,  25.36,  24.02,  24.42,  23.71,  23.50,  23.90,  25.54,  25.05,  25.89,  25.01,  24.70,  25.36,  25.11,  24.83,  25.52
20030531, 0600,  , TD, 17.1N, 117.1E,  25, 1002,    0,    0,    0,    0,    0,    0,    0,    0,    0,    0,    0,    0, -999,  27.41,  27.50,  27.65,  27.80,  27.74,  28.10,  28.26,  28.50,  28.46,  28.66,  27.80,  27.40,  28.20,  26.98,  27.66,  28.69,  26.12,  24.42,  24.96,  24.04,  23.75,  25.86,  25.64,  25.39,  26.31,  25.05,  24.54,  25.33,  25.16,  25.40,  25.84
20030531, 1200,  , TD, 17.2N, 117.0E,  25, 1002,    0,    0,    0,    0,    0,    0,    0,    0,    0,    0,    0,    0, -999,  27.16,  27.37,  27.62,  27.79,  27.65,  28.21,  28.28,  28.38,  28.25,  28.46,  27.80,  27.39,  27.88,  26.91,  28.43,  28.67,  25.35,  24.08,  24.37,  24.15,  23.67,  24.70,  25.19,  24.97,  25.98,  25.05,  24.13,  25.30,  24.89,  24.95,  25.13
20030531, 1800,  , TD, 17.4N, 117.0E,  30, 1000,    0,    0,    0,    0,    0,    0,    0,    0,    0,    0,    0,    0, -999,  26.86,  27.32,  27.51,  27.51,  27.66,  28.49,  28.28,  28.22,  28.19,  28.42,  27.73,  27.75,  27.55,  27.02,  27.77,  27.75,  24.93,  23.83,  24.34,  24.08,  23.55,  23.48,  24.71,  24.40,  24.46,  23.90,  23.44,  24.31,  24.13,  24.34,  24.46
20030601, 0000,  , TD, 17.6N, 117.2E,  30, 1000,    0,    0,    0,    0,    0,    0,    0,    0,    0,    0,    0,    0, -999,  26.74,  26.97,  27.16,  27.03,  28.71,  28.51,  28.12,  27.51,  28.06,  27.49,  26.63,  26.15,  25.41,  25.97,  25.90,  23.82,  23.25,  23.75,  23.51,  22.96,  22.81,  23.30,  23.00,  22.93,  22.96,  22.78,  23.57,  23.89,  23.91,  23.73,  24.55
20030601, 0600,  , TS, 17.9N, 117.5E,  35,  997,   40,   40,   40,   40,    0,    0,    0,    0,    0,    0,    0,    0, -999,  25.06,  25.09,  25.58,  25.72,  25.17,  24.95,  25.16,  25.88,  26.04,  24.55,  24.32,  24.15,  23.93,  23.85,  23.64,  23.37,  22.50,  22.66,  22.26,  21.99,  22.82,  23.12,  23.01,  22.70,  23.04,  23.37,  23.38,  23.13,  22.75,  22.75,  23.82
20030601, 1200,  , TS, 18.5N, 118.2E,  40,  994,   40,   40,   40,   40,    0,    0,    0,    0,    0,    0,    0,    0, -999,  23.89,  24.42,  25.05,  25.09,  24.82,  24.15,  24.57,  24.55,  24.10,  23.34,  23.21,  23.23,  23.51,  24.40,  24.72,  25.07,  24.81,  25.76,  24.83,  24.68,  25.69,  24.82,  25.30,  24.52,  23.89,  24.73,  24.35,  25.02,  25.52,  25.99,  26.81
20030601, 1800,  , TS, 19.2N, 118.9E,  45,  991,   90,   40,   40,   80,    0,    0,    0,    0,    0,    0,    0,    0, -999,  24.61,  26.19,  27.30,  28.56,  29.41,  29.09,  28.73,  28.41,  28.03,  27.32,  27.34,  28.57,  28.72,  28.57,  28.71,  28.52,  28.46,  28.33,  28.39,  28.34,  26.66,  28.18,  27.47,  27.82,  27.11,  26.92,  27.30,  27.71,  27.01,  26.82,  27.04
20030602, 0000,  , TS, 20.0N, 119.6E,  45,  991,   90,   40,   40,   80,    0,    0,    0,    0,    0,    0,    0,    0, -999,  26.70,  26.29,  26.29,  26.44,  26.50,  26.44,  26.41,  26.29,  26.21,  26.23,  26.37,  26.69,  26.87,  26.57,  27.10,  26.88,  26.92,  26.59,  26.35,  26.26,  26.45,  26.82,  26.73,  26.51,  26.25,  26.41,  26.39,  26.49,  26.60,  27.13,  28.19
20030602, 0600,  , TS, 20.8N, 120.8E,  45,  991,   95,   40,   40,   90,    0,    0,    0,    0,    0,    0,    0,    0, -999,  26.73,  24.53,  23.89,  24.23,  26.09,  26.54,  26.60,  27.47,  26.59,  27.47,  27.62,  26.79,  26.89,  27.32,  27.98,  27.39,  26.90,  26.02,  26.20,  27.25,  26.87,  27.29,  27.31,  27.12,  26.52,  27.12,  25.86,  26.74,  26.83,  27.17,  27.44
20030602, 1200,  , TS, 21.5N, 122.0E,  45,  991,   90,   40,   40,   90,    0,    0,    0,    0,    0,    0,    0,    0, -999,  27.71,  27.68,  27.75,  27.80,  27.75,  27.56,  27.49,  27.58,  27.77,  27.68,  27.21,  27.57,  27.58,  27.90,  27.66,  27.33,  27.05,  27.14,  26.74,  27.16,  27.04,  26.46,  26.41,  26.82,  27.08,  27.43,  27.60,  27.43,  27.57,  27.76,  27.56
20030602, 1800,  , TS, 22.2N, 123.3E,  45,  991,    0,    0,    0,    0,    0,    0,    0,    0,    0,    0,    0,    0, -999,  27.09,  27.24,  27.30,  26.91,  26.69,  26.82,  27.01,  27.10,  27.60,  27.60,  27.43,  27.15,  26.84,  26.79,  27.05,  26.96,  26.50,  26.52,  26.12,  25.93,  25.89,  26.26,  26.10,  25.84,  25.63,  25.78,  26.38,  26.36,  26.24,  26.30,  26.95
20030603, 0000,  , TS, 23.0N, 125.3E,  40,  994,    0,    0,    0,    0,    0,    0,    0,    0,    0,    0,    0,    0, -999,  25.82,  25.83,  25.62,  25.48,  25.42,  25.39,  25.77,  26.10,  26.10,  25.96,  25.90,  25.89,  25.84,  26.27,  26.71,  26.78,  27.29,  26.38,  26.60,  26.30,  26.41,  26.42,  26.18,  25.65,  25.69,  25.88,  26.58,  27.16,  27.15,  27.72,  27.46
20030603, 0600,  , TS, 24.1N, 127.9E,  35,  997,    0,    0,    0,    0,    0,    0,    0,    0,    0,    0,    0,    0, -999,  24.21,  24.43,  24.53,  24.33,  24.37,  24.32,  24.75,  24.64,  25.12,  25.19,  25.36,  25.12,  25.08,  25.26,  24.83,  24.66,  24.41,  24.44,  24.38,  24.57,  24.82,  24.89,  24.40,  24.43,  24.38,  24.37,  24.46,  24.95,  24.78,  25.06,  25.55
20030603, 1200,  , TD, 25.6N, 130.9E,  30, 1000,    0,    0,    0,    0,    0,    0,    0,    0,    0,    0,    0,    0, -999,  24.04,  23.60,  23.45,  23.39,  24.09,  24.65,  24.76,  24.85,  25.34,  25.14,  24.17,  24.30,  24.39,  24.00,  23.86,  23.67,  24.09,  24.66,  24.99,  25.24,  25.20,  25.01,  24.93,  24.90,  24.74,  24.88,  25.01,  25.07,  25.18,  25.32,  25.22
20030603, 1800,  , TD, 27.4N, 133.8E,  25, 1002,    0,    0,    0,    0,    0,    0,    0,    0,    0,    0,    0,    0, -999,  22.53,  22.70,  22.71,  22.86,  22.78,  22.65,  22.34,  22.19,  22.39,  22.23,  22.75,  22.77,  21.99,  21.77,  21.61,  21.66,  21.60,  21.86,  21.99,  22.33,  22.09,  20.87,  21.21,  21.29,  21.98,  22.67,  22.52,  22.53,  22.79,  23.01,  23.31
20030604, 0000,  , TD, 29.4N, 136.8E,  25, 1002,    0,    0,    0,    0,    0,    0,    0,    0,    0,    0,    0,    0, -999,  22.00,  22.29,  22.04,  21.84,  21.81,  21.94,  21.57,  21.38,  21.25,  21.22,  21.30,  21.50,  21.82,  21.71,  20.79,  21.53,  21.10,  21.09,  21.07,  21.05,  21.10,  21.65,  21.41,  21.57,  21.90,  21.44,  21.55,  22.09,  22.24,  22.04,  22.21
