WP072020,           MEKKHALA,     16,
20200808, 1200,  , DB, 14.9N, 117.3E,  15, 1010,    0,    0,    0,    0,    0,    0,    0,    0,    0,    0,    0,    0, -999,  33.73,  33.72,  33.71,  33.70,  33.70,  33.71,  33.72,  33.72,  33.76,  33.61,  33.57,  33.59,  33.60,  33.58,  33.58,  33.60,  33.52,  33.48,  33.46,  33.47,  33.56,  33.61,  33.62,  33.65,  33.69,  33.71,  33.62,  33.62,  33.59,  33.55,  33.52
20200808, 1800,  , DB, 15.0N, 117.8E,  20, 1005,    0,    0,    0,    0,    0,    0,    0,    0,    0,    0,    0,    0, -999,  33.76,  33.76,  33.75,  33.74,  33.75,  33.74,  33.75,  33.77,  33.79,  33.59,  33.54,  33.55,  33.59,  33.57,  33.56,  33.56,  33.55,  33.56,  33.46,  33.46,  33.56,  33.60,  33.63,  33.68,  33.70,  33.72,  33.62,  33.60,  33.61,  33.58,  33.53
20200809, 0000,  , DB, 15.3N, 118.0E,  20, 1001,    0,    0,    0,    0,    0,    0,    0,    0,    0,    0,    0,    0, -999,  33.79,  33.78,  33.77,  33.75,  33.75,  33.77,  33.78,  33.79,  33.68,  33.61,  33.61,  33.59,  33.58,  33.58,  33.62,  33.57,  33.52,  33.48,  33.51,  33.60,  33.65,  33.70,  33.74,  33.77,  33.73,  33.64,  33.62,  33.62,  33.60,  33.60,  33.59
20200809, 0600,  , TD, 15.9N, 118.3E,  25,  999,    0,    0,    0,    0,    0,    0,    0,    0,    0,    0,    0,    0, -999,  33.75,  33.81,  33.77,  33.80,  33.78,  33.77,  33.77,  33.78,  33.70,  33.64,  33.66,  33.68,  33.66,  33.64,  33.62,  33.62,  33.56,  33.66,  33.55,  33.66,  33.64,  33.66,  33.68,  33.68,  33.70,  33.65,  33.65,  33.62,  33.62,  33.62,  33.61
20200809, 1200,  , TD, 17.0N, 118.5E,  30,  998,    0,    0,    0,    0,    0,    0,    0,    0,    0,    0,    0,    0, -999,  33.76,  33.77,  33.76,  33.77,  33.80,  33.80,  33.83,  33.83,  33.72,  33.68,  33.68,  33.68,  33.68,  33.64,  33.64,  33.61,  33.65,  33.68,  33.80,  33.75,  33.76,  33.74,  33.65,  33.72,  33.67,  33.68,  33.68,  33.68,  33.70,  33.71,  33.70
20200809, 1800,  , TD, 18.2N, 118.6E,  30,  997,    0,    0,    0,    0,    0,    0,    0,    0,    0,    0,    0,    0, -999,  33.91,  33.93,  33.93,  33.96,  33.96,  33.96,  33.91,  33.90,  33.79,  33.70,  33.70,  33.73,  33.72,  33.70,  33.70,  33.71,  33.75,  33.72,  33.79,  33.75,  33.72,  33.78,  33.78,  33.83,  33.81,  33.76,  33.79,  33.82,  33.86,  33.85,  33.82
20200810, 0000,  , TS, 19.3N, 118.6E,  35,  996,   25,   35,   35,    0,    0,    0,    0,    0,    0,    0,    0,    0, -999,  34.13,  34.07,  34.13,  34.14,  34.12,  34.08,  34.09,  33.99,  33.79,  33.71,  33.76,  33.88,  33.94,  33.99,  33.91,  33.87,  33.99,  34.02,  34.03,  33.99,  33.98,  34.03,  34.02,  33.96,  33.87,  33.87,  33.95,  33.97,  33.98,  33.95,  33.93
20200810, 0600,  , TS, 20.4N, 118.6E,  45,  994,   35,   45,   40,    0,    0,    0,    0,    0,    0,    0,    0,    0, -999,  34.25,  34.23,  34.26,  34.26,  34.23,  34.23,  34.27,  34.23,  34.25,  34.13,  34.03,  33.98,  33.95,  33.90,  33.92,  33.93,  34.03,  33.98,  33.97,  33.99,  34.00,  33.96,  33.94,  33.93,  33.90,  33.90,  33.97,  34.01,  34.04,  34.05,  34.06
20200810, 1200,  , TS, 21.6N, 118.5E,  50,  988,   50,   50,   30,   30,   20,   15,   15,   10,    0,    0,    0,    0, -999,  34.12,  34.09,  34.14,  34.16,  34.16,  34.13,  34.23,  34.22,  34.20,  34.16,  34.15,  34.00,  33.92,  33.98,  34.04,  33.94,  34.09,  34.13,  34.09,  34.03,  33.94,  34.02,  34.05,  33.88,  33.89,  33.94,  33.96,  34.06,  34.11,  34.11,  34.16
20200810, 1800,  , HU, 22.9N, 118.2E,  65,  984,   55,   85,   55,   25,   35,   60,   35,   15,    0,   35,    0,    0, -999,    nan,    nan,    nan,    nan,    nan,    nan,    nan,    nan,    nan,    nan,    nan,    nan,    nan,    nan,    nan,    nan,    nan,    nan,    nan,    nan,    nan,    nan,    nan,    nan,    nan,    nan,    nan,    nan,    nan,    nan,    nan
20200810, 2100,  , HU, 23.5N, 118.0E,  70,  980,   70,   70,   55,   50,   20,   20,   20,   20,   10,   10,   10,   10, -999,    nan,    nan,    nan,    nan,    nan,    nan,    nan,    nan,    nan,    nan,    nan,    nan,    nan,    nan,    nan,    nan,    nan,    nan,    nan,    nan,    nan,    nan,    nan,    nan,    nan,    nan,    nan,    nan,    nan,    nan,    nan
20200811, 0000,  , HU, 24.2N, 117.7E,  70,  980,   30,   35,   40,   30,   20,   25,   30,   10,   10,   10,    0,    0, -999,    nan,    nan,    nan,    nan,    nan,    nan,    nan,    nan,    nan,    nan,    nan,    nan,    nan,    nan,    nan,    nan,    nan,    nan,    nan,    nan,    nan,    nan,    nan,    nan,    nan,    nan,    nan,    nan,    nan,    nan,    nan
20200811, 0600,  , TS, 25.5N, 117.3E,  50,  993,   60,  100,   40,   45,   25,   50,   10,   15,    0,    0,    0,    0, -999,    nan,    nan,    nan,    nan,    nan,    nan,    nan,    nan,    nan,    nan,    nan,    nan,    nan,    nan,    nan,    nan,    nan,    nan,    nan,    nan,    nan,    nan,    nan,    nan,    nan,    nan,    nan,    nan,    nan,    nan,    nan
20200811, 1200,  , TS, 27.4N, 116.8E,  35, 1001,   60,   70,   55,   55,    0,    0,    0,    0,    0,    0,    0,    0, -999,    nan,    nan,    nan,    nan,    nan,    nan,    nan,    nan,    nan,    nan,    nan,    nan,    nan,    nan,    nan,    nan,    nan,    nan,    nan,    nan,    nan,    nan,    nan,    nan,    nan,    nan,    nan,    nan,    nan,    nan,    nan
20200811, 1800,  , TD, 28.3N, 115.9E,  25, 1005,    0,    0,    0,    0,    0,    0,    0,    0,    0,    0,    0,    0, -999,    nan,    nan,    nan,    nan,    nan,    nan,    nan,    nan,    nan,    nan,    nan,    nan,    nan,    nan,    nan,    nan,    nan,    nan,    nan,    nan,    nan,    nan,    nan,    nan,    nan,    nan,    nan,    nan,    nan,    nan,    nan
20200812, 0000,  , DB, 28.7N, 114.6E,  20, 1007,    0,    0,    0,    0,    0,    0,    0,    0,    0,    0,    0,    0, -999,    nan,    nan,    nan,    nan,    nan,    nan,    nan,    nan,    nan,    nan,    nan,    nan,    nan,    nan,    nan,    nan,    nan,    nan,    nan,    nan,    nan,    nan,    nan,    nan,    nan,    nan,    nan,    nan,    nan,    nan,    nan
