WP082018,              GAEMI,     14,
20180614, 0000,  , LO, 21.6N, 118.3E,  30, 1000,    0,    0,    0,    0,    0,    0,    0,    0,    0,    0,    0,    0, -999,  34.64,  34.64,  34.70,  34.72,  34.60,  34.48,  34.45,  34.59,  34.62,  34.48,  34.54,  34.46,  34.47,  34.35,  34.47,  34.48,  34.53,  34.51,  34.45,  34.48,  34.70,  34.72,  34.59,  34.58,  34.58,  34.42,  34.58,  34.62,  34.62,  34.83,  34.81
20180614, 0600,  , TD, 21.7N, 119.0E,  30, 1000,    0,    0,    0,    0,    0,    0,    0,    0,    0,    0,    0,    0, -999,  34.65,  34.71,  34.80,  34.66,  34.65,  34.61,  34.58,  34.56,  34.66,  34.35,  34.37,  34.29,  34.41,  34.58,  34.65,  34.59,  34.63,  34.66,  34.52,  34.47,  34.50,  34.49,  34.49,  34.56,  34.66,  34.76,  35.23,  35.19,  35.24,  35.34,  35.37
20180614, 1200,  , TD, 22.3N, 119.6E,  30,  998,    0,    0,    0,    0,    0,    0,    0,    0,    0,    0,    0,    0, -999,  34.50,  34.51,  34.54,  34.44,  34.42,  34.47,  34.48,  34.40,  34.50,  34.23,  34.37,  34.32,  34.40,  34.57,  34.88,  34.90,  34.70,  34.43,  34.48,  34.52,  34.56,  34.41,  34.43,  34.55,  34.57,  34.47,  34.61,  34.68,  34.82,  34.88,  34.87
20180614, 1800,  , TS, 22.7N, 120.2E,  35,  993,  120,  150,  150,  120,    0,    0,    0,    0,    0,    0,    0,    0, -999,  34.41,  34.42,  34.43,  34.45,  34.51,  34.55,  34.57,  34.52,  34.49,  34.57,  34.59,  34.52,  34.51,  34.50,  34.56,  34.52,  34.54,  34.52,  34.52,  34.42,  34.39,  34.46,  34.50,  34.53,  34.41,  34.39,  34.42,  34.39,  34.40,  34.42,  34.39
20180615, 0000,  , TD, 22.8N, 120.7E,  30, 1000,    0,    0,    0,    0,    0,    0,    0,    0,    0,    0,    0,    0, -999,    nan,    nan,    nan,    nan,    nan,    nan,    nan,    nan,    nan,    nan,    nan,    nan,    nan,    nan,    nan,    nan,    nan,    nan,    nan,    nan,    nan,    nan,    nan,    nan,    nan,    nan,    nan,    nan,    nan,    nan,    nan
20180615, 0600,  , TS, 23.6N, 122.0E,  35,  995,  120,  120,  130,  120,    0,    0,    0,    0,    0,    0,    0,    0, -999,  34.74,  34.95,  34.82,  34.66,  34.74,  34.83,  34.83,  34.83,  34.99,  35.11,  34.89,  34.62,  34.66,  34.55,  34.54,  34.71,  34.49,  34.55,  34.64,  34.83,  34.75,  34.99,  35.08,  34.81,  34.89,  34.84,  34.70,  35.12,  35.21,  34.68,  34.84
20180615, 1200,  , TS, 24.9N, 123.6E,  35,  995,  160,  160,  120,  160,    0,    0,    0,    0,    0,    0,    0,    0, -999,  34.73,  34.62,  34.68,  34.76,  34.71,  34.76,  34.69,  34.69,  34.70,  34.71,  34.80,  34.81,  35.03,  34.86,  34.80,  34.72,  34.80,  34.75,  34.78,  34.72,  34.69,  34.64,  34.67,  34.58,  34.52,  34.56,  34.72,  34.82,  34.41,  34.45,  34.41
20180615, 1800,  , XX, 25.7N, 124.8E,  40,  993,  170,  160,  140,  160,    0,    0,    0,    0,    0,    0,    0,    0, -999,  34.83,  34.96,  34.89,  34.77,  34.87,  34.90,  34.68,  34.71,  34.81,  34.71,  34.70,  34.68,  34.66,  34.78,  34.80,  34.75,  34.69,  34.66,  34.58,  34.63,  34.79,  34.70,  34.57,  34.74,  34.67,  34.62,  34.80,  34.89,  34.66,  34.71,  34.90
20180616, 0000,  , XX, 26.3N, 127.0E,  40,  992,  160,  160,  140,  160,    0,    0,    0,    0,    0,    0,    0,    0, -999,  34.76,  34.71,  34.60,  34.58,  34.79,  34.78,  34.79,  34.81,  34.86,  34.84,  34.84,  34.76,  34.79,  34.87,  34.80,  34.72,  34.77,  34.71,  34.65,  34.48,  34.56,  34.44,  34.62,  34.65,  34.66,  34.70,  34.84,  34.81,  34.73,  34.79,  34.80
20180616, 0600,  , XX, 26.8N, 129.2E,  45,  990,  160,  160,  120,  140,    0,    0,    0,    0,    0,    0,    0,    0, -999,  34.68,  34.62,  34.65,  34.70,  34.71,  34.76,  34.64,  34.63,  34.64,  34.68,  34.47,  34.62,  34.65,  34.49,  34.72,  34.71,  34.68,  34.65,  34.61,  34.60,  34.65,  34.65,  34.72,  34.71,  34.78,  34.77,  34.66,  34.69,  34.60,  34.57,  34.53
20180616, 1200,  , EX, 27.2N, 130.8E,  40,  993,  140,  140,  120,  130,    0,    0,    0,    0,    0,    0,    0,    0, -999,  34.77,  34.56,  34.67,  34.64,  34.70,  34.68,  34.68,  34.69,  34.70,  34.64,  34.67,  34.67,  34.66,  34.67,  34.66,  34.66,  34.60,  34.61,  34.62,  34.62,  34.67,  34.72,  34.70,  34.73,  34.74,  34.60,  34.61,  34.69,  34.67,  34.67,  34.61
20180616, 1800,  , EX, 28.2N, 131.2E,  40,  993,  140,  140,  120,  130,    0,    0,    0,    0,    0,    0,    0,    0, -999,  34.83,  34.73,  34.76,  34.66,  34.83,  34.84,  34.83,  34.80,  34.81,  34.84,  34.85,  34.77,  34.79,  34.73,  34.71,  34.69,  34.68,  34.64,  34.67,  34.67,  34.68,  34.72,  34.71,  34.79,  34.76,  34.70,  34.69,  34.70,  34.76,  34.66,  34.51
20180617, 0000,  , EX, 28.5N, 132.0E,  35,  996,  140,  140,   90,  140,    0,    0,    0,    0,    0,    0,    0,    0, -999,  34.84,  34.70,  34.74,  34.76,  34.77,  34.81,  34.75,  34.70,  34.73,  34.73,  34.78,  34.76,  34.73,  34.72,  34.74,  34.70,  34.78,  34.75,  34.65,  34.60,  34.62,  34.60,  34.63,  34.61,  34.59,  34.58,  34.60,  34.63,  34.60,  34.51,  34.45
20180617, 0600,  , EX, 29.3N, 132.7E,  35,  996,  140,  140,   90,  130,    0,    0,    0,    0,    0,    0,    0,    0, -999,  34.88,  34.90,  34.91,  34.89,  34.90,  34.89,  34.88,  34.87,  34.84,  34.82,  34.84,  34.62,  34.65,  34.70,  34.68,  34.63,  34.58,  34.62,  34.70,  34.70,  34.57,  34.66,  34.86,  34.90,  34.75,  34.72,  34.69,  34.63,  34.62,  34.70,  34.70
