WP082014,            NEOGURI,     35,
20140702, 1200,  , DB,  9.0N, 148.8E,  15, 1010,    0,    0,    0,    0,    0,    0,    0,    0,    0,    0,    0,    0, -999,  34.26,  34.17,  34.15,  34.13,  34.14,  33.91,  34.08,  34.12,  33.97,  34.02,  34.05,  34.12,  34.10,  34.17,  34.30,  34.23,  34.10,  34.03,  33.92,  33.95,  34.01,  34.01,  33.93,  33.90,  33.98,  34.14,  34.06,  33.93,  33.90,  33.98,  34.09
20140702, 1800,  , DB,  9.1N, 147.5E,  20, 1007,    0,    0,    0,    0,    0,    0,    0,    0,    0,    0,    0,    0, -999,  34.22,  34.24,  34.21,  34.23,  34.22,  34.22,  34.26,  34.19,  34.12,  34.19,  34.17,  34.17,  34.11,  34.05,  34.04,  34.09,  34.04,  34.08,  34.11,  34.13,  34.11,  34.12,  34.22,  34.12,  34.15,  34.23,  34.17,  34.10,  34.09,  34.14,  34.09
20140703, 0000,  , TD,  9.5N, 146.4E,  25, 1003,    0,    0,    0,    0,    0,    0,    0,    0,    0,    0,    0,    0, -999,  34.26,  34.14,  34.09,  34.09,  34.08,  34.11,  34.06,  34.03,  34.05,  34.13,  34.11,  34.11,  34.06,  34.18,  34.19,  34.20,  34.35,  34.39,  34.23,  34.25,  34.22,  34.17,  34.09,  34.19,  34.25,  34.36,  34.33,  34.20,  34.25,  34.30,  34.24
20140703, 0600,  , TD, 10.2N, 145.1E,  30, 1000,    0,    0,    0,    0,    0,    0,    0,    0,    0,    0,    0,    0, -999,  34.31,  34.34,  34.39,  34.27,  34.20,  34.15,  34.15,  34.15,  34.29,  34.17,  34.07,  34.15,  34.15,  34.23,  34.13,  34.07,  34.06,  34.20,  34.30,  34.36,  34.41,  34.48,  34.44,  34.36,  34.36,  34.31,  34.37,  34.48,  34.46,  34.38,  34.38
20140703, 1200,  , TD, 10.9N, 144.0E,  30, 1000,    0,    0,    0,    0,    0,    0,    0,    0,    0,    0,    0,    0, -999,  34.34,  34.29,  34.31,  34.29,  34.29,  34.32,  34.32,  34.29,  34.35,  34.34,  34.36,  34.38,  34.39,  34.38,  34.39,  34.33,  34.26,  34.41,  34.38,  34.40,  34.41,  34.27,  34.29,  34.29,  34.39,  34.39,  34.39,  34.36,  34.48,  34.47,  34.41
20140703, 1800,  , TS, 11.6N, 143.1E,  40,  993,   25,   25,   25,   25,    0,    0,    0,    0,    0,    0,    0,    0, -999,  34.29,  34.28,  34.26,  34.27,  34.31,  34.30,  34.28,  34.23,  34.26,  34.36,  34.37,  34.52,  34.57,  34.52,  34.51,  34.48,  34.50,  34.48,  34.41,  34.46,  34.49,  34.40,  34.27,  34.23,  34.30,  34.43,  34.45,  34.46,  34.42,  34.37,  34.43
20140704, 0000,  , TS, 12.3N, 142.3E,  45,  989,   30,   30,   25,   25,    0,    0,    0,    0,    0,    0,    0,    0, -999,  34.19,  34.15,  34.13,  34.10,  34.02,  34.21,  34.25,  34.13,  34.14,  34.18,  34.40,  34.55,  34.59,  34.47,  34.37,  34.34,  34.41,  34.38,  34.48,  34.47,  34.40,  34.39,  34.23,  34.25,  34.36,  34.37,  34.45,  34.46,  34.42,  34.42,  34.36
20140704, 0600,  , TS, 13.1N, 141.4E,  55,  982,  110,   90,   90,  110,   40,   40,   40,   40,    0,    0,    0,    0, -999,  33.99,  34.08,  34.03,  33.95,  33.94,  33.99,  33.97,  33.97,  33.99,  33.94,  33.97,  34.06,  34.08,  34.04,  33.96,  33.94,  34.15,  34.05,  34.33,  34.39,  34.37,  34.34,  34.40,  34.40,  34.37,  34.33,  34.40,  34.38,  34.34,  34.38,  34.40
20140704, 1200,  , TS, 13.8N, 140.4E,  60,  978,  110,   90,   90,  110,   40,   40,   40,   40,    0,    0,    0,    0, -999,  34.44,  34.49,  34.58,  34.65,  34.58,  34.53,  34.40,  34.27,  34.31,  34.29,  34.33,  34.31,  34.33,  34.31,  34.23,  34.21,  34.44,  34.47,  34.57,  34.56,  34.54,  34.52,  34.52,  34.37,  34.30,  34.30,  34.35,  34.27,  34.26,  34.26,  34.28
20140704, 1800,  , HU, 14.6N, 139.1E,  65,  974,  115,   90,  100,  125,   45,   40,   40,   45,    0,    0,    0,    0, -999,  34.81,  34.85,  34.86,  34.95,  34.98,  34.87,  34.93,  34.83,  34.74,  34.73,  34.70,  34.63,  34.45,  34.40,  34.31,  34.26,  34.43,  34.42,  34.35,  34.22,  34.30,  34.36,  34.39,  34.43,  34.51,  34.39,  34.40,  34.46,  34.49,  34.50,  34.47
20140705, 0000,  , HU, 15.3N, 138.1E,  90,  956,  135,  110,  120,  145,   55,   50,   50,   55,   25,   25,   25,   25, -999,  34.87,  34.86,  34.85,  34.80,  34.74,  34.75,  34.78,  34.77,  34.76,  34.74,  34.78,  34.73,  34.74,  34.67,  34.66,  34.71,  34.57,  34.62,  34.48,  34.61,  34.67,  34.75,  34.72,  34.67,  34.57,  34.57,  34.59,  34.67,  34.69,  34.66,  34.55
20140705, 0600,  , HU, 16.0N, 137.0E, 115,  937,  135,  110,  120,  145,   55,   50,   50,   55,   25,   25,   25,   25, -999,  34.62,  34.61,  34.67,  34.61,  34.69,  34.76,  34.70,  34.73,  34.80,  34.81,  34.83,  34.81,  34.75,  34.69,  34.71,  34.68,  34.70,  34.62,  34.68,  34.60,  34.61,  34.59,  34.61,  34.55,  34.46,  34.33,  34.32,  34.30,  34.47,  34.46,  34.48
20140705, 1200,  , HU, 16.7N, 135.8E, 115,  937,  130,  160,  140,  125,   80,   75,   50,   60,   25,   25,   25,   25, -999,  34.75,  34.74,  34.79,  34.71,  34.70,  34.68,  34.67,  34.71,  34.78,  34.73,  34.68,  34.75,  34.59,  34.46,  34.43,  34.77,  34.97,  35.00,  34.87,  35.05,  35.01,  34.59,  34.60,  34.84,  34.83,  34.74,  34.74,  34.75,  34.63,  34.54,  34.54
20140705, 1800,  , HU, 17.4N, 134.5E, 120,  933,  130,  160,  140,  125,   80,   75,   50,   60,   25,   25,   25,   25, -999,  34.82,  34.74,  34.74,  34.63,  34.72,  34.77,  34.75,  34.73,  34.85,  34.94,  34.87,  34.90,  35.06,  34.96,  34.94,  34.94,  35.02,  34.87,  34.94,  34.91,  34.88,  34.91,  34.78,  34.96,  34.88,  34.83,  34.66,  34.66,  34.69,  34.76,  34.75
20140706, 0000,  , HU, 17.9N, 132.8E, 120,  933,  150,  140,  135,  160,   80,   75,   50,   60,   30,   25,   25,   30, -999,  34.87,  34.80,  34.77,  34.74,  34.87,  34.90,  34.81,  34.73,  34.80,  34.85,  34.84,  34.86,  34.84,  34.81,  34.77,  34.86,  34.81,  34.81,  34.81,  34.81,  34.81,  34.77,  34.80,  34.80,  34.77,  34.76,  34.77,  34.76,  34.75,  34.81,  34.83
20140706, 0600,  , HU, 18.3N, 131.5E, 120,  933,  150,  140,  135,  160,   80,   75,   50,   60,   30,   25,   25,   30, -999,  34.64,  34.66,  34.66,  34.68,  34.73,  34.82,  34.79,  34.80,  34.84,  34.86,  34.89,  34.92,  34.87,  34.85,  34.86,  34.91,  34.85,  34.95,  34.91,  34.96,  34.86,  34.78,  34.85,  34.82,  34.86,  34.95,  34.95,  34.95,  34.89,  34.77,  34.72
20140706, 1200,  , HU, 18.9N, 130.3E, 125,  929,  150,  140,  135,  160,   80,   75,   50,   60,   30,   25,   25,   30, -999,  34.73,  34.69,  34.67,  34.68,  34.62,  34.60,  34.63,  34.72,  34.79,  34.83,  34.83,  34.83,  34.83,  34.88,  34.88,  34.75,  34.88,  34.80,  34.87,  34.98,  35.00,  34.90,  34.95,  34.91,  35.02,  35.16,  35.08,  35.03,  34.89,  34.83,  34.85
20140706, 1800,  , XX, 19.6N, 129.1E, 135,  922,  180,  200,  240,  200,  120,  100,  120,  130,   55,   45,   50,   60, -999,  34.83,  34.79,  34.80,  34.88,  34.94,  34.95,  34.90,  34.80,  34.76,  34.62,  34.58,  34.51,  34.78,  34.82,  34.75,  34.78,  34.79,  34.54,  34.57,  34.72,  34.44,  34.37,  34.42,  34.59,  34.81,  35.05,  34.87,  34.96,  35.02,  34.99,  34.86
20140707, 0000,  , XX, 20.4N, 128.2E, 140,  918,  180,  200,  240,  200,  120,  100,  120,  130,   55,   45,   50,   60, -999,  34.90,  34.91,  34.87,  34.87,  34.80,  34.67,  34.59,  34.56,  34.59,  34.59,  34.63,  34.61,  34.64,  34.60,  34.55,  34.58,  34.62,  34.60,  34.61,  34.57,  34.57,  34.59,  34.59,  34.59,  34.63,  34.62,  34.60,  34.65,  34.60,  34.65,  34.68
20140707, 0600,  , XX, 21.5N, 127.4E, 135,  922,  180,  200,  240,  200,  120,  100,  120,  130,   55,   45,   50,   60, -999,  34.79,  34.72,  34.75,  34.76,  34.65,  34.72,  34.72,  34.63,  34.64,  34.67,  34.65,  34.61,  34.62,  34.59,  34.62,  34.58,  34.55,  34.58,  34.56,  34.61,  34.66,  34.66,  34.62,  34.62,  34.63,  34.59,  34.57,  34.64,  34.60,  34.60,  34.77
20140707, 1200,  , HU, 22.5N, 126.8E, 120,  933,  160,  170,  210,  180,  120,  100,  120,  130,   55,   45,   50,   60, -999,  34.82,  34.83,  34.88,  34.90,  34.86,  34.78,  34.92,  34.88,  34.89,  34.78,  34.73,  34.67,  34.71,  34.72,  34.67,  34.64,  34.61,  34.50,  34.52,  34.53,  34.48,  34.55,  34.56,  34.60,  34.64,  34.66,  34.73,  34.70,  34.67,  34.64,  34.69
20140707, 1800,  , HU, 23.8N, 126.2E, 110,  941,  155,  145,  125,  140,  105,   95,   95,  100,   55,   45,   40,   55, -999,  34.80,  34.76,  34.72,  34.78,  34.84,  34.89,  34.82,  34.89,  34.84,  34.75,  34.74,  34.76,  34.69,  34.67,  34.67,  34.64,  34.66,  34.61,  34.56,  34.58,  34.59,  34.57,  34.61,  34.64,  34.66,  34.75,  34.79,  34.80,  34.78,  34.77,  34.80
20140708, 0000,  , HU, 25.0N, 126.0E, 110,  941,  155,  145,  125,  140,  105,   95,   95,  100,   55,   45,   40,   55, -999,  34.84,  34.85,  34.82,  34.79,  34.57,  34.57,  34.58,  34.65,  34.74,  34.73,  34.76,  34.76,  34.68,  34.64,  34.63,  34.65,  34.67,  34.54,  34.53,  34.42,  34.40,  34.41,  34.41,  34.43,  34.46,  34.47,  34.52,  34.52,  34.50,  34.50,  34.55
20140708, 0600,  , HU, 26.7N, 125.7E, 110,  941,  155,  145,  130,  140,  110,  110,  100,  105,   60,   50,   45,   55, -999,  34.35,  34.47,  34.50,  34.44,  34.48,  34.43,  34.32,  34.49,  34.51,  34.43,  34.36,  34.22,  34.17,  34.14,  34.17,  34.52,  34.58,  34.25,  34.38,  34.43,  34.38,  34.30,  34.23,  34.32,  34.38,  34.41,  34.29,  34.20,  34.16,  34.19,  34.31
20140708, 1200,  , HU, 27.8N, 125.7E, 105,  944,  155,  145,  130,  140,  110,  110,  100,  105,   60,   50,   45,   55, -999,  34.19,  34.22,  34.23,  34.27,  34.29,  34.13,  34.14,  34.24,  34.25,  34.30,  34.27,  34.21,  34.20,  34.15,  34.12,  34.18,  34.67,  34.34,  34.14,  34.04,  34.18,  34.27,  34.26,  34.17,  34.21,  34.35,  34.41,  34.43,  34.45,  34.51,  34.44
20140708, 1800,  , HU, 29.2N, 125.8E,  90,  956,  155,  145,  130,  140,  110,  110,  100,  105,   60,   50,   45,   55, -999,  33.74,  33.82,  33.85,  33.83,  33.79,  33.85,  33.81,  33.78,  33.76,  33.83,  33.87,  33.76,  33.73,  33.67,  33.79,  33.85,  34.20,  34.32,  34.55,  34.53,  34.51,  34.44,  34.51,  34.56,  34.47,  34.40,  34.41,  34.43,  34.42,  34.43,  34.45
20140709, 0000,  , HU, 30.4N, 126.1E,  75,  967,  155,  145,  130,  140,  105,  105,   95,   95,   50,   40,   35,   45, -999,  32.98,  32.97,  33.03,  32.99,  33.26,  33.15,  33.17,  33.30,  33.47,  33.70,  33.66,  33.48,  33.40,  33.20,  33.18,  33.22,  33.04,  33.12,  33.16,  33.15,  33.02,  33.09,  33.16,  33.31,  33.33,  33.38,  33.42,  33.34,  33.15,  32.97,  32.83
20140709, 0600,  , HU, 31.5N, 126.7E,  70,  970,  145,  135,  120,  130,  105,  105,   95,   95,   40,   35,   30,   40, -999,  33.15,  33.17,  33.14,  33.07,  34.31,  34.14,  34.05,  33.91,  33.90,  34.00,  34.04,  34.02,  33.93,  34.22,  34.27,  32.78,  32.59,  32.80,  32.76,  32.74,  32.81,  32.73,  32.59,  32.87,  32.84,  32.79,  32.81,  32.79,  32.71,  32.68,  32.86
20140709, 1200,  , TS, 32.0N, 127.8E,  60,  978,  135,  130,  110,  120,   95,   95,   85,   85,    0,    0,    0,    0, -999,  33.55,  33.64,  33.51,  33.16,  33.43,  33.25,  33.22,  33.43,  33.39,  33.42,  33.63,  33.56,  33.40,  33.73,  33.77,  33.30,  33.80,  33.90,  33.72,  33.09,  33.24,  33.11,  33.26,  33.48,  33.69,  33.23,  33.30,  33.56,  33.34,  33.04,  32.88
20140709, 1800,  , TS, 32.2N, 129.1E,  55,  982,  125,  120,  100,  110,   45,   40,   40,   45,    0,    0,    0,    0, -999,  33.89,  33.86,  33.81,  33.87,  34.04,  34.16,  34.19,  34.12,  34.10,  33.98,  33.91,  33.89,  33.88,  33.81,  33.90,  33.95,  34.05,  34.02,  34.01,  34.27,  34.21,  34.05,  33.81,  33.89,  33.94,  33.80,  34.08,  34.11,  34.15,  34.14,  34.14
20140710, 0000,  , TS, 32.5N, 131.3E,  40,  993,  125,  120,  100,  110,    0,    0,    0,    0,    0,    0,    0,    0, -999,    nan,    nan,    nan,    nan,    nan,    nan,    nan,    nan,    nan,    nan,    nan,    nan,    nan,    nan,    nan,    nan,    nan,    nan,    nan,    nan,    nan,    nan,    nan,    nan,    nan,    nan,    nan,    nan,    nan,    nan,    nan
20140710, 0600,  , TS, 33.0N, 134.1E,  35,  996,  125,  120,  100,  110,    0,    0,    0,    0,    0,    0,    0,    0, -999,  34.54,  34.53,  34.44,  34.46,  34.44,  34.47,  34.32,  34.33,  34.35,  34.24,  34.28,  34.27,  34.17,  34.40,  34.46,  34.27,  34.11,  34.25,  34.15,  34.10,  34.23,  34.33,  34.33,  34.33,  34.19,  34.16,  34.15,  34.11,  34.09,  34.15,  34.19
20140710, 1200,  , TS, 33.8N, 136.9E,  35,  996,  125,  120,  100,  110,    0,    0,    0,    0,    0,    0,    0,    0, -999,  34.38,  34.31,  34.31,  34.28,  34.33,  34.33,  34.33,  34.32,  34.34,  34.40,  34.41,  34.47,  34.34,  34.33,  34.35,  34.35,  34.31,  34.26,  34.42,  34.28,  34.17,  34.16,  34.43,  34.51,  34.50,  34.49,  34.50,  34.49,  34.38,  34.27,  34.20
20140710, 1800,  , TD, 34.7N, 139.6E,  30, 1000,    0,    0,    0,    0,    0,    0,    0,    0,    0,    0,    0,    0, -999,  34.29,  34.28,  34.27,  34.30,  34.30,  34.27,  34.29,  34.36,  34.32,  34.33,  34.47,  34.48,  34.43,  34.30,  34.29,  34.23,  34.30,  34.33,  34.34,  34.26,  34.25,  34.28,  34.03,  34.08,  34.14,  34.23,  34.16,  34.13,  34.14,  34.28,  34.42
20140711, 0000,  , EX, 35.8N, 142.3E,  30, 1000,    0,    0,    0,    0,    0,    0,    0,    0,    0,    0,    0,    0, -999,  34.61,  34.66,  34.44,  34.48,  34.64,  34.60,  34.63,  34.59,  34.65,  34.53,  34.45,  34.29,  34.30,  34.36,  34.58,  34.40,  34.52,  34.52,  34.48,  34.45,  34.41,  34.44,  34.44,  34.46,  34.37,  34.45,  34.45,  34.48,  34.50,  34.42,  34.47
