WP082021,              EIGHT,     18,
20210703, 1800,  , DB, 13.0N, 121.2E,  15, 1010,    0,    0,    0,    0,    0,    0,    0,    0,    0,    0,    0,    0, -999,    nan,    nan,    nan,    nan,    nan,    nan,    nan,    nan,    nan,    nan,    nan,    nan,    nan,    nan,    nan,    nan,    nan,    nan,    nan,    nan,    nan,    nan,    nan,    nan,    nan,    nan,    nan,    nan,    nan,    nan,    nan
20210704, 0000,  , DB, 13.1N, 120.1E,  15, 1010,    0,    0,    0,    0,    0,    0,    0,    0,    0,    0,    0,    0, -999,  29.86,  29.81,  29.60,  29.52,  29.45,  29.43,  29.43,  29.64,  29.66,  29.98,  30.14,  30.41,  30.59,  30.13,  29.80,  29.40,  29.00,  28.77,  28.30,  29.01,  29.40,  29.16,  29.21,  29.48,  29.57,  29.77,  30.01,  30.12,  29.64,  29.60,  29.38
20210704, 0600,  , DB, 14.0N, 118.6E,  15, 1008,    0,    0,    0,    0,    0,    0,    0,    0,    0,    0,    0,    0, -999,  29.44,  29.92,  29.98,  29.89,  29.64,  29.45,  29.37,  29.38,  29.60,  29.55,  29.85,  29.93,  29.86,  29.77,  29.75,  29.78,  29.74,  29.55,  29.55,  29.64,  29.48,  29.23,  29.26,  29.33,  29.20,  29.05,  29.15,  29.51,  29.77,  29.51,  29.70
20210704, 1200,  , DB, 14.8N, 117.4E,  15, 1008,    0,    0,    0,    0,    0,    0,    0,    0,    0,    0,    0,    0, -999,  29.78,  29.96,  29.93,  29.73,  29.57,  29.46,  29.30,  29.19,  29.46,  29.40,  29.75,  29.81,  29.80,  29.76,  29.79,  29.77,  29.82,  29.50,  29.14,  29.17,  29.09,  29.04,  29.17,  29.22,  29.23,  29.12,  29.09,  29.11,  29.04,  29.15,  29.24
20210704, 1800,  , DB, 14.9N, 116.3E,  15, 1005,    0,    0,    0,    0,    0,    0,    0,    0,    0,    0,    0,    0, -999,  29.90,  29.77,  29.92,  29.70,  29.52,  29.12,  29.12,  29.07,  29.41,  29.66,  29.76,  29.64,  29.76,  29.50,  29.79,  29.85,  29.83,  29.49,  28.96,  29.20,  29.40,  29.12,  29.18,  29.12,  29.21,  29.23,  29.14,  28.95,  28.86,  28.83,  28.92
20210705, 0000,  , DB, 15.0N, 115.3E,  15, 1005,    0,    0,    0,    0,    0,    0,    0,    0,    0,    0,    0,    0, -999,  29.45,  29.58,  29.51,  29.36,  29.25,  29.18,  29.11,  29.61,  29.74,  29.81,  29.52,  29.56,  29.49,  29.65,  29.52,  29.57,  29.24,  29.18,  29.39,  29.69,  29.27,  29.29,  29.21,  29.54,  29.37,  29.11,  28.73,  28.72,  28.66,  28.76,  28.53
20210705, 0600,  , DB, 15.2N, 113.9E,  20, 1003,    0,    0,    0,    0,    0,    0,    0,    0,    0,    0,    0,    0, -999,  29.03,  29.15,  29.17,  29.15,  29.22,  29.05,  28.89,  28.87,  29.03,  28.97,  28.82,  29.02,  29.31,  29.78,  29.81,  29.82,  29.75,  29.37,  29.16,  28.98,  28.44,  28.54,  28.55,  28.82,  28.67,  28.62,  28.19,  27.61,  28.00,  28.83,  28.84
20210705, 1200,  , DB, 15.4N, 112.9E,  20, 1003,    0,    0,    0,    0,    0,    0,    0,    0,    0,    0,    0,    0, -999,  28.99,  29.20,  29.42,  29.41,  29.52,  29.48,  29.27,  29.49,  29.63,  29.62,  29.67,  29.50,  29.31,  29.50,  29.41,  29.73,  29.84,  29.29,  28.87,  28.95,  28.79,  28.79,  28.35,  28.34,  28.09,  28.09,  28.03,  28.16,  28.26,  28.90,  28.79
20210705, 1800,  , DB, 15.5N, 112.5E,  20, 1002,    0,    0,    0,    0,    0,    0,    0,    0,    0,    0,    0,    0, -999,  29.22,  29.40,  29.56,  29.60,  29.62,  29.61,  29.35,  29.54,  29.64,  29.57,  29.54,  29.36,  29.19,  29.29,  28.94,  29.12,  29.35,  29.11,  28.50,  28.40,  28.26,  28.21,  27.95,  27.88,  27.78,  27.95,  27.95,  28.15,  28.44,  28.89,  28.95
20210706, 0000,  , DB, 15.6N, 112.1E,  20, 1000,    0,    0,    0,    0,    0,    0,    0,    0,    0,    0,    0,    0, -999,  29.56,  29.55,  29.77,  29.63,  29.69,  29.49,  29.57,  29.70,  29.47,  29.59,  29.41,  29.25,  29.43,  28.94,  28.91,  28.90,  28.84,  28.46,  28.32,  28.52,  28.42,  28.18,  28.09,  28.04,  28.23,  28.14,  28.07,  28.10,  28.31,  28.23,  28.29
20210706, 0600,  , DB, 15.8N, 112.0E,  20, 1000,    0,    0,    0,    0,    0,    0,    0,    0,    0,    0,    0,    0, -999,  29.51,  29.52,  29.74,  29.59,  29.64,  29.46,  29.57,  29.69,  29.45,  29.59,  29.45,  29.33,  29.46,  28.96,  29.04,  28.98,  28.86,  28.54,  28.23,  28.59,  28.37,  28.22,  28.14,  28.06,  28.25,  28.15,  28.09,  28.09,  28.29,  28.15,  28.27
20210706, 1200,  , DB, 16.5N, 111.7E,  20, 1002,    0,    0,    0,    0,    0,    0,    0,    0,    0,    0,    0,    0, -999,  29.60,  29.62,  29.78,  29.73,  29.59,  29.66,  29.84,  29.99,  29.53,  29.60,  29.63,  29.54,  29.68,  29.45,  29.09,  29.08,  29.07,  28.80,  28.64,  28.85,  28.40,  28.39,  28.39,  28.13,  28.36,  28.26,  28.02,  28.10,  28.46,  28.56,  28.86
20210706, 1800,  , DB, 17.9N, 111.4E,  20, 1001,    0,    0,    0,    0,    0,    0,    0,    0,    0,    0,    0,    0, -999,  28.14,  28.40,  28.91,  29.39,  29.28,  29.12,  29.53,  30.03,  29.76,  29.95,  29.86,  30.08,  30.42,  30.27,  30.04,  29.96,  30.22,  29.91,  29.66,  29.97,  29.75,  29.61,  29.50,  29.27,  29.22,  28.92,  28.48,  28.60,  28.98,  28.58,  29.67
20210707, 0000,  , DB, 18.0N, 110.3E,  20, 1002,    0,    0,    0,    0,    0,    0,    0,    0,    0,    0,    0,    0, -999,  29.45,  29.59,  29.86,  29.74,  29.79,  30.06,  29.77,  29.92,  29.75,  29.30,  29.60,  29.70,  29.54,  29.39,  29.68,  29.81,  29.74,  29.69,  29.67,  29.76,  29.14,  29.05,  28.60,  28.51,  28.75,  28.41,  28.32,  28.53,  28.55,  29.35,  29.18
20210707, 0600,  , DB, 18.6N, 109.1E,  15, 1004,    0,    0,    0,    0,    0,    0,    0,    0,    0,    0,    0,    0, -999,    nan,    nan,    nan,    nan,    nan,    nan,    nan,    nan,    nan,    nan,    nan,    nan,    nan,    nan,    nan,    nan,    nan,    nan,    nan,    nan,    nan,    nan,    nan,    nan,    nan,    nan,    nan,    nan,    nan,    nan,    nan
20210707, 1200,  , TD, 19.4N, 108.1E,  25, 1001,    0,    0,    0,    0,    0,    0,    0,    0,    0,    0,    0,    0, -999,  27.70,  27.43,  27.04,  27.03,  27.57,  28.59,  29.37,  29.33,  29.09,  28.94,  28.79,  28.87,  28.93,  29.09,  28.89,  28.51,  28.55,  28.42,  28.36,  28.31,  28.16,  28.40,  28.79,  29.16,  29.32,  29.15,  28.89,  28.95,  29.30,  29.27,  29.13
20210707, 1800,  , TD, 20.2N, 106.8E,  30, 1003,    0,    0,    0,    0,    0,    0,    0,    0,    0,    0,    0,    0, -999,  29.50,  29.55,  29.58,  29.51,  29.58,  29.66,  29.74,  29.70,  29.68,  29.82,  29.79,  29.79,  29.82,  29.84,  30.02,  30.07,  30.25,  30.25,  30.21,  30.21,  30.30,  30.37,  30.30,  30.33,  30.40,  30.55,  30.61,  30.59,  30.52,  30.47,  30.28
20210708, 0000,  , DB, 20.8N, 105.7E,  20, 1006,    0,    0,    0,    0,    0,    0,    0,    0,    0,    0,    0,    0, -999,    nan,    nan,    nan,    nan,    nan,    nan,    nan,    nan,    nan,    nan,    nan,    nan,    nan,    nan,    nan,    nan,    nan,    nan,    nan,    nan,    nan,    nan,    nan,    nan,    nan,    nan,    nan,    nan,    nan,    nan,    nan
