WP092000,            UNNAMED,     25,
20000717, 0000,  , TD, 20.5N, 144.8E,  20,    0,    0,    0,    0,    0,    0,    0,    0,    0,    0,    0,    0,    0, -999,  28.69,  28.88,  28.93,  29.34,  28.72,  28.31,  28.27,  28.82,  28.85,  28.56,  28.94,  28.93,  29.06,  29.09,  29.05,  29.13,  29.11,  28.64,  28.70,  29.00,  29.33,  29.47,  29.49,  29.52,  29.39,  29.27,  29.25,  29.39,  29.09,  29.15,  29.16
20000717, 0600,  , TD, 20.7N, 144.0E,  20,    0,    0,    0,    0,    0,    0,    0,    0,    0,    0,    0,    0,    0, -999,  28.38,  28.42,  28.61,  29.08,  28.56,  28.29,  28.20,  28.54,  28.54,  28.22,  28.53,  28.68,  28.69,  28.62,  28.64,  28.84,  28.66,  28.12,  28.29,  28.74,  28.85,  29.00,  29.15,  29.23,  29.24,  29.05,  28.95,  29.05,  29.05,  29.13,  29.04
20000717, 1200,  , TD, 21.4N, 143.6E,  20,    0,    0,    0,    0,    0,    0,    0,    0,    0,    0,    0,    0,    0, -999,  28.65,  28.73,  28.84,  29.11,  28.80,  28.56,  28.50,  28.71,  28.69,  28.35,  28.49,  28.75,  28.55,  28.49,  28.45,  28.68,  28.62,  28.07,  28.06,  28.56,  28.70,  28.87,  28.96,  29.17,  29.56,  29.55,  29.19,  29.08,  29.32,  29.37,  29.25
20000717, 1800,  , TD, 22.1N, 143.2E,  25,    0,    0,    0,    0,    0,    0,    0,    0,    0,    0,    0,    0,    0, -999,  28.74,  28.81,  29.05,  29.16,  28.96,  28.52,  28.51,  28.74,  28.78,  28.62,  28.63,  28.94,  28.89,  28.77,  28.64,  28.75,  28.66,  28.36,  28.37,  28.59,  28.81,  28.92,  28.92,  29.02,  29.18,  29.33,  29.30,  29.16,  29.42,  29.04,  28.96
20000718, 0000,  , TD, 22.9N, 143.0E,  30,    0,    0,    0,    0,    0,    0,    0,    0,    0,    0,    0,    0,    0, -999,  28.83,  28.85,  28.90,  28.81,  28.56,  28.50,  28.45,  28.62,  28.64,  28.64,  29.08,  28.90,  28.72,  28.72,  28.94,  28.90,  28.61,  28.44,  28.26,  28.55,  28.48,  28.20,  28.30,  28.57,  28.73,  28.68,  28.59,  28.73,  28.67,  28.63,  28.62
20000718, 0600,  , TD, 23.8N, 142.8E,  30,    0,    0,    0,    0,    0,    0,    0,    0,    0,    0,    0,    0,    0, -999,  28.66,  28.73,  28.64,  28.59,  28.38,  28.54,  28.59,  28.56,  28.33,  28.34,  28.84,  28.67,  28.66,  28.67,  28.53,  28.58,  28.62,  28.38,  28.33,  28.44,  28.60,  28.28,  28.30,  28.40,  28.51,  28.24,  28.04,  28.06,  28.02,  27.91,  27.89
20000718, 1200,  , TD, 24.8N, 142.7E,  30,    0,    0,    0,    0,    0,    0,    0,    0,    0,    0,    0,    0,    0, -999,  28.80,  28.90,  28.70,  28.81,  28.59,  28.51,  28.46,  28.43,  28.79,  28.79,  29.13,  29.17,  29.18,  29.33,  29.06,  28.83,  28.77,  28.13,  27.89,  27.99,  27.91,  27.80,  27.91,  28.15,  28.47,  28.15,  27.64,  27.41,  27.45,  27.41,  27.44
20000718, 1800,  , TS, 25.7N, 142.5E,  35,    0,    0,    0,    0,    0,    0,    0,    0,    0,    0,    0,    0,    0, -999,  28.65,  28.83,  28.88,  28.90,  28.45,  28.26,  28.59,  28.65,  28.94,  28.52,  28.83,  28.77,  28.82,  28.78,  28.58,  28.28,  28.02,  27.65,  27.43,  27.17,  27.40,  27.54,  27.48,  27.63,  27.73,  27.66,  27.32,  27.29,  27.44,  27.37,  27.33
20000719, 0000,  , TS, 26.5N, 142.4E,  45,    0,    0,    0,    0,    0,    0,    0,    0,    0,    0,    0,    0,    0, -999,  28.68,  28.89,  29.01,  28.18,  28.17,  28.24,  28.47,  28.79,  28.35,  28.56,  28.31,  28.50,  28.85,  28.66,  28.07,  27.58,  27.16,  27.28,  27.21,  27.25,  27.55,  27.39,  27.48,  27.72,  27.62,  27.34,  27.44,  27.54,  27.36,  27.33,  27.39
20000719, 0600,  , TS, 27.3N, 142.3E,  45,    0,    0,    0,    0,    0,    0,    0,    0,    0,    0,    0,    0,    0, -999,  27.82,  27.91,  27.82,  27.32,  25.66,  26.46,  27.02,  27.58,  27.61,  28.39,  28.48,  28.35,  28.30,  27.82,  28.04,  28.09,  27.56,  27.02,  26.94,  27.18,  27.14,  26.94,  27.22,  28.00,  28.07,  27.51,  27.61,  27.67,  27.27,  27.27,  27.25
20000719, 1200,  , TS, 28.0N, 142.1E,  45,    0,    0,    0,    0,    0,    0,    0,    0,    0,    0,    0,    0,    0, -999,  27.26,  27.34,  26.98,  25.41,  25.02,  26.11,  26.40,  26.61,  26.23,  26.50,  26.22,  26.44,  26.58,  25.96,  26.98,  26.96,  27.06,  26.93,  26.99,  27.11,  27.21,  27.01,  27.20,  27.89,  28.29,  27.73,  27.80,  27.82,  27.57,  27.59,  27.70
20000719, 1800,  , TS, 28.9N, 141.9E,  45,    0,    0,    0,    0,    0,    0,    0,    0,    0,    0,    0,    0,    0, -999,  27.37,  27.44,  27.68,  26.27,  25.29,  25.77,  26.92,  26.97,  25.73,  26.39,  26.37,  25.93,  26.08,  26.08,  26.77,  26.75,  25.78,  25.73,  25.84,  26.02,  26.97,  27.57,  27.63,  27.77,  27.83,  27.64,  27.59,  27.46,  27.53,  27.70,  27.68
20000720, 0000,  , TS, 29.8N, 141.7E,  45,    0,    0,    0,    0,    0,    0,    0,    0,    0,    0,    0,    0,    0, -999,  28.26,  27.45,  26.74,  25.10,  26.18,  26.77,  25.89,  25.72,  26.17,  26.25,  26.67,  27.11,  27.25,  27.39,  27.07,  26.01,  25.83,  26.00,  25.89,  26.21,  26.42,  26.75,  26.80,  27.26,  27.02,  26.95,  27.08,  26.91,  27.32,  27.73,  27.50
20000720, 0600,  , TS, 30.6N, 141.6E,  45,    0,    0,    0,    0,    0,    0,    0,    0,    0,    0,    0,    0,    0, -999,  27.60,  27.05,  26.97,  24.58,  24.98,  25.85,  25.54,  25.74,  25.65,  25.80,  26.40,  26.92,  26.40,  27.31,  27.00,  26.82,  26.16,  25.91,  25.55,  25.66,  26.65,  27.14,  27.08,  27.25,  27.25,  27.16,  27.15,  26.93,  27.06,  27.66,  27.59
20000720, 1200,  , TS, 31.4N, 141.8E,  45,    0,    0,    0,    0,    0,    0,    0,    0,    0,    0,    0,    0,    0, -999,  27.54,  27.04,  26.95,  25.55,  25.35,  25.56,  25.42,  25.66,  25.77,  25.88,  25.97,  26.14,  26.93,  27.48,  27.49,  26.53,  26.31,  25.74,  25.67,  25.91,  26.02,  27.13,  27.30,  27.86,  28.44,  28.83,  28.60,  27.72,  27.66,  27.99,  27.92
20000720, 1800,  , TS, 32.2N, 142.0E,  40,    0,    0,    0,    0,    0,    0,    0,    0,    0,    0,    0,    0,    0, -999,  27.17,  27.48,  26.50,  25.33,  25.70,  25.77,  26.04,  26.52,  26.38,  26.05,  26.44,  26.55,  27.11,  27.53,  27.69,  27.07,  26.91,  26.06,  25.73,  26.51,  26.85,  27.94,  28.01,  27.30,  27.69,  28.04,  28.60,  28.93,  28.85,  28.82,  28.53
20000721, 0000,  , TS, 32.7N, 142.1E,  40,    0,    0,    0,    0,    0,    0,    0,    0,    0,    0,    0,    0,    0, -999,  25.67,  25.26,  25.15,  25.55,  25.77,  26.24,  26.36,  26.36,  26.14,  26.45,  26.70,  26.91,  27.27,  27.57,  27.24,  26.76,  26.13,  25.71,  26.73,  27.00,  27.75,  27.59,  27.07,  27.09,  27.75,  28.41,  28.23,  27.94,  28.50,  28.69,  28.94
20000721, 0600,  , TS, 33.3N, 142.1E,  35,    0,    0,    0,    0,    0,    0,    0,    0,    0,    0,    0,    0,    0, -999,  25.00,  25.58,  23.36,  23.61,  24.17,  25.28,  26.27,  26.29,  26.25,  26.19,  26.41,  26.83,  27.02,  27.34,  27.11,  26.77,  26.52,  25.84,  26.26,  27.09,  27.29,  27.45,  27.18,  27.04,  27.08,  27.65,  27.66,  27.55,  27.89,  28.09,  28.61
20000721, 1200,  , TS, 34.2N, 142.3E,  35,    0,    0,    0,    0,    0,    0,    0,    0,    0,    0,    0,    0,    0, -999,  25.89,  25.56,  22.89,  23.18,  24.23,  26.18,  25.45,  25.68,  25.57,  25.29,  24.88,  26.04,  26.43,  26.46,  26.95,  26.61,  25.98,  25.55,  25.54,  25.87,  25.99,  25.79,  25.47,  26.09,  27.07,  27.38,  27.48,  27.38,  27.81,  28.02,  28.01
20000721, 1800,  , TS, 34.9N, 142.5E,  35,    0,    0,    0,    0,    0,    0,    0,    0,    0,    0,    0,    0,    0, -999,  25.78,  25.58,  22.75,  22.97,  23.71,  25.14,  25.79,  26.14,  25.85,  25.73,  25.54,  25.44,  25.95,  26.25,  26.77,  26.54,  26.09,  26.28,  26.31,  26.48,  25.57,  25.05,  25.33,  25.60,  26.64,  26.78,  27.21,  27.19,  27.48,  27.51,  27.50
20000722, 0000,  , TD, 35.9N, 143.1E,  30,    0,    0,    0,    0,    0,    0,    0,    0,    0,    0,    0,    0,    0, -999,  26.07,  24.43,  23.66,  23.50,  23.72,  25.33,  25.91,  24.71,  25.01,  25.53,  25.50,  24.18,  25.92,  26.62,  26.53,  26.01,  26.33,  26.11,  26.52,  26.19,  26.00,  25.85,  25.70,  26.26,  26.99,  27.37,  27.27,  27.65,  27.90,  27.68,  27.76
20000722, 0600,  , TD, 37.1N, 144.2E,  30,    0,    0,    0,    0,    0,    0,    0,    0,    0,    0,    0,    0,    0, -999,  23.25,  22.09,  18.04,  17.32,  20.47,  21.35,  22.35,  24.10,  22.75,  21.33,  17.47,  16.91,  18.78,  21.24,  20.44,  20.49,  19.19,  19.18,  21.45,  20.00,  22.52,  22.38,  21.32,  21.66,  23.15,  23.79,  24.63,  21.71,  21.51,  22.36,  23.97
20000722, 1200,  , TD, 38.7N, 145.9E,  30,    0,    0,    0,    0,    0,    0,    0,    0,    0,    0,    0,    0,    0, -999,  16.92,  19.70,  18.13,  17.99,  18.07,  19.60,  21.95,  22.03,  21.64,  21.25,  21.98,  23.11,  24.10,  24.94,  23.50,  22.96,  22.06,  23.43,  24.07,  24.72,  24.98,  24.75,  23.15,  22.62,  23.89,  25.65,  25.97,  25.64,  25.66,  25.27,  26.14
20000722, 1800,  , TD, 40.2N, 147.6E,  25,    0,    0,    0,    0,    0,    0,    0,    0,    0,    0,    0,    0,    0, -999,  16.57,  17.84,  17.19,  15.69,  15.63,  16.01,  15.88,  16.40,  16.32,  16.18,  15.55,  13.70,  12.93,   9.91,   9.89,  13.57,  19.18,  19.11,  19.71,  19.75,  19.25,  20.70,  20.93,  20.44,  20.38,  20.66,  21.47,  21.74,  21.52,  21.91,  22.11
20000723, 0000,  , TD, 41.8N, 149.5E,  25,    0,    0,    0,    0,    0,    0,    0,    0,    0,    0,    0,    0,    0, -999,  16.02,  17.07,  14.72,  14.50,  15.92,  16.57,  16.33,  16.02,  16.94,  18.24,  20.36,  20.90,  21.06,  20.66,  20.73,  20.16,  21.11,  21.39,  21.27,  20.83,  20.42,  20.88,  18.09,  18.14,  18.34,  18.43,  19.34,  18.40,  18.76,  21.64,  20.24
