WP102018,              MARIA,     36,
20180703, 0000,  , DB,  9.7N, 146.4E,  20, 1007,    0,    0,    0,    0,    0,    0,    0,    0,    0,    0,    0,    0, -999,  35.02,  35.31,  35.07,  34.90,  34.86,  34.85,  34.82,  34.77,  35.08,  34.88,  35.05,  35.00,  34.97,  35.20,  35.24,  35.32,  34.88,  35.21,  35.33,  35.53,  35.77,  36.12,  35.25,  34.91,  35.00,  35.17,  35.16,  35.28,  35.23,  35.18,  35.16
20180703, 0600,  , DB, 10.5N, 146.7E,  20, 1007,    0,    0,    0,    0,    0,    0,    0,    0,    0,    0,    0,    0, -999,  35.52,  35.69,  35.82,  35.59,  35.08,  35.17,  34.97,  35.00,  35.81,  35.53,  36.32,  35.25,  34.92,  35.00,  34.70,  34.86,  35.21,  35.87,  35.63,  35.23,  35.75,  36.08,  35.93,  35.79,  35.42,  35.51,  35.67,  35.41,  35.54,  35.28,  34.92
20180703, 1200,  , TD, 11.1N, 146.7E,  25, 1004,    0,    0,    0,    0,    0,    0,    0,    0,    0,    0,    0,    0, -999,  34.97,  35.10,  35.75,  35.67,  35.27,  34.86,  34.25,  34.51,  36.29,  35.84,  36.13,  34.67,  34.36,  34.30,  34.11,  34.32,  34.83,  35.23,  35.32,  35.06,  35.91,  35.84,  35.33,  35.20,  35.01,  34.97,  35.32,  35.33,  35.40,  35.10,  35.05
20180703, 1800,  , TD, 11.4N, 146.6E,  30, 1001,    0,    0,    0,    0,    0,    0,    0,    0,    0,    0,    0,    0, -999,  35.07,  35.11,  35.79,  35.53,  35.18,  34.95,  34.30,  34.19,  35.24,  35.65,  35.90,  34.64,  34.39,  34.42,  34.12,  34.48,  35.07,  35.02,  34.90,  34.92,  35.82,  35.61,  35.12,  35.05,  35.43,  35.30,  35.30,  34.93,  35.15,  34.83,  34.83
20180704, 0000,  , TS, 11.7N, 146.3E,  35,  999,   50,   60,   40,   50,    0,    0,    0,    0,    0,    0,    0,    0, -999,  35.32,  35.40,  35.66,  35.27,  34.97,  34.16,  34.66,  34.23,  34.71,  35.03,  34.84,  34.42,  34.39,  34.54,  34.88,  34.95,  35.04,  35.01,  35.17,  35.87,  35.83,  35.69,  35.67,  35.39,  35.53,  35.35,  35.43,  34.94,  35.13,  35.21,  35.15
20180704, 0600,  , TS, 12.3N, 146.0E,  40,  998,   70,   70,   50,   60,    0,    0,    0,    0,    0,    0,    0,    0, -999,  34.88,  34.96,  35.03,  34.77,  34.43,  34.34,  34.15,  34.54,  34.94,  35.41,  35.57,  35.42,  34.52,  34.79,  34.96,  35.01,  35.09,  35.10,  35.11,  35.25,  35.30,  35.20,  35.20,  35.21,  35.28,  35.27,  35.42,  35.55,  35.31,  35.27,  35.18
20180704, 1200,  , TS, 12.8N, 145.4E,  45,  993,   80,   80,   60,   70,    0,    0,    0,    0,    0,    0,    0,    0, -999,  34.99,  34.98,  35.37,  35.22,  35.11,  34.90,  34.90,  34.97,  34.95,  35.30,  35.70,  35.55,  35.28,  35.20,  34.97,  35.03,  35.13,  35.27,  35.12,  34.95,  35.11,  35.23,  35.18,  35.17,  35.16,  35.20,  35.24,  35.00,  34.86,  35.07,  35.13
20180704, 1800,  , TS, 13.5N, 144.9E,  55,  984,  100,   90,   60,   70,   49,   42,   23,   30,    0,    0,    0,    0, -999,  34.71,  34.74,  34.69,  34.74,  34.83,  34.88,  34.96,  34.91,  34.92,  35.06,  35.06,  34.99,  34.96,  34.89,  34.86,  34.89,  34.93,  34.94,  34.69,  35.07,  34.93,  34.98,  35.06,  35.05,  35.07,  35.06,  35.00,  35.00,  34.99,  35.19,  35.23
20180705, 0000,  , TS, 14.0N, 144.0E,  60,  983,  120,  100,   70,   80,   62,   49,   30,   36,    0,    0,    0,    0, -999,  35.37,  35.05,  34.76,  34.72,  34.80,  34.85,  34.87,  34.83,  34.87,  34.85,  34.92,  34.97,  35.04,  34.92,  34.90,  34.89,  34.77,  34.80,  34.92,  34.85,  34.98,  35.09,  34.95,  34.94,  35.01,  35.21,  35.05,  35.02,  35.18,  35.11,  35.45
20180705, 0600,  , HU, 14.5N, 143.3E,  70,  981,  120,  100,   70,  100,   62,   49,   31,   49,   32,   25,   15,   25, -999,  35.39,  35.05,  34.98,  34.95,  35.11,  35.20,  35.19,  35.01,  34.80,  34.76,  34.86,  34.81,  34.89,  34.91,  34.94,  34.87,  34.67,  34.66,  34.81,  34.94,  34.91,  34.88,  34.95,  35.04,  35.08,  35.25,  35.25,  35.17,  35.35,  35.30,  35.25
20180705, 1200,  , HU, 14.8N, 142.7E,  85,  970,  130,  110,   70,  110,   69,   57,   31,   57,   37,   30,   16,   30, -999,  35.09,  35.20,  34.95,  34.89,  34.78,  34.79,  34.76,  35.08,  35.16,  35.14,  35.10,  34.94,  34.90,  34.85,  34.89,  34.87,  34.70,  34.91,  35.14,  35.15,  35.02,  34.88,  34.88,  34.75,  34.84,  34.73,  34.85,  34.90,  34.95,  35.15,  35.26
20180705, 1800,  , HU, 15.4N, 142.4E, 115,  944,  140,  110,   80,  120,   77,   58,   39,   64,   41,   31,   20,   34, -999,  34.94,  34.88,  34.69,  34.76,  34.79,  34.87,  34.96,  34.89,  34.66,  34.90,  34.89,  34.91,  34.83,  34.94,  34.96,  35.00,  35.11,  35.09,  35.08,  35.03,  35.04,  35.11,  35.04,  35.00,  34.95,  35.03,  34.84,  34.91,  34.86,  35.26,  35.17
20180706, 0000,  , XX, 15.9N, 142.0E, 135,  924,  140,  120,  100,  120,   78,   65,   53,   65,   42,   35,   28,   35, -999,  34.81,  34.84,  34.84,  34.82,  34.75,  34.80,  34.91,  34.89,  34.79,  34.78,  34.79,  34.85,  34.84,  34.85,  34.88,  34.98,  35.03,  35.05,  35.05,  35.12,  35.00,  35.01,  35.04,  34.99,  34.95,  34.97,  34.90,  34.78,  35.27,  35.33,  35.01
20180706, 0600,  , XX, 16.5N, 141.6E, 130,  927,  150,  130,  110,  130,   84,   72,   59,   72,   45,   38,   31,   38, -999,  34.79,  34.80,  34.81,  34.80,  34.75,  34.70,  34.70,  34.69,  34.71,  34.74,  34.80,  34.78,  34.78,  34.86,  34.79,  34.67,  34.59,  34.62,  34.73,  34.86,  34.86,  34.92,  34.85,  34.77,  34.76,  34.85,  35.03,  34.97,  34.87,  34.82,  34.81
20180706, 1200,  , XX, 16.7N, 141.3E, 130,  925,  160,  130,  120,  140,   90,   72,   65,   78,   49,   38,   35,   42, -999,  34.81,  34.80,  34.78,  34.80,  34.78,  34.67,  34.63,  34.60,  34.61,  34.63,  34.79,  34.88,  34.73,  34.70,  34.75,  34.56,  34.56,  34.78,  34.85,  34.82,  34.88,  34.99,  34.95,  34.78,  34.73,  34.77,  34.87,  34.86,  34.94,  34.91,  34.90
20180706, 1800,  , HU, 16.9N, 140.9E, 120,  935,  160,  140,  120,  140,   90,   77,   65,   77,   49,   42,   35,   42, -999,  34.76,  34.78,  34.77,  34.72,  34.72,  34.71,  34.68,  34.65,  34.65,  34.65,  34.66,  34.71,  34.70,  34.73,  34.62,  34.47,  34.52,  34.93,  34.81,  34.71,  34.79,  35.07,  35.12,  34.95,  34.98,  34.82,  34.95,  34.85,  34.83,  34.94,  34.90
20180707, 0000,  , HU, 17.2N, 140.8E, 115,  939,  170,  140,  120,  150,   96,   77,   64,   83,   52,   41,   34,   45, -999,  34.88,  34.88,  34.90,  34.91,  34.63,  34.62,  34.66,  34.68,  34.72,  34.73,  34.76,  34.73,  34.70,  34.74,  34.63,  34.50,  34.98,  34.64,  34.71,  34.77,  34.77,  35.12,  34.96,  35.08,  34.96,  34.93,  35.02,  34.91,  34.80,  34.81,  34.83
20180707, 0600,  , HU, 17.6N, 140.6E, 120,  934,  170,  140,  120,  150,   96,   77,   65,   84,   52,   42,   35,   45, -999,  34.90,  34.92,  34.85,  34.78,  34.77,  34.73,  34.71,  34.69,  34.74,  34.76,  34.78,  34.75,  34.74,  34.77,  34.69,  34.62,  35.03,  34.93,  34.80,  34.84,  34.79,  34.83,  34.82,  34.97,  34.92,  34.89,  34.90,  35.07,  35.07,  34.97,  35.18
20180707, 1200,  , HU, 18.0N, 140.3E, 120,  934,  180,  140,  120,  160,  102,   77,   65,   90,   56,   42,   35,   49, -999,  34.82,  34.84,  34.87,  34.83,  34.78,  34.81,  34.73,  34.74,  34.75,  34.82,  34.81,  34.80,  34.77,  34.75,  34.78,  34.68,  34.70,  34.85,  34.86,  34.82,  34.80,  34.74,  34.81,  34.84,  35.08,  34.95,  35.16,  35.29,  34.91,  34.77,  34.71
20180707, 1800,  , HU, 18.7N, 139.5E, 125,  930,  180,  150,  120,  160,  103,   84,   65,   90,   56,   45,   35,   49, -999,  34.83,  34.81,  34.70,  34.98,  34.96,  34.89,  34.85,  34.86,  34.87,  34.88,  34.94,  34.94,  34.98,  35.11,  35.03,  35.00,  34.79,  34.77,  34.80,  34.79,  34.76,  34.85,  34.75,  34.81,  35.11,  35.00,  35.13,  35.04,  34.94,  34.99,  34.79
20180708, 0000,  , XX, 19.1N, 138.8E, 135,  919,  200,  160,  120,  170,  116,   91,   65,   97,   63,   49,   35,   53, -999,  34.76,  34.79,  34.94,  34.90,  34.81,  34.80,  34.77,  34.91,  34.90,  34.91,  34.92,  34.95,  34.98,  34.99,  35.01,  34.80,  34.91,  34.92,  34.86,  34.90,  34.90,  34.66,  34.70,  34.68,  34.63,  34.69,  34.75,  34.75,  34.82,  34.78,  34.93
20180708, 0600,  , XX, 19.8N, 137.8E, 140,  914,  200,  160,  120,  170,  116,   91,   66,   97,   63,   49,   35,   53, -999,  35.08,  35.08,  35.03,  34.98,  35.00,  35.00,  35.03,  35.00,  35.04,  35.04,  34.99,  34.98,  34.95,  34.92,  34.88,  34.92,  34.93,  34.97,  35.00,  34.99,  34.85,  34.98,  35.08,  34.87,  34.92,  35.06,  34.94,  34.86,  34.82,  34.91,  35.06
20180708, 1200,  , XX, 20.5N, 136.5E, 145,  910,  200,  170,  130,  170,  116,   97,   72,   97,   64,   53,   39,   53, -999,  34.84,  35.02,  34.94,  34.84,  34.90,  34.92,  34.97,  34.86,  34.90,  34.91,  34.96,  34.88,  34.99,  35.03,  35.03,  34.98,  34.98,  34.83,  34.58,  34.74,  34.92,  34.92,  34.87,  34.97,  34.89,  34.80,  34.81,  34.84,  34.87,  34.81,  34.84
20180708, 1800,  , XX, 21.1N, 135.1E, 145,  910,  210,  170,  140,  180,  123,   97,   79,  104,   67,   53,   43,   57, -999,  34.99,  34.95,  34.93,  34.86,  34.83,  34.75,  34.76,  35.00,  35.11,  35.15,  35.26,  35.27,  35.27,  35.04,  34.99,  34.97,  34.79,  34.91,  34.86,  35.00,  34.67,  34.82,  34.72,  34.70,  34.87,  34.90,  34.98,  34.93,  34.96,  35.00,  35.05
20180709, 0000,  , XX, 21.8N, 133.5E, 140,  917,  210,  170,  140,  180,  122,   97,   78,  104,   67,   53,   42,   56, -999,  35.07,  35.06,  35.02,  34.94,  34.94,  34.90,  34.93,  34.87,  34.90,  34.92,  34.80,  35.00,  34.91,  34.80,  34.97,  34.83,  34.91,  34.91,  34.89,  34.95,  35.03,  35.00,  34.83,  34.76,  34.95,  35.08,  34.88,  34.92,  34.94,  34.95,  34.89
20180709, 0600,  , XX, 22.4N, 131.9E, 130,  925,  210,  170,  140,  180,  122,   97,   78,  103,   66,   52,   42,   56, -999,  34.88,  34.90,  34.91,  34.91,  34.91,  34.89,  34.83,  34.92,  34.91,  34.88,  34.91,  34.71,  34.73,  34.75,  34.74,  34.64,  34.78,  34.72,  34.77,  34.82,  34.90,  34.95,  35.00,  35.02,  34.96,  34.93,  34.91,  34.95,  34.96,  34.92,  34.83
20180709, 1200,  , HU, 22.9N, 130.3E, 125,  929,  200,  170,  140,  170,  115,   96,   78,   96,   63,   52,   42,   52, -999,  35.07,  35.00,  34.91,  34.97,  34.98,  34.97,  34.88,  34.92,  34.94,  34.86,  35.00,  35.00,  34.79,  34.80,  34.84,  34.81,  35.01,  34.75,  34.74,  34.65,  34.78,  34.70,  34.78,  34.70,  34.58,  35.05,  35.10,  34.85,  34.87,  35.11,  34.95
20180709, 1800,  , HU, 23.5N, 128.7E, 115,  937,  190,  160,  130,  170,  109,   90,   71,   96,   59,   48,   38,   52, -999,  34.88,  34.82,  34.80,  34.77,  34.83,  34.68,  34.75,  34.91,  34.81,  34.81,  34.78,  34.74,  34.74,  34.76,  34.77,  34.78,  34.78,  34.69,  34.72,  34.53,  34.64,  34.75,  34.70,  34.86,  34.86,  34.91,  34.93,  34.95,  34.73,  34.68,  34.86
20180710, 0000,  , HU, 24.0N, 127.2E, 105,  945,  190,  160,  130,  170,  108,   89,   70,   95,   58,   48,   37,   51, -999,  35.05,  35.03,  35.05,  35.14,  35.23,  34.94,  34.91,  34.90,  34.88,  34.86,  34.90,  34.92,  34.96,  34.91,  34.82,  34.81,  34.73,  34.81,  34.66,  34.71,  34.86,  34.61,  34.67,  34.63,  34.77,  34.75,  34.82,  34.85,  35.00,  34.99,  34.72
20180710, 0600,  , HU, 24.7N, 125.4E, 100,  950,  190,  150,  130,  170,  108,   83,   70,   95,   58,   44,   37,   51, -999,  34.77,  34.80,  34.76,  34.67,  34.62,  34.90,  34.92,  34.92,  34.89,  34.84,  34.77,  34.73,  34.70,  34.68,  34.79,  34.78,  34.80,  34.77,  34.77,  34.80,  34.79,  34.90,  34.89,  34.88,  34.85,  34.80,  34.56,  34.79,  34.91,  34.81,  34.66
20180710, 1200,  , HU, 25.3N, 124.0E,  95,  953,  190,  150,  130,  170,  107,   82,   70,   95,   58,   44,   37,   51, -999,  34.70,  34.80,  34.59,  34.73,  34.67,  34.82,  34.62,  34.56,  34.57,  34.75,  34.83,  34.65,  34.76,  34.78,  34.64,  34.63,  34.61,  34.58,  34.48,  34.55,  34.74,  34.79,  34.79,  34.73,  34.71,  34.72,  34.65,  34.65,  34.61,  34.56,  34.60
20180710, 1800,  , HU, 26.2N, 122.2E,  95,  952,  190,  150,  120,  160,  107,   82,   63,   89,   58,   44,   34,   48, -999,  34.86,  34.84,  34.78,  34.89,  34.76,  34.67,  34.72,  34.78,  34.75,  34.74,  34.65,  34.78,  34.77,  34.70,  34.75,  34.82,  34.91,  34.92,  34.89,  34.81,  34.88,  35.05,  35.02,  34.95,  34.72,  34.64,  34.70,  34.66,  34.80,  34.82,  35.03
20180711, 0000,  , HU, 26.4N, 120.0E,  95,  951,  170,  150,  120,  150,   95,   82,   63,   82,   51,   44,   34,   44, -999,    nan,    nan,    nan,    nan,    nan,    nan,    nan,    nan,    nan,    nan,    nan,    nan,    nan,    nan,    nan,    nan,    nan,    nan,    nan,    nan,    nan,    nan,    nan,    nan,    nan,    nan,    nan,    nan,    nan,    nan,    nan
20180711, 0600,  , HU, 26.5N, 118.5E,  75,  969,  150,  130,  100,  130,   81,   69,   50,   69,   43,   36,   26,   36, -999,    nan,    nan,    nan,    nan,    nan,    nan,    nan,    nan,    nan,    nan,    nan,    nan,    nan,    nan,    nan,    nan,    nan,    nan,    nan,    nan,    nan,    nan,    nan,    nan,    nan,    nan,    nan,    nan,    nan,    nan,    nan
20180711, 1200,  , TS, 26.7N, 116.4E,  55,  983,  120,  100,  100,  100,   61,   49,   49,   49,    0,    0,    0,    0, -999,    nan,    nan,    nan,    nan,    nan,    nan,    nan,    nan,    nan,    nan,    nan,    nan,    nan,    nan,    nan,    nan,    nan,    nan,    nan,    nan,    nan,    nan,    nan,    nan,    nan,    nan,    nan,    nan,    nan,    nan,    nan
20180711, 1800,  , TD, 27.5N, 115.3E,  30,  996,    0,    0,    0,    0,    0,    0,    0,    0,    0,    0,    0,    0, -999,    nan,    nan,    nan,    nan,    nan,    nan,    nan,    nan,    nan,    nan,    nan,    nan,    nan,    nan,    nan,    nan,    nan,    nan,    nan,    nan,    nan,    nan,    nan,    nan,    nan,    nan,    nan,    nan,    nan,    nan,    nan
