WP102007,              FITOW,     42,
20070828, 1200,  , DB, 19.8N, 155.1E,  20, 1006,    0,    0,    0,    0,    0,    0,    0,    0,    0,    0,    0,    0, -999,  35.27,  35.28,  35.28,  35.26,  35.26,  35.29,  35.33,  35.34,  35.34,  35.34,  35.33,  35.27,  35.13,  35.09,  35.15,  35.13,  35.14,  35.12,  35.12,  35.13,  35.12,  35.12,  35.12,  35.13,  35.13,  35.14,  35.15,  35.16,  35.15,  35.14,  35.14
20070828, 1800,  , TD, 20.5N, 155.1E,  25, 1004,    0,    0,    0,    0,    0,    0,    0,    0,    0,    0,    0,    0, -999,  35.14,  35.15,  35.16,  35.16,  35.17,  35.17,  35.17,  35.17,  35.17,  35.18,  35.20,  35.19,  35.20,  35.21,  35.21,  35.22,  35.23,  35.25,  35.25,  35.26,  35.27,  35.25,  35.24,  35.17,  35.13,  35.14,  35.17,  35.19,  35.19,  35.16,  35.11
20070829, 0000,  , TS, 21.1N, 156.0E,  45,  989,   60,   60,   60,   60,    0,    0,    0,    0,    0,    0,    0,    0, -999,  35.13,  35.12,  35.11,  35.11,  35.12,  35.12,  35.12,  35.12,  35.13,  35.13,  35.15,  35.17,  35.21,  35.22,  35.23,  35.25,  35.21,  35.14,  35.11,  35.18,  35.26,  35.25,  35.20,  35.20,  35.21,  35.20,  35.20,  35.16,  35.05,  35.00,  35.00
20070829, 0600,  , TS, 21.8N, 156.1E,  50,  985,   50,   55,   55,   35,    0,    0,    0,    0,    0,    0,    0,    0, -999,  35.02,  35.08,  35.13,  35.16,  35.17,  35.15,  35.15,  35.11,  35.04,  35.03,  35.07,  35.17,  35.16,  35.18,  35.23,  35.27,  35.26,  35.24,  35.22,  35.16,  35.07,  35.08,  35.12,  35.15,  35.12,  35.16,  35.25,  35.29,  35.29,  35.22,  35.20
20070829, 1200,  , TS, 22.4N, 156.5E,  55,  982,   65,   85,   65,   65,   35,   35,   35,   35,    0,    0,    0,    0, -999,  35.17,  35.16,  35.16,  35.15,  35.14,  35.16,  35.06,  35.07,  35.08,  35.09,  35.15,  35.22,  35.24,  35.26,  35.23,  35.20,  35.13,  35.23,  35.22,  35.25,  35.18,  35.16,  35.13,  35.19,  35.24,  35.29,  35.32,  35.10,  34.77,  34.72,  34.59
20070829, 1800,  , TS, 23.2N, 156.8E,  60,  978,   75,   75,   60,   60,   40,   40,   35,   35,    0,    0,    0,    0, -999,  35.23,  35.18,  35.15,  35.10,  35.05,  35.03,  35.02,  35.02,  35.02,  35.05,  35.09,  35.20,  35.23,  35.22,  35.19,  35.23,  35.20,  35.17,  35.25,  35.39,  35.50,  35.52,  35.40,  35.17,  35.16,  35.22,  35.27,  35.27,  35.23,  35.22,  35.04
20070830, 0000,  , HU, 24.0N, 156.9E,  65,  974,   75,   75,   60,   60,   40,   40,   35,   35,    0,    0,    0,    0, -999,  34.97,  35.03,  35.01,  35.10,  35.15,  35.28,  35.30,  35.29,  35.31,  35.22,  35.08,  35.03,  35.00,  34.92,  34.88,  34.81,  34.86,  34.96,  34.95,  34.99,  34.76,  34.64,  34.49,  34.45,  34.43,  34.54,  34.59,  34.64,  34.68,  34.55,  34.51
20070830, 0600,  , HU, 24.6N, 157.0E,  65,  974,   95,   95,   80,   90,   55,   55,   50,   55,    0,    0,    0,    0, -999,  34.81,  34.88,  34.86,  34.88,  34.89,  34.94,  34.95,  34.94,  34.97,  34.81,  34.63,  34.58,  34.54,  34.52,  34.53,  34.56,  34.60,  34.67,  34.62,  34.66,  34.56,  34.50,  34.48,  34.70,  34.82,  34.91,  34.92,  34.96,  35.03,  34.94,  34.88
20070830, 1200,  , HU, 25.6N, 157.0E,  70,  970,  105,  105,   95,  100,   60,   60,   55,   60,   25,   25,   25,   25, -999,  34.66,  34.75,  34.78,  34.83,  34.81,  34.84,  34.88,  34.91,  34.93,  34.95,  34.70,  34.63,  34.63,  34.67,  34.69,  34.72,  34.58,  34.60,  34.57,  34.62,  34.61,  34.56,  34.79,  34.95,  34.95,  34.96,  34.99,  35.02,  35.07,  35.00,  34.89
20070830, 1800,  , HU, 26.2N, 156.1E,  75,  967,  115,  105,  110,  120,   65,   60,   60,   65,   30,   30,   30,   30, -999,  34.74,  34.72,  34.67,  34.60,  34.61,  34.67,  34.71,  34.73,  34.76,  34.78,  34.63,  34.58,  34.60,  34.66,  34.69,  34.69,  34.54,  34.54,  34.51,  34.58,  34.64,  34.58,  34.67,  34.86,  34.88,  34.78,  34.76,  34.74,  34.75,  34.77,  34.76
20070831, 0000,  , HU, 26.6N, 155.5E,  80,  963,  120,  110,  110,  120,   65,   60,   60,   65,   35,   35,   35,   35, -999,  34.56,  34.56,  34.55,  34.52,  34.53,  34.53,  34.53,  34.53,  34.54,  34.54,  34.56,  34.69,  34.79,  34.87,  34.85,  34.77,  34.75,  34.73,  34.72,  34.79,  34.70,  34.75,  34.89,  34.95,  34.83,  34.81,  34.81,  34.80,  34.84,  34.84,  34.85
20070831, 0600,  , HU, 27.0N, 154.8E,  80,  963,  120,  110,  110,  120,   65,   60,   60,   65,   35,   35,   35,   35, -999,  34.73,  34.75,  34.94,  34.90,  34.81,  34.87,  34.86,  34.78,  34.78,  34.78,  34.79,  34.87,  34.96,  35.01,  34.90,  34.87,  34.86,  34.86,  34.75,  34.72,  34.79,  34.68,  34.68,  34.70,  34.69,  34.71,  34.71,  34.69,  34.72,  34.72,  34.73
20070831, 1200,  , HU, 27.4N, 154.0E,  70,  970,  115,  105,  105,  115,   60,   55,   55,   60,   30,   30,   30,   30, -999,  34.98,  34.91,  35.00,  34.95,  34.93,  34.97,  35.03,  34.96,  34.97,  34.98,  35.01,  35.03,  34.98,  35.03,  34.93,  34.91,  34.86,  34.78,  34.66,  34.63,  34.62,  34.65,  34.67,  34.66,  34.65,  34.65,  34.63,  34.61,  34.60,  34.61,  34.64
20070831, 1800,  , HU, 27.7N, 153.2E,  70,  970,  120,  110,  110,  120,   65,   60,   60,   65,   35,   35,   35,   35, -999,  34.90,  34.98,  34.96,  34.94,  34.94,  34.93,  34.88,  34.87,  34.90,  34.85,  34.80,  34.83,  34.80,  34.77,  34.70,  34.67,  34.75,  34.77,  34.69,  34.64,  34.59,  34.53,  34.48,  34.45,  34.49,  34.57,  34.63,  34.73,  34.68,  34.67,  34.68
20070901, 0000,  , HU, 28.0N, 152.2E,  70,  970,  120,  110,  110,  120,   65,   60,   60,   65,   35,   35,   35,   35, -999,  34.79,  34.77,  34.75,  34.73,  34.71,  34.70,  34.69,  34.72,  34.77,  34.79,  34.78,  34.79,  34.84,  34.86,  34.87,  34.97,  34.90,  34.82,  34.82,  34.80,  34.84,  34.83,  34.82,  34.90,  34.88,  34.89,  34.90,  34.88,  34.86,  34.78,  34.79
20070901, 0600,  , HU, 28.0N, 151.5E,  75,  967,  185,  185,  105,  115,   65,   60,   60,   65,   45,   40,   45,   45, -999,  34.71,  34.73,  34.74,  34.75,  34.71,  34.71,  34.73,  34.78,  34.80,  34.82,  34.80,  34.76,  34.75,  34.73,  34.69,  34.70,  34.72,  34.72,  34.73,  34.72,  34.73,  34.73,  34.73,  34.79,  34.74,  34.67,  34.72,  34.79,  34.82,  34.84,  34.82
20070901, 1200,  , HU, 27.9N, 150.9E,  75,  967,  150,   95,  140,  150,   70,   65,   75,   80,   50,   40,   45,   50, -999,  34.92,  34.95,  34.97,  34.96,  34.82,  34.77,  34.71,  34.77,  34.80,  34.77,  34.81,  34.81,  34.79,  34.76,  34.72,  34.73,  34.71,  34.72,  34.74,  34.73,  34.70,  34.66,  34.70,  34.73,  34.59,  34.56,  34.59,  34.67,  34.74,  34.74,  34.76
20070901, 1800,  , HU, 27.7N, 150.4E,  75,  967,  140,  140,  140,  140,   70,   60,   65,   70,   45,   40,   40,   45, -999,  35.03,  34.89,  34.77,  34.78,  34.80,  34.74,  34.82,  35.02,  35.03,  34.99,  35.00,  34.99,  34.92,  34.89,  34.86,  34.77,  34.76,  34.73,  34.80,  34.73,  34.66,  34.58,  34.65,  34.64,  34.58,  34.56,  34.59,  34.62,  34.62,  34.64,  34.67
20070902, 0000,  , HU, 27.5N, 149.8E,  75,  967,  140,  145,  145,  140,   70,   65,   65,   70,   45,   40,   40,   45, -999,  34.93,  34.93,  34.91,  34.75,  34.79,  34.78,  34.81,  34.83,  34.75,  34.71,  34.76,  34.80,  34.83,  34.81,  34.86,  34.82,  34.70,  34.67,  34.63,  34.59,  34.63,  34.72,  34.67,  34.61,  34.53,  34.44,  34.40,  34.39,  34.47,  34.47,  34.54
20070902, 0600,  , HU, 27.2N, 149.1E,  75,  967,  145,  140,  135,  145,   85,   75,   70,   80,   55,   55,   50,   55, -999,  34.94,  34.91,  34.95,  34.96,  34.85,  34.78,  34.62,  34.65,  34.62,  34.59,  34.61,  34.64,  34.69,  34.73,  34.69,  34.71,  34.75,  34.77,  34.73,  34.73,  34.75,  34.79,  34.81,  34.82,  34.81,  34.74,  34.68,  34.63,  34.76,  34.79,  34.81
20070902, 1200,  , HU, 27.0N, 148.5E,  80,  963,  145,  140,  135,  145,   85,   75,   70,   80,   55,   55,   50,   55, -999,  34.79,  34.80,  34.81,  34.71,  34.67,  34.67,  34.72,  34.79,  34.79,  34.81,  34.83,  34.85,  34.84,  34.83,  34.84,  34.85,  34.84,  34.83,  34.75,  34.66,  34.61,  34.62,  34.71,  34.73,  34.74,  34.72,  34.71,  34.71,  34.79,  34.78,  34.77
20070902, 1800,  , HU, 26.9N, 147.8E,  80,  963,  145,  140,  135,  145,   85,   75,   70,   80,   55,   55,   50,   55, -999,  34.76,  34.77,  34.77,  34.75,  34.74,  34.74,  34.78,  34.80,  34.80,  34.79,  34.74,  34.73,  34.72,  34.74,  34.73,  34.78,  34.79,  34.79,  34.70,  34.64,  34.63,  34.63,  34.64,  34.66,  34.64,  34.58,  34.58,  34.61,  34.66,  34.67,  34.72
20070903, 0000,  , HU, 26.9N, 147.1E,  80,  963,  135,  150,  130,  140,   75,   75,   70,   80,   55,   50,   55,   55, -999,  34.77,  34.76,  34.80,  34.80,  34.79,  34.84,  34.84,  34.80,  34.79,  34.76,  34.75,  34.75,  34.76,  34.76,  34.82,  34.82,  34.86,  34.77,  34.71,  34.70,  34.69,  34.69,  34.83,  34.83,  34.73,  34.72,  34.75,  34.75,  34.76,  34.83,  34.83
20070903, 0600,  , HU, 27.0N, 146.4E,  80,  963,  190,  180,  130,  170,   75,   75,   70,   80,   55,   50,   55,   55, -999,  34.78,  34.79,  34.81,  34.78,  34.73,  34.73,  34.74,  34.73,  34.72,  34.74,  34.77,  34.81,  34.82,  34.81,  34.81,  34.74,  34.71,  34.73,  34.78,  34.78,  34.77,  34.77,  34.81,  34.73,  34.58,  34.56,  34.55,  34.52,  34.51,  34.56,  34.64
20070903, 1200,  , HU, 27.2N, 145.4E,  80,  963,  135,  145,  135,  150,   70,   70,   80,   80,   55,   50,   55,   55, -999,  34.72,  34.71,  34.72,  34.72,  34.73,  34.74,  34.77,  34.80,  34.79,  34.80,  34.83,  34.86,  34.87,  34.87,  34.82,  34.64,  34.63,  34.69,  34.63,  34.62,  34.59,  34.63,  34.67,  34.70,  34.69,  34.70,  34.71,  34.69,  34.63,  34.60,  34.58
20070903, 1800,  , HU, 27.4N, 144.4E,  80,  963,  130,  140,  130,  150,   70,   70,   80,   85,   60,   55,   60,   60, -999,  34.63,  34.61,  34.74,  34.64,  34.72,  34.60,  34.68,  34.73,  34.73,  34.73,  34.70,  34.75,  34.78,  34.80,  34.79,  34.77,  34.81,  34.81,  34.77,  34.79,  34.74,  34.76,  34.76,  34.80,  34.77,  34.78,  34.81,  34.80,  34.80,  34.81,  34.73
20070904, 0000,  , HU, 27.6N, 143.4E,  75,  967,  130,  140,  130,  150,   70,   70,   80,   85,   60,   55,   60,   60, -999,  34.76,  34.77,  34.74,  34.73,  34.85,  34.86,  34.85,  34.81,  34.67,  34.74,  34.77,  34.78,  34.78,  34.75,  34.79,  34.74,  34.71,  34.75,  34.76,  34.73,  34.77,  34.79,  34.80,  34.78,  34.77,  34.71,  34.75,  34.80,  34.84,  34.75,  34.69
20070904, 0600,  , HU, 27.9N, 142.4E,  75,  967,  130,  130,  125,  135,   65,   60,   60,   65,   40,   40,   40,   40, -999,  34.59,  34.58,  34.61,  34.66,  34.69,  34.70,  34.72,  34.74,  34.71,  34.73,  34.67,  34.64,  34.68,  34.74,  34.71,  34.67,  34.69,  34.78,  34.73,  34.79,  34.80,  34.87,  34.73,  34.70,  34.69,  34.66,  34.64,  34.70,  34.66,  34.72,  34.80
20070904, 1200,  , HU, 28.1N, 141.4E,  75,  967,  140,  130,  130,  145,   70,   65,   65,   70,   45,   45,   45,   45, -999,  34.78,  34.78,  34.79,  34.81,  34.81,  34.75,  34.70,  34.69,  34.72,  34.74,  34.77,  34.77,  34.79,  34.81,  34.81,  34.80,  34.72,  34.69,  34.64,  34.68,  34.73,  34.78,  34.73,  34.72,  34.74,  34.73,  34.75,  34.78,  34.76,  34.83,  34.83
20070904, 1800,  , HU, 28.6N, 140.5E,  75,  967,  145,  135,  125,  145,   70,   65,   65,   70,   45,   45,   45,   45, -999,  34.82,  34.84,  34.85,  34.82,  34.80,  34.81,  34.78,  34.82,  34.80,  34.70,  34.78,  34.75,  34.75,  34.75,  34.75,  34.75,  34.67,  34.66,  34.63,  34.70,  34.76,  34.74,  34.72,  34.74,  34.80,  34.82,  34.75,  34.69,  34.72,  34.62,  34.61
20070905, 0000,  , HU, 29.3N, 139.8E,  75,  967,  145,  150,  125,  145,   75,   70,   70,   75,   45,   45,   45,   45, -999,  34.83,  34.79,  34.73,  34.80,  34.85,  34.85,  34.86,  34.87,  34.83,  34.76,  34.72,  34.70,  34.69,  34.76,  34.75,  34.77,  34.76,  34.75,  34.70,  34.69,  34.71,  34.69,  34.66,  34.70,  34.81,  34.81,  34.85,  34.84,  34.83,  34.79,  34.74
20070905, 0600,  , HU, 29.8N, 139.3E,  75,  967,  140,  130,  125,  140,   80,   75,   75,   80,   45,   45,   45,   45, -999,  34.89,  34.94,  34.92,  34.88,  34.86,  34.78,  34.71,  34.73,  34.75,  34.64,  34.66,  34.77,  34.82,  34.81,  34.72,  34.64,  34.69,  34.70,  34.70,  34.62,  34.71,  34.70,  34.74,  34.73,  34.73,  34.73,  34.73,  34.75,  34.72,  34.69,  34.72
20070905, 1200,  , HU, 30.4N, 139.0E,  80,  963,  145,  130,  130,  140,   80,   75,   75,   80,   45,   45,   45,   45, -999,  34.92,  34.92,  34.85,  34.70,  34.66,  34.79,  34.82,  34.82,  34.74,  34.67,  34.64,  34.69,  34.69,  34.70,  34.68,  34.64,  34.69,  34.59,  34.62,  34.62,  34.70,  34.72,  34.72,  34.64,  34.65,  34.71,  34.76,  34.71,  34.67,  34.65,  34.67
20070905, 1800,  , HU, 31.0N, 138.5E,  80,  963,  145,  130,  130,  140,   80,   75,   75,   80,   45,   45,   45,   45, -999,  34.76,  34.83,  34.84,  34.84,  34.82,  34.76,  34.72,  34.73,  34.69,  34.67,  34.67,  34.76,  34.68,  34.65,  34.61,  34.63,  34.71,  34.76,  34.80,  34.76,  34.75,  34.70,  34.66,  34.71,  34.68,  34.66,  34.74,  34.85,  34.71,  34.70,  34.68
20070906, 0000,  , HU, 32.0N, 138.4E,  80,  963,  145,  130,  130,  140,   80,   75,   75,   80,   45,   45,   45,   45, -999,  34.74,  34.58,  34.67,  34.73,  34.60,  34.78,  34.84,  34.87,  34.88,  34.83,  34.82,  34.71,  34.61,  34.66,  34.70,  34.74,  34.73,  34.67,  34.60,  34.59,  34.50,  34.48,  34.49,  34.43,  34.53,  34.52,  34.53,  34.60,  34.61,  34.68,  34.79
20070906, 0600,  , HU, 33.0N, 138.5E,  80,  963,  200,  175,  135,  150,   80,   75,   75,   80,   45,   45,   45,   45, -999,  34.58,  34.56,  34.55,  34.53,  34.51,  34.45,  34.44,  34.49,  34.49,  34.49,  34.54,  34.72,  34.67,  34.61,  34.57,  34.56,  34.48,  34.46,  34.46,  34.51,  34.50,  34.48,  34.49,  34.46,  34.45,  34.42,  34.44,  34.48,  34.44,  34.45,  34.68
20070906, 1200,  , HU, 34.1N, 138.7E,  75,  967,  185,  175,  145,  145,  130,  130,   90,  120,   90,   85,   60,   85, -999,  34.55,  34.55,  34.56,  34.57,  34.61,  34.61,  34.61,  34.60,  34.56,  34.53,  34.50,  34.50,  34.53,  34.53,  34.50,  34.48,  34.49,  34.53,  34.52,  34.53,  34.51,  34.50,  34.51,  34.51,  34.52,  34.47,  34.48,  34.47,  34.46,  34.46,  34.47
20070906, 1800,  , HU, 35.6N, 139.2E,  65,  974,  185,  175,  145,  145,  130,  130,   90,  120,   90,   85,   60,   85, -999,    nan,    nan,    nan,    nan,    nan,    nan,    nan,    nan,    nan,    nan,    nan,    nan,    nan,    nan,    nan,    nan,    nan,    nan,    nan,    nan,    nan,    nan,    nan,    nan,    nan,    nan,    nan,    nan,    nan,    nan,    nan
20070907, 0000,  , TS, 37.2N, 139.7E,  55,  982,  185,  175,  145,  145,  130,  130,   90,  120,    0,    0,    0,    0, -999,    nan,    nan,    nan,    nan,    nan,    nan,    nan,    nan,    nan,    nan,    nan,    nan,    nan,    nan,    nan,    nan,    nan,    nan,    nan,    nan,    nan,    nan,    nan,    nan,    nan,    nan,    nan,    nan,    nan,    nan,    nan
20070907, 0600,  , TS, 39.9N, 140.2E,  45,  989,  185,  175,  145,  145,    0,    0,    0,    0,    0,    0,    0,    0, -999,    nan,    nan,    nan,    nan,    nan,    nan,    nan,    nan,    nan,    nan,    nan,    nan,    nan,    nan,    nan,    nan,    nan,    nan,    nan,    nan,    nan,    nan,    nan,    nan,    nan,    nan,    nan,    nan,    nan,    nan,    nan
20070907, 1200,  , EX, 41.9N, 140.0E,  30, 1000,    0,    0,    0,    0,    0,    0,    0,    0,    0,    0,    0,    0, -999,  34.10,  34.11,  34.11,  34.11,  34.11,  34.11,  34.12,  34.12,  34.11,  34.11,  34.12,  34.14,  34.15,  34.18,  34.15,  34.18,  34.20,  34.13,  34.12,  34.12,  34.14,  34.15,  34.16,  34.16,  34.14,  34.13,  34.13,  34.14,  34.16,  34.15,  34.13
20070907, 1800,  , EX, 42.7N, 140.9E,  30, 1000,    0,    0,    0,    0,    0,    0,    0,    0,    0,    0,    0,    0, -999,    nan,    nan,    nan,    nan,    nan,    nan,    nan,    nan,    nan,    nan,    nan,    nan,    nan,    nan,    nan,    nan,    nan,    nan,    nan,    nan,    nan,    nan,    nan,    nan,    nan,    nan,    nan,    nan,    nan,    nan,    nan
