WP101996,            UNNAMED,     54,
19960721, 0600,  , LO, 12.3N, 151.6E,  15,    0,    0,    0,    0,    0,    0,    0,    0,    0,    0,    0,    0,    0, -999,  34.52,  34.55,  34.54,  34.52,  34.47,  34.40,  34.40,  34.43,  34.43,  34.40,  34.43,  34.50,  34.55,  34.64,  34.77,  34.87,  34.92,  34.89,  34.92,  34.89,  34.87,  34.88,  34.86,  34.88,  34.87,  34.75,  34.70,  34.72,  34.75,  34.70,  34.74
19960721, 1200,  , LO, 12.5N, 151.9E,  15,    0,    0,    0,    0,    0,    0,    0,    0,    0,    0,    0,    0,    0, -999,  34.52,  34.54,  34.50,  34.49,  34.48,  34.45,  34.41,  34.40,  34.44,  34.66,  34.79,  34.84,  34.85,  34.88,  34.90,  34.92,  34.93,  34.84,  34.78,  34.68,  34.67,  34.73,  34.78,  34.80,  34.72,  34.69,  34.77,  34.77,  34.75,  34.73,  34.72
19960721, 1800,  , LO, 12.9N, 152.2E,  15,    0,    0,    0,    0,    0,    0,    0,    0,    0,    0,    0,    0,    0, -999,  34.43,  34.50,  34.53,  34.62,  34.69,  34.72,  34.85,  34.86,  34.82,  34.88,  34.91,  34.89,  34.89,  34.90,  34.95,  34.96,  34.96,  34.95,  34.91,  34.84,  34.81,  34.77,  34.73,  34.74,  34.77,  34.76,  34.72,  34.65,  34.67,  34.81,  34.86
19960722, 0000,  , LO, 13.4N, 152.4E,  15,    0,    0,    0,    0,    0,    0,    0,    0,    0,    0,    0,    0,    0, -999,  34.88,  34.87,  34.88,  34.87,  34.85,  34.91,  34.90,  34.92,  34.91,  34.91,  34.91,  34.92,  34.94,  34.94,  34.93,  34.91,  34.91,  34.93,  34.93,  34.92,  34.92,  34.90,  34.89,  34.83,  34.84,  34.84,  34.85,  34.83,  34.82,  34.87,  34.89
19960722, 0600,  , LO, 14.1N, 152.6E,  15,    0,    0,    0,    0,    0,    0,    0,    0,    0,    0,    0,    0,    0, -999,  34.89,  34.90,  34.90,  34.89,  34.91,  34.90,  34.89,  34.88,  34.88,  34.88,  34.88,  34.88,  34.87,  34.87,  34.87,  34.87,  34.86,  34.86,  34.87,  34.87,  34.87,  34.87,  34.87,  34.87,  34.90,  34.89,  34.88,  34.90,  34.92,  34.93,  34.87
19960722, 1200,  , LO, 14.9N, 152.7E,  20,    0,    0,    0,    0,    0,    0,    0,    0,    0,    0,    0,    0,    0, -999,  34.81,  34.81,  34.81,  34.82,  34.82,  34.82,  34.81,  34.81,  34.83,  34.91,  34.94,  34.92,  34.91,  34.91,  34.92,  34.95,  34.96,  34.98,  34.98,  34.98,  34.98,  35.01,  34.95,  34.89,  34.86,  34.81,  34.77,  34.79,  34.85,  34.89,  34.95
19960722, 1800,  , LO, 15.5N, 152.7E,  25,    0,    0,    0,    0,    0,    0,    0,    0,    0,    0,    0,    0,    0, -999,  35.01,  35.03,  35.01,  34.97,  34.96,  34.96,  34.91,  34.90,  34.88,  34.87,  34.89,  34.98,  35.01,  34.99,  34.96,  34.95,  34.96,  35.01,  34.99,  34.97,  34.96,  34.92,  34.95,  34.92,  34.95,  35.02,  35.06,  35.03,  34.98,  34.99,  35.06
19960723, 0000,  , LO, 16.1N, 152.5E,  25,    0,    0,    0,    0,    0,    0,    0,    0,    0,    0,    0,    0,    0, -999,  34.89,  34.87,  34.91,  34.95,  34.95,  34.92,  34.90,  34.91,  34.92,  34.95,  34.96,  34.95,  34.94,  34.93,  34.94,  34.91,  34.93,  34.96,  34.98,  35.01,  34.99,  34.92,  34.97,  35.02,  35.05,  35.04,  34.98,  34.92,  34.91,  34.93,  34.95
19960723, 0600,  , LO, 16.8N, 152.0E,  25,    0,    0,    0,    0,    0,    0,    0,    0,    0,    0,    0,    0,    0, -999,  35.02,  35.00,  35.02,  34.99,  35.01,  35.02,  35.03,  35.03,  35.07,  35.02,  34.99,  35.00,  35.01,  35.02,  35.03,  35.02,  35.00,  34.98,  34.98,  35.02,  34.95,  34.93,  34.91,  34.90,  34.95,  34.93,  34.92,  34.88,  34.87,  34.85,  34.86
19960723, 1200,  , LO, 17.4N, 151.5E,  25,    0,    0,    0,    0,    0,    0,    0,    0,    0,    0,    0,    0,    0, -999,  34.91,  34.92,  34.93,  34.95,  34.98,  34.99,  35.02,  35.06,  35.07,  35.06,  35.08,  35.07,  35.06,  35.07,  35.07,  35.08,  35.08,  35.08,  35.08,  35.07,  35.05,  35.05,  35.04,  35.04,  35.05,  35.05,  35.06,  35.04,  34.99,  34.92,  34.93
19960723, 1800,  , LO, 18.0N, 150.9E,  30,    0,    0,    0,    0,    0,    0,    0,    0,    0,    0,    0,    0,    0, -999,  35.02,  35.02,  35.05,  35.10,  35.08,  35.10,  35.12,  35.11,  35.12,  35.14,  35.12,  35.08,  35.05,  35.04,  35.06,  35.09,  35.09,  35.09,  35.11,  35.14,  35.13,  35.12,  35.13,  35.11,  35.13,  35.13,  35.11,  35.11,  35.05,  35.06,  35.06
19960724, 0000,  , LO, 18.5N, 150.3E,  30,    0,    0,    0,    0,    0,    0,    0,    0,    0,    0,    0,    0,    0, -999,  35.15,  35.13,  35.13,  35.12,  35.07,  35.03,  34.98,  34.96,  34.98,  34.99,  35.01,  35.04,  35.08,  35.05,  35.08,  35.11,  35.15,  35.18,  35.18,  35.21,  35.21,  35.18,  35.16,  35.20,  35.17,  35.07,  35.07,  35.16,  35.17,  35.16,  35.16
19960724, 0600,  , TS, 19.0N, 149.5E,  35,    0,    0,    0,    0,    0,    0,    0,    0,    0,    0,    0,    0,    0, -999,  34.97,  34.97,  34.99,  35.02,  35.03,  35.01,  34.99,  34.97,  34.99,  35.01,  34.97,  34.98,  34.95,  34.91,  35.00,  35.03,  35.09,  35.10,  35.12,  35.11,  35.10,  35.17,  35.20,  35.21,  35.19,  35.19,  35.21,  35.14,  35.21,  35.19,  35.11
19960724, 1200,  , TS, 19.5N, 148.9E,  35,    0,    0,    0,    0,    0,    0,    0,    0,    0,    0,    0,    0,    0, -999,  35.05,  35.05,  34.95,  34.94,  34.86,  34.81,  34.80,  34.82,  34.84,  34.89,  34.92,  34.94,  34.98,  34.96,  34.97,  34.98,  35.01,  35.01,  35.02,  35.05,  35.13,  35.08,  35.10,  35.11,  35.12,  35.16,  35.18,  35.19,  35.22,  35.20,  35.06
19960724, 1800,  , TS, 20.0N, 147.7E,  40,    0,    0,    0,    0,    0,    0,    0,    0,    0,    0,    0,    0,    0, -999,  35.01,  34.99,  35.06,  35.10,  35.10,  35.07,  35.04,  35.03,  35.03,  34.92,  35.00,  34.89,  34.83,  34.83,  34.84,  34.83,  34.92,  34.91,  34.94,  34.89,  34.94,  35.00,  35.05,  35.00,  35.06,  35.11,  35.08,  35.05,  35.07,  35.08,  35.08
19960725, 0000,  , TS, 20.2N, 146.4E,  45,    0,    0,    0,    0,    0,    0,    0,    0,    0,    0,    0,    0,    0, -999,  34.88,  34.88,  34.89,  34.92,  34.94,  34.97,  34.98,  34.98,  34.96,  34.92,  34.92,  34.90,  34.88,  34.87,  34.88,  34.90,  35.00,  35.09,  35.13,  35.14,  35.21,  35.23,  35.22,  35.12,  35.12,  35.12,  35.12,  35.10,  35.04,  35.07,  35.06
19960725, 0600,  , TS, 20.2N, 145.0E,  55,    0,    0,    0,    0,    0,    0,    0,    0,    0,    0,    0,    0,    0, -999,  34.89,  34.91,  34.98,  34.96,  34.95,  34.95,  34.98,  34.95,  34.99,  34.96,  34.94,  34.90,  34.86,  34.83,  34.82,  34.80,  34.81,  34.81,  34.81,  34.80,  34.79,  34.82,  34.81,  34.80,  34.80,  34.78,  34.78,  34.85,  34.83,  34.83,  34.89
19960725, 1200,  , HU, 20.2N, 143.6E,  65,    0,    0,    0,    0,    0,    0,    0,    0,    0,    0,    0,    0,    0, -999,  34.98,  34.98,  34.96,  34.94,  34.90,  34.84,  34.79,  34.76,  34.77,  34.78,  34.74,  34.73,  34.72,  34.71,  34.72,  34.74,  34.79,  34.82,  34.86,  34.83,  34.88,  34.89,  34.82,  34.79,  34.77,  34.86,  34.91,  34.78,  34.83,  34.91,  35.00
19960725, 1800,  , HU, 20.5N, 142.1E,  70,    0,    0,    0,    0,    0,    0,    0,    0,    0,    0,    0,    0,    0, -999,  34.82,  34.96,  34.91,  34.86,  34.81,  34.76,  34.81,  34.88,  34.91,  34.88,  34.87,  34.82,  34.81,  34.72,  34.88,  34.81,  34.59,  34.59,  34.66,  34.71,  34.71,  34.74,  34.75,  34.74,  34.74,  34.74,  34.86,  34.97,  34.98,  34.99,  34.98
19960726, 0000,  , HU, 20.6N, 140.6E,  75,    0,    0,    0,    0,    0,    0,    0,    0,    0,    0,    0,    0,    0, -999,  34.97,  34.95,  34.96,  34.96,  35.01,  35.00,  35.00,  35.02,  35.02,  35.01,  34.95,  34.93,  34.91,  34.93,  34.90,  34.85,  34.91,  35.00,  35.01,  34.85,  34.81,  34.79,  34.77,  34.79,  34.72,  34.81,  34.85,  34.91,  34.91,  34.84,  34.80
19960726, 0600,  , HU, 20.6N, 139.0E,  85,    0,    0,    0,    0,    0,    0,    0,    0,    0,    0,    0,    0,    0, -999,  34.93,  34.85,  34.81,  34.77,  34.74,  34.77,  34.79,  34.80,  34.75,  34.72,  34.72,  34.70,  34.70,  34.75,  34.80,  34.73,  34.71,  34.87,  35.01,  34.86,  34.77,  34.77,  34.81,  34.84,  34.80,  34.86,  35.00,  35.00,  34.97,  34.97,  34.97
19960726, 1200,  , HU, 20.4N, 137.9E,  90,    0,    0,    0,    0,    0,    0,    0,    0,    0,    0,    0,    0,    0, -999,  34.78,  34.81,  34.80,  34.78,  34.76,  34.74,  34.75,  34.75,  34.76,  34.74,  34.74,  34.74,  34.73,  34.69,  34.66,  34.89,  34.96,  34.70,  34.94,  34.94,  34.89,  34.88,  34.86,  34.81,  34.74,  34.74,  34.75,  34.81,  34.81,  34.77,  34.79
19960726, 1800,  , HU, 20.0N, 136.7E, 100,    0,    0,    0,    0,    0,    0,    0,    0,    0,    0,    0,    0,    0, -999,  34.66,  34.66,  34.69,  34.72,  34.76,  34.75,  34.75,  34.73,  34.71,  34.73,  34.74,  34.76,  34.77,  34.76,  34.76,  34.78,  34.76,  34.74,  34.71,  34.76,  34.77,  34.81,  34.76,  34.73,  34.71,  34.69,  34.64,  34.64,  34.65,  34.67,  34.63
19960727, 0000,  , HU, 19.7N, 135.6E, 105,    0,    0,    0,    0,    0,    0,    0,    0,    0,    0,    0,    0,    0, -999,  34.74,  34.72,  34.76,  34.78,  34.78,  34.81,  34.77,  34.81,  34.81,  34.76,  34.79,  34.81,  34.83,  34.81,  34.76,  34.75,  34.86,  34.85,  34.79,  34.67,  34.88,  34.79,  34.84,  34.82,  34.91,  34.90,  34.88,  34.83,  34.74,  34.71,  34.78
19960727, 0600,  , HU, 19.3N, 134.7E, 115,    0,    0,    0,    0,    0,    0,    0,    0,    0,    0,    0,    0,    0, -999,  34.78,  34.86,  34.98,  35.03,  34.93,  34.84,  34.87,  34.95,  34.72,  34.70,  34.74,  34.76,  34.78,  34.76,  34.70,  34.68,  34.68,  34.68,  34.70,  34.76,  34.79,  34.79,  34.80,  34.85,  34.87,  34.85,  34.81,  34.80,  34.76,  34.75,  34.66
19960727, 1200,  , HU, 19.0N, 133.9E, 125,    0,    0,    0,    0,    0,    0,    0,    0,    0,    0,    0,    0,    0, -999,  34.76,  34.78,  34.83,  34.83,  34.78,  34.81,  34.88,  34.93,  34.73,  34.77,  34.74,  34.66,  34.66,  34.67,  34.70,  34.69,  34.73,  34.79,  34.83,  34.83,  34.81,  34.80,  34.82,  34.89,  34.84,  34.87,  34.84,  34.81,  34.75,  34.86,  34.66
19960727, 1800,  , HU, 18.8N, 133.2E, 125,    0,    0,    0,    0,    0,    0,    0,    0,    0,    0,    0,    0,    0, -999,  34.81,  34.82,  34.85,  34.91,  34.85,  34.85,  34.81,  34.82,  34.78,  34.75,  34.76,  34.76,  34.75,  34.76,  34.78,  34.78,  34.83,  34.85,  34.80,  34.84,  34.84,  34.81,  34.79,  34.71,  34.65,  34.61,  34.60,  34.67,  34.71,  34.70,  34.83
19960728, 0000,  , HU, 18.6N, 132.5E, 125,    0,    0,    0,    0,    0,    0,    0,    0,    0,    0,    0,    0,    0, -999,  34.78,  34.83,  34.88,  34.81,  34.82,  34.82,  34.88,  34.89,  34.89,  34.94,  34.91,  34.89,  34.90,  34.90,  34.87,  34.87,  34.89,  34.73,  34.74,  34.70,  34.67,  34.64,  34.72,  34.78,  34.79,  34.76,  34.73,  34.67,  34.69,  34.66,  34.63
19960728, 0600,  , HU, 18.4N, 131.8E, 125,    0,    0,    0,    0,    0,    0,    0,    0,    0,    0,    0,    0,    0, -999,  34.79,  34.89,  34.87,  34.72,  34.64,  34.63,  34.57,  34.59,  34.63,  34.65,  34.64,  34.68,  34.74,  34.73,  34.72,  34.71,  34.85,  34.68,  34.75,  34.71,  34.72,  34.71,  34.68,  34.70,  34.80,  34.85,  34.72,  34.64,  34.63,  34.74,  34.51
19960728, 1200,  , HU, 18.3N, 131.1E, 125,    0,    0,    0,    0,    0,    0,    0,    0,    0,    0,    0,    0,    0, -999,  34.80,  34.81,  34.78,  34.79,  34.71,  34.77,  34.85,  34.79,  34.76,  34.68,  34.57,  34.51,  34.64,  34.76,  34.78,  34.84,  34.94,  34.84,  34.86,  34.69,  34.86,  34.78,  34.78,  34.78,  34.74,  34.75,  34.87,  34.88,  34.96,  34.84,  34.58
19960728, 1800,  , HU, 18.3N, 130.5E, 125,    0,    0,    0,    0,    0,    0,    0,    0,    0,    0,    0,    0,    0, -999,  34.87,  34.84,  34.94,  35.04,  34.92,  34.81,  34.74,  34.77,  34.83,  34.84,  34.78,  34.64,  34.62,  34.79,  34.73,  34.68,  34.81,  34.82,  34.65,  34.44,  34.75,  34.57,  34.62,  34.70,  34.85,  34.73,  34.91,  34.89,  34.81,  34.76,  34.73
19960729, 0000,  , HU, 18.7N, 129.9E, 120,    0,    0,    0,    0,    0,    0,    0,    0,    0,    0,    0,    0,    0, -999,  34.92,  34.96,  35.13,  35.00,  34.77,  34.73,  34.75,  34.73,  34.73,  34.56,  34.69,  34.78,  34.86,  34.90,  34.90,  34.90,  34.95,  34.68,  34.66,  34.94,  34.82,  34.80,  34.64,  34.57,  34.57,  34.56,  34.67,  34.64,  34.73,  34.82,  34.76
19960729, 0600,  , HU, 19.2N, 129.3E, 115,    0,    0,    0,    0,    0,    0,    0,    0,    0,    0,    0,    0,    0, -999,  34.68,  34.73,  34.82,  34.81,  34.72,  34.69,  34.63,  34.70,  34.80,  34.68,  34.70,  34.67,  34.68,  34.89,  35.16,  35.10,  35.01,  35.08,  35.09,  35.13,  35.04,  35.04,  34.98,  34.85,  34.67,  34.71,  34.65,  34.93,  35.01,  34.80,  34.48
19960729, 1200,  , HU, 19.8N, 128.7E, 115,    0,    0,    0,    0,    0,    0,    0,    0,    0,    0,    0,    0,    0, -999,  34.59,  34.57,  34.57,  34.63,  34.61,  34.59,  34.62,  34.62,  34.61,  34.52,  34.50,  34.53,  34.56,  34.58,  34.56,  34.55,  34.80,  34.71,  34.76,  34.62,  34.64,  34.91,  34.91,  34.68,  34.64,  34.55,  34.64,  34.83,  34.90,  34.95,  34.94
19960729, 1800,  , HU, 20.5N, 128.2E, 115,    0,    0,    0,    0,    0,    0,    0,    0,    0,    0,    0,    0,    0, -999,  34.56,  34.56,  34.53,  34.56,  34.58,  34.60,  34.61,  34.60,  34.56,  34.56,  34.56,  34.56,  34.53,  34.52,  34.57,  34.48,  34.77,  34.83,  34.74,  34.76,  34.78,  34.76,  34.74,  34.73,  34.72,  34.75,  34.73,  34.69,  34.70,  34.68,  34.58
19960730, 0000,  , HU, 21.3N, 127.7E, 125,    0,    0,    0,    0,    0,    0,    0,    0,    0,    0,    0,    0,    0, -999,  34.55,  34.56,  34.60,  34.56,  34.49,  34.47,  34.38,  34.52,  34.52,  34.51,  34.48,  34.55,  34.53,  34.54,  34.53,  34.61,  34.87,  34.66,  34.52,  34.95,  34.81,  34.74,  34.64,  34.47,  34.48,  34.63,  34.76,  34.74,  34.67,  34.42,  34.41
19960730, 0600,  , HU, 22.0N, 127.1E, 130,    0,    0,    0,    0,    0,    0,    0,    0,    0,    0,    0,    0,    0, -999,  34.73,  34.77,  34.68,  34.64,  34.67,  34.65,  34.55,  34.53,  34.45,  34.48,  34.46,  34.46,  34.46,  34.52,  34.47,  34.49,  34.64,  34.55,  34.77,  34.61,  34.65,  34.77,  34.81,  34.30,  34.72,  34.66,  34.55,  34.52,  34.58,  34.46,  34.48
19960730, 1200,  , HU, 22.6N, 126.6E, 130,    0,    0,    0,    0,    0,    0,    0,    0,    0,    0,    0,    0,    0, -999,  34.65,  34.63,  34.70,  34.72,  34.71,  34.68,  34.68,  34.70,  34.74,  34.75,  34.78,  34.70,  34.44,  34.37,  34.37,  34.43,  34.57,  34.55,  34.56,  34.49,  34.59,  34.64,  34.68,  34.73,  34.75,  34.72,  34.62,  34.71,  34.72,  34.44,  34.21
19960730, 1800,  , HU, 23.1N, 126.1E, 140,    0,    0,    0,    0,    0,    0,    0,    0,    0,    0,    0,    0,    0, -999,  34.63,  34.66,  34.77,  34.75,  34.71,  34.71,  34.66,  34.63,  34.68,  34.67,  34.64,  34.62,  34.58,  34.59,  34.52,  34.48,  34.41,  34.48,  34.63,  34.50,  34.48,  34.55,  34.64,  34.68,  34.63,  34.61,  34.60,  34.62,  34.63,  34.58,  34.56
19960731, 0000,  , HU, 23.9N, 124.8E, 140,    0,    0,    0,    0,    0,    0,    0,    0,    0,    0,    0,    0,    0, -999,  34.68,  34.63,  34.61,  34.61,  34.58,  34.58,  34.60,  34.64,  34.64,  34.56,  34.56,  34.58,  34.47,  34.39,  34.52,  34.52,  34.55,  34.53,  34.40,  34.48,  34.73,  34.78,  34.72,  34.70,  34.66,  34.64,  34.63,  34.65,  34.66,  34.66,  34.65
19960731, 0600,  , HU, 24.2N, 123.8E, 135,    0,    0,    0,    0,    0,    0,    0,    0,    0,    0,    0,    0,    0, -999,  34.74,  34.73,  34.72,  34.71,  34.71,  34.71,  34.72,  34.72,  34.72,  34.70,  34.65,  34.62,  34.61,  34.57,  34.51,  34.51,  34.54,  34.59,  34.62,  34.57,  34.59,  34.58,  34.58,  34.57,  34.59,  34.62,  34.62,  34.62,  34.60,  34.60,  34.58
19960731, 1200,  , HU, 24.8N, 122.7E, 130,    0,    0,    0,    0,    0,    0,    0,    0,    0,    0,    0,    0,    0, -999,  34.67,  34.73,  34.66,  34.62,  34.55,  34.32,  34.54,  34.57,  34.41,  34.35,  34.38,  34.48,  34.58,  34.52,  34.44,  34.45,  34.44,  34.34,  34.20,  34.41,  34.72,  34.65,  34.74,  34.74,  34.55,  34.57,  34.70,  34.72,  34.95,  34.62,  34.61
19960731, 1800,  , HU, 25.0N, 121.4E,  75,    0,    0,    0,    0,    0,    0,    0,    0,    0,    0,    0,    0,    0, -999,    nan,    nan,    nan,    nan,    nan,    nan,    nan,    nan,    nan,    nan,    nan,    nan,    nan,    nan,    nan,    nan,    nan,    nan,    nan,    nan,    nan,    nan,    nan,    nan,    nan,    nan,    nan,    nan,    nan,    nan,    nan
19960801, 0000,  , HU, 25.4N, 120.0E,  95,    0,    0,    0,    0,    0,    0,    0,    0,    0,    0,    0,    0,    0, -999,    nan,    nan,    nan,    nan,    nan,    nan,    nan,    nan,    nan,    nan,    nan,    nan,    nan,    nan,    nan,    nan,    nan,    nan,    nan,    nan,    nan,    nan,    nan,    nan,    nan,    nan,    nan,    nan,    nan,    nan,    nan
19960801, 0600,  , HU, 26.0N, 118.6E,  70,    0,    0,    0,    0,    0,    0,    0,    0,    0,    0,    0,    0,    0, -999,    nan,    nan,    nan,    nan,    nan,    nan,    nan,    nan,    nan,    nan,    nan,    nan,    nan,    nan,    nan,    nan,    nan,    nan,    nan,    nan,    nan,    nan,    nan,    nan,    nan,    nan,    nan,    nan,    nan,    nan,    nan
19960801, 1200,  , TS, 26.4N, 117.3E,  60,    0,    0,    0,    0,    0,    0,    0,    0,    0,    0,    0,    0,    0, -999,    nan,    nan,    nan,    nan,    nan,    nan,    nan,    nan,    nan,    nan,    nan,    nan,    nan,    nan,    nan,    nan,    nan,    nan,    nan,    nan,    nan,    nan,    nan,    nan,    nan,    nan,    nan,    nan,    nan,    nan,    nan
19960801, 1800,  , TS, 26.9N, 116.3E,  50,    0,    0,    0,    0,    0,    0,    0,    0,    0,    0,    0,    0,    0, -999,    nan,    nan,    nan,    nan,    nan,    nan,    nan,    nan,    nan,    nan,    nan,    nan,    nan,    nan,    nan,    nan,    nan,    nan,    nan,    nan,    nan,    nan,    nan,    nan,    nan,    nan,    nan,    nan,    nan,    nan,    nan
19960802, 0000,  , TS, 27.5N, 115.4E,  40,    0,    0,    0,    0,    0,    0,    0,    0,    0,    0,    0,    0,    0, -999,    nan,    nan,    nan,    nan,    nan,    nan,    nan,    nan,    nan,    nan,    nan,    nan,    nan,    nan,    nan,    nan,    nan,    nan,    nan,    nan,    nan,    nan,    nan,    nan,    nan,    nan,    nan,    nan,    nan,    nan,    nan
19960802, 0600,  , LO, 28.1N, 114.5E,  30,    0,    0,    0,    0,    0,    0,    0,    0,    0,    0,    0,    0,    0, -999,    nan,    nan,    nan,    nan,    nan,    nan,    nan,    nan,    nan,    nan,    nan,    nan,    nan,    nan,    nan,    nan,    nan,    nan,    nan,    nan,    nan,    nan,    nan,    nan,    nan,    nan,    nan,    nan,    nan,    nan,    nan
19960802, 1200,  , LO, 28.8N, 113.8E,  30,    0,    0,    0,    0,    0,    0,    0,    0,    0,    0,    0,    0,    0, -999,    nan,    nan,    nan,    nan,    nan,    nan,    nan,    nan,    nan,    nan,    nan,    nan,    nan,    nan,    nan,    nan,    nan,    nan,    nan,    nan,    nan,    nan,    nan,    nan,    nan,    nan,    nan,    nan,    nan,    nan,    nan
19960802, 1800,  , LO, 29.5N, 113.1E,  25,    0,    0,    0,    0,    0,    0,    0,    0,    0,    0,    0,    0,    0, -999,    nan,    nan,    nan,    nan,    nan,    nan,    nan,    nan,    nan,    nan,    nan,    nan,    nan,    nan,    nan,    nan,    nan,    nan,    nan,    nan,    nan,    nan,    nan,    nan,    nan,    nan,    nan,    nan,    nan,    nan,    nan
19960803, 0000,  , LO, 30.3N, 112.6E,  20,    0,    0,    0,    0,    0,    0,    0,    0,    0,    0,    0,    0,    0, -999,    nan,    nan,    nan,    nan,    nan,    nan,    nan,    nan,    nan,    nan,    nan,    nan,    nan,    nan,    nan,    nan,    nan,    nan,    nan,    nan,    nan,    nan,    nan,    nan,    nan,    nan,    nan,    nan,    nan,    nan,    nan
19960803, 0600,  , LO, 31.0N, 112.1E,  20,    0,    0,    0,    0,    0,    0,    0,    0,    0,    0,    0,    0,    0, -999,    nan,    nan,    nan,    nan,    nan,    nan,    nan,    nan,    nan,    nan,    nan,    nan,    nan,    nan,    nan,    nan,    nan,    nan,    nan,    nan,    nan,    nan,    nan,    nan,    nan,    nan,    nan,    nan,    nan,    nan,    nan
19960803, 1200,  , LO, 31.7N, 111.7E,  20,    0,    0,    0,    0,    0,    0,    0,    0,    0,    0,    0,    0,    0, -999,    nan,    nan,    nan,    nan,    nan,    nan,    nan,    nan,    nan,    nan,    nan,    nan,    nan,    nan,    nan,    nan,    nan,    nan,    nan,    nan,    nan,    nan,    nan,    nan,    nan,    nan,    nan,    nan,    nan,    nan,    nan
