WP102016,           MINDULLE,     30,
20160816, 1800,  , DB, 15.4N, 138.1E,  20, 1007,    0,    0,    0,    0,    0,    0,    0,    0,    0,    0,    0,    0, -999,  34.94,  34.95,  34.98,  34.99,  34.99,  34.99,  35.00,  34.96,  34.88,  34.84,  34.81,  34.78,  34.79,  34.77,  34.78,  34.75,  34.74,  34.76,  34.83,  34.88,  34.91,  34.88,  34.87,  34.89,  34.91,  34.92,  34.89,  34.90,  34.93,  34.97,  34.95
20160817, 0000,  , TD, 15.4N, 139.1E,  25, 1004,    0,    0,    0,    0,    0,    0,    0,    0,    0,    0,    0,    0, -999,  34.87,  34.89,  34.88,  34.86,  34.81,  34.78,  34.80,  34.75,  34.75,  34.77,  34.77,  34.82,  34.76,  34.80,  34.78,  34.81,  34.86,  34.84,  34.87,  34.89,  34.87,  34.90,  34.91,  34.94,  34.91,  34.84,  34.85,  34.85,  34.86,  34.85,  34.85
20160817, 0600,  , TD, 15.3N, 139.9E,  25, 1004,    0,    0,    0,    0,    0,    0,    0,    0,    0,    0,    0,    0, -999,  34.81,  34.79,  34.78,  34.79,  34.81,  34.83,  34.82,  34.81,  34.78,  34.75,  34.83,  34.77,  34.74,  34.70,  34.70,  34.66,  34.67,  34.65,  34.66,  34.62,  34.67,  34.67,  34.66,  34.67,  34.63,  34.63,  34.68,  34.66,  34.69,  34.70,  34.69
20160817, 1200,  , TD, 15.3N, 140.6E,  30, 1000,    0,    0,    0,    0,    0,    0,    0,    0,    0,    0,    0,    0, -999,  34.83,  34.81,  34.79,  34.82,  34.80,  34.82,  34.75,  34.82,  34.77,  34.72,  34.72,  34.70,  34.66,  34.63,  34.63,  34.60,  34.65,  34.63,  34.62,  34.64,  34.66,  34.68,  34.65,  34.65,  34.63,  34.64,  34.62,  34.60,  34.62,  34.64,  34.65
20160817, 1800,  , TD, 15.3N, 141.4E,  30,  998,    0,    0,    0,    0,    0,    0,    0,    0,    0,    0,    0,    0, -999,  34.84,  34.82,  34.76,  34.77,  34.74,  34.73,  34.70,  34.70,  34.64,  34.69,  34.73,  34.64,  34.63,  34.64,  34.67,  34.66,  34.72,  34.71,  34.69,  34.67,  34.64,  34.59,  34.59,  34.59,  34.61,  34.59,  34.59,  34.60,  34.70,  34.73,  34.74
20160818, 0000,  , TD, 15.3N, 142.1E,  30,  997,    0,    0,    0,    0,    0,    0,    0,    0,    0,    0,    0,    0, -999,  34.76,  34.70,  34.78,  34.79,  34.75,  34.70,  34.69,  34.67,  34.62,  34.65,  34.67,  34.73,  34.76,  34.75,  34.68,  34.66,  34.61,  34.60,  34.59,  34.60,  34.66,  34.65,  34.67,  34.63,  34.63,  34.62,  34.63,  34.64,  34.65,  34.66,  34.62
20160818, 0600,  , TS, 15.6N, 142.6E,  35,  996,   30,   40,   40,   30,    0,    0,    0,    0,    0,    0,    0,    0, -999,  34.89,  34.87,  34.82,  34.82,  34.80,  34.81,  34.77,  34.83,  34.80,  34.81,  34.80,  34.79,  34.75,  34.74,  34.72,  34.74,  34.70,  34.72,  34.65,  34.64,  34.61,  34.60,  34.62,  34.59,  34.63,  34.64,  34.62,  34.69,  34.69,  34.73,  34.73
20160818, 0900,  , TS, 16.2N, 143.0E,  35,  996,   30,   40,   40,   30,    0,    0,    0,    0,    0,    0,    0,    0, -999,  34.84,  34.80,  34.79,  34.80,  34.81,  34.82,  34.82,  34.81,  34.76,  34.80,  34.82,  34.83,  34.83,  34.84,  34.84,  34.87,  34.86,  34.84,  34.80,  34.73,  34.73,  34.67,  34.70,  34.65,  34.67,  34.68,  34.69,  34.69,  34.72,  34.70,  34.73
20160818, 1200,  , TS, 16.4N, 142.9E,  35,  996,   30,   40,   30,   20,    0,    0,    0,    0,    0,    0,    0,    0, -999,  34.82,  34.82,  34.80,  34.83,  34.80,  34.81,  34.79,  34.80,  34.85,  34.80,  34.76,  34.81,  34.83,  34.80,  34.83,  34.97,  34.99,  34.93,  34.92,  34.90,  34.83,  34.70,  34.74,  34.67,  34.70,  34.68,  34.66,  34.68,  34.68,  34.68,  34.77
20160818, 1800,  , TS, 17.2N, 142.7E,  35,  996,   40,   50,   50,   30,    0,    0,    0,    0,    0,    0,    0,    0, -999,  34.79,  34.82,  34.84,  34.85,  34.83,  34.82,  34.83,  34.87,  34.87,  34.87,  34.79,  34.76,  34.78,  34.85,  34.92,  35.03,  35.05,  35.04,  35.01,  34.95,  35.02,  34.95,  34.92,  34.98,  34.91,  34.98,  34.98,  34.94,  34.96,  35.01,  35.01
20160818, 2100,  , TS, 17.3N, 142.3E,  35,  996,   40,   50,   50,   40,    0,    0,    0,    0,    0,    0,    0,    0, -999,  34.84,  34.83,  34.83,  34.83,  34.85,  34.84,  34.86,  34.86,  34.86,  34.85,  34.77,  34.74,  34.70,  34.67,  34.71,  34.86,  35.00,  35.02,  35.02,  35.03,  35.05,  35.05,  35.01,  34.99,  34.97,  35.00,  34.97,  34.95,  34.92,  34.91,  34.91
20160819, 0000,  , TS, 17.5N, 142.0E,  40,  993,   40,   50,   50,   40,    0,    0,    0,    0,    0,    0,    0,    0, -999,  34.88,  34.83,  34.78,  34.76,  34.79,  34.84,  34.85,  34.86,  34.86,  34.82,  34.80,  34.78,  34.78,  34.73,  34.73,  34.71,  34.75,  34.74,  34.94,  34.95,  35.03,  35.03,  35.02,  34.96,  34.99,  34.98,  34.91,  34.98,  35.00,  34.96,  34.91
20160819, 0600,  , TS, 18.1N, 141.4E,  45,  989,   40,   60,   50,   40,    0,    0,    0,    0,    0,    0,    0,    0, -999,  35.05,  35.01,  35.03,  35.03,  35.01,  34.98,  34.92,  34.80,  34.75,  34.74,  34.86,  34.78,  34.82,  34.80,  34.82,  34.84,  34.84,  34.78,  34.78,  34.83,  34.84,  34.80,  35.10,  35.09,  35.01,  35.04,  35.02,  35.01,  34.99,  34.95,  34.97
20160819, 1200,  , TS, 18.9N, 140.9E,  45,  989,   50,   60,   50,   50,    0,    0,    0,    0,    0,    0,    0,    0, -999,  34.95,  34.97,  34.93,  34.91,  34.92,  34.91,  34.94,  34.96,  35.00,  34.99,  34.89,  34.89,  34.92,  34.89,  34.93,  35.09,  35.07,  35.00,  35.04,  35.05,  35.06,  35.10,  35.06,  35.00,  35.00,  34.96,  35.02,  35.09,  34.98,  34.93,  34.91
20160819, 1800,  , TS, 19.1N, 140.5E,  50,  985,   50,   60,   50,   50,   17,   23,   17,   17,    0,    0,    0,    0, -999,  34.89,  34.73,  34.76,  34.85,  34.88,  34.89,  34.91,  34.88,  34.88,  34.88,  34.86,  34.85,  34.86,  34.87,  34.91,  35.03,  35.04,  35.01,  35.02,  35.05,  35.08,  35.08,  35.03,  35.02,  34.99,  34.97,  34.95,  35.00,  35.06,  35.06,  35.02
20160819, 2100,  , TS, 19.7N, 140.8E,  50,  985,   50,   60,   60,   50,   17,   23,   23,   17,    0,    0,    0,    0, -999,  35.01,  34.96,  34.94,  34.93,  34.92,  34.95,  34.91,  34.84,  34.79,  34.76,  34.73,  34.73,  34.75,  34.75,  34.79,  34.83,  34.86,  34.88,  34.89,  34.97,  34.98,  35.02,  35.00,  34.97,  34.94,  34.96,  34.95,  34.95,  34.95,  34.92,  34.87
20160820, 0000,  , TS, 20.5N, 140.9E,  55,  982,   50,   60,   60,   50,   17,   23,   23,   17,    0,    0,    0,    0, -999,  35.01,  35.02,  35.00,  35.02,  34.98,  34.80,  34.94,  34.96,  34.98,  34.95,  34.91,  34.87,  34.83,  34.81,  34.82,  34.80,  34.82,  34.82,  34.81,  34.87,  34.87,  34.91,  35.00,  35.03,  35.02,  35.02,  35.01,  35.03,  35.05,  35.00,  34.99
20160820, 0600,  , TS, 22.2N, 141.1E,  55,  982,   60,   60,   60,   70,   23,   23,   23,   30,    0,    0,    0,    0, -999,  34.68,  34.88,  34.83,  35.05,  35.00,  34.89,  34.75,  34.72,  34.70,  34.55,  34.95,  35.27,  35.45,  35.45,  35.19,  35.51,  35.30,  35.37,  34.95,  34.87,  34.78,  34.87,  34.81,  34.76,  34.88,  34.98,  35.33,  34.96,  35.06,  34.85,  34.87
20160820, 1200,  , TS, 24.3N, 141.0E,  55,  982,   70,   70,   70,   80,   30,   30,   30,   36,    0,    0,    0,    0, -999,  35.05,  34.98,  35.04,  34.92,  34.94,  34.98,  34.79,  34.72,  34.78,  34.87,  34.87,  34.85,  34.91,  34.75,  34.63,  34.65,  34.81,  34.79,  34.69,  34.81,  34.90,  35.01,  34.94,  34.79,  34.75,  34.51,  34.66,  34.80,  34.94,  35.15,  35.15
20160820, 1800,  , TS, 26.2N, 140.7E,  60,  978,   90,   80,   80,   90,   43,   36,   36,   43,    0,    0,    0,    0, -999,  34.67,  34.70,  34.86,  34.89,  34.76,  34.85,  34.90,  34.43,  34.49,  34.59,  34.75,  34.65,  34.80,  34.55,  34.47,  34.65,  34.58,  34.53,  34.57,  34.47,  34.41,  34.70,  34.61,  34.44,  34.40,  34.55,  34.91,  34.70,  34.53,  34.63,  34.76
20160821, 0000,  , TS, 28.1N, 140.4E,  55,  982,  110,   90,   90,  100,   55,   42,   42,   49,    0,    0,    0,    0, -999,  34.73,  34.62,  34.80,  34.88,  34.89,  34.81,  34.73,  34.69,  34.69,  34.75,  34.78,  34.77,  34.85,  34.96,  34.91,  34.80,  34.73,  34.57,  34.50,  34.51,  34.76,  34.57,  34.48,  34.72,  34.68,  34.67,  34.71,  34.72,  34.74,  34.71,  34.82
20160821, 0600,  , TS, 30.0N, 140.1E,  60,  978,  120,  100,  100,  110,   62,   49,   49,   55,    0,    0,    0,    0, -999,  34.30,  34.48,  34.55,  34.58,  34.56,  34.42,  34.53,  34.46,  34.28,  34.09,  34.27,  34.40,  34.50,  34.53,  34.55,  34.49,  34.41,  34.42,  34.47,  34.47,  34.30,  34.37,  34.53,  34.49,  34.41,  34.33,  34.25,  34.40,  34.16,  34.42,  34.40
20160821, 1200,  , TS, 31.7N, 139.6E,  55,  982,  110,  100,   90,  110,   55,   49,   42,   55,    0,    0,    0,    0, -999,  34.26,  34.21,  34.43,  34.41,  34.44,  34.44,  34.38,  34.37,  34.34,  34.39,  34.09,  34.15,  34.36,  34.26,  34.27,  34.22,  34.07,  34.20,  34.36,  34.28,  34.03,  34.35,  34.39,  34.41,  34.48,  34.47,  34.47,  34.45,  34.40,  34.43,  34.48
20160821, 1800,  , TS, 33.1N, 139.1E,  60,  978,  100,   90,   70,   80,   49,   43,   30,   36,    0,    0,    0,    0, -999,  34.49,  34.53,  34.73,  34.80,  34.83,  34.32,  34.48,  34.24,  34.37,  34.23,  34.33,  34.44,  34.49,  34.44,  34.57,  34.48,  34.66,  34.60,  34.66,  34.56,  34.52,  34.50,  34.49,  34.35,  34.42,  34.44,  34.54,  34.55,  34.57,  34.67,  34.68
20160822, 0000,  , HU, 34.3N, 139.5E,  65,  974,   90,   90,   70,   70,   43,   43,   30,   30,   22,   22,   15,   15, -999,  34.59,  34.64,  34.67,  34.59,  34.55,  34.51,  34.52,  34.45,  34.39,  34.38,  34.46,  34.44,  34.46,  34.43,  34.37,  34.41,  34.41,  35.16,  34.64,  34.94,  34.64,  34.63,  34.54,  34.39,  34.25,  34.49,  34.56,  34.57,  34.66,  34.61,  34.51
20160822, 0600,  , TS, 35.9N, 140.1E,  60,  978,   90,   90,   70,   70,   43,   43,   30,   30,    0,    0,    0,    0, -999,    nan,    nan,    nan,    nan,    nan,    nan,    nan,    nan,    nan,    nan,    nan,    nan,    nan,    nan,    nan,    nan,    nan,    nan,    nan,    nan,    nan,    nan,    nan,    nan,    nan,    nan,    nan,    nan,    nan,    nan,    nan
20160822, 1200,  , TS, 37.8N, 140.9E,  50,  985,   90,   90,   70,   70,   42,   42,   29,   29,    0,    0,    0,    0, -999,    nan,    nan,    nan,    nan,    nan,    nan,    nan,    nan,    nan,    nan,    nan,    nan,    nan,    nan,    nan,    nan,    nan,    nan,    nan,    nan,    nan,    nan,    nan,    nan,    nan,    nan,    nan,    nan,    nan,    nan,    nan
20160822, 1800,  , TS, 40.5N, 141.9E,  40,  993,  120,   90,   70,  120,    0,    0,    0,    0,    0,    0,    0,    0, -999,  34.08,  34.04,  34.06,  34.03,  34.04,  34.05,  34.07,  34.10,  34.10,  34.10,  34.09,  34.10,  34.09,  34.09,  34.11,  34.11,  34.12,  34.11,  34.11,  34.08,  34.06,  34.07,  34.05,  34.02,  34.01,  33.98,  34.00,  33.98,  34.02,  34.06,  34.04
20160823, 0000,  , EX, 44.4N, 144.1E,  40,  993,  120,   90,   70,  120,    0,    0,    0,    0,    0,    0,    0,    0, -999,  33.66,  33.66,  33.66,  33.66,  33.66,  33.64,  33.65,  33.66,  33.66,  33.72,  33.70,  33.84,  33.86,  33.82,  33.85,  33.83,  33.77,  33.76,  33.72,  33.73,  33.66,  33.69,  33.65,  33.65,  33.61,  33.38,  33.31,  33.45,  33.55,  33.58,  33.59
20160823, 0600,  , EX, 48.2N, 147.0E,  40,  993,  150,   90,   90,  150,    0,    0,    0,    0,    0,    0,    0,    0, -999,  32.69,  32.69,  32.68,  32.67,  32.68,  32.67,  32.68,  32.67,  32.68,  32.70,  32.66,  32.67,  32.63,  32.66,  32.65,  32.68,  32.66,  32.67,  32.66,  32.68,  32.65,  32.66,  32.65,  32.66,  32.64,  32.64,  32.66,  32.67,  32.67,  32.64,  32.66
