WP102018,              MARIA,     36,
20180703, 0000,  , DB,  9.7N, 146.4E,  20, 1007,    0,    0,    0,    0,    0,    0,    0,    0,    0,    0,    0,    0, -999,  26.04,  26.23,  25.40,  24.75,  26.03,  26.69,  27.40,  27.30,  27.32,  27.57,  28.10,  28.39,  29.71,  29.55,  29.47,  28.60,  28.66,  27.14,  27.23,  27.59,  27.12,  27.63,  26.17,  26.66,  27.80,  27.73,  27.47,  27.31,  28.70,  27.53,  27.36
20180703, 0600,  , DB, 10.5N, 146.7E,  20, 1007,    0,    0,    0,    0,    0,    0,    0,    0,    0,    0,    0,    0, -999,  27.17,  27.75,  27.46,  27.99,  29.12,  28.81,  28.94,  28.98,  28.85,  28.82,  28.70,  29.25,  29.43,  29.24,  29.24,  28.50,  27.95,  27.96,  28.28,  28.13,  26.40,  27.25,  27.15,  27.40,  27.17,  27.79,  27.62,  27.89,  27.89,  27.46,  26.95
20180703, 1200,  , TD, 11.1N, 146.7E,  25, 1004,    0,    0,    0,    0,    0,    0,    0,    0,    0,    0,    0,    0, -999,  25.20,  25.82,  28.30,  28.78,  29.03,  28.65,  28.80,  28.54,  28.84,  28.84,  28.54,  29.18,  29.34,  29.37,  28.68,  28.22,  28.45,  26.19,  26.91,  26.88,  27.51,  27.20,  26.53,  26.00,  26.34,  26.34,  26.92,  26.64,  26.93,  26.14,  26.65
20180703, 1800,  , TD, 11.4N, 146.6E,  30, 1001,    0,    0,    0,    0,    0,    0,    0,    0,    0,    0,    0,    0, -999,  25.96,  25.99,  28.53,  28.74,  29.08,  28.54,  28.82,  28.70,  28.43,  28.73,  28.40,  29.12,  29.43,  29.25,  28.66,  28.51,  27.30,  25.92,  27.06,  27.25,  27.12,  26.68,  26.26,  26.19,  26.25,  27.35,  26.68,  26.16,  26.15,  25.70,  26.21
20180704, 0000,  , TS, 11.7N, 146.3E,  35,  999,   50,   60,   40,   50,    0,    0,    0,    0,    0,    0,    0,    0, -999,  27.98,  28.91,  29.14,  28.89,  28.93,  28.89,  28.97,  28.71,  28.49,  27.92,  29.13,  29.48,  29.43,  28.77,  28.80,  27.21,  26.82,  27.38,  27.71,  28.08,  28.23,  27.60,  27.44,  27.53,  27.50,  26.85,  27.26,  26.39,  26.33,  26.34,  26.48
20180704, 0600,  , TS, 12.3N, 146.0E,  40,  998,   70,   70,   50,   60,    0,    0,    0,    0,    0,    0,    0,    0, -999,  27.98,  29.03,  28.70,  28.48,  28.62,  28.88,  28.78,  28.55,  28.38,  27.94,  29.01,  28.99,  29.00,  28.00,  28.09,  27.36,  27.64,  28.00,  26.68,  26.85,  27.16,  27.45,  27.79,  27.45,  27.69,  27.50,  27.57,  27.46,  26.69,  26.07,  25.90
20180704, 1200,  , TS, 12.8N, 145.4E,  45,  993,   80,   80,   60,   70,    0,    0,    0,    0,    0,    0,    0,    0, -999,  27.93,  28.52,  28.58,  28.04,  27.92,  28.07,  28.29,  27.34,  27.13,  27.08,  28.08,  29.28,  29.20,  27.91,  28.89,  28.61,  26.85,  27.68,  26.53,  26.91,  26.85,  27.90,  28.02,  27.02,  26.78,  26.99,  27.48,  27.79,  28.09,  27.46,  27.07
20180704, 1800,  , TS, 13.5N, 144.9E,  55,  984,  100,   90,   60,   70,   49,   42,   23,   30,    0,    0,    0,    0, -999,  27.83,  27.76,  27.75,  27.63,  28.26,  28.41,  28.22,  27.91,  27.89,  27.79,  28.01,  28.03,  27.89,  28.15,  28.15,  28.22,  28.06,  26.42,  27.68,  26.41,  27.41,  27.05,  27.78,  27.18,  27.68,  27.81,  27.92,  27.90,  27.85,  27.24,  27.03
20180705, 0000,  , TS, 14.0N, 144.0E,  60,  983,  120,  100,   70,   80,   62,   49,   30,   36,    0,    0,    0,    0, -999,  27.97,  28.04,  27.96,  28.01,  28.04,  27.89,  27.54,  27.35,  27.55,  27.37,  27.54,  27.62,  27.71,  27.62,  27.63,  27.66,  28.09,  27.74,  27.74,  27.88,  27.31,  27.27,  27.39,  27.54,  27.95,  27.88,  27.82,  27.56,  27.53,  27.26,  27.46
20180705, 0600,  , HU, 14.5N, 143.3E,  70,  981,  120,  100,   70,  100,   62,   49,   31,   49,   32,   25,   15,   25, -999,  27.28,  26.70,  26.98,  27.31,  27.51,  27.57,  27.33,  26.97,  27.01,  27.12,  27.44,  27.47,  27.45,  27.44,  27.59,  27.33,  27.98,  28.02,  28.25,  28.35,  27.74,  27.82,  27.42,  27.78,  27.64,  27.53,  27.43,  27.29,  26.92,  26.72,  26.99
20180705, 1200,  , HU, 14.8N, 142.7E,  85,  970,  130,  110,   70,  110,   69,   57,   31,   57,   37,   30,   16,   30, -999,  27.62,  27.51,  27.34,  27.24,  27.16,  27.29,  27.16,  27.32,  27.26,  27.09,  27.48,  27.47,  27.76,  27.89,  28.11,  27.70,  28.34,  28.19,  28.06,  27.94,  28.15,  27.79,  28.17,  28.48,  28.07,  28.09,  27.53,  27.49,  27.11,  26.60,  26.65
20180705, 1800,  , HU, 15.4N, 142.4E, 115,  944,  140,  110,   80,  120,   77,   58,   39,   64,   41,   31,   20,   34, -999,  27.59,  27.57,  27.48,  27.45,  27.63,  27.74,  27.81,  27.82,  27.86,  28.05,  27.77,  27.91,  27.54,  27.80,  27.72,  27.56,  28.32,  28.05,  28.35,  27.89,  27.48,  27.40,  28.01,  27.75,  28.10,  27.37,  27.48,  27.51,  27.37,  27.13,  27.09
20180706, 0000,  , XX, 15.9N, 142.0E, 135,  924,  140,  120,  100,  120,   78,   65,   53,   65,   42,   35,   28,   35, -999,  27.06,  27.28,  27.38,  27.47,  27.38,  27.32,  27.71,  27.61,  27.63,  27.61,  27.72,  27.42,  27.86,  27.89,  27.62,  28.04,  28.56,  28.51,  28.25,  27.82,  27.43,  27.66,  27.32,  27.83,  27.47,  27.55,  27.41,  27.73,  27.27,  27.66,  27.47
20180706, 0600,  , XX, 16.5N, 141.6E, 130,  927,  150,  130,  110,  130,   84,   72,   59,   72,   45,   38,   31,   38, -999,  27.93,  27.81,  27.79,  27.74,  27.87,  27.82,  27.69,  27.62,  27.71,  27.92,  28.03,  27.89,  28.06,  28.30,  27.50,  27.46,  28.48,  28.90,  28.79,  27.87,  27.73,  27.67,  27.52,  27.45,  27.36,  27.72,  27.86,  27.93,  27.73,  27.77,  28.09
20180706, 1200,  , XX, 16.7N, 141.3E, 130,  925,  160,  130,  120,  140,   90,   72,   65,   78,   49,   38,   35,   42, -999,  28.05,  28.19,  28.32,  27.98,  27.80,  28.20,  27.91,  27.92,  27.78,  28.10,  28.52,  28.70,  28.24,  28.19,  28.10,  28.36,  28.56,  28.51,  28.79,  28.32,  27.66,  27.64,  27.41,  27.26,  27.38,  27.45,  27.57,  27.59,  27.72,  27.73,  28.00
20180706, 1800,  , HU, 16.9N, 140.9E, 120,  935,  160,  140,  120,  140,   90,   77,   65,   77,   49,   42,   35,   42, -999,  28.09,  28.12,  28.30,  27.70,  27.47,  27.84,  27.66,  27.77,  27.78,  28.05,  28.23,  28.72,  28.11,  28.10,  27.82,  28.28,  28.58,  27.11,  28.64,  28.44,  27.58,  27.65,  27.21,  27.57,  27.35,  27.59,  27.28,  27.59,  27.50,  27.57,  27.79
20180707, 0000,  , HU, 17.2N, 140.8E, 115,  939,  170,  140,  120,  150,   96,   77,   64,   83,   52,   41,   34,   45, -999,  28.44,  28.36,  27.66,  27.59,  27.72,  27.49,  27.33,  27.45,  27.69,  27.95,  28.09,  27.77,  27.79,  27.59,  28.13,  28.41,  27.19,  28.97,  28.32,  27.74,  27.59,  26.87,  27.55,  26.95,  27.13,  27.06,  27.33,  27.18,  27.37,  27.59,  27.43
20180707, 0600,  , HU, 17.6N, 140.6E, 120,  934,  170,  140,  120,  150,   96,   77,   65,   84,   52,   42,   35,   45, -999,  27.93,  27.81,  27.49,  27.56,  27.78,  27.95,  27.93,  28.10,  28.35,  28.48,  28.49,  28.17,  28.05,  27.74,  28.12,  28.57,  26.54,  27.62,  28.08,  27.97,  27.89,  27.65,  27.40,  27.09,  26.94,  26.91,  27.24,  27.20,  27.31,  27.59,  27.52
20180707, 1200,  , HU, 18.0N, 140.3E, 120,  934,  180,  140,  120,  160,  102,   77,   65,   90,   56,   42,   35,   49, -999,  27.05,  26.80,  26.94,  27.48,  27.43,  27.83,  27.41,  27.58,  27.93,  28.06,  28.11,  28.26,  28.41,  28.25,  28.21,  28.54,  28.09,  28.41,  28.97,  28.14,  28.38,  27.33,  28.40,  27.70,  27.60,  27.27,  27.28,  27.03,  27.46,  27.32,  27.27
20180707, 1800,  , HU, 18.7N, 139.5E, 125,  930,  180,  150,  120,  160,  103,   84,   65,   90,   56,   45,   35,   49, -999,  27.61,  27.32,  27.04,  26.99,  27.06,  26.66,  26.25,  27.08,  26.72,  26.74,  26.67,  26.63,  26.63,  27.03,  27.02,  28.77,  27.25,  27.54,  27.57,  27.45,  27.34,  26.43,  25.16,  25.72,  26.97,  26.06,  26.35,  26.04,  26.70,  27.34,  27.38
20180708, 0000,  , XX, 19.1N, 138.8E, 135,  919,  200,  160,  120,  170,  116,   91,   65,   97,   63,   49,   35,   53, -999,  27.47,  27.28,  27.23,  27.37,  27.10,  27.04,  27.47,  25.79,  25.96,  25.97,  25.83,  26.10,  26.47,  26.57,  27.52,  26.84,  27.61,  26.63,  27.31,  26.98,  25.35,  25.22,  25.51,  24.99,  24.94,  25.58,  24.88,  24.95,  25.12,  25.38,  26.21
20180708, 0600,  , XX, 19.8N, 137.8E, 140,  914,  200,  160,  120,  170,  116,   91,   66,   97,   63,   49,   35,   53, -999,  24.44,  24.39,  24.67,  24.71,  24.66,  24.85,  25.04,  24.21,  24.27,  24.31,  24.18,  24.12,  24.15,  24.22,  24.06,  23.94,  22.90,  23.14,  24.08,  24.05,  22.08,  23.09,  23.72,  23.28,  23.41,  24.30,  23.64,  23.62,  23.33,  24.20,  24.85
20180708, 1200,  , XX, 20.5N, 136.5E, 145,  910,  200,  170,  130,  170,  116,   97,   72,   97,   64,   53,   39,   53, -999,  26.64,  26.33,  25.75,  25.35,  25.21,  25.39,  25.56,  25.51,  25.71,  25.67,  25.48,  26.23,  24.96,  24.70,  25.09,  26.07,  22.75,  25.99,  26.80,  24.48,  23.71,  24.64,  25.96,  25.48,  25.32,  25.36,  22.73,  22.33,  22.30,  23.48,  23.69
20180708, 1800,  , XX, 21.1N, 135.1E, 145,  910,  210,  170,  140,  180,  123,   97,   79,  104,   67,   53,   43,   57, -999,  26.34,  26.51,  26.87,  27.05,  27.47,  27.17,  27.32,  26.35,  26.25,  26.22,  26.88,  27.36,  27.32,  26.34,  26.61,  26.68,  27.03,  27.38,  26.76,  25.17,  24.64,  24.13,  23.95,  24.59,  25.16,  25.06,  24.44,  24.71,  25.08,  24.88,  25.20
20180709, 0000,  , XX, 21.8N, 133.5E, 140,  917,  210,  170,  140,  180,  122,   97,   78,  104,   67,   53,   42,   56, -999,  25.56,  25.54,  25.69,  25.69,  25.35,  24.92,  24.91,  23.92,  23.77,  24.53,  24.54,  25.40,  24.41,  24.10,  24.19,  24.44,  23.89,  24.14,  24.07,  23.77,  23.76,  23.42,  23.30,  24.03,  24.33,  24.42,  23.90,  23.71,  22.71,  23.43,  22.48
20180709, 0600,  , XX, 22.4N, 131.9E, 130,  925,  210,  170,  140,  180,  122,   97,   78,  103,   66,   52,   42,   56, -999,  21.41,  21.60,  21.58,  21.62,  21.45,  21.36,  20.47,  20.64,  20.95,  20.44,  20.27,  19.80,  19.80,  20.04,  20.08,  19.51,  17.82,  18.50,  19.18,  20.10,  21.40,  21.60,  20.85,  21.44,  22.15,  22.37,  22.38,  22.33,  22.04,  21.70,  21.05
20180709, 1200,  , HU, 22.9N, 130.3E, 125,  929,  200,  170,  140,  170,  115,   96,   78,   96,   63,   52,   42,   52, -999,  22.59,  22.63,  22.16,  22.05,  22.50,  23.42,  22.48,  22.46,  22.83,  22.46,  23.20,  22.29,  21.89,  22.07,  22.14,  22.08,  20.77,  21.52,  21.26,  23.77,  21.83,  20.70,  21.02,  21.93,  22.66,  22.84,  23.12,  23.03,  22.95,  23.34,  22.79
20180709, 1800,  , HU, 23.5N, 128.7E, 115,  937,  190,  160,  130,  170,  109,   90,   71,   96,   59,   48,   38,   52, -999,  25.32,  24.73,  24.37,  24.08,  23.29,  23.57,  23.49,  23.23,  23.47,  23.96,  23.79,  23.85,  23.33,  23.43,  23.30,  22.97,  23.45,  24.59,  23.20,  23.35,  23.43,  23.11,  23.24,  22.43,  22.56,  22.82,  22.64,  22.68,  22.66,  22.40,  22.56
20180710, 0000,  , HU, 24.0N, 127.2E, 105,  945,  190,  160,  130,  170,  108,   89,   70,   95,   58,   48,   37,   51, -999,  25.76,  25.85,  26.00,  26.45,  26.41,  26.26,  26.40,  25.73,  25.64,  26.27,  25.71,  25.23,  25.06,  25.21,  25.48,  25.76,  25.81,  25.45,  25.48,  25.56,  24.34,  24.23,  24.29,  23.25,  23.25,  23.63,  23.66,  24.04,  24.92,  25.75,  26.08
20180710, 0600,  , HU, 24.7N, 125.4E, 100,  950,  190,  150,  130,  170,  108,   83,   70,   95,   58,   44,   37,   51, -999,  21.88,  22.11,  23.10,  23.22,  23.29,  23.42,  23.00,  22.52,  22.74,  22.73,  22.50,  22.83,  22.82,  22.25,  22.55,  22.90,  21.93,  22.23,  23.08,  23.36,  22.82,  23.31,  22.25,  22.80,  23.70,  24.39,  25.64,  24.59,  24.75,  24.75,  25.29
20180710, 1200,  , HU, 25.3N, 124.0E,  95,  953,  190,  150,  130,  170,  107,   82,   70,   95,   58,   44,   37,   51, -999,  24.82,  25.16,  25.93,  24.98,  24.63,  25.96,  26.15,  24.15,  24.54,  25.73,  25.13,  24.30,  24.19,  24.59,  24.28,  24.43,  22.29,  22.13,  21.35,  21.49,  23.73,  23.75,  23.97,  24.88,  25.45,  23.82,  23.36,  22.55,  22.36,  23.45,  24.16
20180710, 1800,  , HU, 26.2N, 122.2E,  95,  952,  190,  150,  120,  160,  107,   82,   63,   89,   58,   44,   34,   48, -999,  18.28,  19.70,  19.26,  19.47,  19.17,  18.85,  19.34,  18.39,  18.68,  19.00,  19.47,  20.42,  21.50,  20.54,  20.14,  20.52,  21.45,  19.95,  19.18,  19.28,  21.40,  22.85,  22.51,  22.73,  23.55,  23.33,  23.17,  23.18,  23.59,  23.49,  23.26
20180711, 0000,  , HU, 26.4N, 120.0E,  95,  951,  170,  150,  120,  150,   95,   82,   63,   82,   51,   44,   34,   44, -999,    nan,    nan,    nan,    nan,    nan,    nan,    nan,    nan,    nan,    nan,    nan,    nan,    nan,    nan,    nan,    nan,    nan,    nan,    nan,    nan,    nan,    nan,    nan,    nan,    nan,    nan,    nan,    nan,    nan,    nan,    nan
20180711, 0600,  , HU, 26.5N, 118.5E,  75,  969,  150,  130,  100,  130,   81,   69,   50,   69,   43,   36,   26,   36, -999,    nan,    nan,    nan,    nan,    nan,    nan,    nan,    nan,    nan,    nan,    nan,    nan,    nan,    nan,    nan,    nan,    nan,    nan,    nan,    nan,    nan,    nan,    nan,    nan,    nan,    nan,    nan,    nan,    nan,    nan,    nan
20180711, 1200,  , TS, 26.7N, 116.4E,  55,  983,  120,  100,  100,  100,   61,   49,   49,   49,    0,    0,    0,    0, -999,    nan,    nan,    nan,    nan,    nan,    nan,    nan,    nan,    nan,    nan,    nan,    nan,    nan,    nan,    nan,    nan,    nan,    nan,    nan,    nan,    nan,    nan,    nan,    nan,    nan,    nan,    nan,    nan,    nan,    nan,    nan
20180711, 1800,  , TD, 27.5N, 115.3E,  30,  996,    0,    0,    0,    0,    0,    0,    0,    0,    0,    0,    0,    0, -999,    nan,    nan,    nan,    nan,    nan,    nan,    nan,    nan,    nan,    nan,    nan,    nan,    nan,    nan,    nan,    nan,    nan,    nan,    nan,    nan,    nan,    nan,    nan,    nan,    nan,    nan,    nan,    nan,    nan,    nan,    nan
