WP112010,            MERANTI,     23,
20100906, 0600,  , DB, 23.9N, 124.8E,  15, 1010,    0,    0,    0,    0,    0,    0,    0,    0,    0,    0,    0,    0, -999,  29.10,  29.11,  29.09,  28.94,  29.09,  29.51,  29.38,  29.28,  29.40,  29.25,  29.13,  29.00,  29.19,  29.32,  29.19,  28.82,  28.77,  28.80,  28.64,  28.26,  27.90,  28.20,  28.67,  28.73,  28.71,  29.04,  28.98,  29.00,  28.00,  28.01,  27.59
20100906, 1200,  , DB, 23.2N, 124.7E,  15, 1010,    0,    0,    0,    0,    0,    0,    0,    0,    0,    0,    0,    0, -999,  29.55,  29.46,  29.34,  29.47,  29.45,  29.25,  29.02,  29.34,  29.51,  29.45,  29.18,  29.21,  29.22,  29.29,  29.30,  29.27,  29.16,  29.09,  29.12,  29.06,  28.99,  28.92,  28.89,  28.72,  28.85,  29.11,  28.97,  28.71,  27.92,  28.32,  28.48
20100906, 1800,  , DB, 22.8N, 124.3E,  15, 1010,    0,    0,    0,    0,    0,    0,    0,    0,    0,    0,    0,    0, -999,  29.44,  29.28,  29.34,  29.41,  29.61,  29.53,  29.35,  29.44,  29.33,  29.29,  29.19,  29.13,  29.07,  29.09,  29.27,  29.26,  29.30,  29.30,  29.30,  29.29,  29.11,  28.76,  28.91,  28.88,  28.59,  29.07,  29.12,  28.96,  27.83,  28.24,  28.59
20100907, 0000,  , TD, 22.5N, 123.8E,  20, 1007,    0,    0,    0,    0,    0,    0,    0,    0,    0,    0,    0,    0, -999,  29.44,  29.40,  29.41,  29.54,  29.50,  29.55,  29.34,  28.98,  28.98,  28.95,  28.96,  28.91,  29.00,  29.38,  29.35,  29.32,  29.23,  29.21,  29.19,  29.14,  29.16,  29.16,  29.22,  29.19,  29.13,  29.10,  29.05,  28.56,  28.85,  28.98,  28.87
20100907, 0600,  , DB, 22.3N, 123.2E,  20, 1005,    0,    0,    0,    0,    0,    0,    0,    0,    0,    0,    0,    0, -999,  29.44,  29.59,  29.54,  29.54,  29.53,  29.53,  29.33,  29.09,  28.82,  28.80,  29.12,  29.04,  29.27,  29.31,  29.26,  28.99,  28.87,  28.77,  28.70,  28.78,  28.92,  29.05,  29.22,  29.26,  29.23,  29.16,  29.10,  28.81,  28.71,  28.82,  29.14
20100907, 1200,  , DB, 22.1N, 122.3E,  20, 1005,    0,    0,    0,    0,    0,    0,    0,    0,    0,    0,    0,    0, -999,  28.89,  28.84,  28.94,  29.16,  29.21,  29.42,  29.35,  29.15,  28.90,  28.92,  29.02,  29.21,  29.52,  29.32,  29.15,  29.10,  28.99,  29.32,  28.73,  29.19,  29.17,  29.15,  29.18,  29.09,  29.20,  29.02,  29.19,  28.96,  28.23,  28.25,  28.74
20100907, 1800,  , TD, 21.6N, 121.4E,  25, 1004,    0,    0,    0,    0,    0,    0,    0,    0,    0,    0,    0,    0, -999,  29.37,  29.26,  29.28,  29.32,  29.40,  29.43,  29.39,  29.19,  28.98,  29.13,  28.57,  28.51,  28.58,  29.47,  29.02,  28.36,  27.86,  27.59,  27.54,  27.60,  28.43,  28.90,  28.91,  29.10,  29.39,  29.41,  29.33,  28.88,  28.99,  29.01,  29.17
20100908, 0000,  , TD, 21.1N, 120.6E,  30, 1000,    0,    0,    0,    0,    0,    0,    0,    0,    0,    0,    0,    0, -999,  29.12,  28.85,  29.21,  28.27,  28.68,  28.48,  28.88,  29.11,  29.20,  28.99,  29.38,  28.37,  28.20,  27.87,  27.83,  27.67,  27.60,  27.52,  28.06,  29.24,  29.11,  28.65,  28.96,  29.07,  29.12,  29.09,  29.17,  29.17,  28.94,  28.89,  28.39
20100908, 0600,  , TD, 20.8N, 120.1E,  30, 1000,    0,    0,    0,    0,    0,    0,    0,    0,    0,    0,    0,    0, -999,  29.03,  28.90,  28.96,  28.81,  28.63,  28.77,  29.01,  28.97,  28.85,  28.77,  29.03,  29.33,  28.87,  28.39,  27.99,  28.29,  28.41,  27.71,  27.78,  28.21,  28.08,  27.99,  27.73,  27.79,  27.81,  27.76,  27.85,  27.91,  28.31,  28.72,  28.76
20100908, 1200,  , TS, 20.6N, 119.5E,  35,  996,    0,    0,    0,    0,    0,    0,    0,    0,    0,    0,    0,    0, -999,  29.51,  29.36,  29.03,  28.84,  28.91,  28.83,  28.86,  28.56,  28.46,  28.52,  28.50,  28.40,  28.31,  28.37,  28.85,  29.38,  29.77,  29.40,  28.87,  28.91,  28.62,  28.35,  28.36,  28.56,  28.85,  28.98,  29.12,  29.25,  29.33,  29.15,  28.89
20100908, 1800,  , TS, 20.9N, 119.2E,  40,  993,    0,    0,    0,    0,    0,    0,    0,    0,    0,    0,    0,    0, -999,  29.67,  29.65,  29.22,  28.85,  28.81,  28.60,  28.64,  28.48,  28.36,  28.35,  28.48,  28.46,  28.19,  27.91,  28.09,  28.62,  29.27,  29.24,  29.24,  29.14,  29.11,  29.00,  28.90,  28.83,  28.92,  28.66,  28.33,  28.05,  28.17,  29.10,  29.30
20100909, 0000,  , TS, 21.4N, 119.4E,  45,  989,   50,   50,   50,   50,    0,    0,    0,    0,    0,    0,    0,    0, -999,  29.32,  28.98,  28.66,  28.61,  28.42,  28.41,  28.44,  28.31,  28.03,  27.93,  27.87,  27.92,  27.93,  28.11,  28.39,  29.02,  28.97,  28.84,  28.54,  28.78,  28.50,  28.33,  28.61,  28.92,  28.88,  28.83,  28.45,  28.33,  28.69,  27.99,  28.14
20100909, 0600,  , TS, 22.3N, 119.2E,  50,  985,   50,   50,   40,   45,    0,    0,    0,    0,    0,    0,    0,    0, -999,  29.05,  29.04,  28.85,  28.74,  28.68,  28.64,  28.70,  28.53,  28.37,  28.41,  28.37,  28.25,  28.14,  28.14,  28.15,  28.34,  28.33,  28.29,  28.25,  28.25,  28.23,  28.20,  28.20,  28.23,  28.09,  27.94,  27.52,  27.38,  27.48,  27.73,  28.03
20100909, 1200,  , HU, 23.2N, 119.0E,  65,  974,   50,   50,   35,   45,   15,   15,   15,   15,    0,    0,    0,    0, -999,    nan,    nan,    nan,    nan,    nan,    nan,    nan,    nan,    nan,    nan,    nan,    nan,    nan,    nan,    nan,    nan,    nan,    nan,    nan,    nan,    nan,    nan,    nan,    nan,    nan,    nan,    nan,    nan,    nan,    nan,    nan
20100909, 1800,  , HU, 24.3N, 118.7E,  65,  974,   45,   45,   30,   30,   15,   15,   15,   15,    0,    0,    0,    0, -999,  27.68,  27.54,  27.52,  27.74,  27.83,  27.97,  27.82,  27.82,  27.91,  27.96,  28.03,  28.06,  28.29,  28.37,  28.40,  28.14,  28.13,  28.11,  28.22,  28.26,  28.27,  28.31,  28.36,  28.45,  28.44,  28.40,  28.29,  28.17,  28.37,  28.45,  28.39
20100910, 0000,  , TS, 25.6N, 118.7E,  50,  985,   45,   45,   30,   30,   15,   15,   15,   15,    0,    0,    0,    0, -999,    nan,    nan,    nan,    nan,    nan,    nan,    nan,    nan,    nan,    nan,    nan,    nan,    nan,    nan,    nan,    nan,    nan,    nan,    nan,    nan,    nan,    nan,    nan,    nan,    nan,    nan,    nan,    nan,    nan,    nan,    nan
20100910, 0600,  , TS, 26.8N, 118.7E,  40,  993,   45,   45,   30,   30,    0,    0,    0,    0,    0,    0,    0,    0, -999,    nan,    nan,    nan,    nan,    nan,    nan,    nan,    nan,    nan,    nan,    nan,    nan,    nan,    nan,    nan,    nan,    nan,    nan,    nan,    nan,    nan,    nan,    nan,    nan,    nan,    nan,    nan,    nan,    nan,    nan,    nan
20100910, 1200,  , TD, 27.8N, 119.2E,  30, 1000,    0,    0,    0,    0,    0,    0,    0,    0,    0,    0,    0,    0, -999,    nan,    nan,    nan,    nan,    nan,    nan,    nan,    nan,    nan,    nan,    nan,    nan,    nan,    nan,    nan,    nan,    nan,    nan,    nan,    nan,    nan,    nan,    nan,    nan,    nan,    nan,    nan,    nan,    nan,    nan,    nan
20100910, 1800,  , TD, 29.0N, 119.9E,  25, 1004,    0,    0,    0,    0,    0,    0,    0,    0,    0,    0,    0,    0, -999,    nan,    nan,    nan,    nan,    nan,    nan,    nan,    nan,    nan,    nan,    nan,    nan,    nan,    nan,    nan,    nan,    nan,    nan,    nan,    nan,    nan,    nan,    nan,    nan,    nan,    nan,    nan,    nan,    nan,    nan,    nan
20100911, 0000,  , DB, 30.3N, 120.7E,  20, 1007,    0,    0,    0,    0,    0,    0,    0,    0,    0,    0,    0,    0, -999,    nan,    nan,    nan,    nan,    nan,    nan,    nan,    nan,    nan,    nan,    nan,    nan,    nan,    nan,    nan,    nan,    nan,    nan,    nan,    nan,    nan,    nan,    nan,    nan,    nan,    nan,    nan,    nan,    nan,    nan,    nan
20100911, 0600,  , DB, 31.5N, 122.0E,  20, 1007,    0,    0,    0,    0,    0,    0,    0,    0,    0,    0,    0,    0, -999,    nan,    nan,    nan,    nan,    nan,    nan,    nan,    nan,    nan,    nan,    nan,    nan,    nan,    nan,    nan,    nan,    nan,    nan,    nan,    nan,    nan,    nan,    nan,    nan,    nan,    nan,    nan,    nan,    nan,    nan,    nan
20100911, 1200,  , DB, 32.6N, 123.8E,  20, 1007,    0,    0,    0,    0,    0,    0,    0,    0,    0,    0,    0,    0, -999,  28.28,  28.27,  28.34,  27.82,  27.58,  27.59,  28.14,  27.69,  27.08,  27.18,  26.94,  27.18,  26.55,  26.12,  26.94,  27.11,  27.34,  27.54,  27.10,  27.00,  26.91,  26.56,  26.57,  26.73,  26.74,  26.66,  26.89,  27.17,  26.50,  24.83,  24.72
20100911, 1800,  , EX, 34.0N, 126.1E,  20, 1007,    0,    0,    0,    0,    0,    0,    0,    0,    0,    0,    0,    0, -999,  25.87,  27.25,  25.57,  26.12,  25.71,  25.84,  26.67,  25.94,  26.13,  25.57,  25.01,  24.82,  24.57,  24.67,  24.52,  24.43,  24.77,  24.30,  24.19,  23.97,  23.73,  23.71,  23.81,  23.63,  23.58,  23.83,  24.73,  24.72,  24.52,  23.47,  23.65
