WP112005,              MAWAR,     37,
20050818, 0000,  , DB, 20.4N, 143.9E,  15, 1006,    0,    0,    0,    0,    0,    0,    0,    0,    0,    0,    0,    0, -999,  34.57,  34.58,  34.57,  34.59,  34.53,  34.51,  34.46,  34.45,  34.48,  34.53,  34.59,  34.61,  34.62,  34.64,  34.80,  34.76,  34.80,  34.88,  34.91,  34.83,  34.93,  34.97,  34.95,  34.92,  34.88,  34.84,  34.89,  34.91,  34.86,  34.61,  34.62
20050818, 0600,  , DB, 20.3N, 143.6E,  20, 1004,    0,    0,    0,    0,    0,    0,    0,    0,    0,    0,    0,    0, -999,  34.43,  34.44,  34.54,  34.54,  34.41,  34.36,  34.38,  34.39,  34.38,  34.35,  34.38,  34.47,  34.55,  34.57,  34.74,  34.80,  34.82,  34.75,  34.80,  34.97,  34.97,  34.90,  34.93,  34.94,  34.91,  34.79,  34.83,  34.87,  34.84,  34.73,  34.75
20050818, 1200,  , DB, 20.3N, 143.3E,  20, 1004,    0,    0,    0,    0,    0,    0,    0,    0,    0,    0,    0,    0, -999,  34.53,  34.43,  34.39,  34.44,  34.41,  34.35,  34.30,  34.26,  34.27,  34.37,  34.40,  34.39,  34.40,  34.50,  34.68,  34.73,  34.69,  34.76,  34.75,  34.78,  34.91,  34.98,  34.94,  34.88,  34.92,  34.81,  34.81,  34.81,  34.83,  34.77,  34.78
20050818, 1800,  , DB, 20.5N, 143.1E,  20, 1004,    0,    0,    0,    0,    0,    0,    0,    0,    0,    0,    0,    0, -999,  34.51,  34.49,  34.45,  34.41,  34.37,  34.33,  34.30,  34.29,  34.27,  34.26,  34.30,  34.36,  34.38,  34.39,  34.47,  34.49,  34.50,  34.54,  34.57,  34.69,  34.74,  34.85,  34.95,  34.91,  34.91,  34.82,  34.82,  34.84,  34.92,  34.79,  34.80
20050819, 0000,  , DB, 20.6N, 142.9E,  25, 1002,    0,    0,    0,    0,    0,    0,    0,    0,    0,    0,    0,    0, -999,  34.50,  34.48,  34.46,  34.40,  34.36,  34.34,  34.33,  34.33,  34.37,  34.37,  34.35,  34.34,  34.34,  34.39,  34.41,  34.39,  34.38,  34.37,  34.36,  34.47,  34.69,  34.85,  34.92,  34.91,  34.86,  34.83,  34.83,  34.92,  34.82,  34.81,  34.79
20050819, 0600,  , TS, 20.8N, 142.8E,  35,  997,    0,    0,    0,    0,    0,    0,    0,    0,    0,    0,    0,    0, -999,  34.36,  34.40,  34.41,  34.46,  34.40,  34.37,  34.40,  34.39,  34.45,  34.46,  34.44,  34.44,  34.45,  34.45,  34.42,  34.39,  34.36,  34.35,  34.35,  34.35,  34.36,  34.42,  34.73,  34.92,  34.89,  34.83,  34.78,  34.82,  34.79,  34.84,  34.81
20050819, 1200,  , TS, 20.7N, 142.6E,  40,  994,    0,    0,    0,    0,    0,    0,    0,    0,    0,    0,    0,    0, -999,  34.36,  34.45,  34.53,  34.45,  34.42,  34.35,  34.35,  34.34,  34.37,  34.38,  34.40,  34.42,  34.47,  34.46,  34.42,  34.42,  34.42,  34.43,  34.40,  34.38,  34.38,  34.52,  34.78,  34.92,  34.88,  34.91,  34.83,  34.82,  34.81,  34.82,  34.81
20050819, 1800,  , TS, 20.7N, 142.4E,  45,  991,   35,   35,   35,   35,    0,    0,    0,    0,    0,    0,    0,    0, -999,  34.35,  34.33,  34.52,  34.53,  34.50,  34.45,  34.35,  34.34,  34.33,  34.35,  34.39,  34.41,  34.46,  34.50,  34.46,  34.42,  34.42,  34.43,  34.41,  34.39,  34.38,  34.41,  34.58,  34.80,  34.87,  34.89,  34.88,  34.81,  34.80,  34.82,  34.82
20050820, 0000,  , TS, 20.9N, 142.1E,  45,  991,   35,   35,   35,   35,    0,    0,    0,    0,    0,    0,    0,    0, -999,  34.62,  34.63,  34.60,  34.60,  34.60,  34.51,  34.40,  34.42,  34.49,  34.48,  34.37,  34.32,  34.41,  34.46,  34.49,  34.49,  34.49,  34.44,  34.37,  34.36,  34.39,  34.36,  34.39,  34.48,  34.62,  34.84,  34.88,  34.78,  34.78,  34.78,  34.77
20050820, 0600,  , TS, 21.1N, 141.8E,  50,  987,   75,   75,   75,   50,    0,    0,    0,    0,    0,    0,    0,    0, -999,  34.66,  34.68,  34.68,  34.73,  34.73,  34.72,  34.62,  34.58,  34.47,  34.42,  34.40,  34.42,  34.42,  34.41,  34.36,  34.38,  34.45,  34.44,  34.37,  34.39,  34.37,  34.38,  34.38,  34.34,  34.35,  34.39,  34.46,  34.70,  34.83,  34.77,  34.73
20050820, 1200,  , TS, 21.3N, 141.5E,  55,  984,   90,   75,   60,   80,   20,   20,   20,   20,    0,    0,    0,    0, -999,  34.75,  34.72,  34.74,  34.69,  34.66,  34.69,  34.65,  34.68,  34.71,  34.74,  34.75,  34.75,  34.74,  34.77,  34.77,  34.76,  34.77,  34.73,  34.71,  34.69,  34.63,  34.58,  34.57,  34.45,  34.39,  34.38,  34.39,  34.37,  34.50,  34.55,  34.52
20050820, 1800,  , TS, 21.6N, 141.1E,  60,  980,   80,   80,   80,   80,   20,   20,   20,   20,    0,    0,    0,    0, -999,  34.73,  34.72,  34.66,  34.65,  34.74,  34.80,  34.72,  34.75,  34.71,  34.71,  34.72,  34.73,  34.72,  34.73,  34.76,  34.80,  34.91,  34.91,  34.84,  34.72,  34.62,  34.60,  34.63,  34.64,  34.65,  34.68,  34.70,  34.65,  34.42,  34.45,  34.47
20050821, 0000,  , HU, 22.0N, 140.8E,  80,  963,  100,  100,   90,   90,   30,   30,   30,   30,   15,   15,   15,   15, -999,  34.70,  34.66,  34.76,  34.81,  34.80,  34.72,  34.72,  34.70,  34.70,  34.72,  34.75,  34.80,  34.91,  34.91,  34.86,  34.93,  34.96,  34.73,  34.68,  34.78,  34.77,  34.78,  34.72,  34.55,  34.53,  34.53,  34.56,  34.61,  34.63,  34.58,  34.56
20050821, 0600,  , HU, 22.3N, 140.4E, 100,  944,  110,  120,  110,  110,   40,   45,   40,   40,   20,   25,   20,   20, -999,  34.64,  34.80,  34.80,  34.76,  34.74,  34.75,  34.72,  34.72,  34.74,  34.81,  34.94,  34.90,  34.86,  34.88,  34.96,  34.88,  34.86,  34.69,  34.85,  34.92,  34.92,  34.91,  34.80,  34.61,  34.58,  34.56,  34.57,  34.59,  34.54,  34.55,  34.59
20050821, 1200,  , HU, 22.7N, 140.1E, 120,  922,  120,  120,  110,  110,   50,   50,   50,   50,   30,   30,   30,   30, -999,  34.78,  34.77,  34.84,  34.77,  34.72,  34.70,  34.77,  34.92,  35.03,  34.97,  34.93,  34.84,  34.94,  34.94,  34.85,  34.79,  34.88,  34.95,  34.92,  34.91,  34.92,  34.88,  34.80,  34.81,  34.86,  34.68,  34.70,  34.72,  34.77,  34.82,  34.75
20050821, 1800,  , HU, 23.1N, 139.7E, 125,  916,  120,  120,  110,  110,   60,   60,   50,   50,   30,   30,   30,   30, -999,  34.84,  34.83,  34.79,  34.78,  34.66,  34.82,  34.88,  34.89,  34.85,  34.79,  34.73,  34.68,  34.70,  34.74,  34.78,  34.82,  34.79,  34.90,  34.89,  34.88,  34.86,  34.86,  34.81,  34.76,  34.77,  34.78,  34.78,  34.83,  35.30,  34.88,  34.78
20050822, 0000,  , HU, 23.4N, 139.4E, 125,  916,  120,  120,  110,  110,   60,   60,   50,   50,   30,   30,   30,   30, -999,  34.75,  34.81,  35.10,  35.05,  34.94,  34.75,  34.75,  34.78,  34.69,  34.70,  34.69,  34.70,  34.70,  34.71,  34.74,  34.80,  34.86,  34.90,  34.93,  34.94,  34.94,  34.91,  34.92,  34.96,  35.00,  34.99,  34.91,  34.84,  34.72,  34.65,  34.66
20050822, 0600,  , HU, 23.8N, 139.1E, 125,  916,  120,  120,  110,  110,   60,   60,   50,   50,   30,   30,   30,   30, -999,  34.79,  35.00,  34.84,  34.78,  34.76,  34.78,  34.60,  34.51,  34.46,  34.47,  34.48,  34.63,  34.72,  34.77,  34.80,  34.82,  34.80,  34.80,  34.81,  34.84,  34.84,  34.83,  34.83,  34.87,  34.89,  34.91,  34.94,  34.93,  34.93,  34.91,  34.84
20050822, 1200,  , HU, 24.1N, 138.7E, 115,  927,  110,  110,  100,  100,   55,   55,   45,   45,   25,   25,   25,   25, -999,  34.69,  34.67,  34.72,  34.83,  34.73,  34.81,  34.84,  34.88,  34.89,  34.77,  34.68,  34.63,  34.65,  34.70,  34.70,  34.66,  34.62,  34.63,  34.65,  34.69,  34.74,  34.76,  34.81,  34.84,  34.85,  34.97,  34.97,  34.87,  34.98,  34.89,  34.88
20050822, 1800,  , HU, 24.7N, 138.2E, 100,  944,  110,  110,  100,  100,   55,   55,   50,   50,   25,   25,   25,   25, -999,  34.67,  34.65,  34.66,  34.73,  34.74,  34.59,  34.59,  34.70,  34.73,  34.68,  34.64,  34.62,  34.62,  34.70,  34.66,  34.60,  34.55,  34.60,  34.64,  34.62,  34.59,  34.58,  34.60,  34.52,  34.48,  34.68,  34.75,  34.91,  34.95,  34.83,  34.90
20050823, 0000,  , HU, 25.4N, 137.8E, 100,  944,  110,  110,  100,  100,   50,   50,   50,   50,   25,   25,   25,   25, -999,  34.81,  34.71,  34.65,  34.65,  34.71,  34.69,  34.67,  34.66,  34.65,  34.69,  34.67,  34.69,  34.70,  34.56,  34.55,  34.57,  34.53,  34.57,  34.63,  34.64,  34.61,  34.60,  34.66,  34.61,  34.65,  34.73,  34.68,  34.68,  34.69,  34.67,  34.66
20050823, 0600,  , HU, 26.3N, 137.6E, 100,  944,  110,  110,  110,  110,   50,   50,   50,   50,   25,   25,   25,   25, -999,  34.50,  34.50,  34.54,  34.58,  34.62,  34.62,  34.62,  34.62,  34.64,  34.62,  34.62,  34.65,  34.65,  34.62,  34.63,  34.64,  34.64,  34.46,  34.55,  34.65,  34.64,  34.69,  34.69,  34.73,  34.65,  34.68,  34.67,  34.68,  34.67,  34.67,  34.67
20050823, 1200,  , HU, 27.1N, 137.2E, 100,  944,  110,  110,  110,  110,   50,   50,   50,   50,   25,   25,   25,   25, -999,  34.51,  34.56,  34.58,  34.57,  34.59,  34.56,  34.56,  34.58,  34.56,  34.55,  34.61,  34.47,  34.52,  34.51,  34.55,  34.56,  34.53,  34.53,  34.53,  34.59,  34.52,  34.50,  34.57,  34.58,  34.59,  34.58,  34.58,  34.58,  34.58,  34.59,  34.60
20050823, 1800,  , HU, 27.9N, 136.8E, 100,  944,  110,  110,  110,  110,   50,   50,   50,   50,   25,   25,   25,   25, -999,  34.60,  34.54,  34.55,  34.50,  34.52,  34.43,  34.43,  34.44,  34.48,  34.52,  34.53,  34.46,  34.49,  34.54,  34.51,  34.50,  34.52,  34.61,  34.61,  34.56,  34.63,  34.57,  34.57,  34.59,  34.60,  34.55,  34.50,  34.53,  34.46,  34.42,  34.45
20050824, 0000,  , HU, 28.8N, 136.8E, 100,  944,  100,  130,  120,  100,   40,   50,   50,   40,   25,   25,   25,   25, -999,  34.48,  34.48,  34.51,  34.52,  34.52,  34.51,  34.44,  34.33,  34.30,  34.40,  34.45,  34.47,  34.50,  34.55,  34.60,  34.67,  34.74,  34.80,  34.77,  34.73,  34.59,  34.58,  34.60,  34.62,  34.59,  34.60,  34.55,  34.51,  34.50,  34.51,  34.54
20050824, 0600,  , HU, 29.7N, 136.9E, 100,  944,  100,  130,  120,  100,   50,   50,   50,   50,   25,   25,   25,   25, -999,  34.38,  34.53,  34.54,  34.50,  34.44,  34.46,  34.47,  34.48,  34.50,  34.53,  34.54,  34.54,  34.52,  34.51,  34.53,  34.55,  34.56,  34.50,  34.48,  34.55,  34.57,  34.51,  34.38,  34.41,  34.63,  34.41,  34.37,  34.36,  34.38,  34.38,  34.37
20050824, 1200,  , HU, 30.7N, 136.9E, 100,  944,  110,  130,  100,  110,   50,   50,   50,   50,   25,   25,   25,   25, -999,  34.40,  34.38,  34.43,  34.51,  34.49,  34.49,  34.51,  34.52,  34.51,  34.49,  34.44,  34.45,  34.48,  34.50,  34.50,  34.47,  34.45,  34.48,  34.50,  34.48,  34.45,  34.45,  34.45,  34.44,  34.45,  34.45,  34.45,  34.47,  34.45,  34.43,  34.42
20050824, 1800,  , HU, 31.6N, 136.9E,  95,  949,  110,  130,  100,  110,   50,   50,   50,   50,   25,   25,   25,   25, -999,  34.44,  34.50,  34.46,  34.41,  34.37,  34.39,  34.34,  34.26,  34.30,  34.29,  34.38,  34.51,  34.33,  34.40,  34.42,  34.44,  34.44,  34.44,  34.59,  34.55,  34.52,  34.45,  34.45,  34.45,  34.48,  34.44,  34.49,  34.45,  34.27,  34.24,  34.26
20050825, 0000,  , HU, 32.5N, 137.0E,  95,  949,  110,  140,  120,  110,   50,   50,   50,   50,   25,   25,   25,   25, -999,  34.09,  34.32,  34.35,  34.37,  34.33,  34.37,  34.42,  34.23,  34.29,  34.42,  34.38,  34.27,  33.96,  34.08,  34.16,  34.22,  34.22,  34.23,  34.33,  34.46,  34.37,  34.38,  34.25,  34.30,  34.45,  34.29,  34.18,  34.25,  34.40,  34.39,  34.45
20050825, 0600,  , HU, 33.4N, 137.8E,  90,  954,  120,  100,   80,  120,   50,   50,   50,   50,   25,   25,   25,   25, -999,  34.33,  34.42,  34.42,  34.43,  34.30,  34.16,  34.07,  33.98,  34.23,  34.34,  34.40,  34.45,  34.39,  34.29,  34.30,  34.20,  34.19,  34.16,  34.16,  34.12,  34.13,  34.16,  34.21,  34.22,  34.22,  34.22,  34.23,  34.28,  34.30,  34.29,  34.28
20050825, 1200,  , HU, 34.4N, 138.6E,  90,  954,  120,  120,   90,  120,   50,   50,   50,   50,   25,   25,   25,   25, -999,  34.47,  34.48,  34.48,  34.48,  34.47,  34.47,  34.46,  34.45,  34.43,  34.43,  34.44,  34.45,  34.44,  34.44,  34.44,  34.45,  34.47,  34.45,  34.44,  34.44,  34.42,  34.41,  34.42,  34.44,  34.42,  34.41,  34.39,  34.39,  34.36,  34.38,  34.37
20050825, 1800,  , HU, 35.2N, 139.7E,  85,  958,  120,  120,   90,  100,   50,   50,   35,   40,   25,   25,   25,   25, -999,  34.57,  34.57,  34.58,  34.56,  34.57,  34.55,  34.55,  34.55,  34.53,  34.52,  34.52,  34.53,  34.52,  34.50,  34.52,  34.49,  34.36,  34.48,  34.45,  34.44,  34.45,  34.45,  34.47,  34.49,  34.49,  34.51,  34.51,  34.48,  34.49,  34.45,  34.47
20050826, 0000,  , HU, 35.9N, 141.0E,  75,  967,   90,   90,   60,   80,   35,   35,   20,   30,   15,   15,    5,   10, -999,  33.66,  33.68,  33.69,  33.83,  33.86,  33.87,  33.85,  33.88,  34.00,  34.26,  34.37,  34.43,  34.41,  34.42,  34.42,  34.36,  34.27,  34.21,  34.20,  34.21,  34.22,  34.23,  34.25,  34.25,  34.25,  34.25,  34.21,  34.20,  34.19,  34.24,  34.33
20050826, 0600,  , TS, 36.6N, 142.8E,  60,  980,   70,   70,   50,   50,   25,   25,   20,   20,    0,    0,    0,    0, -999,  34.47,  34.50,  34.49,  34.39,  34.25,  34.16,  34.14,  34.10,  34.09,  34.29,  34.00,  33.83,  33.70,  33.98,  33.76,  33.80,  33.88,  34.04,  34.28,  34.45,  34.45,  34.12,  33.82,  33.86,  33.96,  34.19,  34.12,  34.41,  34.50,  34.47,  34.44
20050826, 1200,  , TS, 37.2N, 144.7E,  60,  980,   70,   70,   30,   40,   20,   20,   10,   15,    0,    0,    0,    0, -999,  34.30,  34.20,  34.28,  34.31,  34.22,  34.27,  34.34,  34.34,  34.32,  34.30,  34.28,  34.26,  34.23,  34.04,  33.89,  33.81,  33.85,  33.92,  33.95,  33.96,  33.98,  33.98,  34.02,  34.00,  34.01,  34.06,  34.07,  34.03,  34.00,  34.00,  34.07
20050826, 1800,  , TS, 37.5N, 146.7E,  50,  987,   60,   60,   20,   30,    0,    0,    0,    0,    0,    0,    0,    0, -999,  34.06,  34.23,  34.22,  34.17,  34.35,  34.49,  34.36,  34.35,  34.36,  34.42,  34.38,  34.14,  34.42,  34.43,  34.57,  34.78,  34.50,  34.57,  34.58,  34.68,  34.72,  34.77,  34.89,  34.95,  34.94,  34.99,  34.98,  34.65,  34.66,  34.65,  34.50
20050827, 0000,  , EX, 37.5N, 148.2E,  50,  987,   60,   60,   20,   30,   15,   15,    5,   10,    0,    0,    0,    0, -999,  34.61,  34.55,  34.52,  34.57,  34.59,  34.58,  34.58,  34.53,  34.49,  34.58,  34.69,  34.62,  34.66,  34.59,  34.59,  34.62,  34.53,  34.61,  34.67,  34.38,  34.36,  34.36,  34.46,  34.64,  34.66,  34.37,  34.48,  34.26,  34.26,  34.44,  34.48
