WP112012,             DAMREY,     24,
20120728, 0600,  , TD, 25.9N, 146.5E,  20, 1007,    0,    0,    0,    0,    0,    0,    0,    0,    0,    0,    0,    0, -999,  35.07,  35.09,  35.03,  35.05,  35.03,  35.03,  35.09,  35.09,  35.05,  35.06,  35.07,  35.02,  35.02,  35.04,  35.05,  35.04,  35.02,  34.94,  34.90,  34.90,  34.90,  34.87,  34.86,  34.87,  34.86,  34.86,  34.85,  34.85,  34.84,  34.84,  34.84
20120728, 1200,  , TD, 25.8N, 146.3E,  25, 1004,    0,    0,    0,    0,    0,    0,    0,    0,    0,    0,    0,    0, -999,  35.05,  35.06,  35.05,  35.07,  35.06,  35.04,  35.09,  35.13,  35.13,  35.11,  35.11,  35.05,  35.02,  35.02,  35.03,  35.02,  35.02,  34.99,  34.98,  34.94,  34.88,  34.85,  34.84,  34.85,  34.86,  34.85,  34.85,  34.85,  34.85,  34.85,  34.84
20120728, 1800,  , TD, 25.8N, 146.1E,  25, 1004,    0,    0,    0,    0,    0,    0,    0,    0,    0,    0,    0,    0, -999,  35.04,  35.05,  35.07,  35.08,  35.08,  35.07,  35.06,  35.09,  35.11,  35.11,  35.11,  35.11,  35.09,  35.06,  35.03,  35.00,  35.05,  35.03,  34.93,  34.97,  34.92,  34.84,  34.86,  34.86,  34.86,  34.85,  34.83,  34.86,  34.85,  34.85,  34.84
20120729, 0000,  , TD, 25.8N, 145.9E,  25, 1004,    0,    0,    0,    0,    0,    0,    0,    0,    0,    0,    0,    0, -999,  35.06,  35.08,  35.06,  35.06,  35.08,  35.07,  35.07,  35.07,  35.07,  35.06,  35.10,  35.15,  35.19,  35.18,  35.11,  35.07,  34.98,  34.94,  34.97,  34.95,  34.87,  34.91,  34.92,  34.87,  34.81,  34.81,  34.82,  34.85,  34.86,  34.84,  34.84
20120729, 0600,  , TD, 25.7N, 145.7E,  30, 1000,    0,    0,    0,    0,    0,    0,    0,    0,    0,    0,    0,    0, -999,  35.05,  35.05,  35.04,  35.05,  35.05,  35.05,  35.05,  35.03,  35.03,  35.03,  35.02,  34.99,  35.05,  35.19,  35.14,  35.06,  35.02,  34.94,  34.96,  34.94,  34.87,  34.85,  34.95,  34.94,  34.86,  34.79,  34.78,  34.84,  34.86,  34.85,  34.84
20120729, 1200,  , TS, 25.5N, 145.6E,  35,  996,    0,    0,    0,    0,    0,    0,    0,    0,    0,    0,    0,    0, -999,  35.05,  35.06,  35.07,  35.03,  35.00,  34.98,  34.97,  34.96,  34.95,  34.94,  34.92,  34.90,  34.91,  34.95,  35.13,  35.12,  35.03,  34.96,  34.96,  34.95,  34.91,  34.86,  34.88,  34.97,  34.85,  34.77,  34.76,  34.75,  34.83,  34.86,  34.84
20120729, 1800,  , TS, 25.5N, 145.4E,  35,  996,    0,    0,    0,    0,    0,    0,    0,    0,    0,    0,    0,    0, -999,  35.06,  35.09,  35.10,  35.03,  34.97,  34.93,  34.93,  34.94,  34.95,  34.96,  34.96,  34.95,  34.96,  34.98,  34.99,  35.14,  35.04,  34.99,  34.96,  34.94,  34.92,  34.88,  34.90,  34.95,  34.84,  34.80,  34.76,  34.76,  34.81,  34.83,  34.85
20120730, 0000,  , TS, 25.5N, 145.1E,  35,  996,    0,    0,    0,    0,    0,    0,    0,    0,    0,    0,    0,    0, -999,  35.13,  35.08,  35.07,  35.10,  35.09,  35.07,  35.07,  35.08,  34.99,  34.90,  34.91,  34.95,  35.06,  35.06,  35.08,  35.06,  34.97,  35.00,  34.98,  34.93,  34.91,  34.91,  34.91,  34.92,  34.84,  34.87,  34.86,  34.80,  34.73,  34.77,  34.78
20120730, 0600,  , TS, 25.8N, 144.7E,  40,  993,   45,   45,   50,   50,    0,    0,    0,    0,    0,    0,    0,    0, -999,  35.11,  35.08,  35.04,  35.07,  35.10,  35.07,  35.03,  35.05,  35.07,  35.07,  35.05,  34.92,  35.01,  35.03,  35.07,  35.05,  34.95,  34.98,  35.00,  34.95,  34.92,  34.96,  34.97,  34.94,  34.92,  34.76,  34.72,  34.72,  34.73,  34.72,  34.73
20120730, 1200,  , TS, 26.6N, 143.7E,  40,  993,   45,   45,   50,   50,    0,    0,    0,    0,    0,    0,    0,    0, -999,  34.54,  34.58,  34.61,  34.61,  34.61,  34.60,  34.65,  34.88,  35.01,  34.95,  34.96,  34.98,  34.99,  34.96,  34.89,  34.70,  34.66,  34.66,  34.65,  34.67,  34.66,  34.65,  34.65,  34.65,  34.66,  34.64,  34.69,  34.71,  34.71,  34.68,  34.66
20120730, 1800,  , TS, 27.5N, 142.3E,  45,  989,   45,   45,   50,   50,    0,    0,    0,    0,    0,    0,    0,    0, -999,  34.50,  34.51,  34.53,  34.55,  34.54,  34.52,  34.49,  34.44,  34.41,  34.38,  34.37,  34.37,  34.39,  34.42,  34.46,  34.58,  34.59,  34.55,  34.58,  34.61,  34.56,  34.52,  34.46,  34.38,  34.35,  34.35,  34.35,  34.38,  34.40,  34.41,  34.47
20120731, 0000,  , TS, 28.1N, 140.6E,  45,  989,   45,   45,   50,   50,    0,    0,    0,    0,    0,    0,    0,    0, -999,  34.23,  34.28,  34.34,  34.34,  34.36,  34.33,  34.31,  34.30,  34.31,  34.31,  34.36,  34.28,  34.29,  34.31,  34.33,  34.33,  34.33,  34.33,  34.34,  34.36,  34.33,  34.38,  34.47,  34.51,  34.55,  34.52,  34.38,  34.36,  34.45,  34.55,  34.58
20120731, 0600,  , TS, 28.7N, 138.9E,  45,  989,   90,   60,   60,   90,    0,    0,    0,    0,    0,    0,    0,    0, -999,  34.63,  34.60,  34.69,  34.66,  34.56,  34.46,  34.42,  34.43,  34.45,  34.46,  34.46,  34.44,  34.41,  34.42,  34.41,  34.37,  34.34,  34.33,  34.35,  34.52,  34.50,  34.47,  34.46,  34.46,  34.46,  34.47,  34.47,  34.46,  34.45,  34.41,  34.40
20120731, 1200,  , TS, 29.1N, 137.0E,  50,  985,   90,   70,   70,   90,    0,    0,    0,    0,    0,    0,    0,    0, -999,  34.48,  34.39,  34.41,  34.45,  34.44,  34.43,  34.41,  34.36,  34.37,  34.36,  34.38,  34.50,  34.51,  34.38,  34.40,  34.38,  34.37,  34.39,  34.47,  34.52,  34.53,  34.50,  34.47,  34.41,  34.41,  34.41,  34.41,  34.38,  34.23,  34.18,  34.17
20120731, 1800,  , TS, 29.6N, 134.9E,  55,  982,   90,   70,   70,   90,   20,   20,   20,   20,    0,    0,    0,    0, -999,  34.45,  34.36,  34.38,  34.37,  34.39,  34.44,  34.48,  34.44,  34.38,  34.39,  34.39,  34.37,  34.36,  34.34,  34.35,  34.41,  34.54,  34.57,  34.52,  34.43,  34.47,  34.58,  34.54,  34.61,  34.52,  34.36,  34.42,  34.43,  34.37,  34.37,  34.36
20120801, 0000,  , TS, 30.1N, 132.7E,  60,  978,  120,   85,   85,  120,   25,   25,   25,   25,    0,    0,    0,    0, -999,  34.33,  34.27,  34.24,  34.25,  34.24,  34.23,  34.23,  34.17,  34.14,  34.15,  34.20,  34.24,  34.26,  34.33,  34.32,  34.25,  34.04,  33.92,  33.98,  34.05,  34.03,  33.72,  33.80,  34.12,  34.19,  34.38,  34.20,  34.28,  34.31,  33.87,  33.32
20120801, 0600,  , TS, 30.4N, 130.7E,  60,  978,  120,   85,   85,  120,   25,   25,   25,   25,    0,    0,    0,    0, -999,  33.94,  33.99,  34.02,  34.03,  34.00,  33.98,  33.95,  33.96,  33.94,  34.03,  34.05,  34.06,  34.01,  33.97,  33.97,  33.97,  34.00,  34.01,  34.02,  33.94,  34.00,  33.95,  33.81,  33.70,  33.64,  33.60,  33.57,  33.57,  33.57,  33.58,  33.62
20120801, 1200,  , HU, 31.0N, 128.9E,  65,  974,  120,   85,   85,  120,   25,   25,   25,   25,    0,    0,    0,    0, -999,  33.62,  33.69,  33.69,  33.62,  33.51,  33.51,  33.64,  33.66,  33.71,  33.68,  33.65,  33.63,  33.61,  33.64,  33.62,  33.60,  33.58,  33.55,  33.53,  33.48,  33.44,  33.42,  33.42,  33.41,  33.37,  33.36,  33.36,  33.41,  33.42,  33.34,  33.35
20120801, 1800,  , HU, 31.8N, 126.7E,  70,  970,  120,   85,   85,  120,   30,   30,   30,   30,   20,   20,   20,   20, -999,  32.29,  32.26,  32.12,  32.66,  32.89,  32.81,  32.74,  32.94,  32.95,  32.86,  33.04,  32.84,  32.70,  32.73,  33.01,  32.90,  32.71,  32.35,  32.55,  32.54,  32.20,  31.87,  31.80,  31.90,  31.98,  32.08,  32.11,  32.08,  31.88,  31.73,  32.03
20120802, 0000,  , HU, 32.7N, 124.4E,  80,  963,  120,   85,   85,  120,   30,   30,   30,   30,   15,   15,   15,   15, -999,  32.60,  32.62,  32.64,  32.57,  32.54,  32.44,  32.40,  32.41,  32.44,  32.47,  32.50,  32.54,  32.57,  32.63,  32.70,  32.69,  32.69,  32.73,  32.82,  32.87,  32.93,  33.00,  32.95,  32.96,  33.01,  33.01,  33.09,  33.04,  33.05,  33.07,  33.08
20120802, 0600,  , HU, 33.8N, 122.1E,  75,  967,  110,   90,   90,  125,   30,   30,   35,   35,   20,   20,   20,   20, -999,    nan,    nan,    nan,    nan,    nan,    nan,    nan,    nan,    nan,    nan,    nan,    nan,    nan,    nan,    nan,    nan,    nan,    nan,    nan,    nan,    nan,    nan,    nan,    nan,    nan,    nan,    nan,    nan,    nan,    nan,    nan
20120802, 1200,  , HU, 34.5N, 120.4E,  70,  970,   90,   70,  100,  110,   25,   25,   25,   25,    0,    0,    0,    0, -999,    nan,    nan,    nan,    nan,    nan,    nan,    nan,    nan,    nan,    nan,    nan,    nan,    nan,    nan,    nan,    nan,    nan,    nan,    nan,    nan,    nan,    nan,    nan,    nan,    nan,    nan,    nan,    nan,    nan,    nan,    nan
20120802, 1800,  , TS, 35.1N, 119.3E,  55,  982,   90,   70,  100,  110,   25,   25,   25,   25,    0,    0,    0,    0, -999,    nan,    nan,    nan,    nan,    nan,    nan,    nan,    nan,    nan,    nan,    nan,    nan,    nan,    nan,    nan,    nan,    nan,    nan,    nan,    nan,    nan,    nan,    nan,    nan,    nan,    nan,    nan,    nan,    nan,    nan,    nan
20120803, 0000,  , TS, 35.8N, 118.5E,  50,  985,   90,   70,  100,  110,    0,    0,    0,    0,    0,    0,    0,    0, -999,    nan,    nan,    nan,    nan,    nan,    nan,    nan,    nan,    nan,    nan,    nan,    nan,    nan,    nan,    nan,    nan,    nan,    nan,    nan,    nan,    nan,    nan,    nan,    nan,    nan,    nan,    nan,    nan,    nan,    nan,    nan
