WP112003,            UNNAMED,     40,
20030731, 0600,  , TD,  8.6N, 150.1E,  15, 1006,    0,    0,    0,    0,    0,    0,    0,    0,    0,    0,    0,    0, -999,  28.42,  28.36,  27.87,  28.39,  28.36,  28.28,  28.29,  28.30,  28.26,  28.41,  28.11,  28.21,  28.54,  28.68,  28.84,  28.66,  28.67,  28.80,  28.18,  28.05,  28.34,  28.49,  28.46,  28.52,  28.23,  28.47,  28.39,  28.56,  28.69,  28.45,  28.29
20030731, 1200,  , TD,  8.6N, 149.0E,  15, 1006,    0,    0,    0,    0,    0,    0,    0,    0,    0,    0,    0,    0, -999,  27.78,  27.31,  27.38,  28.55,  28.89,  28.98,  28.87,  28.96,  28.86,  29.00,  28.98,  29.07,  28.89,  28.86,  28.79,  28.26,  28.16,  27.70,  28.07,  28.60,  28.83,  28.87,  28.15,  28.76,  28.97,  28.79,  28.73,  28.89,  28.80,  28.58,  28.54
20030731, 1800,  , TD,  8.6N, 148.0E,  15, 1006,    0,    0,    0,    0,    0,    0,    0,    0,    0,    0,    0,    0, -999,  28.98,  28.88,  28.83,  28.18,  28.27,  28.91,  28.78,  28.70,  28.84,  29.08,  28.71,  28.58,  28.62,  28.68,  28.95,  29.02,  28.94,  28.81,  28.83,  28.87,  28.62,  29.06,  28.98,  29.01,  28.97,  28.93,  28.68,  28.77,  27.73,  27.69,  27.84
20030801, 0000,  , TD,  8.6N, 147.1E,  15, 1006,    0,    0,    0,    0,    0,    0,    0,    0,    0,    0,    0,    0, -999,  28.79,  28.75,  28.59,  27.68,  27.80,  27.81,  28.93,  28.65,  29.01,  28.47,  28.30,  28.23,  28.80,  28.90,  28.80,  28.72,  28.81,  28.82,  28.88,  28.44,  28.86,  28.80,  28.92,  28.74,  28.90,  28.73,  28.69,  28.73,  28.76,  28.66,  28.89
20030801, 0600,  , TD,  8.6N, 146.3E,  15, 1006,    0,    0,    0,    0,    0,    0,    0,    0,    0,    0,    0,    0, -999,  28.75,  28.79,  28.73,  28.46,  28.55,  28.60,  28.64,  28.51,  28.83,  28.32,  28.07,  27.67,  28.30,  28.95,  29.01,  28.93,  28.87,  28.88,  28.84,  28.40,  28.75,  28.69,  28.88,  28.66,  28.72,  28.73,  28.62,  28.33,  28.34,  28.33,  28.82
20030801, 1200,  , TD,  8.7N, 145.3E,  20, 1004,    0,    0,    0,    0,    0,    0,    0,    0,    0,    0,    0,    0, -999,  28.97,  29.06,  29.04,  28.76,  28.83,  29.00,  28.94,  28.49,  28.46,  28.58,  28.24,  27.60,  28.07,  29.14,  29.67,  29.58,  29.45,  26.67,  28.83,  28.80,  28.69,  28.95,  29.06,  28.66,  28.73,  28.93,  28.86,  28.81,  28.97,  29.00,  29.17
20030801, 1800,  , TD,  9.1N, 144.4E,  20, 1004,    0,    0,    0,    0,    0,    0,    0,    0,    0,    0,    0,    0, -999,  29.09,  29.11,  29.03,  28.89,  29.07,  29.19,  29.18,  28.79,  28.71,  28.85,  28.69,  28.35,  28.34,  29.01,  29.01,  29.19,  29.08,  28.95,  28.88,  28.50,  29.11,  28.93,  26.27,  26.64,  25.93,  27.24,  29.34,  29.34,  29.28,  28.80,  28.85
20030802, 0000,  , TD,  9.7N, 143.5E,  25, 1002,    0,    0,    0,    0,    0,    0,    0,    0,    0,    0,    0,    0, -999,  28.71,  28.78,  28.34,  29.01,  28.97,  28.70,  28.23,  28.19,  28.87,  28.91,  28.99,  28.96,  29.09,  29.22,  29.29,  29.17,  28.81,  28.80,  28.78,  28.75,  28.66,  28.92,  28.68,  28.72,  29.30,  29.34,  29.58,  29.58,  29.18,  29.10,  29.24
20030802, 0600,  , TD, 10.2N, 142.4E,  25, 1002,    0,    0,    0,    0,    0,    0,    0,    0,    0,    0,    0,    0, -999,  28.12,  28.21,  27.99,  27.49,  28.00,  27.65,  28.81,  27.62,  28.86,  28.80,  28.68,  29.02,  29.05,  29.29,  29.26,  29.11,  28.77,  28.66,  28.56,  28.53,  28.60,  28.91,  28.76,  28.57,  28.53,  28.90,  29.16,  29.19,  28.77,  28.92,  29.13
20030802, 1200,  , TD, 10.9N, 141.5E,  25, 1002,    0,    0,    0,    0,    0,    0,    0,    0,    0,    0,    0,    0, -999,  28.15,  28.40,  28.07,  27.75,  27.67,  27.49,  28.97,  28.87,  29.01,  29.05,  28.72,  28.96,  28.88,  29.07,  29.13,  29.11,  28.84,  28.71,  28.85,  28.67,  28.74,  28.87,  28.83,  28.77,  28.84,  28.88,  28.66,  28.89,  28.76,  28.87,  28.91
20030802, 1800,  , TD, 11.6N, 140.7E,  25, 1002,    0,    0,    0,    0,    0,    0,    0,    0,    0,    0,    0,    0, -999,  29.09,  29.09,  28.85,  28.09,  28.39,  29.16,  29.14,  29.04,  28.92,  28.96,  28.40,  28.30,  28.10,  28.05,  28.25,  28.47,  28.31,  27.52,  27.84,  27.84,  28.45,  29.09,  29.18,  29.00,  29.05,  29.01,  28.72,  28.70,  28.67,  28.93,  28.79
20030803, 0000,  , TD, 12.4N, 139.9E,  30, 1000,    0,    0,    0,    0,    0,    0,    0,    0,    0,    0,    0,    0, -999,  28.56,  28.67,  28.55,  28.37,  28.76,  28.87,  28.79,  28.78,  28.79,  28.78,  29.01,  28.99,  28.82,  28.79,  29.18,  28.98,  28.69,  28.78,  28.54,  28.04,  28.28,  28.20,  27.84,  28.36,  27.90,  28.91,  28.25,  29.22,  29.04,  29.04,  28.98
20030803, 0600,  , TS, 13.2N, 139.1E,  35,  997,    0,    0,    0,    0,    0,    0,    0,    0,    0,    0,    0,    0, -999,  28.31,  28.34,  28.24,  28.27,  28.21,  28.35,  28.27,  28.47,  28.48,  28.61,  28.50,  28.40,  28.46,  28.80,  28.79,  29.27,  28.36,  28.65,  28.50,  28.50,  28.57,  29.28,  28.40,  29.01,  28.46,  29.13,  29.16,  29.10,  29.06,  28.95,  28.91
20030803, 1200,  , TS, 14.0N, 138.6E,  45,  991,    0,    0,    0,    0,    0,    0,    0,    0,    0,    0,    0,    0, -999,  28.30,  28.52,  28.42,  28.44,  28.17,  28.34,  28.27,  28.57,  28.27,  28.30,  28.34,  28.22,  28.44,  28.78,  29.05,  28.83,  28.63,  28.80,  28.64,  28.96,  28.79,  28.56,  28.45,  28.33,  28.66,  29.51,  29.57,  28.75,  28.87,  28.68,  29.05
20030803, 1800,  , TS, 14.9N, 137.8E,  45,  991,   70,   70,   70,   70,    0,    0,    0,    0,    0,    0,    0,    0, -999,  28.60,  28.44,  28.48,  28.72,  29.34,  29.31,  29.34,  29.34,  29.16,  28.64,  28.62,  28.87,  28.96,  28.71,  28.97,  29.27,  29.41,  29.35,  29.23,  28.81,  29.34,  29.37,  29.49,  28.46,  28.36,  28.61,  28.19,  28.29,  28.16,  28.25,  28.37
20030804, 0000,  , TS, 15.7N, 136.6E,  55,  984,   85,   85,  115,  115,    0,    0,    0,    0,    0,    0,    0,    0, -999,  29.38,  29.26,  29.32,  29.22,  29.03,  28.88,  28.51,  28.60,  28.61,  28.66,  29.04,  29.23,  29.34,  29.11,  29.07,  29.25,  29.11,  29.20,  29.08,  29.14,  29.18,  29.22,  29.29,  29.30,  29.33,  29.24,  29.06,  28.82,  28.80,  28.62,  29.07
20030804, 0600,  , TS, 16.4N, 135.3E,  55,  984,   85,   85,  115,  115,    0,    0,    0,    0,    0,    0,    0,    0, -999,  28.03,  27.84,  28.20,  28.42,  28.07,  28.15,  27.82,  28.29,  28.35,  28.01,  27.96,  28.37,  28.19,  28.29,  28.39,  28.89,  28.50,  29.25,  28.61,  28.46,  28.74,  28.33,  28.73,  28.20,  27.58,  27.42,  27.44,  27.81,  27.87,  28.31,  28.56
20030804, 1200,  , TS, 17.1N, 134.0E,  55,  984,   85,   85,  115,  115,    0,    0,    0,    0,    0,    0,    0,    0, -999,  29.46,  29.07,  28.58,  28.39,  27.93,  28.44,  28.47,  28.94,  28.89,  28.86,  28.68,  28.64,  28.16,  27.88,  28.01,  28.11,  28.02,  28.01,  26.55,  27.95,  27.13,  27.18,  27.60,  27.12,  27.64,  27.37,  26.70,  26.80,  27.21,  27.32,  27.71
20030804, 1800,  , HU, 17.7N, 133.2E,  65,  976,   90,  100,  115,  100,    0,    0,    0,    0,    0,    0,    0,    0, -999,  27.98,  28.57,  29.16,  29.00,  28.55,  28.30,  28.73,  28.43,  28.69,  28.49,  28.87,  28.61,  28.11,  27.75,  27.92,  28.15,  28.14,  27.95,  26.69,  27.22,  27.35,  27.12,  27.81,  27.75,  27.47,  27.91,  27.79,  27.81,  27.82,  27.80,  27.69
20030805, 0000,  , HU, 18.3N, 132.3E,  80,  963,   90,  100,  115,  100,    0,    0,    0,    0,    0,    0,    0,    0, -999,  28.01,  27.99,  28.13,  28.47,  28.46,  28.83,  28.76,  28.69,  28.84,  29.24,  28.97,  28.80,  28.73,  29.32,  29.60,  28.68,  27.49,  28.29,  28.14,  27.60,  27.55,  27.52,  27.37,  27.20,  27.36,  26.48,  26.28,  27.01,  26.03,  27.00,  27.89
20030805, 0600,  , HU, 18.8N, 131.5E,  80,  963,  105,   90,   90,  110,    0,    0,    0,    0,    0,    0,    0,    0, -999,  28.52,  28.79,  28.39,  28.94,  28.47,  28.82,  29.03,  29.16,  29.33,  29.38,  29.28,  29.47,  29.35,  29.51,  28.77,  28.19,  27.54,  27.76,  27.74,  27.07,  26.72,  27.27,  27.14,  27.24,  27.43,  26.97,  26.68,  27.23,  26.85,  26.76,  26.98
20030805, 1200,  , HU, 19.5N, 130.8E,  85,  958,  105,   90,   90,  110,    0,    0,    0,    0,    0,    0,    0,    0, -999,  27.85,  28.42,  29.76,  29.15,  28.59,  28.42,  28.59,  28.85,  28.95,  29.28,  29.39,  29.41,  29.41,  29.88,  28.49,  28.04,  27.61,  28.45,  27.84,  27.28,  27.68,  27.05,  27.09,  27.23,  27.82,  27.77,  27.86,  27.87,  27.72,  27.89,  28.74
20030805, 1800,  , HU, 20.6N, 130.0E,  90,  954,  110,  110,  110,  100,    0,    0,    0,    0,    0,    0,    0,    0, -999,  25.91,  26.02,  26.09,  26.31,  25.91,  25.84,  25.80,  26.37,  27.71,  27.90,  28.15,  28.78,  29.20,  29.73,  29.27,  29.48,  29.79,  29.40,  28.84,  29.05,  29.06,  28.12,  27.52,  28.44,  28.31,  28.44,  28.44,  28.14,  28.04,  28.21,  28.52
20030806, 0000,  , HU, 21.7N, 129.3E,  95,  949,  120,  120,  120,  110,    0,    0,    0,    0,    0,    0,    0,    0, -999,  25.05,  25.37,  25.74,  25.90,  26.01,  26.07,  26.32,  26.45,  26.26,  26.36,  26.23,  26.12,  27.10,  27.53,  27.63,  27.78,  27.21,  27.57,  26.48,  26.54,  27.74,  27.63,  27.12,  28.07,  28.36,  28.44,  28.20,  28.30,  28.00,  27.82,  28.18
20030806, 0600,  , HU, 22.9N, 128.8E,  95,  949,  120,  120,  120,  110,    0,    0,    0,    0,    0,    0,    0,    0, -999,  26.86,  27.43,  27.72,  27.53,  27.78,  27.76,  27.52,  27.60,  27.68,  27.36,  27.20,  27.45,  27.64,  28.03,  28.44,  28.49,  26.50,  26.63,  27.57,  27.28,  27.08,  27.12,  27.41,  27.53,  27.37,  27.19,  27.22,  27.85,  27.86,  27.75,  27.49
20030806, 1200,  , HU, 24.1N, 128.6E,  95,  949,  120,  120,  120,  110,    0,    0,    0,    0,    0,    0,    0,    0, -999,  27.28,  27.31,  26.81,  26.55,  26.47,  26.50,  26.64,  26.64,  26.89,  27.00,  27.00,  26.91,  26.84,  27.16,  27.29,  27.18,  25.86,  27.19,  26.58,  26.11,  26.02,  25.77,  25.59,  25.54,  25.47,  25.71,  25.74,  25.92,  25.84,  25.99,  26.14
20030806, 1800,  , HU, 25.3N, 128.4E, 100,  944,  120,  120,  120,  110,    0,    0,    0,    0,    0,    0,    0,    0, -999,  25.78,  25.99,  26.01,  25.89,  25.82,  25.85,  25.63,  25.81,  25.73,  25.57,  25.74,  25.96,  26.19,  26.33,  26.58,  26.62,  25.63,  26.03,  24.91,  24.70,  25.67,  26.28,  26.32,  26.78,  26.65,  26.08,  25.90,  26.11,  26.90,  26.69,  26.45
20030807, 0000,  , HU, 26.5N, 128.2E, 110,  933,  210,  270,  190,  200,    0,    0,    0,    0,    0,    0,    0,    0, -999,  25.67,  25.73,  25.54,  25.52,  25.38,  25.24,  25.37,  25.46,  25.64,  26.01,  26.08,  26.07,  26.24,  26.38,  26.22,  27.29,  25.34,  25.81,  25.66,  25.71,  25.41,  25.43,  25.51,  25.77,  26.00,  25.94,  26.27,  26.58,  26.57,  26.48,  26.60
20030807, 0600,  , HU, 27.4N, 128.5E, 110,  933,  210,  270,  190,  200,    0,    0,    0,    0,    0,    0,    0,    0, -999,  26.00,  25.98,  26.00,  25.98,  25.79,  26.02,  26.16,  26.13,  26.03,  25.77,  25.74,  26.07,  26.27,  26.16,  26.00,  26.10,  27.34,  27.74,  27.44,  26.20,  25.05,  25.33,  25.02,  25.44,  25.84,  26.38,  26.75,  26.73,  26.66,  26.38,  26.29
20030807, 1200,  , HU, 28.3N, 129.5E, 110,  933,  200,  250,  200,  200,    0,    0,    0,    0,    0,    0,    0,    0, -999,  26.42,  26.73,  26.72,  26.99,  26.63,  26.65,  26.97,  27.13,  27.07,  26.49,  25.90,  26.03,  26.41,  26.64,  26.78,  27.15,  27.18,  27.15,  26.34,  25.97,  24.81,  24.60,  25.01,  25.03,  25.16,  25.62,  25.91,  26.22,  26.30,  26.32,  25.60
20030807, 1800,  , HU, 29.3N, 130.8E, 105,  938,  200,  250,  200,  200,    0,    0,    0,    0,    0,    0,    0,    0, -999,  25.53,  25.71,  26.13,  26.28,  26.41,  26.18,  26.31,  26.46,  26.59,  26.63,  26.31,  26.07,  26.10,  26.70,  27.78,  26.80,  28.23,  27.88,  27.62,  26.92,  26.56,  26.23,  26.18,  26.06,  26.03,  26.06,  25.81,  26.14,  26.17,  26.12,  26.22
20030808, 0000,  , HU, 30.7N, 132.0E, 100,  944,  180,  230,  210,  180,    0,    0,    0,    0,    0,    0,    0,    0, -999,  25.28,  24.87,  25.11,  25.21,  25.43,  25.71,  25.03,  24.85,  25.45,  26.55,  26.72,  26.45,  26.45,  26.08,  25.78,  25.15,  24.03,  27.64,  26.90,  26.90,  26.43,  26.25,  25.62,  25.75,  25.60,  25.51,  26.07,  25.76,  25.55,  25.39,  25.27
20030808, 0600,  , HU, 32.0N, 133.0E,  90,  954,  180,  230,  210,  180,    0,    0,    0,    0,    0,    0,    0,    0, -999,  25.40,  24.90,  25.38,  25.04,  24.93,  25.03,  24.86,  25.15,  25.14,  25.24,  25.23,  25.28,  25.52,  25.39,  25.51,  25.79,  24.01,  22.61,  23.69,  26.79,  26.83,  23.37,  24.54,  24.90,  25.03,  24.90,  25.45,  25.02,  25.54,  25.68,  25.87
20030808, 1200,  , HU, 33.2N, 134.0E,  90,  954,  180,  230,  180,  180,    0,    0,    0,    0,    0,    0,    0,    0, -999,  20.14,  20.48,  20.95,  20.61,  20.59,  21.10,  21.18,  21.00,  21.60,  21.13,  21.45,  21.44,  21.14,  21.20,  20.72,  21.64,  18.97,  19.88,  19.73,  19.58,  19.44,  19.44,  19.40,  20.02,  19.48,  19.45,  19.57,  20.26,  20.13,  20.44,  20.26
20030808, 1800,  , HU, 34.4N, 134.9E,  80,  963,  160,  200,  150,  130,    0,    0,    0,    0,    0,    0,    0,    0, -999,    nan,    nan,    nan,    nan,    nan,    nan,    nan,    nan,    nan,    nan,    nan,    nan,    nan,    nan,    nan,    nan,    nan,    nan,    nan,    nan,    nan,    nan,    nan,    nan,    nan,    nan,    nan,    nan,    nan,    nan,    nan
20030809, 0000,  , HU, 35.5N, 136.2E,  65,  976,    0,    0,    0,    0,    0,    0,    0,    0,    0,    0,    0,    0, -999,    nan,    nan,    nan,    nan,    nan,    nan,    nan,    nan,    nan,    nan,    nan,    nan,    nan,    nan,    nan,    nan,    nan,    nan,    nan,    nan,    nan,    nan,    nan,    nan,    nan,    nan,    nan,    nan,    nan,    nan,    nan
20030809, 0600,  , TS, 36.8N, 138.3E,  45,  991,    0,    0,    0,    0,    0,    0,    0,    0,    0,    0,    0,    0, -999,    nan,    nan,    nan,    nan,    nan,    nan,    nan,    nan,    nan,    nan,    nan,    nan,    nan,    nan,    nan,    nan,    nan,    nan,    nan,    nan,    nan,    nan,    nan,    nan,    nan,    nan,    nan,    nan,    nan,    nan,    nan
20030809, 1200,  , TS, 38.9N, 140.7E,  45,  991,    0,    0,    0,    0,    0,    0,    0,    0,    0,    0,    0,    0, -999,    nan,    nan,    nan,    nan,    nan,    nan,    nan,    nan,    nan,    nan,    nan,    nan,    nan,    nan,    nan,    nan,    nan,    nan,    nan,    nan,    nan,    nan,    nan,    nan,    nan,    nan,    nan,    nan,    nan,    nan,    nan
20030809, 1800,  , TD, 41.2N, 143.3E,  30, 1000,    0,    0,    0,    0,    0,    0,    0,    0,    0,    0,    0,    0, -999,   2.83,   3.33,   3.39,   3.77,   3.83,   4.39,   3.92,   3.10,   3.57,   4.18,   4.56,   3.47,   3.12,   3.33,   2.96,   2.70,   3.58,   3.40,   3.07,   4.07,   5.21,   4.66,   3.80,   4.31,   5.18,   5.26,   4.44,   3.18,   3.79,   4.38,   5.33
20030810, 0000,  , TD, 43.6N, 147.1E,  25, 1002,    0,    0,    0,    0,    0,    0,    0,    0,    0,    0,    0,    0, -999,   2.88,   2.52,   2.29,   2.30,   2.42,   2.83,   3.30,   3.72,   4.02,   3.55,   3.30,   3.28,   3.05,   2.85,   2.92,   3.10,   3.01,   3.16,   3.27,   3.46,   3.74,   3.23,   3.13,   2.52,   2.23,   2.13,   2.13,   2.05,   2.39,   2.23,   2.67
