WP112012,             DAMREY,     24,
20120728, 0600,  , TD, 25.9N, 146.5E,  20, 1007,    0,    0,    0,    0,    0,    0,    0,    0,    0,    0,    0,    0, -999,  22.16,  22.32,  22.65,  22.65,  22.08,  22.28,  22.16,  21.17,  20.75,  21.07,  20.35,  19.94,  20.10,  19.46,  19.37,  19.23,  19.65,  20.52,  20.97,  20.53,  20.12,  20.03,  19.82,  19.55,  19.30,  19.32,  19.66,  19.66,  20.05,  20.07,  19.96
20120728, 1200,  , TD, 25.8N, 146.3E,  25, 1004,    0,    0,    0,    0,    0,    0,    0,    0,    0,    0,    0,    0, -999,  22.56,  22.47,  22.71,  22.80,  22.38,  22.58,  22.71,  22.36,  21.76,  21.91,  21.00,  20.09,  20.23,  20.36,  19.99,  19.67,  19.83,  20.67,  20.93,  20.68,  20.29,  20.26,  19.98,  19.55,  19.20,  19.29,  19.81,  19.94,  20.01,  20.03,  19.97
20120728, 1800,  , TD, 25.8N, 146.1E,  25, 1004,    0,    0,    0,    0,    0,    0,    0,    0,    0,    0,    0,    0, -999,  23.07,  22.85,  22.88,  22.99,  22.86,  22.94,  23.02,  22.71,  22.54,  22.46,  22.15,  21.18,  20.56,  20.20,  20.59,  20.80,  20.70,  21.25,  21.24,  20.98,  20.39,  20.45,  19.95,  19.47,  19.12,  18.82,  19.81,  20.08,  20.24,  20.06,  19.95
20120729, 0000,  , TD, 25.8N, 145.9E,  25, 1004,    0,    0,    0,    0,    0,    0,    0,    0,    0,    0,    0,    0, -999,  22.79,  22.66,  22.81,  22.89,  23.16,  23.41,  23.22,  23.10,  22.65,  22.75,  22.37,  21.77,  21.31,  21.09,  21.36,  21.49,  21.71,  21.52,  21.31,  20.83,  20.88,  20.38,  19.74,  19.20,  18.14,  19.71,  20.10,  20.22,  20.21,  20.06,  20.30
20120729, 0600,  , TD, 25.7N, 145.7E,  30, 1000,    0,    0,    0,    0,    0,    0,    0,    0,    0,    0,    0,    0, -999,  23.06,  22.76,  22.71,  22.56,  22.69,  22.82,  22.62,  22.71,  22.78,  22.84,  22.57,  22.44,  22.48,  22.35,  21.76,  21.54,  21.82,  20.89,  20.89,  20.87,  20.55,  20.35,  20.29,  19.92,  18.33,  18.80,  20.02,  20.09,  20.03,  20.17,  20.19
20120729, 1200,  , TS, 25.5N, 145.6E,  35,  996,    0,    0,    0,    0,    0,    0,    0,    0,    0,    0,    0,    0, -999,  22.33,  22.36,  22.45,  22.45,  22.55,  22.85,  22.80,  23.13,  23.10,  23.09,  22.70,  22.58,  22.45,  22.32,  22.39,  21.79,  21.89,  21.25,  20.37,  20.39,  20.32,  20.43,  20.41,  20.33,  20.39,  18.28,  19.43,  20.33,  20.28,  19.94,  20.05
20120729, 1800,  , TS, 25.5N, 145.4E,  35,  996,    0,    0,    0,    0,    0,    0,    0,    0,    0,    0,    0,    0, -999,  22.15,  22.26,  22.41,  22.34,  22.43,  22.65,  22.72,  23.09,  23.21,  23.25,  23.06,  23.01,  22.64,  22.56,  22.29,  22.39,  21.91,  21.55,  21.19,  20.53,  20.33,  20.63,  20.79,  20.82,  20.81,  19.78,  20.27,  20.46,  20.52,  20.38,  20.36
20120730, 0000,  , TS, 25.5N, 145.1E,  35,  996,    0,    0,    0,    0,    0,    0,    0,    0,    0,    0,    0,    0, -999,  21.80,  21.88,  21.95,  22.05,  22.16,  22.32,  22.55,  22.57,  22.44,  22.15,  22.29,  22.41,  22.43,  22.44,  22.36,  22.46,  21.63,  21.45,  21.48,  21.29,  21.23,  21.17,  21.63,  21.25,  21.41,  21.85,  21.44,  21.29,  21.39,  21.83,  21.34
20120730, 0600,  , TS, 25.8N, 144.7E,  40,  993,   45,   45,   50,   50,    0,    0,    0,    0,    0,    0,    0,    0, -999,  21.25,  21.26,  21.64,  21.70,  21.82,  21.87,  22.06,  21.89,  21.79,  21.61,  21.45,  21.53,  21.71,  22.17,  22.18,  22.68,  22.15,  21.90,  21.76,  21.67,  21.63,  21.38,  21.37,  21.75,  21.96,  22.25,  21.25,  21.22,  21.33,  21.98,  22.10
20120730, 1200,  , TS, 26.6N, 143.7E,  40,  993,   45,   45,   50,   50,    0,    0,    0,    0,    0,    0,    0,    0, -999,  18.62,  18.50,  18.64,  18.78,  18.75,  19.13,  19.75,  20.35,  20.69,  20.89,  21.07,  20.70,  20.86,  21.25,  21.41,  21.42,  20.90,  20.80,  20.76,  21.02,  21.23,  20.96,  20.70,  20.43,  20.00,  20.04,  20.68,  21.56,  21.83,  22.12,  22.19
20120730, 1800,  , TS, 27.5N, 142.3E,  45,  989,   45,   45,   50,   50,    0,    0,    0,    0,    0,    0,    0,    0, -999,  18.34,  18.00,  17.98,  18.31,  18.38,  18.07,  18.57,  18.62,  18.20,  17.76,  17.80,  17.86,  17.91,  18.35,  18.33,  18.45,  17.83,  17.98,  17.92,  17.86,  17.67,  17.71,  17.37,  17.54,  17.82,  17.88,  18.51,  19.00,  19.26,  19.52,  19.30
20120731, 0000,  , TS, 28.1N, 140.6E,  45,  989,   45,   45,   50,   50,    0,    0,    0,    0,    0,    0,    0,    0, -999,  20.23,  20.60,  20.74,  20.27,  20.29,  20.54,  20.71,  20.78,  20.99,  21.31,  21.50,  21.52,  21.27,  21.23,  21.00,  21.00,  20.68,  20.70,  20.73,  20.88,  20.22,  19.86,  19.91,  20.27,  20.42,  20.70,  21.03,  20.75,  20.38,  19.89,  20.14
20120731, 0600,  , TS, 28.7N, 138.9E,  45,  989,   90,   60,   60,   90,    0,    0,    0,    0,    0,    0,    0,    0, -999,  20.49,  20.31,  20.37,  20.28,  20.43,  20.79,  21.20,  21.17,  21.11,  20.82,  20.61,  20.90,  21.27,  21.23,  21.14,  20.75,  20.38,  20.36,  20.54,  20.30,  20.01,  19.95,  20.49,  20.44,  20.49,  21.22,  21.46,  21.18,  21.10,  21.28,  21.32
20120731, 1200,  , TS, 29.1N, 137.0E,  50,  985,   90,   70,   70,   90,    0,    0,    0,    0,    0,    0,    0,    0, -999,  19.15,  19.33,  19.85,  19.73,  19.68,  19.53,  19.52,  19.41,  19.56,  20.24,  20.31,  20.58,  20.48,  20.71,  21.00,  21.44,  21.52,  21.84,  21.54,  21.52,  21.18,  20.75,  20.22,  19.70,  19.72,  19.76,  20.17,  20.30,  21.24,  21.62,  21.68
20120731, 1800,  , TS, 29.6N, 134.9E,  55,  982,   90,   70,   70,   90,   20,   20,   20,   20,    0,    0,    0,    0, -999,  20.93,  20.16,  19.22,  19.33,  19.67,  19.35,  20.78,  21.32,  21.57,  21.60,  21.70,  21.46,  21.43,  21.56,  21.61,  21.56,  22.06,  22.45,  22.38,  22.02,  21.91,  21.50,  21.38,  20.50,  20.93,  20.52,  21.13,  21.52,  21.98,  22.33,  22.03
20120801, 0000,  , TS, 30.1N, 132.7E,  60,  978,  120,   85,   85,  120,   25,   25,   25,   25,    0,    0,    0,    0, -999,  21.38,  21.12,  21.43,  21.75,  22.07,  21.98,  21.72,  21.50,  21.32,  21.60,  22.00,  22.70,  22.96,  23.23,  23.22,  23.33,  23.09,  23.11,  22.96,  23.13,  23.31,  23.62,  23.43,  23.04,  22.42,  22.43,  22.61,  22.98,  22.77,  21.53,  22.39
20120801, 0600,  , TS, 30.4N, 130.7E,  60,  978,  120,   85,   85,  120,   25,   25,   25,   25,    0,    0,    0,    0, -999,    nan,    nan,    nan,    nan,    nan,    nan,    nan,    nan,    nan,    nan,    nan,    nan,    nan,    nan,    nan,    nan,    nan,    nan,    nan,    nan,    nan,    nan,    nan,    nan,    nan,    nan,    nan,    nan,    nan,    nan,    nan
20120801, 1200,  , HU, 31.0N, 128.9E,  65,  974,  120,   85,   85,  120,   25,   25,   25,   25,    0,    0,    0,    0, -999,  20.79,  20.66,  21.00,  21.25,  21.61,  21.59,  21.53,  21.19,  20.97,  21.07,  21.19,  21.36,  21.30,  21.62,  22.08,  22.27,  21.92,  22.02,  22.04,  21.77,  21.59,  21.39,  21.53,  21.53,  21.52,  21.51,  21.53,  21.55,  21.70,  22.23,  22.39
20120801, 1800,  , HU, 31.8N, 126.7E,  70,  970,  120,   85,   85,  120,   30,   30,   30,   30,   20,   20,   20,   20, -999,  12.88,  12.60,  12.62,  13.28,  13.30,  13.01,  12.46,  12.27,  12.42,  12.14,  12.22,  12.38,  13.33,  14.06,  14.52,  14.18,  14.05,  14.38,  14.31,  14.28,  14.86,  15.39,  15.62,  15.56,  15.40,  15.51,  15.85,  16.05,  16.10,  16.01,  16.01
20120802, 0000,  , HU, 32.7N, 124.4E,  80,  963,  120,   85,   85,  120,   30,   30,   30,   30,   15,   15,   15,   15, -999,    nan,    nan,    nan,    nan,    nan,    nan,    nan,    nan,    nan,    nan,    nan,    nan,    nan,    nan,    nan,    nan,    nan,    nan,    nan,    nan,    nan,    nan,    nan,    nan,    nan,    nan,    nan,    nan,    nan,    nan,    nan
20120802, 0600,  , HU, 33.8N, 122.1E,  75,  967,  110,   90,   90,  125,   30,   30,   35,   35,   20,   20,   20,   20, -999,    nan,    nan,    nan,    nan,    nan,    nan,    nan,    nan,    nan,    nan,    nan,    nan,    nan,    nan,    nan,    nan,    nan,    nan,    nan,    nan,    nan,    nan,    nan,    nan,    nan,    nan,    nan,    nan,    nan,    nan,    nan
20120802, 1200,  , HU, 34.5N, 120.4E,  70,  970,   90,   70,  100,  110,   25,   25,   25,   25,    0,    0,    0,    0, -999,    nan,    nan,    nan,    nan,    nan,    nan,    nan,    nan,    nan,    nan,    nan,    nan,    nan,    nan,    nan,    nan,    nan,    nan,    nan,    nan,    nan,    nan,    nan,    nan,    nan,    nan,    nan,    nan,    nan,    nan,    nan
20120802, 1800,  , TS, 35.1N, 119.3E,  55,  982,   90,   70,  100,  110,   25,   25,   25,   25,    0,    0,    0,    0, -999,    nan,    nan,    nan,    nan,    nan,    nan,    nan,    nan,    nan,    nan,    nan,    nan,    nan,    nan,    nan,    nan,    nan,    nan,    nan,    nan,    nan,    nan,    nan,    nan,    nan,    nan,    nan,    nan,    nan,    nan,    nan
20120803, 0000,  , TS, 35.8N, 118.5E,  50,  985,   90,   70,  100,  110,    0,    0,    0,    0,    0,    0,    0,    0, -999,    nan,    nan,    nan,    nan,    nan,    nan,    nan,    nan,    nan,    nan,    nan,    nan,    nan,    nan,    nan,    nan,    nan,    nan,    nan,    nan,    nan,    nan,    nan,    nan,    nan,    nan,    nan,    nan,    nan,    nan,    nan
