WP112010,            MERANTI,     23,
20100906, 0600,  , DB, 23.9N, 124.8E,  15, 1010,    0,    0,    0,    0,    0,    0,    0,    0,    0,    0,    0,    0, -999,  34.69,  34.73,  34.75,  34.76,  34.79,  34.77,  34.80,  34.82,  34.80,  34.75,  34.72,  34.72,  34.76,  34.78,  34.70,  34.58,  34.67,  34.74,  34.66,  34.62,  34.62,  34.75,  34.67,  34.64,  34.66,  34.75,  34.83,  34.90,  34.99,  35.00,  34.74
20100906, 1200,  , DB, 23.2N, 124.7E,  15, 1010,    0,    0,    0,    0,    0,    0,    0,    0,    0,    0,    0,    0, -999,  34.81,  34.77,  34.76,  34.77,  34.78,  34.79,  34.76,  34.75,  34.74,  34.73,  34.77,  34.72,  34.70,  34.79,  34.80,  34.86,  34.89,  34.92,  34.82,  34.76,  34.85,  34.87,  34.75,  34.76,  34.81,  34.86,  34.86,  34.76,  34.78,  34.81,  34.77
20100906, 1800,  , DB, 22.8N, 124.3E,  15, 1010,    0,    0,    0,    0,    0,    0,    0,    0,    0,    0,    0,    0, -999,  34.64,  34.73,  34.79,  34.83,  34.81,  34.74,  34.68,  34.63,  34.66,  34.67,  34.65,  34.71,  34.85,  34.86,  34.84,  34.87,  34.88,  34.94,  34.92,  34.92,  34.83,  34.70,  34.78,  34.75,  34.69,  34.68,  34.71,  34.76,  34.76,  34.78,  34.78
20100907, 0000,  , TD, 22.5N, 123.8E,  20, 1007,    0,    0,    0,    0,    0,    0,    0,    0,    0,    0,    0,    0, -999,  34.66,  34.71,  34.67,  34.65,  34.76,  34.88,  34.85,  34.75,  34.63,  34.65,  34.71,  34.76,  34.80,  34.80,  34.79,  34.73,  34.79,  34.82,  34.83,  34.86,  34.79,  34.72,  34.77,  34.78,  34.78,  34.81,  34.95,  34.81,  34.81,  34.64,  34.80
20100907, 0600,  , DB, 22.3N, 123.2E,  20, 1005,    0,    0,    0,    0,    0,    0,    0,    0,    0,    0,    0,    0, -999,  34.51,  34.68,  34.78,  34.69,  34.61,  34.62,  34.61,  34.69,  34.83,  34.80,  34.67,  34.60,  34.61,  34.59,  34.53,  34.52,  34.68,  34.66,  34.66,  34.75,  34.77,  34.80,  34.85,  34.86,  34.91,  34.86,  34.81,  34.72,  34.77,  34.82,  34.91
20100907, 1200,  , DB, 22.1N, 122.3E,  20, 1005,    0,    0,    0,    0,    0,    0,    0,    0,    0,    0,    0,    0, -999,  34.79,  34.69,  34.76,  34.87,  34.94,  34.55,  34.67,  34.52,  34.56,  34.65,  34.72,  34.75,  34.70,  34.68,  34.47,  34.48,  34.66,  34.72,  34.70,  34.66,  34.65,  34.64,  34.61,  34.65,  34.71,  34.75,  34.67,  34.64,  34.62,  34.63,  34.73
20100907, 1800,  , TD, 21.6N, 121.4E,  25, 1004,    0,    0,    0,    0,    0,    0,    0,    0,    0,    0,    0,    0, -999,  34.70,  34.77,  34.70,  34.66,  34.67,  34.59,  34.75,  34.76,  34.71,  34.63,  34.57,  34.64,  34.76,  34.66,  34.64,  34.64,  34.57,  34.42,  34.21,  34.13,  34.53,  34.72,  34.67,  34.68,  34.58,  34.57,  34.65,  34.61,  34.60,  34.65,  34.62
20100908, 0000,  , TD, 21.1N, 120.6E,  30, 1000,    0,    0,    0,    0,    0,    0,    0,    0,    0,    0,    0,    0, -999,  34.52,  34.55,  34.56,  34.58,  34.78,  34.82,  34.68,  34.55,  34.62,  34.62,  34.55,  34.63,  34.57,  34.61,  34.54,  34.43,  33.86,  34.20,  34.62,  34.58,  34.53,  34.55,  34.52,  34.55,  34.50,  34.47,  34.39,  34.39,  34.43,  34.48,  34.19
20100908, 0600,  , TD, 20.8N, 120.1E,  30, 1000,    0,    0,    0,    0,    0,    0,    0,    0,    0,    0,    0,    0, -999,  34.48,  34.50,  34.53,  34.47,  34.57,  34.63,  34.58,  34.54,  34.59,  34.65,  34.62,  34.55,  34.52,  34.73,  34.69,  34.76,  34.63,  34.34,  34.30,  34.29,  34.05,  34.18,  34.24,  34.22,  34.27,  34.39,  34.46,  34.52,  34.70,  34.48,  34.30
20100908, 1200,  , TS, 20.6N, 119.5E,  35,  996,    0,    0,    0,    0,    0,    0,    0,    0,    0,    0,    0,    0, -999,  34.66,  34.51,  34.43,  34.43,  34.46,  34.48,  34.52,  34.44,  34.41,  34.39,  34.44,  34.55,  34.53,  34.48,  34.55,  34.57,  34.51,  34.45,  34.46,  34.45,  34.46,  34.54,  34.68,  34.75,  34.69,  34.69,  34.62,  34.60,  34.52,  34.39,  34.25
20100908, 1800,  , TS, 20.9N, 119.2E,  40,  993,    0,    0,    0,    0,    0,    0,    0,    0,    0,    0,    0,    0, -999,  34.61,  34.57,  34.53,  34.53,  34.59,  34.70,  34.77,  34.72,  34.76,  34.59,  34.51,  34.52,  34.55,  34.61,  34.58,  34.59,  34.63,  34.57,  34.57,  34.55,  34.53,  34.51,  34.62,  34.62,  34.61,  34.68,  34.70,  34.75,  34.69,  34.54,  34.47
20100909, 0000,  , TS, 21.4N, 119.4E,  45,  989,   50,   50,   50,   50,    0,    0,    0,    0,    0,    0,    0,    0, -999,  34.61,  34.75,  34.76,  34.69,  34.65,  34.61,  34.58,  34.51,  34.51,  34.49,  34.52,  34.63,  34.69,  34.78,  34.77,  34.73,  34.61,  34.59,  34.56,  34.52,  34.43,  34.58,  34.63,  34.67,  34.80,  34.73,  34.69,  34.68,  34.55,  34.58,  34.41
20100909, 0600,  , TS, 22.3N, 119.2E,  50,  985,   50,   50,   40,   45,    0,    0,    0,    0,    0,    0,    0,    0, -999,  34.77,  34.74,  34.78,  34.80,  34.78,  34.78,  34.78,  34.80,  34.80,  34.75,  34.65,  34.66,  34.65,  34.66,  34.66,  34.68,  34.69,  34.69,  34.68,  34.68,  34.67,  34.73,  34.79,  34.84,  34.87,  34.87,  34.86,  34.86,  34.88,  34.90,  34.67
20100909, 1200,  , HU, 23.2N, 119.0E,  65,  974,   50,   50,   35,   45,   15,   15,   15,   15,    0,    0,    0,    0, -999,    nan,    nan,    nan,    nan,    nan,    nan,    nan,    nan,    nan,    nan,    nan,    nan,    nan,    nan,    nan,    nan,    nan,    nan,    nan,    nan,    nan,    nan,    nan,    nan,    nan,    nan,    nan,    nan,    nan,    nan,    nan
20100909, 1800,  , HU, 24.3N, 118.7E,  65,  974,   45,   45,   30,   30,   15,   15,   15,   15,    0,    0,    0,    0, -999,    nan,    nan,    nan,    nan,    nan,    nan,    nan,    nan,    nan,    nan,    nan,    nan,    nan,    nan,    nan,    nan,    nan,    nan,    nan,    nan,    nan,    nan,    nan,    nan,    nan,    nan,    nan,    nan,    nan,    nan,    nan
20100910, 0000,  , TS, 25.6N, 118.7E,  50,  985,   45,   45,   30,   30,   15,   15,   15,   15,    0,    0,    0,    0, -999,    nan,    nan,    nan,    nan,    nan,    nan,    nan,    nan,    nan,    nan,    nan,    nan,    nan,    nan,    nan,    nan,    nan,    nan,    nan,    nan,    nan,    nan,    nan,    nan,    nan,    nan,    nan,    nan,    nan,    nan,    nan
20100910, 0600,  , TS, 26.8N, 118.7E,  40,  993,   45,   45,   30,   30,    0,    0,    0,    0,    0,    0,    0,    0, -999,    nan,    nan,    nan,    nan,    nan,    nan,    nan,    nan,    nan,    nan,    nan,    nan,    nan,    nan,    nan,    nan,    nan,    nan,    nan,    nan,    nan,    nan,    nan,    nan,    nan,    nan,    nan,    nan,    nan,    nan,    nan
20100910, 1200,  , TD, 27.8N, 119.2E,  30, 1000,    0,    0,    0,    0,    0,    0,    0,    0,    0,    0,    0,    0, -999,    nan,    nan,    nan,    nan,    nan,    nan,    nan,    nan,    nan,    nan,    nan,    nan,    nan,    nan,    nan,    nan,    nan,    nan,    nan,    nan,    nan,    nan,    nan,    nan,    nan,    nan,    nan,    nan,    nan,    nan,    nan
20100910, 1800,  , TD, 29.0N, 119.9E,  25, 1004,    0,    0,    0,    0,    0,    0,    0,    0,    0,    0,    0,    0, -999,    nan,    nan,    nan,    nan,    nan,    nan,    nan,    nan,    nan,    nan,    nan,    nan,    nan,    nan,    nan,    nan,    nan,    nan,    nan,    nan,    nan,    nan,    nan,    nan,    nan,    nan,    nan,    nan,    nan,    nan,    nan
20100911, 0000,  , DB, 30.3N, 120.7E,  20, 1007,    0,    0,    0,    0,    0,    0,    0,    0,    0,    0,    0,    0, -999,    nan,    nan,    nan,    nan,    nan,    nan,    nan,    nan,    nan,    nan,    nan,    nan,    nan,    nan,    nan,    nan,    nan,    nan,    nan,    nan,    nan,    nan,    nan,    nan,    nan,    nan,    nan,    nan,    nan,    nan,    nan
20100911, 0600,  , DB, 31.5N, 122.0E,  20, 1007,    0,    0,    0,    0,    0,    0,    0,    0,    0,    0,    0,    0, -999,    nan,    nan,    nan,    nan,    nan,    nan,    nan,    nan,    nan,    nan,    nan,    nan,    nan,    nan,    nan,    nan,    nan,    nan,    nan,    nan,    nan,    nan,    nan,    nan,    nan,    nan,    nan,    nan,    nan,    nan,    nan
20100911, 1200,  , DB, 32.6N, 123.8E,  20, 1007,    0,    0,    0,    0,    0,    0,    0,    0,    0,    0,    0,    0, -999,    nan,    nan,    nan,    nan,    nan,    nan,    nan,    nan,    nan,    nan,    nan,    nan,    nan,    nan,    nan,    nan,    nan,    nan,    nan,    nan,    nan,    nan,    nan,    nan,    nan,    nan,    nan,    nan,    nan,    nan,    nan
20100911, 1800,  , EX, 34.0N, 126.1E,  20, 1007,    0,    0,    0,    0,    0,    0,    0,    0,    0,    0,    0,    0, -999,    nan,    nan,    nan,    nan,    nan,    nan,    nan,    nan,    nan,    nan,    nan,    nan,    nan,    nan,    nan,    nan,    nan,    nan,    nan,    nan,    nan,    nan,    nan,    nan,    nan,    nan,    nan,    nan,    nan,    nan,    nan
