WP122020,             TWELVE,      9,
20200910, 0600,  , DB, 25.7N, 142.5E,  20, 1005,    0,    0,    0,    0,    0,    0,    0,    0,    0,    0,    0,    0, -999,  34.86,  34.86,  34.86,  34.83,  34.88,  34.89,  34.88,  34.82,  34.73,  34.91,  34.84,  34.76,  34.75,  34.76,  34.89,  34.89,  34.86,  34.82,  34.80,  34.81,  34.83,  34.82,  34.84,  34.79,  34.83,  34.83,  34.81,  34.77,  34.79,  34.89,  34.88
20200910, 1200,  , DB, 25.7N, 141.1E,  20, 1006,    0,    0,    0,    0,    0,    0,    0,    0,    0,    0,    0,    0, -999,  34.72,  34.70,  34.69,  34.67,  34.70,  34.70,  34.68,  34.66,  34.66,  34.65,  34.67,  34.71,  34.68,  34.71,  34.67,  34.64,  34.62,  34.61,  34.61,  34.63,  34.65,  34.65,  34.66,  34.69,  34.80,  34.86,  34.83,  34.79,  34.77,  34.78,  34.79
20200910, 1800,  , DB, 27.1N, 140.4E,  20, 1006,    0,    0,    0,    0,    0,    0,    0,    0,    0,    0,    0,    0, -999,  34.67,  34.68,  34.65,  34.67,  34.70,  34.67,  34.70,  34.70,  34.64,  34.56,  34.59,  34.61,  34.58,  34.58,  34.57,  34.61,  34.65,  34.66,  34.63,  34.61,  34.61,  34.62,  34.61,  34.66,  34.68,  34.70,  34.72,  34.70,  34.69,  34.68,  34.67
20200911, 0000,  , DB, 27.9N, 140.0E,  20, 1006,    0,    0,    0,    0,    0,    0,    0,    0,    0,    0,    0,    0, -999,  34.70,  34.67,  34.67,  34.67,  34.66,  34.65,  34.64,  34.63,  34.64,  34.64,  34.67,  34.66,  34.64,  34.64,  34.62,  34.59,  34.61,  34.61,  34.58,  34.58,  34.58,  34.64,  34.62,  34.59,  34.60,  34.56,  34.56,  34.55,  34.56,  34.60,  34.60
20200911, 0600,  , DB, 28.5N, 139.7E,  20, 1006,    0,    0,    0,    0,    0,    0,    0,    0,    0,    0,    0,    0, -999,  34.63,  34.67,  34.65,  34.65,  34.67,  34.65,  34.65,  34.65,  34.64,  34.62,  34.60,  34.64,  34.61,  34.59,  34.60,  34.58,  34.57,  34.57,  34.57,  34.57,  34.57,  34.56,  34.58,  34.59,  34.59,  34.61,  34.62,  34.56,  34.55,  34.53,  34.53
20200911, 1200,  , DB, 29.6N, 138.8E,  20, 1006,    0,    0,    0,    0,    0,    0,    0,    0,    0,    0,    0,    0, -999,  34.54,  34.56,  34.54,  34.51,  34.51,  34.54,  34.58,  34.52,  34.47,  34.47,  34.46,  34.46,  34.42,  34.42,  34.47,  34.53,  34.49,  34.44,  34.46,  34.47,  34.43,  34.38,  34.42,  34.48,  34.50,  34.51,  34.51,  34.47,  34.35,  34.40,  34.43
20200911, 1800,  , TD, 30.9N, 138.2E,  25, 1004,    0,    0,    0,    0,    0,    0,    0,    0,    0,    0,    0,    0, -999,  34.60,  34.58,  34.45,  34.45,  34.53,  34.56,  34.56,  34.56,  34.54,  34.45,  34.51,  34.40,  34.26,  34.39,  34.49,  34.49,  34.36,  34.27,  34.14,  34.12,  34.54,  34.12,  34.26,  34.35,  34.40,  34.30,  34.21,  34.14,  34.33,  34.36,  34.30
20200912, 0000,  , DB, 31.6N, 138.4E,  20, 1004,    0,    0,    0,    0,    0,    0,    0,    0,    0,    0,    0,    0, -999,  34.51,  34.52,  34.52,  34.51,  34.49,  34.46,  34.46,  34.50,  34.48,  34.43,  34.41,  34.38,  34.43,  34.49,  34.44,  34.38,  34.52,  34.52,  34.53,  34.50,  34.40,  34.42,  34.46,  34.41,  34.43,  34.45,  34.43,  34.40,  34.37,  34.30,  34.40
20200912, 0600,  , DB, 31.9N, 139.3E,  15, 1007,    0,    0,    0,    0,    0,    0,    0,    0,    0,    0,    0,    0, -999,  34.44,  34.49,  34.50,  34.43,  34.40,  34.41,  34.41,  34.48,  34.40,  34.35,  34.40,  34.41,  34.39,  34.44,  34.42,  34.38,  34.41,  34.42,  34.41,  34.41,  34.49,  34.48,  34.46,  34.42,  34.42,  34.39,  34.36,  34.36,  34.36,  34.37,  34.37
