WP122006,             SONAMU,     14,
20060813, 0600,  , DB, 17.0N, 126.5E,  15, 1006,    0,    0,    0,    0,    0,    0,    0,    0,    0,    0,    0,    0, -999,  34.33,  34.40,  34.38,  34.34,  34.33,  34.26,  34.24,  34.25,  34.25,  34.29,  34.38,  34.41,  34.43,  34.41,  34.39,  34.36,  34.36,  34.33,  34.33,  34.33,  34.39,  34.42,  34.44,  34.49,  34.37,  34.31,  34.47,  34.46,  34.46,  34.40,  34.13
20060813, 1200,  , DB, 17.2N, 127.2E,  15, 1006,    0,    0,    0,    0,    0,    0,    0,    0,    0,    0,    0,    0, -999,  34.42,  34.48,  34.47,  34.34,  34.35,  34.35,  34.33,  34.32,  34.34,  34.37,  34.37,  34.31,  34.37,  34.32,  34.32,  34.35,  34.32,  34.32,  34.38,  34.39,  34.44,  34.46,  34.49,  34.51,  34.54,  34.49,  34.48,  34.46,  34.38,  34.41,  34.16
20060813, 1800,  , DB, 17.4N, 128.4E,  25, 1002,    0,    0,    0,    0,    0,    0,    0,    0,    0,    0,    0,    0, -999,  34.34,  34.39,  34.41,  34.43,  34.39,  34.32,  34.32,  34.34,  34.35,  34.36,  34.37,  34.43,  34.46,  34.47,  34.47,  34.47,  34.45,  34.42,  34.37,  34.33,  34.36,  34.40,  34.39,  34.39,  34.40,  34.42,  34.55,  34.69,  34.72,  34.68,  34.51
20060814, 0000,  , TD, 18.0N, 129.9E,  30, 1000,    0,    0,    0,    0,    0,    0,    0,    0,    0,    0,    0,    0, -999,  34.38,  34.41,  34.40,  34.40,  34.44,  34.43,  34.42,  34.51,  34.52,  34.50,  34.53,  34.53,  34.51,  34.42,  34.42,  34.52,  34.52,  34.47,  34.41,  34.40,  34.42,  34.40,  34.34,  34.33,  34.27,  34.40,  34.53,  34.54,  34.71,  34.80,  34.86
20060814, 0600,  , TS, 18.7N, 131.3E,  40,  994,   60,   60,   70,   70,    0,    0,    0,    0,    0,    0,    0,    0, -999,  34.45,  34.52,  34.43,  34.45,  34.48,  34.48,  34.40,  34.43,  34.40,  34.43,  34.49,  34.53,  34.59,  34.52,  34.63,  34.62,  34.82,  34.76,  34.41,  34.60,  34.79,  34.77,  34.79,  34.78,  34.77,  34.75,  34.76,  34.77,  34.76,  34.73,  34.68
20060814, 1200,  , TS, 19.8N, 132.4E,  40,  994,   60,   70,   70,   60,    0,    0,    0,    0,    0,    0,    0,    0, -999,  34.88,  34.84,  34.83,  34.83,  34.85,  34.86,  34.93,  34.97,  34.98,  34.95,  34.95,  34.95,  34.94,  34.93,  34.91,  34.89,  34.88,  34.90,  34.88,  34.92,  34.95,  34.97,  34.96,  34.94,  34.88,  34.88,  34.87,  34.89,  34.89,  34.90,  34.91
20060814, 1800,  , TS, 20.2N, 133.9E,  45,  991,   60,   70,   70,   60,    0,    0,    0,    0,    0,    0,    0,    0, -999,  34.77,  34.77,  34.75,  34.75,  34.80,  34.89,  34.77,  34.83,  34.78,  34.74,  34.69,  34.71,  34.77,  34.75,  34.73,  34.74,  34.76,  34.75,  34.75,  34.78,  34.83,  34.86,  34.88,  34.94,  34.97,  34.97,  35.02,  34.97,  34.90,  34.87,  34.78
20060815, 0000,  , TS, 21.0N, 135.6E,  45,  991,   80,   90,   90,   80,    0,    0,    0,    0,    0,    0,    0,    0, -999,  34.59,  34.66,  34.69,  34.70,  34.73,  34.73,  34.70,  34.64,  34.65,  34.71,  34.76,  34.81,  34.88,  34.94,  34.94,  34.94,  34.93,  34.91,  34.90,  34.90,  34.89,  34.88,  34.90,  34.92,  34.89,  34.89,  34.89,  34.89,  34.91,  34.95,  34.96
20060815, 0600,  , TS, 22.4N, 137.2E,  45,  991,   90,   90,   80,   80,    0,    0,    0,    0,    0,    0,    0,    0, -999,  35.02,  35.03,  35.00,  34.95,  34.82,  34.75,  34.92,  34.97,  34.89,  34.81,  34.85,  34.88,  34.90,  34.93,  34.96,  35.06,  35.10,  35.09,  35.07,  35.08,  35.01,  34.98,  34.92,  34.84,  34.92,  34.86,  34.89,  34.92,  34.90,  34.93,  34.93
20060815, 1200,  , TS, 23.9N, 139.1E,  40,  994,   90,   90,   80,   80,    0,    0,    0,    0,    0,    0,    0,    0, -999,  34.98,  34.94,  34.96,  34.92,  34.85,  34.84,  34.78,  34.66,  34.71,  34.77,  34.78,  34.81,  34.77,  34.73,  34.64,  34.70,  34.76,  34.80,  34.73,  34.74,  34.81,  34.75,  34.75,  34.74,  34.83,  34.89,  34.93,  34.93,  34.94,  34.90,  34.81
20060815, 1800,  , TS, 26.9N, 140.4E,  35,  997,    0,    0,    0,    0,    0,    0,    0,    0,    0,    0,    0,    0, -999,  34.80,  34.80,  34.77,  34.75,  34.79,  34.93,  34.91,  34.92,  34.84,  34.74,  34.67,  34.62,  34.71,  34.76,  34.76,  34.79,  34.81,  34.82,  34.76,  34.70,  34.67,  34.70,  34.68,  34.69,  34.76,  34.79,  34.81,  34.84,  34.83,  34.85,  34.86
20060816, 0000,  , TD, 30.2N, 140.3E,  30, 1000,    0,    0,    0,    0,    0,    0,    0,    0,    0,    0,    0,    0, -999,  34.66,  34.72,  34.82,  34.90,  34.92,  34.86,  34.83,  34.80,  34.82,  34.82,  34.70,  34.61,  34.72,  34.70,  34.82,  34.74,  34.76,  34.80,  34.88,  34.87,  34.82,  34.83,  34.84,  34.90,  34.94,  34.74,  34.50,  34.60,  34.72,  34.84,  35.02
20060816, 0600,  , TD, 32.3N, 137.8E,  25, 1002,    0,    0,    0,    0,    0,    0,    0,    0,    0,    0,    0,    0, -999,  34.65,  34.55,  34.33,  34.21,  34.19,  34.21,  34.33,  34.57,  34.65,  34.59,  34.56,  34.43,  34.39,  34.39,  34.45,  34.44,  34.51,  34.64,  34.77,  34.65,  34.43,  34.50,  34.76,  34.81,  34.60,  34.24,  34.46,  34.57,  34.39,  34.36,  34.41
20060816, 1200,  , DB, 32.7N, 134.4E,  20, 1004,    0,    0,    0,    0,    0,    0,    0,    0,    0,    0,    0,    0, -999,  34.41,  34.49,  34.42,  34.47,  34.41,  34.39,  34.49,  34.41,  34.40,  34.35,  34.39,  34.40,  34.46,  34.41,  34.41,  34.42,  34.39,  34.33,  34.40,  34.40,  34.49,  34.49,  34.60,  34.38,  34.32,  34.35,  34.41,  34.40,  34.42,  34.30,  34.38
