WP122023,          YUN-YEUNG,     22,
20230904, 0000,  , DB, 20.3N, 130.0E,  15, 1010,    0,    0,    0,    0,    0,    0,    0,    0,    0,    0,    0,    0, -999,  24.08,  24.34,  24.13,  23.76,  23.75,  23.32,  23.58,  23.61,  23.80,  23.85,  23.72,  23.50,  23.45,  23.23,  23.40,  23.52,  23.20,  22.67,  22.73,  22.78,  23.14,  23.47,  23.69,  23.66,  23.20,  22.98,  22.99,  23.44,  23.56,  23.95,  24.26
20230904, 0600,  , DB, 20.8N, 130.3E,  20, 1007,    0,    0,    0,    0,    0,    0,    0,    0,    0,    0,    0,    0, -999,  24.27,  24.38,  24.30,  24.13,  23.87,  23.57,  23.68,  23.73,  23.65,  23.63,  23.68,  23.52,  23.53,  23.32,  23.40,  23.39,  23.18,  23.02,  23.16,  23.74,  23.84,  24.11,  24.06,  23.85,  23.27,  23.25,  23.25,  24.12,  24.39,  24.66,  24.64
20230904, 1200,  , DB, 21.2N, 130.6E,  20, 1006,    0,    0,    0,    0,    0,    0,    0,    0,    0,    0,    0,    0, -999,  23.20,  23.61,  23.64,  23.35,  23.47,  23.17,  22.87,  23.09,  23.28,  23.27,  23.48,  23.55,  23.46,  23.27,  23.33,  23.48,  23.57,  23.29,  23.68,  23.75,  23.64,  23.46,  23.65,  23.69,  22.96,  23.10,  23.17,  24.08,  24.20,  24.30,  24.32
20230904, 1800,  , DB, 21.3N, 131.0E,  20, 1006,    0,    0,    0,    0,    0,    0,    0,    0,    0,    0,    0,    0, -999,  22.82,  23.18,  23.41,  22.94,  23.07,  22.99,  23.23,  23.53,  23.62,  23.91,  24.07,  23.93,  23.79,  23.71,  23.79,  23.52,  23.27,  23.30,  23.54,  23.95,  23.65,  23.23,  23.15,  23.49,  23.28,  23.36,  23.50,  23.69,  23.07,  23.14,  22.90
20230905, 0000,  , DB, 21.3N, 131.5E,  20, 1007,    0,    0,    0,    0,    0,    0,    0,    0,    0,    0,    0,    0, -999,  23.89,  23.64,  23.49,  23.51,  24.00,  24.12,  24.27,  24.11,  24.03,  23.96,  23.97,  23.95,  23.91,  23.89,  23.99,  23.54,  22.76,  23.40,  23.68,  23.75,  23.27,  23.37,  22.99,  22.71,  22.93,  22.50,  22.82,  22.52,  22.73,  22.70,  22.59
20230905, 0600,  , DB, 21.6N, 131.6E,  20, 1006,    0,    0,    0,    0,    0,    0,    0,    0,    0,    0,    0,    0, -999,  23.60,  23.59,  23.51,  23.38,  23.70,  23.90,  24.20,  24.12,  24.02,  23.89,  24.08,  24.10,  24.12,  24.13,  24.51,  23.50,  23.27,  23.66,  23.98,  23.43,  23.19,  22.36,  22.38,  22.75,  23.07,  22.57,  22.58,  22.46,  22.75,  22.60,  22.54
20230905, 1200,  , TD, 21.9N, 131.7E,  25, 1006,    0,    0,    0,    0,    0,    0,    0,    0,    0,    0,    0,    0, -999,  23.33,  23.32,  23.09,  23.21,  23.49,  23.43,  23.77,  23.89,  23.85,  23.60,  23.77,  23.78,  23.99,  24.51,  24.32,  23.94,  23.21,  24.04,  23.98,  23.45,  22.68,  22.54,  22.55,  23.23,  23.31,  22.61,  22.59,  22.80,  23.10,  23.17,  22.70
20230905, 1800,  , TD, 23.6N, 132.6E,  30, 1003,    0,    0,    0,    0,    0,    0,    0,    0,    0,    0,    0,    0, -999,  23.54,  23.80,  23.60,  23.08,  23.35,  23.27,  23.35,  23.41,  23.29,  22.93,  23.02,  22.71,  22.37,  23.75,  23.72,  23.60,  23.00,  23.27,  23.52,  23.82,  23.87,  23.70,  23.92,  23.91,  23.56,  23.49,  23.38,  23.28,  23.08,  23.26,  22.75
20230906, 0000,  , TS, 25.8N, 133.2E,  35,  999,    0,   25,    0,    0,    0,    0,    0,    0,    0,    0,    0,    0, -999,  21.73,  21.71,  21.44,  21.45,  20.92,  21.20,  21.08,  21.21,  21.64,  22.17,  22.32,  22.58,  22.28,  22.65,  22.48,  22.59,  22.66,  23.34,  23.01,  22.62,  22.65,  22.46,  22.19,  22.10,  21.85,  22.12,  22.00,  22.04,  22.06,  21.81,  22.45
20230906, 0600,  , TS, 26.5N, 134.1E,  35,  999,    0,   50,    0,    0,    0,    0,    0,    0,    0,    0,    0,    0, -999,  22.06,  21.77,  21.59,  21.46,  21.16,  21.10,  21.39,  21.02,  21.10,  21.04,  21.07,  20.92,  20.81,  20.59,  20.38,  20.24,  20.31,  20.34,  19.97,  19.96,  20.21,  20.32,  20.18,  19.97,  19.82,  19.75,  19.77,  19.93,  19.95,  20.21,  20.88
20230906, 1200,  , TS, 27.6N, 134.7E,  40,  995,   80,   90,    0,    0,    0,    0,    0,    0,    0,    0,    0,    0, -999,  21.48,  21.16,  20.65,  20.63,  20.24,  20.06,  20.04,  19.76,  19.63,  19.80,  19.75,  19.81,  20.18,  20.36,  20.31,  20.48,  20.82,  21.03,  20.70,  20.82,  20.73,  20.59,  19.80,  19.33,  18.88,  18.82,  18.86,  18.89,  18.96,  19.40,  20.02
20230906, 1800,  , TS, 28.7N, 135.9E,  40,  994,   80,   90,    0,    0,    0,    0,    0,    0,    0,    0,    0,    0, -999,  22.36,  22.07,  22.33,  21.96,  21.92,  21.55,  21.36,  21.18,  21.28,  21.65,  21.81,  22.19,  22.03,  22.00,  21.75,  21.78,  21.90,  21.97,  22.47,  22.31,  22.32,  22.24,  21.79,  21.63,  21.43,  21.54,  21.56,  21.74,  21.88,  22.08,  22.04
20230907, 0000,  , TS, 29.8N, 136.5E,  40,  994,   40,  100,    0,    0,    0,    0,    0,    0,    0,    0,    0,    0, -999,  21.96,  22.61,  22.89,  22.69,  22.30,  22.02,  21.50,  21.94,  21.93,  21.76,  21.88,  21.99,  22.69,  22.72,  22.52,  22.12,  22.19,  23.23,  23.29,  23.79,  23.12,  23.64,  23.73,  23.39,  23.48,  23.20,  22.97,  22.70,  23.23,  23.32,  23.89
20230907, 0600,  , TS, 30.8N, 137.0E,  40,  993,   60,  100,    0,    0,    0,    0,    0,    0,    0,    0,    0,    0, -999,  21.11,  21.87,  21.48,  23.16,  22.66,  21.77,  21.33,  21.44,  21.59,  22.35,  23.03,  22.33,  22.94,  22.69,  22.68,  23.50,  22.14,  22.93,  22.55,  21.69,  20.84,  20.24,  20.10,  21.53,  19.87,  19.66,  20.00,  19.68,  19.43,  19.88,  20.48
20230907, 1200,  , TS, 31.8N, 137.1E,  45,  991,   80,   80,    0,   80,    0,    0,    0,    0,    0,    0,    0,    0, -999,  15.74,  15.44,  15.96,  15.55,  16.17,  16.20,  15.69,  16.25,  16.13,  16.04,  16.31,  16.24,  16.06,  16.11,  15.68,  16.07,  15.92,  15.36,  15.86,  15.79,  15.42,  15.35,  15.43,  15.65,  15.39,  14.93,  15.07,  14.28,  14.28,  13.23,  13.70
20230907, 1800,  , TS, 32.6N, 137.2E,  40,  994,  100,   65,    0,   60,    0,    0,    0,    0,    0,    0,    0,    0, -999,  16.27,  16.45,  16.23,  15.20,  15.89,  15.38,  15.67,  15.82,  16.22,  16.02,  16.09,  15.73,  15.99,  16.19,  16.51,  16.42,  16.79,  17.48,  17.92,  16.82,  16.72,  17.65,  17.98,  17.10,  16.54,  16.13,  16.20,  16.00,  15.78,  15.52,  15.49
20230908, 0000,  , TS, 32.7N, 137.1E,  35,  994,  120,   50,    0,   60,    0,    0,    0,    0,    0,    0,    0,    0, -999,  16.45,  16.23,  15.20,  15.89,  15.38,  15.67,  15.82,  16.22,  16.02,  16.09,  15.73,  15.99,  16.19,  16.51,  16.42,  16.79,  17.48,  17.92,  16.82,  16.72,  17.65,  17.98,  17.10,  16.54,  16.13,  16.20,  16.00,  15.78,  15.52,  15.49,  15.14
20230908, 0600,  , TD, 32.7N, 137.6E,  30,  990,    0,    0,    0,    0,    0,    0,    0,    0,    0,    0,    0,    0, -999,  18.41,  18.59,  18.66,  19.31,  19.18,  19.27,  20.36,  20.16,  19.13,  18.98,  18.76,  19.48,  19.91,  19.57,  20.54,  20.14,  19.48,  20.41,  20.21,  18.53,  19.29,  19.42,  18.03,  17.93,  17.41,  17.69,  16.20,  16.12,  15.91,  15.66,  15.73
20230908, 1200,  , TD, 33.5N, 138.0E,  25,  988,    0,    0,    0,    0,    0,    0,    0,    0,    0,    0,    0,    0, -999,  21.81,  21.11,  20.71,  20.54,  21.62,  21.03,  20.34,  20.53,  19.98,  20.52,  21.21,  20.72,  22.07,  21.46,  22.48,  21.92,  21.26,  21.70,  21.90,  21.95,  22.36,  21.79,  22.38,  22.03,  21.45,  21.39,  21.46,  21.06,  21.93,  22.13,  22.19
20230908, 1800,  , DB, 34.2N, 138.3E,  20,  989,    0,    0,    0,    0,    0,    0,    0,    0,    0,    0,    0,    0, -999,  18.85,  19.46,  20.24,  19.96,  19.64,  19.70,  19.79,  19.75,  19.50,  19.84,  19.74,  20.84,  21.50,  20.96,  21.32,  21.35,  20.83,  20.65,  20.88,  21.11,  21.22,  20.97,  21.63,  21.73,  21.71,  21.62,  21.10,  20.79,  20.82,  20.83,  20.35
20230909, 0000,  , DB, 34.7N, 138.6E,  15, 1006,    0,    0,    0,    0,    0,    0,    0,    0,    0,    0,    0,    0, -999,  15.64,  15.34,  15.10,  15.92,  15.85,  15.56,  15.73,  15.62,  15.96,  16.38,  17.01,  17.89,  17.51,  17.98,  17.96,  18.15,  17.82,  17.42,  16.15,  16.68,  17.24,  17.46,  17.07,  16.52,  16.27,  16.27,  16.33,  17.27,  17.04,  16.71,  16.84
20230909, 0600,  , DB, 35.1N, 138.7E,  15,  991,    0,    0,    0,    0,    0,    0,    0,    0,    0,    0,    0,    0, -999,  15.78,  15.38,  15.27,  16.04,  15.17,  15.59,  15.78,  16.00,  15.86,  15.82,  17.08,  18.36,  16.84,  18.16,  17.86,  18.61,  17.32,  16.95,  16.92,  16.94,  17.08,  16.94,  16.87,  16.11,  16.41,  16.03,  16.33,  16.23,  15.61,  15.38,  15.67
