WP121996,            UNNAMED,     47,
19960725, 1200,  , LO, 19.6N, 165.2E,  10,    0,    0,    0,    0,    0,    0,    0,    0,    0,    0,    0,    0,    0, -999,  24.56,  24.32,  24.50,  25.23,  26.22,  27.14,  27.23,  27.65,  27.77,  27.24,  27.41,  27.30,  27.18,  28.01,  28.28,  28.41,  28.60,  28.28,  28.17,  27.98,  27.93,  27.97,  28.22,  28.52,  28.59,  28.57,  28.21,  28.31,  28.18,  28.17,  28.27
19960725, 1800,  , LO, 19.5N, 164.6E,  10,    0,    0,    0,    0,    0,    0,    0,    0,    0,    0,    0,    0,    0, -999,  25.24,  25.48,  24.47,  24.66,  24.57,  24.54,  24.99,  26.04,  26.79,  26.69,  26.97,  27.06,  26.12,  27.61,  27.63,  27.60,  28.15,  28.20,  28.12,  27.95,  28.19,  28.05,  28.70,  28.69,  28.71,  28.79,  28.67,  28.38,  27.91,  28.02,  28.26
19960726, 0000,  , LO, 19.4N, 164.0E,  10,    0,    0,    0,    0,    0,    0,    0,    0,    0,    0,    0,    0,    0, -999,  26.34,  26.30,  26.28,  26.06,  25.87,  25.50,  25.79,  25.98,  26.80,  26.08,  24.98,  24.79,  25.47,  25.80,  25.79,  25.11,  25.48,  26.17,  26.67,  27.38,  27.41,  28.12,  28.52,  28.15,  28.14,  28.18,  28.28,  28.36,  28.41,  28.47,  28.64
19960726, 0600,  , LO, 19.4N, 163.5E,  10,    0,    0,    0,    0,    0,    0,    0,    0,    0,    0,    0,    0,    0, -999,  27.32,  26.68,  26.68,  26.52,  26.21,  26.33,  26.75,  26.79,  27.66,  28.09,  27.76,  26.55,  26.93,  25.96,  25.51,  25.01,  25.43,  25.41,  25.60,  26.57,  27.00,  27.41,  28.27,  27.94,  27.85,  28.03,  28.25,  28.34,  28.36,  28.32,  28.50
19960726, 1200,  , LO, 19.4N, 163.0E,  15,    0,    0,    0,    0,    0,    0,    0,    0,    0,    0,    0,    0,    0, -999,  27.66,  27.49,  27.50,  27.10,  26.77,  27.50,  27.68,  27.04,  27.01,  27.09,  27.08,  27.34,  26.94,  26.14,  25.73,  25.24,  25.24,  26.09,  26.68,  26.75,  26.85,  26.89,  27.30,  27.47,  27.55,  27.73,  27.88,  27.97,  28.08,  28.08,  28.09
19960726, 1800,  , LO, 19.4N, 162.4E,  15,    0,    0,    0,    0,    0,    0,    0,    0,    0,    0,    0,    0,    0, -999,  27.41,  27.07,  27.26,  28.15,  28.11,  28.17,  28.43,  28.29,  28.34,  27.25,  26.43,  26.54,  26.91,  26.62,  27.30,  27.42,  27.74,  27.60,  27.60,  27.49,  27.48,  27.13,  27.11,  26.99,  27.01,  27.40,  27.65,  27.35,  27.11,  27.25,  27.56
19960727, 0000,  , LO, 19.6N, 161.7E,  15,    0,    0,    0,    0,    0,    0,    0,    0,    0,    0,    0,    0,    0, -999,  26.85,  27.75,  28.16,  28.37,  28.62,  28.65,  28.25,  28.34,  27.89,  27.70,  27.93,  27.90,  28.02,  28.42,  28.10,  27.98,  28.06,  27.91,  27.82,  28.05,  28.04,  27.88,  27.89,  28.02,  27.84,  27.58,  27.23,  26.95,  26.52,  26.99,  26.92
19960727, 0600,  , LO, 20.0N, 160.7E,  15,    0,    0,    0,    0,    0,    0,    0,    0,    0,    0,    0,    0,    0, -999,  24.06,  24.05,  23.96,  23.93,  24.27,  24.29,  24.44,  26.02,  26.78,  26.75,  27.33,  27.87,  27.36,  27.81,  27.95,  28.05,  27.96,  28.09,  28.25,  28.24,  28.29,  28.27,  28.25,  28.20,  28.00,  27.94,  27.77,  27.68,  27.81,  27.81,  27.84
19960727, 1200,  , LO, 20.6N, 159.8E,  15,    0,    0,    0,    0,    0,    0,    0,    0,    0,    0,    0,    0,    0, -999,  23.28,  23.60,  23.60,  23.60,  23.91,  23.85,  23.66,  23.76,  23.90,  23.96,  23.95,  24.15,  24.45,  24.53,  24.51,  24.34,  24.38,  24.49,  24.29,  24.51,  24.77,  25.78,  26.18,  24.80,  26.64,  27.59,  26.55,  26.55,  27.51,  27.81,  27.89
19960727, 1800,  , LO, 21.4N, 158.8E,  15,    0,    0,    0,    0,    0,    0,    0,    0,    0,    0,    0,    0,    0, -999,  23.48,  23.77,  23.71,  23.54,  23.11,  22.62,  22.29,  22.51,  22.72,  23.30,  23.36,  23.30,  23.34,  23.63,  23.85,  23.64,  23.98,  23.97,  23.77,  23.91,  24.22,  24.39,  24.37,  24.26,  24.29,  24.21,  24.07,  24.55,  25.05,  25.38,  25.33
19960728, 0000,  , LO, 22.3N, 157.8E,  15,    0,    0,    0,    0,    0,    0,    0,    0,    0,    0,    0,    0,    0, -999,  23.67,  23.73,  23.57,  23.58,  23.81,  23.80,  23.56,  23.52,  23.54,  23.24,  22.98,  22.76,  23.23,  23.62,  23.21,  23.00,  22.77,  22.82,  22.88,  23.18,  23.72,  23.93,  23.28,  23.04,  23.10,  22.84,  22.84,  22.88,  22.57,  22.41,  22.60
19960728, 0600,  , LO, 23.1N, 156.9E,  15,    0,    0,    0,    0,    0,    0,    0,    0,    0,    0,    0,    0,    0, -999,  26.60,  26.61,  26.38,  27.08,  27.21,  26.91,  26.87,  26.72,  26.50,  26.49,  26.41,  25.70,  25.53,  26.39,  26.35,  26.15,  25.74,  25.55,  25.44,  24.75,  24.66,  24.82,  25.31,  24.63,  24.68,  24.82,  24.61,  24.60,  24.12,  23.47,  23.77
19960728, 1200,  , LO, 24.0N, 155.9E,  15,    0,    0,    0,    0,    0,    0,    0,    0,    0,    0,    0,    0,    0, -999,  25.78,  26.91,  27.08,  26.75,  26.70,  26.77,  26.41,  26.36,  26.56,  26.83,  26.80,  26.91,  27.05,  27.74,  27.78,  27.83,  27.80,  27.73,  27.65,  27.56,  27.34,  27.61,  27.32,  26.09,  25.85,  26.88,  26.76,  26.68,  26.67,  26.53,  26.92
19960728, 1800,  , LO, 24.8N, 154.8E,  20,    0,    0,    0,    0,    0,    0,    0,    0,    0,    0,    0,    0,    0, -999,  22.49,  22.61,  22.69,  22.86,  22.89,  22.89,  23.40,  23.27,  23.18,  23.24,  23.39,  24.06,  24.28,  24.18,  23.86,  23.95,  24.04,  24.44,  24.80,  25.64,  25.78,  24.79,  25.11,  25.15,  25.23,  24.96,  24.59,  24.54,  24.74,  25.10,  25.40
19960729, 0000,  , LO, 25.8N, 153.9E,  20,    0,    0,    0,    0,    0,    0,    0,    0,    0,    0,    0,    0,    0, -999,  20.55,  20.24,  20.26,  20.68,  20.87,  20.85,  21.33,  21.68,  21.77,  21.90,  22.04,  22.00,  21.61,  21.43,  21.98,  22.23,  22.77,  22.63,  23.03,  22.78,  22.29,  21.69,  21.41,  21.48,  21.16,  21.16,  21.47,  22.11,  22.52,  22.79,  22.69
19960729, 0600,  , LO, 26.7N, 153.4E,  25,    0,    0,    0,    0,    0,    0,    0,    0,    0,    0,    0,    0,    0, -999,  20.43,  20.55,  21.11,  21.37,  21.53,  21.90,  21.96,  21.42,  21.50,  21.70,  21.79,  21.88,  21.54,  21.52,  21.55,  22.02,  21.22,  21.41,  21.11,  21.85,  22.54,  23.04,  22.49,  21.61,  21.05,  20.93,  20.52,  21.33,  21.82,  22.54,  22.50
19960729, 1200,  , LO, 27.0N, 152.9E,  30,    0,    0,    0,    0,    0,    0,    0,    0,    0,    0,    0,    0,    0, -999,  20.64,  21.21,  21.71,  21.84,  21.93,  21.75,  21.43,  21.46,  21.30,  21.45,  21.42,  20.95,  21.27,  21.37,  21.51,  21.57,  20.79,  20.12,  20.16,  20.45,  20.41,  21.08,  21.48,  21.25,  21.48,  20.98,  21.09,  21.15,  21.55,  21.86,  22.10
19960729, 1800,  , TS, 26.8N, 152.3E,  35,    0,    0,    0,    0,    0,    0,    0,    0,    0,    0,    0,    0,    0, -999,  22.18,  21.95,  22.03,  22.55,  22.62,  22.45,  22.56,  22.48,  22.41,  22.41,  22.15,  21.99,  22.02,  22.33,  22.44,  21.50,  20.92,  20.61,  20.38,  20.92,  20.80,  21.06,  21.09,  20.86,  20.24,  20.14,  19.95,  19.64,  19.70,  19.75,  19.81
19960730, 0000,  , TS, 26.4N, 152.2E,  35,    0,    0,    0,    0,    0,    0,    0,    0,    0,    0,    0,    0,    0, -999,  22.38,  22.15,  22.42,  22.56,  22.64,  22.34,  22.24,  22.06,  21.83,  21.17,  21.16,  21.24,  21.75,  21.89,  21.83,  20.78,  19.93,  20.27,  20.48,  20.51,  20.53,  20.73,  21.04,  20.93,  20.61,  20.50,  20.25,  20.36,  20.32,  20.24,  20.50
19960730, 0600,  , TS, 26.2N, 152.5E,  35,    0,    0,    0,    0,    0,    0,    0,    0,    0,    0,    0,    0,    0, -999,  22.26,  21.87,  21.95,  22.51,  22.38,  22.01,  21.95,  21.77,  21.56,  21.00,  21.30,  21.28,  21.91,  22.02,  21.89,  21.09,  19.96,  20.06,  20.27,  20.36,  20.38,  20.68,  20.80,  20.80,  20.77,  21.07,  20.39,  20.71,  20.55,  20.35,  20.52
19960730, 1200,  , TS, 26.2N, 152.7E,  35,    0,    0,    0,    0,    0,    0,    0,    0,    0,    0,    0,    0,    0, -999,  21.25,  21.01,  21.33,  21.63,  21.58,  21.21,  21.12,  20.98,  21.11,  21.00,  21.20,  21.29,  21.37,  21.50,  21.26,  20.66,  19.80,  19.88,  19.90,  19.91,  20.02,  20.05,  20.22,  20.32,  20.67,  20.58,  20.71,  21.13,  21.48,  21.59,  21.69
19960730, 1800,  , TS, 26.3N, 153.0E,  35,    0,    0,    0,    0,    0,    0,    0,    0,    0,    0,    0,    0,    0, -999,  20.88,  20.69,  20.99,  21.54,  21.43,  21.32,  21.42,  21.20,  21.57,  21.41,  21.10,  20.64,  20.67,  21.01,  21.38,  20.60,  19.85,  20.27,  20.40,  19.98,  19.85,  19.93,  20.10,  20.28,  20.52,  20.44,  20.75,  20.89,  21.06,  21.23,  21.50
19960731, 0000,  , TS, 26.6N, 153.2E,  35,    0,    0,    0,    0,    0,    0,    0,    0,    0,    0,    0,    0,    0, -999,  20.89,  21.52,  22.01,  21.87,  22.09,  21.82,  21.45,  21.20,  21.08,  21.25,  21.24,  21.11,  21.13,  21.44,  20.89,  20.45,  20.60,  20.63,  21.09,  20.93,  20.89,  21.11,  21.50,  21.35,  21.47,  21.50,  21.30,  21.11,  21.29,  21.54,  21.53
19960731, 0600,  , TS, 26.9N, 153.1E,  40,    0,    0,    0,    0,    0,    0,    0,    0,    0,    0,    0,    0,    0, -999,  21.43,  21.58,  21.69,  21.79,  21.54,  21.61,  21.55,  21.65,  21.73,  21.41,  21.69,  21.55,  21.40,  21.66,  20.59,  20.26,  20.23,  20.78,  21.20,  22.07,  22.43,  21.98,  21.25,  20.44,  20.86,  21.14,  21.67,  22.02,  22.76,  22.72,  22.38
19960731, 1200,  , TS, 27.5N, 152.9E,  45,    0,    0,    0,    0,    0,    0,    0,    0,    0,    0,    0,    0,    0, -999,  21.42,  21.54,  21.26,  21.06,  21.45,  21.27,  21.13,  21.05,  21.00,  20.87,  20.64,  20.70,  20.67,  20.54,  20.11,  20.36,  19.56,  19.73,  19.66,  19.73,  19.76,  20.37,  20.66,  20.34,  20.61,  20.88,  20.65,  20.76,  21.64,  22.41,  22.57
19960731, 1800,  , TS, 28.2N, 152.6E,  50,    0,    0,    0,    0,    0,    0,    0,    0,    0,    0,    0,    0,    0, -999,  20.28,  20.55,  20.65,  20.61,  20.53,  20.50,  20.17,  20.59,  20.91,  21.35,  21.82,  21.79,  21.67,  21.71,  21.45,  21.72,  20.90,  20.56,  20.31,  20.52,  20.22,  20.35,  20.30,  20.14,  20.03,  20.02,  19.86,  19.91,  20.27,  20.62,  20.96
19960801, 0000,  , TS, 28.8N, 152.3E,  55,    0,    0,    0,    0,    0,    0,    0,    0,    0,    0,    0,    0,    0, -999,  20.52,  20.46,  20.32,  20.47,  20.39,  20.35,  20.62,  20.50,  20.36,  20.26,  20.59,  20.96,  20.68,  20.30,  20.70,  20.13,  19.42,  19.90,  19.76,  20.07,  19.53,  19.67,  20.09,  19.62,  20.02,  20.08,  20.32,  20.55,  20.85,  21.30,  21.70
19960801, 0600,  , HU, 29.5N, 152.0E,  65,    0,    0,    0,    0,    0,    0,    0,    0,    0,    0,    0,    0,    0, -999,  20.28,  20.51,  20.30,  20.25,  20.34,  20.52,  20.40,  20.00,  19.75,  20.15,  19.36,  19.82,  20.40,  20.29,  19.97,  19.86,  18.39,  18.75,  18.88,  18.90,  19.00,  19.33,  19.31,  19.46,  19.42,  19.82,  19.13,  19.10,  19.21,  19.40,  19.95
19960801, 1200,  , HU, 30.2N, 151.9E,  70,    0,    0,    0,    0,    0,    0,    0,    0,    0,    0,    0,    0,    0, -999,  20.17,  19.95,  20.04,  20.05,  20.73,  20.33,  20.20,  20.55,  20.83,  21.00,  20.78,  20.20,  20.53,  20.65,  20.52,  20.52,  18.52,  18.69,  19.16,  19.10,  19.30,  19.17,  19.28,  19.78,  19.59,  19.82,  19.97,  20.28,  20.37,  20.14,  20.10
19960801, 1800,  , HU, 30.7N, 151.9E,  75,    0,    0,    0,    0,    0,    0,    0,    0,    0,    0,    0,    0,    0, -999,  19.99,  20.44,  20.45,  20.63,  20.61,  19.97,  19.68,  20.11,  19.99,  19.55,  19.62,  19.48,  20.53,  20.54,  20.73,  20.48,  18.61,  18.31,  18.96,  18.75,  18.23,  19.12,  19.66,  19.20,  19.40,  19.58,  19.81,  19.82,  19.70,  19.81,  20.05
19960802, 0000,  , HU, 31.1N, 152.0E,  75,    0,    0,    0,    0,    0,    0,    0,    0,    0,    0,    0,    0,    0, -999,  20.01,  20.31,  20.21,  19.74,  20.02,  20.15,  20.86,  20.85,  21.02,  20.45,  20.05,  20.31,  19.77,  19.94,  20.07,  19.09,  18.60,  18.93,  19.05,  19.16,  19.24,  19.54,  19.39,  20.07,  20.23,  20.23,  20.72,  21.12,  21.24,  21.16,  21.11
19960802, 0600,  , HU, 31.5N, 152.4E,  75,    0,    0,    0,    0,    0,    0,    0,    0,    0,    0,    0,    0,    0, -999,  20.95,  20.95,  21.04,  20.70,  20.41,  19.94,  19.89,  20.10,  20.03,  20.15,  20.29,  20.39,  20.30,  20.63,  20.60,  20.42,  19.64,  19.44,  19.46,  19.38,  19.46,  19.42,  19.53,  19.86,  20.13,  20.61,  20.79,  20.78,  20.67,  20.55,  20.64
19960802, 1200,  , HU, 31.8N, 153.0E,  75,    0,    0,    0,    0,    0,    0,    0,    0,    0,    0,    0,    0,    0, -999,  21.02,  21.01,  21.02,  20.98,  21.09,  21.00,  20.50,  20.28,  19.87,  19.97,  19.57,  20.42,  20.33,  20.00,  20.25,  20.04,  19.52,  20.01,  20.48,  19.26,  19.36,  19.73,  19.81,  20.03,  19.89,  19.84,  19.65,  19.84,  19.70,  19.39,  19.96
19960802, 1800,  , HU, 31.9N, 153.6E,  75,    0,    0,    0,    0,    0,    0,    0,    0,    0,    0,    0,    0,    0, -999,  20.05,  19.71,  19.51,  19.84,  19.84,  20.36,  20.09,  20.30,  20.18,  19.53,  19.60,  20.04,  19.24,  18.89,  19.37,  20.22,  19.98,  19.55,  19.79,  20.04,  19.77,  19.37,  19.46,  19.72,  19.38,  19.68,  20.37,  20.88,  19.86,  19.66,  20.13
19960803, 0000,  , HU, 32.0N, 154.2E,  70,    0,    0,    0,    0,    0,    0,    0,    0,    0,    0,    0,    0,    0, -999,  19.69,  18.89,  19.29,  19.20,  19.28,  19.25,  18.95,  18.56,  18.91,  18.69,  19.03,  18.74,  19.10,  19.21,  19.36,  18.66,  19.25,  19.51,  19.41,  20.06,  19.26,  19.22,  19.93,  20.10,  19.92,  19.93,  19.61,  19.39,  19.96,  20.18,  20.35
19960803, 0600,  , HU, 32.0N, 154.9E,  70,    0,    0,    0,    0,    0,    0,    0,    0,    0,    0,    0,    0,    0, -999,  18.37,  18.80,  18.21,  17.84,  17.71,  18.67,  18.58,  18.56,  18.46,  18.66,  18.90,  18.49,  18.31,  18.54,  18.69,  18.50,  18.32,  18.50,  18.97,  19.11,  19.31,  19.06,  19.85,  19.52,  19.50,  19.31,  19.60,  19.45,  19.56,  20.08,  20.21
19960803, 1200,  , HU, 32.2N, 155.1E,  65,    0,    0,    0,    0,    0,    0,    0,    0,    0,    0,    0,    0,    0, -999,  18.20,  18.19,  17.77,  17.73,  17.92,  18.18,  17.98,  18.34,  17.98,  18.45,  18.71,  18.51,  18.33,  18.34,  18.91,  18.49,  17.92,  18.61,  18.58,  18.53,  18.88,  19.99,  19.53,  18.98,  19.27,  19.64,  19.60,  19.84,  19.98,  19.84,  20.17
19960803, 1800,  , TS, 32.4N, 155.3E,  60,    0,    0,    0,    0,    0,    0,    0,    0,    0,    0,    0,    0,    0, -999,  18.45,  17.78,  17.97,  17.72,  17.60,  17.88,  18.18,  18.54,  18.67,  18.18,  19.31,  19.41,  18.16,  18.37,  18.86,  18.80,  17.98,  18.42,  18.50,  18.42,  19.78,  19.39,  19.21,  18.67,  19.28,  19.69,  19.72,  19.97,  19.75,  20.09,  19.98
19960804, 0000,  , TS, 32.7N, 155.3E,  55,    0,    0,    0,    0,    0,    0,    0,    0,    0,    0,    0,    0,    0, -999,  18.77,  18.54,  18.67,  20.08,  19.62,  19.37,  19.64,  20.43,  20.97,  19.67,  20.22,  20.43,  19.14,  20.57,  20.23,  19.95,  19.95,  19.36,  20.62,  20.68,  19.89,  20.00,  19.86,  20.15,  20.78,  20.79,  21.00,  20.47,  20.96,  20.26,  19.81
19960804, 0600,  , TS, 33.2N, 155.1E,  45,    0,    0,    0,    0,    0,    0,    0,    0,    0,    0,    0,    0,    0, -999,  19.58,  21.34,  20.68,  19.99,  20.51,  20.73,  20.02,  20.44,  20.97,  21.84,  21.64,  21.64,  20.71,  22.07,  22.06,  21.92,  20.52,  19.73,  21.04,  22.05,  21.80,  21.36,  21.69,  21.75,  21.38,  21.36,  20.24,  20.21,  20.75,  20.87,  20.95
19960804, 1200,  , TS, 33.7N, 154.9E,  40,    0,    0,    0,    0,    0,    0,    0,    0,    0,    0,    0,    0,    0, -999,  21.17,  21.26,  21.34,  21.34,  21.11,  21.30,  21.58,  21.78,  21.95,  21.88,  21.69,  22.40,  21.81,  21.89,  23.64,  22.83,  22.10,  22.51,  22.64,  22.47,  20.99,  21.94,  21.34,  21.08,  20.65,  20.55,  21.87,  21.59,  20.70,  20.98,  21.55
19960804, 1800,  , TS, 34.1N, 154.8E,  35,    0,    0,    0,    0,    0,    0,    0,    0,    0,    0,    0,    0,    0, -999,  20.97,  21.45,  21.37,  21.46,  21.68,  22.07,  22.24,  22.10,  22.02,  21.48,  21.05,  21.44,  22.45,  23.20,  23.15,  22.79,  22.78,  22.95,  22.42,  20.86,  21.95,  21.83,  21.89,  22.08,  21.99,  21.78,  21.04,  20.93,  20.63,  20.87,  21.15
19960805, 0000,  , LO, 34.5N, 155.0E,  30,    0,    0,    0,    0,    0,    0,    0,    0,    0,    0,    0,    0,    0, -999,  21.09,  21.39,  20.95,  21.39,  22.01,  22.70,  22.42,  22.39,  21.87,  21.05,  21.42,  21.17,  21.93,  22.36,  22.50,  22.43,  21.82,  21.65,  20.92,  21.46,  21.91,  22.16,  22.53,  22.23,  21.96,  20.95,  21.11,  20.88,  20.42,  20.89,  20.86
19960805, 0600,  , LO, 34.8N, 155.3E,  30,    0,    0,    0,    0,    0,    0,    0,    0,    0,    0,    0,    0,    0, -999,  20.84,  21.50,  21.31,  21.52,  21.58,  21.08,  21.59,  21.39,  21.55,  21.04,  20.87,  21.57,  21.00,  21.47,  22.11,  21.68,  21.80,  20.89,  20.75,  21.64,  20.98,  21.17,  21.12,  21.15,  21.18,  21.25,  20.69,  20.82,  20.79,  20.94,  20.82
19960805, 1200,  , LO, 36.1N, 156.2E,  25,    0,    0,    0,    0,    0,    0,    0,    0,    0,    0,    0,    0,    0, -999,  16.27,  16.62,  16.23,  16.34,  16.55,  16.90,  17.57,  17.21,  17.61,  18.43,  19.11,  19.58,  19.75,  20.08,  20.23,  20.01,  20.42,  20.13,  19.99,  20.61,  20.37,  20.44,  20.84,  21.16,  21.21,  20.93,  20.83,  21.48,  21.59,  21.62,  21.97
19960805, 1800,  , LO, 37.5N, 157.1E,  25,    0,    0,    0,    0,    0,    0,    0,    0,    0,    0,    0,    0,    0, -999,  11.72,  12.07,  12.48,  12.97,  13.32,  15.48,  16.23,  16.38,  16.16,  16.19,  16.86,  18.82,  20.29,  20.12,  19.43,  19.67,  19.28,  19.25,  19.18,  19.13,  18.92,  18.49,  18.64,  19.37,  19.59,  19.79,  19.75,  20.27,  20.07,  20.30,  20.94
19960806, 0000,  , LO, 39.0N, 157.8E,  20,    0,    0,    0,    0,    0,    0,    0,    0,    0,    0,    0,    0,    0, -999,   9.28,   9.26,   9.42,   9.22,   9.94,  10.09,  10.57,  10.18,  10.66,  11.37,  10.92,  11.04,  11.23,  11.55,  11.79,  12.04,  11.70,  11.89,  11.66,  11.52,  11.22,  10.98,  10.99,  11.29,  11.12,  10.91,  11.59,  11.80,  11.57,  11.51,  11.68
