WP132018,           THIRTEEN,     13,
20180720, 1200,  , TD, 18.0N, 116.4E,  25, 1003,    0,    0,    0,    0,    0,    0,    0,    0,    0,    0,    0,    0, -999,  28.93,  28.78,  29.09,  29.09,  28.57,  27.81,  27.89,  28.30,  28.24,  28.18,  28.01,  28.07,  28.13,  28.09,  27.75,  27.85,  27.82,  28.42,  28.57,  28.97,  28.29,  28.43,  28.97,  29.61,  29.44,  29.78,  29.76,  29.84,  29.74,  29.64,  29.39
20180720, 1800,  , TD, 17.8N, 117.8E,  30, 1000,    0,    0,    0,    0,    0,    0,    0,    0,    0,    0,    0,    0, -999,  28.89,  28.73,  28.73,  28.59,  28.77,  28.20,  27.45,  27.41,  27.48,  27.79,  28.01,  28.44,  28.32,  28.33,  28.32,  28.47,  28.28,  28.30,  28.29,  28.30,  28.47,  28.09,  28.55,  28.45,  29.27,  29.34,  29.11,  29.67,  29.43,  28.89,  28.36
20180721, 0000,  , TS, 17.9N, 118.6E,  35,  996,   90,  120,   90,   50,    0,    0,    0,    0,    0,    0,    0,    0, -999,  28.66,  28.41,  28.23,  28.41,  28.44,  28.34,  28.20,  28.27,  28.33,  28.16,  28.58,  28.78,  28.56,  28.46,  28.27,  28.28,  28.28,  28.47,  28.24,  28.49,  28.48,  28.71,  27.80,  27.46,  27.17,  27.78,  29.12,  29.47,  29.21,  29.31,  29.49
20180721, 0600,  , TS, 18.4N, 119.9E,  35,  996,  110,  120,  100,   90,    0,    0,    0,    0,    0,    0,    0,    0, -999,  28.96,  28.55,  28.73,  29.01,  29.37,  29.14,  29.09,  28.78,  28.35,  28.83,  29.13,  29.15,  29.16,  28.77,  28.62,  28.70,  29.36,  29.18,  28.69,  28.57,  28.68,  29.02,  29.32,  29.51,  28.79,  29.16,  28.87,  29.54,  29.45,  29.31,  29.05
20180721, 1200,  , TS, 18.8N, 120.9E,  35,  995,  110,  100,  100,   90,    0,    0,    0,    0,    0,    0,    0,    0, -999,  29.36,  29.46,  29.66,  29.05,  29.21,  28.86,  28.92,  28.91,  28.41,  27.84,  27.81,  27.58,  27.85,  27.58,  27.60,  27.75,  27.61,  27.36,  27.11,  27.37,  27.60,  28.02,  28.75,  28.62,  28.87,  28.93,  28.49,  28.71,  28.76,  28.90,  29.12
20180721, 1800,  , TD, 19.7N, 121.9E,  30,  998,    0,    0,    0,    0,    0,    0,    0,    0,    0,    0,    0,    0, -999,  29.27,  29.43,  29.18,  28.69,  29.21,  29.61,  29.57,  29.08,  28.91,  28.64,  28.75,  28.69,  28.54,  28.48,  28.76,  28.85,  28.67,  28.62,  28.78,  28.43,  28.83,  29.56,  29.66,  29.98,  29.76,  29.68,  29.29,  29.70,  29.10,  29.58,  30.00
20180722, 0000,  , LO, 20.5N, 123.3E,  25, 1002,    0,    0,    0,    0,    0,    0,    0,    0,    0,    0,    0,    0, -999,  29.23,  29.13,  29.05,  29.03,  28.96,  29.02,  28.90,  29.09,  29.19,  28.19,  28.18,  28.23,  28.37,  28.72,  29.16,  29.19,  28.86,  29.05,  28.91,  29.20,  29.43,  29.40,  29.52,  29.66,  29.67,  29.57,  29.52,  29.38,  29.62,  30.26,  30.03
20180722, 0600,  , LO, 21.7N, 124.1E,  25, 1002,    0,    0,    0,    0,    0,    0,    0,    0,    0,    0,    0,    0, -999,  28.71,  28.64,  28.83,  28.98,  28.91,  29.06,  29.00,  28.89,  28.89,  28.57,  28.46,  28.43,  28.46,  28.76,  28.96,  28.87,  28.57,  28.58,  28.61,  29.14,  29.25,  29.32,  29.44,  29.36,  29.24,  29.41,  29.56,  29.34,  29.32,  29.43,  29.67
20180722, 1200,  , LO, 23.2N, 124.1E,  25, 1003,    0,    0,    0,    0,    0,    0,    0,    0,    0,    0,    0,    0, -999,  28.57,  28.35,  28.29,  28.49,  28.26,  27.86,  28.22,  28.67,  28.64,  28.78,  28.47,  28.04,  28.79,  28.20,  28.69,  28.98,  28.80,  28.91,  28.87,  29.09,  29.26,  29.04,  29.07,  29.04,  29.14,  29.36,  29.67,  29.59,  29.37,  29.32,  29.25
20180722, 1800,  , LO, 24.7N, 124.1E,  25, 1003,    0,    0,    0,    0,    0,    0,    0,    0,    0,    0,    0,    0, -999,  29.36,  28.67,  28.87,  28.55,  27.50,  28.02,  27.75,  27.69,  27.53,  27.66,  27.45,  27.50,  27.74,  29.08,  28.84,  28.62,  28.60,  28.64,  28.68,  28.88,  28.94,  28.95,  29.17,  29.36,  29.26,  29.30,  29.02,  29.62,  29.23,  29.29,  29.37
20180723, 0000,  , LO, 26.1N, 123.8E,  25, 1003,    0,    0,    0,    0,    0,    0,    0,    0,    0,    0,    0,    0, -999,  28.24,  28.34,  28.06,  27.15,  26.75,  26.15,  26.69,  26.97,  27.26,  27.34,  27.18,  27.20,  27.40,  27.66,  27.98,  27.64,  27.93,  27.95,  28.01,  29.03,  28.84,  29.17,  29.19,  29.03,  28.76,  28.71,  28.46,  28.61,  28.71,  28.51,  28.58
20180723, 0600,  , LO, 28.3N, 123.6E,  20, 1006,    0,    0,    0,    0,    0,    0,    0,    0,    0,    0,    0,    0, -999,  27.03,  27.19,  27.40,  26.92,  26.71,  27.05,  27.32,  27.59,  27.62,  27.45,  27.44,  27.32,  27.62,  27.59,  27.72,  27.68,  27.73,  28.09,  28.01,  28.23,  28.41,  28.64,  28.43,  28.55,  28.83,  28.94,  28.61,  28.74,  28.82,  28.87,  29.27
20180723, 1200,  , LO, 30.0N, 123.1E,  20, 1007,    0,    0,    0,    0,    0,    0,    0,    0,    0,    0,    0,    0, -999,  25.84,  26.11,  26.45,  27.23,  26.85,  26.00,  26.41,  26.54,  26.84,  26.90,  27.19,  27.43,  27.84,  28.00,  28.03,  27.43,  26.54,  26.91,  27.20,  27.55,  27.82,  28.28,  28.33,  28.49,  28.50,  28.13,  27.68,  27.73,  27.98,  28.08,  28.21
