WP132003,            UNNAMED,      9,
20030818, 1800,  , TD, 18.8N, 125.2E,  20, 1004,    0,    0,    0,    0,    0,    0,    0,    0,    0,    0,    0,    0, -999,  26.78,  26.48,  26.38,  26.80,  27.13,  26.59,  26.22,  25.91,  25.32,  25.03,  24.94,  24.64,  24.50,  24.45,  24.26,  24.46,  24.72,  24.63,  25.06,  25.06,  24.49,  24.22,  25.76,  25.05,  25.04,  25.25,  25.10,  25.07,  25.26,  24.46,  24.40
20030819, 0000,  , TD, 20.8N, 125.4E,  25, 1002,    0,    0,    0,    0,    0,    0,    0,    0,    0,    0,    0,    0, -999,  25.80,  25.57,  25.25,  25.09,  24.92,  24.73,  24.88,  24.49,  23.79,  23.69,  23.69,  23.97,  23.99,  23.85,  23.59,  23.48,  23.53,  23.30,  23.55,  23.82,  23.88,  23.45,  23.84,  24.02,  24.11,  24.46,  24.68,  24.96,  25.67,  25.67,  25.65
20030819, 0600,  , TD, 22.8N, 124.8E,  30, 1000,    0,    0,    0,    0,    0,    0,    0,    0,    0,    0,    0,    0, -999,  26.65,  26.57,  26.71,  27.37,  27.03,  26.79,  26.82,  26.77,  26.89,  26.70,  26.62,  26.57,  26.75,  26.86,  26.78,  27.05,  27.11,  27.29,  27.54,  27.51,  27.03,  26.69,  27.07,  27.09,  26.66,  26.95,  27.26,  27.01,  26.81,  26.40,  26.56
20030819, 1200,  , TD, 24.3N, 123.4E,  30, 1000,    0,    0,    0,    0,    0,    0,    0,    0,    0,    0,    0,    0, -999,  24.35,  24.41,  23.56,  23.24,  24.15,  26.02,  26.23,  25.25,  25.54,  25.04,  25.06,  25.47,  25.59,  25.48,  25.33,  25.36,  25.62,  25.83,  25.43,  25.30,  25.54,  25.75,  25.68,  25.73,  26.23,  26.86,  28.74,  28.19,  27.02,  27.37,  26.76
20030819, 1800,  , TS, 25.8N, 122.2E,  35,  997,    0,    0,    0,    0,    0,    0,    0,    0,    0,    0,    0,    0, -999,  18.26,  18.30,  17.80,  17.85,  17.96,  17.66,  17.55,  17.77,  17.68,  18.30,  18.72,  19.17,  19.20,  18.74,  19.00,  18.84,  18.64,  17.84,  17.80,  17.78,  18.50,  18.81,  18.98,  19.23,  18.57,  18.52,  18.44,  18.43,  17.88,  17.63,  18.40
20030820, 0000,  , TS, 27.2N, 120.9E,  35,  997,    0,    0,    0,    0,    0,    0,    0,    0,    0,    0,    0,    0, -999,    nan,    nan,    nan,    nan,    nan,    nan,    nan,    nan,    nan,    nan,    nan,    nan,    nan,    nan,    nan,    nan,    nan,    nan,    nan,    nan,    nan,    nan,    nan,    nan,    nan,    nan,    nan,    nan,    nan,    nan,    nan
20030820, 0600,  , TD, 28.3N, 119.5E,  25, 1002,    0,    0,    0,    0,    0,    0,    0,    0,    0,    0,    0,    0, -999,    nan,    nan,    nan,    nan,    nan,    nan,    nan,    nan,    nan,    nan,    nan,    nan,    nan,    nan,    nan,    nan,    nan,    nan,    nan,    nan,    nan,    nan,    nan,    nan,    nan,    nan,    nan,    nan,    nan,    nan,    nan
20030820, 1200,  , TD, 29.8N, 118.3E,  20, 1004,    0,    0,    0,    0,    0,    0,    0,    0,    0,    0,    0,    0, -999,    nan,    nan,    nan,    nan,    nan,    nan,    nan,    nan,    nan,    nan,    nan,    nan,    nan,    nan,    nan,    nan,    nan,    nan,    nan,    nan,    nan,    nan,    nan,    nan,    nan,    nan,    nan,    nan,    nan,    nan,    nan
20030820, 1800,  , TD, 30.5N, 117.5E,  20, 1004,    0,    0,    0,    0,    0,    0,    0,    0,    0,    0,    0,    0, -999,    nan,    nan,    nan,    nan,    nan,    nan,    nan,    nan,    nan,    nan,    nan,    nan,    nan,    nan,    nan,    nan,    nan,    nan,    nan,    nan,    nan,    nan,    nan,    nan,    nan,    nan,    nan,    nan,    nan,    nan,    nan
