WP132020,               NOUL,     20,
20200914, 0000,  , DB, 11.0N, 127.3E,  10, 1014,    0,    0,    0,    0,    0,    0,    0,    0,    0,    0,    0,    0, -999,  34.73,  34.70,  34.65,  34.66,  34.65,  34.69,  34.68,  34.61,  34.63,  34.62,  34.63,  34.64,  34.64,  34.68,  34.66,  34.67,  34.66,  34.67,  34.71,  34.70,  34.68,  34.66,  34.69,  34.71,  34.73,  34.77,  34.73,  34.69,  34.63,  34.65,  34.65
20200914, 0600,  , DB, 11.6N, 126.5E,  10, 1012,    0,    0,    0,    0,    0,    0,    0,    0,    0,    0,    0,    0, -999,  34.72,  34.74,  34.70,  34.73,  34.74,  34.73,  34.72,  34.74,  34.71,  34.69,  34.66,  34.67,  34.59,  34.60,  34.63,  34.59,  34.67,  34.68,  34.69,  34.69,  34.68,  34.72,  34.69,  34.71,  34.73,  34.72,  34.71,  34.72,  34.70,  34.71,  34.69
20200914, 1200,  , DB, 12.4N, 125.4E,  10, 1009,    0,    0,    0,    0,    0,    0,    0,    0,    0,    0,    0,    0, -999,  34.80,  34.79,  34.79,  34.81,  34.82,  34.83,  34.81,  34.82,  34.82,  34.81,  34.83,  34.83,  34.80,  34.78,  34.81,  34.74,  34.75,  34.79,  34.78,  34.76,  34.79,  34.78,  34.80,  34.86,  34.87,  34.82,  34.84,  34.84,  34.84,  34.83,  34.74
20200914, 1800,  , DB, 12.6N, 123.7E,  10, 1007,    0,    0,    0,    0,    0,    0,    0,    0,    0,    0,    0,    0, -999,  34.46,  34.47,  34.47,  34.48,  34.50,  34.53,  34.55,  34.55,  34.55,  34.55,  34.56,  34.56,  34.56,  34.59,  34.60,  34.59,  34.59,  34.59,  34.59,  34.58,  34.57,  34.57,  34.58,  34.61,  34.59,  34.57,  34.52,  34.55,  34.55,  34.54,  34.55
20200915, 0000,  , DB, 12.8N, 122.0E,  15, 1006,    0,    0,    0,    0,    0,    0,    0,    0,    0,    0,    0,    0, -999,  34.47,  34.48,  34.47,  34.48,  34.49,  34.48,  34.48,  34.48,  34.48,  34.47,  34.47,  34.48,  34.48,  34.48,  34.46,  34.45,  34.44,  34.45,  34.42,  34.35,  34.30,  34.29,  34.31,  34.32,  34.35,  34.45,  34.48,  34.48,  34.47,  34.48,  34.48
20200915, 0600,  , TD, 12.8N, 120.5E,  25, 1004,    0,    0,    0,    0,    0,    0,    0,    0,    0,    0,    0,    0, -999,  34.37,  34.36,  34.29,  34.26,  34.25,  34.26,  34.28,  34.29,  34.30,  34.30,  34.30,  34.40,  34.38,  34.41,  34.36,  34.29,  34.20,  34.29,  34.27,  34.07,  33.98,  34.10,  34.21,  34.32,  34.35,  34.43,  34.46,  34.39,  34.36,  34.34,  34.31
20200915, 1200,  , TS, 12.7N, 119.2E,  35, 1001,   15,   15,   15,   70,    0,    0,    0,    0,    0,    0,    0,    0, -999,  34.28,  34.20,  34.13,  34.22,  34.23,  34.24,  34.24,  34.20,  34.18,  34.19,  34.17,  34.23,  34.22,  34.30,  34.27,  34.29,  34.27,  34.32,  34.32,  34.32,  34.32,  34.33,  34.27,  34.29,  34.32,  34.39,  34.34,  34.28,  34.23,  34.27,  34.22
20200915, 1800,  , TS, 12.8N, 118.2E,  40,  998,   20,   20,   20,   70,    0,    0,    0,    0,    0,    0,    0,    0, -999,  34.29,  34.27,  34.21,  34.20,  34.21,  34.18,  34.17,  34.16,  34.14,  34.15,  34.12,  34.16,  34.16,  34.21,  34.20,  34.16,  34.21,  34.19,  34.26,  34.19,  34.20,  34.20,  34.17,  34.16,  34.19,  34.19,  34.21,  34.16,  34.16,  34.22,  34.22
20200916, 0000,  , TS, 13.1N, 117.6E,  35, 1000,   30,   40,   40,   70,    0,    0,    0,    0,    0,    0,    0,    0, -999,  34.30,  34.25,  34.24,  34.24,  34.23,  34.20,  34.22,  34.21,  34.22,  34.23,  34.25,  34.25,  34.27,  34.26,  34.24,  34.25,  34.25,  34.29,  34.26,  34.29,  34.26,  34.26,  34.26,  34.27,  34.25,  34.23,  34.19,  34.21,  34.23,  34.21,  34.22
20200916, 0600,  , TS, 13.6N, 116.6E,  40,  998,   40,   65,   75,   70,    0,    0,    0,    0,    0,    0,    0,    0, -999,  34.26,  34.27,  34.28,  34.29,  34.26,  34.22,  34.27,  34.26,  34.26,  34.27,  34.28,  34.30,  34.32,  34.33,  34.32,  34.30,  34.30,  34.32,  34.31,  34.32,  34.30,  34.29,  34.29,  34.27,  34.26,  34.26,  34.27,  34.21,  34.27,  34.19,  34.21
20200916, 1200,  , TS, 13.9N, 116.0E,  40,  996,   60,   60,  105,   95,    0,    0,    0,    0,    0,    0,    0,    0, -999,  34.20,  34.23,  34.25,  34.24,  34.22,  34.23,  34.28,  34.26,  34.25,  34.28,  34.25,  34.23,  34.24,  34.23,  34.22,  34.22,  34.25,  34.30,  34.27,  34.30,  34.28,  34.29,  34.28,  34.26,  34.24,  34.25,  34.27,  34.22,  34.24,  34.24,  34.26
20200916, 1800,  , TS, 14.3N, 115.2E,  45,  993,   85,   60,  110,   85,    0,    0,    0,    0,    0,    0,    0,    0, -999,  34.27,  34.31,  34.32,  34.30,  34.27,  34.25,  34.27,  34.28,  34.27,  34.29,  34.28,  34.27,  34.24,  34.22,  34.21,  34.20,  34.24,  34.28,  34.17,  34.24,  34.26,  34.30,  34.28,  34.31,  34.30,  34.27,  34.26,  34.24,  34.27,  34.23,  34.22
20200917, 0000,  , TS, 14.7N, 114.3E,  45,  992,   70,   55,   80,   65,    0,    0,    0,    0,    0,    0,    0,    0, -999,  34.30,  34.31,  34.30,  34.28,  34.31,  34.28,  34.29,  34.29,  34.32,  34.31,  34.31,  34.29,  34.28,  34.27,  34.27,  34.28,  34.39,  34.26,  34.31,  34.28,  34.34,  34.33,  34.33,  34.32,  34.28,  34.29,  34.31,  34.31,  34.27,  34.30,  34.28
20200917, 0600,  , TS, 15.6N, 113.1E,  40,  996,   70,   55,   80,   65,    0,    0,    0,    0,    0,    0,    0,    0, -999,  34.34,  34.35,  34.36,  34.35,  34.34,  34.37,  34.36,  34.35,  34.38,  34.39,  34.37,  34.34,  34.33,  34.32,  34.33,  34.33,  34.42,  34.38,  34.43,  34.39,  34.41,  34.45,  34.44,  34.44,  34.38,  34.40,  34.41,  34.40,  34.41,  34.41,  34.42
20200917, 1200,  , TS, 16.1N, 111.2E,  40,  995,   65,   50,   70,   40,    0,    0,    0,    0,    0,    0,    0,    0, -999,  34.30,  34.29,  34.30,  34.32,  34.34,  34.36,  34.37,  34.37,  34.36,  34.36,  34.36,  34.35,  34.36,  34.34,  34.34,  34.34,  34.33,  34.41,  34.39,  34.39,  34.42,  34.38,  34.39,  34.40,  34.39,  34.44,  34.41,  34.41,  34.36,  34.38,  34.42
20200917, 1800,  , TS, 16.3N, 110.3E,  50,  990,   55,   50,   50,   35,   25,   20,   20,   10,    0,    0,    0,    0, -999,  34.31,  34.35,  34.34,  34.35,  34.37,  34.39,  34.39,  34.40,  34.41,  34.42,  34.41,  34.35,  34.34,  34.38,  34.37,  34.33,  34.31,  34.38,  34.33,  34.37,  34.37,  34.33,  34.37,  34.35,  34.36,  34.33,  34.30,  34.34,  34.32,  34.34,  34.30
20200918, 0000,  , TS, 16.6N, 108.1E,  45,  992,   40,   40,   40,   30,    0,    0,    0,    0,    0,    0,    0,    0, -999,    nan,    nan,    nan,    nan,    nan,    nan,    nan,    nan,    nan,    nan,    nan,    nan,    nan,    nan,    nan,    nan,    nan,    nan,    nan,    nan,    nan,    nan,    nan,    nan,    nan,    nan,    nan,    nan,    nan,    nan,    nan
20200918, 0600,  , TS, 16.3N, 105.3E,  35,  997,   10,   10,   10,   10,    0,    0,    0,    0,    0,    0,    0,    0, -999,    nan,    nan,    nan,    nan,    nan,    nan,    nan,    nan,    nan,    nan,    nan,    nan,    nan,    nan,    nan,    nan,    nan,    nan,    nan,    nan,    nan,    nan,    nan,    nan,    nan,    nan,    nan,    nan,    nan,    nan,    nan
20200918, 1200,  , TD, 16.1N, 103.6E,  25,  996,    0,    0,    0,    0,    0,    0,    0,    0,    0,    0,    0,    0, -999,    nan,    nan,    nan,    nan,    nan,    nan,    nan,    nan,    nan,    nan,    nan,    nan,    nan,    nan,    nan,    nan,    nan,    nan,    nan,    nan,    nan,    nan,    nan,    nan,    nan,    nan,    nan,    nan,    nan,    nan,    nan
20200918, 1800,  , DB, 16.1N, 102.2E,  15, 1002,    0,    0,    0,    0,    0,    0,    0,    0,    0,    0,    0,    0, -999,    nan,    nan,    nan,    nan,    nan,    nan,    nan,    nan,    nan,    nan,    nan,    nan,    nan,    nan,    nan,    nan,    nan,    nan,    nan,    nan,    nan,    nan,    nan,    nan,    nan,    nan,    nan,    nan,    nan,    nan,    nan
