WP141995,            UNNAMED,     23,
19950828, 0600,  , LO, 24.0N, 151.2E,  20,    0,    0,    0,    0,    0,    0,    0,    0,    0,    0,    0,    0,    0, -999,  34.77,  34.77,  34.80,  34.85,  34.90,  34.91,  34.92,  34.92,  34.92,  34.91,  34.92,  34.92,  34.95,  34.97,  34.99,  35.01,  35.02,  35.03,  35.03,  35.03,  35.03,  35.03,  35.03,  35.02,  35.00,  34.99,  34.98,  34.97,  34.97,  34.97,  34.97
19950828, 1200,  , LO, 24.1N, 151.0E,  20,    0,    0,    0,    0,    0,    0,    0,    0,    0,    0,    0,    0,    0, -999,  34.83,  34.89,  34.91,  34.93,  34.92,  34.91,  34.90,  34.89,  34.87,  34.84,  34.83,  34.82,  34.83,  34.84,  34.86,  34.88,  34.88,  34.89,  34.89,  34.90,  34.90,  34.91,  34.92,  34.95,  34.98,  35.00,  34.99,  34.97,  34.97,  34.96,  34.95
19950828, 1800,  , LO, 24.3N, 150.8E,  20,    0,    0,    0,    0,    0,    0,    0,    0,    0,    0,    0,    0,    0, -999,  34.91,  34.92,  34.92,  34.92,  34.91,  34.87,  34.79,  34.75,  34.77,  34.79,  34.82,  34.84,  34.86,  34.86,  34.86,  34.85,  34.84,  34.85,  34.86,  34.86,  34.85,  34.84,  34.85,  34.87,  34.87,  34.88,  34.90,  34.92,  34.95,  34.97,  34.99
19950829, 0000,  , LO, 24.8N, 150.8E,  20,    0,    0,    0,    0,    0,    0,    0,    0,    0,    0,    0,    0,    0, -999,  34.88,  34.84,  34.79,  34.73,  34.71,  34.72,  34.74,  34.76,  34.78,  34.80,  34.81,  34.82,  34.85,  34.85,  34.85,  34.86,  34.84,  34.85,  34.87,  34.88,  34.90,  34.90,  34.91,  34.91,  34.92,  34.92,  34.92,  34.91,  34.91,  34.90,  34.89
19950829, 0600,  , LO, 25.2N, 150.8E,  20,    0,    0,    0,    0,    0,    0,    0,    0,    0,    0,    0,    0,    0, -999,  34.77,  34.76,  34.75,  34.74,  34.74,  34.74,  34.74,  34.74,  34.76,  34.78,  34.80,  34.80,  34.80,  34.82,  34.85,  34.85,  34.83,  34.84,  34.86,  34.89,  34.89,  34.88,  34.88,  34.88,  34.89,  34.91,  34.91,  34.92,  34.92,  34.91,  34.90
19950829, 1200,  , LO, 26.0N, 151.0E,  20,    0,    0,    0,    0,    0,    0,    0,    0,    0,    0,    0,    0,    0, -999,  34.86,  34.91,  34.94,  34.92,  34.89,  34.89,  34.89,  34.89,  34.89,  34.90,  34.89,  34.85,  34.83,  34.81,  34.79,  34.76,  34.77,  34.78,  34.81,  34.82,  34.84,  34.85,  34.84,  34.85,  34.85,  34.86,  34.87,  34.87,  34.87,  34.86,  34.86
19950829, 1800,  , LO, 27.0N, 151.2E,  25,    0,    0,    0,    0,    0,    0,    0,    0,    0,    0,    0,    0,    0, -999,  34.96,  34.96,  34.97,  34.98,  34.99,  34.99,  34.99,  34.99,  35.00,  34.99,  35.00,  35.00,  34.99,  34.97,  34.96,  34.95,  34.94,  34.93,  34.92,  34.92,  34.92,  34.89,  34.84,  34.82,  34.83,  34.84,  34.86,  34.86,  34.87,  34.86,  34.86
19950830, 0000,  , LO, 28.3N, 151.9E,  30,    0,    0,    0,    0,    0,    0,    0,    0,    0,    0,    0,    0,    0, -999,  34.75,  34.75,  34.75,  34.75,  34.75,  34.74,  34.75,  34.74,  34.73,  34.75,  34.74,  34.74,  34.74,  34.73,  34.72,  34.72,  34.72,  34.72,  34.72,  34.72,  34.72,  34.69,  34.68,  34.68,  34.69,  34.68,  34.66,  34.64,  34.64,  34.70,  34.75
19950830, 0600,  , TS, 29.1N, 152.8E,  35,    0,    0,    0,    0,    0,    0,    0,    0,    0,    0,    0,    0,    0, -999,  34.66,  34.67,  34.68,  34.68,  34.66,  34.63,  34.59,  34.60,  34.62,  34.65,  34.66,  34.67,  34.69,  34.70,  34.69,  34.71,  34.71,  34.68,  34.66,  34.65,  34.65,  34.62,  34.59,  34.57,  34.56,  34.54,  34.52,  34.48,  34.44,  34.41,  34.41
19950830, 1200,  , TS, 29.6N, 153.5E,  40,    0,    0,    0,    0,    0,    0,    0,    0,    0,    0,    0,    0,    0, -999,  34.62,  34.61,  34.62,  34.59,  34.60,  34.60,  34.61,  34.59,  34.60,  34.57,  34.55,  34.53,  34.54,  34.55,  34.55,  34.53,  34.50,  34.50,  34.54,  34.51,  34.50,  34.47,  34.38,  34.23,  34.26,  34.31,  34.31,  34.28,  34.31,  34.33,  34.31
19950830, 1800,  , TS, 30.1N, 154.2E,  55,    0,    0,    0,    0,    0,    0,    0,    0,    0,    0,    0,    0,    0, -999,  34.57,  34.53,  34.53,  34.54,  34.52,  34.49,  34.47,  34.47,  34.48,  34.49,  34.50,  34.50,  34.49,  34.41,  34.37,  34.39,  34.40,  34.40,  34.41,  34.41,  34.40,  34.41,  34.34,  34.33,  34.33,  34.34,  34.34,  34.32,  34.31,  34.33,  34.33
19950831, 0000,  , TS, 30.5N, 155.1E,  60,    0,    0,    0,    0,    0,    0,    0,    0,    0,    0,    0,    0,    0, -999,  34.51,  34.52,  34.49,  34.43,  34.49,  34.41,  34.36,  34.33,  34.36,  34.39,  34.41,  34.43,  34.38,  34.36,  34.40,  34.39,  34.44,  34.42,  34.45,  34.48,  34.45,  34.36,  34.32,  34.30,  34.32,  34.34,  34.35,  34.35,  34.34,  34.33,  34.34
19950831, 0600,  , HU, 31.0N, 156.1E,  65,    0,    0,    0,    0,    0,    0,    0,    0,    0,    0,    0,    0,    0, -999,  34.59,  34.66,  34.66,  34.67,  34.67,  34.66,  34.67,  34.59,  34.48,  34.48,  34.55,  34.57,  34.61,  34.62,  34.62,  34.62,  34.56,  34.54,  34.52,  34.41,  34.33,  34.32,  34.33,  34.33,  34.33,  34.33,  34.32,  34.32,  34.33,  34.32,  34.32
19950831, 1200,  , HU, 31.5N, 157.1E,  65,    0,    0,    0,    0,    0,    0,    0,    0,    0,    0,    0,    0,    0, -999,  34.53,  34.53,  34.53,  34.53,  34.60,  34.61,  34.59,  34.56,  34.55,  34.53,  34.55,  34.55,  34.55,  34.55,  34.55,  34.55,  34.53,  34.49,  34.47,  34.56,  34.55,  34.54,  34.52,  34.49,  34.46,  34.43,  34.38,  34.38,  34.41,  34.41,  34.45
19950831, 1800,  , HU, 32.4N, 158.0E,  70,    0,    0,    0,    0,    0,    0,    0,    0,    0,    0,    0,    0,    0, -999,  34.55,  34.56,  34.57,  34.57,  34.55,  34.55,  34.55,  34.55,  34.55,  34.55,  34.55,  34.55,  34.55,  34.56,  34.55,  34.55,  34.51,  34.55,  34.50,  34.46,  34.43,  34.45,  34.43,  34.41,  34.40,  34.42,  34.42,  34.42,  34.44,  34.45,  34.44
19950901, 0000,  , HU, 33.4N, 159.0E,  80,    0,    0,    0,    0,    0,    0,    0,    0,    0,    0,    0,    0,    0, -999,  34.55,  34.52,  34.51,  34.50,  34.49,  34.42,  34.41,  34.42,  34.33,  34.39,  34.47,  34.48,  34.47,  34.46,  34.46,  34.47,  34.42,  34.41,  34.46,  34.46,  34.44,  34.43,  34.41,  34.38,  34.40,  34.41,  34.40,  34.33,  34.38,  34.32,  34.43
19950901, 0600,  , HU, 34.9N, 160.8E,  95,    0,    0,    0,    0,    0,    0,    0,    0,    0,    0,    0,    0,    0, -999,  34.39,  34.39,  34.36,  34.34,  34.33,  34.34,  34.35,  34.39,  34.46,  34.50,  34.50,  34.50,  34.56,  34.49,  34.44,  34.41,  34.38,  34.38,  34.39,  34.40,  34.42,  34.46,  34.40,  34.31,  34.25,  34.31,  34.39,  34.39,  34.37,  34.40,  34.41
19950901, 1200,  , HU, 36.4N, 163.4E,  95,    0,    0,    0,    0,    0,    0,    0,    0,    0,    0,    0,    0,    0, -999,  34.16,  34.18,  34.20,  34.22,  34.23,  34.25,  34.28,  34.29,  34.29,  34.31,  34.28,  34.26,  34.24,  34.24,  34.24,  34.25,  34.26,  34.28,  34.28,  34.33,  34.33,  34.31,  34.28,  34.28,  34.31,  34.27,  34.28,  34.31,  34.33,  34.33,  34.35
19950901, 1800,  , HU, 37.9N, 166.0E,  95,    0,    0,    0,    0,    0,    0,    0,    0,    0,    0,    0,    0,    0, -999,  34.08,  34.05,  34.03,  34.08,  34.11,  34.12,  34.13,  34.11,  34.03,  34.04,  34.08,  34.05,  34.06,  34.06,  34.12,  34.11,  34.16,  34.39,  34.41,  34.40,  34.38,  34.40,  34.36,  34.35,  34.29,  34.19,  34.18,  34.23,  34.32,  34.33,  34.32
19950902, 0000,  , HU, 39.3N, 169.1E,  80,    0,    0,    0,    0,    0,    0,    0,    0,    0,    0,    0,    0,    0, -999,  33.95,  33.99,  34.01,  33.98,  34.04,  34.00,  33.98,  34.03,  34.02,  34.02,  33.96,  33.95,  33.97,  33.93,  33.96,  34.00,  33.96,  33.98,  34.03,  34.02,  34.03,  34.01,  34.04,  34.06,  34.03,  33.93,  33.94,  33.95,  33.98,  33.99,  33.99
19950902, 0600,  , HU, 40.3N, 172.6E,  65,    0,    0,    0,    0,    0,    0,    0,    0,    0,    0,    0,    0,    0, -999,  33.95,  33.92,  33.90,  33.84,  33.95,  33.93,  33.92,  33.91,  33.92,  33.88,  33.84,  33.77,  33.73,  33.80,  34.01,  34.16,  33.98,  33.94,  33.77,  33.61,  33.63,  33.70,  33.74,  33.78,  33.86,  33.91,  33.88,  33.85,  33.85,  33.84,  33.84
19950902, 1200,  , TS, 40.7N, 176.0E,  45,    0,    0,    0,    0,    0,    0,    0,    0,    0,    0,    0,    0,    0, -999,  33.86,  33.78,  33.80,  33.84,  33.72,  33.89,  33.87,  33.92,  33.85,  33.81,  33.85,  33.82,  33.86,  33.86,  33.80,  33.83,  33.81,  33.80,  33.77,  33.72,  33.71,  33.70,  33.73,  33.76,  33.75,  33.75,  33.71,  33.67,  33.66,  33.69,  33.77
19950902, 1800,  , TS, 41.0N, 179.2E,  45,    0,    0,    0,    0,    0,    0,    0,    0,    0,    0,    0,    0,    0, -999,  33.94,  33.94,  33.89,  33.80,  33.85,  33.81,  33.75,  33.81,  33.80,  33.78,  33.82,  33.78,  33.82,  33.83,  33.86,  33.93,  33.87,  33.87,  33.88,  33.86,  33.92,  33.89,  33.97,  34.01,  33.98,  33.97,  33.98,  33.90,  33.83,  33.81,  33.75
