WP142012,            KAI-TAK,     27,
20120811, 1200,  , TD, 16.2N, 133.3E,  15, 1010,    0,    0,    0,    0,    0,    0,    0,    0,    0,    0,    0,    0, -999,  29.02,  29.29,  29.10,  29.27,  29.45,  29.52,  29.33,  28.92,  28.61,  28.48,  28.45,  28.63,  27.80,  28.06,  28.07,  28.51,  28.37,  28.11,  28.58,  29.09,  29.11,  29.16,  29.22,  29.19,  29.24,  29.28,  29.14,  28.99,  29.06,  29.06,  29.09
20120811, 1800,  , TD, 16.3N, 132.8E,  15, 1010,    0,    0,    0,    0,    0,    0,    0,    0,    0,    0,    0,    0, -999,  28.53,  29.11,  29.20,  28.41,  29.30,  29.35,  29.34,  28.90,  28.57,  28.27,  28.16,  28.23,  28.44,  28.37,  28.47,  28.64,  28.70,  28.51,  28.91,  28.98,  29.09,  29.14,  28.95,  28.81,  28.02,  28.40,  29.10,  29.07,  28.98,  28.99,  28.97
20120812, 0000,  , TD, 16.5N, 132.3E,  15, 1010,    0,    0,    0,    0,    0,    0,    0,    0,    0,    0,    0,    0, -999,  29.39,  29.43,  29.28,  29.14,  29.13,  29.07,  28.72,  28.05,  27.80,  27.89,  28.28,  28.03,  28.58,  28.25,  28.88,  28.26,  28.68,  28.73,  28.76,  28.76,  28.78,  28.87,  28.85,  28.86,  28.50,  28.46,  28.24,  28.38,  28.11,  28.70,  28.51
20120812, 0600,  , DB, 16.6N, 131.5E,  15, 1010,    0,    0,    0,    0,    0,    0,    0,    0,    0,    0,    0,    0, -999,  29.29,  28.73,  28.96,  28.51,  29.14,  29.02,  28.25,  28.49,  27.91,  28.18,  28.22,  28.23,  28.44,  27.56,  28.22,  28.57,  27.94,  27.25,  28.26,  28.70,  28.71,  28.53,  27.87,  28.67,  28.14,  27.84,  27.55,  27.67,  27.64,  27.91,  27.73
20120812, 1200,  , DB, 16.8N, 130.6E,  20, 1007,    0,    0,    0,    0,    0,    0,    0,    0,    0,    0,    0,    0, -999,  29.37,  29.25,  29.18,  29.10,  29.08,  29.04,  29.09,  29.26,  28.92,  28.77,  28.71,  28.74,  28.72,  28.79,  28.79,  28.76,  28.47,  28.33,  28.51,  28.82,  28.81,  28.85,  28.70,  28.33,  28.77,  28.93,  28.73,  28.66,  28.82,  28.82,  28.92
20120812, 1800,  , TD, 16.9N, 129.6E,  25, 1004,    0,    0,    0,    0,    0,    0,    0,    0,    0,    0,    0,    0, -999,  28.90,  28.90,  28.81,  28.17,  28.02,  28.87,  28.89,  29.03,  29.02,  29.12,  28.80,  28.64,  28.46,  28.23,  28.04,  28.16,  28.41,  28.36,  27.85,  28.77,  28.68,  28.58,  28.68,  28.69,  28.64,  28.70,  28.78,  28.81,  28.88,  28.86,  28.85
20120813, 0000,  , TD, 16.5N, 129.0E,  25, 1004,    0,    0,    0,    0,    0,    0,    0,    0,    0,    0,    0,    0, -999,  28.87,  28.91,  29.04,  28.95,  28.86,  28.89,  28.73,  28.96,  28.87,  28.62,  28.52,  28.41,  28.36,  28.55,  28.76,  28.62,  28.55,  28.27,  28.96,  28.80,  28.74,  29.01,  28.99,  28.90,  28.90,  28.88,  28.91,  29.05,  28.93,  28.98,  29.07
20120813, 0600,  , TS, 16.6N, 128.1E,  35,  996,    0,    0,    0,    0,    0,    0,    0,    0,    0,    0,    0,    0, -999,  29.11,  29.05,  28.98,  29.04,  29.03,  29.06,  28.93,  28.91,  28.79,  28.67,  28.64,  28.58,  28.62,  28.78,  28.76,  28.86,  28.87,  28.43,  28.20,  28.09,  28.43,  28.89,  28.31,  28.14,  28.22,  28.09,  28.38,  28.55,  28.80,  28.59,  28.26
20120813, 1200,  , TS, 17.0N, 127.0E,  35,  996,   20,   20,   25,   25,    0,    0,    0,    0,    0,    0,    0,    0, -999,  29.04,  28.94,  28.29,  28.25,  28.57,  28.03,  28.22,  28.99,  28.63,  28.48,  28.64,  28.57,  28.35,  29.00,  28.95,  28.73,  28.90,  28.75,  28.28,  28.32,  28.23,  28.69,  28.17,  27.90,  28.65,  28.73,  28.82,  28.84,  28.76,  28.69,  28.73
20120813, 1800,  , TS, 17.6N, 126.2E,  40,  993,   30,   60,   60,   45,    0,    0,    0,    0,    0,    0,    0,    0, -999,  28.75,  27.89,  28.56,  28.13,  29.06,  29.14,  29.12,  29.12,  29.04,  28.97,  28.76,  28.78,  28.75,  28.79,  28.30,  28.29,  28.00,  27.56,  28.20,  28.09,  28.58,  28.13,  28.54,  28.29,  28.24,  28.65,  28.76,  28.77,  28.72,  28.69,  28.62
20120814, 0000,  , TS, 18.2N, 125.7E,  40,  993,   60,   60,   60,   60,    0,    0,    0,    0,    0,    0,    0,    0, -999,  28.35,  27.53,  28.04,  28.23,  28.66,  28.31,  28.18,  28.57,  28.56,  28.04,  28.79,  29.03,  28.92,  28.77,  28.88,  28.89,  28.84,  28.41,  28.79,  28.72,  28.73,  28.25,  27.94,  28.02,  28.02,  27.96,  27.58,  27.58,  28.63,  28.74,  28.71
20120814, 0600,  , TS, 17.7N, 124.7E,  40,  993,   85,   65,   60,   85,    0,    0,    0,    0,    0,    0,    0,    0, -999,  28.11,  28.41,  28.76,  28.92,  29.16,  28.92,  28.91,  28.63,  28.89,  28.96,  29.03,  28.94,  28.42,  28.27,  28.12,  28.36,  27.71,  28.13,  28.02,  28.26,  28.24,  27.61,  28.17,  28.32,  28.23,  28.32,  28.62,  28.63,  28.62,  28.42,  28.27
20120814, 1200,  , TS, 17.1N, 123.3E,  50,  985,   70,   60,   50,   70,    0,    0,    0,    0,    0,    0,    0,    0, -999,  28.89,  28.85,  27.93,  28.01,  28.16,  28.33,  29.21,  29.04,  28.75,  27.99,  28.41,  28.44,  28.32,  28.19,  28.74,  29.35,  29.22,  28.83,  28.39,  28.35,  28.63,  28.54,  28.53,  28.45,  28.31,  28.31,  28.48,  28.76,  29.00,  29.11,  29.03
20120814, 1800,  , TS, 17.3N, 122.7E,  55,  982,   70,   60,   50,   70,   20,   15,   15,   20,    0,    0,    0,    0, -999,  29.17,  29.00,  28.96,  28.88,  28.34,  27.67,  26.87,  27.29,  26.99,  26.59,  26.77,  27.72,  28.36,  28.70,  28.70,  28.90,  28.56,  27.73,  27.29,  27.32,  27.21,  27.27,  27.78,  29.00,  28.94,  29.07,  29.05,  28.81,  28.93,  28.88,  29.06
20120815, 0000,  , TS, 18.2N, 122.0E,  55,  982,   80,   70,   55,   70,   35,   20,   20,   35,    0,    0,    0,    0, -999,    nan,    nan,    nan,    nan,    nan,    nan,    nan,    nan,    nan,    nan,    nan,    nan,    nan,    nan,    nan,    nan,    nan,    nan,    nan,    nan,    nan,    nan,    nan,    nan,    nan,    nan,    nan,    nan,    nan,    nan,    nan
20120815, 0600,  , TS, 18.8N, 120.6E,  55,  982,   80,   70,   55,   70,   35,   20,   20,   35,    0,    0,    0,    0, -999,  27.91,  27.60,  27.51,  27.56,  27.08,  27.53,  25.31,  25.18,  25.66,  26.55,  26.51,  26.66,  26.95,  26.99,  26.73,  26.99,  27.39,  26.61,  25.95,  25.80,  26.50,  26.74,  26.61,  26.99,  27.26,  27.29,  27.26,  27.00,  26.96,  26.85,  26.96
20120815, 1200,  , TS, 18.7N, 119.3E,  55,  982,   80,   70,   55,   70,   35,   20,   20,   35,    0,    0,    0,    0, -999,  27.55,  27.37,  27.19,  27.02,  27.18,  27.59,  27.61,  28.20,  28.21,  28.03,  27.87,  27.40,  27.16,  27.41,  26.98,  27.23,  27.96,  28.06,  27.70,  26.58,  26.82,  26.45,  24.82,  25.02,  27.79,  28.25,  28.48,  28.69,  28.68,  28.42,  29.10
20120815, 1800,  , TS, 18.8N, 118.0E,  60,  978,   85,   70,   90,   90,   35,   30,   40,   40,    0,    0,    0,    0, -999,  28.18,  27.88,  28.03,  28.07,  28.06,  28.05,  28.12,  28.18,  28.04,  27.69,  27.61,  27.68,  27.90,  28.00,  28.13,  27.67,  28.03,  28.04,  27.76,  27.43,  27.06,  27.04,  27.84,  28.31,  28.39,  28.07,  27.93,  27.71,  27.28,  27.35,  27.76
20120816, 0000,  , HU, 19.2N, 117.1E,  65,  974,   90,   75,   95,   95,   35,   30,   40,   40,   20,   20,   20,   20, -999,  25.92,  27.55,  25.27,  26.13,  27.85,  27.30,  27.46,  27.84,  27.90,  28.12,  28.27,  28.29,  28.17,  27.90,  26.94,  27.53,  27.05,  26.43,  27.80,  26.51,  25.54,  26.68,  27.19,  28.32,  28.39,  28.42,  28.15,  28.03,  28.18,  28.60,  28.21
20120816, 0600,  , HU, 19.3N, 115.6E,  65,  974,   90,   80,   80,   90,   45,   40,   40,   45,    0,    0,    0,    0, -999,  22.48,  22.47,  22.70,  22.22,  22.34,  23.04,  22.95,  22.60,  23.02,  23.63,  23.20,  23.40,  23.73,  23.66,  24.28,  23.18,  20.87,  20.76,  25.20,  20.34,  19.78,  20.56,  20.85,  20.75,  21.11,  21.75,  22.38,  21.89,  22.01,  22.52,  22.58
20120816, 1200,  , HU, 19.8N, 114.2E,  65,  974,   90,   80,   80,   90,   45,   40,   40,   45,    0,    0,    0,    0, -999,  22.16,  23.21,  22.94,  22.31,  22.34,  22.45,  22.06,  21.66,  21.70,  21.57,  21.37,  21.58,  21.18,  21.52,  21.80,  22.03,  22.10,  22.66,  21.70,  21.12,  21.42,  21.11,  20.98,  20.73,  22.36,  23.73,  27.83,  28.47,  28.43,  28.36,  27.95
20120816, 1800,  , HU, 20.2N, 112.8E,  65,  974,   90,   80,   80,   90,   45,   40,   40,   45,    0,    0,    0,    0, -999,  21.68,  21.36,  21.33,  21.36,  21.48,  21.49,  21.41,  21.58,  21.73,  21.70,  21.59,  21.50,  21.18,  21.16,  21.77,  22.05,  22.19,  20.11,  20.54,  20.57,  20.08,  20.46,  20.27,  20.29,  20.38,  20.47,  20.65,  20.85,  21.11,  21.60,  21.61
20120817, 0000,  , HU, 20.7N, 111.3E,  65,  974,   80,   70,   70,   90,   45,   40,   40,   45,   25,   25,   25,   25, -999,    nan,    nan,    nan,    nan,    nan,    nan,    nan,    nan,    nan,    nan,    nan,    nan,    nan,    nan,    nan,    nan,    nan,    nan,    nan,    nan,    nan,    nan,    nan,    nan,    nan,    nan,    nan,    nan,    nan,    nan,    nan
20120817, 0600,  , HU, 21.2N, 109.8E,  65,  974,   80,   70,   70,   80,   45,   40,   40,   45,    0,    0,    0,    0, -999,    nan,    nan,    nan,    nan,    nan,    nan,    nan,    nan,    nan,    nan,    nan,    nan,    nan,    nan,    nan,    nan,    nan,    nan,    nan,    nan,    nan,    nan,    nan,    nan,    nan,    nan,    nan,    nan,    nan,    nan,    nan
20120817, 1200,  , TS, 21.4N, 107.7E,  60,  978,   80,   70,   70,   80,   45,   40,   40,   45,    0,    0,    0,    0, -999,    nan,    nan,    nan,    nan,    nan,    nan,    nan,    nan,    nan,    nan,    nan,    nan,    nan,    nan,    nan,    nan,    nan,    nan,    nan,    nan,    nan,    nan,    nan,    nan,    nan,    nan,    nan,    nan,    nan,    nan,    nan
20120817, 1800,  , TS, 21.4N, 106.1E,  50,  985,   80,   70,   70,   80,   45,   40,   40,   45,    0,    0,    0,    0, -999,    nan,    nan,    nan,    nan,    nan,    nan,    nan,    nan,    nan,    nan,    nan,    nan,    nan,    nan,    nan,    nan,    nan,    nan,    nan,    nan,    nan,    nan,    nan,    nan,    nan,    nan,    nan,    nan,    nan,    nan,    nan
20120818, 0000,  , TS, 21.6N, 105.3E,  35,  996,   80,   70,   70,   80,    0,    0,    0,    0,    0,    0,    0,    0, -999,    nan,    nan,    nan,    nan,    nan,    nan,    nan,    nan,    nan,    nan,    nan,    nan,    nan,    nan,    nan,    nan,    nan,    nan,    nan,    nan,    nan,    nan,    nan,    nan,    nan,    nan,    nan,    nan,    nan,    nan,    nan
