WP141994,            UNNAMED,     37,
19940725, 0600,  , LO, 13.9N, 130.6E,  10,    0,    0,    0,    0,    0,    0,    0,    0,    0,    0,    0,    0,    0, -999,  34.37,  34.42,  34.38,  34.32,  34.29,  34.26,  34.24,  34.24,  34.23,  34.29,  34.28,  34.32,  34.32,  34.33,  34.33,  34.34,  34.39,  34.45,  34.44,  34.43,  34.46,  34.41,  34.34,  34.20,  34.15,  34.24,  34.23,  34.26,  34.18,  34.33,  34.34
19940725, 1200,  , LO, 14.0N, 130.0E,  10,    0,    0,    0,    0,    0,    0,    0,    0,    0,    0,    0,    0,    0, -999,  34.37,  34.37,  34.37,  34.34,  34.30,  34.27,  34.27,  34.25,  34.28,  34.23,  34.32,  34.30,  34.34,  34.33,  34.31,  34.30,  34.29,  34.27,  34.27,  34.25,  34.25,  34.29,  34.32,  34.29,  34.25,  34.21,  34.27,  34.23,  34.27,  34.26,  34.26
19940725, 1800,  , LO, 14.1N, 129.4E,  15,    0,    0,    0,    0,    0,    0,    0,    0,    0,    0,    0,    0,    0, -999,  34.37,  34.37,  34.35,  34.38,  34.30,  34.29,  34.30,  34.31,  34.27,  34.32,  34.29,  34.32,  34.23,  34.23,  34.21,  34.21,  34.19,  34.19,  34.18,  34.17,  34.17,  34.16,  34.14,  34.14,  34.16,  34.21,  34.25,  34.23,  34.27,  34.25,  34.20
19940726, 0000,  , LO, 14.1N, 128.8E,  15,    0,    0,    0,    0,    0,    0,    0,    0,    0,    0,    0,    0,    0, -999,  34.36,  34.38,  34.37,  34.34,  34.30,  34.30,  34.29,  34.30,  34.26,  34.30,  34.26,  34.31,  34.31,  34.35,  34.33,  34.33,  34.31,  34.33,  34.28,  34.25,  34.22,  34.21,  34.21,  34.23,  34.24,  34.27,  34.30,  34.34,  34.27,  34.27,  34.26
19940726, 0600,  , LO, 14.2N, 128.2E,  15,    0,    0,    0,    0,    0,    0,    0,    0,    0,    0,    0,    0,    0, -999,  34.38,  34.40,  34.38,  34.38,  34.37,  34.42,  34.40,  34.42,  34.40,  34.44,  34.31,  34.35,  34.37,  34.37,  34.38,  34.36,  34.32,  34.34,  34.35,  34.37,  34.30,  34.28,  34.28,  34.31,  34.33,  34.38,  34.37,  34.36,  34.34,  34.38,  34.37
19940726, 1200,  , LO, 14.5N, 127.7E,  15,    0,    0,    0,    0,    0,    0,    0,    0,    0,    0,    0,    0,    0, -999,  34.39,  34.40,  34.40,  34.40,  34.38,  34.42,  34.47,  34.41,  34.42,  34.44,  34.45,  34.46,  34.47,  34.48,  34.47,  34.44,  34.30,  34.41,  34.42,  34.42,  34.43,  34.43,  34.42,  34.42,  34.44,  34.43,  34.40,  34.41,  34.41,  34.40,  34.37
19940726, 1800,  , LO, 14.9N, 127.2E,  15,    0,    0,    0,    0,    0,    0,    0,    0,    0,    0,    0,    0,    0, -999,  34.41,  34.39,  34.40,  34.44,  34.44,  34.44,  34.46,  34.38,  34.41,  34.46,  34.52,  34.45,  34.40,  34.39,  34.38,  34.41,  34.37,  34.35,  34.32,  34.33,  34.32,  34.32,  34.32,  34.35,  34.40,  34.43,  34.41,  34.41,  34.39,  34.39,  34.40
19940727, 0000,  , LO, 15.3N, 126.7E,  15,    0,    0,    0,    0,    0,    0,    0,    0,    0,    0,    0,    0,    0, -999,  34.46,  34.44,  34.51,  34.50,  34.47,  34.47,  34.30,  34.39,  34.45,  34.51,  34.39,  34.28,  34.33,  34.36,  34.28,  34.26,  34.30,  34.33,  34.38,  34.40,  34.37,  34.33,  34.31,  34.35,  34.39,  34.35,  34.35,  34.37,  34.36,  34.32,  34.25
19940727, 0600,  , LO, 15.7N, 126.3E,  20,    0,    0,    0,    0,    0,    0,    0,    0,    0,    0,    0,    0,    0, -999,  34.44,  34.47,  34.50,  34.50,  34.50,  34.42,  34.38,  34.45,  34.47,  34.47,  34.40,  34.31,  34.32,  34.41,  34.28,  34.29,  34.29,  34.38,  34.33,  34.34,  34.35,  34.36,  34.40,  34.32,  34.31,  34.31,  34.34,  34.33,  34.35,  34.37,  34.25
19940727, 1200,  , LO, 16.2N, 126.0E,  20,    0,    0,    0,    0,    0,    0,    0,    0,    0,    0,    0,    0,    0, -999,  34.36,  34.43,  34.42,  34.43,  34.43,  34.47,  34.50,  34.47,  34.52,  34.60,  34.60,  34.59,  34.55,  34.35,  34.27,  34.26,  34.16,  34.22,  34.23,  34.25,  34.27,  34.21,  34.25,  34.36,  34.41,  34.38,  34.27,  34.29,  34.33,  34.34,  34.35
19940727, 1800,  , LO, 16.7N, 125.9E,  20,    0,    0,    0,    0,    0,    0,    0,    0,    0,    0,    0,    0,    0, -999,  34.39,  34.38,  34.40,  34.43,  34.49,  34.47,  34.41,  34.41,  34.40,  34.42,  34.48,  34.52,  34.51,  34.47,  34.42,  34.47,  34.40,  34.45,  34.43,  34.41,  34.42,  34.34,  34.36,  34.31,  34.26,  34.35,  34.22,  34.24,  34.25,  34.25,  34.25
19940728, 0000,  , LO, 17.2N, 126.0E,  20,    0,    0,    0,    0,    0,    0,    0,    0,    0,    0,    0,    0,    0, -999,  34.48,  34.47,  34.48,  34.45,  34.41,  34.37,  34.42,  34.46,  34.54,  34.57,  34.56,  34.48,  34.43,  34.46,  34.50,  34.45,  34.38,  34.26,  34.33,  34.38,  34.24,  34.30,  34.36,  34.29,  34.32,  34.23,  34.26,  34.25,  34.23,  34.25,  34.25
19940728, 0600,  , LO, 17.7N, 126.2E,  20,    0,    0,    0,    0,    0,    0,    0,    0,    0,    0,    0,    0,    0, -999,  34.47,  34.45,  34.45,  34.43,  34.48,  34.53,  34.55,  34.55,  34.57,  34.57,  34.57,  34.52,  34.49,  34.46,  34.48,  34.39,  34.46,  34.24,  34.24,  34.30,  34.29,  34.26,  34.22,  34.23,  34.31,  34.28,  34.32,  34.29,  34.25,  34.27,  34.25
19940728, 1200,  , LO, 18.2N, 126.6E,  20,    0,    0,    0,    0,    0,    0,    0,    0,    0,    0,    0,    0,    0, -999,  34.56,  34.55,  34.55,  34.58,  34.56,  34.56,  34.57,  34.56,  34.56,  34.57,  34.53,  34.45,  34.46,  34.42,  34.42,  34.42,  34.42,  34.41,  34.43,  34.38,  34.28,  34.29,  34.30,  34.35,  34.37,  34.26,  34.33,  34.33,  34.33,  34.34,  34.29
19940728, 1800,  , LO, 18.8N, 126.9E,  25,    0,    0,    0,    0,    0,    0,    0,    0,    0,    0,    0,    0,    0, -999,  34.55,  34.57,  34.57,  34.61,  34.61,  34.62,  34.62,  34.61,  34.59,  34.56,  34.58,  34.58,  34.58,  34.56,  34.56,  34.57,  34.56,  34.55,  34.49,  34.42,  34.34,  34.33,  34.34,  34.28,  34.25,  34.46,  34.47,  34.38,  34.37,  34.47,  34.36
19940729, 0000,  , LO, 19.4N, 127.3E,  30,    0,    0,    0,    0,    0,    0,    0,    0,    0,    0,    0,    0,    0, -999,  34.60,  34.60,  34.59,  34.57,  34.58,  34.59,  34.58,  34.56,  34.53,  34.51,  34.52,  34.55,  34.56,  34.54,  34.52,  34.50,  34.50,  34.49,  34.49,  34.49,  34.45,  34.40,  34.29,  34.27,  34.44,  34.44,  34.42,  34.49,  34.50,  34.52,  34.56
19940729, 0600,  , LO, 20.2N, 127.8E,  30,    0,    0,    0,    0,    0,    0,    0,    0,    0,    0,    0,    0,    0, -999,  34.62,  34.61,  34.61,  34.61,  34.64,  34.65,  34.66,  34.66,  34.55,  34.54,  34.55,  34.57,  34.57,  34.56,  34.55,  34.53,  34.55,  34.56,  34.54,  34.51,  34.51,  34.52,  34.56,  34.59,  34.47,  34.64,  34.60,  34.58,  34.59,  34.53,  34.51
19940729, 1200,  , LO, 21.2N, 128.1E,  30,    0,    0,    0,    0,    0,    0,    0,    0,    0,    0,    0,    0,    0, -999,  34.62,  34.59,  34.60,  34.61,  34.62,  34.61,  34.62,  34.63,  34.63,  34.62,  34.57,  34.56,  34.55,  34.56,  34.61,  34.58,  34.54,  34.53,  34.53,  34.54,  34.53,  34.56,  34.56,  34.55,  34.54,  34.55,  34.55,  34.57,  34.59,  34.56,  34.57
19940729, 1800,  , LO, 22.2N, 128.4E,  30,    0,    0,    0,    0,    0,    0,    0,    0,    0,    0,    0,    0,    0, -999,  34.58,  34.52,  34.50,  34.50,  34.51,  34.52,  34.53,  34.56,  34.55,  34.54,  34.53,  34.53,  34.54,  34.55,  34.58,  34.59,  34.56,  34.56,  34.58,  34.54,  34.54,  34.54,  34.54,  34.54,  34.54,  34.51,  34.48,  34.53,  34.53,  34.53,  34.53
19940730, 0000,  , LO, 23.3N, 128.6E,  30,    0,    0,    0,    0,    0,    0,    0,    0,    0,    0,    0,    0,    0, -999,  34.39,  34.35,  34.35,  34.37,  34.37,  34.39,  34.39,  34.41,  34.44,  34.41,  34.41,  34.42,  34.43,  34.42,  34.38,  34.35,  34.36,  34.38,  34.34,  34.35,  34.46,  34.44,  34.36,  34.27,  34.27,  34.26,  34.27,  34.32,  34.29,  34.32,  34.36
19940730, 0600,  , LO, 24.4N, 128.7E,  30,    0,    0,    0,    0,    0,    0,    0,    0,    0,    0,    0,    0,    0, -999,  34.46,  34.47,  34.46,  34.45,  34.47,  34.49,  34.50,  34.49,  34.48,  34.48,  34.45,  34.35,  34.33,  34.36,  34.35,  34.35,  34.46,  34.50,  34.53,  34.47,  34.39,  34.37,  34.37,  34.36,  34.41,  34.45,  34.45,  34.41,  34.41,  34.41,  34.41
19940730, 1200,  , TS, 25.6N, 128.3E,  35,    0,    0,    0,    0,    0,    0,    0,    0,    0,    0,    0,    0,    0, -999,  34.38,  34.38,  34.43,  34.44,  34.42,  34.44,  34.38,  34.45,  34.33,  34.31,  34.29,  34.22,  34.57,  34.65,  34.60,  34.61,  34.67,  34.73,  34.65,  34.61,  34.58,  34.59,  34.58,  34.59,  34.59,  34.59,  34.56,  34.59,  34.51,  34.64,  34.65
19940730, 1800,  , TS, 26.8N, 127.3E,  35,    0,    0,    0,    0,    0,    0,    0,    0,    0,    0,    0,    0,    0, -999,  34.24,  34.19,  34.31,  34.25,  34.28,  34.27,  34.27,  34.27,  34.28,  34.28,  34.35,  34.31,  34.47,  34.52,  34.54,  34.58,  34.76,  34.74,  34.62,  34.55,  34.56,  34.50,  34.51,  34.50,  34.39,  34.34,  34.32,  34.32,  34.31,  34.33,  34.30
19940731, 0000,  , TS, 28.3N, 126.5E,  40,    0,    0,    0,    0,    0,    0,    0,    0,    0,    0,    0,    0,    0, -999,  34.12,  34.13,  34.13,  34.13,  34.14,  34.14,  34.15,  34.14,  34.19,  34.24,  34.17,  34.03,  34.01,  34.01,  34.05,  34.19,  34.20,  34.21,  34.16,  34.08,  34.10,  34.12,  34.12,  34.15,  34.17,  34.14,  34.15,  34.15,  34.13,  34.10,  34.09
19940731, 0600,  , TS, 29.9N, 125.9E,  45,    0,    0,    0,    0,    0,    0,    0,    0,    0,    0,    0,    0,    0, -999,  34.08,  34.10,  34.09,  34.09,  34.09,  34.08,  34.09,  33.91,  33.82,  33.73,  33.62,  33.58,  33.58,  33.57,  33.44,  33.24,  32.96,  33.03,  33.12,  33.18,  33.07,  33.12,  33.18,  33.28,  33.39,  33.77,  33.82,  33.88,  33.92,  33.94,  33.98
19940731, 1200,  , TS, 31.7N, 125.5E,  50,    0,    0,    0,    0,    0,    0,    0,    0,    0,    0,    0,    0,    0, -999,  33.13,  32.99,  32.54,  32.44,  32.38,  32.18,  32.07,  31.91,  32.01,  31.96,  31.86,  31.75,  31.87,  32.40,  32.64,  32.80,  33.08,  33.41,  33.40,  33.23,  32.94,  32.76,  32.64,  32.87,  33.01,  33.42,  33.46,  33.25,  33.39,  33.38,  33.50
19940731, 1800,  , TS, 33.5N, 125.5E,  50,    0,    0,    0,    0,    0,    0,    0,    0,    0,    0,    0,    0,    0, -999,  32.79,  32.69,  32.59,  32.57,  32.69,  32.94,  33.13,  33.22,  33.13,  33.11,  33.11,  33.13,  33.09,  33.12,  33.28,  33.54,  33.76,  33.86,  33.85,  33.68,  33.52,  33.57,  33.68,  33.52,  33.28,  32.74,  34.20,  34.09,  34.01,  33.95,  33.40
19940801, 0000,  , TS, 35.3N, 126.1E,  45,    0,    0,    0,    0,    0,    0,    0,    0,    0,    0,    0,    0,    0, -999,    nan,    nan,    nan,    nan,    nan,    nan,    nan,    nan,    nan,    nan,    nan,    nan,    nan,    nan,    nan,    nan,    nan,    nan,    nan,    nan,    nan,    nan,    nan,    nan,    nan,    nan,    nan,    nan,    nan,    nan,    nan
19940801, 0600,  , TS, 36.8N, 127.6E,  40,    0,    0,    0,    0,    0,    0,    0,    0,    0,    0,    0,    0,    0, -999,    nan,    nan,    nan,    nan,    nan,    nan,    nan,    nan,    nan,    nan,    nan,    nan,    nan,    nan,    nan,    nan,    nan,    nan,    nan,    nan,    nan,    nan,    nan,    nan,    nan,    nan,    nan,    nan,    nan,    nan,    nan
19940801, 1200,  , TS, 38.0N, 129.6E,  35,    0,    0,    0,    0,    0,    0,    0,    0,    0,    0,    0,    0,    0, -999,  34.15,  34.15,  34.15,  34.15,  34.13,  34.13,  34.13,  34.09,  34.05,  34.05,  34.04,  34.03,  34.03,  34.01,  34.03,  34.07,  34.06,  34.01,  34.06,  34.08,  34.14,  34.19,  34.17,  34.10,  34.04,  34.05,  34.12,  34.12,  34.14,  34.16,  34.18
19940801, 1800,  , TS, 39.0N, 131.9E,  35,    0,    0,    0,    0,    0,    0,    0,    0,    0,    0,    0,    0,    0, -999,  33.93,  33.95,  33.96,  33.98,  34.00,  34.01,  34.01,  34.01,  34.01,  34.01,  34.01,  33.98,  34.01,  34.04,  34.07,  34.07,  34.06,  34.06,  34.05,  34.06,  34.08,  34.09,  34.07,  34.09,  34.11,  34.11,  34.12,  34.16,  34.16,  34.15,  34.24
19940802, 0000,  , TS, 39.9N, 134.5E,  35,    0,    0,    0,    0,    0,    0,    0,    0,    0,    0,    0,    0,    0, -999,  33.99,  33.98,  33.98,  33.98,  33.99,  33.98,  33.98,  33.99,  33.98,  33.98,  33.98,  33.97,  33.93,  33.93,  33.92,  33.91,  33.90,  33.91,  33.92,  33.92,  33.92,  33.93,  33.93,  33.92,  33.92,  33.93,  33.93,  33.92,  33.94,  33.95,  33.94
19940802, 0600,  , TS, 40.4N, 137.3E,  40,    0,    0,    0,    0,    0,    0,    0,    0,    0,    0,    0,    0,    0, -999,  34.04,  34.03,  34.03,  34.04,  34.04,  34.05,  34.04,  34.05,  34.05,  34.06,  34.06,  34.06,  34.06,  34.06,  34.06,  34.08,  34.08,  34.09,  34.08,  34.08,  34.08,  34.08,  34.08,  34.08,  34.09,  34.06,  34.01,  33.96,  33.96,  33.98,  34.00
19940802, 1200,  , TS, 40.7N, 139.9E,  45,    0,    0,    0,    0,    0,    0,    0,    0,    0,    0,    0,    0,    0, -999,  34.03,  34.05,  34.05,  34.04,  34.04,  34.04,  34.05,  34.06,  34.07,  34.08,  34.10,  34.12,  34.12,  34.12,  34.11,  34.08,  34.02,  34.01,  34.00,  34.05,  34.04,  34.02,  34.03,  34.05,  34.05,  34.06,  34.06,  34.08,  34.08,  34.11,  34.12
19940802, 1800,  , TS, 40.9N, 142.2E,  35,    0,    0,    0,    0,    0,    0,    0,    0,    0,    0,    0,    0,    0, -999,  33.67,  32.69,  32.69,  32.69,  32.78,  32.97,  33.50,  33.91,  33.81,  33.65,  33.61,  33.59,  33.52,  33.52,  33.53,  33.40,  33.48,  33.53,  33.85,  34.18,  34.15,  34.03,  34.04,  34.04,  33.90,  33.77,  33.81,  34.02,  34.10,  34.05,  34.09
19940803, 0000,  , LO, 40.8N, 144.2E,  30,    0,    0,    0,    0,    0,    0,    0,    0,    0,    0,    0,    0,    0, -999,  33.69,  33.71,  33.77,  33.81,  33.73,  33.66,  33.62,  33.62,  33.63,  33.66,  33.66,  33.69,  33.70,  33.78,  33.74,  33.59,  33.60,  33.75,  33.95,  34.08,  34.18,  34.27,  34.34,  34.33,  34.36,  34.30,  34.09,  33.81,  33.64,  33.55,  33.48
19940803, 0600,  , LO, 40.8N, 145.9E,  25,    0,    0,    0,    0,    0,    0,    0,    0,    0,    0,    0,    0,    0, -999,  33.77,  33.80,  33.86,  34.06,  34.21,  34.17,  34.11,  33.99,  34.06,  33.97,  33.77,  33.48,  33.40,  33.65,  33.78,  33.75,  33.67,  33.64,  33.46,  33.53,  33.71,  33.87,  33.91,  33.78,  33.68,  33.54,  33.49,  33.55,  33.67,  33.70,  33.69
