WP142004,            UNNAMED,     27,
20040802, 1800,  , DB, 15.8N, 165.8E,  20, 1004,    0,    0,    0,    0,    0,    0,    0,    0,    0,    0,    0,    0, -999,  29.04,  28.95,  28.96,  28.80,  28.69,  28.80,  28.95,  28.96,  29.01,  29.00,  28.98,  28.86,  28.72,  28.52,  28.65,  28.71,  28.71,  28.65,  28.85,  29.14,  29.11,  29.13,  29.14,  29.15,  29.07,  29.24,  29.26,  29.21,  29.28,  29.26,  29.33
20040803, 0000,  , TD, 16.7N, 166.1E,  25, 1002,    0,    0,    0,    0,    0,    0,    0,    0,    0,    0,    0,    0, -999,  28.74,  28.81,  28.75,  28.88,  28.82,  28.88,  28.84,  28.89,  28.84,  28.80,  28.77,  28.65,  28.57,  28.68,  28.75,  28.56,  28.31,  28.22,  28.61,  29.05,  29.05,  29.04,  29.02,  29.03,  29.25,  29.34,  29.25,  29.10,  29.03,  29.13,  29.02
20040803, 0600,  , TD, 17.6N, 166.4E,  25, 1002,    0,    0,    0,    0,    0,    0,    0,    0,    0,    0,    0,    0, -999,  29.04,  29.13,  29.04,  29.05,  28.96,  28.94,  28.91,  29.00,  28.87,  28.82,  28.74,  28.62,  28.56,  28.57,  28.57,  28.53,  28.40,  28.17,  28.76,  29.15,  29.36,  29.23,  29.28,  29.24,  29.23,  29.36,  29.42,  29.29,  29.20,  29.19,  29.21
20040803, 1200,  , TD, 18.5N, 166.5E,  25, 1002,    0,    0,    0,    0,    0,    0,    0,    0,    0,    0,    0,    0, -999,  29.13,  29.21,  28.99,  29.05,  28.99,  29.01,  28.79,  28.69,  28.69,  28.66,  28.58,  28.51,  28.50,  28.49,  28.39,  28.32,  28.33,  28.00,  28.95,  29.27,  29.26,  29.11,  28.80,  28.75,  28.86,  28.96,  28.83,  28.85,  29.04,  29.24,  29.36
20040803, 1800,  , TD, 19.4N, 166.2E,  30, 1000,    0,    0,    0,    0,    0,    0,    0,    0,    0,    0,    0,    0, -999,  28.98,  28.84,  28.89,  28.94,  29.08,  29.15,  29.04,  28.80,  28.73,  28.73,  28.75,  28.71,  28.76,  28.77,  28.78,  28.74,  28.69,  28.41,  28.77,  28.83,  28.88,  29.03,  28.98,  28.95,  28.66,  28.89,  28.93,  28.84,  28.57,  28.67,  28.70
20040804, 0000,  , TS, 20.6N, 166.0E,  35,  997,    0,    0,    0,    0,    0,    0,    0,    0,    0,    0,    0,    0, -999,  28.93,  28.89,  28.90,  29.13,  29.14,  29.16,  28.99,  28.87,  28.84,  28.85,  28.80,  28.70,  28.64,  28.60,  28.53,  28.62,  28.44,  28.62,  28.67,  28.91,  29.05,  29.00,  28.93,  28.62,  29.17,  29.13,  29.18,  28.81,  28.91,  29.05,  29.06
20040804, 0600,  , TS, 21.9N, 165.8E,  35,  997,    0,    0,    0,    0,    0,    0,    0,    0,    0,    0,    0,    0, -999,  29.12,  28.95,  28.91,  28.87,  28.84,  28.89,  28.81,  28.79,  28.70,  28.64,  28.64,  28.75,  28.70,  28.70,  28.50,  28.49,  28.49,  28.62,  28.72,  28.98,  28.80,  28.64,  28.48,  28.68,  29.39,  29.58,  29.55,  29.68,  29.61,  29.74,  29.73
20040804, 1200,  , TS, 23.2N, 165.5E,  35,  997,    0,    0,    0,    0,    0,    0,    0,    0,    0,    0,    0,    0, -999,  29.82,  29.52,  29.48,  29.45,  29.38,  29.34,  29.29,  28.96,  28.68,  28.68,  28.81,  28.96,  28.69,  28.61,  28.56,  28.52,  28.28,  28.33,  28.15,  27.90,  27.37,  27.46,  27.48,  27.53,  28.20,  28.61,  28.90,  29.20,  29.18,  28.88,  28.74
20040804, 1800,  , TS, 24.4N, 165.5E,  35,  997,    0,    0,    0,    0,    0,    0,    0,    0,    0,    0,    0,    0, -999,  29.68,  29.56,  29.58,  29.51,  29.39,  29.18,  29.05,  29.08,  29.00,  28.88,  28.76,  28.75,  28.81,  28.74,  28.88,  28.84,  28.94,  27.83,  27.61,  27.82,  27.59,  27.29,  27.38,  27.32,  27.77,  28.40,  28.56,  28.90,  29.10,  29.28,  29.20
20040805, 0000,  , TS, 25.5N, 165.8E,  45,  991,   50,   50,   50,   50,    0,    0,    0,    0,    0,    0,    0,    0, -999,  28.74,  28.86,  28.74,  28.71,  28.37,  28.19,  28.19,  28.07,  27.43,  27.21,  27.29,  27.74,  27.84,  28.09,  28.02,  27.05,  25.41,  26.59,  26.74,  26.19,  26.18,  25.93,  25.95,  26.77,  26.62,  26.86,  27.64,  28.37,  28.65,  28.74,  28.84
20040805, 0600,  , TS, 26.3N, 166.3E,  55,  984,   60,   50,   50,   60,   15,   15,   15,   15,    0,    0,    0,    0, -999,  28.37,  28.60,  28.58,  28.59,  28.48,  28.19,  28.00,  27.96,  27.58,  27.39,  27.46,  27.74,  27.94,  28.43,  28.31,  27.52,  25.81,  26.88,  26.80,  25.77,  25.68,  25.79,  26.31,  27.55,  27.94,  28.07,  28.07,  28.66,  29.09,  29.00,  29.76
20040805, 1200,  , HU, 27.1N, 166.8E,  70,  972,   70,   55,   55,   70,   20,   15,   20,   15,   15,   10,   15,   10, -999,  28.54,  28.85,  28.89,  28.94,  28.82,  28.67,  28.65,  28.65,  28.47,  28.50,  28.55,  28.73,  28.88,  29.09,  28.78,  28.84,  28.15,  27.95,  27.99,  27.41,  27.07,  26.92,  26.89,  27.09,  27.26,  27.10,  27.43,  28.06,  28.38,  28.35,  28.63
20040805, 1800,  , HU, 27.9N, 167.5E,  90,  954,   90,   80,   80,   90,   30,   30,   30,   30,   20,   20,   20,   20, -999,  28.52,  28.43,  28.44,  28.57,  28.55,  28.49,  28.44,  28.28,  28.16,  28.23,  28.28,  28.15,  28.13,  28.71,  28.64,  28.58,  28.32,  26.21,  25.80,  26.44,  26.72,  27.04,  26.89,  26.85,  27.03,  27.06,  26.98,  27.06,  27.64,  28.30,  28.37
20040806, 0000,  , HU, 28.7N, 168.1E,  90,  954,  100,  100,   75,  100,   40,   40,   40,   40,   20,   20,   20,   20, -999,  27.60,  27.67,  27.79,  27.75,  27.98,  28.15,  27.67,  27.57,  27.71,  27.79,  27.67,  27.62,  27.95,  28.36,  28.70,  27.38,  26.16,  25.75,  25.72,  24.57,  24.69,  25.20,  25.88,  26.17,  26.23,  26.34,  26.69,  27.19,  27.32,  27.48,  27.45
20040806, 0600,  , HU, 29.5N, 168.8E,  90,  954,  100,  100,   75,  100,   40,   40,   40,   40,   20,   20,   20,   20, -999,  27.58,  27.66,  27.73,  27.89,  28.17,  28.23,  27.84,  27.62,  27.51,  27.77,  27.90,  28.17,  28.32,  28.68,  28.37,  27.66,  26.49,  26.54,  26.55,  25.38,  24.94,  24.73,  24.96,  25.07,  25.31,  25.48,  25.77,  26.03,  26.23,  26.78,  26.68
20040806, 1200,  , HU, 30.3N, 169.5E,  90,  954,  100,  100,   75,  100,   40,   40,   40,   40,   20,   20,   20,   20, -999,  26.46,  26.18,  26.95,  27.34,  28.12,  27.80,  27.86,  27.54,  27.52,  28.08,  28.67,  28.96,  29.00,  28.84,  28.49,  28.12,  27.50,  27.26,  27.19,  26.59,  26.83,  27.10,  25.90,  26.08,  26.66,  26.45,  26.01,  25.97,  26.49,  26.41,  26.10
20040806, 1800,  , HU, 31.2N, 170.2E,  65,  976,  100,  100,   70,   70,   35,   35,   35,   35,    0,    0,    0,    0, -999,  26.36,  26.62,  26.57,  26.68,  26.82,  26.40,  26.41,  26.52,  26.60,  27.07,  27.21,  27.60,  27.45,  26.77,  27.62,  26.81,  26.20,  25.50,  25.53,  24.93,  25.30,  25.46,  25.37,  25.42,  25.77,  25.79,  26.14,  26.28,  26.01,  25.39,  25.47
20040807, 0000,  , TS, 32.1N, 171.0E,  60,  980,  100,  100,   70,   70,   25,   25,   25,   25,    0,    0,    0,    0, -999,  26.02,  26.10,  25.97,  26.26,  26.55,  27.06,  27.43,  27.93,  27.76,  27.53,  26.69,  25.65,  26.99,  27.10,  26.67,  26.54,  25.89,  25.44,  25.77,  25.91,  25.35,  24.93,  24.95,  25.28,  25.16,  25.39,  25.63,  25.65,  25.44,  25.18,  25.10
20040807, 0600,  , TS, 32.9N, 171.7E,  55,  984,   80,   80,   60,   60,   15,   15,   15,   15,    0,    0,    0,    0, -999,  26.17,  25.49,  25.57,  25.96,  25.46,  26.54,  27.14,  26.33,  25.64,  26.71,  26.38,  26.39,  26.32,  26.21,  26.37,  25.11,  24.80,  25.15,  25.18,  24.87,  24.73,  24.75,  24.44,  24.50,  24.50,  25.35,  25.83,  25.62,  24.82,  24.60,  24.99
20040807, 1200,  , TS, 34.0N, 172.0E,  55,  984,  100,   80,   80,   80,    0,    0,    0,    0,    0,    0,    0,    0, -999,  25.36,  25.91,  25.89,  25.88,  25.62,  26.40,  26.39,  27.05,  27.32,  27.00,  26.48,  26.16,  25.69,  25.70,  25.73,  25.45,  25.10,  24.59,  24.80,  24.78,  24.58,  24.52,  23.57,  23.49,  23.54,  23.89,  24.80,  24.52,  23.92,  23.68,  23.57
20040807, 1800,  , TS, 34.9N, 171.4E,  45,  991,  100,   80,   80,   80,    0,    0,    0,    0,    0,    0,    0,    0, -999,  24.48,  24.97,  25.82,  25.73,  25.74,  25.09,  24.99,  25.07,  25.49,  26.02,  25.67,  25.57,  25.57,  25.59,  25.75,  25.48,  25.24,  24.29,  23.91,  23.94,  23.75,  23.81,  23.87,  23.88,  23.96,  24.02,  24.06,  23.84,  23.28,  23.15,  23.30
20040808, 0000,  , TS, 35.9N, 171.6E,  45,  991,  100,   80,   80,   80,    0,    0,    0,    0,    0,    0,    0,    0, -999,  24.62,  25.12,  25.34,  26.13,  25.70,  25.46,  25.67,  25.31,  25.43,  25.10,  24.33,  24.60,  24.92,  24.66,  24.72,  24.51,  24.21,  23.77,  23.61,  22.93,  22.83,  22.76,  22.83,  22.86,  23.47,  23.55,  23.43,  22.63,  22.45,  22.41,  22.45
20040808, 0600,  , TS, 37.1N, 171.7E,  35,  997,   60,   80,   60,   60,    0,    0,    0,    0,    0,    0,    0,    0, -999,  24.01,  24.09,  24.35,  24.43,  24.77,  24.74,  24.39,  24.21,  24.04,  24.13,  24.03,  23.84,  23.40,  23.11,  23.05,  22.85,  22.61,  22.39,  21.98,  22.08,  22.20,  22.34,  22.27,  22.20,  22.63,  22.50,  22.51,  21.36,  21.37,  20.92,  20.94
20040808, 1200,  , TS, 37.8N, 172.1E,  35,  997,   60,   80,   60,   60,    0,    0,    0,    0,    0,    0,    0,    0, -999,  23.08,  24.01,  24.37,  24.60,  24.73,  24.96,  24.34,  24.21,  24.12,  24.21,  24.28,  23.70,  23.65,  23.42,  23.20,  23.12,  23.20,  22.86,  22.01,  21.81,  21.92,  22.28,  22.26,  22.10,  22.27,  22.36,  22.45,  21.71,  20.97,  20.54,  20.10
20040808, 1800,  , TD, 38.4N, 172.7E,  25, 1002,    0,    0,    0,    0,    0,    0,    0,    0,    0,    0,    0,    0, -999,  21.83,  22.49,  22.48,  22.91,  23.08,  22.78,  22.76,  21.95,  23.22,  24.02,  23.93,  23.44,  21.68,  22.22,  22.55,  22.63,  23.15,  21.77,  20.02,  20.52,  20.09,  20.47,  21.65,  20.83,  21.33,  22.02,  21.85,  20.36,  18.79,  18.13,  18.65
20040809, 0000,  , TD, 39.2N, 172.6E,  25, 1002,    0,    0,    0,    0,    0,    0,    0,    0,    0,    0,    0,    0, -999,  20.38,  20.53,  20.47,  20.36,  20.19,  20.13,  20.08,  20.16,  20.14,  19.94,  20.62,  20.62,  21.49,  23.08,  22.69,  20.76,  18.22,  18.15,  18.03,  18.52,  18.59,  18.60,  19.68,  20.09,  19.92,  19.85,  18.63,  17.03,  16.71,  15.63,  15.35
20040809, 0600,  , DB, 40.0N, 172.6E,  20, 1004,    0,    0,    0,    0,    0,    0,    0,    0,    0,    0,    0,    0, -999,  18.65,  18.75,  18.78,  19.51,  19.64,  19.55,  19.86,  19.98,  20.06,  19.93,  20.07,  19.86,  19.68,  19.62,  19.74,  19.74,  19.79,  18.73,  18.59,  18.70,  18.83,  18.84,  19.02,  19.27,  19.09,  18.93,  17.29,  15.79,  15.55,  14.69,  14.68
