WP141994,            UNNAMED,     37,
19940725, 0600,  , LO, 13.9N, 130.6E,  10,    0,    0,    0,    0,    0,    0,    0,    0,    0,    0,    0,    0,    0, -999,  34.83,  34.83,  34.83,  34.82,  34.72,  34.56,  34.70,  34.65,  34.65,  34.65,  34.28,  34.64,  34.36,  34.60,  34.54,  34.34,  34.54,  34.74,  34.65,  34.43,  34.46,  34.63,  34.47,  34.38,  34.38,  34.59,  34.58,  34.55,  34.40,  34.45,  34.52
19940725, 1200,  , LO, 14.0N, 130.0E,  10,    0,    0,    0,    0,    0,    0,    0,    0,    0,    0,    0,    0,    0, -999,  34.68,  34.58,  34.49,  34.68,  34.72,  34.85,  34.81,  34.80,  34.79,  34.57,  34.60,  34.72,  34.36,  34.46,  34.39,  34.42,  34.41,  34.56,  34.59,  34.50,  34.25,  34.47,  34.54,  34.51,  34.47,  34.45,  34.27,  34.54,  34.65,  34.78,  34.79
19940725, 1800,  , LO, 14.1N, 129.4E,  15,    0,    0,    0,    0,    0,    0,    0,    0,    0,    0,    0,    0,    0, -999,  34.76,  34.90,  34.70,  34.68,  34.63,  34.47,  34.60,  34.62,  34.76,  34.90,  34.82,  34.80,  34.51,  34.73,  34.28,  34.69,  34.27,  34.29,  34.18,  34.28,  34.17,  34.25,  34.31,  34.87,  34.42,  34.33,  34.26,  34.71,  34.71,  34.68,  34.67
19940726, 0000,  , LO, 14.1N, 128.8E,  15,    0,    0,    0,    0,    0,    0,    0,    0,    0,    0,    0,    0,    0, -999,  34.88,  34.90,  34.80,  34.92,  34.99,  35.09,  34.73,  34.91,  34.50,  34.51,  34.67,  34.48,  35.01,  34.52,  35.02,  34.48,  34.95,  34.55,  35.09,  34.61,  34.45,  34.90,  35.18,  34.93,  35.24,  35.26,  34.61,  34.39,  34.86,  34.83,  34.77
19940726, 0600,  , LO, 14.2N, 128.2E,  15,    0,    0,    0,    0,    0,    0,    0,    0,    0,    0,    0,    0,    0, -999,  34.90,  34.85,  34.70,  34.69,  34.70,  34.72,  34.77,  34.92,  34.80,  34.66,  35.07,  34.89,  35.12,  35.09,  35.16,  34.75,  35.15,  35.07,  35.09,  34.80,  34.68,  34.72,  35.16,  34.62,  35.16,  34.68,  34.44,  34.36,  34.70,  34.83,  34.92
19940726, 1200,  , LO, 14.5N, 127.7E,  15,    0,    0,    0,    0,    0,    0,    0,    0,    0,    0,    0,    0,    0, -999,  34.85,  34.86,  34.77,  34.70,  34.70,  34.74,  34.76,  34.76,  34.75,  34.77,  34.77,  34.79,  34.75,  34.73,  34.73,  34.78,  34.79,  34.83,  34.81,  35.05,  35.02,  35.09,  35.08,  35.09,  34.92,  34.55,  34.45,  34.95,  34.40,  34.43,  34.37
19940726, 1800,  , LO, 14.9N, 127.2E,  15,    0,    0,    0,    0,    0,    0,    0,    0,    0,    0,    0,    0,    0, -999,  34.73,  34.69,  34.72,  34.74,  34.73,  34.75,  34.73,  34.75,  34.73,  34.82,  34.87,  34.90,  34.93,  34.89,  34.89,  34.85,  34.84,  34.78,  34.76,  34.79,  34.79,  34.80,  34.83,  34.93,  34.85,  34.48,  34.44,  34.79,  34.45,  34.94,  34.42
19940727, 0000,  , LO, 15.3N, 126.7E,  15,    0,    0,    0,    0,    0,    0,    0,    0,    0,    0,    0,    0,    0, -999,  34.66,  34.62,  34.64,  34.92,  34.87,  34.81,  35.04,  35.04,  34.98,  34.92,  34.83,  34.73,  34.73,  34.73,  34.80,  34.87,  35.01,  34.97,  34.98,  34.89,  34.80,  34.76,  34.83,  34.47,  34.41,  34.39,  34.60,  34.41,  34.58,  34.64,  34.86
19940727, 0600,  , LO, 15.7N, 126.3E,  20,    0,    0,    0,    0,    0,    0,    0,    0,    0,    0,    0,    0,    0, -999,  34.72,  34.67,  34.66,  34.86,  34.86,  34.77,  34.82,  34.81,  34.81,  34.74,  34.84,  34.82,  34.74,  34.70,  34.78,  34.81,  34.91,  34.88,  34.94,  34.92,  34.92,  34.93,  34.80,  34.76,  34.69,  34.37,  34.34,  34.37,  34.38,  34.37,  34.50
19940727, 1200,  , LO, 16.2N, 126.0E,  20,    0,    0,    0,    0,    0,    0,    0,    0,    0,    0,    0,    0,    0, -999,  34.59,  34.72,  34.75,  34.81,  34.77,  34.80,  34.87,  34.79,  34.86,  34.90,  34.85,  34.82,  34.85,  34.84,  34.91,  35.02,  35.01,  34.96,  34.95,  34.91,  34.88,  34.88,  34.82,  34.81,  34.85,  34.74,  34.70,  34.33,  34.33,  34.80,  34.35
19940727, 1800,  , LO, 16.7N, 125.9E,  20,    0,    0,    0,    0,    0,    0,    0,    0,    0,    0,    0,    0,    0, -999,  34.55,  34.57,  34.81,  34.84,  34.75,  34.81,  34.79,  34.87,  34.91,  34.90,  34.84,  34.86,  34.79,  34.67,  34.73,  34.80,  34.91,  34.88,  34.87,  34.88,  34.89,  34.91,  34.94,  34.91,  34.83,  34.83,  34.82,  34.27,  34.77,  34.70,  34.76
19940728, 0000,  , LO, 17.2N, 126.0E,  20,    0,    0,    0,    0,    0,    0,    0,    0,    0,    0,    0,    0,    0, -999,  34.55,  34.57,  34.87,  34.85,  34.89,  34.90,  34.88,  34.83,  34.77,  34.68,  34.63,  34.63,  34.65,  34.72,  34.79,  34.87,  34.82,  34.79,  34.88,  34.87,  34.86,  34.89,  34.84,  34.86,  34.83,  34.86,  34.73,  34.89,  34.80,  34.35,  34.67
19940728, 0600,  , LO, 17.7N, 126.2E,  20,    0,    0,    0,    0,    0,    0,    0,    0,    0,    0,    0,    0,    0, -999,  34.62,  34.65,  34.88,  34.97,  34.80,  34.66,  34.56,  34.63,  34.61,  34.60,  34.60,  34.67,  34.71,  34.71,  34.61,  34.59,  34.72,  34.85,  34.96,  34.90,  34.87,  34.84,  34.84,  34.81,  34.46,  34.82,  34.90,  34.92,  34.88,  34.71,  34.72
19940728, 1200,  , LO, 18.2N, 126.6E,  20,    0,    0,    0,    0,    0,    0,    0,    0,    0,    0,    0,    0,    0, -999,  34.87,  34.58,  34.46,  34.48,  34.57,  34.59,  34.72,  34.71,  34.70,  34.60,  34.54,  34.58,  34.63,  34.76,  34.71,  34.86,  34.89,  34.83,  34.78,  34.77,  34.90,  34.85,  34.82,  34.71,  34.74,  34.79,  34.89,  34.88,  34.77,  34.70,  34.74
19940728, 1800,  , LO, 18.8N, 126.9E,  25,    0,    0,    0,    0,    0,    0,    0,    0,    0,    0,    0,    0,    0, -999,  34.69,  34.70,  34.79,  34.89,  34.83,  34.77,  34.72,  34.72,  34.68,  34.70,  34.65,  34.62,  34.42,  34.45,  34.50,  34.55,  34.61,  34.61,  34.71,  34.76,  34.62,  34.62,  34.73,  34.80,  34.76,  34.79,  34.55,  34.54,  34.74,  34.54,  34.53
19940729, 0000,  , LO, 19.4N, 127.3E,  30,    0,    0,    0,    0,    0,    0,    0,    0,    0,    0,    0,    0,    0, -999,  34.61,  34.86,  34.82,  34.52,  34.45,  34.52,  34.54,  34.54,  34.49,  34.55,  34.53,  34.61,  34.62,  34.52,  34.42,  34.45,  34.69,  34.69,  34.74,  34.76,  34.64,  34.61,  34.59,  34.56,  34.47,  34.56,  34.49,  34.57,  34.69,  34.53,  34.83
19940729, 0600,  , LO, 20.2N, 127.8E,  30,    0,    0,    0,    0,    0,    0,    0,    0,    0,    0,    0,    0,    0, -999,  34.76,  34.84,  34.84,  34.78,  34.75,  34.84,  34.92,  34.83,  34.66,  34.64,  34.69,  34.70,  34.69,  34.66,  34.66,  34.68,  34.81,  35.04,  34.95,  34.94,  35.01,  35.01,  34.95,  34.92,  34.52,  34.72,  34.80,  34.62,  34.85,  34.78,  34.77
19940729, 1200,  , LO, 21.2N, 128.1E,  30,    0,    0,    0,    0,    0,    0,    0,    0,    0,    0,    0,    0,    0, -999,  34.77,  34.79,  34.80,  34.76,  34.76,  34.83,  34.73,  34.72,  34.73,  34.72,  34.76,  34.81,  34.89,  34.93,  34.93,  34.71,  34.69,  34.64,  34.80,  34.87,  34.92,  34.92,  34.89,  34.87,  34.54,  34.69,  34.60,  34.58,  34.61,  34.66,  34.67
19940729, 1800,  , LO, 22.2N, 128.4E,  30,    0,    0,    0,    0,    0,    0,    0,    0,    0,    0,    0,    0,    0, -999,  34.64,  34.67,  34.64,  34.59,  34.61,  34.61,  34.74,  34.81,  34.90,  34.97,  34.97,  34.94,  34.92,  34.89,  34.88,  34.84,  34.75,  34.76,  34.81,  34.88,  34.88,  34.86,  34.84,  34.81,  34.80,  34.77,  34.96,  35.09,  35.04,  34.95,  34.82
19940730, 0000,  , LO, 23.3N, 128.6E,  30,    0,    0,    0,    0,    0,    0,    0,    0,    0,    0,    0,    0,    0, -999,  34.59,  34.68,  34.71,  34.71,  34.71,  34.84,  34.86,  34.87,  34.87,  34.91,  34.91,  34.89,  34.84,  34.75,  34.68,  34.71,  34.74,  34.77,  34.82,  34.86,  34.82,  34.72,  34.62,  34.44,  34.46,  34.71,  34.70,  34.58,  34.68,  34.66,  34.58
19940730, 0600,  , LO, 24.4N, 128.7E,  30,    0,    0,    0,    0,    0,    0,    0,    0,    0,    0,    0,    0,    0, -999,  34.82,  34.79,  34.80,  34.81,  34.81,  34.78,  34.74,  34.72,  34.65,  34.67,  34.69,  34.68,  34.75,  34.70,  34.48,  34.58,  34.75,  34.82,  34.84,  34.81,  34.77,  34.73,  34.80,  34.87,  34.87,  34.80,  34.75,  34.74,  34.73,  34.73,  34.73
19940730, 1200,  , TS, 25.6N, 128.3E,  35,    0,    0,    0,    0,    0,    0,    0,    0,    0,    0,    0,    0,    0, -999,  34.71,  34.75,  34.92,  34.91,  34.55,  34.80,  34.79,  34.83,  34.81,  34.78,  34.76,  34.74,  34.86,  34.89,  34.87,  34.88,  34.89,  34.91,  34.91,  34.91,  34.90,  34.90,  34.87,  34.89,  34.89,  34.80,  34.78,  34.82,  34.85,  34.88,  34.76
19940730, 1800,  , TS, 26.8N, 127.3E,  35,    0,    0,    0,    0,    0,    0,    0,    0,    0,    0,    0,    0,    0, -999,  34.52,  34.46,  34.46,  34.46,  34.47,  34.63,  34.56,  34.51,  34.41,  34.33,  34.30,  34.39,  34.48,  34.47,  34.76,  34.85,  35.01,  34.92,  34.78,  34.78,  34.78,  34.82,  34.86,  34.88,  34.86,  34.80,  34.78,  34.77,  34.73,  34.60,  34.58
19940731, 0000,  , TS, 28.3N, 126.5E,  40,    0,    0,    0,    0,    0,    0,    0,    0,    0,    0,    0,    0,    0, -999,  34.71,  34.75,  34.76,  34.81,  34.81,  34.83,  34.88,  34.88,  34.45,  34.54,  34.59,  34.63,  34.66,  34.69,  34.63,  34.47,  34.60,  34.55,  34.52,  34.44,  34.28,  34.38,  34.51,  34.61,  34.70,  34.77,  34.78,  34.73,  34.60,  34.54,  34.48
19940731, 0600,  , TS, 29.9N, 125.9E,  45,    0,    0,    0,    0,    0,    0,    0,    0,    0,    0,    0,    0,    0, -999,    nan,    nan,    nan,    nan,    nan,    nan,    nan,    nan,    nan,    nan,    nan,    nan,    nan,    nan,    nan,    nan,    nan,    nan,    nan,    nan,    nan,    nan,    nan,    nan,    nan,    nan,    nan,    nan,    nan,    nan,    nan
19940731, 1200,  , TS, 31.7N, 125.5E,  50,    0,    0,    0,    0,    0,    0,    0,    0,    0,    0,    0,    0,    0, -999,    nan,    nan,    nan,    nan,    nan,    nan,    nan,    nan,    nan,    nan,    nan,    nan,    nan,    nan,    nan,    nan,    nan,    nan,    nan,    nan,    nan,    nan,    nan,    nan,    nan,    nan,    nan,    nan,    nan,    nan,    nan
19940731, 1800,  , TS, 33.5N, 125.5E,  50,    0,    0,    0,    0,    0,    0,    0,    0,    0,    0,    0,    0,    0, -999,    nan,    nan,    nan,    nan,    nan,    nan,    nan,    nan,    nan,    nan,    nan,    nan,    nan,    nan,    nan,    nan,    nan,    nan,    nan,    nan,    nan,    nan,    nan,    nan,    nan,    nan,    nan,    nan,    nan,    nan,    nan
19940801, 0000,  , TS, 35.3N, 126.1E,  45,    0,    0,    0,    0,    0,    0,    0,    0,    0,    0,    0,    0,    0, -999,    nan,    nan,    nan,    nan,    nan,    nan,    nan,    nan,    nan,    nan,    nan,    nan,    nan,    nan,    nan,    nan,    nan,    nan,    nan,    nan,    nan,    nan,    nan,    nan,    nan,    nan,    nan,    nan,    nan,    nan,    nan
19940801, 0600,  , TS, 36.8N, 127.6E,  40,    0,    0,    0,    0,    0,    0,    0,    0,    0,    0,    0,    0,    0, -999,    nan,    nan,    nan,    nan,    nan,    nan,    nan,    nan,    nan,    nan,    nan,    nan,    nan,    nan,    nan,    nan,    nan,    nan,    nan,    nan,    nan,    nan,    nan,    nan,    nan,    nan,    nan,    nan,    nan,    nan,    nan
19940801, 1200,  , TS, 38.0N, 129.6E,  35,    0,    0,    0,    0,    0,    0,    0,    0,    0,    0,    0,    0,    0, -999,  34.09,  34.07,  34.07,  34.07,  34.07,  34.06,  34.06,  34.06,  34.07,  34.07,  34.07,  34.07,  34.08,  34.11,  34.16,  34.17,  34.16,  34.15,  34.13,  34.13,  34.11,  34.11,  34.13,  34.12,  34.13,  34.14,  34.13,  34.14,  34.15,  34.14,  34.14
19940801, 1800,  , TS, 39.0N, 131.9E,  35,    0,    0,    0,    0,    0,    0,    0,    0,    0,    0,    0,    0,    0, -999,  34.01,  34.01,  34.01,  34.02,  34.02,  34.02,  34.02,  34.02,  34.02,  34.02,  34.02,  34.02,  34.03,  34.03,  34.03,  34.04,  34.04,  34.04,  34.05,  34.05,  34.04,  34.04,  34.05,  34.04,  34.05,  34.06,  34.06,  34.06,  34.07,  34.08,  34.08
19940802, 0000,  , TS, 39.9N, 134.5E,  35,    0,    0,    0,    0,    0,    0,    0,    0,    0,    0,    0,    0,    0, -999,  34.04,  34.04,  34.05,  34.05,  34.05,  34.05,  34.05,  34.05,  34.05,  34.05,  34.05,  34.05,  34.04,  34.04,  34.04,  34.03,  34.03,  34.03,  34.03,  34.03,  34.04,  34.04,  34.04,  34.04,  34.04,  34.04,  34.04,  34.04,  34.04,  34.04,  34.04
19940802, 0600,  , TS, 40.4N, 137.3E,  40,    0,    0,    0,    0,    0,    0,    0,    0,    0,    0,    0,    0,    0, -999,  34.07,  34.07,  34.07,  34.07,  34.08,  34.08,  34.08,  34.08,  34.08,  34.08,  34.09,  34.09,  34.09,  34.09,  34.09,  34.10,  34.11,  34.11,  34.11,  34.10,  34.10,  34.10,  34.09,  34.09,  34.08,  34.08,  34.07,  34.07,  34.06,  34.07,  34.06
19940802, 1200,  , TS, 40.7N, 139.9E,  45,    0,    0,    0,    0,    0,    0,    0,    0,    0,    0,    0,    0,    0, -999,  34.16,  34.18,  34.18,  34.17,  34.18,  34.17,  34.20,  34.20,  34.21,  34.20,  34.20,  34.21,  34.22,  34.22,  34.22,  34.22,  34.23,  34.23,  34.25,  34.21,  34.23,  34.23,  34.22,  34.20,  34.20,  34.20,  34.19,  34.17,  34.20,  34.19,  34.20
19940802, 1800,  , TS, 40.9N, 142.2E,  35,    0,    0,    0,    0,    0,    0,    0,    0,    0,    0,    0,    0,    0, -999,  34.02,  33.76,  33.39,  33.21,  33.29,  33.45,  33.70,  33.92,  33.92,  33.83,  33.82,  33.90,  33.89,  33.86,  33.83,  33.75,  33.72,  33.66,  33.82,  34.13,  34.19,  34.21,  34.07,  34.04,  34.05,  34.05,  34.06,  34.08,  34.18,  34.18,  34.18
19940803, 0000,  , LO, 40.8N, 144.2E,  30,    0,    0,    0,    0,    0,    0,    0,    0,    0,    0,    0,    0,    0, -999,  33.78,  33.77,  33.78,  33.80,  33.79,  33.76,  33.74,  33.70,  33.68,  33.66,  33.66,  33.65,  33.65,  33.67,  33.69,  33.66,  33.64,  33.66,  33.69,  33.67,  33.59,  33.59,  33.64,  33.56,  33.59,  33.59,  33.58,  33.58,  33.56,  33.53,  33.48
19940803, 0600,  , LO, 40.8N, 145.9E,  25,    0,    0,    0,    0,    0,    0,    0,    0,    0,    0,    0,    0,    0, -999,  33.87,  33.88,  33.89,  33.91,  33.95,  34.01,  33.98,  33.86,  33.84,  33.81,  33.69,  33.50,  33.34,  33.28,  33.40,  33.62,  33.80,  33.87,  33.90,  33.80,  33.69,  33.69,  33.70,  33.73,  33.80,  33.89,  34.02,  34.13,  34.22,  34.21,  34.15
