WP142001,            UNNAMED,     40,
20010813, 0600,  , TD, 17.5N, 145.6E,  25, 1002,    0,    0,    0,    0,    0,    0,    0,    0,    0,    0,    0,    0, -999,  27.05,  26.79,  26.25,  26.03,  25.91,  25.69,  25.32,  25.07,  24.59,  25.17,  25.15,  25.11,  25.64,  26.20,  26.07,  26.07,  26.23,  26.19,  26.24,  25.95,  25.60,  26.11,  26.07,  26.50,  26.38,  26.21,  26.34,  26.80,  26.79,  26.73,  28.15
20010813, 1200,  , TD, 18.0N, 145.7E,  25, 1002,    0,    0,    0,    0,    0,    0,    0,    0,    0,    0,    0,    0, -999,  25.63,  25.41,  25.16,  25.03,  25.06,  24.99,  24.28,  24.39,  23.96,  24.16,  24.45,  24.60,  24.69,  24.98,  25.07,  25.03,  25.20,  24.96,  25.14,  25.06,  24.88,  24.95,  24.86,  25.19,  25.20,  25.26,  25.40,  25.34,  25.10,  24.86,  25.13
20010813, 1800,  , TD, 18.3N, 145.6E,  25, 1002,    0,    0,    0,    0,    0,    0,    0,    0,    0,    0,    0,    0, -999,  26.30,  26.01,  25.53,  25.41,  25.07,  24.96,  24.35,  24.29,  23.76,  23.97,  24.14,  24.03,  23.95,  23.98,  24.23,  24.24,  24.22,  24.42,  24.29,  24.19,  24.09,  24.28,  24.19,  24.16,  24.19,  24.74,  25.01,  24.57,  24.24,  24.30,  24.33
20010814, 0000,  , TD, 18.5N, 145.5E,  30, 1000,    0,    0,    0,    0,    0,    0,    0,    0,    0,    0,    0,    0, -999,  26.84,  26.40,  25.91,  26.06,  25.72,  25.56,  24.60,  24.03,  23.90,  24.62,  23.84,  23.81,  24.62,  24.85,  24.39,  24.18,  24.10,  24.14,  24.10,  24.11,  24.22,  24.11,  24.10,  24.15,  24.35,  24.80,  24.25,  23.92,  24.25,  24.18,  24.14
20010814, 0600,  , TD, 18.6N, 145.3E,  30, 1000,    0,    0,    0,    0,    0,    0,    0,    0,    0,    0,    0,    0, -999,  27.08,  26.54,  26.49,  26.26,  25.88,  25.93,  25.62,  24.23,  24.22,  25.00,  24.44,  24.85,  24.79,  24.77,  24.91,  24.42,  23.96,  23.88,  24.06,  23.97,  24.18,  24.10,  24.13,  24.36,  24.28,  24.55,  24.18,  24.06,  23.94,  24.06,  24.07
20010814, 1200,  , TS, 18.8N, 144.9E,  35,  997,    0,    0,    0,    0,    0,    0,    0,    0,    0,    0,    0,    0, -999,  27.99,  27.61,  27.36,  27.20,  27.03,  26.96,  26.70,  26.22,  26.30,  26.68,  25.16,  25.73,  25.99,  24.78,  24.03,  24.61,  24.70,  24.10,  23.97,  23.84,  24.07,  24.20,  24.29,  24.33,  24.61,  25.05,  24.82,  23.77,  23.80,  23.74,  23.69
20010814, 1800,  , TS, 19.1N, 144.2E,  40,  994,    0,    0,    0,    0,    0,    0,    0,    0,    0,    0,    0,    0, -999,  28.16,  27.96,  27.88,  27.85,  27.69,  27.55,  27.16,  27.07,  27.05,  26.96,  27.02,  26.75,  26.00,  25.69,  25.55,  25.49,  25.33,  24.71,  24.48,  24.02,  24.01,  23.93,  24.37,  24.53,  24.92,  25.08,  25.00,  24.34,  24.11,  24.44,  23.17
20010815, 0000,  , TS, 19.5N, 143.2E,  45,  991,    0,    0,    0,    0,    0,    0,    0,    0,    0,    0,    0,    0, -999,  24.80,  25.35,  25.60,  26.12,  26.47,  26.70,  27.02,  27.08,  27.14,  27.19,  26.98,  27.23,  27.69,  27.68,  27.70,  27.74,  27.64,  27.28,  26.81,  26.94,  26.77,  26.38,  25.59,  25.40,  25.87,  25.22,  25.13,  25.24,  25.08,  24.16,  24.69
20010815, 0600,  , TS, 19.8N, 142.3E,  50,  987,    0,    0,    0,    0,    0,    0,    0,    0,    0,    0,    0,    0, -999,  23.80,  23.73,  23.98,  23.88,  24.07,  24.23,  24.63,  24.97,  25.05,  24.66,  24.53,  24.99,  25.93,  26.17,  26.61,  27.09,  27.10,  27.01,  26.86,  27.19,  26.86,  26.62,  26.37,  26.25,  26.00,  25.36,  24.76,  25.40,  25.66,  25.05,  24.78
20010815, 1200,  , TS, 20.1N, 141.5E,  60,  980,    0,    0,    0,    0,    0,    0,    0,    0,    0,    0,    0,    0, -999,  24.17,  24.02,  23.88,  23.73,  23.73,  23.52,  23.81,  24.02,  24.02,  23.81,  23.77,  23.86,  23.92,  23.92,  24.04,  24.84,  24.31,  24.09,  24.48,  24.53,  24.58,  24.27,  23.75,  23.77,  23.94,  24.52,  24.78,  24.63,  24.66,  24.54,  24.93
20010815, 1800,  , TS, 20.4N, 140.7E,  60,  980,    0,    0,    0,    0,    0,    0,    0,    0,    0,    0,    0,    0, -999,  25.47,  25.31,  24.92,  24.57,  24.52,  24.36,  24.39,  24.33,  23.88,  23.52,  23.67,  23.84,  24.00,  23.97,  23.89,  23.94,  23.07,  22.58,  23.08,  23.44,  23.70,  23.21,  22.42,  21.86,  21.52,  21.74,  22.01,  21.90,  22.22,  22.64,  23.14
20010816, 0000,  , HU, 20.7N, 140.2E,  65,  976,    0,    0,    0,    0,    0,    0,    0,    0,    0,    0,    0,    0, -999,  25.99,  25.76,  25.78,  25.56,  25.36,  25.19,  25.23,  24.84,  24.66,  24.49,  24.64,  24.25,  23.88,  23.76,  24.03,  23.56,  22.73,  22.95,  22.75,  22.63,  22.29,  22.28,  22.29,  22.30,  22.20,  21.99,  21.47,  21.22,  21.48,  21.68,  21.86
20010816, 0600,  , HU, 21.0N, 139.6E,  70,  972,    0,    0,    0,    0,    0,    0,    0,    0,    0,    0,    0,    0, -999,  25.09,  24.48,  24.55,  25.00,  24.84,  24.91,  25.04,  24.88,  25.01,  25.18,  25.21,  24.73,  24.07,  23.88,  24.39,  23.72,  23.30,  23.31,  23.27,  23.07,  22.02,  21.91,  22.21,  22.43,  22.60,  22.84,  22.79,  21.98,  22.42,  22.40,  22.59
20010816, 1200,  , HU, 21.3N, 139.1E,  70,  972,    0,    0,    0,    0,    0,    0,    0,    0,    0,    0,    0,    0, -999,  22.90,  22.10,  22.00,  21.98,  22.76,  23.30,  23.59,  23.92,  24.45,  24.85,  25.07,  24.74,  23.93,  23.52,  23.97,  23.80,  23.31,  23.47,  23.93,  23.61,  22.37,  21.61,  22.04,  21.98,  21.82,  22.64,  23.04,  22.75,  22.70,  22.88,  23.07
20010816, 1800,  , HU, 21.4N, 138.6E,  75,  967,    0,    0,    0,    0,    0,    0,    0,    0,    0,    0,    0,    0, -999,  21.72,  21.39,  21.45,  21.53,  21.96,  22.48,  23.01,  23.31,  23.71,  23.95,  24.01,  23.75,  22.82,  22.52,  22.55,  22.73,  22.59,  22.77,  23.23,  22.64,  21.43,  20.68,  20.60,  20.66,  20.77,  21.15,  21.12,  21.37,  21.93,  22.09,  22.21
20010817, 0000,  , HU, 21.5N, 138.1E,  80,  963,    0,    0,    0,    0,    0,    0,    0,    0,    0,    0,    0,    0, -999,  22.16,  22.09,  22.00,  22.26,  22.24,  22.21,  22.27,  23.00,  23.23,  23.74,  23.72,  22.96,  22.51,  22.17,  22.00,  22.17,  22.61,  22.89,  22.49,  21.38,  20.55,  20.02,  19.52,  19.59,  19.79,  19.94,  20.16,  20.61,  20.98,  21.67,  21.70
20010817, 0600,  , HU, 21.7N, 137.7E,  80,  963,    0,    0,    0,    0,    0,    0,    0,    0,    0,    0,    0,    0, -999,  22.79,  22.91,  22.78,  22.85,  22.78,  22.60,  22.89,  23.30,  23.29,  23.43,  23.39,  22.50,  22.21,  22.04,  21.87,  22.05,  22.77,  22.27,  22.31,  21.62,  21.35,  20.75,  19.76,  19.45,  19.53,  19.50,  19.36,  19.41,  19.28,  19.43,  19.53
20010817, 1200,  , HU, 22.0N, 137.3E,  80,  963,    0,    0,    0,    0,    0,    0,    0,    0,    0,    0,    0,    0, -999,  23.18,  23.35,  23.51,  23.60,  23.14,  23.11,  23.74,  23.78,  23.51,  23.44,  23.37,  22.78,  22.38,  22.42,  22.19,  21.96,  22.37,  21.53,  21.50,  21.11,  20.91,  20.41,  19.78,  19.61,  19.33,  19.30,  19.18,  19.18,  19.28,  19.49,  19.45
20010817, 1800,  , HU, 22.3N, 137.0E,  80,  963,    0,    0,    0,    0,    0,    0,    0,    0,    0,    0,    0,    0, -999,  23.00,  22.93,  23.06,  23.19,  23.46,  23.37,  23.93,  24.25,  24.31,  24.27,  23.96,  23.48,  23.35,  23.29,  23.16,  22.43,  22.09,  21.01,  20.86,  20.66,  20.11,  19.66,  19.03,  19.11,  18.93,  19.15,  18.92,  19.44,  19.72,  19.70,  19.67
20010818, 0000,  , HU, 22.7N, 136.7E,  75,  967,    0,    0,    0,    0,    0,    0,    0,    0,    0,    0,    0,    0, -999,  22.75,  22.72,  22.69,  22.91,  22.93,  23.61,  23.82,  24.09,  24.09,  24.10,  23.81,  23.66,  23.71,  23.48,  22.67,  22.23,  21.36,  21.34,  20.98,  20.27,  19.89,  19.57,  19.34,  19.04,  19.34,  19.15,  19.23,  19.56,  20.00,  20.18,  20.02
20010818, 0600,  , HU, 23.4N, 136.2E,  75,  967,    0,    0,    0,    0,    0,    0,    0,    0,    0,    0,    0,    0, -999,  20.43,  20.27,  20.26,  20.43,  20.77,  22.08,  22.35,  22.68,  22.86,  22.66,  22.60,  22.41,  22.32,  21.95,  21.76,  21.63,  21.20,  21.29,  21.01,  20.82,  20.70,  20.65,  20.47,  20.31,  20.43,  20.57,  20.71,  20.90,  20.63,  20.46,  20.56
20010818, 1200,  , HU, 24.2N, 135.7E,  80,  963,    0,    0,    0,    0,    0,    0,    0,    0,    0,    0,    0,    0, -999,  21.48,  21.38,  21.49,  21.52,  21.18,  21.08,  20.82,  20.72,  20.53,  20.51,  20.44,  20.66,  20.69,  20.80,  20.82,  20.73,  20.58,  20.68,  20.34,  20.40,  20.50,  20.42,  20.39,  20.32,  20.84,  21.36,  21.37,  21.68,  21.99,  22.15,  21.86
20010818, 1800,  , HU, 24.7N, 135.1E,  85,  958,    0,    0,    0,    0,    0,    0,    0,    0,    0,    0,    0,    0, -999,  21.43,  21.44,  21.52,  21.64,  21.47,  21.40,  21.33,  21.13,  21.02,  20.78,  20.80,  20.87,  20.78,  20.76,  20.98,  20.79,  20.27,  20.00,  20.01,  20.09,  20.02,  19.93,  20.04,  19.91,  19.78,  19.62,  20.04,  20.50,  21.11,  21.63,  21.97
20010819, 0000,  , HU, 25.4N, 134.4E,  90,  954,    0,    0,    0,    0,    0,    0,    0,    0,    0,    0,    0,    0, -999,  20.88,  20.64,  20.73,  20.56,  20.70,  20.85,  21.33,  21.49,  21.29,  21.07,  20.52,  20.27,  20.26,  20.50,  20.26,  19.95,  19.69,  19.50,  19.31,  19.31,  19.13,  19.43,  19.51,  19.58,  19.40,  19.15,  19.52,  19.60,  19.64,  19.59,  19.29
20010819, 0600,  , HU, 26.2N, 133.7E,  90,  954,    0,    0,    0,    0,    0,    0,    0,    0,    0,    0,    0,    0, -999,  20.72,  20.60,  20.48,  20.37,  20.19,  20.00,  21.53,  22.06,  21.92,  21.62,  21.30,  21.21,  21.21,  21.53,  20.53,  20.15,  19.97,  20.29,  19.86,  19.75,  19.60,  19.75,  19.81,  20.10,  20.26,  20.15,  19.89,  20.04,  19.93,  20.04,  20.27
20010819, 1200,  , HU, 26.9N, 133.2E,  90,  954,    0,    0,    0,    0,    0,    0,    0,    0,    0,    0,    0,    0, -999,  21.81,  21.61,  21.52,  21.58,  21.74,  21.86,  22.93,  23.33,  23.28,  22.91,  22.47,  22.45,  21.68,  22.02,  21.66,  21.21,  20.85,  20.69,  20.44,  20.36,  20.43,  20.53,  20.75,  20.88,  21.18,  21.01,  20.41,  20.09,  20.41,  20.75,  20.78
20010819, 1800,  , HU, 27.7N, 132.9E,  90,  954,    0,    0,    0,    0,    0,    0,    0,    0,    0,    0,    0,    0, -999,  22.38,  21.99,  21.79,  21.58,  21.34,  21.28,  22.09,  22.48,  22.44,  22.59,  22.18,  21.90,  22.02,  22.29,  22.34,  22.17,  21.38,  21.50,  21.62,  21.45,  21.49,  21.35,  21.30,  21.29,  21.26,  21.43,  21.91,  21.96,  21.76,  21.91,  21.97
20010820, 0000,  , HU, 28.5N, 132.8E,  90,  954,    0,    0,    0,    0,    0,    0,    0,    0,    0,    0,    0,    0, -999,  21.98,  21.64,  21.50,  21.48,  21.38,  22.21,  22.40,  22.44,  22.65,  22.84,  23.23,  23.30,  22.66,  22.05,  21.73,  21.39,  22.11,  22.52,  22.36,  22.07,  22.14,  22.53,  22.59,  22.48,  21.93,  21.88,  22.13,  22.26,  22.06,  22.05,  22.26
20010820, 0600,  , HU, 29.5N, 133.1E,  80,  963,    0,    0,    0,    0,    0,    0,    0,    0,    0,    0,    0,    0, -999,  21.64,  21.52,  21.22,  21.23,  21.05,  21.32,  22.00,  21.36,  21.33,  21.77,  21.97,  22.30,  21.87,  21.67,  21.67,  21.59,  21.65,  21.92,  21.41,  21.12,  20.81,  21.33,  21.29,  21.30,  21.81,  21.99,  21.92,  21.75,  21.49,  21.40,  21.65
20010820, 1200,  , HU, 30.2N, 133.7E,  75,  967,    0,    0,    0,    0,    0,    0,    0,    0,    0,    0,    0,    0, -999,  23.53,  23.94,  23.12,  21.68,  21.31,  21.35,  23.04,  22.59,  22.02,  21.31,  22.09,  21.94,  22.73,  22.92,  21.56,  20.69,  21.61,  22.13,  21.84,  22.37,  21.93,  21.95,  22.44,  22.38,  21.92,  22.11,  21.84,  21.21,  21.07,  21.29,  21.25
20010820, 1800,  , HU, 30.9N, 134.4E,  70,  972,    0,    0,    0,    0,    0,    0,    0,    0,    0,    0,    0,    0, -999,  23.84,  23.79,  22.05,  20.78,  20.68,  20.53,  19.29,  19.66,  20.34,  20.05,  21.58,  22.77,  22.56,  19.78,  20.21,  20.72,  21.24,  21.21,  22.73,  22.56,  22.15,  22.37,  22.55,  21.93,  22.61,  23.08,  22.73,  21.93,  22.09,  22.05,  22.15
20010821, 0000,  , HU, 31.7N, 135.1E,  65,  976,    0,    0,    0,    0,    0,    0,    0,    0,    0,    0,    0,    0, -999,  23.09,  22.91,  22.79,  22.36,  22.52,  22.92,  21.54,  21.96,  22.95,  23.31,  22.89,  21.64,  20.77,  20.76,  22.57,  22.58,  21.45,  21.97,  22.19,  22.86,  22.66,  22.63,  22.75,  22.95,  23.03,  22.82,  23.19,  22.98,  22.55,  22.01,  21.88
20010821, 0600,  , TS, 33.0N, 135.1E,  60,  980,    0,    0,    0,    0,    0,    0,    0,    0,    0,    0,    0,    0, -999,  15.21,  14.65,  15.35,  14.58,  14.61,  14.82,  15.45,  17.34,  20.17,  20.78,  20.15,  19.86,  20.16,  20.26,  18.59,  18.43,  17.84,  18.03,  21.45,  21.89,  20.21,  21.13,  20.12,  20.97,  20.65,  21.52,  21.36,  21.94,  22.68,  21.29,  20.59
20010821, 1200,  , TS, 33.7N, 135.9E,  55,  972,    0,    0,    0,    0,    0,    0,    0,    0,    0,    0,    0,    0, -999,    nan,    nan,    nan,    nan,    nan,    nan,    nan,    nan,    nan,    nan,    nan,    nan,    nan,    nan,    nan,    nan,    nan,    nan,    nan,    nan,    nan,    nan,    nan,    nan,    nan,    nan,    nan,    nan,    nan,    nan,    nan
20010821, 1800,  , TS, 34.5N, 136.8E,  50,  987,    0,    0,    0,    0,    0,    0,    0,    0,    0,    0,    0,    0, -999,    nan,    nan,    nan,    nan,    nan,    nan,    nan,    nan,    nan,    nan,    nan,    nan,    nan,    nan,    nan,    nan,    nan,    nan,    nan,    nan,    nan,    nan,    nan,    nan,    nan,    nan,    nan,    nan,    nan,    nan,    nan
20010822, 0000,  , TS, 34.9N, 138.2E,  45,  991,    0,    0,    0,    0,    0,    0,    0,    0,    0,    0,    0,    0, -999,    nan,    nan,    nan,    nan,    nan,    nan,    nan,    nan,    nan,    nan,    nan,    nan,    nan,    nan,    nan,    nan,    nan,    nan,    nan,    nan,    nan,    nan,    nan,    nan,    nan,    nan,    nan,    nan,    nan,    nan,    nan
20010822, 0600,  , TS, 35.2N, 139.8E,  40,  984,    0,    0,    0,    0,    0,    0,    0,    0,    0,    0,    0,    0, -999,    nan,    nan,    nan,    nan,    nan,    nan,    nan,    nan,    nan,    nan,    nan,    nan,    nan,    nan,    nan,    nan,    nan,    nan,    nan,    nan,    nan,    nan,    nan,    nan,    nan,    nan,    nan,    nan,    nan,    nan,    nan
20010822, 1200,  , TS, 37.2N, 141.2E,  35,  986,    0,    0,    0,    0,    0,    0,    0,    0,    0,    0,    0,    0, -999,  11.11,  11.30,  10.96,  10.62,  10.58,  10.66,  11.30,  11.63,  11.38,  11.20,  10.86,  11.77,  12.77,  13.00,  13.10,  13.17,  13.04,  12.83,  12.70,  12.57,  12.66,  12.53,  12.84,  13.14,  13.18,  13.36,  13.52,  13.48,  13.33,  13.46,  13.43
20010822, 1800,  , TD, 39.4N, 142.4E,  30, 1000,    0,    0,    0,    0,    0,    0,    0,    0,    0,    0,    0,    0, -999,   4.13,   4.74,   4.43,   3.95,   4.59,   4.61,   4.59,   4.90,   5.09,   5.32,   4.94,   5.44,   5.23,   5.20,   5.71,   6.61,   6.17,   5.99,   5.73,   5.80,   6.81,   6.87,   7.46,   7.01,   6.24,   5.85,   6.12,   6.06,   5.89,   5.90,   6.82
20010823, 0000,  , TD, 41.8N, 143.5E,  30, 1000,    0,    0,    0,    0,    0,    0,    0,    0,    0,    0,    0,    0, -999,   6.15,   6.41,   6.27,   6.52,   6.77,   6.76,   6.50,   6.25,   5.28,   5.63,   6.08,   6.51,   6.31,   5.76,   6.08,   6.11,   6.49,   6.64,   6.76,   6.78,   6.77,   6.22,   5.85,   5.89,   5.53,   4.59,   4.35,   4.65,   5.22,   5.61,   6.20
