WP152002,            UNNAMED,     17,
20020717, 0600,  , TD,  9.1N, 178.3W,  25, 1002,    0,    0,    0,    0,    0,    0,    0,    0,    0,    0,    0,    0, -999,  26.90,  26.98,  26.89,  26.97,  27.17,  26.92,  27.26,  27.25,  26.53,  26.17,  26.23,  25.23,  25.46,  26.07,  25.31,  25.30,  25.63,  25.16,  25.71,  25.46,  25.65,  25.67,  25.48,  25.62,  26.35,  25.91,  25.44,  25.97,  24.65,  24.78,  24.92
20020717, 1200,  , TD, 10.0N, 177.7W,  25, 1002,    0,    0,    0,    0,    0,    0,    0,    0,    0,    0,    0,    0, -999,  27.19,  27.21,  27.08,  26.66,  27.00,  27.30,  27.82,  27.61,  27.17,  27.25,  26.57,  26.48,  25.11,  25.88,  24.65,  24.60,  24.86,  24.28,  24.04,  24.46,  24.96,  24.70,  24.94,  25.01,  25.76,  25.71,  26.42,  27.61,  27.72,  28.35,  27.61
20020717, 1800,  , TD, 11.4N, 176.9W,  25, 1002,    0,    0,    0,    0,    0,    0,    0,    0,    0,    0,    0,    0, -999,  27.14,  26.99,  26.80,  26.61,  26.92,  27.55,  27.50,  26.95,  26.91,  26.98,  26.89,  26.43,  26.46,  26.61,  26.64,  26.22,  26.14,  26.08,  26.07,  26.48,  26.78,  26.64,  27.46,  27.57,  27.29,  26.78,  26.79,  27.07,  27.09,  27.10,  27.61
20020718, 0000,  , TD, 12.4N, 176.7W,  25, 1002,    0,    0,    0,    0,    0,    0,    0,    0,    0,    0,    0,    0, -999,  27.16,  27.44,  27.62,  27.69,  27.81,  28.05,  28.08,  28.02,  28.04,  28.16,  28.06,  27.88,  27.69,  27.52,  27.53,  27.33,  27.40,  27.26,  26.91,  26.66,  27.31,  27.38,  27.47,  27.22,  27.15,  27.20,  27.19,  27.14,  27.05,  26.91,  27.25
20020718, 0600,  , TD, 12.9N, 176.8W,  20, 1009,    0,    0,    0,    0,    0,    0,    0,    0,    0,    0,    0,    0, -999,  27.22,  27.50,  27.53,  27.66,  27.87,  28.14,  28.05,  27.87,  27.62,  27.71,  27.75,  27.47,  27.34,  27.10,  27.19,  27.09,  27.08,  26.97,  26.90,  26.88,  27.52,  27.52,  27.63,  27.33,  27.16,  27.25,  27.34,  27.45,  27.32,  27.23,  27.49
20020718, 1200,  , TD, 13.3N, 177.0W,  20, 1009,    0,    0,    0,    0,    0,    0,    0,    0,    0,    0,    0,    0, -999,  26.69,  26.78,  26.96,  26.92,  27.37,  27.68,  27.69,  27.81,  27.88,  28.06,  28.02,  27.69,  27.42,  27.34,  27.24,  27.08,  27.21,  26.99,  27.05,  27.16,  27.59,  27.64,  27.68,  27.56,  27.51,  27.49,  27.63,  27.80,  27.61,  27.63,  27.97
20020718, 1800,  , TD, 14.0N, 177.3W,  20, 1004,    0,    0,    0,    0,    0,    0,    0,    0,    0,    0,    0,    0, -999,  27.45,  27.19,  26.92,  27.16,  26.92,  27.18,  27.17,  27.43,  27.61,  27.92,  27.81,  27.43,  27.53,  27.13,  26.90,  26.57,  26.74,  26.76,  26.62,  26.67,  27.06,  27.44,  27.42,  27.46,  27.17,  27.20,  27.10,  27.34,  27.39,  27.50,  27.83
20020719, 0000,  , TD, 14.7N, 177.5W,  20, 1004,    0,    0,    0,    0,    0,    0,    0,    0,    0,    0,    0,    0, -999,  27.72,  27.66,  27.32,  27.79,  27.86,  27.71,  27.88,  27.90,  27.74,  27.09,  27.13,  26.89,  26.74,  27.07,  26.99,  26.98,  26.63,  26.83,  26.09,  26.06,  26.96,  26.96,  26.79,  26.75,  26.38,  26.34,  26.53,  26.44,  26.45,  27.03,  26.88
20020719, 0600,  , TD, 15.1N, 177.8W,  20, 1004,    0,    0,    0,    0,    0,    0,    0,    0,    0,    0,    0,    0, -999,  27.50,  27.35,  27.08,  27.10,  27.27,  27.91,  27.86,  27.28,  27.55,  27.92,  27.21,  27.15,  26.94,  27.10,  26.96,  26.87,  25.95,  25.92,  26.25,  26.04,  26.66,  27.19,  27.08,  26.88,  26.60,  26.57,  26.52,  26.57,  26.83,  27.24,  27.03
20020719, 1200,  , TD, 15.3N, 178.2W,  25, 1002,    0,    0,    0,    0,    0,    0,    0,    0,    0,    0,    0,    0, -999,  26.69,  26.75,  26.65,  26.84,  27.08,  27.26,  27.19,  27.13,  27.13,  27.11,  27.05,  26.97,  26.87,  26.88,  26.90,  26.84,  26.52,  26.41,  26.53,  26.57,  26.42,  26.43,  26.71,  26.89,  26.77,  26.58,  26.59,  26.66,  26.72,  26.75,  26.62
20020719, 1800,  , TD, 15.3N, 178.6W,  25, 1002,    0,    0,    0,    0,    0,    0,    0,    0,    0,    0,    0,    0, -999,  26.65,  26.82,  26.64,  26.71,  26.77,  26.77,  26.73,  26.87,  26.95,  26.88,  26.79,  26.81,  26.73,  26.77,  26.80,  26.79,  26.55,  26.36,  26.56,  26.43,  26.69,  26.78,  26.88,  26.74,  26.35,  26.32,  26.23,  26.08,  26.46,  26.69,  26.64
20020720, 0000,  , TD, 15.5N, 179.1W,  25, 1002,    0,    0,    0,    0,    0,    0,    0,    0,    0,    0,    0,    0, -999,  26.71,  26.59,  26.61,  26.70,  26.61,  26.44,  26.57,  26.57,  26.63,  26.50,  26.59,  26.70,  26.64,  26.63,  26.47,  26.32,  26.24,  26.42,  26.59,  26.74,  27.14,  27.47,  27.65,  27.17,  26.65,  26.36,  26.05,  25.54,  25.43,  25.36,  25.20
20020720, 0600,  , TD, 16.0N, 179.9W,  25, 1002,    0,    0,    0,    0,    0,    0,    0,    0,    0,    0,    0,    0, -999,  26.38,  26.39,  26.59,  26.58,  26.47,  26.19,  26.56,  26.49,  26.33,  26.46,  26.44,  26.79,  26.68,  27.03,  27.41,  26.65,  25.16,  25.98,  26.06,  27.02,  27.09,  27.42,  27.60,  26.19,  26.91,  27.48,  27.46,  27.32,  27.41,  27.70,  27.82
20020720, 1200,  , TD, 16.5N, 179.4E,  25, 1002,    0,    0,    0,    0,    0,    0,    0,    0,    0,    0,    0,    0, -999,  24.63,  24.48,  25.03,  25.12,  25.04,  24.95,  24.80,  24.91,  24.76,  24.80,  24.82,  24.66,  24.95,  24.69,  24.67,  24.48,  23.88,  24.88,  24.61,  24.77,  24.97,  24.59,  24.82,  24.32,  24.72,  24.85,  24.73,  24.74,  24.56,  26.43,  27.38
20020720, 1800,  , TD, 17.0N, 178.8E,  30, 1000,  130,  130,  100,  100,    0,    0,    0,    0,    0,    0,    0,    0, -999,  23.94,  23.67,  24.18,  24.50,  24.20,  24.34,  24.55,  24.59,  24.34,  24.48,  24.36,  24.08,  24.13,  24.07,  23.79,  23.52,  22.98,  23.16,  22.95,  23.56,  23.58,  23.61,  23.80,  23.85,  24.07,  24.06,  24.07,  24.05,  24.17,  24.39,  24.52
20020721, 0000,  , TD, 17.6N, 178.3E,  30, 1000,    0,    0,    0,    0,    0,    0,    0,    0,    0,    0,    0,    0, -999,  24.36,  24.65,  24.44,  24.33,  24.27,  24.74,  24.62,  24.76,  24.73,  25.22,  24.39,  24.43,  24.20,  24.28,  24.59,  23.88,  23.08,  22.89,  23.28,  22.85,  23.03,  23.10,  22.99,  23.25,  23.45,  23.29,  23.00,  23.08,  23.13,  23.20,  23.47
20020721, 0600,  , TD, 18.1N, 177.9E,  25, 1002,    0,    0,    0,    0,    0,    0,    0,    0,    0,    0,    0,    0, -999,  25.32,  24.91,  24.68,  24.49,  25.20,  25.45,  25.76,  25.65,  25.40,  25.43,  24.84,  24.95,  25.28,  25.49,  25.58,  25.69,  24.36,  24.84,  24.72,  24.39,  24.50,  24.26,  24.21,  24.86,  24.98,  24.97,  24.68,  24.92,  24.04,  23.41,  23.28
