WP152008,            SINLAKU,     59,
20080907, 1200,  , DB, 15.8N, 127.6E,  20, 1007,    0,    0,    0,    0,    0,    0,    0,    0,    0,    0,    0,    0, -999,  29.47,  29.00,  28.59,  28.70,  28.58,  28.87,  29.30,  29.34,  29.77,  29.51,  29.37,  29.43,  29.74,  29.96,  29.85,  29.82,  29.21,  29.38,  29.37,  29.22,  29.14,  28.94,  28.66,  29.09,  28.78,  29.21,  29.28,  29.58,  29.51,  29.23,  29.34
20080907, 1800,  , TD, 15.9N, 127.2E,  20, 1007,    0,    0,    0,    0,    0,    0,    0,    0,    0,    0,    0,    0, -999,  29.38,  29.06,  28.71,  28.48,  28.48,  28.70,  29.17,  29.30,  29.50,  29.48,  29.62,  29.52,  29.31,  29.85,  29.83,  29.82,  29.43,  29.16,  29.15,  29.19,  29.31,  29.12,  29.04,  29.27,  29.45,  29.30,  29.65,  29.39,  29.56,  29.01,  29.18
20080908, 0000,  , TD, 15.9N, 126.8E,  25, 1004,    0,    0,    0,    0,    0,    0,    0,    0,    0,    0,    0,    0, -999,  29.01,  29.12,  28.84,  28.26,  28.64,  29.36,  29.45,  29.44,  29.15,  29.31,  29.28,  29.36,  29.48,  29.33,  29.14,  29.43,  29.05,  29.07,  29.21,  29.20,  29.19,  29.14,  29.02,  29.16,  29.26,  29.54,  29.54,  29.27,  28.93,  29.06,  28.95
20080908, 0600,  , TD, 16.0N, 126.2E,  30, 1000,    0,    0,    0,    0,    0,    0,    0,    0,    0,    0,    0,    0, -999,  28.80,  28.78,  29.14,  28.48,  28.76,  29.20,  29.77,  29.71,  29.35,  29.59,  29.33,  29.41,  29.60,  29.36,  29.13,  28.75,  29.12,  29.24,  29.12,  29.02,  29.02,  29.16,  29.38,  29.41,  29.33,  29.41,  29.44,  29.08,  28.89,  29.13,  29.14
20080908, 1200,  , TS, 16.3N, 125.8E,  35,  996,    0,    0,    0,    0,    0,    0,    0,    0,    0,    0,    0,    0, -999,  28.88,  29.06,  29.23,  28.71,  28.76,  29.00,  29.55,  29.80,  29.70,  29.80,  29.59,  29.73,  29.83,  29.63,  29.34,  29.08,  28.96,  28.68,  28.72,  28.65,  28.77,  29.02,  29.21,  29.27,  29.15,  29.16,  29.36,  29.37,  29.36,  29.41,  29.34
20080908, 1800,  , TS, 16.8N, 125.7E,  45,  989,   60,   50,   50,   60,    0,    0,    0,    0,    0,    0,    0,    0, -999,  28.62,  28.73,  29.11,  28.68,  28.74,  29.05,  29.36,  29.67,  29.43,  29.47,  29.38,  29.75,  29.59,  29.64,  29.69,  29.26,  28.86,  28.83,  28.84,  28.74,  28.80,  29.00,  29.07,  29.14,  28.93,  28.91,  29.21,  29.02,  28.98,  29.11,  29.21
20080909, 0000,  , TS, 17.2N, 125.3E,  50,  985,   55,   45,   45,   55,    0,    0,    0,    0,    0,    0,    0,    0, -999,  28.67,  29.06,  28.96,  28.92,  28.80,  28.89,  29.14,  29.32,  29.35,  29.26,  29.80,  29.76,  29.64,  29.57,  28.99,  28.86,  28.69,  28.68,  28.67,  28.84,  29.04,  29.02,  29.04,  28.67,  28.76,  29.02,  29.05,  28.93,  29.07,  29.14,  29.06
20080909, 0600,  , HU, 17.9N, 125.2E,  65,  974,   60,   60,   50,   55,   25,   25,   25,   25,    0,    0,    0,    0, -999,  28.53,  28.72,  28.43,  28.46,  28.49,  28.76,  29.13,  28.94,  29.14,  29.09,  29.29,  29.66,  29.45,  29.50,  29.05,  29.07,  28.91,  28.83,  28.81,  28.82,  28.82,  28.78,  28.75,  28.42,  28.58,  28.96,  28.87,  28.43,  28.44,  28.22,  28.17
20080909, 1200,  , HU, 18.6N, 125.2E,  70,  970,   60,   60,   50,   55,   35,   35,   35,   35,   15,   15,   15,   15, -999,  28.68,  28.98,  28.88,  28.94,  28.90,  29.09,  29.43,  29.13,  29.08,  29.13,  29.49,  29.59,  29.84,  29.72,  29.15,  28.96,  28.94,  28.55,  28.83,  28.82,  28.78,  28.91,  28.88,  28.54,  28.67,  29.00,  28.68,  28.41,  28.28,  28.04,  27.95
20080909, 1800,  , HU, 19.3N, 124.7E,  90,  956,   95,   95,   80,   90,   50,   50,   40,   40,   35,   35,   25,   25, -999,  28.84,  29.26,  29.08,  29.04,  29.12,  29.09,  29.06,  29.02,  28.87,  29.07,  29.32,  29.50,  29.57,  29.88,  28.97,  28.91,  28.97,  28.85,  28.71,  28.62,  28.53,  28.40,  28.41,  28.36,  28.50,  28.97,  29.00,  28.48,  28.43,  28.11,  28.08
20080910, 0000,  , HU, 19.8N, 124.4E,  90,  956,   95,   95,   80,   90,   35,   35,   20,   20,   20,   20,   15,   15, -999,  29.07,  29.07,  28.82,  29.02,  28.81,  28.82,  28.80,  28.98,  29.03,  29.09,  29.05,  29.22,  29.68,  28.80,  28.73,  28.59,  28.84,  28.46,  28.31,  27.66,  27.66,  27.35,  27.03,  27.05,  28.22,  29.21,  28.56,  28.37,  27.50,  27.71,  27.93
20080910, 0600,  , HU, 20.2N, 124.3E, 115,  937,   95,   95,   80,   90,   35,   35,   20,   20,   20,   20,   15,   15, -999,  29.06,  29.13,  28.72,  28.72,  28.75,  28.44,  28.77,  28.91,  28.94,  28.98,  28.95,  29.09,  29.64,  28.73,  28.91,  28.76,  28.95,  28.46,  27.74,  27.74,  27.65,  27.64,  27.86,  27.79,  28.42,  28.81,  28.25,  27.82,  27.55,  27.87,  27.98
20080910, 1200,  , HU, 20.6N, 124.3E, 120,  933,   95,   95,   80,   90,   35,   35,   20,   20,   20,   20,   15,   15, -999,  29.17,  28.83,  28.66,  28.52,  28.54,  28.53,  28.80,  28.73,  28.62,  29.00,  28.84,  29.12,  29.32,  28.81,  28.73,  28.78,  29.16,  27.59,  27.86,  28.44,  27.77,  27.29,  27.21,  27.56,  28.11,  28.49,  28.00,  27.56,  27.57,  28.11,  28.21
20080910, 1800,  , HU, 20.8N, 124.3E, 125,  929,  130,  120,  110,  115,   70,   70,   60,   65,   40,   40,   40,   40, -999,  29.31,  28.99,  28.65,  28.90,  28.92,  28.73,  28.89,  28.77,  28.61,  29.06,  28.94,  29.13,  29.57,  28.98,  28.93,  29.10,  29.32,  27.52,  27.74,  27.98,  27.93,  27.94,  27.97,  28.03,  27.91,  27.97,  27.79,  27.18,  28.13,  28.36,  28.52
20080910, 2100,  , HU, 20.8N, 124.5E, 125,  929,  130,  120,  110,  115,   70,   70,   60,   65,   40,   40,   40,   40, -999,  29.52,  29.37,  28.69,  28.69,  28.62,  28.47,  28.54,  28.60,  28.61,  28.80,  29.19,  29.39,  29.61,  29.28,  29.17,  29.10,  29.25,  27.88,  27.76,  27.24,  27.73,  28.00,  28.01,  28.15,  28.31,  28.44,  28.18,  28.00,  27.47,  28.06,  28.18
20080911, 0000,  , HU, 21.0N, 124.6E, 125,  929,  170,  165,  155,  155,   95,   95,   85,   90,   60,   60,   60,   60, -999,  29.27,  28.69,  28.81,  28.85,  28.61,  28.84,  29.03,  29.10,  29.22,  29.27,  29.25,  29.69,  29.30,  29.26,  29.17,  29.30,  27.95,  27.86,  26.32,  27.39,  27.84,  27.91,  28.12,  28.53,  28.63,  28.08,  27.79,  27.35,  28.11,  28.28,  28.13
20080911, 0600,  , HU, 21.6N, 124.8E, 120,  933,  180,  180,  145,  155,  105,   95,   80,   80,   70,   60,   50,   50, -999,  29.36,  29.34,  29.27,  29.12,  29.11,  29.30,  29.36,  29.39,  29.46,  29.44,  29.54,  29.57,  29.39,  29.39,  29.27,  28.89,  28.26,  26.28,  26.20,  26.26,  26.63,  26.84,  27.14,  27.66,  28.24,  28.18,  27.73,  27.62,  28.13,  28.53,  28.24
20080911, 1200,  , HU, 21.9N, 124.8E, 120,  933,  180,  180,  145,  155,  105,  105,   80,   70,   70,   60,   50,   50, -999,  29.38,  29.32,  29.30,  29.28,  29.32,  29.39,  29.43,  29.41,  29.41,  29.37,  29.43,  29.47,  29.49,  29.48,  29.02,  28.75,  28.38,  26.12,  26.02,  26.05,  26.41,  26.48,  26.71,  27.18,  27.65,  27.72,  27.23,  27.16,  27.71,  28.65,  28.41
20080911, 1800,  , HU, 22.2N, 124.7E, 115,  937,  170,  160,  155,  160,   80,   80,   85,   85,   60,   60,   65,   65, -999,  29.37,  29.28,  29.32,  29.45,  29.47,  29.44,  29.54,  29.56,  29.60,  29.58,  29.53,  29.38,  29.37,  29.39,  28.88,  28.49,  28.28,  25.89,  25.93,  25.97,  26.37,  26.41,  26.55,  26.89,  27.27,  27.41,  27.03,  26.99,  27.47,  28.31,  28.46
20080912, 0000,  , HU, 22.8N, 124.6E, 115,  937,  175,  160,  165,  170,   90,   90,  100,  100,   65,   65,   70,   70, -999,  29.31,  29.50,  29.36,  29.36,  29.35,  29.44,  29.44,  29.38,  29.39,  29.37,  29.19,  28.98,  29.21,  29.17,  28.18,  27.95,  26.73,  25.89,  25.96,  26.22,  26.21,  26.00,  26.19,  26.82,  26.97,  26.03,  26.29,  26.96,  27.64,  27.65,  27.64
20080912, 0600,  , HU, 23.4N, 124.1E, 115,  937,  155,  140,  165,  170,  115,   90,  110,  125,   75,   55,   75,   85, -999,  29.73,  29.38,  29.37,  29.42,  29.55,  29.36,  29.24,  29.23,  29.28,  29.32,  29.41,  29.33,  29.26,  29.12,  28.51,  28.08,  27.99,  26.86,  26.47,  26.34,  25.84,  26.70,  26.68,  27.64,  27.66,  26.90,  27.08,  27.28,  27.42,  27.51,  27.46
20080912, 1200,  , HU, 23.7N, 123.6E, 115,  937,  175,  150,  170,  195,  120,   95,  120,  125,   80,   65,   85,   85, -999,  29.32,  29.10,  29.11,  29.00,  28.94,  28.93,  29.16,  29.02,  29.06,  29.21,  29.26,  29.24,  29.19,  29.15,  28.92,  28.26,  28.10,  27.36,  27.18,  27.06,  26.50,  26.21,  26.67,  26.94,  27.79,  27.29,  27.42,  26.76,  27.40,  27.52,  27.49
20080912, 1800,  , HU, 23.9N, 123.1E, 100,  948,  175,  150,  170,  195,  120,   95,  120,  125,   80,   65,   85,   85, -999,  29.61,  29.17,  29.01,  28.95,  29.31,  28.73,  28.64,  28.61,  28.83,  28.92,  29.14,  29.25,  29.20,  29.04,  28.88,  27.95,  28.32,  28.12,  27.50,  27.77,  28.13,  27.62,  28.28,  28.06,  28.07,  28.12,  27.64,  27.66,  27.98,  27.71,  28.00
20080913, 0000,  , HU, 24.1N, 122.8E, 100,  948,  175,  155,  140,  155,   95,   90,   80,   90,   65,   60,   60,   60, -999,  28.68,  28.63,  28.88,  29.41,  28.79,  28.71,  28.53,  28.59,  28.78,  28.69,  28.81,  29.15,  29.04,  28.28,  27.90,  28.18,  28.48,  27.98,  27.94,  27.96,  27.65,  28.33,  28.04,  28.70,  27.81,  27.39,  28.07,  27.64,  27.76,  27.88,  27.01
20080913, 0600,  , HU, 24.3N, 122.6E, 100,  948,  175,  155,  140,  155,   95,   90,   80,   90,   65,   60,   60,   60, -999,  28.95,  28.36,  28.99,  29.38,  28.77,  28.83,  28.57,  28.84,  28.88,  28.94,  28.92,  28.96,  28.83,  28.21,  27.90,  27.95,  28.30,  27.44,  27.94,  27.85,  27.73,  28.31,  28.51,  28.84,  28.41,  27.68,  28.10,  28.14,  27.91,  28.01,  27.38
20080913, 1200,  , HU, 24.5N, 122.4E, 100,  948,  175,  155,  140,  155,   95,   90,   80,   90,   65,   60,   60,   60, -999,  28.74,  28.43,  28.84,  29.44,  28.78,  28.84,  28.95,  29.01,  28.32,  28.82,  28.87,  28.71,  28.56,  28.38,  27.79,  27.76,  28.01,  27.01,  27.55,  28.07,  27.57,  27.93,  28.37,  28.41,  28.38,  28.12,  28.09,  28.12,  28.29,  28.42,  27.51
20080913, 1800,  , HU, 24.7N, 121.8E,  90,  956,  160,  155,  175,  175,   45,   45,   45,   45,   25,   25,   25,   25, -999,  28.39,  28.52,  28.66,  28.53,  28.19,  27.87,  27.64,  27.86,  27.96,  27.94,  27.98,  27.79,  27.84,  27.93,  27.58,  26.95,  26.94,  24.58,  24.37,  26.81,  27.27,  27.53,  27.70,  28.31,  28.52,  27.92,  26.73,  27.55,  27.09,  27.27,  26.88
20080913, 2000,  , HU, 24.5N, 121.7E,  90,  956,  160,  155,  175,  175,   45,   45,   45,   45,   25,   25,   25,   25, -999,    nan,    nan,    nan,    nan,    nan,    nan,    nan,    nan,    nan,    nan,    nan,    nan,    nan,    nan,    nan,    nan,    nan,    nan,    nan,    nan,    nan,    nan,    nan,    nan,    nan,    nan,    nan,    nan,    nan,    nan,    nan
20080913, 2200,  , HU, 24.4N, 121.9E,  90,  956,  160,  155,  175,  175,   45,   45,   45,   45,   25,   25,   25,   25, -999,  28.33,  28.16,  28.31,  28.17,  28.00,  27.76,  27.65,  28.06,  28.06,  28.38,  28.19,  28.29,  28.16,  28.12,  27.85,  26.89,  26.95,  26.58,  25.93,  26.63,  27.27,  27.60,  27.92,  28.50,  28.41,  27.94,  28.02,  28.19,  27.88,  27.98,  27.55
20080914, 0000,  , HU, 24.6N, 121.9E,  90,  956,  160,  155,  175,  175,   45,   45,   45,   45,   25,   25,   25,   25, -999,  28.52,  28.66,  28.53,  28.19,  27.87,  27.64,  27.86,  27.96,  27.94,  27.98,  27.79,  27.84,  27.93,  27.58,  26.95,  26.94,  24.58,  24.37,  26.81,  27.27,  27.53,  27.70,  28.31,  28.52,  27.92,  26.73,  27.55,  27.09,  27.27,  26.88,  26.88
20080914, 0600,  , HU, 25.0N, 121.3E,  75,  967,  160,  155,  175,  175,   45,   45,   45,   45,   25,   25,   25,   25, -999,    nan,    nan,    nan,    nan,    nan,    nan,    nan,    nan,    nan,    nan,    nan,    nan,    nan,    nan,    nan,    nan,    nan,    nan,    nan,    nan,    nan,    nan,    nan,    nan,    nan,    nan,    nan,    nan,    nan,    nan,    nan
20080914, 1200,  , HU, 25.4N, 121.0E,  65,  974,  160,  155,  175,  175,   45,   45,   45,   45,    0,    0,    0,    0, -999,  28.54,  28.64,  28.45,  28.15,  27.80,  27.77,  27.72,  27.69,  27.75,  27.82,  27.82,  27.74,  27.61,  27.53,  27.54,  27.47,  27.33,  26.93,  27.06,  27.25,  27.59,  28.02,  28.56,  28.82,  28.44,  27.70,  27.87,  28.07,  27.80,  27.50,  26.89
20080914, 1800,  , HU, 25.9N, 121.0E,  65,  974,  130,  130,  100,  110,   70,   75,   60,   55,    0,    0,    0,    0, -999,  27.73,  28.08,  28.05,  27.95,  27.81,  27.71,  27.80,  27.96,  28.13,  28.25,  28.15,  27.96,  27.55,  27.28,  27.22,  27.07,  27.15,  27.09,  27.30,  27.21,  27.39,  27.52,  27.94,  28.43,  28.52,  28.17,  28.02,  28.33,  27.91,  27.55,  26.87
20080915, 0000,  , TS, 26.4N, 121.3E,  60,  978,  140,  140,  115,  115,   65,   70,   60,   65,    0,    0,    0,    0, -999,  27.81,  27.83,  27.70,  27.59,  27.73,  27.59,  27.72,  27.75,  28.06,  28.09,  28.05,  27.82,  27.56,  27.41,  27.33,  27.27,  27.17,  27.24,  27.19,  27.40,  27.58,  27.69,  27.98,  27.74,  27.59,  27.85,  28.17,  27.75,  27.41,  27.02,  26.68
20080915, 0600,  , TS, 26.7N, 121.9E,  60,  978,  140,  140,  115,  115,   65,   70,   60,   65,    0,    0,    0,    0, -999,  28.00,  28.00,  27.72,  27.41,  27.19,  27.13,  27.21,  27.41,  27.87,  27.96,  28.15,  27.90,  27.71,  27.68,  27.68,  27.50,  27.37,  27.03,  26.96,  27.11,  27.44,  27.72,  28.54,  27.77,  27.78,  27.74,  27.73,  27.42,  27.19,  27.25,  27.11
20080915, 1200,  , TS, 27.0N, 122.5E,  60,  978,  140,  140,  115,  115,   65,   70,   60,   65,    0,    0,    0,    0, -999,  27.66,  27.78,  27.57,  27.51,  27.51,  27.61,  27.53,  27.56,  27.85,  28.09,  28.34,  28.16,  28.15,  28.04,  27.66,  27.29,  27.02,  26.57,  26.74,  27.05,  27.47,  27.72,  28.62,  27.97,  27.72,  27.73,  28.01,  27.84,  27.63,  27.42,  27.28
20080915, 1800,  , TS, 27.1N, 123.1E,  55,  982,  125,  130,  120,  110,   55,   55,   50,   50,    0,    0,    0,    0, -999,  28.25,  28.03,  27.82,  27.78,  27.67,  27.61,  27.77,  28.06,  28.13,  28.12,  28.22,  28.04,  28.07,  27.98,  27.94,  27.64,  26.95,  26.90,  26.96,  27.05,  27.24,  27.69,  28.59,  27.35,  27.11,  27.49,  27.96,  27.74,  27.63,  27.43,  27.28
20080916, 0000,  , TS, 27.2N, 123.5E,  45,  989,  120,  125,  115,  105,    0,    0,    0,    0,    0,    0,    0,    0, -999,  28.50,  28.32,  28.27,  28.06,  27.85,  27.79,  27.91,  27.94,  28.03,  28.30,  28.14,  28.23,  28.08,  27.90,  27.72,  27.46,  27.06,  26.93,  27.00,  27.24,  27.90,  28.55,  27.23,  27.47,  28.00,  28.18,  27.75,  27.65,  27.40,  27.45,  26.93
20080916, 0600,  , TS, 27.1N, 123.8E,  40,  993,  110,  115,  105,   95,    0,    0,    0,    0,    0,    0,    0,    0, -999,  28.26,  28.17,  28.28,  28.27,  28.14,  28.23,  28.37,  28.39,  28.31,  28.32,  28.02,  27.93,  27.88,  27.91,  27.75,  27.48,  27.17,  27.13,  27.07,  27.22,  28.28,  28.75,  27.24,  27.22,  28.21,  28.36,  28.08,  27.60,  26.89,  27.21,  27.03
20080916, 1200,  , TS, 27.2N, 124.4E,  40,  993,  105,  110,  100,   95,    0,    0,    0,    0,    0,    0,    0,    0, -999,  28.41,  28.30,  28.39,  28.35,  28.11,  28.14,  28.24,  28.41,  28.54,  28.69,  28.52,  28.34,  28.05,  27.91,  27.80,  27.59,  27.32,  27.37,  27.28,  27.32,  28.46,  28.68,  27.55,  27.50,  28.19,  28.42,  27.85,  27.93,  27.65,  27.13,  26.41
20080916, 1800,  , TS, 27.2N, 125.1E,  40,  993,   90,   95,   85,   75,    0,    0,    0,    0,    0,    0,    0,    0, -999,  28.58,  28.58,  28.62,  28.71,  28.75,  28.82,  28.79,  28.93,  28.93,  28.88,  28.79,  28.66,  28.43,  28.31,  28.31,  28.22,  27.84,  27.67,  27.68,  27.84,  28.46,  28.59,  27.65,  27.62,  28.64,  28.61,  28.02,  27.95,  27.93,  27.88,  27.69
20080917, 0000,  , TS, 27.5N, 125.9E,  35,  996,   85,  100,   85,   75,    0,    0,    0,    0,    0,    0,    0,    0, -999,  28.70,  28.51,  28.68,  28.51,  28.49,  28.43,  28.61,  28.66,  28.66,  28.73,  28.46,  28.24,  28.13,  28.19,  28.19,  28.12,  28.09,  27.80,  27.86,  27.91,  28.34,  27.80,  27.54,  28.38,  28.53,  28.08,  28.01,  27.85,  27.94,  27.90,  27.51
20080917, 0600,  , TS, 28.1N, 127.0E,  40,  993,   90,  100,   85,   75,    0,    0,    0,    0,    0,    0,    0,    0, -999,  28.58,  28.46,  28.14,  28.05,  28.18,  28.50,  28.50,  28.50,  28.54,  28.68,  28.59,  28.45,  28.15,  27.59,  27.64,  27.32,  27.27,  27.70,  28.18,  28.07,  27.96,  28.30,  28.24,  28.13,  28.33,  28.39,  28.24,  28.25,  28.16,  28.08,  27.94
20080917, 1200,  , TS, 28.8N, 128.0E,  45,  989,   95,  105,   90,   80,    0,    0,    0,    0,    0,    0,    0,    0, -999,  28.33,  28.46,  28.56,  28.49,  28.29,  28.08,  28.18,  28.25,  28.27,  28.38,  28.17,  28.28,  28.29,  28.22,  28.16,  28.09,  27.70,  27.79,  28.06,  28.29,  28.89,  28.27,  27.97,  28.08,  27.63,  27.69,  27.95,  27.59,  27.77,  28.24,  28.32
20080917, 1800,  , TS, 29.6N, 128.6E,  50,  985,   95,  105,   90,   80,    0,    0,    0,    0,    0,    0,    0,    0, -999,  28.51,  28.59,  28.52,  28.59,  28.45,  28.30,  28.43,  28.58,  28.61,  28.51,  28.33,  28.34,  28.46,  28.30,  28.18,  27.83,  27.12,  27.19,  27.52,  28.35,  28.43,  28.36,  28.25,  28.05,  28.11,  27.88,  27.57,  28.09,  28.35,  27.89,  28.25
20080918, 0000,  , TS, 29.9N, 129.5E,  60,  978,   55,   60,   65,   55,   20,   20,   20,   20,    0,    0,    0,    0, -999,  28.25,  28.37,  28.51,  28.37,  28.53,  28.58,  28.40,  28.49,  28.56,  28.56,  28.36,  28.40,  28.17,  27.95,  28.01,  27.80,  27.87,  27.62,  28.09,  28.48,  28.30,  28.33,  28.33,  28.13,  27.59,  27.65,  27.80,  27.75,  28.15,  27.77,  27.76
20080918, 0600,  , TS, 30.5N, 130.5E,  55,  982,   55,   60,   65,   55,   20,   20,   20,   20,    0,    0,    0,    0, -999,  28.39,  28.56,  28.66,  28.47,  28.09,  28.04,  27.93,  27.93,  27.98,  28.05,  28.30,  28.15,  27.89,  28.29,  28.22,  28.05,  27.53,  27.44,  27.51,  27.97,  28.05,  28.32,  28.65,  28.34,  28.38,  28.26,  28.06,  27.79,  27.84,  27.61,  27.36
20080918, 1200,  , TS, 31.0N, 131.6E,  50,  985,   55,   60,   65,   55,   20,   20,   20,   20,    0,    0,    0,    0, -999,  27.29,  27.59,  27.56,  27.61,  27.61,  27.94,  27.59,  27.35,  27.56,  27.57,  27.86,  27.79,  27.63,  27.48,  28.01,  27.51,  26.32,  27.32,  27.20,  27.25,  27.22,  27.09,  27.43,  26.40,  26.53,  27.01,  27.41,  27.76,  27.28,  27.07,  27.04
20080918, 1800,  , TS, 31.7N, 132.8E,  55,  982,   55,   60,   65,   55,   30,   25,   20,   25,    0,    0,    0,    0, -999,  27.99,  28.08,  27.74,  27.83,  28.55,  28.64,  28.47,  28.24,  27.86,  27.96,  28.01,  27.94,  28.12,  28.23,  27.95,  27.67,  27.72,  28.04,  28.16,  28.07,  27.84,  28.27,  28.45,  28.23,  28.08,  28.13,  28.05,  27.49,  27.40,  26.90,  27.53
20080919, 0000,  , HU, 32.4N, 134.2E,  65,  974,   55,   60,   65,   55,   20,   20,   20,   20,   10,   10,   10,   10, -999,  28.00,  27.94,  27.98,  28.19,  28.36,  28.20,  27.95,  27.82,  27.90,  28.40,  28.06,  27.70,  27.63,  28.30,  28.08,  28.07,  27.63,  28.00,  27.91,  28.02,  27.82,  27.48,  28.23,  27.42,  27.47,  27.59,  27.66,  27.62,  27.49,  27.42,  26.87
20080919, 0600,  , HU, 33.2N, 136.0E,  70,  970,   55,   60,   65,   55,   20,   20,   20,   20,   10,   10,   10,   10, -999,  28.16,  27.74,  26.95,  27.42,  27.88,  27.21,  27.43,  27.84,  27.65,  27.75,  27.65,  27.67,  27.67,  27.58,  27.50,  27.56,  26.55,  25.82,  27.48,  27.41,  27.60,  27.51,  27.36,  27.18,  27.73,  27.20,  26.80,  27.12,  27.25,  26.58,  26.89
20080919, 1200,  , TS, 33.9N, 137.8E,  60,  978,   55,   60,   65,   55,   20,   20,   20,   20,    0,    0,    0,    0, -999,  26.42,  25.81,  26.06,  26.30,  26.79,  26.87,  26.08,  26.23,  26.79,  26.79,  26.65,  26.62,  26.99,  27.10,  26.99,  26.36,  25.18,  26.23,  26.40,  25.09,  25.20,  25.31,  25.04,  24.58,  25.17,  25.21,  25.07,  25.14,  24.68,  24.26,  24.60
20080919, 1800,  , TS, 34.4N, 139.8E,  50,  985,   55,   65,   50,   45,    0,    0,    0,    0,    0,    0,    0,    0, -999,  25.63,  25.98,  26.38,  26.64,  26.62,  26.08,  25.37,  24.91,  25.19,  25.15,  25.54,  25.72,  25.83,  25.42,  25.09,  25.27,  23.88,  24.33,  24.95,  24.66,  24.58,  25.28,  24.71,  24.63,  24.68,  25.18,  25.53,  25.25,  25.38,  25.08,  25.45
20080920, 0000,  , TS, 34.9N, 142.1E,  50,  985,   65,   70,   55,   55,    0,    0,    0,    0,    0,    0,    0,    0, -999,  28.07,  27.77,  27.47,  27.32,  27.19,  26.87,  26.36,  25.52,  25.86,  26.51,  26.42,  26.14,  26.25,  26.05,  26.18,  26.36,  25.78,  26.09,  26.37,  26.55,  25.91,  25.64,  25.75,  25.31,  24.95,  24.59,  24.74,  24.63,  24.43,  25.00,  24.82
20080920, 0600,  , TS, 35.3N, 144.6E,  55,  982,   65,   70,   55,   55,    0,    0,    0,    0,    0,    0,    0,    0, -999,  28.39,  28.57,  27.81,  28.00,  27.71,  27.50,  27.43,  27.20,  27.44,  26.66,  25.79,  26.17,  25.96,  27.21,  26.64,  26.76,  26.60,  26.49,  25.89,  25.77,  25.88,  24.11,  23.16,  22.73,  22.68,  23.25,  23.39,  22.82,  24.19,  24.39,  24.38
20080920, 1200,  , EX, 35.3N, 147.3E,  45,  989,   65,   70,   55,   55,    0,    0,    0,    0,    0,    0,    0,    0, -999,  27.94,  28.06,  28.41,  28.27,  27.93,  27.24,  27.09,  27.12,  26.67,  26.67,  26.57,  26.25,  26.52,  26.82,  27.05,  27.04,  26.95,  27.13,  27.19,  26.84,  27.15,  26.92,  26.85,  26.68,  25.37,  25.70,  26.14,  25.36,  26.07,  26.25,  25.89
20080920, 1800,  , EX, 35.3N, 150.0E,  40,  993,   65,   70,   55,   55,    0,    0,    0,    0,    0,    0,    0,    0, -999,  27.77,  27.92,  27.32,  27.34,  25.79,  25.70,  26.53,  25.94,  25.69,  25.05,  25.67,  25.57,  24.62,  25.14,  25.07,  24.49,  24.25,  24.84,  24.58,  24.55,  24.58,  24.58,  24.31,  23.09,  22.66,  22.32,  22.75,  22.47,  22.13,  22.61,  22.83
20080921, 0000,  , EX, 35.0N, 152.8E,  35,  996,   65,   70,   55,   55,    0,    0,    0,    0,    0,    0,    0,    0, -999,  27.41,  27.59,  27.46,  27.41,  27.81,  27.86,  27.53,  27.26,  27.04,  27.34,  27.19,  26.88,  26.73,  26.63,  26.79,  26.93,  26.71,  26.62,  26.66,  26.41,  26.01,  26.20,  25.91,  25.95,  25.99,  25.71,  25.41,  25.13,  24.96,  25.34,  25.33
20080921, 0600,  , EX, 34.7N, 155.8E,  35,  996,   65,   70,   55,   55,    0,    0,    0,    0,    0,    0,    0,    0, -999,  26.54,  26.90,  26.75,  27.23,  26.97,  27.40,  27.22,  26.90,  26.75,  26.73,  26.57,  26.20,  25.64,  25.62,  26.17,  26.38,  26.12,  26.20,  26.37,  26.13,  25.82,  25.30,  25.19,  24.67,  25.18,  25.16,  24.54,  24.40,  25.17,  25.49,  25.30
