WP152005,             KHANUN,     27,
20050905, 0600,  , TD,  8.2N, 140.7E,  25, 1002,    0,    0,    0,    0,    0,    0,    0,    0,    0,    0,    0,    0, -999,  35.15,  35.25,  35.16,  34.77,  34.68,  34.66,  34.62,  34.66,  34.66,  34.75,  34.66,  34.61,  34.75,  34.90,  34.81,  34.54,  34.50,  34.60,  34.65,  34.86,  34.89,  34.90,  34.92,  34.91,  34.93,  34.92,  34.93,  34.93,  34.98,  34.79,  34.63
20050905, 1200,  , TD,  9.2N, 140.0E,  30, 1000,    0,    0,    0,    0,    0,    0,    0,    0,    0,    0,    0,    0, -999,  34.84,  34.73,  34.87,  34.72,  34.86,  34.90,  34.76,  34.69,  34.65,  34.77,  34.76,  34.69,  34.71,  34.82,  34.86,  34.76,  34.62,  34.63,  34.72,  34.90,  34.86,  34.86,  35.02,  35.12,  35.16,  35.16,  35.24,  35.17,  35.19,  35.07,  35.09
20050905, 1800,  , TS, 10.0N, 139.1E,  35,  997,    0,    0,    0,    0,    0,    0,    0,    0,    0,    0,    0,    0, -999,  34.56,  34.58,  34.47,  34.39,  34.29,  34.45,  34.81,  34.71,  34.69,  34.67,  34.68,  34.63,  34.56,  34.43,  34.56,  34.43,  34.66,  34.73,  34.70,  34.77,  34.73,  34.77,  34.86,  34.73,  34.73,  34.71,  34.85,  34.81,  34.70,  34.65,  34.61
20050906, 0000,  , TS, 10.6N, 137.8E,  35,  997,    0,    0,    0,    0,    0,    0,    0,    0,    0,    0,    0,    0, -999,  34.76,  34.55,  34.30,  34.51,  34.41,  34.32,  34.38,  34.38,  34.51,  34.73,  34.64,  34.58,  34.56,  34.68,  34.84,  34.82,  34.80,  34.85,  35.02,  34.89,  34.77,  34.68,  34.81,  34.88,  34.91,  34.69,  34.67,  34.59,  34.77,  34.76,  34.63
20050906, 0600,  , TS, 10.9N, 136.4E,  35,  997,    0,    0,    0,    0,    0,    0,    0,    0,    0,    0,    0,    0, -999,  34.69,  34.51,  34.77,  34.77,  34.78,  34.77,  34.55,  34.47,  34.43,  34.56,  34.61,  34.48,  34.61,  34.78,  34.80,  34.82,  35.01,  35.00,  35.01,  35.01,  34.90,  34.82,  34.94,  35.09,  35.16,  34.82,  34.69,  34.90,  35.02,  34.91,  34.82
20050906, 1200,  , TS, 12.2N, 136.4E,  40,  994,   50,   50,   50,   50,    0,    0,    0,    0,    0,    0,    0,    0, -999,  34.40,  34.69,  34.46,  34.72,  34.77,  34.75,  34.74,  33.92,  34.03,  34.33,  33.98,  34.05,  33.94,  33.98,  34.28,  34.25,  34.73,  34.87,  34.70,  34.71,  34.45,  34.59,  34.61,  34.62,  34.61,  34.67,  34.85,  34.93,  34.81,  34.68,  34.65
20050906, 1800,  , TS, 13.0N, 135.5E,  45,  991,   50,   50,   50,   50,    0,    0,    0,    0,    0,    0,    0,    0, -999,  34.30,  34.38,  33.98,  33.98,  34.21,  34.40,  34.52,  34.43,  34.46,  34.40,  34.25,  34.26,  34.36,  34.43,  34.40,  34.54,  34.48,  34.57,  34.53,  34.62,  34.83,  34.88,  35.06,  35.10,  35.05,  35.11,  35.18,  35.20,  35.20,  35.04,  34.76
20050907, 0000,  , TS, 13.3N, 134.3E,  45,  991,   50,   80,  100,   40,    0,    0,    0,    0,    0,    0,    0,    0, -999,  34.73,  34.55,  34.24,  34.11,  33.98,  34.03,  34.20,  34.13,  34.73,  34.15,  34.10,  34.26,  34.30,  34.19,  34.07,  34.04,  34.06,  34.24,  34.16,  33.99,  34.05,  34.03,  34.12,  34.29,  34.53,  34.48,  34.53,  34.50,  34.53,  34.69,  35.08
20050907, 0600,  , TS, 13.0N, 133.5E,  55,  984,   50,   80,   80,   50,   25,   25,   25,   25,    0,    0,    0,    0, -999,  34.55,  34.54,  34.79,  34.78,  34.74,  34.70,  34.51,  34.27,  34.31,  34.76,  34.95,  34.59,  34.42,  34.33,  34.57,  34.32,  34.66,  34.27,  34.20,  34.39,  34.56,  34.37,  34.29,  34.37,  34.50,  34.56,  34.66,  34.55,  34.82,  34.89,  34.90
20050907, 1200,  , TS, 14.0N, 133.5E,  55,  984,   80,   80,   90,   80,   30,   30,   30,   30,    0,    0,    0,    0, -999,  34.66,  34.86,  34.77,  34.53,  34.51,  34.31,  34.15,  33.88,  33.84,  33.88,  33.93,  34.03,  34.05,  34.07,  34.12,  34.18,  34.34,  34.33,  34.59,  34.42,  34.47,  34.52,  34.61,  34.51,  34.69,  34.72,  34.82,  34.99,  35.06,  35.01,  34.98
20050907, 1800,  , TS, 14.7N, 132.9E,  60,  980,   80,   95,   95,   80,   30,   30,   30,   30,    0,    0,    0,    0, -999,  34.70,  34.59,  34.50,  34.70,  34.78,  34.60,  34.75,  34.72,  34.55,  34.43,  34.44,  34.46,  34.45,  34.48,  34.59,  34.50,  34.60,  34.64,  34.67,  34.59,  34.74,  34.73,  34.75,  34.78,  34.77,  34.77,  34.78,  34.77,  34.78,  34.85,  34.90
20050908, 0000,  , HU, 15.5N, 132.4E,  65,  976,   80,  100,   90,   80,   30,   30,   30,   30,    0,    0,    0,    0, -999,  34.56,  34.66,  34.66,  34.67,  34.71,  34.80,  34.96,  34.91,  34.91,  34.73,  34.55,  34.48,  34.91,  34.94,  34.92,  34.90,  34.98,  34.98,  34.91,  34.96,  35.07,  35.16,  35.09,  35.02,  34.94,  34.89,  34.93,  35.01,  35.02,  35.02,  35.04
20050908, 0600,  , HU, 16.5N, 132.1E,  65,  976,   75,   85,   90,   70,   25,   25,   25,   25,    0,    0,    0,    0, -999,  35.00,  34.95,  34.97,  34.87,  34.84,  34.85,  34.91,  34.92,  34.95,  35.02,  35.06,  34.91,  34.88,  34.91,  34.95,  34.91,  34.88,  34.92,  34.96,  35.03,  35.04,  34.98,  34.94,  34.86,  34.88,  34.85,  34.85,  34.90,  34.93,  34.91,  34.90
20050908, 1200,  , HU, 17.3N, 131.5E,  65,  976,   90,   80,   60,   70,   30,   25,   25,   25,    0,    0,    0,    0, -999,  34.80,  34.95,  34.95,  34.88,  34.78,  34.89,  34.96,  34.98,  34.95,  34.98,  35.02,  35.02,  35.01,  34.95,  34.92,  34.87,  35.08,  35.06,  35.13,  35.19,  35.03,  34.84,  34.77,  34.78,  34.91,  34.97,  34.96,  34.94,  34.98,  35.05,  35.09
20050908, 1800,  , HU, 18.2N, 131.0E,  70,  972,  110,   80,   75,  100,   40,   30,   30,   35,    0,    0,    0,    0, -999,  34.70,  34.71,  34.76,  34.95,  35.04,  35.06,  35.06,  35.02,  34.97,  34.89,  35.02,  35.15,  34.98,  35.01,  35.06,  35.05,  35.10,  34.76,  34.73,  34.73,  34.67,  34.63,  34.65,  34.65,  34.68,  34.75,  34.77,  34.77,  34.84,  34.96,  35.03
20050909, 0000,  , HU, 19.2N, 130.4E,  75,  967,  110,   90,   90,  100,   40,   30,   30,   35,    0,    0,    0,    0, -999,  34.82,  34.80,  34.78,  34.75,  34.79,  34.89,  34.93,  34.91,  34.84,  34.95,  35.02,  35.03,  34.95,  34.97,  35.04,  35.08,  35.05,  35.09,  35.07,  34.98,  34.85,  34.74,  34.80,  34.78,  34.71,  34.72,  34.76,  34.91,  34.98,  34.85,  34.85
20050909, 0600,  , HU, 20.4N, 129.6E,  80,  963,  100,  110,  100,  100,   35,   35,   35,   35,   15,   15,   15,   15, -999,  34.79,  34.74,  34.69,  34.68,  34.63,  34.77,  34.87,  34.95,  34.96,  34.97,  34.94,  34.84,  34.80,  34.77,  34.79,  34.89,  34.80,  34.82,  34.83,  34.80,  34.83,  34.92,  35.00,  34.92,  34.95,  34.98,  34.83,  34.80,  34.79,  34.77,  34.77
20050909, 1200,  , HU, 21.4N, 128.6E,  90,  954,  100,  110,  120,  120,   35,   35,   40,   40,   20,   20,   20,   20, -999,  34.84,  34.72,  34.73,  34.75,  34.64,  34.67,  34.76,  34.83,  34.87,  34.88,  34.81,  34.83,  34.78,  34.77,  34.77,  34.81,  34.77,  34.74,  34.69,  34.73,  34.78,  34.79,  34.83,  34.83,  34.87,  34.94,  34.95,  34.86,  34.76,  34.68,  34.87
20050909, 1800,  , HU, 22.3N, 127.4E,  90,  954,   90,  120,  105,  120,   35,   35,   40,   40,   20,   20,   20,   20, -999,  34.89,  34.77,  34.77,  34.80,  34.89,  34.88,  34.78,  34.83,  34.86,  34.87,  34.86,  34.82,  34.70,  34.65,  34.80,  34.76,  34.84,  34.83,  34.76,  34.72,  34.81,  34.77,  34.79,  34.99,  34.94,  34.86,  34.68,  34.84,  34.99,  34.86,  34.85
20050910, 0000,  , HU, 23.2N, 126.2E,  95,  949,  120,   90,  105,  110,   35,   35,   40,   40,   20,   20,   20,   20, -999,  34.88,  34.84,  34.85,  34.85,  34.81,  34.82,  34.80,  34.79,  34.79,  34.72,  34.70,  34.66,  34.64,  34.66,  34.66,  34.60,  34.62,  34.62,  34.65,  34.66,  34.71,  34.78,  34.81,  34.81,  34.82,  34.75,  34.65,  34.62,  34.62,  34.59,  34.59
20050910, 0600,  , HU, 24.2N, 125.2E, 105,  938,  105,   90,  100,  100,   35,   35,   35,   35,   20,   20,   20,   20, -999,  34.92,  34.89,  34.87,  35.00,  34.85,  34.82,  34.83,  34.85,  34.82,  34.77,  34.79,  34.77,  34.77,  34.78,  34.80,  34.78,  34.81,  34.76,  34.77,  34.72,  34.87,  34.89,  34.81,  34.84,  34.77,  34.82,  34.83,  34.82,  34.79,  34.72,  34.63
20050910, 1200,  , HU, 25.2N, 124.4E, 110,  933,   85,   85,   85,   85,   35,   35,   35,   35,   20,   20,   20,   20, -999,  34.67,  34.62,  34.67,  34.73,  34.71,  34.70,  34.70,  34.63,  34.59,  34.57,  34.56,  34.67,  34.71,  34.72,  34.74,  34.80,  34.80,  34.79,  34.79,  34.80,  34.79,  34.80,  34.81,  34.83,  34.78,  34.48,  34.51,  34.50,  34.48,  34.45,  34.51
20050910, 1800,  , HU, 26.1N, 123.5E, 115,  927,   85,   85,   85,   85,   35,   35,   35,   35,   20,   20,   20,   20, -999,  34.88,  34.85,  34.70,  34.75,  34.74,  34.68,  34.59,  34.61,  34.55,  34.53,  34.64,  34.64,  34.66,  34.63,  34.62,  34.66,  34.77,  34.75,  34.81,  34.91,  34.94,  34.86,  34.80,  34.94,  34.89,  34.81,  34.75,  34.80,  34.80,  34.71,  34.65
20050911, 0000,  , HU, 27.2N, 122.7E, 110,  933,   85,   85,   85,   85,   35,   35,   35,   35,   20,   20,   20,   20, -999,  34.65,  34.66,  34.65,  34.64,  34.63,  34.60,  34.57,  34.56,  34.59,  34.63,  34.58,  34.56,  34.57,  34.62,  34.73,  34.81,  34.83,  34.84,  34.82,  34.82,  34.80,  34.80,  34.85,  34.88,  34.89,  34.89,  34.89,  34.89,  34.91,  34.92,  34.94
20050911, 0600,  , HU, 28.3N, 121.9E, 105,  938,   80,   80,   80,   55,   30,   30,   30,   25,   15,   15,   15,   15, -999,    nan,    nan,    nan,    nan,    nan,    nan,    nan,    nan,    nan,    nan,    nan,    nan,    nan,    nan,    nan,    nan,    nan,    nan,    nan,    nan,    nan,    nan,    nan,    nan,    nan,    nan,    nan,    nan,    nan,    nan,    nan
20050911, 1200,  , HU, 29.3N, 121.1E,  80,  963,   60,   60,   60,   60,   25,   25,   25,   25,   10,   10,   10,   10, -999,    nan,    nan,    nan,    nan,    nan,    nan,    nan,    nan,    nan,    nan,    nan,    nan,    nan,    nan,    nan,    nan,    nan,    nan,    nan,    nan,    nan,    nan,    nan,    nan,    nan,    nan,    nan,    nan,    nan,    nan,    nan
20050911, 1800,  , HU, 30.7N, 120.3E,  65,  976,   60,   60,   60,   60,   25,   25,   25,   25,    0,    0,    0,    0, -999,    nan,    nan,    nan,    nan,    nan,    nan,    nan,    nan,    nan,    nan,    nan,    nan,    nan,    nan,    nan,    nan,    nan,    nan,    nan,    nan,    nan,    nan,    nan,    nan,    nan,    nan,    nan,    nan,    nan,    nan,    nan
