WP152002,            UNNAMED,     17,
20020717, 0600,  , TD,  9.1N, 178.3W,  25, 1002,    0,    0,    0,    0,    0,    0,    0,    0,    0,    0,    0,    0, -999,  35.68,  35.00,  35.24,  34.62,  34.62,  34.63,  34.75,  35.04,  35.55,  35.56,  35.44,  35.38,  35.53,  35.81,  35.75,  35.81,  35.88,  35.85,  35.91,  35.92,  35.92,  35.92,  35.89,  35.90,  35.99,  35.93,  35.80,  35.71,  35.62,  35.48,  35.35
20020717, 1200,  , TD, 10.0N, 177.7W,  25, 1002,    0,    0,    0,    0,    0,    0,    0,    0,    0,    0,    0,    0, -999,  34.52,  34.53,  34.61,  34.52,  34.51,  34.65,  34.76,  34.54,  34.54,  34.70,  35.30,  35.44,  35.42,  35.63,  35.48,  35.20,  35.08,  35.02,  35.03,  35.08,  35.10,  35.07,  35.06,  34.85,  34.94,  34.88,  35.04,  34.83,  34.80,  34.89,  34.99
20020717, 1800,  , TD, 11.4N, 176.9W,  25, 1002,    0,    0,    0,    0,    0,    0,    0,    0,    0,    0,    0,    0, -999,  34.57,  34.60,  34.58,  34.64,  34.57,  34.53,  34.56,  34.58,  34.55,  34.56,  34.58,  34.70,  34.60,  34.55,  34.63,  35.12,  35.13,  35.18,  35.19,  35.06,  35.07,  35.15,  35.07,  34.95,  34.80,  34.76,  34.70,  34.70,  34.70,  34.93,  34.69
20020718, 0000,  , TD, 12.4N, 176.7W,  25, 1002,    0,    0,    0,    0,    0,    0,    0,    0,    0,    0,    0,    0, -999,  34.63,  34.62,  34.61,  34.60,  34.60,  34.60,  34.58,  34.57,  34.58,  34.55,  34.55,  34.55,  34.55,  34.58,  34.70,  34.80,  34.89,  35.05,  35.10,  35.33,  34.99,  34.52,  34.54,  34.55,  34.55,  34.66,  34.59,  34.58,  34.58,  34.60,  34.59
20020718, 0600,  , TD, 12.9N, 176.8W,  20, 1009,    0,    0,    0,    0,    0,    0,    0,    0,    0,    0,    0,    0, -999,  34.68,  34.65,  34.63,  34.61,  34.59,  34.59,  34.57,  34.57,  34.57,  34.56,  34.55,  34.55,  34.55,  34.56,  34.59,  34.70,  34.86,  35.06,  35.12,  35.05,  34.86,  34.85,  34.52,  34.54,  34.54,  34.56,  34.58,  34.58,  34.59,  34.60,  34.61
20020718, 1200,  , TD, 13.3N, 177.0W,  20, 1009,    0,    0,    0,    0,    0,    0,    0,    0,    0,    0,    0,    0, -999,  34.81,  34.71,  34.84,  34.75,  34.77,  34.77,  34.71,  34.68,  34.65,  34.63,  34.62,  34.60,  34.69,  34.70,  34.74,  34.72,  34.71,  34.73,  35.02,  34.92,  34.83,  34.69,  34.55,  34.52,  34.52,  34.53,  34.53,  34.54,  34.54,  34.55,  34.56
20020718, 1800,  , TD, 14.0N, 177.3W,  20, 1004,    0,    0,    0,    0,    0,    0,    0,    0,    0,    0,    0,    0, -999,  34.76,  34.84,  34.98,  35.10,  35.07,  34.95,  34.83,  34.84,  34.81,  34.76,  34.75,  34.74,  34.72,  34.73,  34.74,  34.86,  35.09,  35.36,  35.33,  35.36,  35.32,  35.33,  35.33,  35.30,  35.23,  35.14,  35.11,  35.07,  35.00,  34.96,  34.84
20020719, 0000,  , TD, 14.7N, 177.5W,  20, 1004,    0,    0,    0,    0,    0,    0,    0,    0,    0,    0,    0,    0, -999,  34.76,  34.76,  34.76,  34.77,  34.77,  34.77,  34.76,  34.76,  34.77,  34.77,  34.80,  34.89,  34.99,  35.26,  35.44,  35.51,  35.59,  35.60,  35.55,  35.49,  35.46,  35.40,  35.37,  35.32,  35.32,  35.33,  35.33,  35.34,  35.32,  35.17,  35.15
20020719, 0600,  , TD, 15.1N, 177.8W,  20, 1004,    0,    0,    0,    0,    0,    0,    0,    0,    0,    0,    0,    0, -999,  34.80,  34.79,  34.79,  34.81,  34.81,  34.82,  34.84,  34.84,  34.86,  34.86,  34.87,  34.91,  34.97,  35.07,  35.16,  35.19,  35.10,  35.30,  35.42,  35.43,  35.34,  35.27,  35.17,  35.08,  35.11,  35.16,  35.17,  35.20,  35.20,  35.19,  35.18
20020719, 1200,  , TD, 15.3N, 178.2W,  25, 1002,    0,    0,    0,    0,    0,    0,    0,    0,    0,    0,    0,    0, -999,  34.88,  34.87,  34.86,  34.87,  34.89,  34.90,  34.91,  34.93,  34.95,  34.94,  34.94,  34.92,  34.91,  34.90,  34.90,  34.90,  34.89,  34.89,  34.92,  35.08,  35.12,  35.15,  35.24,  35.26,  35.22,  35.20,  35.13,  35.11,  35.11,  35.15,  35.16
20020719, 1800,  , TD, 15.3N, 178.6W,  25, 1002,    0,    0,    0,    0,    0,    0,    0,    0,    0,    0,    0,    0, -999,  34.90,  34.91,  34.89,  34.89,  34.91,  34.94,  34.94,  34.93,  34.92,  34.90,  34.90,  34.90,  34.90,  34.89,  34.91,  34.92,  34.92,  34.93,  34.92,  34.91,  34.90,  34.94,  35.00,  35.08,  35.16,  35.11,  35.06,  35.05,  35.10,  35.15,  35.15
20020720, 0000,  , TD, 15.5N, 179.1W,  25, 1002,    0,    0,    0,    0,    0,    0,    0,    0,    0,    0,    0,    0, -999,  34.94,  34.96,  34.94,  34.92,  34.90,  34.88,  34.88,  34.90,  34.88,  34.87,  34.89,  34.90,  34.90,  34.91,  34.92,  34.80,  34.87,  34.89,  34.93,  34.93,  34.92,  34.91,  34.91,  34.89,  34.89,  34.99,  35.02,  34.95,  34.90,  34.90,  34.92
20020720, 0600,  , TD, 16.0N, 179.9W,  25, 1002,    0,    0,    0,    0,    0,    0,    0,    0,    0,    0,    0,    0, -999,  34.97,  34.96,  34.97,  34.97,  34.90,  34.88,  34.87,  34.84,  34.82,  34.79,  34.73,  34.73,  34.75,  34.74,  34.75,  34.73,  34.77,  34.81,  34.84,  34.87,  34.90,  34.93,  34.88,  34.87,  34.89,  34.88,  34.86,  34.87,  34.89,  34.81,  34.77
20020720, 1200,  , TD, 16.5N, 179.4E,  25, 1002,    0,    0,    0,    0,    0,    0,    0,    0,    0,    0,    0,    0, -999,  34.86,  34.87,  34.93,  34.94,  34.89,  34.91,  34.92,  34.95,  34.94,  34.93,  34.92,  34.93,  34.93,  34.89,  34.91,  34.90,  34.88,  34.90,  34.94,  34.97,  34.97,  35.02,  35.03,  35.06,  35.07,  35.08,  35.08,  35.05,  35.05,  35.05,  35.04
20020720, 1800,  , TD, 17.0N, 178.8E,  30, 1000,  130,  130,  100,  100,    0,    0,    0,    0,    0,    0,    0,    0, -999,  34.95,  35.08,  34.88,  34.91,  34.92,  34.93,  34.93,  34.94,  34.91,  34.89,  34.88,  34.84,  34.81,  34.82,  34.82,  34.90,  34.99,  35.10,  35.13,  34.98,  35.03,  35.02,  35.00,  35.04,  35.06,  35.06,  35.09,  35.10,  35.10,  35.12,  35.15
20020721, 0000,  , TD, 17.6N, 178.3E,  30, 1000,    0,    0,    0,    0,    0,    0,    0,    0,    0,    0,    0,    0, -999,  34.84,  34.90,  34.93,  34.91,  34.94,  34.94,  34.95,  34.92,  34.92,  34.93,  34.91,  34.85,  34.84,  34.86,  34.89,  34.89,  35.12,  35.14,  35.14,  35.20,  35.22,  35.19,  35.15,  35.14,  35.02,  35.04,  35.03,  35.01,  35.05,  35.08,  35.08
20020721, 0600,  , TD, 18.1N, 177.9E,  25, 1002,    0,    0,    0,    0,    0,    0,    0,    0,    0,    0,    0,    0, -999,  34.99,  34.92,  34.87,  34.84,  34.97,  35.00,  35.02,  35.01,  34.97,  34.97,  34.89,  34.91,  34.94,  34.97,  34.98,  34.96,  35.01,  35.00,  34.95,  35.01,  35.01,  34.93,  34.90,  34.95,  34.99,  34.97,  34.97,  34.96,  34.93,  35.01,  35.05
