WP152013,             TORAJI,     15,
20130831, 1200,  , DB, 24.8N, 121.6E,  20, 1007,    0,    0,    0,    0,    0,    0,    0,    0,    0,    0,    0,    0, -999,    nan,    nan,    nan,    nan,    nan,    nan,    nan,    nan,    nan,    nan,    nan,    nan,    nan,    nan,    nan,    nan,    nan,    nan,    nan,    nan,    nan,    nan,    nan,    nan,    nan,    nan,    nan,    nan,    nan,    nan,    nan
20130831, 1800,  , DB, 24.9N, 122.1E,  20, 1007,    0,    0,    0,    0,    0,    0,    0,    0,    0,    0,    0,    0, -999,  22.44,  21.97,  22.57,  22.91,  24.78,  24.60,  24.35,  23.39,  22.48,  22.12,  21.98,  21.91,  21.63,  20.78,  20.56,  20.42,  22.22,  23.45,  26.40,  26.72,  26.56,  21.86,  23.14,  24.11,  24.65,  22.87,  23.08,  23.04,  23.04,  21.11,  20.90
20130901, 0000,  , DB, 25.1N, 122.9E,  20, 1006,    0,    0,    0,    0,    0,    0,    0,    0,    0,    0,    0,    0, -999,  26.26,  25.76,  26.85,  25.27,  26.98,  26.45,  27.22,  27.34,  27.05,  25.84,  25.72,  26.08,  26.55,  25.71,  24.85,  25.07,  24.11,  24.73,  24.43,  25.29,  24.56,  24.35,  25.41,  25.24,  25.81,  25.39,  24.74,  24.98,  26.02,  26.51,  26.50
20130901, 0600,  , DB, 25.7N, 123.6E,  20, 1003,    0,    0,    0,    0,    0,    0,    0,    0,    0,    0,    0,    0, -999,  25.63,  26.36,  25.51,  26.30,  27.88,  25.87,  24.58,  25.19,  26.36,  25.65,  25.95,  26.44,  25.70,  25.87,  25.47,  25.18,  25.51,  24.61,  24.12,  23.81,  24.75,  24.33,  24.32,  24.64,  24.16,  24.74,  25.75,  24.94,  24.00,  25.20,  25.57
20130901, 1200,  , TD, 25.9N, 124.2E,  25, 1004,    0,    0,    0,    0,    0,    0,    0,    0,    0,    0,    0,    0, -999,  26.32,  26.85,  26.37,  26.92,  27.06,  27.53,  26.79,  27.14,  26.87,  25.93,  26.16,  26.24,  27.00,  26.53,  26.34,  26.02,  25.84,  26.66,  24.92,  24.32,  24.77,  25.32,  25.82,  25.29,  26.26,  26.12,  25.34,  25.56,  25.89,  26.30,  26.31
20130901, 1800,  , TD, 26.2N, 124.8E,  30, 1000,    0,    0,    0,    0,    0,    0,    0,    0,    0,    0,    0,    0, -999,  26.97,  26.63,  26.43,  26.88,  26.94,  27.61,  26.77,  26.71,  26.88,  25.91,  25.99,  26.68,  26.48,  27.38,  27.25,  26.57,  26.19,  27.12,  26.34,  25.84,  26.14,  26.13,  25.88,  25.90,  26.39,  25.95,  26.11,  25.75,  25.65,  25.58,  26.12
20130902, 0000,  , TS, 26.6N, 125.5E,  35,  996,    0,    0,    0,    0,    0,    0,    0,    0,    0,    0,    0,    0, -999,  27.17,  26.57,  28.01,  26.26,  26.82,  24.59,  24.29,  25.54,  25.31,  25.05,  25.36,  24.72,  26.76,  25.50,  26.73,  25.66,  26.49,  24.24,  24.95,  24.49,  24.56,  25.07,  25.09,  24.86,  24.91,  24.43,  23.61,  25.68,  25.29,  24.63,  23.24
20130902, 0600,  , TS, 27.2N, 126.0E,  35,  996,    0,    0,    0,    0,    0,    0,    0,    0,    0,    0,    0,    0, -999,  23.04,  25.03,  27.51,  26.83,  27.82,  27.48,  26.94,  27.59,  27.13,  26.50,  25.82,  25.96,  26.52,  25.31,  24.72,  24.69,  25.52,  25.87,  24.95,  24.67,  24.11,  25.46,  25.98,  25.93,  25.91,  25.39,  25.50,  25.95,  25.85,  25.75,  26.06
20130902, 1200,  , TS, 27.7N, 126.6E,  40,  993,    0,    0,    0,    0,    0,    0,    0,    0,    0,    0,    0,    0, -999,  23.66,  23.51,  24.14,  25.69,  25.50,  27.76,  28.06,  27.20,  26.98,  26.93,  26.47,  25.47,  24.87,  24.60,  24.40,  24.48,  23.35,  23.26,  26.98,  26.23,  24.19,  23.36,  24.76,  25.49,  26.45,  25.61,  25.40,  25.24,  25.24,  25.16,  25.36
20130902, 1800,  , TS, 28.2N, 127.2E,  45,  989,   35,   30,   30,   35,    0,    0,    0,    0,    0,    0,    0,    0, -999,  25.40,  24.92,  24.87,  24.99,  24.56,  25.45,  26.35,  27.53,  25.98,  26.44,  26.48,  26.74,  26.90,  25.52,  25.00,  25.53,  24.57,  24.17,  25.20,  24.54,  25.79,  25.93,  25.78,  24.77,  23.30,  25.50,  25.73,  25.28,  25.32,  25.78,  25.55
20130903, 0000,  , TS, 28.8N, 127.6E,  50,  985,   45,   35,   35,   40,    0,    0,    0,    0,    0,    0,    0,    0, -999,  25.67,  25.12,  24.99,  24.75,  24.78,  25.41,  25.53,  26.08,  25.20,  25.77,  25.65,  26.12,  26.48,  25.80,  25.46,  25.33,  25.07,  25.20,  25.83,  24.77,  25.04,  25.15,  24.75,  24.81,  24.76,  23.37,  24.49,  24.61,  24.95,  26.07,  26.53
20130903, 0600,  , TS, 29.5N, 128.3E,  50,  985,   45,   50,   35,   40,    0,    0,    0,    0,    0,    0,    0,    0, -999,  24.58,  24.37,  24.88,  24.77,  23.86,  23.82,  24.80,  25.10,  25.79,  26.34,  25.63,  25.70,  25.06,  25.39,  26.57,  26.56,  26.13,  25.43,  24.08,  23.63,  23.79,  24.21,  24.68,  24.78,  24.39,  24.72,  24.43,  24.89,  25.77,  26.03,  25.41
20130903, 1200,  , TS, 30.2N, 129.4E,  50,  985,   45,   50,   35,   40,    0,    0,    0,    0,    0,    0,    0,    0, -999,  24.69,  24.70,  24.70,  24.34,  24.36,  25.08,  26.04,  25.17,  24.85,  24.84,  25.08,  25.22,  25.92,  25.78,  25.89,  26.34,  24.71,  23.56,  23.05,  23.17,  23.50,  24.54,  26.02,  26.31,  25.94,  25.79,  25.10,  25.92,  25.29,  27.16,  26.81
20130903, 1800,  , TS, 31.1N, 130.4E,  45,  989,   45,   50,   35,   40,    0,    0,    0,    0,    0,    0,    0,    0, -999,  20.17,  19.84,  20.94,  22.44,  22.26,  22.06,  21.87,  21.67,  21.95,  21.80,  22.52,  24.22,  25.64,  22.00,  21.34,  21.88,  22.57,  21.17,  21.45,  21.92,  21.45,  21.20,  20.56,  19.86,  19.70,  19.78,  20.24,  21.41,  21.95,  24.39,  23.41
20130904, 0000,  , TS, 32.3N, 132.0E,  45,  989,   35,   35,   30,   30,    0,    0,    0,    0,    0,    0,    0,    0, -999,  19.08,  18.66,  19.00,  19.61,  19.70,  19.06,  19.13,  19.22,  19.57,  19.81,  19.42,  18.72,  17.89,  17.82,  17.34,  17.80,  17.74,  17.66,  17.95,  17.66,  17.26,  17.18,  17.98,  19.48,  19.95,  20.72,  20.63,  19.55,  19.62,  20.43,  20.91
