WP162013,             MAN-YI,     20,
20130912, 0000,  , DB, 22.1N, 146.3E,  20, 1007,    0,    0,    0,    0,    0,    0,    0,    0,    0,    0,    0,    0, -999,  34.81,  35.09,  35.02,  34.92,  34.86,  34.92,  34.86,  34.92,  35.01,  34.98,  34.94,  34.92,  34.91,  34.97,  34.86,  34.97,  35.04,  34.99,  34.95,  34.95,  34.89,  34.86,  34.88,  34.91,  34.95,  35.10,  35.14,  35.22,  35.28,  35.27,  35.29
20130912, 0600,  , TD, 22.0N, 145.1E,  25, 1004,    0,    0,    0,    0,    0,    0,    0,    0,    0,    0,    0,    0, -999,  34.83,  35.00,  34.89,  34.95,  34.99,  34.98,  34.93,  34.91,  34.85,  34.81,  34.81,  34.79,  34.86,  34.94,  35.09,  35.03,  34.99,  34.91,  34.84,  34.87,  34.91,  34.90,  34.92,  34.87,  34.84,  34.99,  35.08,  35.06,  35.11,  35.12,  35.11
20130912, 1200,  , TD, 22.5N, 144.2E,  25, 1004,    0,    0,    0,    0,    0,    0,    0,    0,    0,    0,    0,    0, -999,  34.87,  34.97,  34.88,  34.91,  35.00,  35.08,  35.13,  35.12,  35.09,  35.02,  35.01,  35.05,  34.94,  34.99,  35.01,  34.96,  35.01,  34.98,  35.02,  35.00,  34.91,  34.88,  34.89,  34.87,  34.92,  34.88,  34.97,  35.04,  34.95,  34.97,  34.98
20130912, 1800,  , TD, 22.2N, 143.2E,  25, 1004,    0,    0,    0,    0,    0,    0,    0,    0,    0,    0,    0,    0, -999,  34.92,  34.99,  35.04,  35.01,  35.08,  35.09,  35.10,  35.06,  35.06,  35.08,  35.08,  35.03,  35.05,  35.11,  35.10,  34.93,  34.94,  34.98,  34.98,  34.78,  34.80,  34.76,  34.73,  34.80,  34.80,  34.90,  34.94,  34.91,  34.75,  34.81,  34.89
20130913, 0000,  , TD, 21.3N, 142.7E,  30, 1000,    0,    0,    0,    0,    0,    0,    0,    0,    0,    0,    0,    0, -999,  34.88,  34.89,  34.85,  34.90,  34.87,  34.78,  34.71,  34.84,  34.93,  34.98,  35.12,  35.19,  35.09,  35.06,  34.91,  34.95,  34.94,  34.92,  35.05,  35.04,  34.98,  35.00,  34.92,  34.86,  34.83,  34.81,  34.66,  34.73,  34.75,  34.82,  34.80
20130913, 0300,  , TD, 21.7N, 142.9E,  30, 1000,    0,    0,    0,    0,    0,    0,    0,    0,    0,    0,    0,    0, -999,  35.01,  34.91,  34.79,  34.83,  34.85,  34.78,  34.84,  35.01,  35.10,  35.08,  35.08,  35.11,  35.16,  35.18,  34.96,  34.98,  34.95,  34.92,  34.98,  34.97,  34.95,  34.95,  34.78,  34.78,  34.79,  34.81,  34.71,  34.73,  34.82,  34.89,  34.80
20130913, 0600,  , TD, 22.7N, 142.9E,  30, 1000,    0,    0,    0,    0,    0,    0,    0,    0,    0,    0,    0,    0, -999,  35.07,  35.07,  35.11,  35.16,  35.14,  35.12,  34.97,  34.91,  34.88,  34.89,  34.84,  34.86,  34.94,  34.94,  34.78,  34.81,  34.84,  34.87,  34.82,  34.76,  34.72,  34.73,  34.70,  34.77,  34.77,  34.75,  34.72,  34.65,  34.70,  34.82,  34.72
20130913, 1200,  , TD, 23.0N, 140.8E,  30, 1000,    0,    0,    0,    0,    0,    0,    0,    0,    0,    0,    0,    0, -999,  34.78,  34.87,  34.93,  34.89,  35.03,  35.01,  34.99,  35.06,  35.09,  35.04,  34.97,  34.99,  34.91,  34.95,  34.91,  34.86,  34.87,  34.88,  34.87,  34.96,  34.94,  35.00,  35.01,  35.04,  34.86,  34.86,  34.79,  34.85,  34.86,  34.72,  34.79
20130913, 1800,  , TS, 23.4N, 138.8E,  40,  993,  105,  100,  100,  100,    0,    0,    0,    0,    0,    0,    0,    0, -999,  34.97,  34.88,  34.82,  34.90,  34.98,  35.14,  34.82,  34.82,  34.78,  34.81,  34.66,  34.75,  34.69,  34.67,  34.64,  34.72,  34.74,  34.77,  34.81,  34.61,  34.74,  34.81,  34.86,  35.03,  34.92,  34.89,  34.77,  34.80,  34.64,  34.76,  34.49
20130914, 0000,  , TS, 24.4N, 137.7E,  40,  993,  105,  100,  100,  100,    0,    0,    0,    0,    0,    0,    0,    0, -999,  34.91,  34.85,  34.92,  34.96,  35.00,  34.87,  34.88,  34.87,  34.81,  34.69,  34.58,  34.66,  34.83,  34.95,  34.93,  34.92,  34.90,  34.79,  34.80,  34.65,  34.86,  34.83,  34.75,  34.67,  34.73,  34.84,  34.82,  34.77,  34.67,  34.81,  34.90
20130914, 0600,  , TS, 25.2N, 136.5E,  45,  989,  135,  120,  120,  135,    0,    0,    0,    0,    0,    0,    0,    0, -999,  34.80,  34.83,  34.82,  34.66,  34.82,  34.79,  34.89,  34.88,  34.70,  34.67,  34.66,  34.73,  34.72,  34.73,  34.81,  34.83,  34.83,  34.76,  34.70,  34.67,  34.34,  34.26,  34.65,  34.81,  34.87,  34.89,  34.82,  34.92,  34.55,  34.55,  34.44
20130914, 1200,  , TS, 26.3N, 135.5E,  45,  989,  135,  120,  120,  135,    0,    0,    0,    0,    0,    0,    0,    0, -999,  34.86,  34.82,  34.82,  34.78,  34.78,  34.85,  34.91,  34.84,  34.94,  34.97,  34.95,  34.94,  34.83,  34.78,  34.85,  34.90,  34.94,  34.91,  34.89,  34.81,  34.81,  34.77,  34.74,  34.77,  34.77,  34.76,  34.72,  34.88,  34.80,  34.80,  34.84
20130914, 1800,  , TS, 27.3N, 134.9E,  45,  989,  135,  120,  120,  135,    0,    0,    0,    0,    0,    0,    0,    0, -999,  34.61,  34.73,  34.73,  34.76,  34.91,  34.87,  34.73,  34.73,  34.74,  34.77,  34.72,  34.71,  34.64,  34.62,  34.61,  34.61,  34.69,  34.61,  34.43,  34.67,  34.33,  34.63,  34.81,  34.86,  34.75,  34.81,  34.79,  34.82,  34.78,  34.79,  34.72
20130915, 0000,  , TS, 28.7N, 134.3E,  45,  989,  130,  115,  115,  130,    0,    0,    0,    0,    0,    0,    0,    0, -999,  34.74,  34.81,  34.84,  34.79,  34.69,  34.68,  34.72,  34.65,  34.38,  34.58,  34.45,  34.43,  34.34,  34.34,  34.35,  34.42,  34.40,  34.29,  34.75,  34.77,  34.66,  34.66,  34.64,  34.71,  34.62,  34.59,  34.77,  34.58,  34.57,  34.46,  34.49
20130915, 0600,  , TS, 30.2N, 134.5E,  55,  982,  130,  115,  115,  130,   65,   65,   65,   65,    0,    0,    0,    0, -999,  34.71,  34.88,  34.41,  34.21,  34.64,  34.53,  34.51,  34.59,  34.76,  34.67,  34.73,  34.88,  34.82,  34.66,  34.67,  34.65,  34.53,  34.76,  34.61,  34.84,  34.75,  34.37,  34.46,  34.49,  34.55,  34.64,  34.64,  34.36,  34.29,  34.42,  34.52
20130915, 1200,  , TS, 31.6N, 135.1E,  60,  978,  130,  120,  120,  130,   55,   55,   55,   55,    0,    0,    0,    0, -999,  34.74,  34.62,  34.58,  34.73,  34.91,  34.67,  34.76,  34.75,  34.88,  34.66,  34.62,  34.70,  34.67,  34.80,  34.79,  34.82,  34.84,  34.87,  34.79,  34.79,  34.78,  34.56,  34.50,  34.57,  34.71,  34.63,  34.75,  34.57,  34.65,  35.07,  34.94
20130915, 1800,  , TS, 33.0N, 135.8E,  60,  978,  130,  120,  120,  130,   55,   55,   55,   55,    0,    0,    0,    0, -999,  34.72,  34.76,  34.51,  34.51,  34.47,  34.48,  34.56,  34.64,  34.38,  34.80,  34.61,  34.48,  34.40,  34.46,  34.65,  34.53,  34.56,  34.57,  34.53,  34.67,  34.75,  34.59,  34.44,  34.54,  34.49,  34.14,  34.34,  34.44,  34.47,  34.27,  34.36
20130916, 0000,  , TS, 35.2N, 137.7E,  55,  982,  130,  120,  120,  130,   55,   55,   55,   55,    0,    0,    0,    0, -999,    nan,    nan,    nan,    nan,    nan,    nan,    nan,    nan,    nan,    nan,    nan,    nan,    nan,    nan,    nan,    nan,    nan,    nan,    nan,    nan,    nan,    nan,    nan,    nan,    nan,    nan,    nan,    nan,    nan,    nan,    nan
20130916, 0600,  , TS, 37.8N, 140.7E,  50,  985,  130,  120,  120,  130,   55,   55,   55,   55,    0,    0,    0,    0, -999,    nan,    nan,    nan,    nan,    nan,    nan,    nan,    nan,    nan,    nan,    nan,    nan,    nan,    nan,    nan,    nan,    nan,    nan,    nan,    nan,    nan,    nan,    nan,    nan,    nan,    nan,    nan,    nan,    nan,    nan,    nan
20130916, 1200,  , EX, 40.9N, 145.0E,  45,  989,  130,  120,  120,  130,    0,    0,    0,    0,    0,    0,    0,    0, -999,  33.94,  33.89,  33.84,  33.81,  33.78,  33.81,  33.77,  33.78,  33.77,  33.77,  33.73,  33.62,  33.51,  33.70,  33.73,  33.55,  33.64,  33.91,  33.98,  33.94,  33.94,  33.95,  33.94,  33.92,  33.90,  33.91,  34.06,  33.76,  33.74,  33.72,  33.74
