WP162012,            BOLAVEN,     43,
20120818, 1200,  , DB, 13.2N, 141.4E,  15, 1009,    0,    0,    0,    0,    0,    0,    0,    0,    0,    0,    0,    0, -999,  34.28,  34.25,  34.26,  34.22,  34.17,  34.16,  34.19,  34.18,  34.20,  34.21,  34.18,  34.26,  34.29,  34.31,  34.32,  34.42,  34.43,  34.34,  34.32,  34.32,  34.37,  34.36,  34.36,  34.34,  34.31,  34.23,  34.07,  34.32,  34.27,  34.29,  34.29
20120818, 1800,  , TD, 13.8N, 141.9E,  20, 1007,    0,    0,    0,    0,    0,    0,    0,    0,    0,    0,    0,    0, -999,  34.34,  34.32,  34.34,  34.33,  34.23,  34.22,  34.20,  34.17,  34.24,  34.31,  34.30,  34.30,  34.33,  34.40,  34.33,  34.30,  34.43,  34.36,  34.28,  34.34,  34.34,  34.35,  34.35,  34.34,  34.33,  34.27,  34.25,  34.36,  34.35,  34.42,  34.40
20120819, 0000,  , DB, 14.3N, 142.3E,  20, 1007,    0,    0,    0,    0,    0,    0,    0,    0,    0,    0,    0,    0, -999,  34.41,  34.44,  34.44,  34.36,  34.30,  34.29,  34.30,  34.28,  34.44,  34.42,  34.40,  34.39,  34.37,  34.26,  34.38,  34.40,  34.33,  34.30,  34.29,  34.27,  34.29,  34.30,  34.34,  34.38,  34.30,  34.36,  34.32,  34.10,  34.29,  34.30,  34.28
20120819, 0600,  , DB, 14.9N, 142.5E,  20, 1007,    0,    0,    0,    0,    0,    0,    0,    0,    0,    0,    0,    0, -999,  34.45,  34.46,  34.44,  34.35,  34.29,  34.29,  34.24,  34.24,  34.31,  34.32,  34.36,  34.35,  34.33,  34.32,  34.36,  34.39,  34.37,  34.33,  34.32,  34.31,  34.34,  34.37,  34.37,  34.40,  34.35,  34.41,  34.41,  34.22,  34.38,  34.34,  34.33
20120819, 1200,  , TD, 16.0N, 142.3E,  25, 1004,    0,    0,    0,    0,    0,    0,    0,    0,    0,    0,    0,    0, -999,  34.36,  34.36,  34.36,  34.34,  34.35,  34.36,  34.40,  34.44,  34.49,  34.59,  34.60,  34.50,  34.50,  34.51,  34.48,  34.48,  34.45,  34.47,  34.42,  34.29,  34.21,  34.25,  34.29,  34.32,  34.31,  34.32,  34.30,  34.28,  34.28,  34.28,  34.25
20120819, 1800,  , TD, 16.8N, 141.9E,  25, 1004,    0,    0,    0,    0,    0,    0,    0,    0,    0,    0,    0,    0, -999,  34.52,  34.51,  34.48,  34.41,  34.38,  34.38,  34.33,  34.38,  34.43,  34.46,  34.45,  34.44,  34.46,  34.47,  34.45,  34.38,  34.40,  34.32,  34.28,  34.41,  34.51,  34.53,  34.55,  34.51,  34.29,  34.32,  34.39,  34.37,  34.39,  34.33,  34.26
20120820, 0000,  , TD, 17.2N, 141.8E,  30, 1000,    0,    0,    0,    0,    0,    0,    0,    0,    0,    0,    0,    0, -999,  34.30,  34.29,  34.36,  34.44,  34.38,  34.35,  34.38,  34.39,  34.41,  34.39,  34.41,  34.44,  34.44,  34.44,  34.46,  34.51,  34.40,  34.25,  34.29,  34.45,  34.53,  34.54,  34.51,  34.43,  34.26,  34.20,  34.25,  34.29,  34.28,  34.26,  34.25
20120820, 0600,  , TS, 17.6N, 141.7E,  35,  996,    0,    0,    0,    0,    0,    0,    0,    0,    0,    0,    0,    0, -999,  34.30,  34.26,  34.25,  34.27,  34.30,  34.29,  34.33,  34.31,  34.27,  34.22,  34.21,  34.27,  34.34,  34.36,  34.39,  34.30,  34.22,  34.17,  34.26,  34.24,  34.33,  34.43,  34.55,  34.48,  34.42,  34.24,  34.21,  34.24,  34.30,  34.31,  34.25
20120820, 1200,  , TS, 18.1N, 141.5E,  40,  993,   40,   40,   40,   40,    0,    0,    0,    0,    0,    0,    0,    0, -999,  34.56,  34.57,  34.57,  34.58,  34.55,  34.54,  34.48,  34.47,  34.38,  34.40,  34.42,  34.39,  34.39,  34.39,  34.32,  34.30,  34.22,  34.42,  34.59,  34.67,  34.60,  34.66,  34.51,  34.50,  34.40,  34.45,  34.39,  34.17,  34.23,  34.29,  34.32
20120820, 1800,  , TS, 18.3N, 141.1E,  45,  989,   40,   40,   40,   40,    0,    0,    0,    0,    0,    0,    0,    0, -999,  34.57,  34.57,  34.55,  34.51,  34.49,  34.50,  34.48,  34.49,  34.41,  34.42,  34.42,  34.42,  34.48,  34.48,  34.42,  34.43,  34.44,  34.69,  34.74,  34.67,  34.69,  34.69,  34.68,  34.67,  34.58,  34.43,  34.48,  34.42,  34.39,  34.28,  34.33
20120821, 0000,  , TS, 18.3N, 140.7E,  50,  985,   40,   40,   45,   45,    0,    0,    0,    0,    0,    0,    0,    0, -999,  34.39,  34.40,  34.42,  34.46,  34.50,  34.50,  34.52,  34.42,  34.47,  34.51,  34.50,  34.51,  34.57,  34.60,  34.57,  34.58,  34.70,  34.66,  34.65,  34.68,  34.72,  34.75,  34.77,  34.73,  34.57,  34.50,  34.48,  34.38,  34.41,  34.43,  34.42
20120821, 0600,  , TS, 18.4N, 140.2E,  60,  978,   50,   50,   50,   50,   25,   25,   25,   25,    0,    0,    0,    0, -999,  34.41,  34.45,  34.47,  34.49,  34.50,  34.49,  34.49,  34.50,  34.39,  34.48,  34.56,  34.62,  34.59,  34.62,  34.63,  34.57,  34.63,  34.67,  34.69,  34.73,  34.66,  34.71,  34.77,  34.76,  34.70,  34.69,  34.63,  34.61,  34.52,  34.49,  34.45
20120821, 1200,  , HU, 18.7N, 139.8E,  65,  974,   60,   55,   55,   60,   30,   30,   30,   30,    0,    0,    0,    0, -999,  34.43,  34.46,  34.50,  34.50,  34.48,  34.45,  34.53,  34.43,  34.50,  34.59,  34.59,  34.61,  34.64,  34.67,  34.68,  34.53,  34.62,  34.65,  34.57,  34.50,  34.63,  34.62,  34.68,  34.68,  34.70,  34.71,  34.65,  34.61,  34.58,  34.50,  34.51
20120821, 1800,  , HU, 19.0N, 139.2E,  75,  967,   70,   60,   60,   65,   35,   30,   30,   35,   20,   20,   20,   20, -999,  34.45,  34.42,  34.44,  34.43,  34.43,  34.42,  34.41,  34.32,  34.31,  34.34,  34.36,  34.36,  34.36,  34.38,  34.36,  34.33,  34.36,  34.47,  34.56,  34.31,  34.32,  34.29,  34.24,  34.24,  34.23,  34.17,  34.16,  34.16,  34.18,  34.19,  34.20
20120822, 0000,  , HU, 19.2N, 138.5E,  80,  963,   80,   70,   70,   75,   45,   40,   40,   45,   30,   30,   30,   30, -999,  34.44,  34.45,  34.44,  34.45,  34.41,  34.42,  34.38,  34.33,  34.37,  34.36,  34.38,  34.40,  34.39,  34.38,  34.39,  34.43,  34.46,  34.45,  34.38,  34.38,  34.26,  34.25,  34.25,  34.20,  34.22,  34.21,  34.19,  34.16,  34.19,  34.15,  34.08
20120822, 0600,  , HU, 19.3N, 137.8E,  80,  963,  115,  115,  110,  135,   55,   50,   40,   45,   20,   20,   20,   20, -999,  34.43,  34.44,  34.44,  34.37,  34.29,  34.33,  34.35,  34.31,  34.35,  34.35,  34.34,  34.36,  34.36,  34.37,  34.35,  34.32,  34.35,  34.31,  34.20,  34.09,  34.20,  34.23,  34.25,  34.25,  34.23,  34.16,  34.11,  34.11,  34.15,  34.14,  34.10
20120822, 1200,  , HU, 19.4N, 137.1E,  90,  956,  115,  115,  110,  135,   55,   50,   40,   45,   20,   20,   20,   20, -999,  34.39,  34.38,  34.36,  34.32,  34.28,  34.34,  34.31,  34.32,  34.35,  34.37,  34.37,  34.41,  34.40,  34.38,  34.28,  34.32,  34.36,  34.27,  34.25,  34.16,  34.19,  34.20,  34.20,  34.21,  34.32,  34.30,  34.31,  34.17,  34.14,  34.12,  34.12
20120822, 1800,  , HU, 19.5N, 136.3E,  90,  956,  135,  125,  125,  135,   55,   50,   50,   55,   20,   20,   20,   20, -999,  34.28,  34.30,  34.35,  34.30,  34.30,  34.32,  34.33,  34.26,  34.27,  34.27,  34.20,  34.22,  34.19,  34.16,  34.14,  34.20,  34.07,  34.35,  34.23,  34.31,  34.26,  34.24,  34.19,  34.17,  34.16,  34.09,  34.04,  33.94,  33.89,  33.93,  33.93
20120823, 0000,  , HU, 19.6N, 135.6E,  95,  952,  135,  150,  140,  135,   55,   50,   50,   55,   20,   20,   20,   20, -999,  34.25,  34.32,  34.25,  34.18,  34.19,  34.27,  34.23,  34.24,  34.24,  34.25,  34.30,  34.24,  34.20,  34.17,  34.21,  34.23,  34.68,  34.49,  34.44,  34.25,  34.30,  34.34,  34.05,  34.02,  33.92,  33.95,  33.94,  33.97,  33.98,  34.00,  33.98
20120823, 0600,  , HU, 20.1N, 135.0E, 100,  948,  140,  150,  140,  150,   75,   65,   60,   80,   30,   30,   30,   30, -999,  34.23,  34.33,  34.36,  34.35,  34.39,  34.43,  34.43,  34.42,  34.34,  34.29,  34.28,  34.33,  34.29,  34.30,  34.24,  34.20,  34.65,  34.32,  34.25,  34.27,  34.30,  34.16,  34.22,  34.14,  34.17,  34.20,  34.19,  34.15,  34.22,  34.28,  34.23
20120823, 1200,  , HU, 20.2N, 134.2E, 100,  948,  140,  150,  140,  150,   75,   65,   60,   80,   30,   30,   30,   30, -999,  34.33,  34.33,  34.34,  34.34,  34.47,  34.52,  34.46,  34.42,  34.41,  34.39,  34.33,  34.25,  34.25,  34.23,  34.20,  34.20,  34.47,  34.47,  34.34,  34.27,  34.37,  34.32,  34.36,  34.31,  34.33,  34.34,  34.36,  34.33,  34.34,  34.36,  34.33
20120823, 1800,  , HU, 20.5N, 133.8E, 105,  944,  180,  180,  160,  160,  100,   60,   60,   80,   20,   20,   20,   20, -999,  34.47,  34.43,  34.32,  34.32,  34.31,  34.35,  34.47,  34.47,  34.41,  34.43,  34.37,  34.29,  34.21,  34.24,  34.19,  34.19,  34.65,  34.56,  34.48,  34.24,  34.26,  34.32,  34.40,  34.40,  34.42,  34.48,  34.51,  34.51,  34.51,  34.50,  34.50
20120824, 0000,  , HU, 21.2N, 133.8E, 105,  944,  180,  180,  160,  160,  100,   60,   60,   80,   20,   20,   20,   20, -999,  34.44,  34.31,  34.32,  34.43,  34.49,  34.48,  34.52,  34.56,  34.52,  34.53,  34.48,  34.39,  34.39,  34.31,  34.25,  34.68,  34.66,  34.63,  34.66,  34.72,  34.76,  34.81,  34.45,  34.48,  34.43,  34.43,  34.44,  34.44,  34.63,  34.39,  34.30
20120824, 0600,  , HU, 21.7N, 133.3E, 110,  941,  180,  180,  160,  160,  100,   60,   60,   80,   20,   20,   20,   20, -999,  34.52,  34.46,  34.41,  34.32,  34.29,  34.39,  34.38,  34.34,  34.32,  34.37,  34.42,  34.45,  34.43,  34.36,  34.33,  34.44,  34.77,  34.64,  34.61,  34.55,  34.55,  34.51,  34.52,  34.56,  34.53,  34.47,  34.40,  34.30,  34.18,  34.07,  34.26
20120824, 1200,  , HU, 22.3N, 133.0E, 120,  933,  180,  180,  160,  160,  100,   60,   60,   80,   20,   20,   20,   20, -999,  34.55,  34.49,  34.46,  34.41,  34.39,  34.34,  34.31,  34.34,  34.37,  34.31,  34.35,  34.38,  34.31,  34.33,  34.35,  34.40,  34.73,  34.54,  34.46,  34.36,  34.37,  34.44,  34.44,  34.37,  34.51,  34.66,  34.55,  34.48,  34.38,  34.32,  34.36
20120824, 1800,  , HU, 22.9N, 132.7E, 125,  929,  190,  175,  160,  180,  110,   85,   75,  100,   40,   35,   35,   40, -999,  34.67,  34.66,  34.67,  34.66,  34.63,  34.48,  34.45,  34.46,  34.53,  34.60,  34.67,  34.72,  34.51,  34.44,  34.41,  34.33,  34.69,  34.54,  34.48,  34.44,  34.27,  34.23,  34.43,  34.31,  34.36,  34.39,  34.43,  34.44,  34.42,  34.39,  34.40
20120825, 0000,  , HU, 23.5N, 132.1E, 125,  929,  190,  175,  160,  180,  110,   85,   75,  100,   40,   35,   35,   40, -999,  34.59,  34.63,  34.77,  34.81,  34.55,  34.46,  34.49,  34.56,  34.66,  34.73,  34.79,  34.64,  34.62,  34.56,  34.42,  34.60,  34.56,  34.46,  34.47,  34.48,  34.55,  34.63,  34.56,  34.41,  34.27,  34.25,  34.36,  34.49,  34.59,  34.64,  34.66
20120825, 0600,  , HU, 24.1N, 131.3E, 120,  933,  190,  190,  180,  180,  100,  100,   90,   90,   60,   60,   55,   55, -999,  34.82,  34.89,  34.85,  34.79,  34.80,  34.77,  34.72,  34.72,  34.69,  34.68,  34.72,  34.76,  34.71,  34.74,  34.70,  34.61,  34.72,  34.69,  34.63,  34.62,  34.60,  34.61,  34.73,  34.69,  34.64,  34.58,  34.67,  34.75,  34.70,  34.65,  34.62
20120825, 1200,  , HU, 24.4N, 130.6E, 120,  933,  190,  190,  180,  180,  100,  100,   90,   90,   60,   60,   55,   55, -999,  34.65,  34.70,  34.86,  34.84,  34.81,  34.73,  34.67,  34.70,  34.68,  34.66,  34.73,  34.77,  34.83,  34.77,  34.71,  34.69,  34.77,  34.66,  34.64,  34.64,  34.59,  34.52,  34.55,  34.74,  34.67,  34.41,  34.64,  34.76,  34.73,  34.70,  34.66
20120825, 1800,  , HU, 24.8N, 130.1E, 120,  933,  235,  215,  190,  205,  120,  110,  100,  105,   70,   65,   60,   65, -999,  34.59,  34.51,  34.49,  34.55,  34.61,  34.59,  34.55,  34.48,  34.33,  34.28,  34.35,  34.42,  34.42,  34.34,  34.52,  34.73,  34.72,  34.72,  34.67,  34.59,  34.55,  34.50,  34.51,  34.42,  34.43,  34.57,  34.81,  34.52,  34.70,  34.66,  34.70
20120826, 0000,  , HU, 25.3N, 129.5E, 115,  937,  230,  215,  185,  200,  120,  110,  110,  115,   70,   60,   60,   65, -999,  34.32,  34.41,  34.50,  34.59,  34.58,  34.55,  34.52,  34.47,  34.38,  34.30,  34.22,  34.16,  34.12,  34.15,  34.13,  34.73,  34.55,  34.49,  34.49,  34.45,  34.39,  34.37,  34.22,  34.15,  34.15,  34.14,  34.14,  34.40,  34.30,  34.09,  34.33
20120826, 0600,  , HU, 25.9N, 128.9E, 110,  941,  230,  215,  185,  200,  120,  110,  110,  115,   70,   60,   60,   65, -999,  34.18,  34.25,  34.29,  34.30,  34.28,  34.18,  33.91,  33.99,  34.14,  34.11,  34.11,  34.14,  34.23,  34.28,  34.27,  34.22,  34.46,  34.29,  34.29,  34.27,  34.22,  34.26,  34.28,  34.25,  34.25,  34.25,  34.29,  34.44,  34.39,  34.20,  34.20
20120826, 1200,  , HU, 26.6N, 128.0E, 105,  944,  215,  215,  185,  185,  110,  110,  110,  110,   60,   60,   60,   60, -999,  34.20,  34.21,  34.20,  34.22,  34.26,  34.28,  34.26,  34.25,  34.22,  34.22,  34.20,  34.21,  34.19,  34.24,  34.23,  34.25,  34.16,  34.35,  34.42,  34.40,  34.41,  34.41,  34.41,  34.40,  34.39,  34.40,  34.41,  34.39,  34.41,  34.38,  34.38
20120826, 1800,  , HU, 27.5N, 127.4E, 100,  948,  220,  220,  185,  185,  115,  110,  110,  115,   60,   60,   60,   60, -999,  33.87,  33.99,  34.02,  33.95,  33.92,  33.97,  34.04,  34.11,  34.14,  34.16,  34.18,  34.22,  34.21,  34.19,  34.20,  34.19,  34.28,  34.25,  34.21,  34.23,  34.15,  34.28,  34.25,  34.31,  34.19,  34.39,  34.33,  34.38,  34.35,  34.37,  34.38
20120827, 0000,  , HU, 28.6N, 126.8E,  90,  956,  215,  215,  180,  180,  100,  105,  100,  100,   55,   55,   55,   55, -999,  33.75,  33.70,  33.63,  33.68,  33.75,  33.79,  33.87,  33.92,  33.92,  34.05,  34.09,  34.06,  34.06,  34.06,  34.07,  34.17,  34.12,  33.98,  33.99,  33.97,  33.81,  33.79,  33.76,  33.76,  33.74,  33.70,  33.69,  33.67,  33.67,  33.67,  33.60
20120827, 0600,  , HU, 29.9N, 126.0E,  75,  967,  170,  170,  150,  150,  100,  100,  100,  100,   55,   55,   55,   55, -999,  33.14,  33.03,  33.00,  33.02,  33.01,  33.01,  33.00,  33.00,  33.01,  33.03,  33.04,  33.05,  33.16,  33.38,  33.45,  33.52,  33.68,  33.66,  33.83,  33.91,  33.92,  33.91,  33.90,  33.91,  33.92,  33.88,  33.87,  33.83,  33.80,  33.75,  33.75
20120827, 1200,  , HU, 31.3N, 125.5E,  70,  970,  170,  170,  150,  150,  100,  100,  100,  100,   55,   55,   55,   55, -999,  32.42,  32.47,  32.61,  32.69,  32.75,  32.76,  32.78,  32.80,  32.86,  33.05,  33.23,  33.27,  33.25,  33.25,  33.23,  33.20,  33.03,  32.67,  32.93,  32.85,  32.73,  32.75,  32.80,  32.86,  32.88,  32.86,  32.86,  32.90,  32.93,  33.00,  32.98
20120827, 1800,  , HU, 33.0N, 125.2E,  70,  970,  170,  170,  150,  150,   80,   80,   80,   80,   35,   35,   35,   35, -999,  32.80,  32.77,  32.78,  32.83,  32.86,  32.90,  32.92,  32.95,  33.00,  33.08,  33.18,  33.25,  33.29,  33.30,  33.25,  33.22,  33.39,  33.21,  33.12,  33.12,  33.13,  33.15,  33.17,  33.15,  33.03,  33.08,  33.11,  32.99,  32.99,  32.99,  33.03
20120828, 0000,  , TS, 34.8N, 124.7E,  55,  982,  170,  170,  150,  150,   80,   80,   80,   80,    0,    0,    0,    0, -999,  32.47,  32.48,  32.48,  32.39,  32.42,  32.38,  32.39,  32.39,  32.38,  32.38,  32.39,  32.38,  32.40,  32.42,  32.44,  32.39,  32.48,  32.43,  32.47,  32.48,  32.49,  32.51,  32.52,  32.55,  32.57,  32.58,  32.58,  32.58,  32.58,  32.58,  32.59
20120828, 0600,  , TS, 36.8N, 124.6E,  55,  982,  170,  170,  150,  150,   80,   80,   80,   80,    0,    0,    0,    0, -999,  32.01,  32.02,  32.01,  31.97,  32.02,  32.04,  32.05,  32.01,  32.00,  32.04,  32.09,  32.11,  32.11,  32.13,  32.13,  32.13,  32.17,  32.19,  32.20,  32.17,  32.16,  32.13,  32.12,  32.12,  32.12,  32.10,  32.06,  32.05,  32.05,  32.03,  32.03
20120828, 1200,  , TS, 38.9N, 125.0E,  45,  989,   90,  110,  110,   90,    0,    0,    0,    0,    0,    0,    0,    0, -999,  30.63,  30.61,  30.49,  30.37,  30.30,  30.17,  30.17,  30.20,  30.18,  30.18,  30.24,  30.24,  30.15,  30.11,  30.04,  30.13,  29.94,  29.83,  29.72,  29.64,  29.56,  29.51,  29.49,  29.51,  29.41,  29.40,  29.38,  29.31,  29.30,  29.28,  29.23
20120828, 1800,  , TS, 41.5N, 125.6E,  35,  996,   90,  110,  110,   90,    0,    0,    0,    0,    0,    0,    0,    0, -999,    nan,    nan,    nan,    nan,    nan,    nan,    nan,    nan,    nan,    nan,    nan,    nan,    nan,    nan,    nan,    nan,    nan,    nan,    nan,    nan,    nan,    nan,    nan,    nan,    nan,    nan,    nan,    nan,    nan,    nan,    nan
20120829, 0000,  , EX, 44.2N, 127.3E,  30, 1000,    0,    0,    0,    0,    0,    0,    0,    0,    0,    0,    0,    0, -999,    nan,    nan,    nan,    nan,    nan,    nan,    nan,    nan,    nan,    nan,    nan,    nan,    nan,    nan,    nan,    nan,    nan,    nan,    nan,    nan,    nan,    nan,    nan,    nan,    nan,    nan,    nan,    nan,    nan,    nan,    nan
