WP162004,            UNNAMED,     25,
20040807, 0000,  , TD, 14.8N, 130.2E,  25, 1000,    0,    0,    0,    0,    0,    0,    0,    0,    0,    0,    0,    0, -999,  34.91,  34.78,  34.70,  34.57,  34.32,  34.07,  34.06,  34.17,  34.24,  34.28,  34.17,  34.12,  34.13,  34.12,  34.07,  34.12,  34.20,  34.39,  34.51,  34.65,  34.47,  34.59,  34.62,  34.78,  34.65,  34.69,  34.19,  34.30,  34.14,  34.11,  34.08
20040807, 0600,  , TD, 15.4N, 130.1E,  25, 1002,    0,    0,    0,    0,    0,    0,    0,    0,    0,    0,    0,    0, -999,  34.41,  34.35,  34.04,  34.23,  34.31,  34.20,  34.09,  34.16,  34.33,  34.24,  34.21,  34.17,  34.09,  34.06,  34.10,  34.13,  34.26,  34.52,  34.49,  34.40,  34.42,  34.36,  34.13,  34.19,  34.40,  34.64,  34.77,  34.53,  34.14,  34.05,  33.97
20040807, 1200,  , TD, 16.1N, 130.0E,  25, 1002,    0,    0,    0,    0,    0,    0,    0,    0,    0,    0,    0,    0, -999,  34.44,  34.26,  34.15,  34.16,  34.29,  34.45,  34.57,  34.52,  34.35,  34.28,  34.41,  34.43,  34.21,  34.23,  34.21,  34.33,  34.70,  34.72,  34.72,  34.66,  34.62,  34.55,  34.41,  34.20,  34.18,  34.11,  34.12,  34.13,  34.14,  34.15,  34.40
20040807, 1800,  , TD, 16.7N, 130.1E,  30, 1000,    0,    0,    0,    0,    0,    0,    0,    0,    0,    0,    0,    0, -999,  34.66,  34.64,  34.63,  34.59,  34.57,  34.67,  34.72,  34.72,  34.66,  34.73,  34.70,  34.73,  34.77,  34.75,  34.75,  34.71,  34.75,  34.71,  34.71,  34.72,  34.72,  34.71,  34.71,  34.72,  34.73,  34.74,  34.75,  34.76,  34.74,  34.72,  34.70
20040808, 0000,  , TS, 17.3N, 130.2E,  35,  997,    0,    0,    0,    0,    0,    0,    0,    0,    0,    0,    0,    0, -999,  34.76,  34.74,  34.69,  34.70,  34.69,  34.70,  34.68,  34.67,  34.69,  34.72,  34.70,  34.69,  34.72,  34.74,  34.76,  34.70,  34.69,  34.68,  34.69,  34.71,  34.75,  34.73,  34.74,  34.75,  34.78,  34.64,  34.69,  34.73,  34.64,  34.61,  34.52
20040808, 0600,  , TS, 17.9N, 130.4E,  35,  997,    0,    0,    0,    0,    0,    0,    0,    0,    0,    0,    0,    0, -999,  34.39,  34.29,  34.27,  34.25,  34.23,  34.24,  34.25,  34.25,  34.27,  34.27,  34.29,  34.32,  34.40,  34.49,  34.57,  34.59,  34.59,  34.51,  34.39,  34.35,  34.37,  34.33,  34.34,  34.39,  34.48,  34.41,  34.66,  34.75,  34.61,  34.77,  34.71
20040808, 1200,  , TS, 18.4N, 130.3E,  35,  997,    0,    0,    0,    0,    0,    0,    0,    0,    0,    0,    0,    0, -999,  34.27,  34.26,  34.26,  34.26,  34.24,  34.21,  34.22,  34.26,  34.32,  34.36,  34.39,  34.37,  34.33,  34.36,  34.27,  34.27,  34.32,  34.36,  34.34,  34.34,  34.37,  34.44,  34.52,  34.55,  34.60,  34.67,  34.68,  34.85,  34.61,  34.72,  34.73
20040808, 1800,  , TS, 18.9N, 130.4E,  45,  991,   60,   60,   80,   80,    0,    0,    0,    0,    0,    0,    0,    0, -999,  34.41,  34.46,  34.49,  34.49,  34.44,  34.35,  34.35,  34.39,  34.36,  34.44,  34.46,  34.48,  34.34,  34.29,  34.30,  34.33,  34.34,  34.52,  34.53,  34.54,  34.56,  34.67,  34.67,  34.63,  34.68,  34.62,  34.65,  34.87,  34.67,  34.94,  35.02
20040809, 0000,  , TS, 19.5N, 130.4E,  45,  991,   60,   80,   80,   80,    0,    0,    0,    0,    0,    0,    0,    0, -999,  34.71,  34.69,  34.73,  34.74,  34.76,  34.78,  34.78,  34.77,  34.75,  34.73,  34.70,  34.64,  34.49,  34.44,  34.44,  34.42,  34.42,  34.52,  34.63,  34.63,  34.55,  34.64,  34.66,  34.72,  34.78,  34.79,  34.87,  34.83,  34.79,  34.77,  34.76
20040809, 0600,  , TS, 20.0N, 130.0E,  50,  987,   70,   90,   90,   70,    0,    0,    0,    0,    0,    0,    0,    0, -999,  34.75,  34.73,  34.75,  34.75,  34.71,  34.67,  34.63,  34.65,  34.71,  34.74,  34.66,  34.59,  34.58,  34.56,  34.58,  34.56,  34.53,  34.51,  34.54,  34.43,  34.50,  34.74,  34.73,  34.76,  34.77,  34.75,  34.72,  34.71,  34.72,  34.71,  34.70
20040809, 1200,  , TS, 20.4N, 129.5E,  50,  987,   70,   90,   90,   70,    0,    0,    0,    0,    0,    0,    0,    0, -999,  34.86,  34.85,  34.80,  34.64,  34.59,  34.58,  34.57,  34.55,  34.57,  34.58,  34.44,  34.36,  34.34,  34.33,  34.35,  34.37,  34.41,  34.43,  34.42,  34.71,  34.91,  34.73,  34.82,  34.87,  34.87,  34.84,  34.83,  34.82,  34.77,  34.78,  34.80
20040809, 1800,  , TS, 20.8N, 128.7E,  55,  984,   85,  105,  105,   85,   20,   25,   25,   20,    0,    0,    0,    0, -999,  34.79,  34.78,  34.59,  34.42,  34.41,  34.72,  34.95,  35.00,  34.99,  35.01,  34.71,  34.52,  34.43,  34.39,  34.76,  34.65,  34.69,  34.88,  34.92,  35.22,  35.02,  35.17,  35.12,  35.12,  35.19,  35.05,  35.09,  34.88,  34.78,  34.90,  35.00
20040810, 0000,  , TS, 21.4N, 128.1E,  55,  984,   90,  100,  100,   90,   25,   25,   25,   25,    0,    0,    0,    0, -999,  34.72,  34.74,  34.72,  34.70,  34.74,  34.95,  34.95,  34.84,  34.83,  34.72,  34.65,  34.50,  34.36,  34.35,  34.44,  34.63,  34.80,  34.81,  34.88,  34.90,  34.89,  34.77,  34.68,  34.83,  34.89,  34.92,  34.91,  34.88,  34.82,  34.77,  34.75
20040810, 0600,  , TS, 22.1N, 128.0E,  60,  980,   90,  100,  100,   90,   25,   25,   25,   25,    0,    0,    0,    0, -999,  34.74,  34.65,  34.64,  34.64,  34.50,  34.63,  34.66,  34.76,  34.79,  34.81,  34.77,  34.71,  34.61,  34.61,  34.68,  34.62,  34.56,  34.58,  34.59,  34.54,  34.55,  34.56,  34.73,  34.88,  34.84,  34.81,  34.87,  34.91,  34.93,  34.94,  34.89
20040810, 1200,  , HU, 22.4N, 127.4E,  65,  976,   90,  100,  100,   90,   25,   25,   25,   25,    0,    0,    0,    0, -999,  34.86,  34.77,  34.66,  34.63,  34.64,  34.69,  34.54,  34.62,  34.70,  34.70,  34.73,  34.74,  34.72,  34.77,  34.78,  34.74,  34.69,  34.71,  34.64,  34.48,  34.47,  34.54,  34.68,  34.76,  34.73,  34.70,  34.69,  34.77,  34.83,  34.88,  34.91
20040810, 1800,  , HU, 22.8N, 126.9E,  75,  967,   90,  110,  110,   90,   25,   25,   25,   25,   10,   10,   10,   10, -999,  34.67,  34.69,  34.68,  34.75,  34.70,  34.65,  34.59,  34.66,  34.66,  34.58,  34.63,  34.68,  34.70,  34.70,  34.82,  34.85,  34.79,  34.75,  34.70,  34.61,  34.56,  34.53,  34.55,  34.75,  34.69,  34.56,  34.70,  34.80,  34.84,  34.85,  34.77
20040811, 0000,  , HU, 23.3N, 126.2E,  80,  963,   90,  110,  110,   90,   25,   25,   25,   25,   10,   10,   10,   10, -999,  34.62,  34.62,  34.66,  34.66,  34.69,  34.64,  34.65,  34.61,  34.59,  34.58,  34.60,  34.64,  34.68,  34.66,  34.63,  34.61,  34.67,  34.68,  34.71,  34.72,  34.75,  34.79,  34.80,  34.78,  34.79,  34.87,  34.82,  34.85,  34.84,  34.83,  34.90
20040811, 0600,  , HU, 23.8N, 125.5E,  85,  958,   90,  110,  110,   90,   30,   30,   30,   30,   20,   20,   20,   20, -999,  34.63,  34.50,  34.37,  34.48,  34.53,  34.56,  34.56,  34.57,  34.58,  34.56,  34.59,  34.61,  34.55,  34.48,  34.56,  34.60,  34.60,  34.61,  34.59,  34.57,  34.58,  34.59,  34.59,  34.59,  34.59,  34.60,  34.60,  34.61,  34.62,  34.63,  34.62
20040811, 1200,  , HU, 24.5N, 125.0E,  90,  954,   90,  110,  110,   90,   30,   30,   30,   30,   20,   20,   20,   20, -999,  34.57,  34.59,  34.59,  34.58,  34.58,  34.59,  34.59,  34.59,  34.59,  34.53,  34.42,  34.45,  34.52,  34.55,  34.53,  34.57,  34.54,  34.57,  34.59,  34.62,  34.59,  34.51,  34.54,  34.53,  34.61,  34.67,  34.70,  34.65,  34.51,  34.43,  34.46
20040811, 1800,  , HU, 25.3N, 124.3E,  90,  954,   90,  110,  110,   90,   30,   30,   30,   30,   20,   20,   20,   20, -999,  34.55,  34.61,  34.64,  34.64,  34.59,  34.31,  34.42,  34.53,  34.54,  34.53,  34.27,  34.43,  34.45,  34.43,  34.47,  34.23,  34.28,  34.43,  34.44,  34.34,  34.30,  34.39,  34.26,  34.26,  34.12,  34.13,  34.11,  34.15,  34.31,  34.49,  34.64
20040812, 0000,  , HU, 26.4N, 123.8E,  90,  954,  100,  110,  110,  100,   30,   30,   30,   30,   20,   20,   20,   20, -999,  34.72,  34.71,  34.72,  34.75,  34.78,  34.84,  34.85,  34.83,  34.82,  34.78,  34.74,  34.81,  34.80,  34.85,  34.88,  34.82,  34.74,  34.65,  34.67,  34.64,  34.66,  34.67,  34.71,  34.74,  34.69,  34.54,  34.59,  34.63,  34.70,  34.66,  34.73
20040812, 0600,  , HU, 27.3N, 122.6E,  90,  954,  120,  100,  100,  120,   30,   30,   30,   30,   20,   20,   20,   20, -999,  34.61,  34.54,  34.52,  34.54,  34.57,  34.58,  34.58,  34.57,  34.57,  34.55,  34.55,  34.52,  34.49,  34.50,  34.51,  34.48,  34.53,  34.57,  34.66,  34.73,  34.76,  34.73,  34.69,  34.67,  34.65,  34.57,  34.49,  34.46,  34.64,  34.72,  34.75
20040812, 1200,  , HU, 28.0N, 121.3E,  85,  958,  120,   90,   70,   70,   30,   30,   20,   20,   10,   10,    5,    5, -999,    nan,    nan,    nan,    nan,    nan,    nan,    nan,    nan,    nan,    nan,    nan,    nan,    nan,    nan,    nan,    nan,    nan,    nan,    nan,    nan,    nan,    nan,    nan,    nan,    nan,    nan,    nan,    nan,    nan,    nan,    nan
20040812, 1800,  , HU, 28.4N, 120.1E,  70,  972,   50,   50,   50,   50,   30,   30,   20,   20,    0,    0,    0,    0, -999,    nan,    nan,    nan,    nan,    nan,    nan,    nan,    nan,    nan,    nan,    nan,    nan,    nan,    nan,    nan,    nan,    nan,    nan,    nan,    nan,    nan,    nan,    nan,    nan,    nan,    nan,    nan,    nan,    nan,    nan,    nan
20040813, 0000,  , TS, 28.5N, 118.9E,  60,  980,   50,   50,   50,   50,   30,   30,   20,   20,    0,    0,    0,    0, -999,    nan,    nan,    nan,    nan,    nan,    nan,    nan,    nan,    nan,    nan,    nan,    nan,    nan,    nan,    nan,    nan,    nan,    nan,    nan,    nan,    nan,    nan,    nan,    nan,    nan,    nan,    nan,    nan,    nan,    nan,    nan
