WP162010,              CHABA,     42,
20101020, 0600,  , DB, 16.3N, 146.5E,  20, 1006,    0,    0,    0,    0,    0,    0,    0,    0,    0,    0,    0,    0, -999,  29.47,  29.43,  29.25,  29.20,  29.61,  29.66,  29.33,  29.47,  29.57,  29.53,  29.53,  29.68,  29.74,  29.73,  29.72,  29.77,  29.76,  29.68,  29.43,  29.26,  29.50,  29.43,  29.66,  29.58,  29.55,  29.58,  29.47,  29.48,  29.47,  29.50,  29.54
20101020, 1200,  , DB, 16.1N, 145.0E,  20, 1007,    0,    0,    0,    0,    0,    0,    0,    0,    0,    0,    0,    0, -999,  29.43,  29.37,  29.34,  29.26,  29.76,  29.83,  29.80,  29.72,  29.60,  29.40,  29.38,  29.24,  29.19,  29.55,  29.67,  29.78,  29.80,  29.65,  28.84,  28.81,  28.98,  29.16,  29.10,  29.46,  29.76,  29.69,  29.68,  29.58,  29.63,  29.51,  29.30
20101020, 1800,  , DB, 16.3N, 143.7E,  20, 1004,    0,    0,    0,    0,    0,    0,    0,    0,    0,    0,    0,    0, -999,  29.57,  29.52,  29.46,  29.54,  29.59,  29.61,  29.59,  29.57,  29.48,  29.11,  29.11,  29.10,  29.29,  29.38,  29.45,  29.58,  29.72,  29.70,  29.31,  29.30,  29.26,  29.38,  29.53,  29.51,  29.39,  29.45,  29.52,  29.61,  29.48,  29.40,  29.38
20101021, 0000,  , DB, 16.6N, 142.7E,  20, 1005,    0,    0,    0,    0,    0,    0,    0,    0,    0,    0,    0,    0, -999,  29.65,  29.61,  29.63,  29.58,  29.61,  29.56,  29.57,  29.41,  29.20,  29.17,  28.99,  28.88,  29.29,  29.54,  29.56,  29.57,  29.56,  29.37,  29.38,  29.34,  29.53,  29.61,  29.48,  29.17,  29.13,  29.27,  29.24,  29.03,  29.11,  29.24,  29.47
20101021, 0600,  , TD, 16.9N, 141.8E,  25, 1004,    0,    0,    0,    0,    0,    0,    0,    0,    0,    0,    0,    0, -999,  29.75,  29.76,  29.64,  29.43,  29.41,  29.30,  29.37,  29.24,  29.18,  29.19,  29.16,  29.13,  29.22,  29.39,  29.41,  29.47,  29.50,  29.39,  29.40,  29.32,  29.19,  29.31,  29.37,  29.17,  29.01,  29.21,  29.11,  28.94,  28.87,  29.08,  29.29
20101021, 1200,  , TD, 17.1N, 140.9E,  25, 1004,    0,    0,    0,    0,    0,    0,    0,    0,    0,    0,    0,    0, -999,  29.64,  29.68,  29.78,  29.50,  29.51,  29.46,  29.51,  29.61,  29.53,  29.38,  29.35,  29.35,  29.12,  29.45,  29.44,  29.39,  29.37,  29.40,  29.42,  29.46,  29.51,  29.46,  29.48,  29.48,  29.49,  29.59,  29.55,  29.37,  29.22,  29.06,  28.96
20101021, 1800,  , TD, 17.1N, 140.0E,  25, 1004,    0,    0,    0,    0,    0,    0,    0,    0,    0,    0,    0,    0, -999,  29.39,  29.31,  29.37,  29.22,  29.31,  29.34,  29.27,  29.55,  29.46,  29.26,  29.45,  29.68,  29.52,  29.56,  29.52,  29.61,  29.47,  29.53,  29.44,  29.30,  29.64,  29.57,  29.53,  29.41,  29.13,  29.17,  29.39,  29.28,  28.77,  28.46,  28.42
20101022, 0000,  , DB, 17.1N, 139.1E,  20, 1007,    0,    0,    0,    0,    0,    0,    0,    0,    0,    0,    0,    0, -999,  29.61,  29.59,  29.59,  29.65,  29.46,  29.55,  29.73,  29.63,  29.64,  29.68,  29.64,  29.45,  29.49,  29.63,  29.74,  29.73,  29.57,  29.42,  29.31,  29.55,  29.30,  29.37,  29.35,  29.40,  29.48,  29.62,  29.64,  29.59,  29.66,  29.44,  29.34
20101022, 0600,  , DB, 16.9N, 138.0E,  20, 1007,    0,    0,    0,    0,    0,    0,    0,    0,    0,    0,    0,    0, -999,  28.74,  28.82,  28.96,  29.30,  29.64,  29.47,  29.71,  29.88,  29.75,  29.05,  29.13,  28.99,  28.67,  28.25,  28.64,  28.91,  29.09,  28.80,  28.68,  29.12,  29.09,  29.11,  29.16,  28.90,  29.05,  29.06,  29.49,  29.60,  29.48,  29.22,  29.06
20101022, 1200,  , DB, 16.6N, 137.0E,  20, 1007,    0,    0,    0,    0,    0,    0,    0,    0,    0,    0,    0,    0, -999,  29.30,  29.43,  29.12,  29.06,  28.71,  28.36,  28.67,  28.83,  28.97,  28.59,  29.07,  29.46,  29.15,  29.42,  28.79,  28.63,  28.72,  28.45,  28.43,  28.31,  28.58,  28.70,  28.94,  28.99,  28.98,  28.81,  28.99,  29.33,  29.35,  29.29,  29.26
20101022, 1800,  , DB, 16.2N, 135.9E,  20, 1007,    0,    0,    0,    0,    0,    0,    0,    0,    0,    0,    0,    0, -999,  29.71,  29.57,  29.59,  29.68,  29.65,  29.70,  29.59,  29.43,  29.57,  28.89,  28.97,  29.34,  29.22,  29.34,  29.20,  29.18,  28.94,  29.03,  29.09,  28.86,  29.03,  28.77,  29.18,  28.90,  28.78,  28.95,  29.00,  29.00,  29.30,  29.41,  29.30
20101023, 0000,  , DB, 15.9N, 134.9E,  20, 1007,    0,    0,    0,    0,    0,    0,    0,    0,    0,    0,    0,    0, -999,  29.85,  29.84,  29.91,  29.84,  29.62,  29.45,  29.61,  29.79,  29.40,  29.64,  29.19,  29.92,  30.06,  29.95,  29.90,  29.63,  29.51,  29.73,  29.66,  29.64,  29.51,  29.52,  29.45,  29.48,  29.46,  29.50,  29.51,  29.66,  29.68,  29.70,  29.50
20101023, 0600,  , DB, 15.6N, 134.1E,  20, 1007,    0,    0,    0,    0,    0,    0,    0,    0,    0,    0,    0,    0, -999,  29.81,  29.89,  29.89,  29.41,  29.32,  29.38,  29.02,  29.22,  29.73,  29.30,  29.57,  29.24,  29.80,  30.18,  30.14,  29.89,  29.68,  29.50,  29.62,  29.55,  29.46,  29.42,  29.41,  29.45,  29.35,  29.42,  29.46,  29.41,  29.46,  29.50,  29.45
20101023, 1200,  , TD, 15.5N, 133.7E,  25, 1004,    0,    0,    0,    0,    0,    0,    0,    0,    0,    0,    0,    0, -999,  29.59,  29.66,  29.93,  29.99,  29.49,  29.55,  29.62,  29.89,  29.86,  29.75,  29.64,  29.53,  28.94,  29.78,  30.01,  29.98,  29.65,  29.52,  29.58,  29.54,  29.42,  29.49,  29.40,  29.34,  28.88,  29.41,  29.46,  29.40,  29.37,  29.39,  29.39
20101023, 1800,  , TD, 15.5N, 133.3E,  25, 1004,    0,    0,    0,    0,    0,    0,    0,    0,    0,    0,    0,    0, -999,  29.41,  29.59,  29.67,  29.02,  29.45,  29.41,  29.30,  29.50,  29.65,  29.24,  29.22,  29.62,  29.61,  29.74,  29.83,  29.69,  29.65,  29.54,  29.12,  28.97,  29.34,  29.42,  29.52,  29.42,  29.51,  29.54,  29.37,  29.45,  29.33,  29.34,  29.28
20101024, 0000,  , TD, 15.5N, 132.9E,  25, 1004,    0,    0,    0,    0,    0,    0,    0,    0,    0,    0,    0,    0, -999,  29.74,  29.81,  29.78,  29.49,  29.23,  28.96,  29.77,  29.70,  29.25,  28.97,  29.08,  29.26,  29.84,  29.77,  29.55,  28.64,  29.59,  29.58,  29.02,  29.28,  29.47,  29.39,  29.34,  29.38,  29.45,  29.45,  29.32,  29.18,  29.16,  29.14,  29.22
20101024, 0600,  , TD, 15.7N, 132.4E,  30, 1000,    0,    0,    0,    0,    0,    0,    0,    0,    0,    0,    0,    0, -999,  29.72,  29.76,  29.78,  29.50,  29.40,  29.45,  29.68,  29.65,  29.51,  29.13,  29.29,  29.28,  29.57,  29.73,  29.34,  28.77,  28.54,  28.71,  29.58,  29.32,  29.50,  29.40,  29.30,  29.42,  29.51,  29.53,  29.42,  29.29,  29.22,  29.15,  29.12
20101024, 1200,  , TD, 16.0N, 131.7E,  30, 1000,    0,    0,    0,    0,    0,    0,    0,    0,    0,    0,    0,    0, -999,  30.02,  30.15,  30.12,  29.79,  29.48,  29.42,  29.52,  29.52,  29.44,  29.46,  29.45,  29.21,  29.58,  29.76,  29.78,  29.79,  29.28,  29.33,  29.46,  29.12,  29.13,  29.19,  29.25,  29.24,  29.35,  29.41,  29.45,  29.45,  29.45,  29.43,  29.45
20101024, 1800,  , TS, 16.4N, 131.1E,  35,  996,    0,    0,    0,    0,    0,    0,    0,    0,    0,    0,    0,    0, -999,  29.91,  30.05,  30.09,  29.63,  29.48,  29.00,  29.78,  29.78,  29.39,  29.47,  29.44,  29.54,  29.37,  29.52,  29.40,  29.28,  29.21,  28.53,  28.40,  28.32,  28.46,  28.63,  29.10,  29.00,  29.06,  29.06,  29.09,  29.11,  29.14,  29.18,  29.23
20101025, 0000,  , TS, 16.9N, 130.8E,  45,  989,   40,   45,   55,   45,    0,    0,    0,    0,    0,    0,    0,    0, -999,  29.70,  29.97,  29.61,  29.69,  29.89,  29.89,  29.80,  29.00,  28.95,  29.00,  29.20,  29.35,  29.38,  29.23,  29.23,  28.69,  29.03,  28.95,  28.74,  28.90,  28.95,  29.11,  28.98,  28.87,  28.70,  28.85,  29.19,  29.21,  29.25,  29.33,  29.49
20101025, 0600,  , TS, 17.5N, 130.4E,  55,  982,   60,   50,   50,   55,   15,   15,   15,   15,    0,    0,    0,    0, -999,  28.75,  29.36,  29.38,  29.58,  29.69,  29.80,  29.78,  29.33,  28.80,  28.96,  29.38,  29.49,  29.25,  29.40,  29.40,  28.56,  28.10,  28.31,  28.67,  29.12,  28.51,  28.31,  28.36,  28.91,  28.85,  28.77,  28.79,  28.77,  28.87,  28.96,  29.22
20101025, 1200,  , TS, 18.1N, 129.9E,  60,  978,   65,   55,   55,   60,   20,   15,   15,   20,    0,    0,    0,    0, -999,  29.53,  29.48,  29.46,  29.73,  29.63,  28.80,  28.78,  28.49,  28.99,  28.90,  29.05,  28.82,  28.90,  29.68,  29.59,  29.48,  29.33,  28.83,  28.70,  28.41,  28.29,  28.01,  28.04,  28.35,  28.45,  28.46,  28.50,  28.54,  28.41,  28.49,  28.90
20101025, 1800,  , HU, 18.8N, 129.4E,  65,  974,   85,   65,   60,   85,   20,   15,   15,   20,    0,    0,    0,    0, -999,  29.45,  29.42,  29.01,  29.52,  29.57,  29.58,  29.36,  29.00,  29.14,  27.23,  28.60,  29.52,  29.28,  29.66,  29.38,  29.75,  29.49,  29.17,  28.68,  29.56,  29.36,  28.95,  28.75,  29.02,  28.73,  28.01,  27.77,  27.66,  27.75,  28.05,  28.80
20101026, 0000,  , HU, 19.5N, 129.1E,  70,  970,   90,   70,   70,   90,   25,   20,   20,   25,   15,   15,   15,   15, -999,  29.12,  28.72,  29.33,  29.45,  29.47,  29.21,  26.39,  27.64,  27.40,  27.88,  28.00,  28.05,  28.18,  28.17,  28.25,  28.11,  27.63,  27.88,  27.74,  27.57,  27.55,  27.46,  27.52,  27.26,  27.27,  27.54,  27.78,  28.06,  28.55,  28.75,  28.01
20101026, 0600,  , HU, 19.9N, 128.6E,  70,  970,  100,   75,   75,   95,   40,   35,   35,   40,   25,   20,   20,   25, -999,  29.20,  28.48,  28.59,  29.34,  29.35,  28.69,  27.32,  27.39,  27.95,  28.33,  28.93,  29.29,  28.87,  29.27,  28.97,  28.21,  27.82,  28.22,  28.01,  27.54,  27.73,  27.53,  26.44,  26.12,  26.30,  26.51,  26.74,  27.10,  27.81,  27.80,  27.53
20101026, 1200,  , HU, 20.2N, 128.2E,  80,  963,  120,  125,  110,  110,   50,   50,   40,   45,   30,   30,   25,   30, -999,  28.53,  28.29,  28.45,  29.20,  28.64,  28.15,  27.73,  27.45,  27.79,  28.76,  29.02,  29.19,  28.61,  29.06,  28.88,  28.52,  28.10,  28.34,  28.34,  28.03,  28.06,  27.98,  26.62,  26.34,  26.58,  26.60,  26.47,  26.62,  27.70,  27.72,  27.88
20101026, 1800,  , HU, 20.4N, 127.9E,  90,  956,  120,  120,  110,  120,   50,   50,   45,   50,   30,   30,   30,   30, -999,  29.14,  28.94,  29.20,  29.27,  29.23,  29.16,  28.74,  28.81,  29.05,  29.02,  28.65,  28.39,  28.36,  28.55,  28.75,  28.56,  28.27,  28.44,  28.54,  28.14,  28.22,  28.33,  27.18,  26.71,  26.44,  26.25,  26.15,  26.33,  26.82,  26.50,  26.86
20101027, 0000,  , HU, 20.9N, 127.8E,  95,  952,  130,  130,  110,  130,   65,   65,   65,   65,   30,   30,   30,   30, -999,  29.20,  29.16,  29.11,  29.08,  29.18,  28.93,  28.80,  29.05,  28.30,  28.34,  28.80,  29.09,  28.56,  28.37,  28.65,  28.70,  28.27,  28.30,  28.24,  28.58,  28.96,  27.68,  26.83,  26.54,  26.21,  26.32,  26.97,  27.42,  26.57,  26.78,  26.43
20101027, 0600,  , HU, 21.6N, 127.9E, 100,  948,  155,  150,  145,  150,   65,   65,   55,   65,   30,   35,   35,   35, -999,  28.78,  28.45,  29.22,  29.26,  29.23,  28.87,  28.65,  28.81,  28.64,  28.46,  28.48,  28.66,  28.76,  28.84,  28.98,  28.58,  27.71,  28.44,  28.58,  28.95,  28.89,  27.75,  26.90,  26.26,  26.79,  26.84,  27.06,  27.59,  26.56,  26.29,  26.51
20101027, 1200,  , HU, 22.4N, 128.0E, 110,  941,  160,  170,  155,  155,   80,   75,   75,   85,   45,   40,   40,   45, -999,  28.44,  28.17,  28.37,  28.60,  28.83,  28.77,  28.45,  28.45,  28.44,  28.38,  28.55,  28.71,  28.63,  28.93,  29.33,  28.84,  28.87,  28.87,  28.95,  29.15,  28.78,  27.44,  27.43,  27.36,  27.36,  27.38,  27.44,  27.38,  26.97,  26.99,  26.89
20101027, 1800,  , HU, 23.3N, 128.3E, 110,  941,  175,  170,  165,  185,   80,   75,   75,   80,   45,   40,   40,   45, -999,  28.64,  28.83,  28.59,  29.02,  29.07,  28.73,  28.88,  28.92,  28.83,  28.29,  28.11,  28.65,  29.30,  29.06,  28.53,  28.31,  28.30,  27.38,  27.50,  27.46,  27.56,  27.46,  27.34,  27.48,  27.64,  27.95,  28.17,  27.90,  27.61,  27.74,  27.77
20101028, 0000,  , HU, 24.2N, 128.6E, 115,  937,  185,  185,  175,  185,   80,   80,   75,   80,   45,   40,   40,   45, -999,  27.47,  27.80,  28.18,  27.71,  27.70,  28.02,  28.08,  27.98,  27.80,  27.78,  28.04,  27.97,  27.67,  28.01,  27.90,  27.51,  26.09,  25.80,  25.73,  25.78,  26.28,  26.95,  26.18,  25.79,  25.67,  25.82,  25.87,  25.66,  25.17,  25.05,  25.02
20101028, 0600,  , HU, 24.9N, 129.2E, 115,  937,  185,  185,  175,  185,   80,   80,   75,   80,   45,   40,   40,   45, -999,  27.13,  27.26,  27.50,  27.77,  28.02,  28.16,  27.98,  27.82,  27.64,  27.65,  27.68,  27.83,  27.66,  28.05,  28.09,  27.76,  25.80,  25.42,  26.10,  26.10,  25.97,  25.52,  25.04,  25.10,  25.46,  25.83,  26.74,  25.99,  25.58,  25.27,  24.99
20101028, 1200,  , HU, 25.6N, 130.2E, 110,  941,  180,  180,  170,  180,   80,   80,   75,   80,   45,   40,   40,   45, -999,  28.34,  28.31,  28.30,  28.17,  28.25,  28.14,  27.77,  27.74,  27.82,  27.82,  27.71,  27.74,  27.63,  27.64,  27.73,  27.62,  26.10,  26.61,  26.70,  26.69,  27.00,  25.71,  24.64,  24.40,  24.55,  24.73,  26.07,  26.39,  25.88,  25.43,  25.27
20101028, 1800,  , HU, 26.4N, 130.8E, 105,  944,  190,  190,  170,  180,   80,   80,   75,   80,   45,   45,   40,   45, -999,  28.23,  28.27,  28.30,  28.21,  28.03,  27.86,  27.83,  28.32,  28.31,  28.28,  28.05,  27.80,  27.73,  27.89,  28.05,  28.00,  27.90,  26.98,  26.64,  26.14,  25.98,  26.15,  25.89,  26.55,  26.01,  26.10,  26.69,  25.94,  25.65,  25.56,  26.16
20101029, 0000,  , HU, 27.1N, 131.6E, 100,  948,  180,  185,  170,  185,   70,   70,   60,   70,   35,   35,   30,   30, -999,  28.30,  28.22,  27.97,  27.79,  27.73,  27.91,  28.02,  27.73,  27.74,  27.57,  27.39,  27.42,  27.53,  27.36,  27.44,  27.64,  26.58,  26.40,  25.61,  25.32,  25.46,  25.25,  25.04,  24.93,  24.98,  25.26,  25.13,  25.00,  25.02,  24.94,  24.62
20101029, 0600,  , HU, 28.2N, 132.8E,  90,  956,  180,  185,  170,  185,   70,   70,   60,   70,   35,   35,   30,   30, -999,  27.46,  27.53,  27.41,  27.57,  27.34,  27.16,  27.37,  27.36,  27.20,  27.39,  27.29,  26.91,  26.92,  26.48,  26.27,  26.32,  25.31,  25.67,  25.23,  25.02,  25.84,  25.84,  25.16,  25.44,  25.38,  25.19,  24.98,  24.82,  24.59,  24.57,  24.53
20101029, 1200,  , HU, 29.3N, 134.1E,  90,  956,  180,  185,  170,  185,   70,   70,   60,   70,   35,   35,   30,   30, -999,  26.82,  26.94,  27.26,  27.71,  27.57,  27.66,  28.41,  28.07,  27.29,  27.18,  27.27,  27.08,  26.91,  26.88,  26.77,  26.81,  25.78,  25.99,  25.81,  25.68,  25.01,  25.12,  25.23,  25.33,  25.56,  25.24,  25.21,  25.11,  24.93,  25.02,  24.98
20101029, 1800,  , HU, 30.6N, 135.7E,  80,  963,  200,  200,  190,  200,   75,   75,   65,   75,   25,   25,   25,   25, -999,  26.46,  27.07,  26.89,  27.19,  26.99,  27.24,  27.53,  27.32,  27.23,  27.23,  27.05,  26.59,  26.21,  25.74,  25.69,  25.87,  26.22,  25.90,  25.36,  24.38,  24.25,  24.16,  24.48,  24.23,  24.06,  23.87,  24.32,  24.35,  24.38,  24.21,  24.07
20101030, 0000,  , HU, 32.0N, 137.4E,  75,  967,  210,  190,  175,  180,   75,   75,   65,   75,   30,   30,   30,   30, -999,  26.53,  26.20,  26.69,  26.83,  26.74,  26.27,  26.05,  25.87,  25.91,  25.27,  25.07,  25.00,  24.89,  25.05,  25.21,  24.58,  24.00,  23.96,  24.13,  24.10,  23.90,  24.29,  24.08,  23.78,  23.43,  22.54,  22.43,  22.48,  23.77,  23.69,  23.46
20101030, 0600,  , EX, 33.5N, 139.5E,  60,  978,  210,  190,  175,  180,   75,   75,   65,   75,    0,    0,    0,    0, -999,  26.29,  26.59,  26.44,  26.86,  26.88,  26.70,  27.24,  27.05,  26.41,  26.64,  26.43,  25.93,  26.42,  26.70,  26.45,  26.39,  25.91,  25.30,  25.07,  25.00,  24.90,  24.15,  24.32,  24.56,  24.71,  24.32,  24.24,  23.77,  24.07,  24.27,  23.48
20101030, 1200,  , EX, 35.3N, 142.2E,  45,  989,  210,  190,  175,  180,    0,    0,    0,    0,    0,    0,    0,    0, -999,  25.76,  25.24,  25.41,  25.87,  25.63,  25.38,  25.61,  25.31,  25.39,  24.48,  23.70,  24.35,  25.38,  25.70,  25.09,  23.99,  23.81,  23.28,  23.66,  23.82,  24.38,  23.21,  23.73,  23.21,  22.67,  23.15,  23.78,  23.05,  23.33,  23.37,  23.18
