WP172019,             PEIPAH,     21,
20190912, 0600,  , DB,  9.1N, 162.0E,  10,    0,    0,    0,    0,    0,    0,    0,    0,    0,    0,    0,    0,    0, -999,  25.47,  24.93,  25.14,  24.58,  24.99,  25.27,  25.77,  23.96,  24.42,  24.06,  25.49,  24.66,  24.94,  24.21,  24.91,  25.55,  25.23,  25.55,  23.80,  24.07,  24.38,  24.42,  24.69,  24.89,  25.55,  25.22,  25.16,  25.39,  25.99,  25.88,  25.15
20190912, 1200,  , DB,  9.6N, 160.6E,  15, 1010,    0,    0,    0,    0,    0,    0,    0,    0,    0,    0,    0,    0, -999,  25.96,  26.54,  26.04,  25.94,  26.09,  25.98,  26.42,  25.84,  25.85,  25.93,  26.34,  26.05,  25.90,  26.48,  25.89,  26.72,  26.56,  26.68,  26.76,  25.71,  26.14,  25.88,  25.64,  25.73,  25.70,  26.32,  25.77,  26.06,  26.30,  26.70,  26.60
20190912, 1800,  , DB, 10.1N, 159.2E,  15, 1010,    0,    0,    0,    0,    0,    0,    0,    0,    0,    0,    0,    0, -999,  26.61,  26.66,  25.92,  26.75,  25.92,  25.87,  26.29,  26.26,  26.28,  25.66,  25.79,  25.97,  25.74,  25.83,  25.95,  26.14,  26.37,  26.18,  26.45,  25.87,  26.32,  26.37,  25.86,  26.55,  26.19,  26.51,  25.99,  25.67,  25.66,  25.55,  26.23
20190913, 0000,  , DB, 11.1N, 158.2E,  20, 1009,    0,    0,    0,    0,    0,    0,    0,    0,    0,    0,    0,    0, -999,  26.54,  26.65,  26.59,  26.60,  26.94,  26.88,  26.38,  26.60,  26.11,  26.39,  26.27,  25.61,  26.34,  25.91,  25.85,  26.32,  26.05,  26.08,  25.73,  25.33,  25.64,  25.36,  25.82,  26.06,  26.35,  26.22,  25.91,  26.01,  25.77,  26.01,  25.88
20190913, 0600,  , DB, 12.0N, 157.0E,  20, 1009,    0,    0,    0,    0,    0,    0,    0,    0,    0,    0,    0,    0, -999,  26.30,  26.43,  26.82,  27.33,  27.25,  26.99,  26.04,  26.66,  27.26,  27.38,  26.88,  26.17,  26.23,  26.47,  25.95,  26.96,  26.65,  26.83,  27.39,  26.91,  26.82,  26.36,  26.94,  26.78,  26.34,  26.12,  26.66,  26.31,  26.50,  26.48,  26.34
20190913, 1200,  , DB, 13.0N, 155.5E,  20, 1005,    0,    0,    0,    0,    0,    0,    0,    0,    0,    0,    0,    0, -999,  27.27,  27.47,  27.50,  27.61,  27.68,  27.62,  27.43,  26.89,  26.61,  27.16,  27.07,  27.40,  27.37,  27.54,  27.69,  27.64,  27.41,  27.29,  27.61,  27.53,  27.49,  27.47,  27.49,  27.47,  27.58,  27.48,  27.41,  27.22,  27.30,  27.21,  27.34
20190913, 1800,  , DB, 13.3N, 153.9E,  20, 1007,    0,    0,    0,    0,    0,    0,    0,    0,    0,    0,    0,    0, -999,  26.99,  26.89,  27.19,  27.07,  27.43,  27.37,  27.47,  27.50,  27.70,  27.80,  27.78,  27.56,  27.44,  27.64,  27.57,  27.53,  27.58,  27.58,  27.55,  27.59,  27.81,  27.76,  27.80,  27.58,  27.34,  27.13,  27.34,  27.25,  26.71,  26.31,  26.07
20190914, 0000,  , DB, 13.4N, 152.9E,  20, 1006,    0,    0,    0,    0,    0,    0,    0,    0,    0,    0,    0,    0, -999,  27.35,  27.39,  27.46,  27.58,  27.38,  27.09,  26.88,  26.89,  26.86,  27.32,  27.26,  27.37,  27.25,  27.40,  27.57,  27.69,  27.35,  27.36,  27.49,  27.43,  27.36,  27.46,  27.61,  27.30,  27.40,  27.78,  27.67,  27.68,  27.75,  27.60,  27.33
20190914, 0600,  , DB, 13.9N, 151.9E,  20, 1003,    0,    0,    0,    0,    0,    0,    0,    0,    0,    0,    0,    0, -999,  27.61,  27.69,  27.53,  27.73,  27.58,  27.55,  27.63,  27.74,  27.87,  27.64,  27.44,  27.59,  27.43,  27.38,  27.42,  26.65,  26.90,  26.95,  27.13,  26.87,  26.96,  27.44,  27.51,  27.42,  27.20,  27.53,  27.51,  27.20,  27.26,  27.69,  27.63
20190914, 1200,  , TD, 14.3N, 151.1E,  25, 1004,    0,    0,    0,    0,    0,    0,    0,    0,    0,    0,    0,    0, -999,  27.45,  27.74,  27.62,  27.77,  27.70,  27.76,  27.62,  27.86,  27.61,  27.57,  27.39,  27.41,  27.16,  27.23,  27.25,  27.52,  27.39,  27.04,  27.58,  27.29,  27.52,  27.62,  27.61,  27.72,  27.22,  27.60,  27.72,  27.62,  26.99,  27.43,  27.26
20190914, 1800,  , TD, 14.6N, 150.5E,  25, 1004,    0,    0,    0,    0,    0,    0,    0,    0,    0,    0,    0,    0, -999,  27.65,  27.77,  27.64,  27.72,  27.55,  27.58,  27.49,  27.55,  27.74,  27.77,  27.64,  27.72,  27.63,  27.64,  27.49,  27.56,  27.54,  26.75,  27.56,  26.83,  27.42,  26.72,  27.61,  27.24,  27.31,  26.80,  27.76,  27.44,  27.03,  26.87,  26.32
20190915, 0000,  , TD, 15.5N, 149.8E,  30, 1000,    0,    0,    0,    0,    0,    0,    0,    0,    0,    0,    0,    0, -999,  27.80,  27.64,  27.70,  27.53,  27.53,  27.61,  27.53,  27.69,  27.62,  27.52,  27.39,  27.09,  26.91,  26.75,  27.29,  27.60,  27.59,  27.54,  26.50,  26.84,  27.12,  26.92,  27.52,  26.84,  26.50,  26.84,  26.85,  26.46,  26.24,  26.19,  26.32
20190915, 0600,  , TD, 16.6N, 148.9E,  30,  999,    0,    0,    0,    0,    0,    0,    0,    0,    0,    0,    0,    0, -999,  27.19,  26.97,  27.28,  27.66,  27.70,  27.47,  27.18,  27.36,  27.46,  26.92,  27.40,  27.57,  27.65,  27.56,  27.60,  27.31,  27.33,  26.82,  27.48,  27.18,  26.48,  27.09,  26.75,  26.44,  26.76,  26.81,  27.09,  26.52,  26.34,  26.16,  26.33
20190915, 1200,  , TS, 17.6N, 147.9E,  35,  999,   70,   50,   40,   40,    0,    0,    0,    0,    0,    0,    0,    0, -999,  27.01,  26.93,  26.80,  26.77,  26.78,  26.91,  27.53,  27.19,  27.01,  26.56,  26.02,  26.23,  26.66,  26.57,  27.31,  26.98,  26.88,  26.99,  26.18,  26.50,  27.06,  27.06,  27.00,  26.98,  26.88,  27.13,  27.18,  26.96,  26.61,  26.62,  26.63
20190915, 1800,  , TD, 19.6N, 146.8E,  30, 1000,    0,    0,    0,    0,    0,    0,    0,    0,    0,    0,    0,    0, -999,  22.55,  22.84,  22.74,  22.76,  22.97,  22.81,  22.79,  23.03,  22.89,  22.58,  22.95,  23.13,  23.40,  23.64,  23.62,  24.24,  24.04,  24.20,  24.84,  24.72,  24.21,  24.60,  24.15,  23.72,  24.09,  24.05,  23.82,  23.91,  23.63,  23.23,  23.02
20190916, 0000,  , TD, 21.3N, 145.4E,  30, 1002,    0,    0,    0,    0,    0,    0,    0,    0,    0,    0,    0,    0, -999,  22.15,  22.19,  22.51,  22.15,  22.26,  22.46,  22.12,  21.92,  21.80,  21.78,  21.83,  21.96,  21.98,  21.88,  21.99,  22.00,  22.23,  22.48,  22.52,  22.43,  22.60,  22.67,  22.87,  23.09,  23.16,  23.06,  22.97,  22.56,  22.94,  22.59,  22.13
20190916, 0600,  , TD, 23.3N, 144.5E,  25, 1003,    0,    0,    0,    0,    0,    0,    0,    0,    0,    0,    0,    0, -999,  20.66,  21.06,  20.99,  21.22,  21.24,  21.15,  21.06,  21.12,  21.09,  21.19,  21.50,  21.69,  21.58,  21.90,  22.24,  22.85,  22.77,  22.95,  22.54,  22.53,  22.41,  22.68,  22.82,  22.96,  22.93,  23.50,  23.19,  23.27,  23.66,  23.48,  23.89
20190916, 1200,  , DB, 24.8N, 143.1E,  20, 1003,    0,    0,    0,    0,    0,    0,    0,    0,    0,    0,    0,    0, -999,  21.48,  21.64,  21.88,  21.85,  21.29,  21.54,  21.04,  21.66,  21.83,  21.93,  22.14,  22.08,  22.00,  21.65,  21.70,  21.49,  21.27,  21.60,  21.91,  22.13,  21.71,  21.81,  22.02,  22.08,  21.80,  22.08,  21.62,  21.68,  21.09,  20.72,  20.52
20190916, 1800,  , DB, 26.9N, 142.5E,  20, 1003,    0,    0,    0,    0,    0,    0,    0,    0,    0,    0,    0,    0, -999,  19.68,  19.60,  18.87,  18.94,  18.49,  19.49,  19.11,  19.04,  18.14,  18.56,  18.95,  19.28,  19.29,  19.23,  19.54,  19.74,  19.84,  20.16,  20.43,  20.27,  20.35,  20.04,  19.89,  20.00,  20.09,  20.44,  20.37,  20.14,  20.28,  20.05,  20.06
20190917, 0000,  , DB, 28.9N, 142.7E,  20, 1002,    0,    0,    0,    0,    0,    0,    0,    0,    0,    0,    0,    0, -999,  19.77,  19.13,  18.95,  19.17,  19.25,  19.01,  18.80,  18.49,  18.58,  18.62,  18.77,  19.54,  19.59,  19.31,  19.26,  19.20,  18.93,  18.57,  18.40,  18.44,  18.52,  19.47,  19.49,  19.55,  19.73,  19.82,  19.66,  19.84,  19.81,  19.82,  19.60
20190917, 0600,  , DB, 30.9N, 143.5E,  20, 1001,    0,    0,    0,    0,    0,    0,    0,    0,    0,    0,    0,    0, -999,  19.88,  19.34,  19.45,  19.46,  19.27,  18.89,  18.71,  18.88,  19.56,  19.73,  19.86,  20.15,  19.71,  19.32,  19.27,  19.32,  19.41,  20.51,  20.51,  20.45,  19.99,  19.49,  19.65,  19.62,  19.51,  19.54,  20.05,  20.31,  20.50,  20.80,  20.57
