WP172020,              LINFA,     12,
20201008, 1800,  , DB, 13.2N, 118.5E,  20, 1007,    0,    0,    0,    0,    0,    0,    0,    0,    0,    0,    0,    0, -999,  24.12,  24.91,  24.80,  24.88,  24.38,  24.51,  23.60,  23.89,  23.21,  22.39,  23.18,  23.65,  23.66,  24.10,  24.24,  24.12,  24.65,  24.43,  24.13,  24.36,  24.07,  24.07,  23.70,  23.92,  23.70,  24.02,  24.77,  24.41,  24.18,  24.23,  23.71
20201009, 0000,  , DB, 13.2N, 117.6E,  20, 1007,    0,    0,    0,    0,    0,    0,    0,    0,    0,    0,    0,    0, -999,  24.38,  24.37,  24.30,  24.92,  24.68,  24.16,  24.34,  24.21,  23.58,  23.98,  24.33,  23.91,  23.70,  23.75,  23.67,  23.25,  23.41,  23.11,  23.70,  23.83,  23.89,  23.88,  23.97,  23.20,  23.81,  23.90,  24.43,  23.94,  24.47,  23.96,  24.40
20201009, 0600,  , DB, 13.2N, 116.8E,  20, 1004,    0,    0,    0,    0,    0,    0,    0,    0,    0,    0,    0,    0, -999,  23.29,  23.48,  23.84,  24.67,  24.92,  24.09,  24.16,  23.70,  23.71,  23.91,  24.75,  24.65,  24.26,  24.47,  23.82,  23.88,  24.16,  23.59,  23.95,  23.59,  23.57,  23.49,  23.87,  23.68,  23.80,  24.15,  24.10,  24.21,  24.43,  24.25,  24.44
20201009, 1200,  , DB, 13.1N, 116.0E,  20, 1004,    0,    0,    0,    0,    0,    0,    0,    0,    0,    0,    0,    0, -999,  22.27,  22.37,  22.26,  22.50,  23.12,  22.44,  22.32,  22.05,  22.36,  22.86,  23.22,  23.33,  23.31,  23.68,  23.24,  23.59,  23.16,  22.67,  23.41,  22.84,  22.63,  22.58,  22.91,  23.07,  23.36,  23.59,  23.42,  23.90,  24.57,  24.57,  24.05
20201009, 1800,  , TD, 13.5N, 115.1E,  25, 1004,    0,    0,    0,    0,    0,    0,    0,    0,    0,    0,    0,    0, -999,  21.88,  22.72,  22.74,  23.22,  22.88,  22.92,  22.79,  22.55,  22.43,  22.67,  22.79,  23.07,  22.68,  23.28,  23.15,  23.07,  22.91,  22.67,  22.79,  22.50,  21.70,  21.87,  21.89,  22.97,  22.69,  23.07,  22.52,  22.64,  23.20,  23.87,  23.78
20201010, 0000,  , TD, 13.9N, 114.2E,  25, 1004,    0,    0,    0,    0,    0,    0,    0,    0,    0,    0,    0,    0, -999,  21.97,  22.27,  23.11,  22.68,  22.54,  22.56,  22.82,  22.93,  23.31,  23.71,  23.40,  22.77,  23.21,  23.10,  23.27,  22.99,  22.82,  23.07,  22.67,  22.57,  22.15,  21.99,  23.15,  22.70,  22.72,  22.43,  22.76,  22.98,  22.94,  23.14,  22.95
20201010, 0600,  , TD, 14.4N, 113.2E,  30, 1002,    0,    0,    0,    0,    0,    0,    0,    0,    0,    0,    0,    0, -999,  19.97,  20.98,  20.11,  20.52,  20.29,  21.18,  21.41,  21.17,  21.40,  21.80,  22.80,  22.67,  22.82,  22.36,  22.39,  22.58,  22.02,  22.17,  22.13,  22.03,  21.75,  22.40,  22.27,  22.39,  21.70,  21.90,  22.02,  21.95,  21.76,  22.11,  21.43
20201010, 1200,  , TS, 14.7N, 112.0E,  35, 1001,   20,    0,    0,   45,    0,    0,    0,    0,    0,    0,    0,    0, -999,  21.30,  22.08,  19.82,  20.14,  19.66,  19.87,  19.08,  18.96,  18.72,  18.97,  18.84,  19.19,  19.13,  19.23,  19.30,  18.98,  19.06,  18.34,  18.33,  18.30,  18.35,  18.48,  18.30,  18.34,  18.15,  18.17,  18.31,  17.97,  17.96,  17.75,  18.07
20201010, 1800,  , TS, 14.8N, 110.6E,  40,  999,   30,   20,   20,   45,    0,    0,    0,    0,    0,    0,    0,    0, -999,  21.84,  22.05,  21.80,  21.86,  22.18,  21.46,  21.36,  21.24,  20.92,  21.50,  21.26,  21.55,  21.05,  21.36,  21.19,  20.89,  21.02,  20.34,  20.87,  20.74,  21.09,  20.35,  20.96,  19.82,  20.27,  20.19,  20.13,  20.05,  20.30,  20.03,  20.27
20201011, 0000,  , TS, 15.1N, 109.3E,  40,  999,   35,   35,   35,   40,    0,    0,    0,    0,    0,    0,    0,    0, -999,    nan,    nan,    nan,    nan,    nan,    nan,    nan,    nan,    nan,    nan,    nan,    nan,    nan,    nan,    nan,    nan,    nan,    nan,    nan,    nan,    nan,    nan,    nan,    nan,    nan,    nan,    nan,    nan,    nan,    nan,    nan
20201011, 0600,  , TS, 15.2N, 108.4E,  35, 1001,   25,   25,   25,   25,    0,    0,    0,    0,    0,    0,    0,    0, -999,    nan,    nan,    nan,    nan,    nan,    nan,    nan,    nan,    nan,    nan,    nan,    nan,    nan,    nan,    nan,    nan,    nan,    nan,    nan,    nan,    nan,    nan,    nan,    nan,    nan,    nan,    nan,    nan,    nan,    nan,    nan
20201011, 1200,  , TD, 15.3N, 107.7E,  25, 1003,    0,    0,    0,    0,    0,    0,    0,    0,    0,    0,    0,    0, -999,    nan,    nan,    nan,    nan,    nan,    nan,    nan,    nan,    nan,    nan,    nan,    nan,    nan,    nan,    nan,    nan,    nan,    nan,    nan,    nan,    nan,    nan,    nan,    nan,    nan,    nan,    nan,    nan,    nan,    nan,    nan
