WP172021,          SEVENTEEN,     13,
20210901, 0000,  , XX, 24.4N, 164.1E,  25, 1004,    0,    0,    0,    0,    0,    0,    0,    0,    0,    0,    0,    0, -999,  23.55,  23.47,  23.20,  23.63,  23.43,  23.38,  23.32,  23.45,  23.35,  23.73,  23.64,  23.94,  23.59,  23.93,  23.76,  23.79,  24.01,  23.93,  23.86,  24.02,  23.87,  24.09,  24.03,  23.77,  24.87,  24.88,  24.76,  24.38,  24.75,  24.85,  24.80
20210901, 0600,  , XX, 25.0N, 163.2E,  25, 1004,    0,    0,    0,    0,    0,    0,    0,    0,    0,    0,    0,    0, -999,  23.60,  23.73,  23.77,  23.72,  23.45,  23.43,  23.48,  23.37,  23.39,  23.56,  23.48,  23.83,  23.74,  23.69,  24.07,  23.87,  24.05,  24.05,  24.04,  24.10,  24.14,  24.17,  24.39,  24.46,  24.99,  25.04,  24.85,  24.66,  24.45,  24.21,  24.17
20210901, 1200,  , TD, 25.7N, 161.5E,  30, 1004,    0,    0,    0,    0,    0,    0,    0,    0,    0,    0,    0,    0, -999,  23.17,  22.83,  22.98,  22.81,  22.56,  22.78,  22.82,  23.12,  23.06,  23.09,  23.21,  22.96,  23.06,  22.89,  22.92,  23.02,  22.91,  22.94,  23.00,  23.58,  23.68,  23.44,  23.62,  23.87,  24.15,  23.91,  23.90,  23.85,  24.40,  24.16,  24.23
20210901, 1800,  , TD, 26.0N, 160.4E,  30, 1004,    0,    0,    0,    0,    0,    0,    0,    0,    0,    0,    0,    0, -999,  21.36,  20.93,  20.99,  20.91,  20.82,  21.01,  21.17,  21.10,  20.91,  21.02,  20.95,  21.32,  21.16,  21.06,  21.19,  21.30,  21.25,  21.26,  21.25,  21.31,  21.62,  21.47,  21.45,  21.75,  21.82,  21.77,  22.23,  22.47,  22.67,  22.59,  22.86
20210902, 0000,  , TD, 26.7N, 159.5E,  30, 1004,    0,    0,    0,    0,    0,    0,    0,    0,    0,    0,    0,    0, -999,  21.41,  21.63,  21.51,  21.71,  21.70,  21.49,  21.57,  21.51,  21.62,  21.48,  21.44,  21.15,  20.86,  20.84,  20.88,  20.54,  20.64,  20.78,  20.70,  20.77,  20.84,  21.12,  21.34,  21.37,  21.20,  21.57,  21.47,  21.38,  21.51,  21.34,  21.36
20210902, 0600,  , TD, 27.0N, 158.6E,  30, 1004,    0,    0,    0,    0,    0,    0,    0,    0,    0,    0,    0,    0, -999,  22.02,  22.27,  22.04,  22.20,  22.35,  22.23,  21.89,  22.03,  21.94,  22.03,  21.92,  21.84,  21.85,  21.59,  21.84,  21.87,  21.11,  21.55,  21.50,  21.52,  21.30,  21.63,  21.36,  21.46,  21.43,  21.33,  20.88,  21.42,  21.03,  21.00,  21.41
20210902, 1200,  , TS, 27.8N, 158.5E,  35, 1001,   75,   65,   75,    0,    0,    0,    0,    0,    0,    0,    0,    0, -999,  19.92,  20.18,  20.23,  20.40,  20.22,  20.24,  20.27,  20.83,  20.89,  20.26,  20.21,  20.14,  20.29,  20.41,  20.09,  20.28,  20.12,  20.44,  21.54,  21.67,  21.39,  21.30,  21.19,  21.07,  20.79,  21.11,  20.66,  20.79,  20.69,  21.16,  21.09
20210902, 1800,  , TD, 29.0N, 158.1E,  30, 1002,    0,    0,    0,    0,    0,    0,    0,    0,    0,    0,    0,    0, -999,  19.48,  19.37,  19.38,  19.60,  19.68,  19.84,  20.04,  20.44,  20.71,  21.20,  20.84,  20.63,  20.58,  20.61,  20.63,  20.65,  20.53,  20.41,  20.84,  21.28,  21.18,  21.41,  21.48,  20.99,  20.67,  21.24,  21.26,  20.71,  20.36,  20.62,  20.46
20210903, 0000,  , TD, 29.7N, 157.6E,  25, 1005,    0,    0,    0,    0,    0,    0,    0,    0,    0,    0,    0,    0, -999,  20.35,  20.21,  20.47,  20.28,  20.07,  19.91,  20.16,  20.11,  20.75,  19.88,  18.95,  19.02,  19.75,  20.29,  20.07,  19.89,  19.86,  19.77,  19.89,  19.95,  19.95,  20.16,  19.81,  19.71,  19.55,  19.81,  19.98,  20.04,  20.37,  21.00,  21.23
20210903, 0600,  , TD, 30.6N, 157.8E,  25, 1005,    0,    0,    0,    0,    0,    0,    0,    0,    0,    0,    0,    0, -999,  19.46,  19.37,  19.29,  19.64,  19.82,  19.65,  19.60,  19.67,  19.88,  20.04,  19.82,  19.80,  19.77,  19.73,  19.54,  19.71,  19.77,  19.62,  19.60,  19.65,  19.75,  20.18,  19.97,  19.95,  20.25,  20.39,  20.00,  20.27,  20.42,  20.09,  20.23
20210903, 1200,  , TD, 31.2N, 158.2E,  30, 1001,    0,    0,    0,    0,    0,    0,    0,    0,    0,    0,    0,    0, -999,  20.80,  20.82,  20.81,  20.73,  20.12,  19.99,  19.72,  19.77,  19.90,  19.73,  19.65,  19.92,  19.71,  19.98,  19.63,  19.46,  19.49,  19.70,  19.88,  19.98,  19.91,  19.83,  20.04,  20.21,  20.00,  20.24,  20.30,  20.29,  20.45,  20.53,  20.71
20210903, 1800,  , TD, 33.1N, 159.5E,  25, 1005,    0,    0,    0,    0,    0,    0,    0,    0,    0,    0,    0,    0, -999,  19.71,  20.01,  19.66,  19.89,  19.39,  19.68,  19.95,  19.69,  19.73,  19.11,  19.41,  19.48,  19.90,  19.87,  19.69,  19.93,  19.57,  19.70,  19.81,  19.95,  19.80,  19.86,  19.71,  20.14,  19.84,  19.81,  19.86,  20.03,  19.91,  19.96,  20.26
20210904, 0000,  , TD, 34.5N, 160.4E,  25, 1005,    0,    0,    0,    0,    0,    0,    0,    0,    0,    0,    0,    0, -999,  20.07,  20.19,  20.17,  20.26,  20.32,  20.57,  20.40,  20.74,  20.28,  20.21,  20.50,  20.44,  20.59,  20.34,  19.66,  20.12,  20.10,  19.62,  19.44,  20.04,  19.96,  20.38,  19.94,  20.09,  20.22,  19.94,  19.59,  19.76,  19.59,  19.98,  19.58
