WP172000,            UNNAMED,     10,
20000816, 1800,  , TD, 29.9N, 169.0E,  20,    0,    0,    0,    0,    0,    0,    0,    0,    0,    0,    0,    0,    0, -999,  34.60,  34.59,  34.58,  34.56,  34.55,  34.55,  34.59,  34.55,  34.52,  34.55,  34.57,  34.62,  34.62,  34.73,  34.77,  34.80,  34.81,  34.80,  34.77,  34.70,  34.66,  34.64,  34.48,  34.43,  34.41,  34.37,  34.56,  34.74,  34.80,  34.85,  34.80
20000817, 0000,  , TD, 31.2N, 170.0E,  20,    0,    0,    0,    0,    0,    0,    0,    0,    0,    0,    0,    0,    0, -999,  34.62,  34.62,  34.61,  34.63,  34.60,  34.56,  34.55,  34.57,  34.67,  34.72,  34.69,  34.63,  34.59,  34.58,  34.59,  34.74,  34.89,  35.01,  34.98,  34.94,  34.85,  34.78,  34.75,  34.73,  34.74,  34.72,  34.76,  34.82,  34.96,  34.84,  34.86
20000817, 0600,  , TD, 31.5N, 170.9E,  25,    0,    0,    0,    0,    0,    0,    0,    0,    0,    0,    0,    0,    0, -999,  34.64,  34.66,  34.69,  34.69,  34.64,  34.61,  34.62,  34.62,  34.61,  34.62,  34.65,  34.68,  34.67,  34.62,  34.62,  34.63,  34.63,  34.63,  34.63,  34.63,  34.62,  34.59,  34.60,  34.66,  34.72,  34.70,  34.69,  34.67,  34.69,  34.66,  34.66
20000817, 1200,  , TD, 31.6N, 171.7E,  25,    0,    0,    0,    0,    0,    0,    0,    0,    0,    0,    0,    0,    0, -999,  34.63,  34.62,  34.62,  34.62,  34.62,  34.61,  34.65,  34.74,  34.72,  34.65,  34.64,  34.64,  34.62,  34.60,  34.59,  34.51,  34.62,  34.68,  34.70,  34.76,  34.75,  34.67,  34.70,  34.70,  34.67,  34.67,  34.68,  34.68,  34.69,  34.68,  34.71
20000817, 1800,  , TD, 32.1N, 172.3E,  25,    0,    0,    0,    0,    0,    0,    0,    0,    0,    0,    0,    0,    0, -999,  34.63,  34.64,  34.65,  34.66,  34.67,  34.64,  34.59,  34.59,  34.59,  34.60,  34.61,  34.63,  34.68,  34.67,  34.66,  34.66,  34.71,  34.68,  34.67,  34.74,  34.77,  34.73,  34.81,  34.84,  34.88,  34.79,  34.72,  34.67,  34.59,  34.58,  34.59
20000818, 0000,  , TD, 32.3N, 173.3E,  25,    0,    0,    0,    0,    0,    0,    0,    0,    0,    0,    0,    0,    0, -999,  34.67,  34.63,  34.68,  34.71,  34.71,  34.69,  34.69,  34.68,  34.69,  34.68,  34.66,  34.66,  34.65,  34.62,  34.60,  34.59,  34.60,  34.59,  34.61,  34.62,  34.63,  34.64,  34.64,  34.64,  34.64,  34.63,  34.60,  34.59,  34.57,  34.56,  34.58
20000818, 0600,  , TD, 32.6N, 174.8E,  25,    0,    0,    0,    0,    0,    0,    0,    0,    0,    0,    0,    0,    0, -999,  34.73,  34.78,  34.84,  34.85,  34.84,  34.79,  34.75,  34.70,  34.66,  34.63,  34.62,  34.59,  34.59,  34.58,  34.56,  34.54,  34.52,  34.53,  34.56,  34.58,  34.55,  34.53,  34.53,  34.52,  34.49,  34.48,  34.49,  34.52,  34.56,  34.59,  34.60
20000818, 1200,  , TD, 32.8N, 176.1E,  25,    0,    0,    0,    0,    0,    0,    0,    0,    0,    0,    0,    0,    0, -999,  34.59,  34.59,  34.59,  34.59,  34.60,  34.60,  34.59,  34.58,  34.60,  34.58,  34.50,  34.58,  34.59,  34.58,  34.57,  34.57,  34.60,  34.53,  34.62,  34.63,  34.57,  34.69,  34.69,  34.65,  34.61,  34.63,  34.58,  34.55,  34.53,  34.53,  34.61
20000818, 1800,  , TD, 33.5N, 177.7E,  25,    0,    0,    0,    0,    0,    0,    0,    0,    0,    0,    0,    0,    0, -999,  34.58,  34.58,  34.58,  34.57,  34.58,  34.57,  34.57,  34.58,  34.59,  34.58,  34.59,  34.59,  34.59,  34.59,  34.62,  34.65,  34.69,  34.75,  34.72,  34.69,  34.74,  34.68,  34.69,  34.72,  34.72,  34.66,  34.66,  34.69,  34.68,  34.63,  34.66
20000819, 0000,  , TD, 35.6N, 179.5E,  25,    0,    0,    0,    0,    0,    0,    0,    0,    0,    0,    0,    0,    0, -999,  34.52,  34.52,  34.52,  34.53,  34.54,  34.53,  34.52,  34.51,  34.52,  34.52,  34.51,  34.50,  34.51,  34.51,  34.50,  34.50,  34.51,  34.49,  34.49,  34.48,  34.52,  34.51,  34.52,  34.53,  34.53,  34.48,  34.51,  34.58,  34.47,  34.40,  34.43
