WP172019,             PEIPAH,     21,
20190912, 0600,  , DB,  9.1N, 162.0E,  10,    0,    0,    0,    0,    0,    0,    0,    0,    0,    0,    0,    0,    0, -999,  28.29,  28.30,  28.28,  28.05,  28.13,  28.33,  28.70,  28.11,  28.02,  28.01,  28.54,  28.15,  28.22,  28.00,  28.06,  28.39,  28.15,  28.18,  27.38,  27.49,  27.68,  27.82,  27.77,  28.17,  28.33,  28.02,  28.24,  28.31,  28.69,  28.36,  28.06
20190912, 1200,  , DB,  9.6N, 160.6E,  15, 1010,    0,    0,    0,    0,    0,    0,    0,    0,    0,    0,    0,    0, -999,  28.60,  28.83,  28.69,  28.54,  28.55,  28.57,  29.00,  28.78,  28.56,  28.35,  28.55,  28.43,  28.33,  28.67,  28.25,  28.84,  28.64,  28.59,  28.94,  28.78,  28.77,  28.63,  28.49,  28.44,  28.53,  28.70,  28.34,  28.63,  28.79,  28.72,  28.75
20190912, 1800,  , DB, 10.1N, 159.2E,  15, 1010,    0,    0,    0,    0,    0,    0,    0,    0,    0,    0,    0,    0, -999,  28.64,  28.89,  28.69,  28.78,  28.52,  28.68,  28.95,  28.99,  29.06,  28.74,  28.82,  28.85,  28.87,  28.57,  28.46,  28.48,  28.48,  28.58,  28.84,  28.64,  28.71,  28.52,  28.49,  28.92,  28.84,  28.76,  28.58,  28.44,  28.35,  28.29,  28.74
20190913, 0000,  , DB, 11.1N, 158.2E,  20, 1009,    0,    0,    0,    0,    0,    0,    0,    0,    0,    0,    0,    0, -999,  28.77,  28.82,  28.81,  28.84,  28.87,  29.07,  28.95,  28.93,  28.80,  28.87,  28.74,  28.29,  28.86,  28.47,  28.46,  28.60,  28.53,  28.74,  28.63,  28.26,  28.32,  28.18,  28.36,  28.49,  28.74,  28.49,  28.39,  28.59,  28.43,  28.52,  28.47
20190913, 0600,  , DB, 12.0N, 157.0E,  20, 1009,    0,    0,    0,    0,    0,    0,    0,    0,    0,    0,    0,    0, -999,  28.58,  28.73,  28.73,  28.86,  28.95,  29.00,  28.98,  29.04,  28.98,  29.05,  28.96,  28.83,  28.69,  28.83,  28.57,  29.06,  28.82,  28.84,  29.12,  28.86,  29.08,  28.73,  28.98,  29.05,  28.82,  28.58,  28.95,  28.53,  28.72,  28.74,  28.79
20190913, 1200,  , DB, 13.0N, 155.5E,  20, 1005,    0,    0,    0,    0,    0,    0,    0,    0,    0,    0,    0,    0, -999,  28.70,  28.89,  29.07,  29.11,  29.06,  29.01,  28.86,  29.12,  28.98,  29.17,  28.83,  29.05,  28.89,  28.91,  29.24,  29.17,  29.05,  28.85,  29.02,  28.92,  29.12,  28.96,  28.89,  28.65,  29.00,  28.84,  28.85,  28.77,  29.01,  28.96,  28.92
20190913, 1800,  , DB, 13.3N, 153.9E,  20, 1007,    0,    0,    0,    0,    0,    0,    0,    0,    0,    0,    0,    0, -999,  28.62,  28.56,  28.71,  28.81,  28.94,  28.76,  28.85,  28.94,  29.07,  29.32,  29.20,  29.17,  29.09,  29.15,  29.23,  29.01,  28.97,  29.11,  28.80,  28.89,  28.94,  29.14,  29.03,  29.01,  28.87,  28.64,  28.67,  28.52,  28.48,  28.51,  28.41
20190914, 0000,  , DB, 13.4N, 152.9E,  20, 1006,    0,    0,    0,    0,    0,    0,    0,    0,    0,    0,    0,    0, -999,  28.73,  28.56,  28.68,  28.82,  29.01,  28.86,  28.89,  28.78,  28.84,  28.99,  28.91,  28.80,  28.82,  28.93,  28.98,  29.19,  28.97,  28.91,  29.05,  28.85,  29.03,  28.95,  28.90,  28.73,  28.70,  29.19,  28.91,  28.91,  28.94,  28.97,  28.51
20190914, 0600,  , DB, 13.9N, 151.9E,  20, 1003,    0,    0,    0,    0,    0,    0,    0,    0,    0,    0,    0,    0, -999,  28.86,  28.88,  28.70,  29.04,  28.97,  29.07,  28.87,  29.08,  29.17,  29.05,  28.90,  28.95,  28.77,  28.93,  28.93,  28.71,  28.76,  28.73,  28.84,  28.78,  28.73,  28.81,  28.85,  28.82,  28.69,  28.97,  28.89,  28.79,  28.70,  29.28,  29.01
20190914, 1200,  , TD, 14.3N, 151.1E,  25, 1004,    0,    0,    0,    0,    0,    0,    0,    0,    0,    0,    0,    0, -999,  28.74,  28.84,  28.94,  28.95,  29.08,  29.03,  29.11,  29.06,  29.09,  28.86,  29.02,  28.99,  28.77,  29.00,  28.86,  29.06,  28.89,  28.57,  28.98,  28.64,  28.94,  29.01,  29.13,  29.17,  29.07,  29.05,  29.13,  28.94,  28.91,  29.04,  28.88
20190914, 1800,  , TD, 14.6N, 150.5E,  25, 1004,    0,    0,    0,    0,    0,    0,    0,    0,    0,    0,    0,    0, -999,  29.10,  29.17,  29.04,  29.20,  28.96,  29.09,  28.96,  29.06,  29.02,  29.09,  29.00,  29.02,  28.94,  28.98,  28.95,  28.84,  28.96,  28.75,  28.84,  28.69,  28.89,  28.73,  29.05,  28.82,  28.75,  28.66,  29.04,  28.71,  28.83,  28.78,  28.70
20190915, 0000,  , TD, 15.5N, 149.8E,  30, 1000,    0,    0,    0,    0,    0,    0,    0,    0,    0,    0,    0,    0, -999,  29.38,  29.16,  29.14,  28.97,  28.98,  28.99,  28.90,  28.97,  28.92,  28.97,  29.00,  28.98,  28.94,  28.82,  29.09,  29.16,  29.10,  29.01,  28.65,  28.73,  28.97,  28.81,  29.24,  28.79,  28.73,  28.74,  28.73,  28.51,  28.35,  28.37,  28.51
20190915, 0600,  , TD, 16.6N, 148.9E,  30,  999,    0,    0,    0,    0,    0,    0,    0,    0,    0,    0,    0,    0, -999,  28.94,  28.89,  29.07,  29.19,  29.13,  29.02,  28.80,  28.92,  28.86,  28.80,  29.04,  29.15,  29.11,  29.09,  29.02,  28.97,  29.02,  28.65,  28.95,  29.00,  28.73,  29.22,  28.94,  28.41,  28.58,  28.84,  28.83,  28.51,  28.50,  28.55,  28.55
20190915, 1200,  , TS, 17.6N, 147.9E,  35,  999,   70,   50,   40,   40,    0,    0,    0,    0,    0,    0,    0,    0, -999,  28.71,  28.75,  28.73,  28.65,  28.62,  28.76,  29.09,  28.79,  28.79,  28.67,  28.59,  28.84,  29.04,  28.83,  28.93,  28.69,  28.59,  28.78,  28.57,  28.66,  28.93,  28.87,  28.92,  28.75,  28.70,  29.00,  28.88,  28.66,  28.59,  28.58,  28.61
20190915, 1800,  , TD, 19.6N, 146.8E,  30, 1000,    0,    0,    0,    0,    0,    0,    0,    0,    0,    0,    0,    0, -999,  25.26,  25.59,  25.39,  25.55,  25.75,  25.40,  25.01,  25.13,  25.35,  25.39,  25.72,  25.66,  25.39,  25.90,  26.38,  27.98,  27.58,  27.07,  27.48,  27.76,  27.13,  27.66,  27.27,  27.13,  27.16,  27.04,  26.84,  26.70,  26.84,  26.10,  26.13
20190916, 0000,  , TD, 21.3N, 145.4E,  30, 1002,    0,    0,    0,    0,    0,    0,    0,    0,    0,    0,    0,    0, -999,  24.64,  24.70,  25.34,  25.11,  25.36,  25.13,  24.98,  24.84,  24.62,  24.49,  24.75,  25.00,  25.09,  24.82,  25.11,  25.29,  25.62,  25.81,  25.83,  25.87,  25.64,  25.40,  25.53,  26.02,  26.02,  25.92,  25.91,  25.52,  25.57,  25.16,  24.82
20190916, 0600,  , TD, 23.3N, 144.5E,  25, 1003,    0,    0,    0,    0,    0,    0,    0,    0,    0,    0,    0,    0, -999,  23.84,  24.11,  24.06,  24.24,  24.14,  24.30,  24.03,  24.19,  24.17,  24.47,  24.82,  24.99,  24.75,  25.10,  25.35,  25.71,  25.42,  25.52,  25.15,  25.41,  25.17,  25.65,  25.74,  25.94,  25.90,  26.30,  26.14,  26.23,  26.54,  26.63,  26.74
20190916, 1200,  , DB, 24.8N, 143.1E,  20, 1003,    0,    0,    0,    0,    0,    0,    0,    0,    0,    0,    0,    0, -999,  23.76,  24.11,  24.86,  24.87,  24.42,  24.66,  24.27,  24.61,  24.64,  24.94,  25.14,  24.87,  25.04,  24.79,  24.63,  24.25,  24.21,  24.83,  25.15,  25.12,  24.23,  24.43,  24.60,  24.55,  24.34,  25.03,  24.25,  24.47,  24.13,  24.06,  23.75
20190916, 1800,  , DB, 26.9N, 142.5E,  20, 1003,    0,    0,    0,    0,    0,    0,    0,    0,    0,    0,    0,    0, -999,  22.15,  22.07,  21.25,  21.41,  20.77,  22.20,  21.13,  21.29,  19.91,  20.60,  20.56,  21.34,  21.08,  20.91,  21.41,  21.84,  22.01,  22.27,  22.41,  22.67,  22.78,  22.27,  22.11,  22.09,  22.93,  23.55,  23.59,  23.13,  23.38,  22.93,  23.11
20190917, 0000,  , DB, 28.9N, 142.7E,  20, 1002,    0,    0,    0,    0,    0,    0,    0,    0,    0,    0,    0,    0, -999,  22.26,  21.44,  21.03,  21.08,  21.33,  21.05,  20.55,  20.26,  20.62,  21.02,  21.17,  21.88,  21.66,  21.43,  21.59,  21.59,  21.22,  20.78,  20.64,  20.70,  20.82,  21.47,  21.49,  21.93,  22.46,  22.61,  22.20,  22.42,  22.38,  22.40,  21.81
20190917, 0600,  , DB, 30.9N, 143.5E,  20, 1001,    0,    0,    0,    0,    0,    0,    0,    0,    0,    0,    0,    0, -999,  22.46,  21.56,  21.46,  21.69,  21.31,  21.12,  20.93,  21.53,  22.25,  22.69,  23.11,  23.18,  22.84,  22.02,  22.01,  22.20,  22.13,  22.92,  22.72,  22.70,  22.48,  21.98,  22.64,  22.62,  22.43,  22.58,  23.05,  23.36,  23.58,  23.51,  22.96
