WP172014,            KAMMURI,     23,
20140924, 1200,  , DB, 18.9N, 149.1E,  20, 1002,    0,    0,    0,    0,    0,    0,    0,    0,    0,    0,    0,    0, -999,  28.83,  28.30,  28.27,  28.50,  28.12,  27.94,  27.84,  27.62,  27.73,  27.67,  27.36,  26.91,  26.47,  26.49,  27.79,  27.68,  27.93,  27.83,  28.56,  28.78,  28.32,  28.07,  29.04,  27.75,  28.20,  27.16,  26.98,  28.00,  27.72,  27.84,  27.76
20140924, 1800,  , TD, 19.0N, 148.2E,  25, 1004,    0,    0,    0,    0,    0,    0,    0,    0,    0,    0,    0,    0, -999,  28.80,  28.38,  28.07,  28.20,  28.37,  28.00,  27.53,  27.09,  26.97,  27.15,  27.14,  26.73,  26.50,  26.31,  28.00,  26.81,  26.86,  25.55,  25.63,  27.16,  26.77,  27.03,  28.59,  25.94,  26.33,  26.35,  26.43,  27.18,  27.13,  27.03,  26.92
20140925, 0000,  , TD, 19.3N, 147.5E,  30, 1000,    0,    0,    0,    0,    0,    0,    0,    0,    0,    0,    0,    0, -999,  27.81,  26.61,  26.34,  26.67,  27.37,  27.59,  27.64,  27.74,  27.19,  26.59,  25.71,  24.82,  23.24,  25.37,  25.55,  26.34,  26.06,  26.13,  26.09,  26.67,  25.85,  27.13,  26.36,  26.62,  26.25,  26.37,  26.20,  26.07,  26.45,  25.92,  26.08
20140925, 0600,  , TD, 19.8N, 147.2E,  30, 1000,    0,    0,    0,    0,    0,    0,    0,    0,    0,    0,    0,    0, -999,  27.15,  26.62,  25.83,  26.61,  26.41,  26.47,  25.55,  25.50,  24.45,  22.35,  22.33,  22.37,  23.45,  25.66,  25.38,  24.85,  24.54,  24.42,  24.38,  24.30,  24.58,  24.47,  24.34,  25.57,  25.62,  25.47,  25.96,  27.18,  26.55,  26.41,  25.59
20140925, 1200,  , TS, 20.2N, 146.9E,  35,  996,    0,    0,    0,    0,    0,    0,    0,    0,    0,    0,    0,    0, -999,  27.47,  26.38,  25.58,  26.22,  25.82,  26.78,  25.52,  24.81,  23.49,  22.51,  23.34,  24.67,  25.89,  26.92,  26.75,  26.00,  25.22,  24.55,  24.61,  24.31,  23.96,  23.47,  23.68,  24.17,  24.19,  24.14,  23.85,  24.03,  24.30,  24.70,  24.99
20140925, 1800,  , TS, 21.0N, 146.5E,  40,  993,  130,  120,  150,  100,    0,    0,    0,    0,    0,    0,    0,    0, -999,  27.29,  27.38,  26.18,  26.02,  26.00,  27.50,  27.30,  27.83,  27.77,  27.79,  27.79,  27.28,  26.97,  27.65,  27.48,  26.51,  25.73,  25.45,  25.25,  24.33,  24.03,  23.62,  23.16,  23.37,  22.87,  22.98,  22.44,  21.94,  21.94,  21.96,  23.05
20140926, 0000,  , TS, 21.7N, 146.2E,  45,  989,  120,  120,  150,  100,    0,    0,    0,    0,    0,    0,    0,    0, -999,  27.82,  28.24,  28.30,  27.85,  27.80,  27.96,  27.33,  26.58,  26.22,  26.84,  26.69,  27.13,  27.41,  27.57,  26.45,  25.80,  25.62,  25.42,  24.53,  24.35,  23.80,  23.99,  23.90,  23.98,  24.02,  23.92,  24.18,  24.47,  24.34,  23.93,  23.86
20140926, 0600,  , TS, 22.5N, 145.9E,  45,  988,  120,  120,  150,  100,    0,    0,    0,    0,    0,    0,    0,    0, -999,  25.46,  25.48,  25.11,  24.56,  25.02,  25.05,  25.13,  24.94,  25.57,  25.71,  25.98,  25.58,  24.95,  24.90,  24.43,  25.20,  25.60,  24.80,  24.97,  24.24,  23.91,  23.78,  23.86,  24.08,  23.68,  25.20,  25.14,  24.86,  24.15,  24.16,  23.60
20140926, 1200,  , TS, 23.4N, 145.5E,  55,  982,  150,  130,  140,  150,   50,   50,   50,   50,    0,    0,    0,    0, -999,  23.11,  22.49,  22.16,  23.36,  22.49,  21.91,  21.72,  21.11,  21.84,  22.71,  22.45,  23.00,  22.77,  22.11,  22.27,  24.92,  24.15,  22.91,  23.06,  22.68,  22.10,  23.52,  24.11,  24.73,  24.83,  24.34,  24.20,  24.17,  24.69,  26.44,  25.42
20140926, 1800,  , TS, 24.4N, 145.0E,  55,  982,  150,  130,  140,  150,   50,   50,   50,   50,    0,    0,    0,    0, -999,  20.62,  20.49,  20.13,  20.20,  19.78,  21.13,  20.68,  20.99,  21.55,  21.73,  21.74,  21.18,  20.39,  20.18,  20.86,  21.43,  20.63,  20.19,  20.01,  20.54,  20.91,  20.63,  20.97,  21.70,  21.96,  21.48,  20.89,  20.29,  20.16,  20.74,  20.49
20140927, 0000,  , TS, 25.3N, 144.5E,  55,  982,  150,  130,  140,  150,   50,   50,   50,   50,    0,    0,    0,    0, -999,  20.64,  20.62,  20.02,  20.03,  20.27,  20.64,  21.07,  21.36,  20.70,  20.46,  20.62,  20.88,  21.08,  20.39,  21.99,  21.38,  20.63,  19.60,  19.83,  20.05,  20.03,  19.55,  19.82,  18.96,  19.41,  19.99,  19.78,  19.91,  18.84,  19.36,  19.00
20140927, 0600,  , TS, 26.3N, 144.0E,  55,  982,  150,  140,  140,  150,   70,   70,   70,   70,    0,    0,    0,    0, -999,  20.39,  20.32,  20.44,  19.89,  21.32,  21.39,  21.37,  21.71,  21.29,  21.38,  21.37,  21.38,  21.32,  20.84,  21.10,  21.56,  20.05,  19.92,  19.92,  22.09,  21.93,  21.23,  20.92,  21.26,  21.15,  20.24,  21.79,  21.27,  21.32,  20.93,  20.38
20140927, 1200,  , TS, 27.4N, 143.5E,  50,  985,  150,  140,  140,  150,    0,    0,    0,    0,    0,    0,    0,    0, -999,  20.02,  20.05,  20.02,  18.96,  19.20,  19.40,  19.18,  18.47,  20.66,  19.61,  19.39,  20.24,  20.25,  19.82,  20.54,  20.00,  20.04,  20.06,  19.80,  19.13,  19.54,  19.25,  20.41,  20.69,  19.79,  20.42,  20.55,  20.70,  19.97,  22.16,  21.21
20140927, 1800,  , TS, 28.6N, 143.4E,  50,  985,  165,  155,  155,  165,    0,    0,    0,    0,    0,    0,    0,    0, -999,  19.74,  20.49,  20.93,  19.53,  21.53,  19.46,  21.64,  22.04,  20.30,  19.61,  19.67,  19.91,  19.15,  19.45,  18.96,  19.25,  18.80,  18.97,  19.00,  19.75,  20.84,  20.01,  20.71,  20.68,  20.95,  21.61,  20.33,  21.30,  20.94,  22.35,  20.21
20140928, 0000,  , TS, 29.8N, 143.5E,  50,  985,  165,  150,  145,  165,    0,    0,    0,    0,    0,    0,    0,    0, -999,  21.80,  20.38,  21.61,  21.50,  21.49,  21.50,  20.65,  22.08,  21.53,  20.88,  21.44,  21.31,  20.80,  20.37,  21.03,  21.45,  22.29,  22.87,  22.44,  23.49,  22.01,  20.45,  21.11,  21.83,  22.38,  22.41,  21.87,  23.63,  24.33,  23.03,  22.93
20140928, 0600,  , TS, 30.7N, 143.8E,  50,  985,  180,  180,  150,  150,   45,   45,   45,   45,    0,    0,    0,    0, -999,  21.66,  22.22,  22.12,  22.31,  22.07,  21.30,  20.34,  21.99,  21.54,  20.56,  20.75,  21.31,  21.70,  22.07,  21.67,  21.46,  21.17,  20.04,  19.79,  20.59,  19.85,  22.26,  22.13,  21.96,  21.60,  22.08,  21.73,  21.94,  21.87,  20.93,  20.28
20140928, 1200,  , TS, 31.6N, 144.4E,  45,  989,  180,  180,  150,  150,    0,    0,    0,    0,    0,    0,    0,    0, -999,  18.26,  20.61,  20.39,  20.92,  20.71,  20.44,  19.82,  20.04,  19.70,  19.25,  18.23,  20.18,  19.58,  18.11,  18.87,  18.56,  20.16,  20.16,  19.98,  19.88,  19.55,  20.53,  18.96,  18.70,  21.25,  23.98,  24.21,  24.27,  23.79,  22.78,  22.84
20140928, 1800,  , TS, 32.5N, 145.2E,  45,  989,  180,  180,  150,  150,    0,    0,    0,    0,    0,    0,    0,    0, -999,  22.19,  21.51,  20.69,  21.00,  21.11,  20.30,  20.29,  21.10,  20.09,  19.46,  20.66,  19.93,  19.73,  19.66,  19.97,  18.12,  18.38,  18.24,  21.30,  23.13,  23.59,  21.86,  22.53,  22.97,  23.61,  23.01,  22.04,  22.75,  21.33,  21.09,  20.12
20140929, 0000,  , TS, 33.6N, 146.4E,  45,  989,  180,  180,  150,  150,    0,    0,    0,    0,    0,    0,    0,    0, -999,  19.87,  20.04,  19.72,  20.30,  20.58,  19.87,  19.19,  19.36,  19.63,  19.63,  19.31,  19.29,  19.48,  19.18,  18.46,  18.65,  17.90,  21.02,  21.82,  22.27,  22.03,  21.73,  21.56,  19.34,  20.03,  19.89,  18.70,  21.43,  20.94,  20.77,  20.76
20140929, 0600,  , TS, 34.8N, 148.1E,  45,  989,  180,  180,  150,  150,    0,    0,    0,    0,    0,    0,    0,    0, -999,  22.65,  22.59,  22.85,  22.32,  22.18,  22.82,  22.53,  21.21,  21.66,  22.65,  23.86,  24.46,  24.58,  24.50,  24.30,  24.24,  23.80,  24.46,  24.38,  24.22,  24.02,  24.24,  24.02,  23.41,  23.36,  23.67,  22.82,  23.07,  23.26,  23.32,  22.84
20140929, 1200,  , EX, 35.9N, 149.8E,  45,  989,  180,  180,  150,  150,    0,    0,    0,    0,    0,    0,    0,    0, -999,  24.07,  24.53,  23.57,  24.48,  24.94,  24.93,  24.48,  24.11,  24.01,  23.67,  23.82,  24.18,  24.30,  24.26,  24.36,  24.27,  24.14,  23.97,  23.72,  23.33,  23.14,  22.98,  23.79,  24.04,  23.28,  22.98,  22.70,  22.49,  22.05,  22.32,  23.79
20140929, 1800,  , EX, 37.3N, 152.6E,  45,  989,  180,  180,  150,  150,    0,    0,    0,    0,    0,    0,    0,    0, -999,  16.85,  16.63,  15.37,  14.63,  14.90,  14.70,  15.87,  17.67,  16.63,  17.10,  15.44,  15.53,  15.71,  16.39,  17.07,  16.90,  16.79,  18.27,  17.54,  16.63,  16.20,  17.38,  17.90,  17.98,  19.05,  19.14,  18.43,  17.87,  17.20,  15.05,  16.41
20140930, 0000,  , EX, 38.9N, 155.4E,  40,  993,  180,  180,  150,  150,    0,    0,    0,    0,    0,    0,    0,    0, -999,  17.05,  17.32,  16.82,  14.73,  13.99,  13.88,  14.14,  15.92,  16.38,  15.70,  15.83,  16.29,  16.92,  17.19,  16.69,  16.58,  16.54,  16.19,  17.05,  17.07,  17.09,  16.57,  16.52,  18.15,  18.74,  19.63,  18.82,  18.98,  18.55,  18.99,  15.47
