WP172019,             PEIPAH,     21,
20190912, 0600,  , DB,  9.1N, 162.0E,  10,    0,    0,    0,    0,    0,    0,    0,    0,    0,    0,    0,    0,    0, -999,  34.84,  34.81,  34.82,  34.83,  34.84,  34.84,  34.87,  34.89,  34.89,  34.88,  34.87,  34.86,  34.88,  34.90,  34.90,  34.90,  34.91,  34.91,  34.90,  34.91,  34.91,  34.90,  34.88,  34.87,  34.86,  34.89,  34.88,  34.88,  34.89,  34.89,  34.89
20190912, 1200,  , DB,  9.6N, 160.6E,  15, 1010,    0,    0,    0,    0,    0,    0,    0,    0,    0,    0,    0,    0, -999,  34.94,  34.92,  34.93,  34.91,  34.90,  34.88,  34.91,  34.94,  34.94,  34.92,  34.91,  34.91,  34.89,  34.90,  34.91,  34.90,  34.91,  34.90,  34.87,  34.92,  34.90,  34.89,  34.91,  34.91,  34.90,  34.89,  34.88,  34.84,  34.82,  34.85,  34.88
20190912, 1800,  , DB, 10.1N, 159.2E,  15, 1010,    0,    0,    0,    0,    0,    0,    0,    0,    0,    0,    0,    0, -999,  34.86,  34.87,  34.91,  34.92,  34.91,  34.90,  34.92,  34.94,  34.93,  34.95,  34.95,  34.92,  34.93,  34.95,  34.95,  34.95,  34.95,  34.95,  34.94,  34.94,  34.94,  34.91,  34.91,  34.92,  34.92,  34.90,  34.90,  34.92,  34.92,  34.93,  34.90
20190913, 0000,  , DB, 11.1N, 158.2E,  20, 1009,    0,    0,    0,    0,    0,    0,    0,    0,    0,    0,    0,    0, -999,  34.88,  34.90,  34.91,  34.90,  34.89,  34.92,  34.93,  34.94,  34.95,  34.95,  34.95,  34.94,  34.91,  34.88,  34.86,  34.85,  34.90,  34.93,  34.93,  34.94,  34.92,  34.94,  34.91,  34.93,  34.94,  34.93,  34.94,  34.90,  34.91,  34.92,  34.94
20190913, 0600,  , DB, 12.0N, 157.0E,  20, 1009,    0,    0,    0,    0,    0,    0,    0,    0,    0,    0,    0,    0, -999,  34.90,  34.89,  34.87,  34.87,  34.85,  34.84,  34.91,  34.87,  34.90,  34.85,  34.91,  34.91,  34.89,  34.87,  34.88,  34.88,  34.88,  34.90,  34.85,  34.89,  34.88,  34.96,  34.89,  34.92,  34.93,  34.95,  34.91,  34.91,  34.90,  34.90,  34.91
20190913, 1200,  , DB, 13.0N, 155.5E,  20, 1005,    0,    0,    0,    0,    0,    0,    0,    0,    0,    0,    0,    0, -999,  34.73,  34.74,  34.76,  34.81,  34.85,  34.88,  34.93,  34.90,  34.93,  34.92,  34.80,  34.83,  34.86,  34.91,  34.89,  34.91,  34.90,  34.92,  34.87,  34.87,  34.74,  34.80,  34.80,  34.85,  34.81,  34.84,  34.82,  34.89,  34.88,  34.88,  34.83
20190913, 1800,  , DB, 13.3N, 153.9E,  20, 1007,    0,    0,    0,    0,    0,    0,    0,    0,    0,    0,    0,    0, -999,  34.89,  34.88,  34.82,  34.87,  34.81,  34.78,  34.77,  34.76,  34.78,  34.81,  34.74,  34.78,  34.78,  34.80,  34.82,  34.86,  34.89,  34.89,  34.91,  34.89,  34.86,  34.90,  34.88,  34.91,  34.94,  34.95,  34.94,  34.98,  35.00,  34.99,  35.00
20190914, 0000,  , DB, 13.4N, 152.9E,  20, 1006,    0,    0,    0,    0,    0,    0,    0,    0,    0,    0,    0,    0, -999,  34.90,  34.88,  34.89,  34.87,  34.88,  34.90,  34.86,  34.86,  34.88,  34.87,  34.88,  34.86,  34.85,  34.86,  34.80,  34.82,  34.89,  34.88,  34.89,  34.91,  34.91,  34.92,  34.91,  34.98,  34.92,  34.85,  34.87,  34.89,  34.90,  34.93,  34.98
20190914, 0600,  , DB, 13.9N, 151.9E,  20, 1003,    0,    0,    0,    0,    0,    0,    0,    0,    0,    0,    0,    0, -999,  34.87,  34.83,  34.84,  34.85,  34.89,  34.93,  34.91,  34.89,  34.89,  34.95,  34.94,  34.87,  34.88,  34.89,  34.90,  34.97,  34.97,  34.97,  34.95,  34.95,  34.96,  34.86,  34.88,  34.91,  34.94,  34.91,  34.91,  34.91,  34.89,  34.85,  34.86
20190914, 1200,  , TD, 14.3N, 151.1E,  25, 1004,    0,    0,    0,    0,    0,    0,    0,    0,    0,    0,    0,    0, -999,  34.81,  34.79,  34.82,  34.86,  34.91,  34.93,  34.95,  34.95,  34.99,  34.99,  34.99,  34.88,  34.90,  34.90,  34.92,  34.92,  34.94,  34.98,  34.94,  34.94,  34.94,  34.88,  34.96,  35.07,  35.09,  35.06,  35.08,  35.06,  35.06,  35.04,  35.05
20190914, 1800,  , TD, 14.6N, 150.5E,  25, 1004,    0,    0,    0,    0,    0,    0,    0,    0,    0,    0,    0,    0, -999,  34.78,  34.78,  34.77,  34.76,  34.80,  34.82,  34.84,  34.86,  34.89,  34.92,  34.95,  34.84,  34.88,  34.88,  34.89,  34.91,  34.93,  34.98,  34.91,  34.92,  34.90,  34.88,  34.88,  34.95,  34.98,  34.97,  35.00,  34.98,  35.01,  35.03,  35.04
20190915, 0000,  , TD, 15.5N, 149.8E,  30, 1000,    0,    0,    0,    0,    0,    0,    0,    0,    0,    0,    0,    0, -999,  34.87,  34.88,  34.86,  34.92,  34.92,  34.91,  34.94,  34.95,  34.94,  34.95,  34.94,  34.95,  34.96,  34.97,  34.96,  34.95,  34.95,  34.95,  34.99,  34.99,  34.94,  34.98,  34.95,  34.99,  35.00,  35.01,  35.00,  35.02,  35.05,  35.04,  35.03
20190915, 0600,  , TD, 16.6N, 148.9E,  30,  999,    0,    0,    0,    0,    0,    0,    0,    0,    0,    0,    0,    0, -999,  34.96,  34.96,  34.94,  34.91,  34.90,  34.94,  34.92,  34.92,  34.91,  34.95,  34.92,  34.92,  34.91,  34.91,  34.89,  34.98,  34.93,  34.95,  34.95,  34.98,  34.98,  34.97,  34.98,  35.02,  34.98,  34.99,  34.96,  34.97,  34.96,  34.98,  35.00
20190915, 1200,  , TS, 17.6N, 147.9E,  35,  999,   70,   50,   40,   40,    0,    0,    0,    0,    0,    0,    0,    0, -999,  34.95,  34.95,  34.96,  34.98,  35.01,  35.01,  34.97,  35.02,  35.02,  34.98,  34.98,  34.99,  34.97,  34.97,  34.92,  34.96,  34.98,  34.95,  34.98,  34.97,  34.92,  34.91,  34.93,  34.92,  34.93,  34.93,  34.93,  34.94,  34.98,  34.98,  34.98
20190915, 1800,  , TD, 19.6N, 146.8E,  30, 1000,    0,    0,    0,    0,    0,    0,    0,    0,    0,    0,    0,    0, -999,  35.03,  35.01,  34.98,  34.96,  34.99,  34.98,  34.97,  34.96,  34.96,  34.94,  34.95,  34.97,  34.99,  35.01,  35.03,  35.01,  35.01,  35.02,  35.01,  35.04,  35.04,  35.03,  35.03,  35.04,  35.05,  35.06,  35.07,  35.05,  35.04,  35.01,  34.99
20190916, 0000,  , TD, 21.3N, 145.4E,  30, 1002,    0,    0,    0,    0,    0,    0,    0,    0,    0,    0,    0,    0, -999,  34.94,  34.95,  34.96,  34.97,  34.98,  35.00,  35.00,  34.99,  34.98,  34.95,  34.96,  34.99,  35.01,  35.01,  35.02,  35.02,  35.01,  35.01,  35.00,  34.99,  34.99,  35.01,  35.01,  35.00,  35.00,  35.01,  35.01,  35.02,  35.03,  35.02,  35.01
20190916, 0600,  , TD, 23.3N, 144.5E,  25, 1003,    0,    0,    0,    0,    0,    0,    0,    0,    0,    0,    0,    0, -999,  34.88,  34.89,  34.89,  34.90,  34.91,  34.91,  34.91,  34.90,  34.90,  34.90,  34.91,  34.91,  34.92,  34.92,  34.94,  34.98,  34.99,  35.00,  34.98,  34.98,  34.97,  34.97,  34.97,  34.99,  34.99,  34.97,  34.96,  34.97,  35.00,  34.99,  34.99
20190916, 1200,  , DB, 24.8N, 143.1E,  20, 1003,    0,    0,    0,    0,    0,    0,    0,    0,    0,    0,    0,    0, -999,  34.87,  34.87,  34.90,  34.89,  34.90,  34.90,  34.91,  34.92,  34.90,  34.91,  34.94,  34.94,  34.94,  34.94,  34.94,  34.93,  34.92,  34.89,  34.88,  34.88,  34.89,  34.89,  34.89,  34.89,  34.91,  34.91,  34.91,  34.92,  34.92,  34.89,  34.89
20190916, 1800,  , DB, 26.9N, 142.5E,  20, 1003,    0,    0,    0,    0,    0,    0,    0,    0,    0,    0,    0,    0, -999,  34.83,  34.83,  34.81,  34.82,  34.82,  34.83,  34.82,  34.82,  34.81,  34.81,  34.81,  34.81,  34.82,  34.82,  34.82,  34.82,  34.83,  34.83,  34.84,  34.84,  34.83,  34.82,  34.82,  34.81,  34.82,  34.82,  34.83,  34.83,  34.82,  34.82,  34.86
20190917, 0000,  , DB, 28.9N, 142.7E,  20, 1002,    0,    0,    0,    0,    0,    0,    0,    0,    0,    0,    0,    0, -999,  34.81,  34.81,  34.81,  34.81,  34.81,  34.82,  34.82,  34.82,  34.82,  34.82,  34.83,  34.83,  34.83,  34.83,  34.83,  34.84,  34.83,  34.82,  34.83,  34.82,  34.82,  34.82,  34.83,  34.84,  34.83,  34.83,  34.83,  34.84,  34.84,  34.85,  34.84
20190917, 0600,  , DB, 30.9N, 143.5E,  20, 1001,    0,    0,    0,    0,    0,    0,    0,    0,    0,    0,    0,    0, -999,  34.79,  34.79,  34.79,  34.79,  34.79,  34.79,  34.79,  34.80,  34.80,  34.79,  34.79,  34.78,  34.78,  34.79,  34.79,  34.78,  34.78,  34.78,  34.79,  34.78,  34.78,  34.79,  34.79,  34.80,  34.80,  34.79,  34.78,  34.79,  34.81,  34.81,  34.82
