WP182007,           LINGLING,     26,
20071009, 0000,  , DB, 18.8N, 179.4W,  15, 1010,    0,    0,    0,    0,    0,    0,    0,    0,    0,    0,    0,    0, -999,  34.96,  34.99,  34.97,  35.03,  34.92,  35.13,  34.99,  35.06,  35.06,  35.07,  35.14,  35.22,  35.32,  35.33,  35.32,  35.29,  35.30,  35.27,  35.19,  35.15,  35.05,  35.09,  35.16,  35.21,  35.20,  35.16,  35.15,  35.15,  35.15,  35.16,  35.16
20071009, 0600,  , DB, 19.1N, 179.7E,  15, 1010,    0,    0,    0,    0,    0,    0,    0,    0,    0,    0,    0,    0, -999,  35.01,  34.99,  34.98,  34.99,  34.98,  34.96,  34.96,  34.94,  34.86,  34.85,  34.87,  34.87,  34.88,  34.87,  34.92,  34.88,  34.87,  34.88,  34.84,  34.83,  34.84,  34.81,  34.82,  34.79,  34.84,  34.96,  35.08,  35.09,  35.17,  35.17,  35.07
20071009, 1200,  , DB, 19.3N, 178.5E,  15, 1010,    0,    0,    0,    0,    0,    0,    0,    0,    0,    0,    0,    0, -999,  34.83,  34.83,  34.84,  34.85,  34.84,  34.87,  34.95,  35.03,  35.03,  35.04,  35.03,  35.03,  35.02,  35.00,  34.98,  34.97,  34.94,  34.94,  34.92,  34.93,  34.93,  34.92,  34.92,  34.91,  34.87,  34.84,  34.77,  34.76,  34.78,  34.81,  34.83
20071009, 1800,  , DB, 19.6N, 177.3E,  15, 1010,    0,    0,    0,    0,    0,    0,    0,    0,    0,    0,    0,    0, -999,  35.02,  34.91,  34.98,  34.95,  34.92,  34.87,  34.98,  35.10,  35.09,  35.11,  35.11,  35.07,  35.05,  35.03,  34.98,  34.92,  34.92,  34.93,  34.93,  34.93,  34.92,  34.92,  34.92,  34.92,  34.92,  34.91,  34.91,  34.93,  34.92,  34.89,  34.88
20071010, 0000,  , DB, 19.9N, 176.3E,  15, 1010,    0,    0,    0,    0,    0,    0,    0,    0,    0,    0,    0,    0, -999,  34.99,  35.03,  35.05,  35.03,  35.03,  35.03,  34.97,  34.88,  34.89,  34.90,  34.89,  34.92,  34.95,  34.93,  34.95,  34.95,  34.91,  34.92,  34.92,  34.92,  34.92,  34.92,  34.89,  34.88,  34.86,  34.88,  34.87,  34.88,  34.89,  34.91,  34.92
20071010, 0600,  , DB, 20.5N, 175.8E,  15, 1010,    0,    0,    0,    0,    0,    0,    0,    0,    0,    0,    0,    0, -999,  35.16,  35.15,  35.13,  35.06,  35.13,  35.18,  35.15,  35.16,  35.10,  35.08,  35.00,  34.99,  34.95,  34.91,  34.96,  35.04,  35.01,  35.00,  34.95,  34.91,  34.89,  34.89,  34.88,  34.88,  34.89,  34.89,  34.93,  34.98,  34.96,  34.93,  34.91
20071010, 1200,  , DB, 21.0N, 175.1E,  15, 1010,    0,    0,    0,    0,    0,    0,    0,    0,    0,    0,    0,    0, -999,  35.00,  35.00,  34.98,  34.94,  34.92,  34.89,  35.00,  35.10,  35.19,  35.21,  35.23,  35.22,  35.17,  35.01,  35.04,  35.05,  35.03,  35.02,  34.98,  35.00,  35.08,  35.07,  34.97,  34.94,  34.93,  34.92,  34.89,  34.88,  34.83,  34.80,  34.80
20071010, 1800,  , DB, 21.7N, 174.6E,  15, 1010,    0,    0,    0,    0,    0,    0,    0,    0,    0,    0,    0,    0, -999,  35.01,  35.02,  35.02,  35.00,  34.97,  34.92,  34.95,  34.95,  34.93,  34.96,  34.90,  34.91,  34.93,  34.92,  34.91,  34.93,  34.90,  34.88,  34.88,  34.89,  34.91,  34.94,  34.95,  34.97,  34.97,  34.96,  34.95,  34.95,  34.92,  34.92,  34.90
20071011, 0000,  , DB, 22.4N, 174.4E,  15, 1008,    0,    0,    0,    0,    0,    0,    0,    0,    0,    0,    0,    0, -999,  35.09,  35.11,  35.11,  35.13,  35.01,  34.98,  34.97,  34.92,  34.93,  34.89,  34.87,  34.86,  34.88,  34.86,  34.88,  34.90,  34.91,  34.98,  34.91,  34.93,  34.92,  34.88,  34.88,  34.93,  34.97,  34.98,  34.99,  34.99,  34.99,  34.98,  34.98
20071011, 0600,  , DB, 23.1N, 174.2E,  15, 1010,    0,    0,    0,    0,    0,    0,    0,    0,    0,    0,    0,    0, -999,  35.08,  35.09,  35.08,  35.14,  35.08,  34.99,  35.01,  35.01,  35.01,  35.04,  35.06,  35.05,  35.02,  35.02,  35.03,  35.02,  34.98,  34.99,  34.95,  34.91,  34.94,  34.95,  35.00,  35.00,  35.01,  35.03,  35.06,  35.09,  35.08,  35.05,  35.05
20071011, 1200,  , DB, 23.7N, 173.8E,  20, 1007,    0,    0,    0,    0,    0,    0,    0,    0,    0,    0,    0,    0, -999,  35.37,  35.36,  35.31,  35.26,  35.24,  35.21,  35.22,  35.22,  35.22,  35.21,  35.20,  35.19,  35.19,  35.20,  35.22,  35.18,  35.09,  35.08,  35.19,  35.21,  35.18,  35.22,  35.24,  35.24,  35.22,  35.22,  35.25,  35.25,  35.30,  35.32,  35.30
20071011, 1800,  , DB, 24.2N, 173.4E,  20, 1007,    0,    0,    0,    0,    0,    0,    0,    0,    0,    0,    0,    0, -999,  35.29,  35.26,  35.33,  35.33,  35.31,  35.29,  35.37,  35.47,  35.52,  35.55,  35.56,  35.54,  35.51,  35.47,  35.46,  35.44,  35.39,  35.34,  35.25,  35.24,  35.25,  35.21,  35.22,  35.16,  35.19,  35.18,  35.25,  35.31,  35.37,  35.35,  35.35
20071012, 0000,  , DB, 24.7N, 173.0E,  25, 1004,    0,    0,    0,    0,    0,    0,    0,    0,    0,    0,    0,    0, -999,  35.41,  35.39,  35.38,  35.36,  35.32,  35.32,  35.33,  35.33,  35.35,  35.35,  35.43,  35.41,  35.44,  35.49,  35.58,  35.61,  35.56,  35.50,  35.42,  35.44,  35.46,  35.49,  35.51,  35.53,  35.50,  35.50,  35.47,  35.75,  35.75,  35.57,  35.51
20071012, 0600,  , TD, 25.1N, 172.7E,  30, 1000,    0,    0,    0,    0,    0,    0,    0,    0,    0,    0,    0,    0, -999,  35.36,  35.36,  35.36,  35.38,  35.35,  35.31,  35.33,  35.35,  35.34,  35.32,  35.42,  35.38,  35.41,  35.42,  35.63,  35.69,  35.49,  35.56,  35.52,  35.48,  35.46,  35.44,  35.41,  35.42,  35.47,  35.48,  35.48,  35.47,  35.50,  35.63,  35.67
20071012, 1200,  , TS, 25.7N, 172.3E,  35,  999,    0,    0,    0,    0,    0,    0,    0,    0,    0,    0,    0,    0, -999,  35.10,  35.10,  35.12,  35.12,  35.17,  35.20,  35.19,  35.08,  34.97,  35.00,  34.99,  34.93,  35.02,  35.15,  35.13,  35.13,  35.16,  35.22,  35.23,  35.20,  35.22,  35.23,  35.24,  35.27,  35.30,  35.30,  35.29,  35.29,  35.30,  35.33,  35.40
20071012, 1800,  , TS, 26.5N, 171.9E,  35,  996,    0,    0,    0,    0,    0,    0,    0,    0,    0,    0,    0,    0, -999,  35.31,  35.23,  35.14,  35.07,  35.03,  35.10,  35.22,  35.10,  35.05,  34.99,  35.67,  35.52,  35.43,  35.48,  35.55,  35.43,  35.25,  35.13,  35.11,  34.95,  35.00,  35.01,  35.02,  35.02,  35.02,  35.02,  35.05,  35.07,  35.14,  35.29,  35.41
20071013, 0000,  , TS, 27.5N, 171.3E,  35,  996,    0,    0,    0,    0,    0,    0,    0,    0,    0,    0,    0,    0, -999,  34.77,  34.78,  34.79,  34.79,  34.79,  34.79,  34.80,  34.81,  34.83,  34.86,  34.97,  34.99,  34.99,  34.98,  34.95,  34.90,  34.86,  34.84,  34.83,  34.85,  34.86,  34.87,  34.89,  34.88,  34.87,  34.84,  34.84,  34.87,  34.88,  34.88,  34.89
20071013, 0600,  , TS, 28.6N, 171.0E,  40,  993,   90,   65,    0,   85,    0,    0,    0,    0,    0,    0,    0,    0, -999,  34.90,  34.92,  34.91,  34.83,  34.79,  34.78,  34.76,  34.82,  34.69,  34.63,  34.77,  34.97,  34.95,  34.77,  34.84,  34.72,  34.84,  34.88,  34.91,  34.81,  34.84,  34.80,  34.83,  34.80,  34.81,  34.81,  34.81,  34.83,  34.85,  34.84,  34.84
20071013, 1200,  , TS, 29.6N, 170.3E,  40,  993,   55,   55,    0,   55,    0,    0,    0,    0,    0,    0,    0,    0, -999,  34.84,  34.84,  34.82,  34.75,  34.81,  34.83,  34.82,  34.91,  34.90,  35.01,  35.03,  35.02,  34.94,  34.89,  34.97,  34.98,  35.00,  34.96,  34.75,  34.78,  34.91,  34.95,  34.99,  34.95,  34.92,  34.89,  34.94,  34.94,  34.95,  34.88,  34.80
20071013, 1800,  , TS, 30.4N, 169.8E,  40,  993,   55,   55,    0,   55,    0,    0,    0,    0,    0,    0,    0,    0, -999,  34.92,  34.85,  34.81,  34.78,  34.84,  34.97,  34.80,  34.69,  34.70,  34.74,  34.81,  34.92,  34.90,  34.88,  34.87,  34.88,  34.90,  34.91,  34.82,  34.83,  34.90,  34.92,  34.97,  34.93,  34.87,  34.87,  34.86,  34.84,  34.82,  34.82,  34.80
20071014, 0000,  , TS, 31.4N, 169.9E,  35,  996,   55,   55,    0,   55,    0,    0,    0,    0,    0,    0,    0,    0, -999,  34.64,  34.75,  34.72,  34.78,  34.68,  34.73,  34.77,  34.91,  34.84,  34.89,  34.95,  34.83,  34.82,  34.94,  35.07,  34.97,  34.76,  34.66,  34.62,  34.70,  34.76,  34.78,  34.67,  34.71,  34.71,  34.70,  34.81,  34.78,  34.74,  34.74,  34.75
20071014, 0600,  , TD, 32.4N, 170.3E,  30, 1000,    0,    0,    0,    0,    0,    0,    0,    0,    0,    0,    0,    0, -999,  34.58,  34.68,  34.73,  34.65,  34.40,  34.37,  34.37,  34.37,  34.37,  34.39,  34.39,  34.39,  34.43,  34.51,  34.48,  34.43,  34.48,  34.49,  34.55,  34.65,  34.81,  34.78,  34.59,  34.63,  34.46,  34.51,  34.59,  34.64,  34.64,  34.57,  34.55
20071014, 1200,  , TD, 33.4N, 171.5E,  25, 1004,    0,    0,    0,    0,    0,    0,    0,    0,    0,    0,    0,    0, -999,  34.91,  34.69,  34.75,  34.85,  34.91,  34.93,  34.92,  34.87,  34.81,  34.89,  34.84,  34.77,  34.71,  34.75,  34.74,  34.69,  34.66,  34.73,  34.77,  34.71,  34.64,  34.56,  34.49,  34.48,  34.44,  34.45,  34.46,  34.46,  34.47,  34.48,  34.47
20071014, 1800,  , EX, 34.4N, 173.2E,  25, 1004,    0,    0,    0,    0,    0,    0,    0,    0,    0,    0,    0,    0, -999,  34.35,  34.36,  34.53,  34.58,  34.56,  34.55,  34.55,  34.55,  34.53,  34.51,  34.51,  34.49,  34.48,  34.48,  34.49,  34.48,  34.45,  34.44,  34.45,  34.46,  34.48,  34.49,  34.47,  34.47,  34.47,  34.47,  34.47,  34.47,  34.48,  34.48,  34.44
20071015, 0000,  , EX, 35.4N, 176.4E,  20, 1007,    0,    0,    0,    0,    0,    0,    0,    0,    0,    0,    0,    0, -999,  34.45,  34.46,  34.47,  34.50,  34.48,  34.52,  34.49,  34.54,  34.54,  34.51,  34.44,  34.44,  34.45,  34.44,  34.37,  34.39,  34.40,  34.38,  34.39,  34.37,  34.38,  34.43,  34.42,  34.35,  34.40,  34.37,  34.34,  34.35,  34.35,  34.32,  34.33
20071015, 0600,  , EX, 36.9N, 179.3E,  20, 1007,    0,    0,    0,    0,    0,    0,    0,    0,    0,    0,    0,    0, -999,  34.41,  34.44,  34.59,  34.59,  34.54,  34.53,  34.54,  34.58,  34.59,  34.55,  34.50,  34.51,  34.55,  34.51,  34.45,  34.45,  34.50,  34.51,  34.46,  34.44,  34.44,  34.45,  34.43,  34.36,  34.24,  34.19,  34.25,  34.23,  34.20,  34.19,  34.19
