WP182022,               NORU,     31,
20220921, 0000,  , DB, 17.4N, 132.4E,  15, 1008,    0,    0,    0,    0,    0,    0,    0,    0,    0,    0,    0,    0, -999,  34.28,  34.39,  34.40,  34.34,  34.24,  34.27,  34.29,  34.30,  34.30,  34.33,  34.36,  34.43,  34.41,  34.42,  34.40,  34.37,  34.34,  34.42,  34.50,  34.50,  34.46,  34.48,  34.48,  34.36,  34.36,  34.39,  34.36,  34.34,  34.34,  34.36,  34.37
20220921, 0600,  , DB, 17.4N, 133.0E,  20, 1007,    0,    0,    0,    0,    0,    0,    0,    0,    0,    0,    0,    0, -999,  34.33,  34.29,  34.33,  34.32,  34.37,  34.43,  34.44,  34.40,  34.47,  34.47,  34.48,  34.50,  34.49,  34.52,  34.51,  34.47,  34.47,  34.50,  34.44,  34.37,  34.40,  34.42,  34.40,  34.35,  34.36,  34.37,  34.36,  34.36,  34.35,  34.34,  34.33
20220921, 1200,  , DB, 17.5N, 133.6E,  20, 1007,    0,    0,    0,    0,    0,    0,    0,    0,    0,    0,    0,    0, -999,  34.34,  34.40,  34.50,  34.47,  34.45,  34.49,  34.51,  34.48,  34.47,  34.47,  34.46,  34.49,  34.47,  34.47,  34.43,  34.41,  34.41,  34.40,  34.37,  34.44,  34.41,  34.42,  34.38,  34.36,  34.33,  34.34,  34.28,  34.28,  34.27,  34.29,  34.32
20220921, 1800,  , TD, 17.7N, 134.2E,  25, 1007,    0,    0,    0,    0,    0,    0,    0,    0,    0,    0,    0,    0, -999,  34.54,  34.56,  34.54,  34.51,  34.51,  34.53,  34.49,  34.49,  34.44,  34.37,  34.38,  34.39,  34.42,  34.45,  34.42,  34.39,  34.39,  34.41,  34.40,  34.39,  34.40,  34.36,  34.36,  34.34,  34.31,  34.27,  34.25,  34.26,  34.26,  34.28,  34.25
20220922, 0000,  , TD, 17.8N, 134.6E,  30, 1003,    0,    0,    0,    0,    0,    0,    0,    0,    0,    0,    0,    0, -999,  34.52,  34.54,  34.54,  34.55,  34.53,  34.50,  34.46,  34.39,  34.43,  34.42,  34.41,  34.42,  34.42,  34.40,  34.31,  34.32,  34.33,  34.33,  34.38,  34.42,  34.46,  34.44,  34.39,  34.33,  34.33,  34.31,  34.29,  34.33,  34.34,  34.36,  34.37
20220922, 0600,  , TS, 17.9N, 134.5E,  35, 1000,   10,   20,   20,   10,    0,    0,    0,    0,    0,    0,    0,    0, -999,  34.54,  34.53,  34.54,  34.55,  34.53,  34.51,  34.44,  34.37,  34.37,  34.39,  34.40,  34.44,  34.44,  34.41,  34.36,  34.32,  34.34,  34.34,  34.38,  34.41,  34.45,  34.45,  34.41,  34.34,  34.30,  34.28,  34.27,  34.29,  34.30,  34.32,  34.33
20220922, 1200,  , TS, 18.0N, 134.0E,  40, 1002,   15,   30,   30,   15,    0,    0,    0,    0,    0,    0,    0,    0, -999,  34.54,  34.54,  34.51,  34.53,  34.50,  34.49,  34.49,  34.48,  34.49,  34.49,  34.49,  34.50,  34.50,  34.47,  34.42,  34.43,  34.43,  34.36,  34.39,  34.40,  34.42,  34.45,  34.43,  34.42,  34.34,  34.28,  34.28,  34.27,  34.27,  34.28,  34.30
20220922, 1800,  , TS, 18.2N, 133.4E,  45, 1000,   20,   45,   45,   20,    0,    0,    0,    0,    0,    0,    0,    0, -999,  34.37,  34.36,  34.33,  34.43,  34.44,  34.45,  34.45,  34.47,  34.50,  34.51,  34.52,  34.51,  34.50,  34.51,  34.51,  34.50,  34.54,  34.49,  34.41,  34.44,  34.43,  34.46,  34.44,  34.47,  34.46,  34.41,  34.32,  34.28,  34.29,  34.29,  34.30
20220923, 0000,  , TS, 18.0N, 132.4E,  40, 1000,   25,   45,   45,   25,    0,    0,    0,    0,    0,    0,    0,    0, -999,  34.19,  34.17,  34.19,  34.22,  34.23,  34.26,  34.30,  34.38,  34.48,  34.42,  34.28,  34.32,  34.39,  34.43,  34.41,  34.44,  34.44,  34.43,  34.42,  34.50,  34.55,  34.44,  34.44,  34.46,  34.47,  34.47,  34.48,  34.42,  34.34,  34.32,  34.33
20220923, 0600,  , TS, 17.7N, 131.3E,  35,  998,   30,   50,   50,   30,    0,    0,    0,    0,    0,    0,    0,    0, -999,  34.13,  34.13,  34.06,  34.14,  34.17,  34.19,  34.17,  34.23,  34.29,  34.32,  34.24,  34.26,  34.22,  34.22,  34.14,  34.16,  34.37,  34.43,  34.41,  34.42,  34.45,  34.51,  34.42,  34.42,  34.44,  34.36,  34.36,  34.43,  34.44,  34.43,  34.29
20220923, 1200,  , TS, 17.5N, 130.5E,  45,  997,   30,   55,   50,   35,    0,    0,    0,    0,    0,    0,    0,    0, -999,  34.22,  34.32,  34.15,  34.27,  34.27,  34.28,  34.38,  34.42,  34.49,  34.46,  34.44,  34.44,  34.38,  34.33,  34.22,  34.22,  34.28,  34.29,  34.25,  34.22,  34.25,  34.27,  34.20,  34.26,  34.38,  34.50,  34.42,  34.38,  34.34,  34.40,  34.34
20220923, 1800,  , TS, 16.9N, 129.3E,  45,  995,   35,   55,   50,   35,    0,    0,    0,    0,    0,    0,    0,    0, -999,  34.37,  34.39,  34.38,  34.37,  34.36,  34.36,  34.34,  34.37,  34.40,  34.38,  34.35,  34.32,  34.29,  34.28,  34.27,  34.28,  34.32,  34.34,  34.33,  34.32,  34.28,  34.28,  34.27,  34.27,  34.30,  34.29,  34.25,  34.24,  34.26,  34.33,  34.34
20220924, 0000,  , TS, 16.2N, 128.1E,  60,  987,   40,   50,   50,   40,   15,   15,   15,   15,    0,    0,    0,    0, -999,  34.36,  34.34,  34.36,  34.33,  34.33,  34.30,  34.30,  34.31,  34.32,  34.29,  34.29,  34.32,  34.32,  34.21,  34.22,  34.25,  34.23,  34.08,  34.13,  34.14,  34.15,  34.14,  34.09,  34.13,  34.13,  33.94,  34.05,  34.10,  34.24,  34.25,  34.31
20220924, 0600,  , HU, 15.8N, 126.9E,  70,  979,   40,   45,   50,   45,   30,   15,   20,   30,   10,   10,   10,   10, -999,  34.28,  34.25,  34.27,  34.31,  34.33,  34.33,  34.34,  34.36,  34.38,  34.40,  34.40,  34.39,  34.39,  34.39,  34.36,  34.35,  34.38,  34.35,  34.32,  34.30,  34.30,  34.31,  34.32,  34.33,  34.25,  34.12,  34.15,  34.16,  34.18,  34.10,  34.12
20220924, 1200,  , HU, 15.4N, 125.9E, 100,  957,   45,   45,   55,   50,   25,   15,   25,   30,   10,    0,    5,   15, -999,  34.36,  34.35,  34.35,  34.37,  34.39,  34.38,  34.37,  34.36,  34.37,  34.38,  34.39,  34.40,  34.40,  34.41,  34.41,  34.41,  34.43,  34.42,  34.40,  34.42,  34.44,  34.44,  34.37,  34.35,  34.31,  34.29,  34.30,  34.28,  34.27,  34.18,  34.22
20220924, 1800,  , HU, 15.2N, 124.7E, 145,  914,   45,   50,   65,   65,   35,   25,   35,   45,   20,   15,   20,   20, -999,  34.36,  34.34,  34.34,  34.34,  34.35,  34.37,  34.36,  34.35,  34.35,  34.36,  34.37,  34.39,  34.38,  34.34,  34.32,  34.33,  34.37,  34.36,  34.37,  34.38,  34.39,  34.34,  34.35,  34.30,  34.29,  34.28,  34.29,  34.28,  34.28,  34.26,  34.28
20220925, 0000,  , HU, 15.0N, 123.6E, 135,  919,   55,   55,   65,   65,   35,   35,   35,   35,   25,   25,   25,   25, -999,  34.23,  34.18,  34.22,  34.26,  34.27,  34.28,  34.32,  34.34,  34.34,  34.32,  34.32,  34.30,  34.30,  34.31,  34.35,  34.36,  34.31,  34.26,  34.28,  34.31,  34.31,  34.37,  34.37,  34.33,  34.29,  34.30,  34.29,  34.25,  34.24,  34.24,  34.25
20220925, 0600,  , HU, 15.0N, 122.4E, 130,  925,   65,   60,   55,   70,   40,   35,   30,   40,   25,   25,   25,   25, -999,  34.44,  34.46,  34.43,  34.47,  34.47,  34.47,  34.48,  34.47,  34.48,  34.48,  34.50,  34.50,  34.50,  34.51,  34.53,  34.51,  34.53,  34.51,  34.53,  34.55,  34.57,  34.58,  34.58,  34.60,  34.57,  34.50,  34.45,  34.44,  34.44,  34.40,  34.39
20220925, 1200,  , HU, 15.1N, 121.4E, 115,  932,   55,   50,   50,   45,   40,   35,   30,   30,   20,   20,   20,   20, -999,  34.62,  34.66,  34.64,  34.62,  34.65,  34.64,  34.64,  34.63,  34.64,  34.62,  34.66,  34.66,  34.67,  34.68,  34.69,  34.68,  34.70,  34.57,  34.53,  34.55,  34.52,  34.49,  34.47,  34.31,  34.27,  34.31,  34.27,  34.19,  34.25,  34.22,  34.24
20220925, 1800,  , HU, 15.4N, 119.8E,  90,  968,   50,   40,   40,   35,   40,   30,   35,   30,   20,   15,   20,   25, -999,  33.54,  33.52,  33.55,  33.58,  33.58,  33.58,  33.54,  33.54,  33.55,  33.45,  33.49,  33.48,  33.48,  33.53,  33.61,  33.60,  33.68,  33.46,  33.50,  33.44,  33.44,  33.46,  33.47,  33.49,  33.50,  33.48,  33.47,  33.41,  33.45,  33.40,  33.43
20220926, 0000,  , HU, 15.9N, 118.3E,  80,  979,   45,   30,   40,   40,   25,   25,   25,   35,   20,   20,   10,   20, -999,  33.37,  33.34,  33.33,  33.45,  33.51,  33.48,  33.29,  33.40,  33.40,  33.47,  33.36,  33.46,  33.36,  33.42,  33.43,  33.56,  33.36,  33.47,  33.33,  33.37,  33.36,  33.39,  33.36,  33.45,  33.44,  33.45,  33.33,  33.39,  33.20,  33.19,  33.26
20220926, 0600,  , HU, 15.9N, 116.9E,  75,  965,   50,   55,   45,   70,   45,   35,   30,   45,   30,   15,   15,   25, -999,  33.31,  33.38,  33.39,  33.31,  33.38,  33.40,  33.41,  33.48,  33.47,  33.61,  33.27,  33.28,  33.34,  33.35,  33.18,  33.31,  33.36,  33.40,  33.30,  33.38,  33.42,  33.37,  33.20,  33.24,  33.30,  33.30,  33.27,  33.25,  33.22,  33.25,  33.32
20220926, 1200,  , HU, 15.9N, 115.4E,  90,  967,  100,   60,   45,  130,   85,   40,   40,   85,   45,   25,   25,   45, -999,  33.48,  33.44,  33.48,  33.46,  33.51,  33.48,  33.55,  33.53,  33.52,  33.52,  33.50,  33.38,  33.36,  33.36,  33.35,  33.33,  33.39,  33.44,  33.43,  33.42,  33.44,  33.40,  33.37,  33.36,  33.38,  33.39,  33.32,  33.31,  33.27,  33.28,  33.36
20220926, 1800,  , HU, 15.8N, 113.6E, 105,  954,  100,   90,  120,  125,   85,   55,   55,   85,   45,   25,   25,   45, -999,  33.43,  33.46,  33.58,  33.61,  33.62,  33.69,  33.75,  33.73,  33.61,  33.53,  33.47,  33.46,  33.42,  33.38,  33.31,  33.29,  33.49,  33.76,  33.67,  33.62,  33.55,  33.25,  33.25,  33.14,  33.18,  33.16,  33.12,  33.14,  33.16,  33.20,  33.22
20220927, 0000,  , HU, 15.4N, 112.0E, 120,  930,  105,  100,  100,  110,   45,   50,   40,   45,   20,   20,   20,   15, -999,  33.29,  33.25,  33.27,  33.17,  33.12,  33.09,  33.06,  33.08,  33.22,  33.19,  33.16,  33.06,  33.08,  33.04,  33.04,  33.34,  33.48,  33.54,  33.53,  33.67,  33.41,  33.39,  33.26,  33.52,  33.42,  33.15,  33.16,  33.14,  33.09,  33.09,  33.13
20220927, 0600,  , HU, 15.6N, 111.2E, 130,  928,  105,  125,  125,  105,   45,   50,   45,   45,   20,   20,   20,   20, -999,  33.30,  33.29,  33.29,  33.28,  33.35,  33.42,  33.54,  33.52,  33.56,  33.57,  33.51,  33.52,  33.46,  33.44,  33.42,  33.46,  33.76,  33.78,  33.68,  33.72,  33.61,  33.61,  33.59,  33.53,  33.54,  33.41,  33.45,  33.47,  33.52,  33.29,  33.31
20220927, 1200,  , HU, 15.7N, 110.2E,  95,  949,   85,  100,  100,  100,   45,   50,   45,   45,   20,   20,   20,   20, -999,  33.48,  33.56,  33.48,  33.48,  33.49,  33.48,  33.53,  33.55,  33.54,  33.53,  33.48,  33.41,  33.31,  33.27,  33.28,  33.30,  33.80,  33.84,  33.75,  33.78,  33.70,  33.62,  33.66,  33.71,  33.67,  33.65,  33.71,  33.68,  33.66,  33.52,  33.54
20220927, 1800,  , HU, 15.8N, 108.9E,  85,  958,   60,   80,   60,   95,   45,   50,   45,   45,   20,   20,   20,   20, -999,  33.83,  33.84,  33.82,  33.86,  33.77,  33.65,  33.58,  33.65,  33.64,  33.60,  33.57,  33.48,  33.55,  33.60,  33.65,  33.29,  33.86,  33.70,  33.71,  33.71,  33.72,  33.46,  33.59,  33.71,  33.58,  33.71,  33.68,  33.72,  33.77,  33.67,  33.76
20220928, 0000,  , HU, 15.8N, 107.7E,  75,  974,   40,   60,   40,   40,   35,   50,   35,   35,   20,   20,   20,   20, -999,    nan,    nan,    nan,    nan,    nan,    nan,    nan,    nan,    nan,    nan,    nan,    nan,    nan,    nan,    nan,    nan,    nan,    nan,    nan,    nan,    nan,    nan,    nan,    nan,    nan,    nan,    nan,    nan,    nan,    nan,    nan
20220928, 0600,  , TS, 15.6N, 105.3E,  50,  989,   30,   40,   20,   30,   25,    0,    0,    0,    0,    0,    0,    0, -999,    nan,    nan,    nan,    nan,    nan,    nan,    nan,    nan,    nan,    nan,    nan,    nan,    nan,    nan,    nan,    nan,    nan,    nan,    nan,    nan,    nan,    nan,    nan,    nan,    nan,    nan,    nan,    nan,    nan,    nan,    nan
20220928, 1200,  , TS, 15.5N, 103.6E,  35,  996,   10,   20,   10,   10,    0,    0,    0,    0,    0,    0,    0,    0, -999,    nan,    nan,    nan,    nan,    nan,    nan,    nan,    nan,    nan,    nan,    nan,    nan,    nan,    nan,    nan,    nan,    nan,    nan,    nan,    nan,    nan,    nan,    nan,    nan,    nan,    nan,    nan,    nan,    nan,    nan,    nan
