WP182023,            JELAWAT,     17,
20231214, 1200,  , DB,  3.7N, 140.6E,  10, 1014,    0,    0,    0,    0,    0,    0,    0,    0,    0,    0,    0,    0, -999,  34.83,  34.80,  34.81,  34.77,  34.85,  34.90,  34.92,  34.82,  34.86,  34.90,  34.96,  34.87,  34.94,  34.98,  34.98,  34.85,  34.90,  35.10,  35.20,  35.04,  34.94,  34.94,  35.03,  35.08,  35.06,  34.95,  34.98,  34.98,  34.98,  35.01,  34.95
20231214, 1800,  , DB,  4.1N, 140.3E,  15, 1010,    0,    0,    0,    0,    0,    0,    0,    0,    0,    0,    0,    0, -999,  34.80,  34.79,  34.81,  34.79,  34.81,  34.81,  34.85,  34.85,  34.88,  34.91,  34.88,  34.81,  34.82,  34.83,  34.80,  34.88,  34.96,  35.08,  35.06,  34.93,  34.88,  34.91,  34.81,  34.81,  34.83,  34.90,  34.93,  34.92,  34.93,  34.92,  34.88
20231215, 0000,  , DB,  4.5N, 140.0E,  15, 1009,    0,    0,    0,    0,    0,    0,    0,    0,    0,    0,    0,    0, -999,  34.77,  34.75,  34.76,  34.81,  34.81,  34.85,  34.89,  34.92,  34.95,  34.92,  34.84,  34.83,  34.82,  34.80,  34.81,  34.87,  34.98,  35.01,  34.93,  34.91,  34.96,  34.94,  34.87,  34.74,  34.75,  34.72,  34.73,  34.74,  34.85,  34.83,  34.88
20231215, 0600,  , DB,  5.1N, 138.8E,  15, 1009,    0,    0,    0,    0,    0,    0,    0,    0,    0,    0,    0,    0, -999,  34.72,  34.72,  34.74,  34.78,  34.80,  34.84,  34.85,  34.88,  34.88,  34.90,  34.87,  34.87,  34.84,  34.84,  34.82,  34.80,  34.78,  34.79,  34.79,  34.74,  34.74,  34.76,  34.81,  34.78,  34.74,  34.72,  34.73,  34.75,  34.88,  34.87,  34.88
20231215, 1200,  , DB,  5.5N, 137.7E,  15, 1009,    0,    0,    0,    0,    0,    0,    0,    0,    0,    0,    0,    0, -999,  34.73,  34.74,  34.74,  34.75,  34.74,  34.74,  34.75,  34.77,  34.74,  34.74,  34.75,  34.76,  34.74,  34.76,  34.80,  34.81,  34.78,  34.79,  34.83,  34.83,  34.71,  34.75,  34.83,  34.79,  34.72,  34.70,  34.74,  34.74,  34.78,  34.80,  34.82
20231215, 1800,  , DB,  5.5N, 136.8E,  15, 1008,    0,    0,    0,    0,    0,    0,    0,    0,    0,    0,    0,    0, -999,  34.75,  34.72,  34.73,  34.73,  34.74,  34.74,  34.76,  34.79,  34.75,  34.76,  34.76,  34.76,  34.76,  34.73,  34.77,  34.76,  34.73,  34.75,  34.81,  34.83,  34.76,  34.76,  34.81,  34.80,  34.77,  34.78,  34.77,  34.81,  34.86,  34.85,  34.86
20231216, 0000,  , DB,  5.5N, 135.9E,  15, 1006,    0,    0,    0,    0,    0,    0,    0,    0,    0,    0,    0,    0, -999,  34.77,  34.79,  34.78,  34.78,  34.79,  34.81,  34.87,  34.85,  34.81,  34.80,  34.77,  34.75,  34.77,  34.83,  34.85,  34.83,  34.78,  34.82,  34.84,  34.79,  34.82,  34.81,  34.80,  34.83,  34.81,  34.85,  34.85,  34.94,  34.87,  34.86,  34.92
20231216, 0600,  , DB,  6.0N, 134.2E,  15, 1006,    0,    0,    0,    0,    0,    0,    0,    0,    0,    0,    0,    0, -999,  34.73,  34.74,  34.77,  34.80,  34.81,  34.78,  34.79,  34.78,  34.78,  34.80,  34.81,  34.77,  34.80,  34.77,  34.74,  34.76,  34.75,  34.76,  34.76,  34.72,  34.69,  34.72,  34.72,  34.73,  34.79,  34.75,  34.81,  34.91,  34.82,  34.82,  34.84
20231216, 1200,  , DB,  6.5N, 132.5E,  15, 1006,    0,    0,    0,    0,    0,    0,    0,    0,    0,    0,    0,    0, -999,  34.77,  34.79,  34.78,  34.76,  34.77,  34.73,  34.73,  34.73,  34.71,  34.74,  34.73,  34.74,  34.71,  34.72,  34.70,  34.73,  34.74,  34.72,  34.76,  34.82,  34.84,  34.85,  34.85,  34.85,  34.80,  34.76,  34.73,  34.73,  34.75,  34.71,  34.75
20231216, 1800,  , DB,  6.7N, 131.4E,  20, 1006,    0,    0,    0,    0,    0,    0,    0,    0,    0,    0,    0,    0, -999,  34.74,  34.74,  34.74,  34.75,  34.74,  34.73,  34.72,  34.75,  34.72,  34.73,  34.75,  34.75,  34.72,  34.76,  34.73,  34.73,  34.73,  34.71,  34.72,  34.74,  34.74,  34.73,  34.73,  34.70,  34.71,  34.72,  34.78,  34.80,  34.84,  34.80,  34.83
20231217, 0000,  , TD,  6.8N, 130.4E,  25, 1004,    0,    0,    0,    0,    0,    0,    0,    0,    0,    0,    0,    0, -999,  34.71,  34.71,  34.73,  34.76,  34.73,  34.73,  34.74,  34.73,  34.72,  34.71,  34.70,  34.68,  34.70,  34.68,  34.69,  34.71,  34.70,  34.70,  34.75,  34.71,  34.75,  34.75,  34.76,  34.74,  34.72,  34.75,  34.74,  34.73,  34.73,  34.74,  34.75
20231217, 0600,  , TD,  6.8N, 129.6E,  25, 1004,    0,    0,    0,    0,    0,    0,    0,    0,    0,    0,    0,    0, -999,  34.68,  34.70,  34.69,  34.71,  34.69,  34.69,  34.70,  34.71,  34.72,  34.71,  34.71,  34.70,  34.69,  34.68,  34.70,  34.69,  34.67,  34.68,  34.68,  34.67,  34.69,  34.74,  34.71,  34.76,  34.69,  34.76,  34.74,  34.71,  34.73,  34.73,  34.72
20231217, 1200,  , TD,  6.8N, 128.8E,  25, 1004,    0,    0,    0,    0,    0,    0,    0,    0,    0,    0,    0,    0, -999,  34.67,  34.68,  34.68,  34.71,  34.70,  34.72,  34.73,  34.75,  34.76,  34.71,  34.68,  34.71,  34.71,  34.71,  34.73,  34.72,  34.70,  34.69,  34.69,  34.69,  34.68,  34.70,  34.70,  34.71,  34.75,  34.76,  34.76,  34.75,  34.73,  34.73,  34.75
20231217, 1800,  , TD,  6.9N, 127.7E,  30, 1005,    0,    0,    0,    0,    0,    0,    0,    0,    0,    0,    0,    0, -999,  34.79,  34.77,  34.78,  34.70,  34.68,  34.71,  34.72,  34.69,  34.69,  34.71,  34.70,  34.72,  34.72,  34.75,  34.72,  34.71,  34.71,  34.73,  34.74,  34.74,  34.76,  34.80,  34.79,  34.80,  34.80,  34.80,  34.83,  34.85,  34.82,  34.84,  34.82
20231218, 0000,  , TD,  7.1N, 126.6E,  30, 1003,    0,    0,    0,    0,    0,    0,    0,    0,    0,    0,    0,    0, -999,    nan,    nan,    nan,    nan,    nan,    nan,    nan,    nan,    nan,    nan,    nan,    nan,    nan,    nan,    nan,    nan,    nan,    nan,    nan,    nan,    nan,    nan,    nan,    nan,    nan,    nan,    nan,    nan,    nan,    nan,    nan
20231218, 0600,  , TD,  7.2N, 125.9E,  25, 1003,    0,    0,    0,    0,    0,    0,    0,    0,    0,    0,    0,    0, -999,    nan,    nan,    nan,    nan,    nan,    nan,    nan,    nan,    nan,    nan,    nan,    nan,    nan,    nan,    nan,    nan,    nan,    nan,    nan,    nan,    nan,    nan,    nan,    nan,    nan,    nan,    nan,    nan,    nan,    nan,    nan
20231218, 1200,  , DB,  7.1N, 125.2E,  20, 1000,    0,    0,    0,    0,    0,    0,    0,    0,    0,    0,    0,    0, -999,    nan,    nan,    nan,    nan,    nan,    nan,    nan,    nan,    nan,    nan,    nan,    nan,    nan,    nan,    nan,    nan,    nan,    nan,    nan,    nan,    nan,    nan,    nan,    nan,    nan,    nan,    nan,    nan,    nan,    nan,    nan
