WP191994,            UNNAMED,     44,
19940812, 0000,  , LO, 20.0N, 152.0E,  15,    0,    0,    0,    0,    0,    0,    0,    0,    0,    0,    0,    0,    0, -999,  26.40,  26.61,  26.94,  27.14,  27.29,  27.66,  27.81,  27.72,  27.64,  27.46,  27.54,  27.60,  27.58,  27.39,  27.09,  27.28,  27.95,  27.72,  27.63,  26.34,  25.46,  25.70,  25.36,  25.09,  25.02,  24.81,  24.89,  24.81,  24.66,  24.62,  24.51
19940812, 0600,  , LO, 19.8N, 151.0E,  15,    0,    0,    0,    0,    0,    0,    0,    0,    0,    0,    0,    0,    0, -999,  24.02,  24.23,  24.52,  24.73,  24.83,  25.39,  26.53,  26.45,  26.79,  26.49,  26.57,  26.62,  26.91,  27.11,  27.40,  27.41,  27.30,  27.15,  26.81,  26.64,  26.65,  26.60,  26.43,  27.22,  27.37,  27.36,  27.50,  27.51,  26.52,  26.10,  26.11
19940812, 1200,  , LO, 19.7N, 150.0E,  15,    0,    0,    0,    0,    0,    0,    0,    0,    0,    0,    0,    0,    0, -999,  22.24,  22.19,  22.10,  22.41,  22.58,  22.90,  23.61,  23.96,  24.23,  23.86,  23.88,  24.08,  24.16,  24.23,  24.42,  24.57,  25.09,  24.80,  25.29,  25.23,  25.68,  25.85,  25.88,  26.08,  26.34,  26.56,  27.32,  27.49,  27.36,  27.79,  27.93
19940812, 1800,  , LO, 19.5N, 149.1E,  20,    0,    0,    0,    0,    0,    0,    0,    0,    0,    0,    0,    0,    0, -999,  26.84,  26.66,  26.12,  26.04,  25.83,  25.57,  25.55,  25.59,  25.97,  25.71,  25.34,  25.75,  26.06,  26.20,  25.97,  25.32,  24.70,  24.20,  24.07,  23.88,  23.65,  24.08,  24.38,  24.75,  24.97,  25.46,  25.80,  25.75,  26.22,  25.95,  25.92
19940813, 0000,  , LO, 19.3N, 148.3E,  20,    0,    0,    0,    0,    0,    0,    0,    0,    0,    0,    0,    0,    0, -999,  28.31,  28.29,  28.47,  28.28,  28.13,  28.09,  28.16,  27.97,  27.75,  27.70,  27.60,  27.51,  27.29,  27.07,  26.98,  26.75,  26.28,  25.39,  25.28,  24.81,  24.49,  24.35,  24.23,  24.17,  24.24,  24.84,  25.13,  25.72,  25.65,  25.48,  25.52
19940813, 0600,  , LO, 19.1N, 147.6E,  20,    0,    0,    0,    0,    0,    0,    0,    0,    0,    0,    0,    0,    0, -999,  27.69,  27.69,  27.77,  27.53,  27.25,  27.08,  27.09,  27.09,  27.01,  27.11,  27.09,  27.16,  27.28,  26.96,  26.81,  26.74,  26.76,  26.48,  26.39,  25.96,  25.81,  25.80,  26.09,  26.68,  26.61,  26.54,  26.37,  26.26,  26.02,  25.82,  25.51
19940813, 1200,  , LO, 18.9N, 146.9E,  20,    0,    0,    0,    0,    0,    0,    0,    0,    0,    0,    0,    0,    0, -999,  27.56,  27.33,  27.51,  27.50,  27.51,  27.39,  27.39,  27.17,  27.06,  27.53,  27.44,  27.46,  27.53,  27.24,  27.17,  27.30,  26.93,  26.66,  26.71,  26.40,  26.48,  26.53,  26.61,  26.74,  26.83,  26.99,  26.66,  26.40,  26.56,  26.80,  27.06
19940813, 1800,  , LO, 18.6N, 146.3E,  25,    0,    0,    0,    0,    0,    0,    0,    0,    0,    0,    0,    0,    0, -999,  27.35,  27.33,  27.55,  27.57,  27.50,  27.50,  27.47,  27.32,  27.12,  27.41,  27.40,  27.48,  27.48,  27.44,  27.19,  27.46,  27.54,  27.39,  27.23,  27.13,  27.17,  26.82,  26.86,  26.98,  26.98,  26.84,  26.83,  26.65,  26.84,  27.01,  27.13
19940814, 0000,  , LO, 18.2N, 145.7E,  25,    0,    0,    0,    0,    0,    0,    0,    0,    0,    0,    0,    0,    0, -999,  27.64,  27.59,  27.46,  27.49,  27.29,  27.39,  27.46,  27.26,  27.70,  27.39,  27.11,  27.23,  27.31,  27.32,  27.41,  27.34,  27.30,  27.37,  27.30,  27.58,  27.23,  27.56,  27.44,  27.23,  27.30,  27.18,  27.40,  27.25,  27.15,  26.90,  26.90
19940814, 0600,  , LO, 18.0N, 145.0E,  25,    0,    0,    0,    0,    0,    0,    0,    0,    0,    0,    0,    0,    0, -999,  27.35,  27.29,  27.35,  27.36,  27.40,  27.52,  27.64,  27.45,  27.83,  27.55,  27.38,  27.27,  27.04,  27.00,  27.09,  26.78,  26.73,  26.91,  26.92,  26.98,  27.26,  27.37,  27.44,  27.47,  27.52,  27.58,  27.76,  27.92,  27.79,  27.66,  27.53
19940814, 1200,  , LO, 17.9N, 144.2E,  30,    0,    0,    0,    0,    0,    0,    0,    0,    0,    0,    0,    0,    0, -999,  27.85,  27.88,  28.18,  28.01,  27.73,  27.45,  27.59,  27.63,  27.49,  27.34,  27.56,  27.85,  27.66,  27.37,  27.23,  27.26,  27.07,  26.74,  26.35,  26.57,  26.87,  26.87,  27.07,  27.17,  27.27,  27.32,  27.43,  27.54,  27.61,  27.63,  27.79
19940814, 1800,  , LO, 18.0N, 143.4E,  30,    0,    0,    0,    0,    0,    0,    0,    0,    0,    0,    0,    0,    0, -999,  27.28,  27.44,  27.55,  27.57,  27.47,  27.56,  27.61,  27.68,  27.76,  27.84,  27.50,  27.31,  27.49,  27.73,  27.70,  27.44,  27.04,  26.73,  26.45,  26.78,  26.67,  26.70,  26.75,  26.58,  26.91,  27.06,  27.22,  27.28,  27.40,  27.52,  27.61
19940815, 0000,  , TS, 18.1N, 142.5E,  35,    0,    0,    0,    0,    0,    0,    0,    0,    0,    0,    0,    0,    0, -999,  27.30,  27.58,  27.58,  27.78,  27.84,  27.56,  27.30,  27.23,  27.24,  27.28,  27.31,  27.45,  27.59,  27.49,  27.21,  26.49,  26.22,  26.21,  26.37,  26.64,  26.46,  26.27,  26.36,  26.87,  26.63,  27.08,  27.32,  27.23,  27.38,  27.67,  27.85
19940815, 0600,  , TS, 18.2N, 141.5E,  40,    0,    0,    0,    0,    0,    0,    0,    0,    0,    0,    0,    0,    0, -999,  26.41,  26.34,  26.56,  26.73,  26.95,  26.99,  27.25,  27.46,  27.64,  28.09,  27.90,  27.88,  27.72,  27.59,  27.40,  26.66,  26.59,  26.52,  26.78,  26.82,  26.71,  26.48,  26.26,  26.38,  26.59,  26.69,  27.00,  26.92,  26.93,  26.97,  27.61
19940815, 1200,  , TS, 18.2N, 140.4E,  45,    0,    0,    0,    0,    0,    0,    0,    0,    0,    0,    0,    0,    0, -999,  26.19,  26.16,  25.63,  25.43,  25.50,  25.57,  25.70,  25.81,  26.11,  27.03,  27.30,  27.69,  27.52,  26.85,  26.56,  26.11,  26.12,  26.36,  26.73,  26.63,  26.32,  26.12,  26.35,  26.48,  26.75,  26.63,  26.43,  26.16,  26.20,  26.27,  26.37
19940815, 1800,  , TS, 18.1N, 139.3E,  50,    0,    0,    0,    0,    0,    0,    0,    0,    0,    0,    0,    0,    0, -999,  26.81,  26.38,  26.52,  26.66,  26.21,  26.46,  26.36,  26.22,  26.45,  26.08,  25.78,  25.72,  25.89,  24.91,  24.82,  25.64,  25.03,  24.94,  25.49,  25.43,  25.67,  25.60,  25.34,  25.78,  26.64,  26.62,  25.82,  25.55,  25.86,  25.77,  25.97
19940816, 0000,  , TS, 17.9N, 138.4E,  55,    0,    0,    0,    0,    0,    0,    0,    0,    0,    0,    0,    0,    0, -999,  27.34,  27.22,  27.17,  27.37,  27.60,  27.14,  26.95,  26.55,  26.06,  26.08,  25.55,  24.66,  24.13,  24.45,  24.45,  24.71,  24.32,  24.27,  24.48,  25.09,  25.24,  25.15,  25.41,  25.26,  25.24,  25.56,  26.15,  26.68,  26.02,  25.79,  25.39
19940816, 0600,  , TS, 17.7N, 137.6E,  60,    0,    0,    0,    0,    0,    0,    0,    0,    0,    0,    0,    0,    0, -999,  27.94,  28.14,  28.02,  28.14,  28.27,  28.70,  28.33,  28.07,  27.53,  27.25,  27.30,  27.09,  27.01,  26.89,  26.81,  27.53,  27.00,  27.11,  25.04,  25.47,  26.19,  26.10,  26.10,  26.06,  26.28,  26.51,  25.53,  25.59,  25.91,  26.12,  26.00
19940816, 1200,  , HU, 17.5N, 136.8E,  65,    0,    0,    0,    0,    0,    0,    0,    0,    0,    0,    0,    0,    0, -999,  28.38,  28.83,  28.69,  28.78,  29.04,  29.44,  29.21,  28.30,  28.10,  27.83,  28.36,  28.42,  28.16,  28.42,  28.34,  28.60,  28.29,  27.88,  27.60,  27.39,  27.51,  27.62,  27.72,  27.38,  27.45,  27.10,  27.43,  27.59,  27.38,  27.19,  26.99
19940816, 1800,  , HU, 17.4N, 135.9E,  70,    0,    0,    0,    0,    0,    0,    0,    0,    0,    0,    0,    0,    0, -999,  26.54,  26.27,  26.30,  26.54,  28.53,  28.41,  28.33,  27.73,  27.62,  27.43,  27.39,  27.75,  27.75,  27.73,  27.73,  27.75,  27.34,  27.95,  27.82,  28.20,  28.04,  28.15,  28.33,  28.21,  27.83,  27.29,  27.42,  27.28,  27.43,  27.53,  27.46
19940817, 0000,  , HU, 17.6N, 135.0E,  80,    0,    0,    0,    0,    0,    0,    0,    0,    0,    0,    0,    0,    0, -999,  24.93,  25.24,  25.24,  24.93,  24.89,  25.29,  23.81,  24.98,  25.45,  26.26,  27.02,  26.94,  27.28,  27.19,  26.26,  26.09,  27.66,  27.68,  27.77,  27.12,  27.53,  28.00,  28.23,  28.31,  27.48,  27.41,  27.07,  27.08,  27.08,  26.97,  26.98
19940817, 0600,  , HU, 18.0N, 134.1E,  85,    0,    0,    0,    0,    0,    0,    0,    0,    0,    0,    0,    0,    0, -999,  24.42,  24.95,  24.68,  25.42,  24.23,  24.80,  24.14,  24.40,  23.80,  23.38,  24.98,  24.80,  25.48,  26.82,  26.11,  25.05,  24.76,  25.25,  24.26,  25.67,  25.57,  26.87,  27.96,  28.30,  26.82,  24.84,  25.17,  25.32,  25.82,  25.24,  25.06
19940817, 1200,  , HU, 18.4N, 133.2E,  90,    0,    0,    0,    0,    0,    0,    0,    0,    0,    0,    0,    0,    0, -999,  26.20,  25.89,  25.03,  25.25,  25.58,  24.72,  24.83,  24.15,  24.21,  25.04,  24.96,  25.78,  24.77,  24.78,  23.69,  22.59,  21.78,  22.19,  22.32,  23.45,  23.77,  24.02,  23.95,  23.89,  23.65,  23.69,  24.01,  24.04,  24.14,  24.35,  24.43
19940817, 1800,  , HU, 18.7N, 132.3E,  90,    0,    0,    0,    0,    0,    0,    0,    0,    0,    0,    0,    0,    0, -999,  25.77,  25.71,  26.39,  25.24,  25.79,  26.23,  25.96,  25.37,  25.15,  24.51,  25.83,  25.95,  27.83,  27.21,  26.40,  26.67,  24.73,  25.09,  24.13,  24.11,  25.41,  24.20,  25.04,  24.40,  24.05,  24.23,  24.06,  24.56,  24.75,  24.70,  25.44
19940818, 0000,  , HU, 19.0N, 131.4E,  95,    0,    0,    0,    0,    0,    0,    0,    0,    0,    0,    0,    0,    0, -999,  26.56,  26.27,  26.03,  26.77,  28.22,  28.37,  28.70,  29.12,  28.79,  28.69,  27.48,  27.41,  27.33,  26.94,  27.11,  27.20,  27.33,  27.70,  27.49,  26.75,  26.56,  26.96,  27.14,  25.09,  26.39,  26.57,  25.93,  25.59,  25.58,  25.84,  26.42
19940818, 0600,  , HU, 19.5N, 130.6E, 100,    0,    0,    0,    0,    0,    0,    0,    0,    0,    0,    0,    0,    0, -999,  26.89,  25.75,  25.88,  25.84,  25.82,  27.36,  27.23,  27.46,  27.72,  27.43,  26.65,  26.24,  25.66,  25.92,  26.24,  26.26,  25.94,  26.05,  26.15,  25.72,  25.70,  25.54,  25.56,  25.89,  26.37,  26.14,  25.97,  25.96,  26.35,  26.21,  24.90
19940818, 1200,  , HU, 20.1N, 129.8E, 110,    0,    0,    0,    0,    0,    0,    0,    0,    0,    0,    0,    0,    0, -999,  25.89,  25.32,  25.43,  25.87,  25.86,  28.19,  27.59,  27.44,  27.65,  27.28,  26.26,  25.87,  25.58,  25.43,  26.62,  27.00,  25.86,  26.29,  25.97,  25.69,  25.14,  25.35,  25.18,  25.74,  26.51,  26.57,  26.73,  27.12,  27.19,  26.15,  25.97
19940818, 1800,  , HU, 20.7N, 128.8E, 115,    0,    0,    0,    0,    0,    0,    0,    0,    0,    0,    0,    0,    0, -999,  27.48,  27.09,  27.41,  27.36,  27.91,  27.69,  28.08,  26.95,  27.35,  28.05,  27.92,  26.23,  28.17,  27.95,  27.76,  27.52,  25.54,  24.32,  25.71,  27.43,  26.25,  25.43,  25.88,  26.67,  26.70,  26.38,  26.46,  26.52,  26.05,  25.90,  26.02
19940819, 0000,  , HU, 21.2N, 127.8E, 120,    0,    0,    0,    0,    0,    0,    0,    0,    0,    0,    0,    0,    0, -999,  23.77,  23.67,  23.88,  28.35,  26.26,  27.21,  27.14,  27.22,  25.44,  24.61,  25.02,  24.52,  24.08,  24.70,  24.89,  22.17,  21.57,  21.61,  23.09,  24.32,  25.45,  26.83,  26.80,  24.86,  25.11,  25.92,  25.57,  26.36,  26.24,  25.94,  25.99
19940819, 0600,  , HU, 21.7N, 126.9E, 125,    0,    0,    0,    0,    0,    0,    0,    0,    0,    0,    0,    0,    0, -999,  24.67,  25.19,  24.73,  24.84,  26.32,  24.82,  24.14,  25.61,  25.16,  25.34,  25.46,  25.92,  26.71,  26.75,  26.53,  26.23,  24.44,  26.87,  26.03,  25.51,  27.06,  26.41,  23.91,  25.58,  26.02,  26.14,  26.20,  25.71,  24.64,  24.43,  25.53
19940819, 1200,  , HU, 22.1N, 126.1E, 130,    0,    0,    0,    0,    0,    0,    0,    0,    0,    0,    0,    0,    0, -999,  26.07,  26.15,  25.66,  25.59,  28.14,  27.45,  27.17,  27.98,  27.66,  27.56,  27.42,  27.45,  27.01,  26.94,  26.79,  27.29,  27.58,  27.64,  27.62,  27.44,  27.46,  27.60,  26.39,  24.97,  24.56,  24.96,  25.14,  25.36,  25.65,  26.88,  26.59
19940819, 1800,  , HU, 22.5N, 125.5E, 130,    0,    0,    0,    0,    0,    0,    0,    0,    0,    0,    0,    0,    0, -999,  26.60,  26.13,  26.07,  28.18,  27.27,  27.29,  28.30,  28.39,  28.27,  28.25,  27.91,  27.70,  26.59,  26.53,  26.65,  27.28,  27.92,  27.29,  27.11,  27.23,  27.09,  26.62,  24.55,  25.03,  25.03,  25.75,  25.98,  25.82,  25.49,  26.79,  26.67
19940820, 0000,  , HU, 22.9N, 124.9E, 125,    0,    0,    0,    0,    0,    0,    0,    0,    0,    0,    0,    0,    0, -999,  29.16,  28.52,  29.00,  26.44,  26.47,  26.23,  26.01,  26.05,  26.30,  28.05,  27.55,  27.08,  27.54,  27.77,  27.60,  27.53,  27.81,  27.15,  27.09,  27.46,  27.96,  26.70,  26.90,  26.68,  26.67,  26.36,  26.39,  25.89,  26.05,  26.75,  26.96
19940820, 0600,  , HU, 23.6N, 124.6E, 125,    0,    0,    0,    0,    0,    0,    0,    0,    0,    0,    0,    0,    0, -999,  26.87,  27.22,  27.44,  27.53,  27.65,  27.46,  27.00,  26.25,  26.91,  27.63,  27.88,  27.71,  26.77,  26.89,  27.38,  27.05,  25.91,  27.66,  27.16,  26.67,  27.83,  27.34,  26.88,  26.63,  26.35,  26.14,  25.77,  24.75,  25.84,  26.67,  26.54
19940820, 1200,  , HU, 24.5N, 124.5E, 120,    0,    0,    0,    0,    0,    0,    0,    0,    0,    0,    0,    0,    0, -999,  25.72,  25.91,  25.68,  23.39,  26.54,  26.26,  26.06,  25.29,  25.79,  26.62,  26.77,  26.60,  26.04,  26.48,  27.03,  27.29,  23.96,  26.77,  26.51,  26.28,  25.44,  25.50,  25.51,  25.46,  25.79,  25.18,  25.27,  25.86,  26.58,  25.94,  25.33
19940820, 1800,  , HU, 25.4N, 123.9E, 115,    0,    0,    0,    0,    0,    0,    0,    0,    0,    0,    0,    0,    0, -999,  24.51,  26.46,  28.18,  27.97,  25.59,  25.65,  24.49,  24.32,  24.45,  23.91,  23.42,  23.50,  23.42,  24.43,  24.76,  25.41,  24.85,  25.45,  24.13,  23.59,  25.96,  26.21,  26.26,  25.96,  25.58,  25.43,  26.64,  26.71,  27.94,  27.63,  28.03
19940821, 0000,  , HU, 26.2N, 123.1E, 105,    0,    0,    0,    0,    0,    0,    0,    0,    0,    0,    0,    0,    0, -999,  22.93,  21.59,  20.96,  18.88,  18.23,  17.68,  16.20,  16.61,  23.93,  26.73,  24.82,  23.40,  22.20,  22.03,  21.64,  20.77,  21.82,  21.04,  20.89,  20.74,  21.02,  21.75,  22.29,  22.16,  21.82,  21.87,  22.55,  22.62,  22.45,  21.68,  21.79
19940821, 0600,  , HU, 26.9N, 122.3E, 100,    0,    0,    0,    0,    0,    0,    0,    0,    0,    0,    0,    0,    0, -999,  17.28,  17.36,  17.32,  17.49,  17.50,  17.65,  17.78,  17.73,  17.21,  16.49,  16.29,  16.38,  16.40,  16.26,  16.63,  16.45,  17.27,  17.09,  16.78,  16.66,  16.54,  16.97,  17.49,  16.61,  17.40,  18.63,  19.03,  18.91,  18.53,  18.35,  18.15
19940821, 1200,  , HU, 27.5N, 121.3E,  90,    0,    0,    0,    0,    0,    0,    0,    0,    0,    0,    0,    0,    0, -999,    nan,    nan,    nan,    nan,    nan,    nan,    nan,    nan,    nan,    nan,    nan,    nan,    nan,    nan,    nan,    nan,    nan,    nan,    nan,    nan,    nan,    nan,    nan,    nan,    nan,    nan,    nan,    nan,    nan,    nan,    nan
19940821, 1800,  , HU, 28.1N, 120.1E,  80,    0,    0,    0,    0,    0,    0,    0,    0,    0,    0,    0,    0,    0, -999,    nan,    nan,    nan,    nan,    nan,    nan,    nan,    nan,    nan,    nan,    nan,    nan,    nan,    nan,    nan,    nan,    nan,    nan,    nan,    nan,    nan,    nan,    nan,    nan,    nan,    nan,    nan,    nan,    nan,    nan,    nan
19940822, 0000,  , TS, 28.7N, 118.8E,  55,    0,    0,    0,    0,    0,    0,    0,    0,    0,    0,    0,    0,    0, -999,    nan,    nan,    nan,    nan,    nan,    nan,    nan,    nan,    nan,    nan,    nan,    nan,    nan,    nan,    nan,    nan,    nan,    nan,    nan,    nan,    nan,    nan,    nan,    nan,    nan,    nan,    nan,    nan,    nan,    nan,    nan
19940822, 0600,  , TS, 29.3N, 117.5E,  40,    0,    0,    0,    0,    0,    0,    0,    0,    0,    0,    0,    0,    0, -999,    nan,    nan,    nan,    nan,    nan,    nan,    nan,    nan,    nan,    nan,    nan,    nan,    nan,    nan,    nan,    nan,    nan,    nan,    nan,    nan,    nan,    nan,    nan,    nan,    nan,    nan,    nan,    nan,    nan,    nan,    nan
19940822, 1200,  , LO, 29.9N, 116.2E,  25,    0,    0,    0,    0,    0,    0,    0,    0,    0,    0,    0,    0,    0, -999,    nan,    nan,    nan,    nan,    nan,    nan,    nan,    nan,    nan,    nan,    nan,    nan,    nan,    nan,    nan,    nan,    nan,    nan,    nan,    nan,    nan,    nan,    nan,    nan,    nan,    nan,    nan,    nan,    nan,    nan,    nan
19940822, 1800,  , LO, 30.5N, 114.9E,  20,    0,    0,    0,    0,    0,    0,    0,    0,    0,    0,    0,    0,    0, -999,    nan,    nan,    nan,    nan,    nan,    nan,    nan,    nan,    nan,    nan,    nan,    nan,    nan,    nan,    nan,    nan,    nan,    nan,    nan,    nan,    nan,    nan,    nan,    nan,    nan,    nan,    nan,    nan,    nan,    nan,    nan
