WP192009,              PARMA,     72,
20090927, 0000,  , DB,  9.9N, 147.5E,  15, 1008,    0,    0,    0,    0,    0,    0,    0,    0,    0,    0,    0,    0, -999,  34.46,  34.52,  34.45,  34.46,  34.49,  34.52,  34.49,  34.55,  34.53,  34.59,  34.59,  34.62,  34.53,  34.53,  34.63,  34.64,  34.62,  34.62,  34.49,  34.48,  34.48,  34.50,  34.54,  34.56,  34.52,  34.51,  34.45,  34.33,  34.39,  34.43,  34.49
20090927, 0600,  , DB,  9.9N, 146.9E,  15, 1006,    0,    0,    0,    0,    0,    0,    0,    0,    0,    0,    0,    0, -999,  34.41,  34.42,  34.43,  34.45,  34.49,  34.55,  34.57,  34.58,  34.55,  34.55,  34.45,  34.47,  34.48,  34.50,  34.58,  34.57,  34.58,  34.56,  34.44,  34.39,  34.36,  34.33,  34.42,  34.51,  34.56,  34.63,  34.48,  34.47,  34.52,  34.52,  34.53
20090927, 1200,  , TD,  9.7N, 146.2E,  25, 1004,    0,    0,    0,    0,    0,    0,    0,    0,    0,    0,    0,    0, -999,  34.44,  34.40,  34.37,  34.40,  34.43,  34.42,  34.41,  34.58,  34.63,  34.60,  34.60,  34.59,  34.59,  34.44,  34.38,  34.38,  34.47,  34.50,  34.44,  34.44,  34.45,  34.39,  34.32,  34.45,  34.51,  34.79,  34.85,  34.72,  34.51,  34.60,  34.70
20090927, 1800,  , TD,  9.5N, 145.5E,  30, 1000,    0,    0,    0,    0,    0,    0,    0,    0,    0,    0,    0,    0, -999,  34.52,  34.53,  34.34,  34.38,  34.38,  34.40,  34.43,  34.41,  34.58,  34.52,  34.54,  34.53,  34.60,  34.45,  34.39,  34.29,  34.31,  34.33,  34.34,  34.35,  34.37,  34.33,  34.31,  34.37,  34.49,  34.61,  34.63,  34.67,  34.45,  34.55,  34.80
20090928, 0000,  , TD,  9.4N, 144.7E,  30, 1000,    0,    0,    0,    0,    0,    0,    0,    0,    0,    0,    0,    0, -999,  34.47,  34.44,  34.52,  34.66,  34.56,  34.47,  34.36,  34.53,  34.55,  34.64,  34.69,  34.54,  34.50,  34.50,  34.41,  34.36,  34.32,  34.30,  34.25,  34.22,  34.21,  34.20,  34.21,  34.25,  34.33,  34.31,  34.37,  34.46,  34.47,  34.52,  34.48
20090928, 0600,  , TD,  9.3N, 143.9E,  30, 1000,    0,    0,    0,    0,    0,    0,    0,    0,    0,    0,    0,    0, -999,  34.42,  34.39,  34.42,  34.41,  34.41,  34.40,  34.44,  34.62,  34.69,  34.86,  34.98,  34.77,  34.64,  34.59,  34.52,  34.47,  34.43,  34.38,  34.38,  34.38,  34.36,  34.32,  34.34,  34.43,  34.32,  34.26,  34.29,  34.41,  34.42,  34.46,  34.45
20090928, 1200,  , TS,  9.3N, 142.5E,  35,  996,    0,    0,    0,    0,    0,    0,    0,    0,    0,    0,    0,    0, -999,  34.65,  34.69,  34.56,  34.59,  34.53,  34.55,  34.58,  34.61,  34.56,  34.70,  34.72,  34.58,  34.52,  34.58,  34.55,  34.56,  34.53,  34.48,  34.47,  34.47,  34.70,  34.65,  34.63,  34.63,  34.50,  34.53,  34.61,  34.58,  34.54,  34.51,  34.48
20090928, 1800,  , TS,  8.8N, 141.2E,  35,  996,    0,    0,    0,    0,    0,    0,    0,    0,    0,    0,    0,    0, -999,  34.25,  34.27,  34.32,  34.36,  34.34,  34.30,  34.29,  34.26,  34.32,  34.51,  34.81,  34.74,  34.63,  34.50,  34.58,  34.42,  34.43,  34.42,  34.51,  34.51,  34.95,  34.48,  34.40,  34.65,  34.29,  34.42,  34.40,  34.49,  34.31,  34.32,  34.49
20090929, 0000,  , TS,  8.2N, 139.8E,  40,  994,   35,   25,   25,   25,    0,    0,    0,    0,    0,    0,    0,    0, -999,  34.17,  34.20,  34.22,  34.19,  34.14,  34.10,  34.05,  34.13,  34.16,  34.16,  34.14,  34.10,  34.10,  34.11,  34.17,  34.28,  34.21,  34.28,  34.45,  34.54,  34.64,  34.65,  34.62,  34.57,  34.58,  34.59,  34.61,  34.59,  34.59,  34.41,  34.31
20090929, 0600,  , TS,  7.9N, 139.0E,  45,  989,   35,   25,   25,   25,    0,    0,    0,    0,    0,    0,    0,    0, -999,  34.27,  34.19,  34.17,  34.19,  34.30,  34.44,  34.46,  34.53,  34.53,  34.51,  34.48,  34.49,  34.54,  34.57,  34.45,  34.37,  34.41,  34.52,  34.19,  34.18,  34.31,  34.48,  34.58,  34.55,  34.51,  34.50,  34.51,  34.45,  34.57,  34.51,  34.47
20090929, 1200,  , TS,  8.1N, 138.2E,  45,  989,   35,   25,   25,   25,    0,    0,    0,    0,    0,    0,    0,    0, -999,  34.48,  34.43,  34.32,  34.34,  34.35,  34.39,  34.47,  34.48,  34.51,  34.50,  34.53,  34.57,  34.60,  34.60,  34.59,  34.54,  34.76,  34.68,  34.56,  34.37,  34.34,  34.35,  34.37,  34.27,  34.23,  34.27,  34.49,  34.37,  34.30,  34.52,  34.47
20090929, 1800,  , TS,  8.2N, 137.4E,  55,  982,   50,   35,   30,   40,   20,   20,   20,   20,    0,    0,    0,    0, -999,  34.31,  34.39,  34.38,  34.43,  34.44,  34.43,  34.39,  34.36,  34.34,  34.40,  34.47,  34.55,  34.56,  34.59,  34.63,  34.64,  34.58,  34.69,  34.42,  34.60,  34.59,  34.53,  34.65,  34.59,  34.43,  34.49,  34.58,  34.57,  34.41,  34.34,  34.29
20090930, 0000,  , HU,  9.1N, 136.6E,  70,  970,   40,   45,   70,   60,   25,   25,   25,   25,    0,    0,    0,    0, -999,  34.42,  34.42,  34.45,  34.51,  34.59,  34.56,  34.58,  34.44,  34.41,  34.44,  34.44,  34.44,  34.42,  34.48,  34.44,  34.71,  34.63,  34.57,  34.56,  34.57,  34.50,  34.64,  34.52,  34.40,  34.57,  34.46,  34.26,  34.62,  34.53,  34.49,  34.58
20090930, 0600,  , HU, 10.0N, 135.4E,  85,  959,   50,   55,   75,   65,   30,   30,   30,   30,   10,   10,   10,   10, -999,  34.47,  34.42,  34.42,  34.43,  34.44,  34.42,  34.53,  34.47,  34.51,  34.58,  34.48,  34.47,  34.55,  34.51,  34.55,  34.57,  34.52,  34.44,  34.39,  34.42,  34.28,  34.55,  34.46,  34.54,  34.47,  34.26,  34.21,  34.43,  34.34,  34.50,  34.49
20090930, 1200,  , HU, 10.6N, 133.9E,  90,  956,   50,   55,   75,   65,   30,   30,   30,   30,   10,   10,   10,   10, -999,  34.34,  34.40,  34.41,  34.46,  34.73,  34.68,  34.80,  34.73,  34.63,  34.55,  34.56,  34.45,  34.42,  34.41,  34.41,  34.43,  34.47,  34.55,  34.67,  34.71,  34.70,  34.76,  34.61,  34.67,  34.59,  34.54,  34.58,  34.52,  34.69,  34.76,  34.60
20090930, 1800,  , HU, 11.2N, 132.4E, 105,  944,   70,   60,   60,   65,   30,   30,   30,   30,   10,   10,   10,   10, -999,  34.67,  34.58,  34.41,  34.31,  34.31,  34.29,  34.56,  34.28,  34.49,  34.46,  34.53,  34.48,  34.54,  34.57,  34.59,  34.62,  34.52,  34.37,  34.23,  34.30,  34.04,  34.11,  34.19,  34.54,  34.70,  34.90,  34.96,  34.97,  35.05,  35.11,  35.04
20091001, 0000,  , HU, 11.9N, 130.9E, 135,  922,  100,   90,   90,   95,   60,   55,   55,   60,   30,   30,   30,   30, -999,  34.77,  34.60,  34.44,  34.51,  34.39,  34.70,  34.63,  34.65,  34.58,  34.54,  34.69,  34.41,  34.78,  34.48,  34.82,  34.40,  34.79,  34.50,  34.57,  34.18,  34.11,  34.01,  34.19,  34.31,  34.20,  34.34,  34.24,  34.64,  34.40,  34.84,  34.94
20091001, 0600,  , HU, 12.4N, 129.7E, 125,  929,  145,  120,   90,  145,   75,   70,   55,   70,   50,   50,   35,   45, -999,  34.37,  34.33,  34.19,  34.15,  34.20,  34.25,  34.42,  34.29,  34.43,  34.33,  34.75,  34.84,  34.90,  34.41,  34.52,  34.41,  34.82,  34.61,  34.61,  34.59,  34.81,  34.76,  34.75,  34.61,  34.67,  34.60,  34.75,  34.81,  34.42,  34.78,  34.83
20091001, 1200,  , HU, 13.1N, 128.6E, 115,  937,  165,  120,  120,  165,  100,   80,   70,   85,   60,   55,   45,   50, -999,  34.22,  34.16,  34.16,  34.13,  34.18,  34.15,  34.14,  34.26,  34.26,  34.24,  34.21,  34.18,  34.16,  34.17,  34.09,  34.08,  34.20,  34.06,  34.55,  34.11,  34.55,  34.21,  34.15,  34.24,  34.54,  34.30,  34.66,  34.32,  34.36,  34.21,  34.53
20091001, 1800,  , HU, 13.9N, 127.4E, 100,  948,  200,  190,  175,  210,  120,  110,  105,  130,   70,   60,   55,   80, -999,  34.20,  34.23,  34.14,  34.10,  34.08,  34.03,  33.99,  34.09,  34.15,  34.17,  34.16,  34.21,  34.22,  34.19,  34.13,  34.16,  34.13,  34.30,  34.19,  34.31,  34.19,  34.15,  34.17,  34.18,  34.12,  34.09,  34.06,  34.10,  34.12,  33.99,  33.98
20091002, 0000,  , HU, 14.6N, 126.3E, 100,  948,  200,  190,  175,  210,  120,  110,  105,  130,   70,   60,   55,   80, -999,  34.37,  34.43,  34.42,  34.44,  34.40,  34.40,  34.41,  34.39,  34.36,  34.31,  34.28,  34.31,  34.29,  34.25,  34.21,  34.16,  34.27,  34.30,  34.39,  34.27,  34.45,  34.34,  34.44,  34.34,  34.34,  34.34,  34.31,  34.32,  34.28,  34.32,  34.22
20091002, 0600,  , HU, 15.4N, 125.4E, 100,  948,  200,  190,  175,  210,  120,  110,  105,  130,   70,   60,   55,   80, -999,  34.41,  34.41,  34.43,  34.39,  34.36,  34.37,  34.43,  34.38,  34.31,  34.32,  34.28,  34.26,  34.21,  34.19,  34.25,  34.25,  34.31,  34.31,  34.38,  34.35,  34.33,  34.36,  34.52,  34.51,  34.58,  34.42,  34.41,  34.30,  34.28,  34.25,  34.23
20091002, 1200,  , HU, 16.0N, 124.6E,  95,  952,  200,  190,  175,  210,  120,  110,  105,  130,   70,   60,   55,   80, -999,  34.39,  34.36,  34.36,  34.36,  34.27,  34.26,  34.28,  34.30,  34.29,  34.28,  34.32,  34.34,  34.33,  34.30,  34.27,  34.21,  34.14,  34.11,  34.14,  34.16,  34.18,  34.19,  34.20,  34.27,  34.26,  34.24,  34.24,  34.21,  34.24,  34.24,  34.24
20091002, 1800,  , HU, 16.6N, 123.8E,  90,  956,  200,  190,  175,  210,  120,  110,  105,  130,   70,   60,   55,   80, -999,  34.38,  34.31,  34.31,  34.21,  34.06,  34.24,  34.23,  34.17,  34.19,  34.32,  34.33,  34.35,  34.26,  34.25,  34.27,  34.30,  34.30,  34.29,  34.28,  34.33,  34.35,  34.35,  34.35,  34.41,  34.35,  34.53,  34.39,  34.33,  34.37,  34.37,  34.38
20091003, 0000,  , HU, 17.3N, 123.0E,  90,  956,  150,  165,  105,  170,   70,   70,   50,   50,   35,   35,   35,   35, -999,  34.33,  34.28,  34.30,  34.28,  34.34,  34.35,  34.35,  34.30,  34.22,  34.22,  34.18,  34.11,  33.99,  33.95,  34.07,  34.34,  34.30,  34.40,  34.73,  34.63,  34.82,  34.78,  34.51,  34.53,  34.49,  34.48,  34.42,  34.46,  34.50,  34.47,  34.44
20091003, 0600,  , HU, 17.8N, 122.1E,  80,  963,  110,  100,  105,  120,   55,   45,   40,   50,   35,   35,   30,   25, -999,    nan,    nan,    nan,    nan,    nan,    nan,    nan,    nan,    nan,    nan,    nan,    nan,    nan,    nan,    nan,    nan,    nan,    nan,    nan,    nan,    nan,    nan,    nan,    nan,    nan,    nan,    nan,    nan,    nan,    nan,    nan
20091003, 1200,  , HU, 18.2N, 121.2E,  75,  967,   95,   90,  120,  120,   55,   40,   40,   50,   40,   30,   30,   35, -999,    nan,    nan,    nan,    nan,    nan,    nan,    nan,    nan,    nan,    nan,    nan,    nan,    nan,    nan,    nan,    nan,    nan,    nan,    nan,    nan,    nan,    nan,    nan,    nan,    nan,    nan,    nan,    nan,    nan,    nan,    nan
20091003, 1800,  , HU, 18.6N, 120.7E,  65,  974,   95,   90,  135,  140,   35,   40,   40,   40,    0,    0,    0,    0, -999,  33.84,  33.95,  34.02,  34.04,  34.04,  34.07,  34.01,  33.97,  33.90,  34.09,  34.05,  33.84,  33.60,  33.55,  33.43,  33.63,  33.75,  33.53,  33.48,  33.42,  33.76,  33.93,  33.78,  33.36,  33.40,  33.39,  33.51,  33.82,  33.91,  33.80,  33.65
20091004, 0000,  , HU, 18.7N, 120.1E,  65,  974,  120,   90,  135,  140,   35,   40,   40,   40,    0,    0,    0,    0, -999,  33.40,  33.41,  33.42,  33.48,  33.51,  33.47,  33.45,  33.56,  33.83,  33.79,  33.91,  33.96,  33.90,  33.64,  33.44,  33.43,  33.40,  33.44,  33.58,  33.29,  33.65,  33.58,  33.59,  33.65,  33.43,  33.35,  33.28,  33.33,  33.55,  33.69,  33.48
20091004, 0600,  , HU, 19.3N, 119.9E,  65,  974,  130,  110,  120,  125,   60,   55,   50,   50,   40,   40,   35,   40, -999,  33.42,  33.43,  33.42,  33.42,  33.42,  33.43,  33.41,  33.38,  33.37,  33.38,  33.39,  33.43,  33.47,  33.35,  33.28,  33.26,  33.24,  33.34,  34.00,  33.59,  33.30,  33.24,  33.23,  33.29,  33.28,  33.30,  33.34,  33.38,  33.41,  33.48,  33.46
20091004, 1200,  , TS, 19.9N, 119.8E,  60,  978,  130,   85,  130,  125,   55,   50,   50,   55,    0,    0,    0,    0, -999,  33.43,  33.44,  33.47,  33.47,  33.48,  33.47,  33.40,  33.34,  33.30,  33.31,  33.33,  33.31,  33.32,  33.32,  33.30,  33.28,  33.28,  33.21,  33.85,  33.70,  33.11,  33.20,  33.26,  33.20,  33.09,  33.00,  33.00,  33.03,  33.16,  33.33,  33.27
20091004, 1800,  , TS, 20.1N, 119.3E,  55,  982,  130,   85,  120,  110,   25,   25,   25,   25,    0,    0,    0,    0, -999,  33.53,  33.59,  33.61,  33.55,  33.52,  33.51,  33.40,  33.34,  33.36,  33.37,  33.38,  33.35,  33.32,  33.30,  33.30,  33.29,  33.29,  33.20,  33.10,  33.64,  33.09,  33.22,  33.22,  33.16,  33.05,  32.98,  33.03,  33.14,  33.37,  33.48,  33.50
20091005, 0000,  , TS, 20.2N, 119.4E,  55,  982,  130,   85,  110,  125,   25,   25,   25,   25,    0,    0,    0,    0, -999,  33.59,  33.61,  33.55,  33.52,  33.51,  33.40,  33.34,  33.36,  33.37,  33.38,  33.35,  33.32,  33.30,  33.30,  33.29,  33.29,  33.20,  33.10,  33.64,  33.09,  33.22,  33.22,  33.16,  33.05,  32.98,  33.03,  33.14,  33.37,  33.48,  33.50,  33.43
20091005, 0600,  , TS, 20.3N, 119.5E,  55,  982,   85,   85,   80,  120,   35,   35,   35,   35,    0,    0,    0,    0, -999,  33.50,  33.52,  33.48,  33.46,  33.46,  33.39,  33.35,  33.35,  33.36,  33.38,  33.36,  33.34,  33.33,  33.30,  33.29,  33.28,  33.20,  33.10,  33.03,  33.01,  33.14,  33.21,  33.20,  33.31,  33.51,  33.66,  33.64,  33.46,  33.44,  33.55,  33.47
20091005, 1200,  , TS, 20.1N, 119.7E,  55,  982,   85,   85,   95,  115,   35,   35,   35,   35,    0,    0,    0,    0, -999,  33.42,  33.43,  33.44,  33.48,  33.49,  33.41,  33.34,  33.34,  33.35,  33.36,  33.35,  33.33,  33.32,  33.30,  33.30,  33.31,  33.23,  33.11,  33.05,  33.08,  33.17,  33.23,  33.23,  33.41,  33.30,  33.29,  33.00,  33.15,  33.40,  33.39,  33.35
20091005, 1800,  , TS, 19.8N, 120.0E,  55,  982,   85,   85,   95,  115,   35,   35,   35,   35,    0,    0,    0,    0, -999,  33.50,  33.50,  33.45,  33.38,  33.37,  33.32,  33.26,  33.23,  33.24,  33.26,  33.27,  33.28,  33.29,  33.27,  33.23,  33.22,  33.43,  34.33,  33.96,  33.17,  33.55,  33.21,  33.21,  33.16,  33.23,  33.29,  33.29,  33.36,  33.38,  33.34,  33.33
20091006, 0000,  , TS, 19.4N, 120.2E,  55,  982,   85,   85,   95,  115,   35,   35,   35,   35,    0,    0,    0,    0, -999,  33.42,  33.42,  33.41,  33.41,  33.37,  33.32,  33.34,  33.35,  33.35,  33.35,  33.36,  33.34,  33.35,  33.39,  33.36,  33.20,  34.17,  33.40,  33.35,  33.66,  33.18,  33.27,  33.36,  33.28,  33.22,  33.26,  33.35,  33.42,  33.40,  33.43,  33.46
20091006, 0600,  , TS, 18.9N, 120.7E,  55,  982,   85,   85,   85,   75,   45,   35,   40,   45,    0,    0,    0,    0, -999,  33.89,  33.91,  34.04,  34.05,  34.02,  33.95,  33.99,  33.91,  33.89,  33.73,  33.43,  33.39,  33.49,  33.66,  33.65,  33.47,  33.44,  33.62,  33.76,  33.65,  33.54,  33.47,  33.46,  33.49,  33.66,  33.72,  33.55,  33.64,  33.84,  33.57,  33.48
20091006, 1200,  , TS, 18.5N, 120.9E,  55,  982,   85,   85,   85,   75,   45,   35,   40,   45,    0,    0,    0,    0, -999,    nan,    nan,    nan,    nan,    nan,    nan,    nan,    nan,    nan,    nan,    nan,    nan,    nan,    nan,    nan,    nan,    nan,    nan,    nan,    nan,    nan,    nan,    nan,    nan,    nan,    nan,    nan,    nan,    nan,    nan,    nan
20091006, 1800,  , TS, 18.0N, 121.2E,  35,  996,   30,   30,   30,   30,    0,    0,    0,    0,    0,    0,    0,    0, -999,    nan,    nan,    nan,    nan,    nan,    nan,    nan,    nan,    nan,    nan,    nan,    nan,    nan,    nan,    nan,    nan,    nan,    nan,    nan,    nan,    nan,    nan,    nan,    nan,    nan,    nan,    nan,    nan,    nan,    nan,    nan
20091007, 0000,  , TS, 17.5N, 121.6E,  35,  996,   30,   30,   30,   30,    0,    0,    0,    0,    0,    0,    0,    0, -999,    nan,    nan,    nan,    nan,    nan,    nan,    nan,    nan,    nan,    nan,    nan,    nan,    nan,    nan,    nan,    nan,    nan,    nan,    nan,    nan,    nan,    nan,    nan,    nan,    nan,    nan,    nan,    nan,    nan,    nan,    nan
20091007, 0600,  , TS, 17.8N, 122.2E,  35,  996,   30,   30,   30,   30,    0,    0,    0,    0,    0,    0,    0,    0, -999,  34.10,  34.05,  34.03,  33.99,  33.89,  33.86,  33.83,  33.88,  33.95,  34.00,  34.12,  34.16,  34.15,  34.31,  34.26,  34.30,  34.27,  34.37,  34.33,  34.35,  34.37,  34.37,  34.39,  34.38,  34.43,  34.47,  34.52,  34.52,  34.49,  34.44,  34.41
20091007, 1200,  , TS, 17.9N, 122.6E,  35,  996,   30,   30,   30,   30,    0,    0,    0,    0,    0,    0,    0,    0, -999,  34.33,  34.31,  34.23,  34.23,  34.19,  34.16,  34.16,  34.15,  34.10,  34.03,  34.02,  34.04,  34.03,  34.06,  34.53,  34.17,  34.77,  34.98,  34.87,  34.80,  34.47,  34.56,  34.52,  34.48,  34.60,  34.55,  34.54,  34.50,  34.44,  34.40,  34.38
20091007, 1800,  , TS, 17.7N, 122.6E,  35,  996,   30,   30,   30,   30,    0,    0,    0,    0,    0,    0,    0,    0, -999,  34.36,  34.28,  34.28,  34.26,  34.21,  34.21,  34.20,  34.20,  34.20,  34.16,  34.14,  34.07,  34.07,  34.12,  34.67,  34.27,  34.72,  34.90,  34.84,  34.59,  34.50,  34.50,  34.48,  34.46,  34.54,  34.53,  34.52,  34.47,  34.46,  34.43,  34.41
20091008, 0000,  , TD, 17.5N, 122.3E,  30, 1000,    0,    0,    0,    0,    0,    0,    0,    0,    0,    0,    0,    0, -999,  34.13,  34.08,  34.05,  33.92,  33.92,  34.02,  33.91,  33.99,  34.00,  34.16,  34.11,  34.23,  34.29,  34.35,  34.38,  34.25,  34.32,  34.35,  34.41,  34.43,  34.41,  34.39,  34.39,  34.42,  34.45,  34.41,  34.41,  34.40,  34.37,  34.37,  34.38
20091008, 0600,  , TD, 17.1N, 121.8E,  30, 1000,    0,    0,    0,    0,    0,    0,    0,    0,    0,    0,    0,    0, -999,    nan,    nan,    nan,    nan,    nan,    nan,    nan,    nan,    nan,    nan,    nan,    nan,    nan,    nan,    nan,    nan,    nan,    nan,    nan,    nan,    nan,    nan,    nan,    nan,    nan,    nan,    nan,    nan,    nan,    nan,    nan
20091008, 1200,  , TD, 16.9N, 121.1E,  30, 1000,    0,    0,    0,    0,    0,    0,    0,    0,    0,    0,    0,    0, -999,    nan,    nan,    nan,    nan,    nan,    nan,    nan,    nan,    nan,    nan,    nan,    nan,    nan,    nan,    nan,    nan,    nan,    nan,    nan,    nan,    nan,    nan,    nan,    nan,    nan,    nan,    nan,    nan,    nan,    nan,    nan
20091008, 1800,  , TD, 17.0N, 120.4E,  30,  997,    0,    0,    0,    0,    0,    0,    0,    0,    0,    0,    0,    0, -999,    nan,    nan,    nan,    nan,    nan,    nan,    nan,    nan,    nan,    nan,    nan,    nan,    nan,    nan,    nan,    nan,    nan,    nan,    nan,    nan,    nan,    nan,    nan,    nan,    nan,    nan,    nan,    nan,    nan,    nan,    nan
20091009, 0000,  , TD, 17.1N, 119.9E,  30, 1000,    0,    0,    0,    0,    0,    0,    0,    0,    0,    0,    0,    0, -999,  33.45,  33.40,  33.31,  33.28,  33.26,  33.27,  33.31,  33.36,  33.32,  33.32,  33.33,  33.34,  33.30,  33.29,  33.18,  33.15,  33.14,  33.10,  33.12,  33.16,  33.19,  33.19,  33.21,  33.26,  33.31,  33.35,  33.43,  33.53,  33.42,  33.35,  33.33
20091009, 0600,  , TD, 17.2N, 119.5E,  30, 1000,    0,    0,    0,    0,    0,    0,    0,    0,    0,    0,    0,    0, -999,  33.49,  33.45,  33.29,  33.26,  33.25,  33.27,  33.20,  33.22,  33.26,  33.36,  33.37,  33.28,  33.27,  33.26,  33.11,  33.25,  33.15,  33.13,  33.15,  33.22,  33.25,  33.17,  33.13,  33.19,  33.28,  33.36,  33.47,  33.44,  33.37,  33.35,  33.33
20091009, 1200,  , TD, 17.2N, 119.2E,  30, 1000,    0,    0,    0,    0,    0,    0,    0,    0,    0,    0,    0,    0, -999,  33.58,  33.49,  33.30,  33.24,  33.21,  33.21,  33.25,  33.30,  33.29,  33.29,  33.31,  33.24,  33.27,  33.22,  33.14,  33.20,  33.22,  33.17,  33.20,  33.22,  33.26,  33.24,  33.21,  33.19,  33.30,  33.40,  33.54,  33.50,  33.39,  33.44,  33.36
20091009, 1800,  , TD, 17.1N, 119.0E,  30, 1000,    0,    0,    0,    0,    0,    0,    0,    0,    0,    0,    0,    0, -999,  33.69,  33.69,  33.30,  33.17,  33.17,  33.13,  33.18,  33.33,  33.31,  33.27,  33.32,  33.32,  33.35,  33.30,  33.22,  33.22,  33.24,  33.17,  33.17,  33.21,  33.23,  33.20,  33.24,  33.27,  33.32,  33.39,  33.50,  33.51,  33.36,  33.38,  33.42
20091010, 0000,  , TD, 17.1N, 118.7E,  30, 1000,    0,    0,    0,    0,    0,    0,    0,    0,    0,    0,    0,    0, -999,  33.39,  33.21,  33.15,  33.03,  32.99,  33.04,  33.06,  33.05,  33.09,  33.23,  33.25,  33.19,  33.26,  33.28,  33.24,  33.26,  33.20,  33.21,  33.24,  33.27,  33.27,  33.29,  33.30,  33.27,  33.25,  33.38,  33.37,  33.37,  33.36,  33.30,  33.27
20091010, 0600,  , TD, 18.0N, 118.1E,  30, 1000,    0,    0,    0,    0,    0,    0,    0,    0,    0,    0,    0,    0, -999,  33.38,  33.33,  33.22,  33.20,  33.25,  33.32,  33.50,  33.52,  33.65,  33.47,  33.41,  33.48,  33.36,  33.24,  33.21,  33.27,  33.27,  33.26,  33.22,  33.18,  33.23,  33.20,  33.20,  33.16,  33.15,  33.24,  33.28,  33.32,  33.33,  33.30,  33.23
20091010, 1200,  , TD, 18.3N, 116.8E,  30, 1002,    0,    0,    0,    0,    0,    0,    0,    0,    0,    0,    0,    0, -999,  33.36,  33.54,  33.46,  33.21,  33.42,  33.49,  33.45,  33.56,  33.46,  33.36,  33.33,  33.32,  33.29,  33.24,  33.24,  33.30,  33.31,  33.34,  33.38,  33.34,  33.26,  33.19,  33.20,  33.22,  33.25,  33.29,  33.33,  33.37,  33.39,  33.37,  33.36
20091010, 1800,  , TD, 17.9N, 115.2E,  30, 1000,    0,    0,    0,    0,    0,    0,    0,    0,    0,    0,    0,    0, -999,  33.67,  33.65,  33.62,  34.38,  33.53,  33.48,  33.46,  33.58,  33.55,  33.62,  33.64,  33.66,  33.66,  33.59,  33.53,  33.55,  33.53,  33.57,  33.59,  33.72,  33.69,  33.56,  33.49,  33.47,  33.43,  33.38,  33.38,  33.32,  33.28,  33.28,  33.28
20091011, 0000,  , TS, 17.7N, 114.0E,  35,  996,    0,    0,    0,    0,    0,    0,    0,    0,    0,    0,    0,    0, -999,  33.48,  33.53,  33.66,  33.66,  33.64,  33.65,  33.79,  33.68,  33.70,  33.67,  33.61,  34.11,  33.79,  34.02,  33.88,  33.57,  34.01,  33.73,  33.62,  33.93,  33.72,  34.06,  34.14,  33.85,  33.84,  33.64,  33.72,  33.83,  33.66,  33.66,  33.63
20091011, 0600,  , TS, 17.9N, 113.0E,  45,  989,   40,   40,   40,   40,    0,    0,    0,    0,    0,    0,    0,    0, -999,  33.53,  33.39,  33.46,  34.09,  33.97,  34.11,  33.55,  33.59,  33.57,  33.57,  33.63,  33.65,  33.66,  33.64,  33.63,  33.62,  33.52,  33.57,  33.78,  33.80,  33.72,  33.66,  33.63,  33.70,  33.71,  33.70,  33.71,  33.81,  33.87,  33.62,  33.40
20091011, 1200,  , TS, 18.1N, 112.2E,  45,  989,   50,   55,   45,   45,    0,    0,    0,    0,    0,    0,    0,    0, -999,  34.23,  34.27,  34.59,  33.86,  34.05,  34.45,  33.93,  33.73,  33.83,  33.74,  33.52,  33.55,  33.59,  33.60,  33.68,  33.70,  33.65,  33.61,  33.87,  33.79,  33.55,  33.61,  33.55,  33.58,  33.60,  33.61,  33.64,  33.62,  33.58,  33.57,  33.55
20091011, 1800,  , TS, 18.5N, 111.6E,  45,  989,   50,   55,   45,   45,    0,    0,    0,    0,    0,    0,    0,    0, -999,  33.96,  33.56,  33.48,  33.54,  33.95,  34.51,  34.47,  34.47,  34.58,  34.29,  34.05,  33.63,  33.54,  33.55,  33.55,  33.57,  33.63,  33.74,  33.70,  33.71,  33.72,  33.75,  33.73,  33.72,  33.70,  33.68,  33.66,  33.64,  33.61,  33.59,  33.58
20091012, 0000,  , TS, 19.1N, 110.9E,  35,  996,   50,   55,   45,   45,    0,    0,    0,    0,    0,    0,    0,    0, -999,  33.80,  33.83,  33.69,  33.64,  33.66,  33.67,  33.67,  33.63,  33.58,  33.58,  33.63,  33.61,  33.55,  33.52,  33.52,  33.52,  33.50,  33.51,  33.50,  33.41,  33.49,  33.56,  33.61,  33.66,  33.64,  33.62,  33.65,  33.60,  33.58,  33.56,  33.52
20091012, 0600,  , TS, 19.4N, 110.1E,  35, 1000,   50,   55,   45,   45,    0,    0,    0,    0,    0,    0,    0,    0, -999,    nan,    nan,    nan,    nan,    nan,    nan,    nan,    nan,    nan,    nan,    nan,    nan,    nan,    nan,    nan,    nan,    nan,    nan,    nan,    nan,    nan,    nan,    nan,    nan,    nan,    nan,    nan,    nan,    nan,    nan,    nan
20091012, 1200,  , TS, 19.7N, 109.4E,  45,  989,   50,   55,   45,   45,    0,    0,    0,    0,    0,    0,    0,    0, -999,    nan,    nan,    nan,    nan,    nan,    nan,    nan,    nan,    nan,    nan,    nan,    nan,    nan,    nan,    nan,    nan,    nan,    nan,    nan,    nan,    nan,    nan,    nan,    nan,    nan,    nan,    nan,    nan,    nan,    nan,    nan
20091012, 1800,  , TS, 19.8N, 108.9E,  45,  989,   50,   55,   45,   45,    0,    0,    0,    0,    0,    0,    0,    0, -999,    nan,    nan,    nan,    nan,    nan,    nan,    nan,    nan,    nan,    nan,    nan,    nan,    nan,    nan,    nan,    nan,    nan,    nan,    nan,    nan,    nan,    nan,    nan,    nan,    nan,    nan,    nan,    nan,    nan,    nan,    nan
20091013, 0000,  , TS, 20.1N, 108.5E,  45,  989,   30,   30,   30,   30,    0,    0,    0,    0,    0,    0,    0,    0, -999,  33.01,  33.01,  32.95,  32.92,  32.93,  32.93,  32.92,  32.89,  32.87,  32.85,  32.85,  32.87,  32.88,  32.89,  32.90,  32.85,  32.89,  32.89,  32.90,  32.90,  32.91,  32.89,  32.88,  32.86,  32.85,  32.87,  32.87,  32.86,  32.85,  32.86,  32.87
20091013, 0600,  , TS, 20.2N, 108.1E,  55,  982,   35,   35,   35,   35,   15,   15,   15,   15,    0,    0,    0,    0, -999,  32.82,  32.82,  32.79,  32.80,  32.83,  32.86,  32.87,  32.87,  32.87,  32.87,  32.86,  32.86,  32.86,  32.85,  32.83,  32.79,  32.70,  32.65,  32.67,  32.69,  32.70,  32.70,  32.70,  32.69,  32.69,  32.70,  32.70,  32.71,  32.71,  32.71,  32.71
20091013, 1200,  , TS, 20.4N, 107.7E,  60,  978,   40,   40,   40,   40,   10,   10,   10,   10,    0,    0,    0,    0, -999,    nan,    nan,    nan,    nan,    nan,    nan,    nan,    nan,    nan,    nan,    nan,    nan,    nan,    nan,    nan,    nan,    nan,    nan,    nan,    nan,    nan,    nan,    nan,    nan,    nan,    nan,    nan,    nan,    nan,    nan,    nan
20091013, 1800,  , TS, 20.4N, 107.4E,  55,  982,   50,   40,   45,   40,   10,   10,   10,   10,    0,    0,    0,    0, -999,    nan,    nan,    nan,    nan,    nan,    nan,    nan,    nan,    nan,    nan,    nan,    nan,    nan,    nan,    nan,    nan,    nan,    nan,    nan,    nan,    nan,    nan,    nan,    nan,    nan,    nan,    nan,    nan,    nan,    nan,    nan
20091014, 0000,  , TS, 20.4N, 107.1E,  50,  985,   60,   50,   50,   35,    0,    0,    0,    0,    0,    0,    0,    0, -999,    nan,    nan,    nan,    nan,    nan,    nan,    nan,    nan,    nan,    nan,    nan,    nan,    nan,    nan,    nan,    nan,    nan,    nan,    nan,    nan,    nan,    nan,    nan,    nan,    nan,    nan,    nan,    nan,    nan,    nan,    nan
20091014, 0600,  , TS, 20.4N, 106.8E,  45,  989,   45,   50,   45,   35,    0,    0,    0,    0,    0,    0,    0,    0, -999,    nan,    nan,    nan,    nan,    nan,    nan,    nan,    nan,    nan,    nan,    nan,    nan,    nan,    nan,    nan,    nan,    nan,    nan,    nan,    nan,    nan,    nan,    nan,    nan,    nan,    nan,    nan,    nan,    nan,    nan,    nan
20091014, 1200,  , TS, 20.6N, 106.5E,  35,  996,   45,   50,   45,   35,    0,    0,    0,    0,    0,    0,    0,    0, -999,    nan,    nan,    nan,    nan,    nan,    nan,    nan,    nan,    nan,    nan,    nan,    nan,    nan,    nan,    nan,    nan,    nan,    nan,    nan,    nan,    nan,    nan,    nan,    nan,    nan,    nan,    nan,    nan,    nan,    nan,    nan
20091014, 1800,  , DB, 20.9N, 106.4E,  20, 1007,    0,    0,    0,    0,    0,    0,    0,    0,    0,    0,    0,    0, -999,    nan,    nan,    nan,    nan,    nan,    nan,    nan,    nan,    nan,    nan,    nan,    nan,    nan,    nan,    nan,    nan,    nan,    nan,    nan,    nan,    nan,    nan,    nan,    nan,    nan,    nan,    nan,    nan,    nan,    nan,    nan
