WP202014,               NURI,     34,
20141030, 0000,  , DB, 13.2N, 140.7E,  15, 1008,    0,    0,    0,    0,    0,    0,    0,    0,    0,    0,    0,    0, -999,  27.05,  26.53,  26.46,  27.00,  26.48,  27.07,  27.57,  27.42,  27.55,  26.44,  26.74,  27.04,  25.80,  25.12,  26.07,  25.85,  25.52,  25.53,  25.79,  25.81,  24.79,  25.14,  25.28,  25.41,  25.68,  24.26,  24.63,  25.32,  26.80,  26.36,  26.16
20141030, 0600,  , DB, 13.2N, 139.6E,  20, 1005,    0,    0,    0,    0,    0,    0,    0,    0,    0,    0,    0,    0, -999,  27.09,  26.64,  26.08,  25.94,  25.55,  25.70,  26.16,  26.69,  26.99,  26.98,  27.05,  27.30,  26.89,  26.55,  26.55,  26.09,  25.91,  25.90,  25.69,  25.61,  25.56,  24.98,  25.46,  25.33,  24.95,  25.09,  24.79,  25.64,  25.85,  24.92,  24.95
20141030, 1200,  , DB, 12.9N, 138.6E,  20, 1007,    0,    0,    0,    0,    0,    0,    0,    0,    0,    0,    0,    0, -999,  26.12,  27.22,  26.94,  27.23,  26.27,  25.29,  25.11,  24.64,  25.13,  26.01,  26.76,  26.97,  27.21,  26.12,  26.40,  26.69,  26.09,  25.81,  26.05,  26.11,  26.76,  25.23,  25.38,  26.39,  26.11,  25.87,  25.89,  25.17,  25.10,  24.72,  24.85
20141030, 1800,  , TD, 12.5N, 137.6E,  25, 1004,    0,    0,    0,    0,    0,    0,    0,    0,    0,    0,    0,    0, -999,  26.82,  27.29,  26.68,  26.32,  26.15,  25.75,  27.05,  26.26,  25.73,  26.51,  26.34,  26.20,  26.29,  24.83,  24.97,  25.87,  24.90,  25.60,  25.70,  25.34,  25.60,  24.88,  25.35,  25.10,  25.70,  27.04,  26.06,  26.59,  25.99,  25.31,  25.69
20141031, 0000,  , TD, 12.4N, 136.9E,  30, 1000,    0,    0,    0,    0,    0,    0,    0,    0,    0,    0,    0,    0, -999,  27.33,  26.89,  27.53,  26.96,  25.32,  26.76,  25.65,  25.24,  26.57,  26.10,  26.64,  26.68,  24.65,  25.26,  24.91,  25.14,  25.32,  25.28,  25.02,  25.68,  24.84,  25.68,  25.53,  25.52,  25.45,  25.08,  27.05,  26.81,  26.26,  25.49,  25.27
20141031, 0600,  , TD, 12.6N, 136.2E,  30, 1000,    0,    0,    0,    0,    0,    0,    0,    0,    0,    0,    0,    0, -999,  26.61,  27.23,  26.80,  27.00,  25.22,  25.82,  25.13,  25.88,  26.51,  25.93,  25.89,  25.59,  23.58,  24.51,  24.61,  25.99,  26.87,  26.67,  25.41,  25.75,  25.43,  25.51,  26.20,  24.05,  26.05,  25.79,  25.32,  26.21,  24.90,  26.20,  25.92
20141031, 1200,  , TS, 12.8N, 135.3E,  35,  996,    0,    0,    0,    0,    0,    0,    0,    0,    0,    0,    0,    0, -999,  25.93,  26.79,  25.97,  27.07,  26.53,  25.77,  24.94,  26.39,  26.84,  26.02,  26.68,  25.91,  24.24,  25.20,  25.20,  24.98,  24.71,  26.78,  23.60,  24.86,  25.55,  25.35,  25.61,  25.49,  25.43,  25.50,  24.00,  24.87,  24.87,  25.32,  24.95
20141031, 1800,  , TS, 12.9N, 134.7E,  45,  989,   45,   35,   35,   40,    0,    0,    0,    0,    0,    0,    0,    0, -999,  25.44,  26.07,  26.75,  27.05,  26.87,  26.56,  26.26,  27.29,  26.48,  26.13,  26.47,  26.25,  26.32,  26.16,  26.89,  26.94,  26.00,  27.62,  28.01,  28.37,  26.28,  24.88,  25.94,  26.78,  26.08,  25.49,  23.22,  25.82,  25.40,  26.01,  26.13
20141101, 0000,  , TS, 13.2N, 134.2E,  55,  982,   65,   55,   55,   60,   25,   25,   25,   25,    0,    0,    0,    0, -999,  26.53,  26.59,  26.75,  27.21,  26.53,  26.62,  26.39,  26.54,  26.61,  26.43,  26.58,  26.68,  26.43,  26.91,  26.39,  26.60,  26.77,  28.78,  28.87,  28.06,  26.04,  25.92,  26.62,  25.61,  26.95,  24.41,  25.46,  25.18,  25.62,  25.79,  26.97
20141101, 0600,  , TS, 13.6N, 133.9E,  60,  978,   65,   55,   55,   60,   25,   25,   25,   25,    0,    0,    0,    0, -999,  27.59,  28.23,  27.95,  28.20,  27.52,  27.76,  27.09,  26.55,  26.61,  25.37,  25.67,  26.94,  26.51,  27.87,  27.04,  27.57,  27.34,  27.49,  28.83,  28.51,  27.26,  27.11,  27.04,  26.41,  26.10,  26.34,  26.75,  26.69,  26.99,  26.93,  27.18
20141101, 1200,  , HU, 14.3N, 133.5E,  65,  974,   85,   70,   70,   80,   35,   25,   25,   30,    0,    0,    0,    0, -999,  25.54,  25.98,  25.79,  25.85,  25.76,  25.81,  26.56,  26.80,  27.08,  26.91,  25.83,  26.93,  26.97,  26.69,  27.03,  27.22,  26.63,  27.58,  27.71,  26.06,  28.08,  27.69,  27.93,  26.84,  26.86,  27.32,  27.01,  28.02,  27.77,  27.46,  27.76
20141101, 1800,  , HU, 14.9N, 133.1E,  80,  963,  110,  110,  100,  100,   45,   45,   40,   40,   25,   25,   25,   25, -999,  26.07,  26.69,  26.38,  25.82,  27.42,  26.77,  26.94,  26.84,  26.81,  26.28,  26.74,  27.06,  26.41,  26.66,  26.19,  27.21,  26.36,  26.67,  27.39,  25.85,  27.71,  26.80,  27.27,  25.24,  27.50,  27.49,  26.82,  26.21,  26.53,  26.54,  27.84
20141102, 0000,  , HU, 15.5N, 132.8E, 100,  948,  110,  110,  100,  100,   45,   45,   40,   40,   25,   25,   25,   25, -999,  27.33,  26.98,  26.54,  26.62,  27.68,  26.87,  26.98,  27.18,  27.03,  27.82,  28.81,  27.32,  28.25,  28.48,  28.21,  25.81,  27.23,  28.16,  27.03,  27.86,  27.13,  27.29,  26.95,  28.16,  27.88,  26.76,  27.09,  26.96,  27.25,  26.72,  26.88
20141102, 0600,  , HU, 16.3N, 132.7E, 120,  933,  140,  140,  110,  100,   55,   50,   40,   40,   25,   25,   25,   25, -999,  27.30,  27.30,  26.56,  26.57,  26.17,  27.23,  27.73,  27.36,  27.22,  27.64,  27.47,  27.00,  26.93,  26.27,  26.55,  25.67,  23.19,  28.13,  26.27,  27.68,  26.36,  27.76,  27.95,  28.08,  28.37,  26.89,  27.08,  26.99,  27.00,  27.32,  27.45
20141102, 1200,  , HU, 17.2N, 132.5E, 140,  918,  140,  140,   80,  110,   55,   50,   20,   40,   25,   25,   15,   15, -999,  24.91,  25.07,  25.71,  25.62,  25.95,  25.97,  25.68,  25.77,  25.47,  25.12,  26.06,  26.09,  26.39,  26.06,  26.33,  27.46,  24.60,  26.53,  24.57,  25.89,  25.47,  24.29,  25.50,  26.34,  25.48,  25.19,  24.73,  25.09,  25.15,  25.92,  24.13
20141102, 1800,  , HU, 17.9N, 132.4E, 155,  907,  170,  160,  140,  150,   85,   70,   65,   80,   45,   40,   40,   45, -999,  22.87,  23.06,  22.99,  23.93,  23.93,  23.39,  23.55,  23.66,  23.23,  23.29,  23.52,  24.00,  24.77,  25.59,  24.66,  24.11,  24.49,  24.80,  24.76,  26.14,  24.35,  24.17,  24.81,  25.55,  23.38,  23.43,  24.52,  23.57,  23.49,  24.15,  23.87
20141103, 0000,  , HU, 18.4N, 132.6E, 155,  907,  170,  190,  160,  175,   85,   70,   65,   80,   45,   40,   40,   45, -999,  23.05,  22.96,  22.78,  22.61,  22.25,  22.89,  23.04,  22.51,  22.07,  22.53,  22.90,  23.62,  25.07,  25.31,  25.33,  25.36,  25.45,  25.03,  26.04,  23.36,  24.15,  24.02,  24.95,  24.49,  23.17,  23.75,  23.14,  22.92,  23.54,  23.92,  24.83
20141103, 0600,  , HU, 19.0N, 132.9E, 155,  907,  165,  160,  140,  155,   85,   70,   65,   80,   35,   30,   25,   30, -999,  27.06,  24.14,  22.94,  23.22,  24.34,  24.37,  24.92,  23.58,  23.50,  25.03,  25.40,  27.83,  28.13,  26.93,  26.39,  28.25,  25.13,  25.92,  26.71,  23.27,  23.17,  23.32,  24.40,  24.60,  24.02,  23.59,  23.75,  22.94,  23.88,  24.33,  24.63
20141103, 1200,  , HU, 19.8N, 133.6E, 150,  911,  145,  175,  140,  160,   75,   85,   60,   65,   35,   30,   25,   30, -999,  26.43,  26.18,  25.11,  27.11,  27.10,  26.76,  26.86,  26.95,  27.71,  27.09,  26.89,  27.55,  27.88,  27.63,  27.70,  28.48,  25.17,  27.62,  26.89,  26.10,  27.23,  26.47,  27.63,  26.57,  25.50,  25.96,  26.33,  26.67,  26.91,  26.21,  27.17
20141103, 1800,  , HU, 20.5N, 134.3E, 145,  914,  190,  175,  190,  145,   85,   80,   70,   80,   45,   40,   35,   45, -999,  27.53,  27.46,  27.64,  27.98,  27.59,  27.95,  28.25,  28.53,  28.12,  27.68,  27.64,  27.57,  27.41,  27.44,  27.55,  26.74,  25.38,  26.33,  26.60,  23.45,  23.99,  25.17,  24.94,  26.94,  25.19,  25.80,  24.32,  23.20,  23.19,  23.66,  25.72
20141104, 0000,  , HU, 21.3N, 135.0E, 130,  926,  145,  140,  135,  140,   85,   80,   75,   75,   50,   45,   40,   45, -999,  26.62,  26.39,  27.58,  27.79,  26.72,  27.59,  27.56,  27.68,  25.77,  25.46,  26.17,  25.61,  25.88,  26.86,  27.18,  26.84,  22.58,  24.67,  23.60,  22.55,  21.23,  20.84,  20.83,  20.85,  20.93,  21.06,  21.32,  21.82,  21.71,  22.24,  22.58
20141104, 0600,  , HU, 22.2N, 135.6E, 125,  929,  185,  160,  170,  190,   85,   80,   75,   75,   50,   45,   40,   45, -999,  24.67,  24.32,  25.09,  23.89,  24.35,  25.34,  24.69,  24.18,  24.29,  24.21,  24.27,  23.41,  23.16,  22.95,  23.26,  24.47,  23.53,  23.96,  24.84,  24.43,  22.77,  21.77,  22.66,  23.26,  23.03,  23.20,  23.36,  22.55,  21.51,  21.88,  22.01
20141104, 1200,  , HU, 23.1N, 136.2E, 115,  937,  145,  160,  160,  185,   70,   85,   75,   80,   50,   45,   40,   45, -999,  19.91,  20.23,  19.66,  19.88,  19.78,  20.36,  20.67,  20.84,  21.13,  21.51,  21.70,  21.90,  21.03,  21.55,  22.01,  22.18,  21.06,  23.45,  24.55,  24.23,  22.38,  21.28,  23.05,  22.58,  21.73,  21.03,  22.33,  22.56,  23.48,  24.15,  22.35
20141104, 1500,  , HU, 23.6N, 136.7E, 115,  937,  145,  160,  160,  185,   70,   85,   75,   80,   50,   45,   40,   45, -999,  20.44,  20.69,  20.53,  20.42,  20.14,  20.51,  20.90,  21.14,  21.04,  21.55,  22.68,  24.45,  22.98,  23.26,  23.12,  23.87,  23.62,  24.16,  24.53,  23.89,  23.58,  22.18,  22.94,  23.43,  22.68,  23.75,  22.77,  21.86,  22.30,  24.09,  23.58
20141104, 1800,  , HU, 24.0N, 136.9E, 105,  944,  160,  160,  160,  130,   80,   80,   75,   70,   50,   45,   40,   45, -999,  21.08,  21.32,  20.51,  21.00,  22.31,  20.39,  21.56,  22.29,  21.94,  23.02,  24.36,  25.22,  23.14,  23.61,  23.85,  25.01,  23.30,  25.16,  24.81,  24.67,  24.21,  23.11,  23.39,  23.16,  23.62,  22.82,  23.85,  24.53,  24.62,  24.82,  25.07
20141104, 2100,  , HU, 24.3N, 137.2E, 105,  944,  160,  160,  160,  130,   80,   80,   75,   70,   50,   45,   40,   45, -999,  21.97,  22.56,  22.35,  22.25,  23.25,  22.08,  22.68,  23.51,  22.87,  22.45,  24.08,  24.69,  23.34,  23.95,  24.00,  23.99,  23.18,  25.76,  24.92,  25.57,  24.61,  23.90,  23.55,  23.27,  23.55,  23.52,  25.32,  25.62,  24.85,  25.08,  24.82
20141105, 0000,  , HU, 24.6N, 137.5E, 100,  948,  120,  135,  130,  110,   65,   65,   60,   70,   40,   40,   25,   35, -999,  23.06,  23.38,  23.19,  22.76,  22.77,  22.48,  22.54,  22.49,  22.07,  23.73,  24.16,  23.59,  23.74,  23.58,  24.15,  24.78,  25.89,  26.39,  26.73,  25.84,  23.98,  23.82,  23.17,  24.34,  23.39,  25.06,  24.22,  23.24,  23.96,  24.41,  21.67
20141105, 0600,  , HU, 25.4N, 137.9E,  90,  956,  135,  135,  125,  135,   75,   75,   75,   75,   45,   45,   40,   45, -999,  22.67,  24.21,  24.50,  24.72,  24.48,  24.16,  24.29,  24.02,  23.73,  23.51,  22.24,  22.44,  22.39,  22.71,  22.15,  24.94,  23.57,  22.95,  23.52,  23.12,  20.79,  20.70,  22.75,  23.24,  20.98,  22.59,  22.00,  21.52,  21.41,  21.32,  20.66
20141105, 0900,  , HU, 26.1N, 138.3E,  90,  956,  135,  135,  125,  135,   75,   75,   75,   75,   45,   45,   40,   45, -999,  21.98,  22.73,  23.05,  21.81,  21.25,  20.68,  22.59,  22.04,  21.89,  21.90,  20.99,  21.19,  21.54,  21.22,  20.98,  21.04,  20.55,  20.55,  20.19,  23.07,  21.84,  20.44,  20.42,  20.36,  20.80,  21.89,  21.34,  20.31,  19.58,  19.30,  19.47
20141105, 1200,  , HU, 26.5N, 138.6E,  80,  963,  155,  155,  145,  145,   80,   80,   70,   70,   40,   40,   35,   40, -999,  22.76,  22.72,  22.68,  21.26,  21.70,  21.04,  21.99,  21.11,  20.00,  20.29,  20.58,  20.59,  20.73,  20.24,  20.28,  20.37,  20.10,  21.03,  24.70,  23.26,  21.90,  21.08,  20.01,  19.59,  19.19,  19.38,  19.66,  18.96,  19.03,  18.94,  19.82
20141105, 1800,  , HU, 27.2N, 139.4E,  70,  970,  155,  155,  145,  145,   70,   70,   60,   60,   30,   30,   30,   30, -999,  19.17,  20.48,  21.12,  21.21,  20.41,  20.79,  19.84,  20.05,  20.96,  20.65,  19.25,  19.16,  20.75,  20.62,  20.34,  18.84,  17.97,  18.46,  19.37,  19.67,  19.25,  18.75,  19.70,  19.73,  19.49,  19.38,  19.41,  19.50,  19.80,  20.06,  19.55
20141106, 0000,  , TS, 28.4N, 140.5E,  55,  982,  135,  130,   85,   65,   75,   65,    0,    0,    0,    0,    0,    0, -999,  19.39,  19.06,  18.56,  19.28,  19.18,  20.42,  20.24,  20.38,  20.17,  19.82,  19.18,  19.23,  19.50,  20.15,  19.96,  20.86,  19.48,  19.47,  20.28,  21.37,  21.30,  20.90,  20.12,  20.08,  20.95,  20.91,  21.52,  23.00,  20.77,  20.20,  19.66
20141106, 0600,  , TS, 29.6N, 141.5E,  55,  982,  125,  125,   85,   65,   75,   65,    0,    0,    0,    0,    0,    0, -999,  19.40,  19.74,  19.91,  20.60,  20.54,  19.20,  18.99,  19.88,  19.59,  21.35,  20.79,  20.68,  21.36,  21.04,  20.70,  21.75,  21.42,  21.75,  23.00,  22.88,  22.80,  21.95,  20.86,  19.46,  18.77,  20.05,  20.75,  21.33,  21.33,  21.86,  21.74
20141106, 1200,  , EX, 31.8N, 143.3E,  45,  989,  125,  135,   85,   65,    0,    0,    0,    0,    0,    0,    0,    0, -999,  21.82,  21.99,  22.07,  21.98,  21.87,  21.79,  21.69,  21.41,  19.58,  20.39,  20.20,  18.86,  19.55,  19.65,  19.07,  19.82,  18.53,  18.64,  18.75,  17.62,  17.19,  17.52,  18.34,  19.93,  19.33,  19.90,  19.42,  19.39,  19.50,  21.03,  20.63
