WP202003,            UNNAMED,     33,
20031018, 1200,  , TD, 14.7N, 130.3E,  25, 1002,    0,    0,    0,    0,    0,    0,    0,    0,    0,    0,    0,    0, -999,  27.45,  26.76,  26.65,  26.78,  26.75,  26.82,  26.73,  26.74,  27.61,  27.22,  28.80,  29.34,  29.20,  28.81,  28.98,  27.97,  27.42,  26.15,  25.57,  25.73,  25.99,  25.29,  25.62,  25.99,  26.10,  25.98,  25.77,  25.47,  25.61,  25.57,  25.22
20031018, 1800,  , TD, 14.9N, 130.2E,  30, 1000,    0,    0,    0,    0,    0,    0,    0,    0,    0,    0,    0,    0, -999,  27.25,  27.14,  26.37,  26.27,  26.38,  26.93,  27.16,  26.82,  28.65,  27.89,  27.38,  28.79,  29.55,  26.38,  26.55,  26.29,  26.06,  25.96,  25.86,  25.81,  26.05,  26.10,  26.79,  26.52,  26.19,  25.94,  25.68,  25.32,  24.95,  25.13,  25.13
20031019, 0000,  , TS, 15.2N, 130.2E,  35,  997,   30,   30,   30,   30,    0,    0,    0,    0,    0,    0,    0,    0, -999,  26.79,  26.16,  26.09,  26.42,  27.04,  27.56,  27.59,  29.13,  28.06,  27.37,  26.39,  26.93,  25.87,  27.24,  26.95,  28.72,  27.00,  26.03,  25.06,  25.24,  25.70,  26.18,  25.59,  25.57,  25.00,  25.03,  24.87,  24.49,  25.15,  24.89,  25.16
20031019, 0600,  , TS, 15.3N, 130.3E,  40,  994,   45,   45,   45,   45,    0,    0,    0,    0,    0,    0,    0,    0, -999,  26.54,  26.12,  26.51,  26.68,  27.41,  27.75,  27.72,  28.37,  27.30,  27.22,  26.95,  26.77,  27.00,  29.25,  27.66,  29.02,  27.63,  26.46,  25.26,  25.12,  25.37,  25.69,  25.08,  25.34,  25.12,  25.11,  24.95,  24.68,  25.07,  24.91,  25.17
20031019, 1200,  , TS, 15.4N, 130.4E,  40,  994,   45,   45,   45,   45,    0,    0,    0,    0,    0,    0,    0,    0, -999,  26.52,  26.47,  26.62,  26.69,  27.46,  27.63,  27.52,  27.16,  27.22,  29.85,  29.80,  29.48,  28.95,  28.77,  25.97,  26.85,  26.71,  26.23,  25.20,  25.13,  25.33,  25.49,  25.00,  25.25,  25.04,  25.13,  24.90,  24.49,  24.76,  24.79,  24.94
20031019, 1800,  , TS, 15.5N, 130.6E,  45,  991,   45,   45,   45,   45,    0,    0,    0,    0,    0,    0,    0,    0, -999,  26.91,  26.59,  27.05,  27.15,  27.29,  26.41,  26.25,  26.53,  28.31,  29.77,  29.72,  29.46,  29.03,  29.05,  28.88,  28.78,  27.50,  26.15,  25.45,  24.84,  24.79,  24.96,  24.74,  25.39,  25.37,  25.11,  24.93,  24.67,  25.09,  25.54,  25.90
20031020, 0000,  , TS, 15.6N, 130.8E,  50,  987,   60,   80,   80,   80,    0,    0,    0,    0,    0,    0,    0,    0, -999,  27.02,  27.40,  26.68,  26.21,  25.92,  26.60,  28.94,  29.50,  29.57,  29.67,  29.36,  28.74,  28.93,  28.15,  26.06,  25.69,  25.86,  25.26,  24.78,  24.99,  25.19,  24.83,  25.46,  25.39,  25.16,  25.09,  25.05,  25.40,  25.75,  26.12,  26.46
20031020, 0600,  , TS, 15.7N, 131.0E,  55,  984,   60,   80,   80,   80,    0,    0,    0,    0,    0,    0,    0,    0, -999,  27.47,  27.37,  26.08,  26.13,  25.72,  27.40,  28.22,  29.46,  29.61,  29.79,  29.41,  28.96,  28.98,  25.77,  25.89,  26.21,  25.97,  24.99,  24.91,  25.21,  25.27,  24.93,  25.64,  25.41,  25.55,  25.77,  25.68,  25.75,  26.09,  26.43,  26.89
20031020, 1200,  , HU, 15.9N, 131.0E,  65,  976,   70,   85,   85,   85,    0,    0,    0,    0,    0,    0,    0,    0, -999,  27.42,  27.17,  25.94,  25.46,  25.87,  29.38,  29.30,  29.02,  29.41,  29.37,  29.25,  28.57,  28.91,  25.58,  25.87,  26.24,  26.07,  25.27,  25.12,  25.13,  25.28,  25.08,  25.77,  25.55,  25.29,  25.56,  25.63,  25.74,  26.04,  26.30,  26.74
20031020, 1800,  , HU, 16.2N, 131.0E,  80,  963,  135,  150,  150,  150,    0,    0,    0,    0,    0,    0,    0,    0, -999,  27.27,  26.57,  25.08,  27.58,  28.25,  28.61,  28.99,  26.50,  26.93,  27.17,  27.36,  26.76,  25.72,  25.55,  25.55,  25.43,  25.37,  25.44,  25.46,  25.41,  25.39,  25.27,  26.11,  25.86,  25.65,  25.38,  25.24,  25.78,  25.91,  26.03,  26.52
20031021, 0000,  , HU, 16.4N, 131.1E,  95,  949,  135,  150,  150,  150,    0,    0,    0,    0,    0,    0,    0,    0, -999,  26.57,  25.26,  29.33,  28.69,  29.08,  28.65,  26.35,  27.18,  26.81,  26.58,  26.38,  26.12,  26.28,  25.93,  25.39,  25.06,  25.07,  25.47,  25.67,  25.41,  25.31,  25.99,  26.16,  25.89,  25.52,  25.34,  25.50,  25.91,  25.94,  26.54,  26.38
20031021, 0600,  , HU, 16.6N, 131.2E, 115,  927,  135,  150,  150,  150,    0,    0,    0,    0,    0,    0,    0,    0, -999,  26.16,  26.39,  28.98,  28.82,  28.91,  27.85,  27.64,  28.44,  28.56,  27.04,  26.12,  26.07,  26.15,  26.37,  26.42,  26.10,  25.63,  25.50,  25.46,  25.66,  25.59,  26.06,  26.12,  26.47,  26.96,  25.92,  25.68,  26.32,  26.34,  26.08,  26.26
20031021, 1200,  , HU, 16.8N, 131.1E, 125,  916,  180,  180,  200,  180,    0,    0,    0,    0,    0,    0,    0,    0, -999,  27.29,  28.35,  28.86,  28.88,  29.14,  28.96,  29.01,  29.65,  29.57,  29.00,  27.95,  27.11,  26.78,  26.70,  26.59,  26.20,  26.04,  26.08,  26.04,  25.98,  25.69,  25.74,  25.58,  25.53,  25.76,  26.03,  25.78,  26.13,  26.23,  26.47,  26.16
20031021, 1800,  , HU, 17.1N, 131.1E, 125,  916,  180,  180,  200,  180,    0,    0,    0,    0,    0,    0,    0,    0, -999,  26.95,  28.07,  28.55,  28.73,  28.72,  29.06,  29.27,  29.68,  29.56,  29.47,  28.56,  27.51,  27.17,  26.70,  26.87,  26.24,  26.25,  25.98,  25.89,  26.17,  25.70,  25.91,  25.53,  25.18,  25.46,  26.03,  25.84,  26.16,  26.11,  26.54,  26.30
20031022, 0000,  , HU, 17.4N, 131.1E, 125,  916,  180,  180,  200,  180,    0,    0,    0,    0,    0,    0,    0,    0, -999,  26.89,  27.19,  27.63,  28.42,  28.97,  29.27,  29.69,  29.62,  29.53,  29.45,  28.07,  27.11,  26.98,  27.32,  26.86,  26.82,  26.27,  25.81,  25.92,  25.45,  25.58,  25.70,  25.53,  24.88,  25.33,  26.16,  26.02,  26.21,  26.56,  26.65,  26.59
20031022, 0600,  , HU, 17.8N, 131.1E, 125,  916,  180,  180,  200,  180,    0,    0,    0,    0,    0,    0,    0,    0, -999,  26.99,  27.20,  27.45,  27.58,  28.28,  28.75,  29.04,  29.33,  29.48,  29.22,  28.20,  27.36,  27.48,  27.71,  27.12,  27.30,  26.49,  25.92,  25.63,  24.86,  24.65,  25.02,  25.30,  25.43,  25.14,  25.88,  26.16,  26.00,  26.24,  27.58,  27.34
20031022, 1200,  , HU, 18.2N, 131.3E, 125,  916,  200,  200,  220,  200,    0,    0,    0,    0,    0,    0,    0,    0, -999,  27.55,  27.06,  26.91,  27.21,  28.00,  28.27,  28.53,  29.09,  29.08,  28.68,  27.64,  27.32,  26.89,  26.72,  27.15,  27.38,  26.59,  25.04,  24.75,  23.81,  23.68,  24.31,  24.59,  24.94,  25.60,  25.48,  25.56,  26.50,  27.22,  27.38,  27.80
20031022, 1800,  , HU, 18.5N, 131.7E, 115,  927,  200,  200,  200,  200,    0,    0,    0,    0,    0,    0,    0,    0, -999,  27.05,  27.08,  26.94,  27.25,  28.17,  28.63,  28.28,  27.48,  27.23,  26.91,  26.57,  26.05,  25.98,  25.99,  25.76,  25.77,  25.01,  24.25,  24.05,  23.11,  23.16,  24.04,  24.54,  24.75,  25.36,  25.44,  25.22,  25.86,  26.12,  26.17,  27.94
20031023, 0000,  , HU, 18.7N, 132.1E, 110,  933,  150,  150,  180,  200,    0,    0,    0,    0,    0,    0,    0,    0, -999,  27.60,  27.48,  26.82,  26.48,  26.43,  26.57,  26.24,  26.02,  25.67,  25.53,  25.43,  25.39,  25.29,  24.83,  24.62,  24.24,  24.19,  24.34,  23.61,  23.63,  24.30,  24.57,  24.57,  24.78,  25.23,  25.13,  25.36,  25.82,  25.94,  26.45,  25.94
20031023, 0600,  , HU, 19.0N, 132.4E, 105,  938,  150,  150,  180,  180,    0,    0,    0,    0,    0,    0,    0,    0, -999,  26.68,  26.59,  25.98,  26.02,  26.05,  25.85,  25.84,  25.80,  25.60,  25.11,  24.78,  24.69,  24.44,  24.34,  24.41,  24.32,  24.32,  24.28,  23.62,  23.29,  23.69,  24.06,  24.21,  24.41,  24.63,  24.89,  24.96,  25.49,  25.75,  25.80,  25.56
20031023, 1200,  , HU, 19.5N, 132.8E, 105,  938,  150,  150,  180,  180,    0,    0,    0,    0,    0,    0,    0,    0, -999,  25.71,  25.82,  25.57,  25.60,  25.88,  25.87,  25.41,  24.30,  24.21,  24.00,  23.51,  23.15,  23.23,  23.48,  23.69,  23.48,  23.43,  23.24,  22.91,  22.08,  22.39,  22.90,  22.90,  22.27,  22.21,  22.23,  22.79,  22.76,  22.72,  23.17,  23.68
20031023, 1800,  , HU, 20.0N, 133.2E, 100,  944,  150,  150,  180,  180,    0,    0,    0,    0,    0,    0,    0,    0, -999,  25.62,  25.41,  24.87,  24.60,  24.69,  24.65,  24.44,  24.07,  23.80,  23.59,  23.20,  22.56,  22.41,  22.34,  22.55,  22.54,  22.74,  22.80,  22.88,  22.62,  22.08,  22.54,  22.77,  22.10,  21.86,  21.96,  21.92,  22.08,  21.91,  21.57,  21.56
20031024, 0000,  , HU, 20.4N, 133.5E, 100,  944,  150,  150,  180,  180,    0,    0,    0,    0,    0,    0,    0,    0, -999,  24.00,  23.69,  23.30,  23.54,  23.58,  23.83,  23.85,  23.47,  22.99,  22.52,  22.34,  22.29,  22.17,  22.39,  22.61,  23.19,  23.45,  23.36,  22.66,  22.64,  22.78,  22.73,  22.16,  22.07,  22.68,  22.92,  22.78,  22.78,  22.67,  22.16,  22.57
20031024, 0600,  , HU, 21.0N, 133.7E,  90,  954,  160,  160,  150,  150,    0,    0,    0,    0,    0,    0,    0,    0, -999,  24.02,  24.65,  24.68,  24.23,  24.13,  24.11,  23.90,  23.51,  23.46,  23.10,  22.81,  22.87,  22.80,  22.93,  22.81,  22.76,  22.75,  22.56,  21.86,  21.75,  22.32,  22.63,  22.70,  22.32,  22.03,  21.79,  21.80,  22.02,  22.25,  22.58,  22.59
20031024, 1200,  , HU, 21.9N, 134.0E,  85,  958,  160,  145,  160,  145,    0,    0,    0,    0,    0,    0,    0,    0, -999,  26.17,  25.70,  25.76,  25.22,  24.80,  24.99,  24.95,  24.68,  24.27,  23.64,  23.36,  23.26,  22.88,  23.00,  22.93,  22.54,  22.91,  22.26,  21.71,  21.79,  22.58,  22.95,  22.38,  22.38,  23.00,  23.31,  23.58,  23.10,  22.67,  23.09,  23.51
20031024, 1800,  , HU, 23.0N, 134.8E,  85,  958,  160,  145,  160,  145,    0,    0,    0,    0,    0,    0,    0,    0, -999,  23.60,  23.67,  23.84,  23.70,  23.13,  22.89,  23.39,  23.39,  23.21,  23.30,  23.37,  23.64,  23.46,  22.98,  23.17,  23.14,  22.64,  22.38,  22.25,  22.45,  23.43,  23.88,  23.98,  24.04,  24.14,  24.49,  24.75,  24.98,  25.59,  26.11,  26.17
20031025, 0000,  , HU, 24.5N, 135.7E,  85,  958,  180,  140,  140,  180,    0,    0,    0,    0,    0,    0,    0,    0, -999,  24.02,  24.27,  24.41,  24.37,  24.42,  24.38,  24.12,  24.22,  24.03,  23.87,  23.79,  23.73,  23.86,  23.77,  23.59,  22.52,  21.95,  22.25,  22.58,  22.84,  23.19,  22.80,  22.25,  22.16,  22.15,  22.22,  22.53,  22.76,  22.51,  22.12,  22.31
20031025, 0600,  , HU, 25.9N, 137.1E,  80,  963,  180,  140,  140,  180,    0,    0,    0,    0,    0,    0,    0,    0, -999,  21.76,  21.91,  22.16,  22.36,  22.46,  22.43,  22.24,  21.84,  21.58,  21.81,  21.84,  21.75,  21.89,  21.53,  21.40,  21.46,  20.82,  20.70,  20.92,  21.11,  21.59,  21.16,  21.15,  20.57,  20.28,  20.12,  20.07,  20.05,  20.13,  20.04,  20.20
20031025, 1200,  , HU, 27.8N, 139.1E,  75,  967,  180,  140,  180,  140,    0,    0,    0,    0,    0,    0,    0,    0, -999,  21.02,  20.91,  21.01,  21.13,  21.39,  21.55,  21.81,  21.61,  21.87,  22.02,  22.04,  22.70,  22.43,  22.27,  22.42,  22.41,  21.90,  21.85,  21.93,  22.59,  22.46,  22.32,  22.13,  22.24,  22.76,  23.24,  23.19,  22.98,  22.75,  22.71,  23.02
20031025, 1800,  , HU, 29.8N, 141.7E,  70,  972,  180,  140,  180,  140,    0,    0,    0,    0,    0,    0,    0,    0, -999,  20.31,  20.42,  20.39,  20.48,  20.55,  20.70,  20.59,  21.37,  22.07,  21.53,  21.43,  20.83,  20.42,  20.81,  21.80,  21.99,  21.26,  21.75,  21.75,  21.89,  21.84,  22.16,  22.16,  22.00,  21.67,  21.45,  21.85,  21.93,  22.02,  22.10,  22.28
20031026, 0000,  , HU, 31.9N, 144.2E,  70,  972,  140,  120,  120,  160,    0,    0,    0,    0,    0,    0,    0,    0, -999,  19.23,  18.68,  18.26,  18.98,  19.44,  19.89,  19.98,  20.31,  19.86,  19.74,  19.95,  19.77,  19.20,  19.82,  20.16,  19.96,  20.68,  21.04,  20.88,  20.54,  20.40,  20.41,  20.57,  22.13,  21.75,  21.40,  21.42,  21.80,  21.82,  22.05,  22.28
20031026, 0600,  , HU, 34.1N, 147.0E,  70,  972,  140,  120,  120,  160,    0,    0,    0,    0,    0,    0,    0,    0, -999,  17.56,  16.85,  16.56,  17.51,  18.04,  17.00,  17.36,  18.20,  17.82,  17.48,  17.45,  17.76,  17.41,  18.01,  18.89,  18.03,  17.27,  15.99,  16.00,  16.13,  17.17,  16.04,  15.79,  15.36,  15.23,  16.76,  17.30,  16.80,  17.22,  19.96,  21.30
20031026, 1200,  , HU, 36.1N, 150.3E,  65,  976,  140,  120,  120,  160,    0,    0,    0,    0,    0,    0,    0,    0, -999,  24.04,  23.78,  22.53,  23.78,  23.71,  23.08,  23.79,  23.50,  22.11,  21.88,  22.19,  22.25,  22.37,  21.95,  22.27,  22.81,  22.01,  20.61,  20.89,  21.35,  22.39,  22.51,  22.94,  22.86,  22.84,  22.91,  22.82,  22.67,  22.75,  22.79,  22.98
