WP202003,            UNNAMED,     33,
20031018, 1200,  , TD, 14.7N, 130.3E,  25, 1002,    0,    0,    0,    0,    0,    0,    0,    0,    0,    0,    0,    0, -999,  29.17,  29.09,  29.09,  29.11,  29.18,  29.24,  29.40,  29.37,  29.52,  29.54,  29.73,  29.74,  29.61,  29.51,  29.46,  29.46,  29.49,  29.48,  29.10,  28.87,  29.09,  28.99,  28.80,  28.39,  27.96,  27.80,  27.75,  27.72,  27.75,  27.65,  27.59
20031018, 1800,  , TD, 14.9N, 130.2E,  30, 1000,    0,    0,    0,    0,    0,    0,    0,    0,    0,    0,    0,    0, -999,  29.19,  29.22,  29.16,  29.17,  29.18,  29.23,  29.43,  29.38,  29.52,  29.52,  29.77,  29.77,  29.70,  29.60,  29.61,  29.60,  29.59,  29.43,  29.10,  29.17,  29.23,  28.97,  28.95,  28.48,  27.94,  27.75,  27.68,  27.65,  27.60,  27.47,  27.56
20031019, 0000,  , TS, 15.2N, 130.2E,  35,  997,   30,   30,   30,   30,    0,    0,    0,    0,    0,    0,    0,    0, -999,  29.15,  29.12,  29.07,  29.11,  29.19,  29.41,  29.47,  29.49,  29.54,  29.82,  29.86,  29.66,  29.46,  29.33,  29.12,  29.08,  29.11,  29.15,  29.04,  28.86,  28.82,  28.82,  28.36,  27.63,  27.53,  27.41,  27.36,  27.21,  27.11,  27.27,  27.51
20031019, 0600,  , TS, 15.3N, 130.3E,  40,  994,   45,   45,   45,   45,    0,    0,    0,    0,    0,    0,    0,    0, -999,  29.10,  29.04,  29.09,  29.04,  29.28,  29.31,  29.49,  29.51,  29.53,  29.88,  29.87,  29.64,  29.42,  29.25,  29.07,  29.02,  29.05,  29.03,  28.95,  28.76,  28.70,  28.72,  28.47,  27.80,  27.68,  27.59,  27.47,  27.33,  27.21,  27.40,  27.54
20031019, 1200,  , TS, 15.4N, 130.4E,  40,  994,   45,   45,   45,   45,    0,    0,    0,    0,    0,    0,    0,    0, -999,  29.07,  29.04,  29.04,  29.03,  29.25,  29.27,  29.46,  29.48,  29.60,  29.85,  29.80,  29.48,  29.24,  29.16,  29.00,  28.99,  29.02,  29.00,  28.84,  28.70,  28.72,  28.78,  28.60,  27.89,  27.77,  27.65,  27.50,  27.31,  27.13,  27.29,  27.46
20031019, 1800,  , TS, 15.5N, 130.6E,  45,  991,   45,   45,   45,   45,    0,    0,    0,    0,    0,    0,    0,    0, -999,  28.97,  29.06,  29.04,  28.97,  29.08,  29.13,  29.47,  29.54,  29.57,  29.77,  29.72,  29.46,  29.25,  29.05,  28.88,  28.78,  28.78,  28.80,  28.80,  28.69,  28.75,  28.77,  28.60,  28.02,  27.98,  27.93,  27.81,  27.67,  27.57,  27.82,  28.30
20031020, 0000,  , TS, 15.6N, 130.8E,  50,  987,   60,   80,   80,   80,    0,    0,    0,    0,    0,    0,    0,    0, -999,  29.04,  28.94,  28.92,  29.12,  29.29,  29.40,  29.64,  29.50,  29.58,  29.68,  29.36,  29.12,  28.95,  28.82,  28.91,  28.98,  28.84,  28.76,  28.80,  28.83,  28.81,  28.65,  28.22,  28.15,  28.06,  27.97,  27.83,  27.72,  27.90,  28.39,  28.77
20031020, 0600,  , TS, 15.7N, 131.0E,  55,  984,   60,   80,   80,   80,    0,    0,    0,    0,    0,    0,    0,    0, -999,  28.95,  28.88,  28.92,  29.19,  29.19,  29.48,  29.59,  29.46,  29.61,  29.79,  29.41,  29.12,  28.98,  29.00,  29.04,  28.95,  28.78,  28.83,  28.83,  28.83,  28.80,  28.66,  28.36,  28.28,  28.20,  28.10,  27.99,  27.93,  28.07,  28.31,  28.58
20031020, 1200,  , HU, 15.9N, 131.0E,  65,  976,   70,   85,   85,   85,    0,    0,    0,    0,    0,    0,    0,    0, -999,  29.00,  28.86,  29.07,  29.12,  29.17,  29.55,  29.50,  29.37,  29.45,  29.61,  29.25,  29.02,  28.92,  29.01,  29.04,  28.90,  28.79,  28.87,  28.86,  28.90,  28.87,  28.74,  28.43,  28.31,  28.21,  28.07,  27.96,  27.92,  28.04,  28.24,  28.49
20031020, 1800,  , HU, 16.2N, 131.0E,  80,  963,  135,  150,  150,  150,    0,    0,    0,    0,    0,    0,    0,    0, -999,  28.97,  28.82,  29.28,  29.36,  29.29,  29.21,  29.40,  29.42,  29.37,  29.65,  29.10,  28.93,  28.88,  28.90,  28.98,  28.98,  28.98,  28.96,  28.96,  29.04,  29.13,  28.92,  28.54,  28.33,  28.23,  28.04,  27.87,  27.91,  28.05,  28.21,  28.37
20031021, 0000,  , HU, 16.4N, 131.1E,  95,  949,  135,  150,  150,  150,    0,    0,    0,    0,    0,    0,    0,    0, -999,  28.83,  29.37,  29.38,  28.90,  29.09,  29.45,  29.47,  29.32,  29.66,  29.23,  29.02,  29.01,  28.98,  28.94,  28.89,  28.90,  28.95,  29.03,  29.08,  29.18,  29.06,  28.57,  28.27,  28.18,  28.01,  27.83,  27.92,  28.08,  28.19,  28.36,  28.45
20031021, 0600,  , HU, 16.6N, 131.2E, 115,  927,  135,  150,  150,  150,    0,    0,    0,    0,    0,    0,    0,    0, -999,  29.12,  29.27,  29.30,  29.42,  29.22,  29.70,  29.41,  29.37,  29.52,  29.29,  29.36,  29.36,  29.26,  29.16,  29.12,  29.13,  29.08,  29.08,  29.21,  29.34,  29.28,  28.85,  28.06,  28.07,  27.93,  28.06,  28.34,  28.63,  28.67,  28.62,  28.56
20031021, 1200,  , HU, 16.8N, 131.1E, 125,  916,  180,  180,  200,  180,    0,    0,    0,    0,    0,    0,    0,    0, -999,  28.94,  29.12,  29.37,  29.80,  29.47,  29.60,  29.59,  29.66,  29.57,  29.46,  29.54,  29.47,  29.46,  29.43,  29.64,  28.30,  28.37,  29.02,  29.43,  29.22,  28.99,  28.80,  28.47,  27.83,  27.52,  27.64,  28.04,  28.46,  28.46,  28.49,  28.49
20031021, 1800,  , HU, 17.1N, 131.1E, 125,  916,  180,  180,  200,  180,    0,    0,    0,    0,    0,    0,    0,    0, -999,  28.94,  28.96,  29.14,  29.55,  29.36,  29.72,  29.63,  29.68,  29.56,  29.47,  29.45,  29.36,  29.54,  29.64,  29.36,  28.58,  29.08,  29.44,  29.50,  29.42,  29.05,  28.56,  28.45,  28.18,  27.47,  27.59,  28.01,  28.60,  28.75,  28.54,  28.60
20031022, 0000,  , HU, 17.4N, 131.1E, 125,  916,  180,  180,  200,  180,    0,    0,    0,    0,    0,    0,    0,    0, -999,  28.94,  28.97,  29.34,  29.33,  29.75,  29.80,  29.72,  29.62,  29.53,  29.45,  29.43,  29.54,  29.69,  29.71,  29.11,  29.58,  29.56,  29.62,  29.56,  29.20,  28.78,  28.17,  28.14,  28.25,  27.63,  28.01,  28.83,  28.79,  28.75,  28.61,  28.76
20031022, 0600,  , HU, 17.8N, 131.1E, 125,  916,  180,  180,  200,  180,    0,    0,    0,    0,    0,    0,    0,    0, -999,  29.02,  28.97,  29.20,  29.19,  29.69,  29.74,  29.71,  29.56,  29.48,  29.53,  29.58,  29.86,  29.75,  29.74,  29.54,  29.49,  29.44,  28.48,  28.42,  27.96,  28.03,  28.03,  28.19,  28.11,  28.40,  28.18,  28.58,  28.98,  28.83,  28.57,  28.58
20031022, 1200,  , HU, 18.2N, 131.3E, 125,  916,  200,  200,  220,  200,    0,    0,    0,    0,    0,    0,    0,    0, -999,  28.88,  28.82,  28.97,  29.24,  29.85,  29.94,  29.92,  29.81,  29.47,  29.52,  29.82,  29.68,  29.69,  29.70,  28.96,  29.56,  28.66,  28.26,  28.07,  27.27,  27.12,  27.16,  27.48,  28.14,  28.41,  28.72,  29.01,  28.92,  29.00,  28.72,  28.59
20031022, 1800,  , HU, 18.5N, 131.7E, 115,  927,  200,  200,  200,  200,    0,    0,    0,    0,    0,    0,    0,    0, -999,  29.08,  28.84,  28.90,  29.09,  29.68,  29.50,  29.46,  29.65,  29.69,  29.85,  29.75,  29.46,  29.04,  28.45,  28.18,  28.65,  28.43,  28.12,  28.07,  27.05,  26.96,  27.12,  27.45,  28.01,  28.44,  28.83,  29.14,  29.27,  28.96,  28.90,  28.71
20031023, 0000,  , HU, 18.7N, 132.1E, 110,  933,  150,  150,  180,  200,    0,    0,    0,    0,    0,    0,    0,    0, -999,  28.97,  29.00,  29.39,  29.26,  29.43,  29.61,  28.94,  28.82,  28.65,  28.38,  28.33,  28.26,  28.45,  28.47,  28.73,  28.50,  28.26,  28.33,  27.16,  26.69,  26.50,  27.16,  27.51,  27.96,  28.80,  29.05,  28.96,  29.03,  28.90,  28.80,  28.78
20031023, 0600,  , HU, 19.0N, 132.4E, 105,  938,  150,  150,  180,  180,    0,    0,    0,    0,    0,    0,    0,    0, -999,  29.36,  29.21,  29.19,  29.38,  29.58,  28.75,  28.81,  28.53,  28.33,  28.40,  28.48,  28.45,  28.45,  28.58,  28.52,  28.13,  27.71,  27.66,  27.00,  26.03,  25.97,  26.42,  26.77,  27.37,  27.48,  28.05,  27.94,  27.81,  28.63,  28.78,  28.57
20031023, 1200,  , HU, 19.5N, 132.8E, 105,  938,  150,  150,  180,  180,    0,    0,    0,    0,    0,    0,    0,    0, -999,  29.16,  29.21,  29.39,  29.02,  28.78,  28.52,  28.69,  28.64,  28.56,  28.58,  28.24,  28.10,  28.12,  28.24,  28.30,  28.14,  28.15,  28.06,  27.41,  26.47,  25.99,  26.11,  25.57,  24.75,  24.81,  25.31,  25.90,  25.42,  25.69,  26.13,  26.29
20031023, 1800,  , HU, 20.0N, 133.2E, 100,  944,  150,  150,  180,  180,    0,    0,    0,    0,    0,    0,    0,    0, -999,  28.77,  28.83,  28.63,  28.38,  28.72,  28.71,  28.75,  28.54,  28.28,  28.24,  27.99,  27.82,  27.87,  28.04,  28.14,  28.01,  28.08,  28.21,  27.79,  26.43,  25.76,  25.92,  24.99,  24.38,  24.57,  25.25,  25.94,  25.93,  25.74,  25.44,  25.70
20031024, 0000,  , HU, 20.4N, 133.5E, 100,  944,  150,  150,  180,  180,    0,    0,    0,    0,    0,    0,    0,    0, -999,  28.43,  28.29,  28.34,  28.46,  28.38,  28.38,  28.42,  28.17,  28.27,  28.11,  27.93,  27.87,  27.89,  28.00,  27.91,  27.96,  28.11,  27.92,  26.25,  26.15,  26.12,  25.94,  25.77,  25.61,  25.88,  25.85,  25.69,  25.79,  26.03,  26.87,  27.63
20031024, 0600,  , HU, 21.0N, 133.7E,  90,  954,  160,  160,  150,  150,    0,    0,    0,    0,    0,    0,    0,    0, -999,  28.43,  28.06,  28.13,  28.19,  28.42,  28.41,  28.34,  28.26,  28.24,  28.07,  28.02,  28.03,  28.10,  28.18,  28.36,  28.41,  28.43,  27.69,  26.28,  26.02,  26.02,  26.04,  26.04,  25.95,  26.13,  26.34,  26.47,  26.68,  26.75,  26.86,  26.90
20031024, 1200,  , HU, 21.9N, 134.0E,  85,  958,  160,  145,  160,  145,    0,    0,    0,    0,    0,    0,    0,    0, -999,  27.86,  28.02,  28.26,  28.43,  28.45,  28.57,  28.32,  27.91,  27.98,  27.93,  27.83,  27.98,  27.96,  27.83,  27.79,  27.80,  27.81,  26.88,  25.32,  25.15,  25.47,  25.87,  26.07,  26.55,  27.25,  27.59,  27.84,  27.91,  27.14,  26.80,  26.81
20031024, 1800,  , HU, 23.0N, 134.8E,  85,  958,  160,  145,  160,  145,    0,    0,    0,    0,    0,    0,    0,    0, -999,  27.61,  27.84,  28.12,  28.23,  28.06,  28.06,  28.23,  28.04,  27.88,  27.45,  27.96,  28.09,  28.02,  27.98,  28.05,  28.02,  28.07,  27.86,  27.35,  27.18,  26.86,  26.89,  27.55,  27.93,  28.33,  28.16,  28.34,  28.12,  28.39,  28.19,  28.10
20031025, 0000,  , HU, 24.5N, 135.7E,  85,  958,  180,  140,  140,  180,    0,    0,    0,    0,    0,    0,    0,    0, -999,  27.86,  28.21,  28.23,  28.09,  28.04,  27.93,  27.90,  27.98,  27.91,  27.84,  27.72,  27.60,  27.63,  27.60,  27.35,  27.21,  26.86,  26.24,  26.23,  26.15,  26.03,  25.53,  25.30,  25.67,  25.99,  25.97,  25.96,  26.09,  25.84,  26.01,  26.01
20031025, 0600,  , HU, 25.9N, 137.1E,  80,  963,  180,  140,  140,  180,    0,    0,    0,    0,    0,    0,    0,    0, -999,  27.21,  26.83,  27.02,  27.06,  27.14,  26.92,  26.79,  26.11,  26.09,  26.35,  26.27,  25.85,  25.73,  25.93,  26.05,  26.16,  26.38,  26.37,  26.38,  26.28,  26.23,  26.05,  25.93,  26.06,  26.24,  26.28,  26.22,  26.17,  26.04,  26.06,  26.09
20031025, 1200,  , HU, 27.8N, 139.1E,  75,  967,  180,  140,  180,  140,    0,    0,    0,    0,    0,    0,    0,    0, -999,  26.49,  26.52,  26.68,  26.52,  26.42,  26.53,  26.36,  26.17,  26.16,  26.14,  25.95,  25.76,  25.49,  25.24,  25.80,  25.74,  25.20,  24.82,  25.19,  25.72,  25.45,  24.95,  24.70,  24.52,  24.45,  24.72,  24.77,  24.77,  24.79,  24.84,  25.53
20031025, 1800,  , HU, 29.8N, 141.7E,  70,  972,  180,  140,  180,  140,    0,    0,    0,    0,    0,    0,    0,    0, -999,  25.39,  25.44,  25.11,  25.40,  25.46,  25.47,  25.59,  25.36,  25.23,  25.03,  24.68,  24.33,  24.24,  24.32,  24.29,  24.37,  24.28,  24.17,  24.16,  24.10,  24.04,  23.87,  23.64,  23.55,  23.55,  23.58,  23.92,  24.09,  24.15,  23.93,  24.27
20031026, 0000,  , HU, 31.9N, 144.2E,  70,  972,  140,  120,  120,  160,    0,    0,    0,    0,    0,    0,    0,    0, -999,  25.00,  23.84,  23.67,  24.43,  25.58,  25.88,  25.64,  25.61,  24.80,  24.59,  24.64,  24.74,  24.18,  24.13,  24.03,  24.00,  24.20,  24.28,  24.33,  24.17,  24.14,  24.13,  24.37,  24.26,  23.40,  23.45,  23.73,  23.67,  23.25,  23.34,  23.84
20031026, 0600,  , HU, 34.1N, 147.0E,  70,  972,  140,  120,  120,  160,    0,    0,    0,    0,    0,    0,    0,    0, -999,  21.36,  21.48,  20.09,  21.33,  22.08,  22.92,  22.58,  22.29,  21.90,  23.31,  23.55,  23.82,  23.57,  23.50,  23.00,  22.12,  22.32,  22.01,  22.07,  22.02,  21.68,  22.05,  22.18,  22.26,  22.04,  22.74,  21.80,  20.22,  19.73,  21.12,  22.03
20031026, 1200,  , HU, 36.1N, 150.3E,  65,  976,  140,  120,  120,  160,    0,    0,    0,    0,    0,    0,    0,    0, -999,  24.07,  23.96,  23.85,  23.79,  23.75,  23.74,  23.80,  23.69,  23.61,  23.47,  23.58,  24.02,  24.20,  23.82,  23.79,  23.44,  23.77,  23.05,  22.10,  22.37,  22.40,  22.52,  22.95,  22.87,  22.84,  22.91,  22.82,  22.67,  22.75,  22.79,  22.98
