WP202000,            UNNAMED,     35,
20000824, 0000,  , TD,  7.8N, 137.9E,  25,    0,    0,    0,    0,    0,    0,    0,    0,    0,    0,    0,    0,    0, -999,  34.38,  34.31,  34.30,  34.33,  34.31,  34.29,  34.31,  34.36,  34.44,  34.39,  34.31,  34.31,  34.30,  34.28,  34.28,  34.28,  34.26,  34.26,  34.26,  34.27,  34.27,  34.28,  34.24,  34.33,  34.24,  34.34,  34.59,  34.25,  34.37,  34.28,  34.29
20000824, 0600,  , TD,  8.9N, 137.8E,  20,    0,    0,    0,    0,    0,    0,    0,    0,    0,    0,    0,    0,    0, -999,  34.37,  34.33,  34.30,  34.29,  34.33,  34.33,  34.32,  34.33,  34.35,  34.34,  34.32,  34.29,  34.33,  34.35,  34.29,  34.28,  34.29,  34.34,  34.29,  34.42,  34.43,  34.41,  34.42,  34.52,  34.33,  34.30,  34.30,  34.28,  34.28,  34.30,  34.29
20000824, 1200,  , TD,  9.6N, 136.7E,  20,    0,    0,    0,    0,    0,    0,    0,    0,    0,    0,    0,    0,    0, -999,  34.34,  34.30,  34.28,  34.25,  34.31,  34.29,  34.36,  34.34,  34.38,  34.41,  34.41,  34.29,  34.29,  34.27,  34.25,  34.24,  34.26,  34.22,  34.21,  34.24,  34.27,  34.27,  34.28,  34.34,  34.40,  34.39,  34.36,  34.40,  34.36,  34.37,  34.31
20000824, 1800,  , TD, 10.6N, 135.1E,  25,    0,    0,    0,    0,    0,    0,    0,    0,    0,    0,    0,    0,    0, -999,  34.37,  34.31,  34.25,  34.26,  34.20,  34.18,  34.13,  34.18,  34.25,  34.25,  34.28,  34.25,  34.39,  34.32,  34.25,  34.33,  34.41,  34.50,  34.58,  34.60,  34.72,  34.55,  34.73,  34.49,  34.64,  34.61,  34.53,  34.58,  34.53,  34.44,  34.48
20000825, 0000,  , TD, 11.6N, 133.1E,  25,    0,    0,    0,    0,    0,    0,    0,    0,    0,    0,    0,    0,    0, -999,  34.36,  34.35,  34.32,  34.27,  34.20,  34.14,  34.20,  34.14,  34.23,  34.26,  34.37,  34.48,  34.56,  34.49,  34.50,  34.48,  34.54,  34.55,  34.54,  34.39,  34.24,  34.25,  34.16,  34.23,  34.25,  34.45,  34.25,  34.25,  34.11,  34.19,  34.23
20000825, 0600,  , TD, 12.4N, 131.5E,  25,    0,    0,    0,    0,    0,    0,    0,    0,    0,    0,    0,    0,    0, -999,  34.43,  34.57,  34.38,  34.24,  34.27,  34.31,  34.18,  34.22,  34.31,  34.31,  34.31,  34.28,  34.33,  34.37,  34.39,  34.46,  34.41,  34.34,  34.20,  34.19,  34.33,  34.33,  34.32,  34.45,  34.45,  34.47,  34.47,  34.52,  34.46,  34.40,  34.23
20000825, 1200,  , TD, 13.1N, 131.0E,  25,    0,    0,    0,    0,    0,    0,    0,    0,    0,    0,    0,    0,    0, -999,  34.23,  34.15,  34.19,  34.15,  34.17,  34.19,  34.19,  34.21,  34.26,  34.30,  34.40,  34.44,  34.48,  34.49,  34.54,  34.50,  34.52,  34.54,  34.28,  34.45,  34.26,  34.30,  34.35,  34.37,  34.40,  34.40,  34.39,  34.41,  34.46,  34.44,  34.46
20000825, 1800,  , TD, 14.0N, 131.2E,  25,    0,    0,    0,    0,    0,    0,    0,    0,    0,    0,    0,    0,    0, -999,  34.36,  34.22,  34.31,  34.42,  34.42,  34.41,  34.40,  34.41,  34.41,  34.39,  34.44,  34.44,  34.47,  34.50,  34.47,  34.47,  34.48,  34.54,  34.55,  34.54,  34.61,  34.53,  34.56,  34.56,  34.68,  34.68,  34.69,  34.60,  34.67,  34.56,  34.67
20000826, 0000,  , TD, 14.8N, 131.4E,  25,    0,    0,    0,    0,    0,    0,    0,    0,    0,    0,    0,    0,    0, -999,  34.53,  34.63,  34.70,  34.65,  34.65,  34.67,  34.65,  34.64,  34.62,  34.65,  34.69,  34.69,  34.70,  34.68,  34.69,  34.63,  34.65,  34.84,  34.62,  34.74,  34.60,  34.64,  34.73,  34.69,  34.72,  34.73,  34.66,  34.71,  34.71,  34.74,  34.71
20000826, 0600,  , TD, 16.3N, 131.7E,  30,    0,    0,    0,    0,    0,    0,    0,    0,    0,    0,    0,    0,    0, -999,  34.56,  34.51,  34.55,  34.71,  34.71,  34.70,  34.69,  34.68,  34.66,  34.65,  34.69,  34.62,  34.64,  34.69,  34.70,  34.77,  34.71,  34.69,  34.70,  34.70,  34.70,  34.69,  34.71,  34.72,  34.72,  34.71,  34.75,  34.72,  34.68,  34.63,  34.62
20000826, 1200,  , TD, 18.1N, 131.7E,  30,    0,    0,    0,    0,    0,    0,    0,    0,    0,    0,    0,    0,    0, -999,  34.53,  34.53,  34.53,  34.56,  34.57,  34.58,  34.72,  34.69,  34.61,  34.70,  34.88,  34.82,  34.88,  34.53,  34.58,  34.49,  34.49,  34.49,  34.48,  34.48,  34.46,  34.48,  34.48,  34.47,  34.53,  34.49,  34.58,  34.54,  34.55,  34.57,  34.57
20000826, 1800,  , TS, 19.8N, 131.3E,  35,    0,    0,    0,    0,    0,    0,    0,    0,    0,    0,    0,    0,    0, -999,  34.70,  34.66,  34.67,  34.84,  34.83,  34.69,  34.78,  34.81,  34.76,  34.79,  34.73,  34.80,  34.57,  34.61,  34.70,  34.67,  34.69,  34.77,  34.72,  34.72,  34.80,  34.77,  34.82,  34.73,  34.67,  34.73,  34.75,  34.82,  34.83,  34.87,  34.87
20000827, 0000,  , TS, 21.1N, 130.7E,  35,    0,    0,    0,    0,    0,    0,    0,    0,    0,    0,    0,    0,    0, -999,  34.72,  34.84,  34.91,  34.91,  34.75,  34.77,  34.74,  34.72,  34.73,  34.69,  34.71,  34.64,  34.71,  34.69,  34.81,  34.84,  34.83,  34.83,  34.88,  34.73,  34.67,  34.69,  34.83,  34.78,  34.82,  34.83,  34.83,  34.83,  34.86,  34.92,  34.98
20000827, 0600,  , TS, 21.9N, 129.9E,  35,    0,    0,    0,    0,    0,    0,    0,    0,    0,    0,    0,    0,    0, -999,  34.45,  34.64,  34.84,  34.89,  34.79,  34.74,  34.80,  34.80,  34.83,  34.80,  34.88,  34.91,  34.96,  35.06,  34.74,  34.54,  34.63,  34.72,  34.72,  34.74,  34.80,  34.99,  35.09,  34.97,  34.93,  34.87,  34.68,  34.77,  34.89,  34.97,  34.98
20000827, 1200,  , TS, 22.3N, 129.2E,  35,    0,    0,    0,    0,    0,    0,    0,    0,    0,    0,    0,    0,    0, -999,  34.80,  34.72,  34.87,  34.89,  34.79,  34.75,  34.84,  34.83,  34.93,  35.00,  34.96,  34.77,  34.75,  34.73,  34.74,  34.71,  34.70,  34.71,  34.78,  34.73,  34.87,  34.81,  34.79,  34.67,  34.65,  34.79,  34.83,  34.89,  35.03,  35.10,  35.13
20000827, 1800,  , TS, 22.6N, 128.4E,  35,    0,    0,    0,    0,    0,    0,    0,    0,    0,    0,    0,    0,    0, -999,  34.80,  34.78,  34.68,  34.67,  34.62,  34.60,  34.68,  34.74,  34.77,  34.75,  34.72,  34.69,  34.66,  34.63,  34.65,  34.72,  34.62,  34.69,  34.67,  34.64,  34.64,  34.65,  34.83,  34.86,  34.85,  34.86,  34.81,  34.88,  34.85,  34.84,  34.84
20000828, 0000,  , TS, 22.9N, 127.6E,  35,    0,    0,    0,    0,    0,    0,    0,    0,    0,    0,    0,    0,    0, -999,  34.88,  34.80,  34.77,  34.79,  34.84,  34.86,  34.79,  34.79,  34.82,  34.84,  34.83,  34.83,  34.72,  34.66,  34.58,  34.54,  34.54,  34.58,  34.54,  34.52,  34.47,  34.48,  34.51,  34.54,  34.61,  34.68,  34.77,  34.81,  34.80,  34.67,  34.62
20000828, 0600,  , TS, 23.2N, 126.9E,  35,    0,    0,    0,    0,    0,    0,    0,    0,    0,    0,    0,    0,    0, -999,  34.61,  34.69,  34.76,  34.81,  34.75,  34.70,  34.65,  34.66,  34.71,  34.74,  34.75,  34.75,  34.69,  34.70,  34.68,  34.63,  34.57,  34.56,  34.63,  34.66,  34.70,  34.77,  34.81,  34.88,  34.93,  34.97,  34.97,  34.96,  34.94,  34.89,  34.88
20000828, 1200,  , TS, 23.3N, 126.4E,  35,    0,    0,    0,    0,    0,    0,    0,    0,    0,    0,    0,    0,    0, -999,  34.71,  34.84,  34.84,  34.65,  34.62,  34.63,  34.64,  34.67,  34.72,  34.80,  34.80,  34.71,  34.69,  34.74,  34.69,  34.67,  34.65,  34.68,  34.71,  34.72,  34.70,  34.69,  34.71,  34.74,  34.78,  34.83,  34.88,  34.92,  34.95,  34.96,  34.96
20000828, 1800,  , TS, 23.6N, 125.9E,  45,    0,    0,    0,    0,    0,    0,    0,    0,    0,    0,    0,    0,    0, -999,  34.76,  34.75,  34.74,  34.73,  34.72,  34.71,  34.71,  34.72,  34.73,  34.73,  34.74,  34.74,  34.84,  34.87,  34.88,  34.73,  34.63,  34.59,  34.58,  34.63,  34.69,  34.76,  34.84,  34.79,  34.69,  34.68,  34.76,  34.75,  34.80,  34.83,  34.83
20000829, 0000,  , TS, 24.0N, 125.5E,  55,    0,    0,    0,    0,    0,    0,    0,    0,    0,    0,    0,    0,    0, -999,  34.65,  34.73,  34.69,  34.60,  34.59,  34.68,  34.71,  34.69,  34.66,  34.60,  34.53,  34.57,  34.56,  34.54,  34.66,  34.62,  34.65,  34.68,  34.77,  34.86,  34.92,  34.97,  34.95,  34.88,  34.77,  34.72,  34.72,  34.74,  34.75,  34.75,  34.77
20000829, 0600,  , TS, 24.5N, 125.1E,  55,    0,    0,    0,    0,    0,    0,    0,    0,    0,    0,    0,    0,    0, -999,  34.46,  34.53,  34.57,  34.45,  34.36,  34.41,  34.41,  34.44,  34.47,  34.37,  34.42,  34.45,  34.48,  34.42,  34.41,  34.54,  34.58,  34.52,  34.54,  34.62,  34.61,  34.60,  34.59,  34.59,  34.61,  34.59,  34.52,  34.53,  34.56,  34.60,  34.61
20000829, 1200,  , TS, 25.2N, 124.5E,  55,    0,    0,    0,    0,    0,    0,    0,    0,    0,    0,    0,    0,    0, -999,  34.43,  34.42,  34.40,  34.44,  34.46,  34.42,  34.42,  34.42,  34.45,  34.59,  34.50,  34.41,  34.41,  34.43,  34.41,  34.46,  34.46,  34.45,  34.50,  34.41,  34.39,  34.43,  34.45,  34.42,  34.59,  34.62,  34.61,  34.70,  34.52,  34.43,  34.32
20000829, 1800,  , HU, 26.0N, 124.1E,  65,    0,    0,    0,    0,    0,    0,    0,    0,    0,    0,    0,    0,    0, -999,  34.69,  34.71,  34.55,  34.54,  34.64,  34.62,  34.65,  34.66,  34.73,  34.76,  34.73,  34.78,  34.75,  34.12,  34.27,  34.30,  34.54,  34.59,  34.53,  34.57,  34.66,  34.66,  34.72,  34.73,  34.75,  34.76,  34.77,  34.43,  34.70,  34.74,  34.40
20000830, 0000,  , HU, 26.9N, 123.7E,  70,    0,    0,    0,    0,    0,    0,    0,    0,    0,    0,    0,    0,    0, -999,  34.37,  34.21,  34.18,  34.24,  34.28,  34.56,  34.88,  34.86,  34.65,  34.43,  34.32,  34.16,  34.03,  33.85,  33.81,  33.83,  33.95,  33.89,  33.97,  34.40,  34.51,  34.73,  34.79,  34.80,  34.79,  34.77,  34.78,  34.77,  34.77,  34.77,  34.34
20000830, 0600,  , HU, 28.6N, 123.3E,  75,    0,    0,    0,    0,    0,    0,    0,    0,    0,    0,    0,    0,    0, -999,  34.77,  34.76,  34.76,  34.75,  34.76,  34.75,  34.75,  34.74,  34.76,  34.78,  34.79,  34.78,  34.66,  34.43,  34.30,  34.50,  34.61,  34.65,  34.67,  34.70,  34.70,  34.62,  34.57,  34.51,  34.55,  34.62,  34.58,  34.65,  34.67,  34.62,  34.51
20000830, 1200,  , HU, 29.9N, 123.3E,  75,    0,    0,    0,    0,    0,    0,    0,    0,    0,    0,    0,    0,    0, -999,    nan,    nan,    nan,    nan,    nan,    nan,    nan,    nan,    nan,    nan,    nan,    nan,    nan,    nan,    nan,    nan,    nan,    nan,    nan,    nan,    nan,    nan,    nan,    nan,    nan,    nan,    nan,    nan,    nan,    nan,    nan
20000830, 1800,  , HU, 31.7N, 123.4E,  75,    0,    0,    0,    0,    0,    0,    0,    0,    0,    0,    0,    0,    0, -999,    nan,    nan,    nan,    nan,    nan,    nan,    nan,    nan,    nan,    nan,    nan,    nan,    nan,    nan,    nan,    nan,    nan,    nan,    nan,    nan,    nan,    nan,    nan,    nan,    nan,    nan,    nan,    nan,    nan,    nan,    nan
20000831, 0000,  , HU, 33.6N, 123.8E,  70,    0,    0,    0,    0,    0,    0,    0,    0,    0,    0,    0,    0,    0, -999,    nan,    nan,    nan,    nan,    nan,    nan,    nan,    nan,    nan,    nan,    nan,    nan,    nan,    nan,    nan,    nan,    nan,    nan,    nan,    nan,    nan,    nan,    nan,    nan,    nan,    nan,    nan,    nan,    nan,    nan,    nan
20000831, 0600,  , HU, 35.2N, 124.0E,  70,    0,    0,    0,    0,    0,    0,    0,    0,    0,    0,    0,    0,    0, -999,  33.46,  33.45,  33.45,  33.47,  33.48,  33.48,  33.50,  33.51,  33.52,  33.52,  33.54,  33.54,  33.55,  33.56,  33.57,  33.57,  33.55,  33.55,  33.55,  33.55,  33.56,  33.56,  33.56,  33.57,  33.59,  33.60,  33.61,  33.64,  33.66,  33.68,  33.67
20000831, 1200,  , HU, 37.2N, 125.1E,  65,    0,    0,    0,    0,    0,    0,    0,    0,    0,    0,    0,    0,    0, -999,    nan,    nan,    nan,    nan,    nan,    nan,    nan,    nan,    nan,    nan,    nan,    nan,    nan,    nan,    nan,    nan,    nan,    nan,    nan,    nan,    nan,    nan,    nan,    nan,    nan,    nan,    nan,    nan,    nan,    nan,    nan
20000831, 1800,  , TS, 39.6N, 127.1E,  45,    0,    0,    0,    0,    0,    0,    0,    0,    0,    0,    0,    0,    0, -999,    nan,    nan,    nan,    nan,    nan,    nan,    nan,    nan,    nan,    nan,    nan,    nan,    nan,    nan,    nan,    nan,    nan,    nan,    nan,    nan,    nan,    nan,    nan,    nan,    nan,    nan,    nan,    nan,    nan,    nan,    nan
20000901, 0000,  , TS, 41.4N, 129.0E,  40,    0,    0,    0,    0,    0,    0,    0,    0,    0,    0,    0,    0,    0, -999,    nan,    nan,    nan,    nan,    nan,    nan,    nan,    nan,    nan,    nan,    nan,    nan,    nan,    nan,    nan,    nan,    nan,    nan,    nan,    nan,    nan,    nan,    nan,    nan,    nan,    nan,    nan,    nan,    nan,    nan,    nan
20000901, 0600,  , TS, 42.6N, 131.7E,  35,    0,    0,    0,    0,    0,    0,    0,    0,    0,    0,    0,    0,    0, -999,  33.91,  33.91,  33.92,  33.92,  33.93,  33.94,  33.95,  33.94,  33.95,  33.95,  33.95,  33.95,  33.95,  33.94,  33.94,  33.92,  33.90,  33.90,  33.90,  33.91,  33.91,  33.91,  33.91,  33.91,  33.89,  33.89,  33.88,  33.87,  33.88,  33.88,  33.88
20000901, 1200,  , TD, 43.7N, 134.9E,  30,    0,    0,    0,    0,    0,    0,    0,    0,    0,    0,    0,    0,    0, -999,    nan,    nan,    nan,    nan,    nan,    nan,    nan,    nan,    nan,    nan,    nan,    nan,    nan,    nan,    nan,    nan,    nan,    nan,    nan,    nan,    nan,    nan,    nan,    nan,    nan,    nan,    nan,    nan,    nan,    nan,    nan
