WP201996,            UNNAMED,     32,
19960819, 0000,  , LO, 20.6N, 169.6E,  15,    0,    0,    0,    0,    0,    0,    0,    0,    0,    0,    0,    0,    0, -999,  27.30,  27.57,  27.94,  27.95,  28.13,  28.38,  28.41,  28.31,  28.38,  28.49,  28.46,  28.80,  28.58,  28.44,  28.47,  28.39,  28.37,  28.28,  28.18,  28.18,  28.18,  28.17,  28.34,  28.37,  28.47,  28.48,  28.35,  28.44,  28.49,  28.37,  28.20
19960819, 0600,  , LO, 21.2N, 168.1E,  15,    0,    0,    0,    0,    0,    0,    0,    0,    0,    0,    0,    0,    0, -999,  23.42,  23.31,  23.59,  23.74,  23.86,  23.94,  24.15,  24.69,  24.66,  24.43,  24.25,  24.31,  24.81,  24.67,  25.24,  26.32,  26.75,  26.95,  27.16,  27.22,  26.59,  26.37,  25.71,  26.02,  26.42,  27.37,  27.65,  27.63,  27.48,  27.38,  27.28
19960819, 1200,  , LO, 22.2N, 166.5E,  20,    0,    0,    0,    0,    0,    0,    0,    0,    0,    0,    0,    0,    0, -999,  27.38,  26.52,  26.38,  26.31,  26.60,  26.45,  26.24,  26.09,  26.03,  25.71,  25.29,  24.14,  23.67,  23.66,  23.82,  23.96,  23.45,  24.03,  23.76,  23.77,  23.48,  22.36,  22.36,  22.86,  23.33,  23.91,  23.76,  23.53,  23.66,  24.27,  24.44
19960819, 1800,  , LO, 23.2N, 165.0E,  20,    0,    0,    0,    0,    0,    0,    0,    0,    0,    0,    0,    0,    0, -999,  24.50,  24.47,  25.04,  25.59,  25.18,  24.83,  24.93,  24.85,  24.71,  24.64,  24.72,  25.28,  25.92,  26.04,  26.41,  26.80,  26.61,  26.80,  27.12,  27.08,  27.07,  26.64,  26.48,  26.26,  26.24,  25.79,  24.88,  24.58,  24.78,  24.93,  25.02
19960820, 0000,  , LO, 24.4N, 163.3E,  20,    0,    0,    0,    0,    0,    0,    0,    0,    0,    0,    0,    0,    0, -999,  21.83,  21.40,  21.37,  21.20,  20.88,  20.78,  21.28,  21.41,  21.29,  21.86,  21.68,  21.80,  21.57,  21.30,  20.80,  20.94,  21.31,  20.66,  21.14,  21.07,  21.09,  21.16,  20.41,  20.32,  20.22,  20.29,  20.92,  20.89,  21.18,  21.91,  23.39
19960820, 0600,  , LO, 25.7N, 161.7E,  20,    0,    0,    0,    0,    0,    0,    0,    0,    0,    0,    0,    0,    0, -999,  17.58,  17.12,  17.36,  17.22,  17.82,  18.43,  20.66,  21.45,  22.03,  22.49,  23.02,  23.25,  23.43,  23.26,  23.33,  23.62,  23.89,  23.28,  23.11,  22.88,  22.71,  22.73,  22.77,  22.81,  22.54,  22.91,  23.01,  22.59,  22.56,  22.86,  23.33
19960820, 1200,  , LO, 26.8N, 160.3E,  20,    0,    0,    0,    0,    0,    0,    0,    0,    0,    0,    0,    0,    0, -999,  20.77,  19.83,  19.56,  19.73,  19.50,  19.48,  19.64,  19.63,  19.51,  18.88,  18.53,  18.78,  18.43,  18.25,  18.85,  18.95,  19.03,  19.33,  19.68,  19.73,  19.66,  19.56,  19.61,  19.65,  19.90,  20.46,  20.58,  20.48,  20.53,  20.81,  20.86
19960820, 1800,  , LO, 27.9N, 158.9E,  20,    0,    0,    0,    0,    0,    0,    0,    0,    0,    0,    0,    0,    0, -999,  19.59,  19.17,  19.26,  18.09,  18.42,  18.07,  17.61,  18.60,  19.43,  19.96,  20.11,  20.14,  19.12,  18.83,  18.32,  18.70,  18.85,  18.21,  18.18,  18.29,  18.28,  18.48,  18.83,  18.60,  18.12,  17.43,  16.96,  17.34,  17.61,  17.86,  17.93
19960821, 0000,  , LO, 28.2N, 157.7E,  20,    0,    0,    0,    0,    0,    0,    0,    0,    0,    0,    0,    0,    0, -999,  20.49,  20.41,  20.28,  20.30,  20.14,  19.95,  20.29,  20.75,  21.22,  21.22,  21.43,  21.43,  21.68,  21.79,  21.59,  21.23,  20.97,  20.55,  20.23,  19.84,  19.64,  19.59,  19.63,  19.19,  18.98,  19.07,  18.94,  19.12,  19.33,  19.61,  19.28
19960821, 0600,  , LO, 28.0N, 157.0E,  20,    0,    0,    0,    0,    0,    0,    0,    0,    0,    0,    0,    0,    0, -999,  20.70,  20.54,  20.25,  20.86,  20.92,  21.18,  20.56,  20.43,  20.09,  19.59,  19.55,  19.36,  19.79,  20.11,  20.48,  20.35,  19.84,  19.79,  19.85,  19.96,  20.06,  20.19,  20.12,  20.06,  19.71,  19.53,  19.83,  20.10,  20.13,  20.15,  20.20
19960821, 1200,  , LO, 27.5N, 156.8E,  20,    0,    0,    0,    0,    0,    0,    0,    0,    0,    0,    0,    0,    0, -999,  19.67,  19.42,  19.00,  19.87,  19.74,  19.84,  19.55,  19.70,  20.17,  20.29,  20.01,  20.09,  19.96,  19.64,  19.15,  19.11,  19.04,  18.97,  19.29,  19.69,  19.68,  20.16,  20.25,  20.10,  20.08,  19.77,  19.60,  19.93,  19.91,  20.02,  19.95
19960821, 1800,  , LO, 26.8N, 157.1E,  20,    0,    0,    0,    0,    0,    0,    0,    0,    0,    0,    0,    0,    0, -999,  19.37,  19.45,  19.16,  19.10,  19.48,  19.39,  19.66,  19.54,  20.10,  20.12,  20.02,  20.04,  20.25,  19.99,  19.92,  19.98,  19.70,  19.56,  19.70,  19.62,  19.81,  19.95,  19.78,  19.95,  19.84,  19.80,  19.84,  20.14,  20.14,  20.15,  19.91
19960822, 0000,  , LO, 26.7N, 158.0E,  25,    0,    0,    0,    0,    0,    0,    0,    0,    0,    0,    0,    0,    0, -999,  20.05,  19.14,  19.79,  19.80,  19.27,  20.05,  19.95,  20.12,  20.57,  20.46,  20.05,  19.82,  19.74,  19.71,  19.72,  19.31,  19.38,  19.56,  19.13,  19.21,  19.43,  19.38,  19.66,  19.66,  19.23,  19.52,  19.30,  19.40,  19.55,  19.12,  19.15
19960822, 0600,  , LO, 27.0N, 158.8E,  25,    0,    0,    0,    0,    0,    0,    0,    0,    0,    0,    0,    0,    0, -999,  19.89,  19.82,  20.27,  20.19,  19.99,  19.58,  19.51,  19.90,  19.68,  19.77,  20.24,  20.23,  19.84,  19.35,  18.88,  18.17,  18.22,  18.17,  18.09,  18.11,  18.33,  18.18,  18.74,  18.62,  18.45,  18.34,  18.45,  18.57,  19.02,  18.77,  18.91
19960822, 1200,  , LO, 27.5N, 159.5E,  25,    0,    0,    0,    0,    0,    0,    0,    0,    0,    0,    0,    0,    0, -999,  19.77,  19.57,  19.49,  19.35,  19.01,  19.08,  19.02,  18.64,  18.57,  18.45,  18.49,  18.89,  19.34,  19.67,  19.82,  19.97,  20.09,  20.37,  20.40,  20.35,  20.31,  20.46,  20.38,  20.38,  20.50,  20.55,  20.48,  20.24,  20.19,  19.82,  20.09
19960822, 1800,  , LO, 28.1N, 160.0E,  25,    0,    0,    0,    0,    0,    0,    0,    0,    0,    0,    0,    0,    0, -999,  18.70,  17.95,  18.04,  18.15,  18.41,  18.59,  18.32,  18.53,  18.73,  18.53,  18.81,  18.96,  19.05,  18.94,  19.71,  20.00,  19.91,  20.34,  20.17,  20.26,  20.31,  20.22,  19.97,  19.84,  20.18,  20.17,  20.14,  20.39,  20.92,  20.59,  20.58
19960823, 0000,  , LO, 28.7N, 160.4E,  30,    0,    0,    0,    0,    0,    0,    0,    0,    0,    0,    0,    0,    0, -999,  20.94,  20.34,  20.79,  21.81,  22.23,  21.80,  21.40,  22.21,  22.03,  21.69,  21.48,  21.35,  21.06,  21.71,  21.87,  21.59,  21.52,  21.48,  21.84,  21.99,  21.97,  22.29,  22.38,  22.18,  21.77,  21.80,  21.92,  21.84,  21.76,  21.67,  21.50
19960823, 0600,  , TS, 29.5N, 160.7E,  35,    0,    0,    0,    0,    0,    0,    0,    0,    0,    0,    0,    0,    0, -999,  21.38,  20.79,  20.45,  20.58,  20.55,  20.87,  20.84,  20.76,  20.75,  20.83,  21.04,  21.10,  21.21,  21.51,  21.30,  21.00,  20.89,  20.75,  20.89,  20.97,  20.67,  21.00,  20.71,  20.58,  20.57,  20.41,  20.09,  20.41,  20.56,  20.57,  20.23
19960823, 1200,  , TS, 30.3N, 160.8E,  35,    0,    0,    0,    0,    0,    0,    0,    0,    0,    0,    0,    0,    0, -999,  19.67,  19.52,  19.52,  19.41,  19.02,  19.76,  20.08,  20.76,  20.34,  20.20,  20.05,  20.04,  19.68,  20.06,  20.23,  20.11,  18.76,  18.92,  19.28,  19.50,  20.05,  20.50,  20.62,  20.47,  20.79,  20.57,  20.15,  20.18,  20.60,  20.75,  20.81
19960823, 1800,  , TS, 30.9N, 160.4E,  40,    0,    0,    0,    0,    0,    0,    0,    0,    0,    0,    0,    0,    0, -999,  18.89,  19.02,  19.00,  18.99,  18.89,  18.37,  18.46,  19.23,  18.89,  19.11,  18.86,  19.17,  19.01,  18.91,  19.26,  19.09,  19.09,  19.15,  19.27,  19.22,  18.92,  19.02,  19.75,  19.92,  19.56,  19.48,  19.51,  19.44,  19.47,  19.71,  19.84
19960824, 0000,  , TS, 31.4N, 160.0E,  45,    0,    0,    0,    0,    0,    0,    0,    0,    0,    0,    0,    0,    0, -999,  18.75,  18.61,  17.98,  17.64,  17.76,  18.16,  18.63,  18.45,  18.64,  18.73,  18.73,  18.88,  18.81,  18.66,  18.78,  18.37,  18.34,  18.36,  18.34,  18.43,  18.76,  18.63,  18.77,  18.97,  18.96,  18.89,  19.32,  19.59,  19.79,  19.71,  19.73
19960824, 0600,  , TS, 32.0N, 159.6E,  50,    0,    0,    0,    0,    0,    0,    0,    0,    0,    0,    0,    0,    0, -999,  19.30,  19.42,  18.07,  17.51,  17.21,  17.52,  17.52,  17.60,  17.89,  17.77,  17.92,  17.72,  17.75,  17.83,  17.97,  18.07,  17.98,  17.76,  17.78,  17.54,  17.86,  17.97,  17.56,  17.75,  18.00,  18.28,  18.52,  18.36,  18.45,  18.39,  18.40
19960824, 1200,  , TS, 32.6N, 159.4E,  55,    0,    0,    0,    0,    0,    0,    0,    0,    0,    0,    0,    0,    0, -999,  19.78,  19.48,  19.57,  18.84,  18.45,  18.59,  18.39,  17.79,  18.43,  18.81,  18.37,  18.08,  17.87,  19.16,  18.67,  18.75,  18.50,  18.22,  17.95,  17.36,  18.14,  18.31,  18.52,  18.46,  18.31,  18.42,  18.29,  17.90,  17.83,  18.82,  18.95
19960824, 1800,  , TS, 33.2N, 159.1E,  60,    0,    0,    0,    0,    0,    0,    0,    0,    0,    0,    0,    0,    0, -999,  19.11,  19.21,  18.67,  18.32,  19.29,  20.41,  20.13,  20.39,  19.92,  19.82,  19.80,  19.97,  20.39,  21.00,  21.12,  21.16,  20.81,  20.49,  20.77,  20.96,  20.41,  20.80,  21.02,  21.53,  21.96,  23.22,  23.10,  21.65,  22.18,  22.46,  22.84
19960825, 0000,  , HU, 34.2N, 158.9E,  65,    0,    0,    0,    0,    0,    0,    0,    0,    0,    0,    0,    0,    0, -999,  18.45,  16.58,  18.41,  18.44,  18.56,  18.03,  18.14,  18.32,  19.15,  19.05,  19.12,  19.23,  19.64,  20.16,  20.04,  21.11,  20.47,  19.46,  19.91,  19.23,  19.66,  20.49,  20.59,  20.93,  21.13,  21.20,  21.75,  21.70,  21.62,  21.99,    nan
19960825, 0600,  , HU, 35.3N, 158.6E,  65,    0,    0,    0,    0,    0,    0,    0,    0,    0,    0,    0,    0,    0, -999,  18.21,  17.94,  18.12,  17.81,  15.81,  15.80,  14.96,  14.82,  14.78,  15.08,  15.20,  15.26,  16.20,  16.79,  16.39,  16.03,  15.68,  16.11,  16.36,  16.45,  16.75,  16.60,  17.46,  17.41,  17.46,  16.56,  16.50,  16.76,  16.83,  17.32,    nan
19960825, 1200,  , TS, 36.7N, 158.5E,  60,    0,    0,    0,    0,    0,    0,    0,    0,    0,    0,    0,    0,    0, -999,  17.71,  17.83,  18.04,  17.06,  15.90,  15.97,  16.42,  18.26,  18.39,  18.36,  18.37,  18.18,  18.71,  18.71,  18.43,  18.07,  17.23,  17.48,  18.15,  18.38,  17.45,  17.66,  17.84,  17.10,  16.46,  15.92,  15.35,  15.51,  16.01,  16.11,    nan
19960825, 1800,  , TS, 38.5N, 158.8E,  60,    0,    0,    0,    0,    0,    0,    0,    0,    0,    0,    0,    0,    0, -999,  15.80,  15.00,  14.85,  14.37,  14.20,  14.13,  14.36,  15.71,  15.75,  15.73,  16.53,  16.75,  16.78,  17.35,  17.47,  16.88,  16.25,  16.68,  17.38,  17.30,  17.02,  16.65,  16.67,  16.91,  17.01,  16.86,  16.72,  16.42,  16.71,  16.57,    nan
19960826, 0000,  , TS, 40.7N, 159.4E,  60,    0,    0,    0,    0,    0,    0,    0,    0,    0,    0,    0,    0,    0, -999,  11.05,  10.83,  11.11,  11.24,  11.35,  11.43,  13.65,  13.81,  12.98,  12.37,  12.17,  12.55,  12.70,  12.82,  12.74,  12.62,  12.46,  11.94,  12.04,  11.67,  10.99,  11.63,  12.18,  12.26,  12.66,  12.86,  14.22,  12.93,  12.23,    nan,    nan
19960826, 0600,  , TS, 43.6N, 160.3E,  55,    0,    0,    0,    0,    0,    0,    0,    0,    0,    0,    0,    0,    0, -999,   8.71,   8.63,   8.26,   8.16,   8.04,   7.80,   8.86,   9.40,  10.00,   9.99,   9.77,   9.91,  10.08,   9.88,   9.82,   9.78,   9.87,   9.70,   9.42,   9.54,   9.65,   8.33,   8.04,   7.64,   7.80,   8.38,   7.66,   8.07,   7.19,    nan,    nan
19960826, 1200,  , TS, 47.5N, 161.8E,  55,    0,    0,    0,    0,    0,    0,    0,    0,    0,    0,    0,    0,    0, -999,   3.77,   3.94,   3.77,   3.98,   3.77,   3.98,   3.79,   3.85,   3.74,   4.03,   3.78,   4.07,   3.82,   4.04,   3.94,   4.00,   3.90,   3.94,   4.12,   3.93,   4.09,   4.02,   4.13,   3.99,   4.17,   3.77,   3.91,   3.59,   3.69,    nan,    nan
19960826, 1800,  , TS, 52.0N, 164.0E,  50,    0,    0,    0,    0,    0,    0,    0,    0,    0,    0,    0,    0,    0, -999,   2.71,   2.73,   2.82,   2.79,   2.86,   2.61,   2.84,   2.92,   3.17,   3.12,   3.28,   3.38,   3.38,   3.40,   3.27,   3.16,   3.17,   3.33,   3.44,   3.44,   3.20,   3.37,   3.37,   3.18,   3.60,   2.93,   2.83,   2.52,   2.49,    nan,    nan
