WP212018,             RUMBIA,     18,
20180814, 0000,  , DB, 23.6N, 127.7E,  15, 1007,    0,    0,    0,    0,    0,    0,    0,    0,    0,    0,    0,    0, -999,  26.67,  26.84,  27.04,  27.65,  27.04,  27.21,  27.25,  27.19,  27.41,  27.35,  27.15,  28.22,  27.48,  27.19,  27.35,  27.69,  27.76,  28.27,  28.14,  27.95,  28.24,  28.88,  28.47,  27.81,  27.55,  28.28,  28.03,  28.23,  28.06,  27.59,  27.62
20180814, 0600,  , DB, 24.4N, 127.5E,  15, 1007,    0,    0,    0,    0,    0,    0,    0,    0,    0,    0,    0,    0, -999,  26.98,  27.38,  28.07,  28.30,  27.87,  28.00,  28.17,  28.63,  28.39,  28.69,  29.19,  29.26,  29.38,  29.29,  28.43,  28.35,  28.19,  28.34,  28.30,  28.22,  28.73,  28.58,  28.73,  28.49,  28.09,  28.98,  28.55,  27.97,  27.62,  27.63,  27.71
20180814, 1200,  , DB, 25.2N, 127.5E,  20, 1007,    0,    0,    0,    0,    0,    0,    0,    0,    0,    0,    0,    0, -999,  27.62,  27.74,  28.83,  28.90,  27.79,  29.12,  29.50,  29.51,  29.45,  29.33,  29.41,  29.45,  29.40,  29.20,  28.90,  28.24,  28.52,  28.45,  27.93,  27.87,  28.47,  28.82,  28.89,  28.93,  28.38,  28.97,  28.87,  28.57,  28.34,  28.47,  28.45
20180814, 1800,  , TD, 26.1N, 127.5E,  25, 1004,    0,    0,    0,    0,    0,    0,    0,    0,    0,    0,    0,    0, -999,  26.78,  26.67,  26.80,  26.79,  27.10,  28.00,  27.80,  28.36,  27.82,  27.72,  27.71,  27.90,  28.03,  27.95,  27.86,  27.38,  28.01,  27.31,  27.26,  27.15,  27.58,  28.00,  27.85,  27.95,  27.31,  27.18,  27.57,  26.98,  27.36,  27.63,  27.83
20180815, 0000,  , TD, 27.1N, 127.3E,  30,  997,    0,    0,    0,    0,    0,    0,    0,    0,    0,    0,    0,    0, -999,  27.25,  28.45,  28.62,  27.65,  27.34,  28.73,  28.90,  29.00,  28.84,  28.77,  29.20,  29.43,  29.01,  29.15,  28.79,  28.91,  28.81,  28.68,  28.74,  28.70,  28.98,  28.93,  28.83,  28.36,  28.21,  28.62,  28.39,  28.38,  28.93,  29.02,  28.80
20180815, 0600,  , TD, 27.9N, 126.9E,  30,  993,    0,    0,    0,    0,    0,    0,    0,    0,    0,    0,    0,    0, -999,  28.91,  28.74,  28.70,  28.78,  28.58,  28.77,  28.82,  28.31,  28.66,  28.27,  29.02,  28.86,  28.69,  28.92,  28.88,  28.99,  28.97,  28.93,  28.87,  28.90,  29.04,  29.20,  28.90,  28.87,  28.73,  29.12,  28.89,  28.96,  28.59,  28.54,  28.81
20180815, 1200,  , TS, 29.0N, 125.9E,  35,  990,   90,  120,   40,   60,    0,    0,    0,    0,    0,    0,    0,    0, -999,  27.92,  27.90,  27.96,  28.19,  28.37,  28.25,  28.54,  28.34,  27.94,  27.73,  27.74,  27.77,  28.33,  28.67,  28.59,  28.76,  28.63,  28.34,  28.29,  28.62,  28.80,  28.45,  28.22,  28.12,  28.42,  28.84,  28.67,  28.96,  29.12,  29.20,  29.50
20180815, 1800,  , TS, 29.7N, 125.2E,  35,  989,  120,  160,   70,   80,    0,    0,    0,    0,    0,    0,    0,    0, -999,  27.53,  27.70,  27.81,  27.62,  27.61,  27.81,  28.26,  28.52,  28.43,  28.54,  28.66,  28.83,  28.70,  28.82,  28.45,  28.73,  28.69,  28.65,  28.59,  28.98,  28.90,  28.79,  28.82,  28.62,  28.52,  28.73,  28.22,  28.69,  28.81,  28.99,  29.13
20180816, 0000,  , TS, 29.9N, 124.7E,  40,  985,  130,  160,   90,   90,    0,    0,    0,    0,    0,    0,    0,    0, -999,  28.46,  28.30,  28.20,  28.43,  28.58,  28.64,  28.90,  28.79,  28.89,  29.02,  29.22,  29.20,  29.07,  28.26,  28.71,  28.62,  28.64,  28.51,  28.96,  28.91,  28.73,  28.90,  28.78,  28.42,  28.58,  27.60,  28.24,  28.42,  28.73,  28.95,  28.70
20180816, 0600,  , TS, 30.1N, 124.1E,  40,  984,  160,  160,   90,  100,    0,    0,    0,    0,    0,    0,    0,    0, -999,  28.05,  27.94,  27.56,  28.05,  28.36,  28.44,  28.75,  28.79,  28.97,  29.18,  29.39,  29.42,  28.78,  28.04,  28.36,  28.23,  28.27,  28.09,  28.36,  28.38,  28.24,  28.67,  28.59,  28.38,  28.20,  27.84,  28.39,  28.63,  29.05,  29.21,  28.98
20180816, 1200,  , TS, 30.3N, 123.0E,  45,  978,  160,  160,   90,  110,    0,    0,    0,    0,    0,    0,    0,    0, -999,  27.81,  27.39,  27.13,  27.29,  27.80,  28.08,  28.23,  28.34,  28.60,  28.81,  29.02,  28.88,  28.48,  26.70,  26.87,  27.03,  26.82,  26.51,  26.52,  26.58,  26.83,  27.44,  27.45,  27.14,  26.88,  26.62,  26.81,  27.34,  27.73,  28.00,  27.93
20180816, 1800,  , TS, 30.7N, 121.8E,  50,  978,  160,  160,   80,  120,   86,   86,   36,   61,    0,    0,    0,    0, -999,    nan,    nan,    nan,    nan,    nan,    nan,    nan,    nan,    nan,    nan,    nan,    nan,    nan,    nan,    nan,    nan,    nan,    nan,    nan,    nan,    nan,    nan,    nan,    nan,    nan,    nan,    nan,    nan,    nan,    nan,    nan
20180817, 0000,  , TS, 31.3N, 120.5E,  45,  981,  130,  130,   60,  100,    0,    0,    0,    0,    0,    0,    0,    0, -999,    nan,    nan,    nan,    nan,    nan,    nan,    nan,    nan,    nan,    nan,    nan,    nan,    nan,    nan,    nan,    nan,    nan,    nan,    nan,    nan,    nan,    nan,    nan,    nan,    nan,    nan,    nan,    nan,    nan,    nan,    nan
20180817, 0600,  , TS, 31.6N, 118.7E,  40,  985,  120,   80,   40,  100,    0,    0,    0,    0,    0,    0,    0,    0, -999,    nan,    nan,    nan,    nan,    nan,    nan,    nan,    nan,    nan,    nan,    nan,    nan,    nan,    nan,    nan,    nan,    nan,    nan,    nan,    nan,    nan,    nan,    nan,    nan,    nan,    nan,    nan,    nan,    nan,    nan,    nan
20180817, 1200,  , TS, 31.6N, 117.2E,  35,  987,   60,   50,   30,   60,    0,    0,    0,    0,    0,    0,    0,    0, -999,    nan,    nan,    nan,    nan,    nan,    nan,    nan,    nan,    nan,    nan,    nan,    nan,    nan,    nan,    nan,    nan,    nan,    nan,    nan,    nan,    nan,    nan,    nan,    nan,    nan,    nan,    nan,    nan,    nan,    nan,    nan
20180817, 1800,  , TD, 31.9N, 116.2E,  30,  990,    0,    0,    0,    0,    0,    0,    0,    0,    0,    0,    0,    0, -999,    nan,    nan,    nan,    nan,    nan,    nan,    nan,    nan,    nan,    nan,    nan,    nan,    nan,    nan,    nan,    nan,    nan,    nan,    nan,    nan,    nan,    nan,    nan,    nan,    nan,    nan,    nan,    nan,    nan,    nan,    nan
20180818, 0000,  , TD, 32.3N, 115.7E,  25,  995,    0,    0,    0,    0,    0,    0,    0,    0,    0,    0,    0,    0, -999,    nan,    nan,    nan,    nan,    nan,    nan,    nan,    nan,    nan,    nan,    nan,    nan,    nan,    nan,    nan,    nan,    nan,    nan,    nan,    nan,    nan,    nan,    nan,    nan,    nan,    nan,    nan,    nan,    nan,    nan,    nan
20180818, 0600,  , DB, 32.9N, 115.1E,  20,  995,    0,    0,    0,    0,    0,    0,    0,    0,    0,    0,    0,    0, -999,    nan,    nan,    nan,    nan,    nan,    nan,    nan,    nan,    nan,    nan,    nan,    nan,    nan,    nan,    nan,    nan,    nan,    nan,    nan,    nan,    nan,    nan,    nan,    nan,    nan,    nan,    nan,    nan,    nan,    nan,    nan
