WP212021,          TWENTYONE,     15,
20210921, 0000,  , DB, 12.9N, 119.0E,  15, 1008,    0,    0,    0,    0,    0,    0,    0,    0,    0,    0,    0,    0, -999,  34.04,  34.01,  33.95,  33.96,  33.95,  33.89,  33.81,  33.70,  33.73,  33.72,  33.76,  33.70,  33.71,  33.67,  33.71,  33.70,  33.67,  33.67,  33.69,  33.77,  33.77,  33.76,  33.78,  33.78,  33.79,  33.77,  33.72,  33.73,  33.70,  33.77,  33.72
20210921, 0600,  , DB, 12.0N, 118.4E,  15, 1008,    0,    0,    0,    0,    0,    0,    0,    0,    0,    0,    0,    0, -999,  33.77,  33.75,  33.74,  33.70,  33.75,  33.73,  33.65,  33.62,  33.64,  33.70,  33.70,  33.70,  33.68,  33.64,  33.65,  33.67,  33.61,  33.60,  33.56,  33.57,  33.62,  33.62,  33.59,  33.63,  33.64,  33.64,  33.59,  33.59,  33.62,  33.60,  33.58
20210921, 1200,  , DB, 11.7N, 117.6E,  15, 1007,    0,    0,    0,    0,    0,    0,    0,    0,    0,    0,    0,    0, -999,  33.79,  33.69,  33.65,  33.68,  33.71,  33.69,  33.68,  33.62,  33.71,  33.65,  33.64,  33.68,  33.66,  33.63,  33.64,  33.64,  33.64,  33.61,  33.62,  33.67,  33.66,  33.72,  33.70,  33.72,  33.70,  33.63,  33.67,  33.57,  33.60,  33.61,  33.59
20210921, 1800,  , DB, 11.7N, 116.4E,  15, 1008,    0,    0,    0,    0,    0,    0,    0,    0,    0,    0,    0,    0, -999,  33.75,  33.68,  33.71,  33.71,  33.70,  33.66,  33.67,  33.57,  33.59,  33.56,  33.58,  33.66,  33.59,  33.67,  33.58,  33.63,  33.66,  33.73,  33.66,  33.64,  33.70,  33.72,  33.77,  33.78,  33.78,  33.73,  33.73,  33.69,  33.66,  33.65,  33.62
20210922, 0000,  , DB, 11.9N, 115.4E,  15, 1008,    0,    0,    0,    0,    0,    0,    0,    0,    0,    0,    0,    0, -999,  33.62,  33.64,  33.65,  33.72,  33.80,  33.79,  33.84,  33.85,  33.88,  33.86,  33.88,  33.85,  33.80,  33.83,  33.80,  33.95,  33.91,  33.87,  33.77,  33.76,  33.67,  33.64,  33.68,  33.69,  33.68,  33.67,  33.73,  33.70,  33.70,  33.63,  33.65
20210922, 0600,  , DB, 12.3N, 114.4E,  20, 1007,    0,    0,    0,    0,    0,    0,    0,    0,    0,    0,    0,    0, -999,  33.68,  33.71,  33.67,  33.75,  33.98,  33.98,  33.97,  34.03,  34.14,  34.17,  34.20,  34.15,  34.15,  34.17,  34.23,  34.26,  34.30,  34.29,  34.28,  34.33,  34.28,  34.30,  34.22,  34.17,  34.18,  34.05,  34.17,  34.19,  34.16,  34.06,  34.11
20210922, 1200,  , DB, 12.6N, 113.5E,  20, 1008,    0,    0,    0,    0,    0,    0,    0,    0,    0,    0,    0,    0, -999,  33.68,  33.72,  33.69,  33.78,  33.96,  33.90,  34.07,  34.00,  34.11,  34.14,  34.17,  34.09,  34.08,  34.05,  34.03,  34.07,  34.09,  34.07,  34.13,  34.14,  34.15,  34.10,  34.12,  34.08,  34.17,  34.08,  34.09,  34.11,  34.14,  34.06,  34.05
20210922, 1800,  , TD, 13.2N, 112.6E,  25, 1004,    0,    0,    0,    0,    0,    0,    0,    0,    0,    0,    0,    0, -999,  34.10,  34.08,  34.08,  34.17,  34.21,  34.16,  34.18,  34.12,  34.11,  34.17,  34.20,  34.12,  34.19,  34.17,  34.04,  34.06,  34.02,  33.99,  34.04,  34.12,  34.06,  33.94,  33.89,  33.98,  34.02,  34.06,  34.04,  34.06,  34.07,  34.07,  34.12
20210923, 0000,  , TD, 13.9N, 111.7E,  30, 1003,    0,    0,    0,    0,    0,    0,    0,    0,    0,    0,    0,    0, -999,  34.43,  34.48,  34.44,  34.41,  34.40,  34.36,  34.32,  34.33,  34.33,  34.32,  34.29,  34.36,  34.32,  34.30,  34.36,  34.27,  34.26,  34.26,  34.23,  34.25,  34.21,  34.19,  34.18,  34.33,  34.39,  34.20,  34.11,  34.04,  34.06,  34.11,  34.14
20210923, 0600,  , TD, 14.6N, 110.6E,  30, 1002,    0,    0,    0,    0,    0,    0,    0,    0,    0,    0,    0,    0, -999,  34.22,  34.28,  34.26,  34.23,  34.16,  34.33,  34.20,  34.19,  34.18,  34.15,  34.20,  34.22,  34.17,  34.16,  34.17,  34.18,  34.15,  34.13,  34.08,  34.17,  34.15,  34.18,  34.22,  34.24,  34.24,  34.20,  34.24,  34.19,  34.20,  34.21,  34.21
20210923, 1200,  , TS, 15.0N, 109.2E,  35, 1001,   40,   20,   30,   40,    0,    0,    0,    0,    0,    0,    0,    0, -999,  34.11,  34.13,  34.10,  33.79,  33.81,  33.73,  33.77,  33.86,  34.08,  34.12,  34.06,  34.20,  34.00,  33.94,  34.02,  33.98,  33.83,  34.19,  34.00,  34.08,  34.02,  33.97,  34.04,  33.97,  34.05,  33.97,  34.02,  33.96,  33.88,  33.78,  33.73
20210923, 1800,  , TD, 15.4N, 107.8E,  30, 1006,    0,    0,    0,    0,    0,    0,    0,    0,    0,    0,    0,    0, -999,    nan,    nan,    nan,    nan,    nan,    nan,    nan,    nan,    nan,    nan,    nan,    nan,    nan,    nan,    nan,    nan,    nan,    nan,    nan,    nan,    nan,    nan,    nan,    nan,    nan,    nan,    nan,    nan,    nan,    nan,    nan
20210924, 0000,  , TD, 15.6N, 106.4E,  25, 1007,    0,    0,    0,    0,    0,    0,    0,    0,    0,    0,    0,    0, -999,    nan,    nan,    nan,    nan,    nan,    nan,    nan,    nan,    nan,    nan,    nan,    nan,    nan,    nan,    nan,    nan,    nan,    nan,    nan,    nan,    nan,    nan,    nan,    nan,    nan,    nan,    nan,    nan,    nan,    nan,    nan
20210924, 0600,  , DB, 16.2N, 105.8E,  20, 1007,    0,    0,    0,    0,    0,    0,    0,    0,    0,    0,    0,    0, -999,    nan,    nan,    nan,    nan,    nan,    nan,    nan,    nan,    nan,    nan,    nan,    nan,    nan,    nan,    nan,    nan,    nan,    nan,    nan,    nan,    nan,    nan,    nan,    nan,    nan,    nan,    nan,    nan,    nan,    nan,    nan
20210924, 1200,  , DB, 16.8N, 105.3E,  15, 1009,    0,    0,    0,    0,    0,    0,    0,    0,    0,    0,    0,    0, -999,    nan,    nan,    nan,    nan,    nan,    nan,    nan,    nan,    nan,    nan,    nan,    nan,    nan,    nan,    nan,    nan,    nan,    nan,    nan,    nan,    nan,    nan,    nan,    nan,    nan,    nan,    nan,    nan,    nan,    nan,    nan
