WP222007,              TAPAH,     15,
20071109, 0600,  , DB, 16.3N, 147.7E,  15, 1010,    0,    0,    0,    0,    0,    0,    0,    0,    0,    0,    0,    0, -999,  34.27,  34.24,  34.27,  34.29,  34.29,  34.28,  34.27,  34.28,  34.26,  34.23,  34.22,  34.26,  34.28,  34.28,  34.28,  34.28,  34.29,  34.29,  34.29,  34.43,  34.27,  34.45,  34.32,  34.20,  34.26,  34.30,  34.28,  34.33,  34.31,  34.37,  34.28
20071109, 1200,  , DB, 17.0N, 146.0E,  20, 1007,    0,    0,    0,    0,    0,    0,    0,    0,    0,    0,    0,    0, -999,  35.01,  35.00,  34.97,  34.97,  34.90,  34.97,  34.91,  34.78,  34.71,  34.66,  34.65,  34.60,  34.54,  34.41,  34.37,  34.28,  34.58,  34.61,  34.58,  34.57,  34.50,  34.52,  34.40,  34.38,  34.22,  34.17,  34.26,  34.38,  34.34,  34.32,  34.32
20071109, 1800,  , DB, 17.5N, 144.6E,  20, 1007,    0,    0,    0,    0,    0,    0,    0,    0,    0,    0,    0,    0, -999,  34.97,  34.92,  34.92,  34.99,  34.89,  34.80,  34.65,  34.63,  34.62,  34.55,  34.38,  34.35,  34.31,  34.29,  34.50,  34.63,  34.58,  34.60,  34.51,  34.57,  34.59,  34.22,  34.22,  34.22,  34.23,  34.27,  34.25,  34.23,  34.15,  34.14,  34.13
20071110, 0000,  , DB, 18.0N, 143.4E,  20, 1007,    0,    0,    0,    0,    0,    0,    0,    0,    0,    0,    0,    0, -999,  34.40,  34.53,  34.89,  34.93,  34.46,  34.34,  34.24,  34.24,  34.21,  34.13,  34.51,  34.58,  34.67,  34.79,  34.83,  34.81,  34.74,  34.72,  34.72,  34.70,  34.68,  34.62,  34.59,  34.62,  34.57,  34.57,  34.64,  34.83,  34.92,  34.89,  34.96
20071110, 0600,  , DB, 18.5N, 142.2E,  20, 1004,    0,    0,    0,    0,    0,    0,    0,    0,    0,    0,    0,    0, -999,  35.03,  35.02,  34.99,  34.91,  34.74,  34.37,  34.30,  34.31,  34.30,  34.28,  34.36,  34.38,  34.39,  34.41,  34.48,  34.61,  34.72,  34.72,  34.71,  34.76,  34.80,  34.80,  34.82,  34.83,  34.79,  34.75,  34.75,  34.76,  34.73,  34.66,  34.53
20071110, 1200,  , DB, 18.9N, 141.4E,  20, 1004,    0,    0,    0,    0,    0,    0,    0,    0,    0,    0,    0,    0, -999,  35.03,  35.06,  35.07,  35.02,  35.01,  35.02,  34.99,  34.96,  34.82,  34.60,  34.54,  34.40,  34.45,  34.38,  34.41,  34.41,  34.42,  34.42,  34.43,  34.57,  34.60,  34.64,  34.70,  34.78,  34.83,  34.87,  34.81,  34.77,  34.75,  34.73,  34.75
20071110, 1800,  , TD, 19.4N, 140.6E,  25, 1004,    0,    0,    0,    0,    0,    0,    0,    0,    0,    0,    0,    0, -999,  34.85,  34.83,  34.82,  34.80,  34.82,  34.91,  34.97,  34.91,  34.92,  34.91,  34.91,  34.94,  34.98,  34.92,  34.76,  34.58,  34.53,  34.53,  34.42,  34.47,  34.39,  34.42,  34.30,  34.29,  34.34,  34.48,  34.58,  34.66,  34.74,  34.77,  34.78
20071111, 0000,  , TD, 19.7N, 140.2E,  25, 1004,    0,    0,    0,    0,    0,    0,    0,    0,    0,    0,    0,    0, -999,  34.82,  34.80,  34.81,  34.84,  34.79,  34.80,  34.94,  34.97,  34.88,  34.88,  34.92,  34.90,  34.88,  34.92,  34.98,  34.87,  34.72,  34.51,  34.56,  34.63,  34.73,  34.65,  34.48,  34.34,  34.33,  34.34,  34.46,  34.58,  34.66,  34.70,  34.72
20071111, 0600,  , TD, 20.0N, 139.9E,  30, 1000,    0,    0,    0,    0,    0,    0,    0,    0,    0,    0,    0,    0, -999,  34.89,  34.73,  34.58,  34.65,  34.75,  34.75,  34.80,  34.93,  34.98,  34.95,  34.88,  34.92,  34.96,  34.93,  34.91,  34.88,  34.90,  34.86,  34.69,  34.60,  34.75,  34.81,  34.82,  34.72,  34.43,  34.35,  34.30,  34.39,  34.52,  34.61,  34.68
20071111, 1200,  , TD, 20.4N, 139.9E,  30, 1000,    0,    0,    0,    0,    0,    0,    0,    0,    0,    0,    0,    0, -999,  34.60,  34.56,  34.56,  34.61,  34.70,  34.78,  34.85,  34.97,  34.95,  34.96,  34.77,  34.75,  34.75,  34.75,  34.95,  34.98,  34.92,  34.80,  34.66,  34.74,  34.71,  34.56,  34.74,  34.76,  34.71,  34.44,  34.34,  34.32,  34.37,  34.43,  34.43
20071111, 1800,  , TS, 21.2N, 140.6E,  35,  996,    0,    0,    0,    0,    0,    0,    0,    0,    0,    0,    0,    0, -999,  34.70,  34.82,  34.79,  34.83,  34.63,  34.55,  34.63,  34.74,  34.92,  34.80,  34.73,  34.76,  34.74,  34.74,  34.74,  34.71,  34.73,  34.67,  34.71,  34.86,  34.81,  34.67,  34.64,  34.69,  34.76,  34.66,  34.64,  34.64,  34.62,  34.58,  34.55
20071112, 0000,  , TS, 22.2N, 142.0E,  35,  996,    0,    0,    0,    0,    0,    0,    0,    0,    0,    0,    0,    0, -999,  34.66,  34.66,  34.64,  34.64,  34.66,  34.67,  34.70,  34.76,  34.71,  34.67,  34.70,  34.72,  34.72,  34.73,  34.75,  34.71,  34.69,  34.66,  34.69,  34.71,  34.72,  34.73,  34.74,  34.75,  34.74,  34.79,  34.71,  34.72,  34.70,  34.68,  34.64
20071112, 0600,  , TS, 23.2N, 143.6E,  35,  996,    0,    0,    0,    0,    0,    0,    0,    0,    0,    0,    0,    0, -999,  34.89,  34.97,  34.92,  34.81,  34.70,  34.70,  34.81,  34.93,  34.86,  34.75,  34.72,  34.69,  34.69,  34.70,  34.71,  34.77,  34.79,  34.82,  35.29,  35.05,  34.83,  34.92,  34.86,  34.72,  34.64,  34.65,  34.70,  34.72,  34.70,  34.77,  34.79
20071112, 1200,  , TS, 24.1N, 146.0E,  35,  996,    0,    0,    0,    0,    0,    0,    0,    0,    0,    0,    0,    0, -999,  34.88,  34.58,  34.51,  34.55,  34.78,  34.86,  35.00,  34.93,  34.89,  34.81,  34.84,  34.83,  34.84,  34.74,  34.70,  34.73,  34.70,  34.72,  34.76,  34.80,  34.86,  34.89,  34.92,  34.94,  34.93,  34.97,  35.17,  35.06,  34.99,  34.93,  34.95
20071112, 1800,  , EX, 26.4N, 149.7E,  25, 1004,    0,    0,    0,    0,    0,    0,    0,    0,    0,    0,    0,    0, -999,  34.77,  34.65,  34.62,  34.65,  34.83,  34.97,  34.96,  34.90,  34.82,  34.82,  34.82,  34.84,  34.83,  34.85,  34.85,  34.87,  34.87,  34.86,  34.89,  34.90,  34.93,  35.00,  35.11,  35.23,  35.20,  35.13,  35.02,  34.97,  34.96,  35.01,  35.10
