WP221997,            UNNAMED,     36,
19970917, 1200,  , LO, 13.0N, 114.0E,  15,    0,    0,    0,    0,    0,    0,    0,    0,    0,    0,    0,    0,    0, -999,  33.14,  32.60,  32.71,  33.05,  32.86,  32.95,  33.13,  33.17,  33.24,  33.20,  33.14,  33.26,  33.25,  33.29,  33.33,  33.36,  33.36,  33.41,  33.50,  33.41,  33.29,  33.26,  33.25,  33.21,  33.24,  33.28,  33.26,  33.28,  33.30,  33.33,  33.33
19970917, 1800,  , LO, 13.3N, 114.3E,  15,    0,    0,    0,    0,    0,    0,    0,    0,    0,    0,    0,    0,    0, -999,  33.17,  32.98,  32.80,  32.82,  32.89,  32.92,  32.93,  33.15,  33.22,  33.25,  33.21,  33.23,  33.24,  33.25,  33.28,  33.27,  33.22,  33.19,  33.25,  33.25,  33.00,  33.50,  33.53,  33.50,  33.35,  33.32,  33.32,  33.32,  33.36,  33.34,  33.31
19970918, 0000,  , LO, 13.6N, 114.0E,  15,    0,    0,    0,    0,    0,    0,    0,    0,    0,    0,    0,    0,    0, -999,  33.46,  33.38,  33.30,  33.24,  32.69,  32.63,  32.70,  32.92,  32.99,  32.96,  33.13,  33.22,  33.41,  33.44,  33.44,  33.39,  33.35,  33.29,  33.19,  33.16,  33.53,  33.60,  33.60,  33.57,  33.40,  33.35,  33.22,  33.21,  33.21,  33.34,  33.40
19970918, 0600,  , LO, 13.7N, 113.6E,  20,    0,    0,    0,    0,    0,    0,    0,    0,    0,    0,    0,    0,    0, -999,  33.45,  33.36,  33.22,  33.06,  32.60,  33.01,  33.02,  32.86,  32.98,  33.06,  33.07,  33.18,  33.41,  33.38,  33.28,  33.27,  33.28,  33.28,  33.17,  33.29,  33.55,  33.58,  33.62,  33.57,  33.30,  33.21,  33.13,  33.17,  33.23,  33.22,  33.26
19970918, 1200,  , LO, 13.6N, 113.2E,  20,    0,    0,    0,    0,    0,    0,    0,    0,    0,    0,    0,    0,    0, -999,  33.45,  33.32,  33.21,  33.40,  32.80,  33.10,  33.08,  32.91,  33.13,  33.09,  33.11,  33.27,  33.33,  33.25,  33.23,  33.29,  33.33,  33.34,  33.31,  33.38,  33.52,  33.63,  33.60,  33.47,  33.13,  33.06,  33.16,  33.24,  33.31,  33.39,  33.41
19970918, 1800,  , LO, 13.4N, 112.8E,  20,    0,    0,    0,    0,    0,    0,    0,    0,    0,    0,    0,    0,    0, -999,  33.33,  33.57,  33.63,  33.75,  33.80,  33.37,  33.27,  33.23,  33.17,  33.42,  33.49,  33.25,  33.19,  33.29,  33.28,  33.34,  33.49,  33.50,  33.53,  33.34,  33.39,  32.92,  32.71,  32.93,  32.89,  32.98,  33.02,  33.26,  33.31,  33.37,  33.30
19970919, 0000,  , LO, 13.2N, 112.5E,  20,    0,    0,    0,    0,    0,    0,    0,    0,    0,    0,    0,    0,    0, -999,  33.69,  33.71,  33.80,  33.74,  33.41,  33.75,  33.65,  33.50,  33.26,  33.39,  33.43,  33.44,  33.37,  33.48,  33.62,  33.19,  32.50,  32.28,  32.79,  32.88,  32.61,  33.04,  33.11,  33.17,  32.94,  32.98,  33.04,  33.09,  33.14,  33.18,  33.21
19970919, 0600,  , LO, 13.0N, 112.2E,  20,    0,    0,    0,    0,    0,    0,    0,    0,    0,    0,    0,    0,    0, -999,  33.74,  33.85,  33.88,  33.81,  33.72,  33.78,  33.80,  33.76,  33.68,  33.65,  33.59,  33.64,  33.73,  33.77,  33.06,  32.50,  32.81,  32.98,  32.90,  32.77,  32.97,  33.43,  33.42,  33.45,  33.40,  33.27,  33.12,  33.25,  33.26,  33.25,  33.32
19970919, 1200,  , LO, 12.8N, 111.9E,  20,    0,    0,    0,    0,    0,    0,    0,    0,    0,    0,    0,    0,    0, -999,  33.82,  33.88,  33.80,  33.77,  33.81,  33.81,  33.81,  33.80,  33.80,  33.78,  33.87,  33.85,  33.72,  33.66,  33.58,  33.65,  33.50,  33.46,  33.47,  33.37,  33.44,  33.37,  33.42,  33.37,  33.37,  33.34,  33.36,  33.51,  33.57,  33.61,  33.60
19970919, 1800,  , LO, 12.5N, 111.6E,  20,    0,    0,    0,    0,    0,    0,    0,    0,    0,    0,    0,    0,    0, -999,  33.87,  33.84,  33.81,  33.82,  33.82,  33.83,  33.84,  33.86,  33.87,  33.86,  33.80,  33.70,  33.71,  33.67,  33.62,  33.58,  33.50,  33.48,  33.50,  33.45,  33.42,  33.44,  33.39,  33.34,  33.30,  33.38,  33.51,  33.58,  33.65,  33.69,  33.68
19970920, 0000,  , LO, 12.4N, 111.3E,  20,    0,    0,    0,    0,    0,    0,    0,    0,    0,    0,    0,    0,    0, -999,  33.81,  33.84,  33.87,  33.88,  33.87,  33.88,  33.86,  33.78,  33.72,  33.70,  33.65,  33.63,  33.60,  33.58,  33.56,  33.56,  33.51,  33.53,  33.49,  33.46,  33.48,  33.47,  33.48,  33.34,  33.32,  33.37,  33.37,  33.40,  33.46,  33.48,  33.50
19970920, 0600,  , LO, 12.3N, 111.0E,  20,    0,    0,    0,    0,    0,    0,    0,    0,    0,    0,    0,    0,    0, -999,  33.83,  33.86,  33.88,  33.89,  33.88,  33.90,  33.91,  33.82,  33.77,  33.69,  33.65,  33.62,  33.60,  33.55,  33.50,  33.45,  33.39,  33.33,  33.30,  33.30,  33.39,  33.46,  33.50,  33.53,  33.54,  33.51,  33.52,  33.50,  33.54,  33.55,  33.52
19970920, 1200,  , LO, 12.5N, 110.7E,  20,    0,    0,    0,    0,    0,    0,    0,    0,    0,    0,    0,    0,    0, -999,  33.87,  33.90,  33.90,  33.90,  33.88,  33.89,  33.89,  33.81,  33.72,  33.66,  33.61,  33.57,  33.53,  33.51,  33.44,  33.40,  33.38,  33.40,  33.45,  33.47,  33.48,  33.47,  33.47,  33.49,  33.50,  33.53,  33.53,  33.41,  33.50,  33.51,  33.54
19970920, 1800,  , LO, 12.7N, 110.4E,  25,    0,    0,    0,    0,    0,    0,    0,    0,    0,    0,    0,    0,    0, -999,  33.81,  33.81,  33.83,  33.84,  33.86,  33.86,  33.85,  33.76,  33.67,  33.61,  33.54,  33.49,  33.43,  33.41,  33.47,  33.54,  33.54,  33.53,  33.46,  33.45,  33.52,  33.59,  33.67,  33.66,  33.65,  33.64,  33.63,  33.52,  33.59,  33.59,  33.60
19970921, 0000,  , LO, 13.1N, 110.2E,  25,    0,    0,    0,    0,    0,    0,    0,    0,    0,    0,    0,    0,    0, -999,  33.80,  33.81,  33.81,  33.83,  33.84,  33.84,  33.75,  33.70,  33.65,  33.59,  33.55,  33.54,  33.58,  33.60,  33.55,  33.51,  33.53,  33.51,  33.58,  33.67,  33.68,  33.64,  33.64,  33.64,  33.64,  33.63,  33.53,  33.62,  33.64,  33.67,  33.68
19970921, 0600,  , LO, 13.6N, 109.9E,  25,    0,    0,    0,    0,    0,    0,    0,    0,    0,    0,    0,    0,    0, -999,  33.72,  33.72,  33.74,  33.76,  33.76,  33.76,  33.75,  33.75,  33.68,  33.64,  33.66,  33.66,  33.64,  33.65,  33.67,  33.71,  33.70,  33.70,  33.61,  33.66,  33.67,  33.72,  33.70,  33.70,  33.71,  33.72,  33.72,  33.63,  33.56,  33.63,  33.53
19970921, 1200,  , LO, 14.3N, 109.8E,  25,    0,    0,    0,    0,    0,    0,    0,    0,    0,    0,    0,    0,    0, -999,  33.80,  33.81,  33.81,  33.80,  33.80,  33.80,  33.78,  33.76,  33.74,  33.73,  33.74,  33.74,  33.74,  33.74,  33.75,  33.68,  33.62,  33.72,  33.65,  33.66,  33.70,  33.68,  33.70,  33.72,  33.74,  33.71,  33.73,  33.64,  33.57,  33.61,  33.63
19970921, 1800,  , LO, 14.8N, 110.1E,  25,    0,    0,    0,    0,    0,    0,    0,    0,    0,    0,    0,    0,    0, -999,  33.77,  33.76,  33.77,  33.77,  33.78,  33.78,  33.76,  33.75,  33.74,  33.74,  33.73,  33.75,  33.74,  33.75,  33.76,  33.73,  33.66,  33.77,  33.69,  33.64,  33.68,  33.69,  33.71,  33.74,  33.73,  33.72,  33.70,  33.64,  33.63,  33.61,  33.61
19970922, 0000,  , LO, 15.2N, 110.6E,  25,    0,    0,    0,    0,    0,    0,    0,    0,    0,    0,    0,    0,    0, -999,  33.76,  33.77,  33.77,  33.78,  33.79,  33.81,  33.83,  33.83,  33.84,  33.85,  33.85,  33.85,  33.84,  33.82,  33.82,  33.80,  33.74,  33.73,  33.66,  33.68,  33.72,  33.69,  33.73,  33.69,  33.63,  33.60,  33.57,  33.54,  33.52,  33.52,  33.52
19970922, 0600,  , LO, 15.4N, 110.9E,  30,    0,    0,    0,    0,    0,    0,    0,    0,    0,    0,    0,    0,    0, -999,  33.80,  33.80,  33.81,  33.83,  33.85,  33.86,  33.87,  33.86,  33.86,  33.86,  33.85,  33.85,  33.85,  33.79,  33.83,  33.77,  33.77,  33.72,  33.60,  33.58,  33.61,  33.55,  33.58,  33.58,  33.58,  33.60,  33.59,  33.56,  33.59,  33.59,  33.59
19970922, 1200,  , LO, 15.6N, 111.1E,  30,    0,    0,    0,    0,    0,    0,    0,    0,    0,    0,    0,    0,    0, -999,  33.83,  33.83,  33.84,  33.86,  33.87,  33.88,  33.87,  33.84,  33.85,  33.87,  33.86,  33.88,  33.83,  33.84,  33.84,  33.82,  33.77,  33.76,  33.59,  33.58,  33.56,  33.51,  33.52,  33.53,  33.54,  33.59,  33.58,  33.56,  33.58,  33.60,  33.62
19970922, 1800,  , TS, 15.8N, 111.3E,  35,    0,    0,    0,    0,    0,    0,    0,    0,    0,    0,    0,    0,    0, -999,  33.86,  33.86,  33.87,  33.88,  33.87,  33.86,  33.87,  33.88,  33.87,  33.88,  33.88,  33.88,  33.88,  33.84,  33.85,  33.81,  33.80,  33.79,  33.64,  33.62,  33.53,  33.51,  33.53,  33.49,  33.51,  33.54,  33.55,  33.55,  33.57,  33.58,  33.60
19970923, 0000,  , TS, 15.9N, 111.3E,  45,    0,    0,    0,    0,    0,    0,    0,    0,    0,    0,    0,    0,    0, -999,  33.86,  33.87,  33.88,  33.87,  33.86,  33.87,  33.88,  33.87,  33.88,  33.88,  33.88,  33.88,  33.84,  33.85,  33.81,  33.80,  33.79,  33.64,  33.62,  33.53,  33.51,  33.53,  33.49,  33.51,  33.54,  33.55,  33.55,  33.57,  33.58,  33.60,  33.66
19970923, 0600,  , TS, 16.0N, 111.2E,  45,    0,    0,    0,    0,    0,    0,    0,    0,    0,    0,    0,    0,    0, -999,  33.87,  33.87,  33.86,  33.86,  33.87,  33.89,  33.87,  33.87,  33.89,  33.89,  33.90,  33.88,  33.86,  33.87,  33.84,  33.81,  33.80,  33.72,  33.70,  33.59,  33.62,  33.66,  33.60,  33.64,  33.59,  33.52,  33.54,  33.53,  33.54,  33.55,  33.59
19970923, 1200,  , TS, 16.0N, 111.1E,  45,    0,    0,    0,    0,    0,    0,    0,    0,    0,    0,    0,    0,    0, -999,  33.86,  33.86,  33.86,  33.85,  33.85,  33.86,  33.87,  33.87,  33.88,  33.88,  33.89,  33.88,  33.85,  33.87,  33.84,  33.81,  33.80,  33.73,  33.71,  33.59,  33.61,  33.65,  33.61,  33.68,  33.64,  33.60,  33.59,  33.57,  33.58,  33.58,  33.58
19970923, 1800,  , TS, 16.0N, 111.0E,  55,    0,    0,    0,    0,    0,    0,    0,    0,    0,    0,    0,    0,    0, -999,  33.84,  33.86,  33.85,  33.85,  33.84,  33.83,  33.84,  33.85,  33.88,  33.88,  33.88,  33.87,  33.82,  33.87,  33.84,  33.79,  33.80,  33.75,  33.73,  33.63,  33.62,  33.65,  33.62,  33.71,  33.68,  33.67,  33.65,  33.64,  33.66,  33.65,  33.62
19970924, 0000,  , HU, 16.0N, 110.8E,  65,    0,    0,    0,    0,    0,    0,    0,    0,    0,    0,    0,    0,    0, -999,  33.83,  33.82,  33.82,  33.81,  33.82,  33.81,  33.82,  33.85,  33.88,  33.87,  33.86,  33.84,  33.87,  33.84,  33.77,  33.80,  33.76,  33.76,  33.74,  33.61,  33.66,  33.64,  33.73,  33.71,  33.69,  33.69,  33.69,  33.70,  33.71,  33.70,  33.71
19970924, 0600,  , HU, 16.0N, 110.4E,  75,    0,    0,    0,    0,    0,    0,    0,    0,    0,    0,    0,    0,    0, -999,  33.79,  33.80,  33.80,  33.80,  33.81,  33.82,  33.82,  33.83,  33.83,  33.84,  33.86,  33.85,  33.87,  33.84,  33.75,  33.76,  33.75,  33.75,  33.75,  33.76,  33.75,  33.71,  33.73,  33.71,  33.67,  33.65,  33.67,  33.69,  33.71,  33.72,  33.71
19970924, 1200,  , HU, 16.0N, 109.9E,  75,    0,    0,    0,    0,    0,    0,    0,    0,    0,    0,    0,    0,    0, -999,  33.78,  33.78,  33.78,  33.78,  33.79,  33.79,  33.79,  33.79,  33.79,  33.79,  33.80,  33.81,  33.81,  33.80,  33.77,  33.70,  33.72,  33.75,  33.75,  33.73,  33.75,  33.75,  33.66,  33.59,  33.51,  33.56,  33.65,  33.69,  33.69,  33.70,  33.70
19970924, 1800,  , HU, 16.0N, 109.4E,  75,    0,    0,    0,    0,    0,    0,    0,    0,    0,    0,    0,    0,    0, -999,  33.74,  33.77,  33.76,  33.76,  33.77,  33.78,  33.77,  33.77,  33.77,  33.78,  33.77,  33.75,  33.80,  33.80,  33.80,  33.72,  33.66,  33.71,  33.71,  33.72,  33.74,  33.75,  33.65,  33.64,  33.67,  33.54,  33.65,  33.69,  33.68,  33.69,  33.70
19970925, 0000,  , HU, 16.0N, 108.7E,  75,    0,    0,    0,    0,    0,    0,    0,    0,    0,    0,    0,    0,    0, -999,  33.80,  33.80,  33.81,  33.82,  33.82,  33.81,  33.79,  33.77,  33.77,  33.68,  33.64,  33.67,  33.62,  33.74,  33.67,  33.66,  33.68,  33.66,  33.64,  33.49,  33.34,  33.14,  33.01,  33.14,  33.20,  33.06,  33.23,  33.26,  33.26,  33.17,  33.34
19970925, 0600,  , HU, 15.8N, 107.9E,  65,    0,    0,    0,    0,    0,    0,    0,    0,    0,    0,    0,    0,    0, -999,    nan,    nan,    nan,    nan,    nan,    nan,    nan,    nan,    nan,    nan,    nan,    nan,    nan,    nan,    nan,    nan,    nan,    nan,    nan,    nan,    nan,    nan,    nan,    nan,    nan,    nan,    nan,    nan,    nan,    nan,    nan
19970925, 1200,  , TS, 15.5N, 107.1E,  55,    0,    0,    0,    0,    0,    0,    0,    0,    0,    0,    0,    0,    0, -999,    nan,    nan,    nan,    nan,    nan,    nan,    nan,    nan,    nan,    nan,    nan,    nan,    nan,    nan,    nan,    nan,    nan,    nan,    nan,    nan,    nan,    nan,    nan,    nan,    nan,    nan,    nan,    nan,    nan,    nan,    nan
19970925, 1800,  , TS, 15.1N, 106.3E,  40,    0,    0,    0,    0,    0,    0,    0,    0,    0,    0,    0,    0,    0, -999,    nan,    nan,    nan,    nan,    nan,    nan,    nan,    nan,    nan,    nan,    nan,    nan,    nan,    nan,    nan,    nan,    nan,    nan,    nan,    nan,    nan,    nan,    nan,    nan,    nan,    nan,    nan,    nan,    nan,    nan,    nan
19970926, 0000,  , LO, 14.7N, 105.6E,  30,    0,    0,    0,    0,    0,    0,    0,    0,    0,    0,    0,    0,    0, -999,    nan,    nan,    nan,    nan,    nan,    nan,    nan,    nan,    nan,    nan,    nan,    nan,    nan,    nan,    nan,    nan,    nan,    nan,    nan,    nan,    nan,    nan,    nan,    nan,    nan,    nan,    nan,    nan,    nan,    nan,    nan
19970926, 0600,  , LO, 14.3N, 104.9E,  20,    0,    0,    0,    0,    0,    0,    0,    0,    0,    0,    0,    0,    0, -999,    nan,    nan,    nan,    nan,    nan,    nan,    nan,    nan,    nan,    nan,    nan,    nan,    nan,    nan,    nan,    nan,    nan,    nan,    nan,    nan,    nan,    nan,    nan,    nan,    nan,    nan,    nan,    nan,    nan,    nan,    nan
