WP232018,            CIMARON,     32,
20180816, 1800,  , DB, 12.8N, 158.3E,  20, 1006,    0,    0,    0,    0,    0,    0,    0,    0,    0,    0,    0,    0, -999,  27.10,  27.94,  27.75,  27.17,  27.64,  26.97,  27.35,  26.84,  27.18,  27.22,  27.42,  27.86,  27.55,  27.43,  26.99,  26.50,  28.65,  27.96,  27.90,  26.98,  27.34,  27.66,  27.54,  27.17,  27.42,  28.06,  27.94,  27.78,  27.33,  27.94,  27.83
20180817, 0000,  , DB, 12.6N, 158.3E,  20, 1006,    0,    0,    0,    0,    0,    0,    0,    0,    0,    0,    0,    0, -999,  27.70,  27.61,  27.34,  27.68,  27.86,  27.19,  26.81,  26.71,  27.07,  27.12,  27.57,  27.75,  27.32,  26.79,  26.42,  28.84,  28.44,  27.99,  27.22,  27.48,  27.70,  27.53,  27.16,  27.57,  28.09,  27.78,  27.29,  26.68,  27.69,  27.25,  27.33
20180817, 0600,  , TD, 12.6N, 158.1E,  25, 1005,    0,    0,    0,    0,    0,    0,    0,    0,    0,    0,    0,    0, -999,  27.64,  27.69,  27.27,  27.16,  28.15,  27.50,  26.75,  27.37,  26.93,  26.30,  27.34,  27.60,  27.60,  26.84,  26.52,  28.61,  28.76,  28.67,  27.67,  27.35,  27.69,  27.50,  27.46,  27.68,  27.58,  27.66,  27.69,  27.45,  27.80,  27.41,  27.07
20180817, 1200,  , TD, 13.0N, 156.9E,  30, 1003,    0,    0,    0,    0,    0,    0,    0,    0,    0,    0,    0,    0, -999,  27.94,  27.90,  27.21,  27.26,  27.55,  27.77,  28.03,  28.17,  28.10,  27.70,  27.71,  27.06,  26.91,  27.47,  27.65,  27.61,  27.28,  27.27,  27.19,  26.98,  26.62,  26.79,  27.11,  27.46,  27.42,  27.97,  27.86,  27.71,  27.94,  28.11,  27.37
20180817, 1800,  , TD, 13.4N, 155.7E,  30, 1003,    0,    0,    0,    0,    0,    0,    0,    0,    0,    0,    0,    0, -999,  28.32,  28.37,  28.33,  28.31,  28.27,  27.80,  27.78,  27.98,  28.03,  27.96,  27.93,  28.12,  28.07,  28.21,  27.99,  28.09,  27.87,  27.86,  27.58,  27.53,  27.19,  26.76,  27.56,  27.37,  27.49,  27.34,  27.19,  27.42,  27.60,  27.87,  27.38
20180818, 0000,  , TD, 13.7N, 155.0E,  30, 1003,    0,    0,    0,    0,    0,    0,    0,    0,    0,    0,    0,    0, -999,  27.57,  27.65,  27.59,  27.59,  27.35,  26.44,  26.73,  27.18,  27.40,  27.36,  27.52,  27.53,  27.79,  27.79,  28.04,  28.10,  28.05,  28.27,  28.26,  27.93,  27.50,  27.65,  27.71,  27.98,  27.59,  27.64,  27.48,  27.68,  27.59,  27.53,  27.19
20180818, 0600,  , TS, 14.0N, 154.5E,  35, 1001,   90,   70,   90,  110,    0,    0,    0,    0,    0,    0,    0,    0, -999,  27.42,  27.10,  27.00,  27.32,  27.08,  26.74,  27.03,  27.17,  27.74,  27.76,  27.77,  27.74,  27.88,  27.73,  27.66,  27.53,  27.92,  28.27,  28.24,  27.95,  27.48,  27.65,  27.75,  27.76,  27.66,  27.59,  27.53,  27.77,  27.47,  27.59,  27.05
20180818, 1200,  , TS, 14.4N, 153.7E,  35, 1001,  100,   90,   90,   90,    0,    0,    0,    0,    0,    0,    0,    0, -999,  28.32,  27.64,  27.61,  27.12,  26.87,  26.82,  27.18,  27.13,  27.22,  26.97,  26.77,  26.65,  26.48,  26.58,  26.46,  26.54,  26.39,  26.37,  27.40,  27.34,  27.65,  27.53,  27.44,  27.61,  27.59,  27.70,  27.60,  27.59,  27.51,  27.59,  27.17
20180818, 1800,  , TS, 14.8N, 152.9E,  45,  996,   90,   70,   90,   90,    0,    0,    0,    0,    0,    0,    0,    0, -999,  27.55,  27.23,  27.41,  28.16,  27.84,  27.91,  27.50,  27.71,  27.43,  27.46,  27.22,  26.94,  26.68,  26.64,  26.56,  26.62,  26.35,  26.42,  26.61,  27.33,  27.05,  26.46,  26.42,  26.74,  27.15,  27.21,  27.22,  27.29,  27.15,  27.34,  27.19
20180819, 0000,  , TS, 15.1N, 152.1E,  45,  996,  120,  130,   40,   80,    0,    0,    0,    0,    0,    0,    0,    0, -999,  27.84,  27.66,  27.92,  27.43,  27.56,  27.18,  27.19,  27.22,  27.46,  27.63,  27.67,  27.79,  27.42,  27.45,  27.28,  27.35,  27.20,  27.54,  27.65,  27.86,  27.67,  27.44,  27.18,  27.18,  27.26,  27.26,  27.46,  27.47,  27.22,  26.98,  26.57
20180819, 0600,  , TS, 15.6N, 151.2E,  45,  994,  120,  120,   70,   80,    0,    0,    0,    0,    0,    0,    0,    0, -999,  27.26,  27.17,  27.78,  27.48,  27.74,  28.23,  28.07,  27.95,  27.91,  28.01,  28.11,  28.64,  28.30,  28.10,  27.56,  27.95,  28.17,  28.19,  27.93,  27.57,  27.80,  27.63,  27.62,  27.26,  27.61,  27.61,  28.14,  28.40,  28.31,  28.12,  27.67
20180819, 1200,  , TS, 15.8N, 150.6E,  55,  989,  130,  150,   90,   80,   68,   80,   42,   36,    0,    0,    0,    0, -999,  27.96,  28.07,  28.19,  28.13,  28.01,  28.09,  28.12,  28.22,  28.22,  28.44,  28.35,  28.66,  28.32,  28.29,  27.99,  28.04,  28.07,  28.08,  27.95,  27.71,  27.85,  27.78,  27.83,  27.58,  27.71,  27.78,  27.94,  28.36,  28.24,  28.33,  27.90
20180819, 1800,  , TS, 16.4N, 150.0E,  60,  984,  130,  170,  200,  110,   68,   93,  112,   55,    0,    0,    0,    0, -999,  28.03,  28.25,  28.27,  28.09,  27.85,  28.24,  27.85,  28.01,  28.05,  28.44,  28.23,  28.70,  28.25,  28.41,  27.98,  28.10,  28.16,  28.22,  27.95,  27.83,  28.00,  27.88,  27.72,  27.59,  27.75,  27.69,  27.86,  28.45,  28.06,  28.38,  28.16
20180820, 0000,  , TS, 17.0N, 148.9E,  60,  984,  140,  180,  190,  110,   74,   99,  106,   55,    0,    0,    0,    0, -999,  28.09,  28.11,  28.11,  28.02,  28.38,  28.12,  28.22,  28.09,  27.96,  27.85,  28.15,  28.46,  28.29,  28.14,  27.86,  27.89,  27.97,  27.70,  27.87,  27.93,  27.85,  27.70,  27.72,  27.50,  27.78,  28.15,  28.21,  27.52,  27.69,  27.70,  28.22
20180820, 0600,  , HU, 17.8N, 147.9E,  65,  979,  145,  170,  185,  115,   78,   93,  103,   59,   41,   50,   55,   31, -999,  28.42,  28.51,  28.65,  28.70,  28.85,  28.74,  28.77,  28.77,  28.10,  28.07,  27.69,  27.85,  27.95,  27.71,  27.53,  27.68,  27.98,  27.74,  26.86,  26.75,  28.13,  26.77,  26.70,  27.68,  27.74,  28.39,  26.25,  27.29,  27.49,  27.23,  27.78
20180820, 1200,  , HU, 18.5N, 147.3E,  70,  976,  150,  160,  180,  120,   81,   87,  100,   62,   43,   46,   53,   32, -999,  28.54,  28.63,  28.70,  28.60,  28.68,  28.61,  28.41,  28.49,  28.13,  28.30,  27.20,  26.86,  27.15,  27.00,  27.34,  27.33,  27.82,  26.43,  26.08,  26.88,  26.98,  25.70,  25.66,  25.81,  26.73,  26.32,  25.39,  25.16,  24.61,  25.77,  26.99
20180820, 1800,  , HU, 19.4N, 146.2E,  65,  978,  215,  225,  125,  175,  122,  128,   65,   96,   66,   69,   34,   52, -999,  26.14,  26.18,  26.42,  26.45,  26.68,  26.66,  26.85,  27.14,  27.53,  26.65,  26.44,  26.25,  26.46,  26.33,  25.72,  26.52,  27.60,  26.10,  26.06,  24.96,  25.73,  24.76,  23.58,  24.57,  24.66,  24.45,  25.84,  26.02,  25.72,  25.62,  26.23
20180821, 0000,  , HU, 20.2N, 145.1E,  75,  972,  170,  170,   85,  140,   94,   94,   40,   75,   50,   50,   20,   40, -999,  25.85,  25.61,  24.65,  26.21,  26.28,  26.71,  27.36,  26.51,  26.08,  26.47,  26.58,  27.48,  26.85,  27.20,  27.19,  28.24,  27.06,  27.92,  26.18,  26.47,  27.12,  25.70,  25.19,  25.13,  25.51,  24.79,  25.09,  25.93,  26.38,  25.27,  25.41
20180821, 0600,  , HU, 21.2N, 144.0E,  85,  964,  180,  185,  110,  155,  101,  104,   57,   85,   54,   56,   30,   45, -999,  25.47,  25.89,  25.86,  26.00,  24.21,  25.33,  25.82,  25.70,  25.77,  25.23,  24.87,  24.47,  25.39,  26.21,  26.24,  23.82,  22.74,  24.00,  24.93,  24.68,  24.43,  24.50,  24.27,  24.49,  23.73,  23.18,  22.72,  23.73,  23.05,  25.35,  24.75
20180821, 1200,  , HU, 21.9N, 142.8E,  90,  959,  220,  230,  130,  190,  126,  132,   69,  107,   68,   72,   37,   58, -999,  26.07,  25.91,  26.93,  26.26,  26.72,  25.82,  26.57,  26.49,  25.60,  25.73,  27.28,  27.01,  26.89,  25.21,  25.70,  24.32,  22.83,  23.53,  25.29,  23.21,  23.65,  24.34,  24.83,  23.85,  23.27,  23.37,  23.14,  22.53,  23.47,  25.67,  23.26
20180821, 1800,  , HU, 23.2N, 141.2E, 100,  950,  210,  210,  100,  175,  120,  120,   51,   98,   65,   65,   27,   53, -999,  26.38,  25.95,  26.33,  26.12,  25.55,  24.72,  25.33,  24.45,  24.86,  24.27,  25.25,  28.22,  26.27,  27.75,  27.85,  27.73,  27.62,  27.46,  26.03,  25.37,  26.04,  25.73,  25.16,  25.08,  24.96,  24.38,  24.93,  27.24,  27.23,  25.56,  25.15
20180822, 0000,  , HU, 24.2N, 139.9E, 115,  936,  220,  215,  115,  180,  127,  124,   61,  102,   69,   68,   33,   55, -999,  23.05,  23.74,  23.72,  23.53,  22.50,  22.99,  22.64,  22.60,  22.46,  22.68,  24.07,  22.82,  22.52,  23.31,  22.77,  22.78,  23.45,  24.24,  23.42,  23.39,  21.84,  22.34,  23.77,  24.66,  23.88,  24.03,  24.21,  24.63,  25.90,  25.98,  26.91
20180822, 0600,  , HU, 25.5N, 138.7E, 110,  940,  215,  200,  120,  175,  124,  115,   64,   99,   67,   62,   34,   53, -999,  24.79,  24.98,  25.13,  24.75,  24.36,  24.19,  24.18,  23.69,  24.00,  24.00,  24.14,  23.87,  22.44,  21.77,  22.34,  21.66,  20.74,  21.45,  21.26,  22.98,  22.14,  22.39,  21.91,  22.37,  22.23,  22.43,  22.06,  21.27,  20.55,  21.27,  21.02
20180822, 1200,  , HU, 26.9N, 137.2E, 100,  948,  200,  180,  110,  150,  114,  101,   57,   83,   62,   55,   30,   44, -999,  22.28,  22.18,  22.28,  22.10,  21.61,  21.82,  21.36,  21.25,  21.53,  21.94,  22.14,  22.19,  21.56,  24.95,  25.57,  25.51,  25.35,  23.10,  22.16,  22.67,  21.51,  21.40,  21.21,  22.28,  22.87,  22.75,  22.95,  22.48,  22.21,  21.91,  21.82
20180822, 1800,  , HU, 28.4N, 135.9E,  90,  955,  220,  170,  140,  165,  126,   95,   76,   91,   68,   51,   40,   49, -999,  21.61,  21.19,  22.26,  22.63,  22.61,  22.78,  22.45,  21.49,  21.52,  21.73,  21.53,  22.02,  21.80,  21.73,  23.17,  23.23,  24.00,  24.08,  23.78,  23.24,  22.72,  22.96,  23.80,  23.66,  23.94,  23.99,  24.57,  25.33,  25.31,  25.42,  25.59
20180823, 0000,  , HU, 30.1N, 135.0E,  80,  960,  245,  190,  125,  185,  141,  107,   66,  104,   77,   57,   35,   56, -999,  21.67,  21.94,  20.95,  22.01,  22.47,  21.13,  22.09,  21.09,  22.07,  21.42,  22.67,  22.94,  22.94,  23.74,  20.32,  19.57,  20.11,  20.67,  21.22,  21.80,  21.98,  22.12,  22.54,  22.92,  21.78,  21.19,  20.11,  20.28,  19.86,  21.10,  22.43
20180823, 0600,  , HU, 31.9N, 134.4E,  75,  962,  240,  210,  130,  185,  138,  119,   69,  103,   75,   64,   36,   55, -999,  22.62,  22.19,  21.99,  22.77,  24.02,  25.13,  24.88,  23.30,  22.67,  24.22,  25.64,  25.96,  24.50,  24.57,  25.26,  26.34,  26.87,  25.72,  24.74,  24.73,  24.80,  24.68,  23.85,  23.57,  24.38,  24.95,  24.77,  25.87,  25.01,  25.82,  26.76
20180823, 1200,  , HU, 33.9N, 134.6E,  70,  963,  240,  210,  145,  175,  138,  119,   78,   97,   74,   64,   41,   52, -999,    nan,    nan,    nan,    nan,    nan,    nan,    nan,    nan,    nan,    nan,    nan,    nan,    nan,    nan,    nan,    nan,    nan,    nan,    nan,    nan,    nan,    nan,    nan,    nan,    nan,    nan,    nan,    nan,    nan,    nan,    nan
20180823, 1800,  , TS, 36.5N, 135.1E,  55,  971,  200,  190,  140,  140,  112,  105,   74,   74,    0,    0,    0,    0, -999,  10.98,  11.02,  10.21,  10.29,  10.00,  11.90,  10.44,  10.76,  10.63,  12.88,  13.33,  13.19,  12.92,  12.54,  12.57,  12.58,  12.00,  11.68,  15.69,  14.40,  13.05,  12.46,  13.70,  14.47,  14.46,  14.20,  14.16,  14.17,  14.11,  16.51,  16.94
20180824, 0000,  , TS, 39.0N, 135.9E,  45,  984,   65,   95,   45,   35,    0,    0,    0,    0,    0,    0,    0,    0, -999,   9.57,   9.62,  13.33,  14.09,  14.34,  13.94,  13.55,  13.37,  14.41,  14.69,  13.40,  13.62,  13.74,  13.69,  13.54,  12.91,  12.74,  10.65,  14.00,  13.76,  12.86,  12.76,  11.84,  12.97,  13.44,  13.35,  13.80,  12.30,  12.82,  13.12,  13.42
20180824, 0600,  , TS, 40.7N, 137.9E,  40,  982,  140,  170,  155,  165,    0,    0,    0,    0,    0,    0,    0,    0, -999,   2.12,   2.07,   2.20,   2.18,   3.64,   4.42,   4.78,   4.55,   4.51,   4.84,   5.29,   5.49,   4.92,   5.88,   5.93,   6.31,   6.23,   5.51,   5.71,   5.39,   4.53,   2.60,   2.38,   2.24,   3.55,   2.75,   2.80,   2.95,   3.02,   2.99,   3.37
20180824, 1200,  , EX, 41.3N, 139.9E,  35,  984,   95,  130,  140,  210,    0,    0,    0,    0,    0,    0,    0,    0, -999,  10.03,   9.23,  10.47,  10.65,  10.14,  10.10,  10.23,   9.61,   8.01,   9.33,   9.76,   9.59,  10.00,   9.60,   8.12,   7.68,   7.86,   9.68,  12.26,  10.71,  12.57,  12.28,  11.93,  13.17,  13.12,  13.12,  13.18,  17.34,  13.61,  13.02,  13.29
