WP232013,              DANAS,     25,
20131002, 1800,  , DB, 16.4N, 149.8E,  20, 1007,    0,    0,    0,    0,    0,    0,    0,    0,    0,    0,    0,    0, -999,  27.35,  27.65,  27.55,  27.96,  28.78,  28.20,  28.21,  28.35,  28.57,  28.30,  28.14,  28.05,  27.85,  27.77,  27.62,  27.80,  26.82,  26.92,  26.80,  27.65,  27.57,  27.41,  27.19,  27.27,  27.87,  27.73,  27.14,  26.74,  26.80,  26.73,  26.51
20131003, 0000,  , TD, 16.4N, 149.6E,  25, 1004,    0,    0,    0,    0,    0,    0,    0,    0,    0,    0,    0,    0, -999,  27.12,  27.31,  27.55,  28.61,  28.42,  28.27,  28.71,  28.74,  28.83,  28.80,  28.84,  28.84,  28.72,  28.71,  28.53,  25.61,  26.06,  25.88,  26.60,  27.36,  26.89,  27.69,  27.75,  27.75,  27.57,  27.58,  26.77,  27.24,  26.81,  26.90,  26.76
20131003, 0600,  , TD, 16.3N, 149.2E,  25, 1002,    0,    0,    0,    0,    0,    0,    0,    0,    0,    0,    0,    0, -999,  26.19,  26.12,  26.87,  27.60,  28.36,  27.89,  28.60,  28.74,  28.61,  28.70,  28.73,  28.91,  29.10,  29.24,  29.37,  26.82,  26.20,  25.56,  25.13,  26.32,  26.39,  27.33,  27.36,  27.91,  28.30,  26.36,  27.26,  27.38,  26.86,  26.80,  26.62
20131003, 1200,  , TD, 16.0N, 148.4E,  25, 1004,    0,    0,    0,    0,    0,    0,    0,    0,    0,    0,    0,    0, -999,  26.46,  26.16,  25.92,  25.99,  26.35,  26.32,  27.93,  28.54,  28.77,  28.56,  28.67,  28.79,  28.95,  29.09,  29.08,  28.50,  27.00,  27.24,  26.16,  26.67,  25.67,  25.83,  25.51,  26.79,  28.19,  26.53,  27.13,  26.71,  26.08,  26.50,  26.90
20131003, 1800,  , TD, 15.9N, 147.5E,  30, 1000,    0,    0,    0,    0,    0,    0,    0,    0,    0,    0,    0,    0, -999,  27.57,  27.47,  27.50,  27.46,  27.58,  27.83,  27.82,  27.63,  27.96,  27.26,  27.30,  27.33,  27.45,  28.32,  27.89,  27.66,  27.09,  27.42,  27.44,  27.64,  27.34,  26.59,  26.05,  26.70,  26.73,  26.32,  26.32,  25.80,  25.39,  25.51,  25.81
20131004, 0000,  , TD, 16.2N, 146.6E,  30, 1000,    0,    0,    0,    0,    0,    0,    0,    0,    0,    0,    0,    0, -999,  27.45,  27.00,  27.24,  27.43,  26.97,  27.52,  26.79,  26.59,  26.50,  27.37,  27.03,  26.56,  27.01,  27.01,  26.27,  25.90,  25.72,  26.04,  25.85,  26.07,  26.39,  26.38,  26.37,  26.28,  26.82,  27.02,  27.46,  27.98,  28.32,  28.08,  27.77
20131004, 0600,  , TS, 16.8N, 145.8E,  35,  996,    0,    0,    0,    0,    0,    0,    0,    0,    0,    0,    0,    0, -999,  27.24,  27.02,  26.81,  27.14,  26.76,  26.52,  26.47,  25.62,  25.55,  26.32,  26.18,  26.13,  26.08,  25.05,  25.08,  25.29,  25.51,  25.70,  25.63,  24.91,  25.42,  25.06,  25.07,  24.33,  24.24,  24.53,  24.42,  24.75,  24.76,  25.10,  25.37
20131004, 1200,  , TS, 17.3N, 144.9E,  45,  989,   50,   50,   50,   50,    0,    0,    0,    0,    0,    0,    0,    0, -999,  28.13,  28.16,  28.27,  28.27,  28.25,  28.19,  28.43,  28.39,  28.66,  27.88,  27.67,  28.13,  27.63,  27.58,  27.76,  27.64,  27.58,  27.77,  27.61,  27.64,  27.19,  26.93,  26.91,  26.67,  27.76,  27.37,  27.08,  25.94,  24.61,  24.46,  24.56
20131004, 1800,  , TS, 17.9N, 143.8E,  50,  985,   55,   55,   55,   55,    0,    0,    0,    0,    0,    0,    0,    0, -999,  26.74,  26.75,  26.56,  26.84,  27.10,  27.16,  26.73,  26.96,  26.49,  26.60,  26.20,  26.04,  26.27,  26.77,  27.03,  27.09,  26.93,  26.62,  26.72,  26.44,  26.28,  26.20,  27.02,  27.24,  27.78,  28.03,  28.32,  28.44,  27.55,  27.61,  28.12
20131005, 0000,  , TS, 18.2N, 142.4E,  50,  985,   65,   55,   55,   65,    0,    0,    0,    0,    0,    0,    0,    0, -999,  27.43,  27.56,  28.03,  28.53,  26.81,  27.32,  27.85,  26.80,  27.01,  27.16,  27.11,  27.02,  27.34,  27.58,  27.35,  26.85,  26.22,  26.65,  27.02,  25.52,  25.66,  27.12,  26.25,  27.62,  27.82,  26.52,  26.44,  27.84,  27.34,  28.60,  27.65
20131005, 0600,  , TS, 18.8N, 141.0E,  55,  982,   65,   55,   55,   65,   20,   20,   20,   20,    0,    0,    0,    0, -999,  27.04,  27.08,  27.19,  27.48,  26.31,  26.36,  26.49,  26.48,  26.26,  26.11,  26.62,  26.53,  26.30,  26.79,  29.39,  28.95,  25.36,  26.55,  26.37,  26.00,  25.35,  25.41,  25.01,  24.67,  24.65,  25.16,  25.37,  25.48,  25.85,  24.70,  25.06
20131005, 1200,  , TS, 19.5N, 139.6E,  60,  978,   65,   55,   55,   65,   20,   20,   20,   20,    0,    0,    0,    0, -999,  24.28,  24.52,  23.48,  23.22,  23.48,  23.75,  23.41,  23.49,  23.84,  23.84,  23.98,  23.96,  23.56,  23.18,  24.64,  24.39,  23.46,  23.09,  23.75,  23.14,  23.54,  23.73,  22.89,  22.72,  23.97,  23.82,  23.05,  22.62,  23.81,  23.45,  24.31
20131005, 1800,  , HU, 20.3N, 138.1E,  75,  967,   55,   55,   65,   70,   20,   20,   25,   25,   15,   15,   15,   15, -999,  22.33,  23.08,  23.86,  23.66,  24.05,  22.67,  22.24,  22.35,  23.65,  23.79,  23.61,  23.71,  22.45,  21.88,  21.72,  22.13,  21.89,  22.55,  22.47,  22.47,  22.77,  22.77,  23.38,  22.94,  22.58,  23.35,  22.18,  21.98,  23.13,  22.85,  25.25
20131006, 0000,  , HU, 21.1N, 136.5E,  75,  967,   70,   70,   75,   80,   30,   30,   35,   35,   20,   20,   20,   20, -999,  22.12,  22.38,  22.43,  22.63,  22.40,  22.62,  22.43,  22.69,  23.65,  23.45,  23.44,  22.54,  22.69,  22.61,  22.58,  22.76,  22.14,  21.48,  20.99,  21.07,  22.20,  22.15,  22.80,  23.31,  23.79,  23.27,  21.83,  22.91,  22.57,  22.43,  22.11
20131006, 0600,  , HU, 21.9N, 134.9E,  90,  956,   70,   70,   75,   80,   30,   30,   35,   35,   20,   20,   20,   20, -999,  22.53,  22.31,  22.68,  22.71,  22.04,  22.59,  21.88,  22.14,  21.99,  22.49,  21.19,  20.67,  20.85,  21.21,  21.58,  21.47,  20.36,  19.48,  19.85,  19.86,  19.61,  19.82,  19.41,  19.94,  19.57,  19.83,  19.79,  19.80,  20.09,  20.46,  20.08
20131006, 1200,  , HU, 22.8N, 133.4E, 100,  948,   70,   70,   75,   80,   30,   30,   35,   35,   20,   20,   20,   20, -999,  23.28,  23.64,  24.14,  24.04,  23.83,  24.61,  24.78,  24.99,  24.64,  25.50,  25.26,  25.13,  24.55,  24.91,  25.25,  25.54,  22.78,  22.99,  23.70,  23.49,  23.06,  23.12,  23.18,  23.85,  22.48,  19.68,  20.66,  19.79,  21.20,  21.07,  20.17
20131006, 1800,  , HU, 24.0N, 131.8E, 115,  937,   80,   80,   85,   90,   40,   40,   45,   45,   25,   25,   25,   25, -999,  21.82,  21.96,  22.24,  21.49,  21.98,  21.82,  21.55,  22.52,  22.13,  22.00,  22.12,  21.93,  22.25,  22.27,  22.15,  22.11,  21.33,  22.56,  22.83,  21.79,  21.43,  21.15,  21.28,  21.49,  21.66,  22.24,  21.48,  21.69,  21.36,  20.95,  21.54
20131007, 0000,  , HU, 25.2N, 130.2E, 120,  933,   90,   90,   95,  100,   50,   50,   55,   60,   30,   30,   35,   35, -999,  23.79,  23.70,  23.39,  23.02,  22.47,  22.31,  22.56,  23.68,  24.75,  24.57,  24.71,  24.62,  24.35,  23.77,  24.00,  24.87,  22.48,  21.25,  20.63,  20.38,  22.36,  22.45,  22.71,  22.41,  21.59,  21.45,  21.46,  22.66,  22.30,  21.61,  21.67
20131007, 0600,  , HU, 26.6N, 128.8E, 120,  933,   90,   90,   95,  100,   50,   50,   55,   60,   30,   30,   35,   35, -999,  22.66,  22.21,  22.60,  22.78,  22.60,  22.56,  22.99,  23.27,  23.53,  23.66,  23.25,  23.17,  22.92,  22.59,  22.20,  22.45,  22.16,  21.94,  22.29,  22.45,  21.86,  23.21,  23.80,  22.97,  24.11,  24.16,  23.65,  23.45,  22.95,  23.69,  24.16
20131007, 1200,  , HU, 28.1N, 127.7E, 110,  941,   90,   90,   95,  100,   50,   50,   55,   60,   30,   30,   35,   35, -999,  22.66,  22.28,  22.38,  22.57,  22.30,  22.40,  22.16,  22.13,  22.14,  22.61,  23.37,  23.90,  23.98,  23.42,  23.25,  23.52,  22.34,  23.71,  26.00,  26.36,  24.67,  23.66,  23.72,  23.81,  27.14,  27.12,  27.08,  27.09,  26.90,  26.38,  25.91
20131007, 1800,  , HU, 29.6N, 127.0E, 105,  944,   90,   90,   75,   75,   50,   50,   50,   50,   25,   25,   25,   25, -999,  20.33,  17.46,  18.58,  22.28,  21.50,  21.04,  22.38,  23.43,  23.03,  22.27,  22.51,  23.56,  22.89,  23.40,  23.38,  23.14,  23.69,  20.24,  21.35,  21.82,  21.89,  22.43,  22.56,  21.60,  22.48,  21.01,  20.11,  20.87,  20.96,  20.47,  19.86
20131008, 0000,  , HU, 31.2N, 127.0E,  90,  956,   90,   90,   75,   75,   50,   50,   50,   50,   25,   25,   25,   25, -999,  20.22,  22.29,  23.68,  24.09,  24.18,  24.61,  24.29,  22.56,  19.82,  19.43,  19.04,  19.28,  20.90,  23.22,  24.73,  25.02,  23.02,  23.01,  21.54,  21.81,  21.38,  21.21,  21.42,  21.05,  17.32,  17.74,  18.11,  19.46,  19.09,  19.04,  19.65
20131008, 0600,  , HU, 32.7N, 127.6E,  75,  967,   90,   90,   75,   75,   50,   50,   50,   50,    0,    0,    0,    0, -999,  19.61,  19.98,  19.82,  19.89,  19.75,  19.52,  19.28,  19.00,  18.83,  18.93,  18.94,  19.26,  19.17,  19.18,  19.57,  20.78,  18.85,  18.28,  18.10,  18.09,  17.66,  17.56,  18.11,  17.14,  15.76,  16.10,  16.07,  16.30,  16.37,  16.39,  16.12
20131008, 1200,  , EX, 34.5N, 129.5E,  55,  982,   90,   90,   75,   75,   50,   50,   50,   50,    0,    0,    0,    0, -999,    nan,    nan,    nan,    nan,    nan,    nan,    nan,    nan,    nan,    nan,    nan,    nan,    nan,    nan,    nan,    nan,    nan,    nan,    nan,    nan,    nan,    nan,    nan,    nan,    nan,    nan,    nan,    nan,    nan,    nan,    nan
20131008, 1800,  , EX, 35.6N, 131.5E,  50,  985,   90,   90,   75,   75,    0,    0,    0,    0,    0,    0,    0,    0, -999,  15.43,  14.75,  16.38,  17.78,  20.29,  19.89,  19.78,  18.67,  18.53,  17.58,  19.74,  21.73,  21.48,  19.78,  16.00,  13.59,  15.97,  14.64,  14.09,  10.17,   9.88,   8.83,   9.05,   9.36,  10.09,  11.39,  11.48,  11.66,  11.18,   9.65,   9.13
