WP231996,            UNNAMED,     35,
19960902, 0000,  , LO,  8.1N, 147.7E,  15,    0,    0,    0,    0,    0,    0,    0,    0,    0,    0,    0,    0,    0, -999,  34.41,  34.42,  34.37,  34.41,  34.41,  34.37,  34.37,  34.38,  34.38,  34.38,  34.39,  34.39,  34.42,  34.43,  34.54,  34.52,  34.73,  34.66,  34.58,  34.57,  34.57,  34.60,    nan,    nan,    nan,    nan,    nan,    nan,    nan,    nan,    nan
19960902, 0600,  , LO,  8.5N, 146.7E,  15,    0,    0,    0,    0,    0,    0,    0,    0,    0,    0,    0,    0,    0, -999,  34.33,  34.31,  34.33,  34.34,  34.38,  34.40,  34.34,  34.36,  34.33,  34.33,  34.32,  34.33,  34.35,  34.36,  34.35,  34.39,  34.37,  34.36,  34.35,  34.35,  34.36,  34.43,    nan,    nan,    nan,    nan,    nan,    nan,    nan,    nan,    nan
19960902, 1200,  , LO,  8.9N, 145.7E,  15,    0,    0,    0,    0,    0,    0,    0,    0,    0,    0,    0,    0,    0, -999,  34.30,  34.29,  34.29,  34.30,  34.34,  34.36,  34.34,  34.34,  34.33,  34.32,  34.31,  34.32,  34.32,  34.32,  34.33,  34.33,  34.31,  34.30,  34.31,  34.31,  34.31,  34.30,    nan,    nan,    nan,    nan,    nan,    nan,    nan,    nan,    nan
19960902, 1800,  , LO,  9.2N, 144.5E,  15,    0,    0,    0,    0,    0,    0,    0,    0,    0,    0,    0,    0,    0, -999,  34.42,  34.51,  34.33,  34.72,  34.34,  34.28,  34.29,  34.43,  34.28,  34.33,  34.34,  34.33,  34.32,  34.30,  34.31,  34.33,  34.32,  34.31,  34.33,  34.32,  34.32,  34.36,    nan,    nan,    nan,    nan,    nan,    nan,    nan,    nan,    nan
19960903, 0000,  , LO,  9.8N, 143.1E,  15,    0,    0,    0,    0,    0,    0,    0,    0,    0,    0,    0,    0,    0, -999,  34.34,  34.32,  34.32,  34.34,  34.32,  34.37,  34.33,  34.31,  34.30,  34.32,  34.33,  34.28,  34.29,  34.30,  34.33,  34.33,  34.28,  34.29,  34.33,  34.39,  34.31,    nan,    nan,    nan,    nan,    nan,    nan,    nan,    nan,    nan,    nan
19960903, 0600,  , LO, 10.5N, 141.6E,  20,    0,    0,    0,    0,    0,    0,    0,    0,    0,    0,    0,    0,    0, -999,  34.62,  34.52,  34.59,  34.70,  34.63,  34.62,  34.49,  34.27,  34.27,  34.29,  34.33,  34.39,  34.45,  34.41,  34.43,  34.43,  34.37,  34.37,  34.38,  34.45,  34.43,    nan,    nan,    nan,    nan,    nan,    nan,    nan,    nan,    nan,    nan
19960903, 1200,  , LO, 11.3N, 140.2E,  20,    0,    0,    0,    0,    0,    0,    0,    0,    0,    0,    0,    0,    0, -999,  34.29,  34.29,  34.30,  34.28,  34.28,  34.29,  34.34,  34.46,  34.62,  34.49,  34.47,  34.54,  34.56,  34.53,  34.50,  34.45,  34.45,  34.45,  34.46,  34.46,  34.51,    nan,    nan,    nan,    nan,    nan,    nan,    nan,    nan,    nan,    nan
19960903, 1800,  , LO, 12.1N, 138.4E,  20,    0,    0,    0,    0,    0,    0,    0,    0,    0,    0,    0,    0,    0, -999,  34.33,  34.38,  34.43,  34.41,  34.41,  34.39,  34.33,  34.33,  34.33,  34.36,  34.38,  34.38,  34.37,  34.37,  34.36,  34.36,  34.46,  34.34,  34.34,  34.35,  34.41,    nan,    nan,    nan,    nan,    nan,    nan,    nan,    nan,    nan,    nan
19960904, 0000,  , LO, 12.6N, 137.1E,  20,    0,    0,    0,    0,    0,    0,    0,    0,    0,    0,    0,    0,    0, -999,  34.38,  34.36,  34.32,  34.32,  34.32,  34.30,  34.45,  34.52,  34.47,  34.48,  34.51,  34.53,  34.52,  34.50,  34.56,  34.50,  34.55,  34.36,  34.42,  34.40,    nan,    nan,    nan,    nan,    nan,    nan,    nan,    nan,    nan,    nan,  34.34
19960904, 0600,  , LO, 13.1N, 136.1E,  20,    0,    0,    0,    0,    0,    0,    0,    0,    0,    0,    0,    0,    0, -999,  34.69,  34.72,  34.71,  34.72,  34.65,  34.55,  34.48,  34.43,  34.35,  34.32,  34.32,  34.46,  34.59,  34.56,  34.57,  34.52,  34.50,  34.51,  34.53,  34.53,    nan,    nan,    nan,    nan,    nan,    nan,    nan,    nan,    nan,    nan,  34.36
19960904, 1200,  , LO, 13.6N, 135.4E,  25,    0,    0,    0,    0,    0,    0,    0,    0,    0,    0,    0,    0,    0, -999,  34.84,  34.89,  34.86,  34.74,  34.73,  34.72,  34.69,  34.67,  34.65,  34.66,  34.67,  34.68,  34.69,  34.65,  34.44,  34.37,  34.42,  34.41,  34.46,  34.46,    nan,    nan,    nan,    nan,    nan,    nan,    nan,    nan,    nan,    nan,  34.48
19960904, 1800,  , LO, 14.0N, 134.8E,  25,    0,    0,    0,    0,    0,    0,    0,    0,    0,    0,    0,    0,    0, -999,  34.60,  34.70,  34.83,  34.66,  34.82,  34.77,  34.76,  34.67,  34.62,  34.65,  34.68,  34.67,  34.66,  34.64,  34.63,  34.64,  34.65,  34.69,  34.67,  34.69,    nan,    nan,    nan,    nan,    nan,    nan,    nan,    nan,    nan,    nan,  34.43
19960905, 0000,  , LO, 14.3N, 134.2E,  25,    0,    0,    0,    0,    0,    0,    0,    0,    0,    0,    0,    0,    0, -999,  34.58,  34.64,  34.70,  34.76,  34.73,  34.78,  34.73,  34.57,  34.58,  34.51,  34.59,  34.64,  34.64,  34.62,  34.59,  34.64,  34.67,  34.56,  34.60,    nan,    nan,    nan,    nan,    nan,    nan,    nan,    nan,    nan,    nan,  34.60,  34.55
19960905, 0600,  , LO, 14.6N, 133.6E,  30,    0,    0,    0,    0,    0,    0,    0,    0,    0,    0,    0,    0,    0, -999,  34.52,  34.47,  34.43,  34.53,  34.59,  34.67,  34.76,  34.78,  34.66,  34.55,  34.59,  34.54,  34.53,  34.55,  34.51,  34.60,  34.66,  34.62,  34.70,    nan,    nan,    nan,    nan,    nan,    nan,    nan,    nan,    nan,    nan,  34.52,  34.62
19960905, 1200,  , TS, 15.0N, 133.0E,  35,    0,    0,    0,    0,    0,    0,    0,    0,    0,    0,    0,    0,    0, -999,  34.19,  34.22,  34.53,  34.50,  34.60,  34.63,  34.64,  34.68,  34.69,  34.69,  34.61,  34.55,  34.57,  34.51,  34.46,  34.53,  34.61,  34.53,  34.56,    nan,    nan,    nan,    nan,    nan,    nan,    nan,    nan,    nan,    nan,  34.66,  34.65
19960905, 1800,  , TS, 15.5N, 132.3E,  40,    0,    0,    0,    0,    0,    0,    0,    0,    0,    0,    0,    0,    0, -999,  34.20,  34.20,  34.18,  34.15,  34.14,  34.19,  34.37,  34.58,  34.59,  34.62,  34.59,  34.56,  34.57,  34.58,  34.58,  34.54,  34.57,  34.57,  34.58,    nan,    nan,    nan,    nan,    nan,    nan,    nan,    nan,    nan,    nan,  34.25,  34.24
19960906, 0000,  , TS, 16.0N, 131.6E,  50,    0,    0,    0,    0,    0,    0,    0,    0,    0,    0,    0,    0,    0, -999,  34.28,  34.37,  34.43,  34.46,  34.47,  34.52,  34.41,  34.31,  34.22,  34.28,  34.28,  34.38,  34.57,  34.63,  34.59,  34.61,  34.64,  34.66,    nan,    nan,    nan,    nan,    nan,    nan,    nan,    nan,    nan,    nan,  34.44,  34.37,    nan
19960906, 0600,  , HU, 16.7N, 130.5E,  65,    0,    0,    0,    0,    0,    0,    0,    0,    0,    0,    0,    0,    0, -999,  34.64,  34.59,  34.57,  34.55,  34.56,  34.51,  34.51,  34.53,  34.60,  34.68,  34.64,  34.49,  34.54,  34.59,  34.61,  34.60,  34.68,  34.66,    nan,    nan,    nan,    nan,    nan,    nan,    nan,    nan,    nan,    nan,  34.33,  34.33,    nan
19960906, 1200,  , HU, 17.2N, 129.3E,  75,    0,    0,    0,    0,    0,    0,    0,    0,    0,    0,    0,    0,    0, -999,  34.71,  34.74,  34.71,  34.74,  34.78,  34.82,  34.84,  34.84,  34.85,  34.81,  34.79,  34.78,  34.78,  34.82,  34.79,  34.78,  34.84,  34.77,    nan,    nan,    nan,    nan,    nan,    nan,    nan,    nan,    nan,    nan,  34.77,  34.75,    nan
19960906, 1800,  , HU, 17.6N, 128.2E,  80,    0,    0,    0,    0,    0,    0,    0,    0,    0,    0,    0,    0,    0, -999,  34.61,  34.48,  34.59,  34.52,  34.51,  34.53,  34.53,  34.57,  34.74,  34.66,  34.64,  34.56,  34.61,  34.61,  34.59,  34.58,  34.79,  34.78,    nan,    nan,    nan,    nan,    nan,    nan,    nan,    nan,    nan,    nan,  34.75,  34.65,    nan
19960907, 0000,  , HU, 18.1N, 126.4E,  90,    0,    0,    0,    0,    0,    0,    0,    0,    0,    0,    0,    0,    0, -999,  34.48,  34.45,  34.51,  34.61,  34.50,  34.49,  34.42,  34.46,  34.46,  34.30,  34.30,  34.33,  34.39,  34.44,  34.44,  34.46,  34.45,    nan,    nan,    nan,    nan,    nan,    nan,    nan,    nan,    nan,    nan,  34.65,  34.65,    nan,    nan
19960907, 0600,  , HU, 18.6N, 124.8E, 100,    0,    0,    0,    0,    0,    0,    0,    0,    0,    0,    0,    0,    0, -999,  34.58,  34.54,  34.50,  34.48,  34.66,  34.66,  34.57,  34.55,  34.54,  34.50,  34.53,  34.53,  34.51,  34.48,  34.47,  34.37,  34.76,    nan,    nan,    nan,    nan,    nan,    nan,    nan,    nan,    nan,    nan,  34.54,  34.47,    nan,    nan
19960907, 1200,  , HU, 18.9N, 123.2E, 115,    0,    0,    0,    0,    0,    0,    0,    0,    0,    0,    0,    0,    0, -999,  34.53,  34.49,  34.50,  34.48,  34.50,  34.48,  34.52,  34.52,  34.61,  34.67,  34.50,  34.41,  34.45,  34.48,  34.47,  34.47,  34.53,    nan,    nan,    nan,    nan,    nan,    nan,    nan,    nan,    nan,    nan,  34.44,  34.43,    nan,    nan
19960907, 1800,  , HU, 19.1N, 121.5E, 140,    0,    0,    0,    0,    0,    0,    0,    0,    0,    0,    0,    0,    0, -999,  34.32,  34.28,  34.26,  34.32,  34.33,  34.30,  34.32,  34.36,  34.39,  34.38,  34.36,  34.39,  34.42,  34.42,  34.44,  34.48,  34.47,    nan,    nan,    nan,    nan,    nan,    nan,    nan,    nan,    nan,    nan,  34.58,  34.58,    nan,    nan
19960908, 0000,  , HU, 19.4N, 119.7E, 135,    0,    0,    0,    0,    0,    0,    0,    0,    0,    0,    0,    0,    0, -999,  34.84,  34.70,  34.61,  34.44,  34.28,  34.20,  34.41,  34.34,  34.06,  34.18,  34.46,  34.49,  34.40,  34.27,  34.22,  34.00,    nan,    nan,    nan,    nan,    nan,    nan,    nan,    nan,    nan,    nan,  33.80,  33.81,    nan,    nan,    nan
19960908, 0600,  , HU, 19.8N, 117.7E, 130,    0,    0,    0,    0,    0,    0,    0,    0,    0,    0,    0,    0,    0, -999,  34.59,  34.68,  34.44,  34.42,  34.37,  34.43,  34.38,  34.27,  34.34,  34.38,  34.46,  34.41,  34.41,  34.24,  34.16,  34.14,    nan,    nan,    nan,    nan,    nan,    nan,    nan,    nan,    nan,    nan,  34.44,  34.57,    nan,    nan,    nan
19960908, 1200,  , HU, 20.2N, 115.7E, 125,    0,    0,    0,    0,    0,    0,    0,    0,    0,    0,    0,    0,    0, -999,  33.84,  33.92,  33.91,  33.94,  34.00,  34.16,  34.22,  34.33,  34.40,  34.39,  34.53,  34.65,  34.70,  34.63,  34.50,  33.99,    nan,    nan,    nan,    nan,    nan,    nan,    nan,    nan,    nan,    nan,  34.18,  34.52,    nan,    nan,    nan
19960908, 1800,  , HU, 20.6N, 113.7E, 120,    0,    0,    0,    0,    0,    0,    0,    0,    0,    0,    0,    0,    0, -999,  34.40,  34.40,  34.48,  34.71,  35.05,  34.76,  34.91,  34.89,  34.82,  34.61,  34.59,  34.56,  34.58,  34.62,  34.40,  34.36,    nan,    nan,    nan,    nan,    nan,    nan,    nan,    nan,    nan,    nan,  34.41,  34.41,    nan,    nan,    nan
19960909, 0000,  , HU, 21.0N, 111.5E, 110,    0,    0,    0,    0,    0,    0,    0,    0,    0,    0,    0,    0,    0, -999,    nan,    nan,    nan,    nan,    nan,    nan,    nan,    nan,    nan,    nan,    nan,    nan,    nan,    nan,    nan,    nan,    nan,    nan,    nan,    nan,    nan,    nan,    nan,    nan,    nan,    nan,    nan,    nan,    nan,    nan,    nan
19960909, 0600,  , HU, 21.5N, 109.3E,  95,    0,    0,    0,    0,    0,    0,    0,    0,    0,    0,    0,    0,    0, -999,    nan,    nan,    nan,    nan,    nan,    nan,    nan,    nan,    nan,    nan,    nan,    nan,    nan,    nan,    nan,    nan,    nan,    nan,    nan,    nan,    nan,    nan,    nan,    nan,    nan,    nan,    nan,    nan,    nan,    nan,    nan
19960909, 1200,  , HU, 22.0N, 107.2E,  75,    0,    0,    0,    0,    0,    0,    0,    0,    0,    0,    0,    0,    0, -999,    nan,    nan,    nan,    nan,    nan,    nan,    nan,    nan,    nan,    nan,    nan,    nan,    nan,    nan,    nan,    nan,    nan,    nan,    nan,    nan,    nan,    nan,    nan,    nan,    nan,    nan,    nan,    nan,    nan,    nan,    nan
19960909, 1800,  , TS, 22.6N, 105.1E,  50,    0,    0,    0,    0,    0,    0,    0,    0,    0,    0,    0,    0,    0, -999,    nan,    nan,    nan,    nan,    nan,    nan,    nan,    nan,    nan,    nan,    nan,    nan,    nan,    nan,    nan,    nan,    nan,    nan,    nan,    nan,    nan,    nan,    nan,    nan,    nan,    nan,    nan,    nan,    nan,    nan,    nan
19960910, 0000,  , TS, 23.1N, 103.5E,  35,    0,    0,    0,    0,    0,    0,    0,    0,    0,    0,    0,    0,    0, -999,    nan,    nan,    nan,    nan,    nan,    nan,    nan,    nan,    nan,    nan,    nan,    nan,    nan,    nan,    nan,    nan,    nan,    nan,    nan,    nan,    nan,    nan,    nan,    nan,    nan,    nan,    nan,    nan,    nan,    nan,    nan
19960910, 0600,  , LO, 23.4N, 102.4E,  20,    0,    0,    0,    0,    0,    0,    0,    0,    0,    0,    0,    0,    0, -999,    nan,    nan,    nan,    nan,    nan,    nan,    nan,    nan,    nan,    nan,    nan,    nan,    nan,    nan,    nan,    nan,    nan,    nan,    nan,    nan,    nan,    nan,    nan,    nan,    nan,    nan,    nan,    nan,    nan,    nan,    nan
19960910, 1200,  , LO, 23.6N, 101.5E,  15,    0,    0,    0,    0,    0,    0,    0,    0,    0,    0,    0,    0,    0, -999,    nan,    nan,    nan,    nan,    nan,    nan,    nan,    nan,    nan,    nan,    nan,    nan,    nan,    nan,    nan,    nan,    nan,    nan,    nan,    nan,    nan,    nan,    nan,    nan,    nan,    nan,    nan,    nan,    nan,    nan,    nan
