WP251994,            UNNAMED,     35,
19940906, 0600,  , LO, 12.4N, 135.8E,  15,    0,    0,    0,    0,    0,    0,    0,    0,    0,    0,    0,    0,    0, -999,  28.47,  28.55,  28.74,  28.69,  28.49,  28.87,  29.26,  29.40,  29.46,  29.34,  29.27,  29.21,  29.39,  29.38,  29.19,  29.06,  28.91,  28.84,  28.69,  28.42,  28.20,  28.41,  28.41,  28.45,  28.48,  27.74,  27.50,  28.22,  28.39,  28.70,  28.76
19940906, 1200,  , LO, 12.4N, 135.3E,  20,    0,    0,    0,    0,    0,    0,    0,    0,    0,    0,    0,    0,    0, -999,  28.83,  28.39,  28.45,  28.85,  28.56,  28.78,  29.06,  29.08,  29.47,  29.70,  29.54,  29.15,  29.50,  29.41,  29.27,  29.22,  29.04,  28.95,  28.80,  28.70,  28.14,  28.24,  28.51,  28.51,  28.65,  28.23,  27.82,  28.31,  28.89,  29.20,  29.21
19940906, 1800,  , LO, 12.4N, 134.7E,  20,    0,    0,    0,    0,    0,    0,    0,    0,    0,    0,    0,    0,    0, -999,  28.60,  28.06,  28.49,  28.65,  28.86,  28.83,  28.92,  29.16,  29.28,  29.22,  29.61,  29.31,  29.67,  29.74,  29.56,  29.32,  29.27,  29.23,  29.24,  29.15,  28.91,  28.44,  28.28,  28.16,  29.19,  29.35,  29.36,  29.28,  29.31,  29.42,  29.33
19940907, 0000,  , LO, 12.4N, 134.0E,  20,    0,    0,    0,    0,    0,    0,    0,    0,    0,    0,    0,    0,    0, -999,  28.85,  28.73,  28.99,  28.77,  28.94,  29.28,  29.31,  29.39,  29.23,  29.36,  29.25,  29.47,  29.54,  29.69,  29.73,  29.48,  29.38,  29.36,  29.38,  29.36,  28.99,  28.86,  28.69,  29.06,  29.07,  29.27,  29.30,  29.30,  29.31,  29.27,  28.93
19940907, 0600,  , LO, 12.5N, 133.2E,  25,    0,    0,    0,    0,    0,    0,    0,    0,    0,    0,    0,    0,    0, -999,  28.95,  29.08,  28.95,  28.91,  28.96,  29.18,  29.23,  29.34,  29.25,  29.45,  29.40,  29.48,  29.50,  29.57,  29.58,  29.27,  29.13,  29.15,  29.31,  29.36,  29.20,  29.08,  29.21,  29.24,  29.12,  29.07,  29.03,  29.00,  29.12,  29.19,  28.81
19940907, 1200,  , LO, 12.7N, 132.3E,  25,    0,    0,    0,    0,    0,    0,    0,    0,    0,    0,    0,    0,    0, -999,  29.03,  29.02,  28.78,  28.68,  28.94,  29.10,  29.11,  29.18,  29.19,  29.36,  29.34,  29.39,  29.41,  29.47,  29.48,  29.30,  29.27,  29.21,  29.35,  29.45,  29.36,  29.22,  29.24,  29.10,  28.92,  28.91,  28.94,  28.95,  28.88,  28.85,  28.98
19940907, 1800,  , LO, 13.0N, 131.3E,  25,    0,    0,    0,    0,    0,    0,    0,    0,    0,    0,    0,    0,    0, -999,  29.03,  28.93,  28.83,  28.91,  28.98,  29.05,  29.03,  29.13,  29.20,  29.07,  29.09,  29.05,  28.98,  29.06,  29.05,  28.96,  28.99,  28.73,  28.71,  28.79,  28.82,  29.08,  29.10,  29.23,  29.25,  29.16,  29.07,  28.85,  28.71,  28.79,  28.91
19940908, 0000,  , LO, 13.4N, 130.3E,  30,    0,    0,    0,    0,    0,    0,    0,    0,    0,    0,    0,    0,    0, -999,  28.73,  28.91,  29.15,  29.14,  29.12,  29.09,  29.15,  29.21,  29.26,  29.12,  29.24,  29.26,  29.34,  29.33,  29.21,  29.17,  28.77,  28.84,  28.81,  28.95,  28.67,  28.66,  28.86,  28.92,  28.32,  29.02,  28.37,  28.82,  28.37,  28.87,  28.96
19940908, 0600,  , LO, 14.0N, 129.2E,  30,    0,    0,    0,    0,    0,    0,    0,    0,    0,    0,    0,    0,    0, -999,  29.06,  28.62,  28.91,  29.00,  29.17,  29.16,  29.10,  28.95,  29.13,  29.09,  29.20,  29.27,  29.16,  29.01,  28.99,  29.03,  28.79,  28.86,  28.94,  29.06,  29.05,  29.06,  29.17,  29.18,  29.28,  29.15,  29.12,  29.19,  29.20,  29.29,  29.38
19940908, 1200,  , LO, 14.7N, 128.2E,  30,    0,    0,    0,    0,    0,    0,    0,    0,    0,    0,    0,    0,    0, -999,  28.82,  28.57,  28.70,  28.86,  29.10,  29.20,  28.94,  29.18,  29.20,  29.31,  29.27,  29.31,  29.23,  29.12,  29.07,  29.00,  28.89,  28.90,  28.75,  28.77,  28.65,  28.59,  28.66,  28.71,  28.76,  28.69,  28.74,  28.60,  28.68,  28.90,  29.15
19940908, 1800,  , LO, 15.4N, 127.2E,  25,    0,    0,    0,    0,    0,    0,    0,    0,    0,    0,    0,    0,    0, -999,  27.75,  28.04,  28.03,  28.23,  28.48,  28.61,  28.39,  29.36,  28.76,  28.94,  29.26,  29.29,  29.28,  29.33,  29.57,  29.41,  29.16,  29.14,  29.14,  29.22,  29.20,  29.17,  29.22,  29.26,  28.89,  28.28,  28.56,  28.02,  27.85,  28.54,  29.01
19940909, 0000,  , LO, 16.2N, 126.3E,  25,    0,    0,    0,    0,    0,    0,    0,    0,    0,    0,    0,    0,    0, -999,  28.93,  28.86,  28.93,  29.01,  28.97,  28.83,  29.03,  28.59,  28.75,  29.18,  29.27,  29.25,  29.16,  29.09,  29.12,  29.21,  28.82,  28.92,  28.94,  29.27,  28.58,  27.97,  27.57,  28.08,  29.29,  29.07,  28.73,  28.67,  28.79,  28.85,  28.20
19940909, 0600,  , LO, 16.8N, 125.4E,  25,    0,    0,    0,    0,    0,    0,    0,    0,    0,    0,    0,    0,    0, -999,  27.82,  28.52,  28.10,  27.73,  28.13,  28.19,  28.42,  28.60,  28.46,  29.15,  28.73,  28.52,  28.66,  28.63,  28.73,  28.71,  28.63,  29.11,  29.02,  29.00,  29.07,  29.08,  29.19,  29.11,  29.19,  29.54,  29.23,  29.03,  28.91,  29.23,  29.05
19940909, 1200,  , LO, 17.4N, 124.5E,  25,    0,    0,    0,    0,    0,    0,    0,    0,    0,    0,    0,    0,    0, -999,  27.47,  27.77,  27.80,  27.96,  28.14,  28.17,  28.49,  28.48,  28.26,  28.52,  28.53,  28.29,  28.25,  28.01,  27.76,  27.72,  27.70,  28.08,  28.43,  28.96,  29.13,  29.27,  29.40,  29.35,  29.31,  29.24,  29.25,  28.91,  28.81,  29.04,  29.16
19940909, 1800,  , LO, 17.9N, 123.6E,  25,    0,    0,    0,    0,    0,    0,    0,    0,    0,    0,    0,    0,    0, -999,  28.51,  28.46,  28.40,  28.38,  28.37,  28.52,  28.63,  28.70,  28.02,  28.19,  28.07,  28.20,  28.94,  29.14,  28.89,  28.36,  28.67,  28.97,  29.05,  29.26,  29.44,  29.37,  29.26,  29.20,  28.93,  28.43,  28.29,  28.32,  28.65,  28.99,  29.02
19940910, 0000,  , LO, 18.4N, 122.7E,  30,    0,    0,    0,    0,    0,    0,    0,    0,    0,    0,    0,    0,    0, -999,  28.99,  28.07,  28.23,  27.67,  28.43,  28.63,  28.60,  28.31,  28.63,  28.30,  28.82,  28.79,  28.38,  28.35,  28.59,  28.75,  28.30,  27.37,  27.40,  28.67,  29.26,  28.96,  29.10,  29.04,  28.75,  28.75,  28.66,  28.89,  28.99,  28.64,  28.93
19940910, 0600,  , LO, 18.9N, 121.8E,  30,    0,    0,    0,    0,    0,    0,    0,    0,    0,    0,    0,    0,    0, -999,  28.17,  28.02,  26.35,  25.62,  25.44,  25.78,  25.63,  26.00,  27.27,  25.62,  26.43,  25.31,  25.75,  26.55,  27.95,  28.19,  27.82,  27.83,  27.84,  27.16,  27.44,  28.15,  28.65,  28.59,  27.48,  26.93,  26.46,  26.28,  27.07,  28.41,  28.06
19940910, 1200,  , LO, 19.4N, 120.9E,  30,    0,    0,    0,    0,    0,    0,    0,    0,    0,    0,    0,    0,    0, -999,  28.76,  28.54,  27.53,  26.88,  26.71,  26.81,  26.79,  26.90,  27.29,  27.74,  27.21,  26.74,  27.22,  27.04,  26.86,  26.72,  26.72,  26.83,  26.35,  26.05,  26.64,  27.32,  27.54,  27.09,  27.06,  27.01,  26.48,  26.19,  26.53,  26.92,  26.96
19940910, 1800,  , LO, 19.9N, 120.0E,  30,    0,    0,    0,    0,    0,    0,    0,    0,    0,    0,    0,    0,    0, -999,  27.91,  27.78,  27.74,  27.85,  28.35,  28.19,  27.16,  27.92,  28.15,  28.00,  28.52,  28.46,  28.41,  28.31,  28.33,  28.36,  27.99,  27.53,  27.43,  27.33,  26.19,  27.03,  27.49,  27.10,  27.32,  27.52,  27.44,  27.58,  27.87,  27.42,  27.27
19940911, 0000,  , LO, 20.3N, 119.0E,  30,    0,    0,    0,    0,    0,    0,    0,    0,    0,    0,    0,    0,    0, -999,  28.08,  28.18,  28.23,  28.03,  27.86,  27.66,  27.56,  27.71,  28.01,  28.28,  28.15,  28.30,  28.53,  28.01,  27.38,  27.75,  27.36,  27.39,  27.20,  27.77,  28.08,  27.98,  27.79,  27.87,  26.91,  27.93,  27.78,  27.51,  26.64,  26.81,  27.31
19940911, 0600,  , TS, 20.4N, 117.9E,  35,    0,    0,    0,    0,    0,    0,    0,    0,    0,    0,    0,    0,    0, -999,  28.44,  28.46,  28.46,  28.48,  28.43,  28.33,  28.27,  28.37,  28.52,  28.28,  28.22,  28.42,  28.32,  28.33,  28.11,  27.97,  27.85,  27.83,  27.87,  28.00,  28.45,  28.17,  28.32,  28.18,  28.14,  28.13,  28.19,  28.36,  28.34,  28.35,  28.43
19940911, 1200,  , TS, 20.3N, 116.6E,  35,    0,    0,    0,    0,    0,    0,    0,    0,    0,    0,    0,    0,    0, -999,  28.20,  28.12,  27.96,  28.29,  28.42,  28.43,  28.43,  28.28,  28.28,  28.52,  28.71,  28.68,  28.66,  28.54,  28.44,  28.21,  27.98,  27.93,  27.95,  27.85,  28.11,  27.90,  27.80,  27.54,  27.83,  27.78,  28.17,  28.25,  28.27,  28.20,  28.13
19940911, 1800,  , TS, 20.1N, 115.1E,  40,    0,    0,    0,    0,    0,    0,    0,    0,    0,    0,    0,    0,    0, -999,  27.05,  27.20,  26.62,  26.63,  27.79,  28.20,  28.30,  28.31,  28.24,  28.35,  28.38,  28.24,  28.13,  28.16,  28.20,  28.27,  28.07,  28.10,  28.14,  28.10,  28.11,  28.23,  28.18,  28.32,  28.41,  28.32,  28.05,  28.62,  28.76,  28.65,  28.44
19940912, 0000,  , TS, 19.8N, 113.6E,  45,    0,    0,    0,    0,    0,    0,    0,    0,    0,    0,    0,    0,    0, -999,  27.51,  25.82,  28.18,  28.40,  26.47,  27.13,  28.01,  28.33,  28.26,  28.62,  28.89,  28.84,  28.57,  28.57,  28.49,  28.42,  28.40,  28.27,  28.25,  28.30,  28.34,  28.29,  28.61,  28.71,  28.67,  28.49,  28.65,  28.61,  28.60,  28.69,  28.83
19940912, 0600,  , TS, 19.5N, 112.2E,  50,    0,    0,    0,    0,    0,    0,    0,    0,    0,    0,    0,    0,    0, -999,  27.95,  27.68,  28.59,  27.67,  24.14,  26.68,  26.81,  27.84,  27.95,  28.01,  28.21,  28.24,  28.08,  27.79,  27.81,  28.13,  28.20,  28.20,  28.17,  28.18,  28.18,  27.86,  28.13,  28.16,  28.26,  28.33,  28.36,  28.09,  28.23,  28.20,  28.68
19940912, 1200,  , TS, 19.2N, 111.0E,  45,    0,    0,    0,    0,    0,    0,    0,    0,    0,    0,    0,    0,    0, -999,  26.08,  25.97,  25.99,  26.00,  26.15,  26.21,  26.25,  26.75,  26.59,  26.59,  26.41,  26.12,  25.78,  25.91,  26.25,  26.15,  26.68,  27.09,  27.47,  27.72,  27.73,  27.68,  27.88,  27.53,  27.35,  27.42,  27.36,  27.49,  27.46,  27.63,  27.95
19940912, 1800,  , TS, 19.1N, 109.9E,  40,    0,    0,    0,    0,    0,    0,    0,    0,    0,    0,    0,    0,    0, -999,    nan,    nan,    nan,    nan,    nan,    nan,    nan,    nan,    nan,    nan,    nan,    nan,    nan,    nan,    nan,    nan,    nan,    nan,    nan,    nan,    nan,    nan,    nan,    nan,    nan,    nan,    nan,    nan,    nan,    nan,    nan
19940913, 0000,  , TS, 19.0N, 108.9E,  40,    0,    0,    0,    0,    0,    0,    0,    0,    0,    0,    0,    0,    0, -999,    nan,    nan,    nan,    nan,    nan,    nan,    nan,    nan,    nan,    nan,    nan,    nan,    nan,    nan,    nan,    nan,    nan,    nan,    nan,    nan,    nan,    nan,    nan,    nan,    nan,    nan,    nan,    nan,    nan,    nan,    nan
19940913, 0600,  , TS, 19.0N, 107.9E,  35,    0,    0,    0,    0,    0,    0,    0,    0,    0,    0,    0,    0,    0, -999,  29.64,  29.56,  29.55,  29.59,  29.54,  29.45,  29.47,  29.44,  29.27,  29.09,  29.00,  28.86,  28.83,  28.87,  28.86,  28.73,  28.34,  28.24,  28.31,  27.60,  27.18,  27.10,  27.13,  27.19,  27.57,  27.77,  27.85,  27.84,  27.90,  27.94,  27.68
19940913, 1200,  , TS, 19.1N, 107.0E,  35,    0,    0,    0,    0,    0,    0,    0,    0,    0,    0,    0,    0,    0, -999,  29.30,  29.29,  29.33,  29.35,  29.42,  29.28,  29.35,  29.43,  29.37,  29.29,  29.21,  29.13,  29.04,  28.97,  29.02,  28.93,  28.77,  28.76,  28.76,  28.22,  27.69,  27.71,  27.73,  27.81,  28.00,  27.99,  28.05,  28.03,  28.06,  28.15,  28.08
19940913, 1800,  , LO, 19.2N, 106.1E,  30,    0,    0,    0,    0,    0,    0,    0,    0,    0,    0,    0,    0,    0, -999,    nan,    nan,    nan,    nan,    nan,    nan,    nan,    nan,    nan,    nan,    nan,    nan,    nan,    nan,    nan,    nan,    nan,    nan,    nan,    nan,    nan,    nan,    nan,    nan,    nan,    nan,    nan,    nan,    nan,    nan,    nan
19940914, 0000,  , LO, 19.3N, 105.2E,  25,    0,    0,    0,    0,    0,    0,    0,    0,    0,    0,    0,    0,    0, -999,    nan,    nan,    nan,    nan,    nan,    nan,    nan,    nan,    nan,    nan,    nan,    nan,    nan,    nan,    nan,    nan,    nan,    nan,    nan,    nan,    nan,    nan,    nan,    nan,    nan,    nan,    nan,    nan,    nan,    nan,    nan
19940914, 0600,  , LO, 19.5N, 104.2E,  20,    0,    0,    0,    0,    0,    0,    0,    0,    0,    0,    0,    0,    0, -999,    nan,    nan,    nan,    nan,    nan,    nan,    nan,    nan,    nan,    nan,    nan,    nan,    nan,    nan,    nan,    nan,    nan,    nan,    nan,    nan,    nan,    nan,    nan,    nan,    nan,    nan,    nan,    nan,    nan,    nan,    nan
19940914, 1200,  , LO, 19.8N, 103.2E,  15,    0,    0,    0,    0,    0,    0,    0,    0,    0,    0,    0,    0,    0, -999,    nan,    nan,    nan,    nan,    nan,    nan,    nan,    nan,    nan,    nan,    nan,    nan,    nan,    nan,    nan,    nan,    nan,    nan,    nan,    nan,    nan,    nan,    nan,    nan,    nan,    nan,    nan,    nan,    nan,    nan,    nan
19940914, 1800,  , LO, 20.2N, 102.2E,  10,    0,    0,    0,    0,    0,    0,    0,    0,    0,    0,    0,    0,    0, -999,    nan,    nan,    nan,    nan,    nan,    nan,    nan,    nan,    nan,    nan,    nan,    nan,    nan,    nan,    nan,    nan,    nan,    nan,    nan,    nan,    nan,    nan,    nan,    nan,    nan,    nan,    nan,    nan,    nan,    nan,    nan
