WP252001,            UNNAMED,     29,
20011011, 0600,  , TD, 16.1N, 131.7E,  25, 1002,    0,    0,    0,    0,    0,    0,    0,    0,    0,    0,    0,    0, -999,  34.70,  34.70,  34.69,  34.68,  34.65,  34.65,  34.63,  34.60,  34.62,  34.63,  34.68,  34.65,  34.65,  34.64,  34.61,  34.64,  34.65,  34.70,  34.76,  34.76,  34.72,  34.72,  34.73,  34.73,  34.68,  34.56,  34.53,  34.56,  34.51,  34.42,  34.45
20011011, 1200,  , TD, 16.4N, 131.2E,  25, 1002,    0,    0,    0,    0,    0,    0,    0,    0,    0,    0,    0,    0, -999,  34.67,  34.71,  34.71,  34.71,  34.66,  34.65,  34.66,  34.65,  34.68,  34.68,  34.70,  34.70,  34.67,  34.64,  34.68,  34.72,  34.68,  34.64,  34.59,  34.58,  34.61,  34.78,  34.75,  34.74,  34.72,  34.71,  34.69,  34.71,  34.76,  34.67,  34.69
20011011, 1800,  , TD, 16.8N, 130.7E,  25, 1002,    0,    0,    0,    0,    0,    0,    0,    0,    0,    0,    0,    0, -999,  34.65,  34.67,  34.73,  34.74,  34.73,  34.69,  34.65,  34.66,  34.66,  34.63,  34.62,  34.59,  34.59,  34.60,  34.62,  34.64,  34.63,  34.66,  34.82,  34.86,  34.87,  34.79,  34.77,  34.80,  34.80,  34.81,  34.90,  34.78,  34.85,  34.88,  34.78
20011012, 0000,  , TD, 17.0N, 130.4E,  30, 1000,    0,    0,    0,    0,    0,    0,    0,    0,    0,    0,    0,    0, -999,  34.66,  34.66,  34.64,  34.73,  34.71,  34.65,  34.66,  34.64,  34.66,  34.63,  34.61,  34.62,  34.62,  34.62,  34.62,  34.63,  34.64,  34.66,  34.67,  34.74,  34.84,  34.88,  34.93,  34.92,  34.84,  34.81,  34.78,  34.96,  34.95,  34.87,  34.72
20011012, 0600,  , TS, 17.2N, 130.3E,  35,  997,    0,    0,    0,    0,    0,    0,    0,    0,    0,    0,    0,    0, -999,  34.70,  34.66,  34.64,  34.66,  34.74,  34.70,  34.67,  34.64,  34.64,  34.62,  34.61,  34.61,  34.60,  34.62,  34.62,  34.63,  34.66,  34.67,  34.65,  34.69,  34.77,  34.68,  34.84,  34.80,  34.77,  34.83,  34.88,  34.94,  34.90,  34.68,  34.55
20011012, 1200,  , TS, 17.3N, 130.2E,  35,  997,    0,    0,    0,    0,    0,    0,    0,    0,    0,    0,    0,    0, -999,  34.71,  34.65,  34.63,  34.64,  34.74,  34.66,  34.66,  34.67,  34.63,  34.64,  34.62,  34.61,  34.61,  34.62,  34.61,  34.62,  34.63,  34.66,  34.66,  34.67,  34.65,  34.62,  34.71,  34.76,  34.69,  34.80,  34.77,  34.89,  34.92,  34.90,  34.73
20011012, 1800,  , TS, 17.5N, 130.1E,  35,  997,    0,    0,    0,    0,    0,    0,    0,    0,    0,    0,    0,    0, -999,  34.73,  34.68,  34.63,  34.62,  34.67,  34.72,  34.66,  34.66,  34.64,  34.62,  34.63,  34.63,  34.62,  34.62,  34.62,  34.62,  34.62,  34.65,  34.66,  34.68,  34.65,  34.63,  34.63,  34.64,  34.60,  34.68,  34.70,  34.87,  34.91,  34.85,  34.68
20011013, 0000,  , TS, 17.7N, 130.0E,  45,  991,    0,    0,    0,    0,    0,    0,    0,    0,    0,    0,    0,    0, -999,  34.86,  34.80,  34.60,  34.59,  34.65,  34.66,  34.67,  34.66,  34.62,  34.66,  34.65,  34.64,  34.63,  34.64,  34.63,  34.63,  34.63,  34.60,  34.61,  34.60,  34.58,  34.60,  34.56,  34.55,  34.56,  34.56,  34.58,  34.58,  34.62,  34.65,  34.64
20011013, 0600,  , TS, 17.8N, 130.0E,  45,  991,    0,    0,    0,    0,    0,    0,    0,    0,    0,    0,    0,    0, -999,  34.86,  34.80,  34.60,  34.59,  34.65,  34.66,  34.67,  34.66,  34.62,  34.66,  34.65,  34.64,  34.63,  34.64,  34.63,  34.63,  34.63,  34.60,  34.61,  34.60,  34.58,  34.60,  34.56,  34.55,  34.56,  34.56,  34.58,  34.58,  34.62,  34.65,  34.64
20011013, 1200,  , TS, 18.1N, 130.0E,  50,  987,    0,    0,    0,    0,    0,    0,    0,    0,    0,    0,    0,    0, -999,  34.85,  34.86,  34.85,  34.77,  34.67,  34.69,  34.67,  34.69,  34.78,  34.71,  34.64,  34.63,  34.64,  34.64,  34.66,  34.67,  34.64,  34.55,  34.54,  34.59,  34.57,  34.61,  34.60,  34.63,  34.64,  34.65,  34.67,  34.62,  34.64,  34.61,  34.63
20011013, 1800,  , TS, 18.7N, 130.0E,  50,  987,    0,    0,    0,    0,    0,    0,    0,    0,    0,    0,    0,    0, -999,  34.85,  34.83,  34.82,  34.82,  34.90,  34.91,  34.90,  34.92,  34.94,  34.89,  34.87,  34.94,  35.00,  35.02,  34.97,  34.81,  34.72,  34.73,  34.64,  34.61,  34.61,  34.64,  34.72,  34.72,  34.74,  34.73,  34.72,  34.69,  34.64,  34.63,  34.61
20011014, 0000,  , TS, 19.5N, 129.9E,  60,  980,    0,    0,    0,    0,    0,    0,    0,    0,    0,    0,    0,    0, -999,  34.91,  34.91,  34.96,  34.99,  34.99,  34.98,  35.00,  34.88,  34.89,  34.88,  34.93,  34.97,  35.01,  34.99,  34.97,  34.94,  34.90,  34.90,  34.89,  34.91,  34.92,  34.90,  34.89,  34.90,  34.89,  34.86,  34.86,  34.83,  34.84,  34.83,  34.83
20011014, 0600,  , TS, 20.5N, 129.7E,  60,  980,    0,    0,    0,    0,    0,    0,    0,    0,    0,    0,    0,    0, -999,  34.78,  34.78,  34.81,  34.84,  34.89,  34.89,  34.88,  34.89,  34.90,  34.93,  34.93,  34.91,  34.91,  34.95,  35.00,  34.98,  34.97,  34.95,  34.95,  34.97,  34.95,  34.94,  34.93,  34.93,  34.94,  34.95,  34.96,  34.96,  34.96,  34.96,  34.92
20011014, 1200,  , HU, 21.4N, 129.4E,  70,  972,    0,    0,    0,    0,    0,    0,    0,    0,    0,    0,    0,    0, -999,  34.81,  34.79,  34.78,  34.78,  34.82,  34.82,  34.85,  34.88,  34.86,  34.80,  34.80,  34.83,  34.82,  34.80,  34.78,  34.82,  34.75,  34.70,  34.73,  34.81,  34.78,  34.82,  34.87,  34.83,  34.82,  34.77,  34.74,  34.75,  34.75,  34.77,  34.84
20011014, 1800,  , HU, 21.9N, 128.5E,  75,  967,    0,    0,    0,    0,    0,    0,    0,    0,    0,    0,    0,    0, -999,  34.75,  34.76,  34.95,  34.83,  35.01,  34.99,  34.94,  34.84,  34.78,  34.74,  34.71,  34.70,  34.69,  34.71,  34.76,  34.84,  34.88,  34.84,  34.85,  34.84,  34.86,  34.84,  34.84,  34.85,  34.83,  34.84,  34.84,  34.83,  34.82,  34.81,  34.82
20011015, 0000,  , HU, 22.4N, 127.6E,  80,  963,    0,    0,    0,    0,    0,    0,    0,    0,    0,    0,    0,    0, -999,  34.75,  34.66,  34.58,  34.55,  34.60,  34.62,  34.62,  34.64,  34.66,  34.69,  34.71,  34.72,  34.75,  34.80,  34.87,  34.91,  34.91,  34.86,  34.85,  34.88,  34.88,  34.88,  34.86,  34.84,  34.88,  34.85,  34.82,  34.84,  34.87,  34.90,  34.87
20011015, 0600,  , HU, 22.7N, 126.5E,  80,  963,    0,    0,    0,    0,    0,    0,    0,    0,    0,    0,    0,    0, -999,  34.33,  34.34,  34.54,  34.58,  34.60,  34.60,  34.68,  34.73,  34.69,  34.71,  34.62,  34.70,  34.81,  34.96,  35.04,  35.03,  35.01,  34.93,  34.71,  34.60,  34.58,  34.60,  34.61,  34.66,  34.66,  34.65,  34.64,  34.55,  34.55,  34.56,  34.59
20011015, 1200,  , HU, 23.1N, 125.7E,  85,  958,    0,    0,    0,    0,    0,    0,    0,    0,    0,    0,    0,    0, -999,  34.54,  34.55,  34.58,  34.59,  34.56,  34.54,  34.53,  34.53,  34.54,  34.55,  34.56,  34.55,  34.57,  34.59,  34.67,  34.51,  34.91,  34.69,  34.65,  34.62,  34.55,  34.47,  34.58,  34.64,  34.92,  34.73,  34.74,  34.70,  34.68,  34.64,  34.55
20011015, 1800,  , HU, 23.8N, 125.1E,  90,  954,    0,    0,    0,    0,    0,    0,    0,    0,    0,    0,    0,    0, -999,  34.58,  34.56,  34.60,  34.61,  34.63,  34.68,  34.68,  34.68,  34.68,  34.65,  34.64,  34.52,  34.38,  34.37,  34.39,  34.41,  34.65,  34.48,  34.48,  34.41,  34.48,  34.49,  34.53,  34.58,  34.52,  34.52,  34.59,  34.57,  34.57,  34.59,  34.60
20011016, 0000,  , HU, 24.5N, 124.5E,  90,  954,    0,    0,    0,    0,    0,    0,    0,    0,    0,    0,    0,    0, -999,  34.49,  34.43,  34.43,  34.46,  34.47,  34.83,  34.79,  34.59,  34.45,  34.39,  34.30,  34.24,  34.25,  34.34,  34.32,  34.20,  34.46,  34.55,  34.51,  34.49,  34.52,  34.58,  34.55,  34.53,  34.48,  34.48,  34.51,  34.51,  34.52,  34.52,  34.52
20011016, 0600,  , HU, 25.4N, 124.4E,  90,  954,    0,    0,    0,    0,    0,    0,    0,    0,    0,    0,    0,    0, -999,  34.58,  34.62,  34.35,  34.37,  34.30,  33.98,  34.53,  34.58,  34.64,  34.57,  34.20,  34.22,  34.52,  34.50,  34.44,  34.44,  34.77,  34.70,  34.56,  34.43,  34.43,  34.47,  34.47,  34.48,  34.49,  34.53,  34.48,  34.47,  34.47,  34.36,  34.46
20011016, 1200,  , HU, 26.2N, 124.9E,  85,  958,    0,    0,    0,    0,    0,    0,    0,    0,    0,    0,    0,    0, -999,  34.04,  33.92,  34.11,  34.36,  34.30,  34.26,  34.06,  33.92,  34.53,  34.45,  34.43,  34.37,  34.38,  34.38,  34.52,  34.52,  34.51,  34.54,  34.58,  34.39,  34.33,  34.37,  34.34,  34.45,  34.44,  34.46,  34.47,  34.47,  34.46,  34.47,  34.40
20011016, 1800,  , HU, 27.0N, 125.8E,  75,  967,    0,    0,    0,    0,    0,    0,    0,    0,    0,    0,    0,    0, -999,  34.03,  33.99,  33.84,  33.90,  34.28,  34.38,  34.31,  34.20,  34.14,  34.12,  34.05,  34.33,  34.38,  34.30,  34.30,  34.40,  34.50,  34.47,  34.46,  34.49,  34.58,  34.62,  34.48,  34.32,  34.36,  34.47,  34.43,  34.44,  34.41,  34.40,  34.42
20011017, 0000,  , HU, 27.7N, 127.0E,  70,  972,    0,    0,    0,    0,    0,    0,    0,    0,    0,    0,    0,    0, -999,  34.33,  34.30,  34.17,  34.27,  34.50,  34.27,  34.45,  34.49,  34.42,  34.39,  34.31,  34.14,  34.39,  34.40,  34.33,  34.30,  34.45,  34.46,  34.49,  34.51,  34.49,  34.47,  34.51,  34.50,  34.53,  34.52,  34.45,  34.44,  34.49,  34.50,  34.48
20011017, 0600,  , HU, 28.2N, 128.6E,  70,  972,    0,    0,    0,    0,    0,    0,    0,    0,    0,    0,    0,    0, -999,  34.42,  34.43,  34.44,  34.46,  34.42,  34.37,  34.36,  34.35,  34.35,  34.31,  34.29,  34.29,  34.30,  34.30,  34.33,  34.32,  34.35,  34.33,  34.36,  34.43,  34.39,  34.50,  34.56,  34.34,  34.41,  34.36,  34.34,  34.35,  34.38,  34.41,  34.42
20011017, 1200,  , HU, 28.9N, 130.5E,  65,  976,    0,    0,    0,    0,    0,    0,    0,    0,    0,    0,    0,    0, -999,  34.28,  34.44,  34.58,  34.64,  34.48,  34.27,  34.26,  34.21,  34.21,  34.18,  34.18,  34.19,  34.21,  34.27,  34.27,  34.25,  34.25,  34.29,  34.26,  34.25,  34.25,  34.24,  34.29,  34.31,  34.42,  34.44,  34.33,  34.43,  34.42,  34.52,  34.42
20011017, 1800,  , TS, 29.5N, 133.0E,  60,  980,    0,    0,    0,    0,    0,    0,    0,    0,    0,    0,    0,    0, -999,  34.58,  34.51,  34.52,  34.72,  34.67,  34.59,  34.58,  34.59,  34.58,  34.51,  34.79,  34.75,  34.53,  34.50,  34.50,  34.48,  34.46,  34.45,  34.47,  34.53,  34.54,  34.52,  34.52,  34.51,  34.53,  34.53,  34.50,  34.52,  34.55,  34.56,  34.56
20011018, 0000,  , TS, 30.5N, 136.0E,  55,  984,    0,    0,    0,    0,    0,    0,    0,    0,    0,    0,    0,    0, -999,  34.58,  34.66,  34.57,  34.68,  34.69,  34.61,  34.54,  34.58,  34.53,  34.41,  34.39,  34.50,  34.62,  34.63,  34.65,  34.55,  34.63,  34.60,  34.66,  34.62,  34.61,  34.60,  34.56,  34.56,  34.59,  34.60,  34.59,  34.59,  34.60,  34.61,  34.60
20011018, 0600,  , TS, 31.8N, 138.4E,  45,  991,    0,    0,    0,    0,    0,    0,    0,    0,    0,    0,    0,    0, -999,  34.30,  34.41,  34.41,  34.30,  34.38,  34.34,  34.42,  34.44,  34.37,  34.34,  34.30,  34.30,  34.33,  34.41,  34.45,  34.46,  34.44,  34.46,  34.46,  34.45,  34.45,  34.43,  34.44,  34.44,  34.45,  34.50,  34.54,  34.50,  34.62,  34.63,  34.65
