WP262011,          TWENTYSIX,     15,
20111209, 1800,  , DB, 12.0N, 117.0E,  15, 1010,    0,    0,    0,    0,    0,    0,    0,    0,    0,    0,    0,    0, -999,  33.41,  33.44,  33.45,  33.47,  33.48,  33.50,  33.51,  33.53,  33.54,  33.56,  33.58,  33.55,  33.53,  33.51,  33.53,  33.54,  33.51,  33.48,  33.44,  33.55,  33.61,  33.63,  33.67,  33.69,  33.64,  33.61,  33.61,  33.64,  33.63,  33.62,  33.62
20111210, 0000,  , TD, 11.6N, 116.4E,  20, 1007,    0,    0,    0,    0,    0,    0,    0,    0,    0,    0,    0,    0, -999,  33.63,  33.60,  33.57,  33.53,  33.52,  33.56,  33.58,  33.59,  33.56,  33.59,  33.56,  33.55,  33.51,  33.45,  33.45,  33.52,  33.63,  33.64,  33.69,  33.70,  33.72,  33.67,  33.56,  33.51,  33.43,  33.36,  33.38,  33.38,  33.39,  33.40,  33.39
20111210, 0600,  , DB, 11.6N, 116.0E,  20, 1006,    0,    0,    0,    0,    0,    0,    0,    0,    0,    0,    0,    0, -999,  33.61,  33.63,  33.63,  33.61,  33.60,  33.59,  33.60,  33.61,  33.57,  33.57,  33.56,  33.55,  33.55,  33.52,  33.47,  33.44,  33.33,  33.28,  33.44,  33.47,  33.64,  33.68,  33.46,  33.38,  33.33,  33.38,  33.41,  33.39,  33.35,  33.33,  33.37
20111210, 1200,  , DB, 10.8N, 115.8E,  20, 1006,    0,    0,    0,    0,    0,    0,    0,    0,    0,    0,    0,    0, -999,  33.63,  33.62,  33.61,  33.61,  33.59,  33.53,  33.47,  33.51,  33.53,  33.44,  33.48,  33.48,  33.47,  33.47,  33.42,  33.39,  33.45,  33.53,  33.46,  33.41,  33.41,  33.41,  33.44,  33.44,  33.38,  33.36,  33.35,  33.37,  33.36,  33.35,  33.35
20111210, 1800,  , DB, 10.1N, 115.7E,  20, 1006,    0,    0,    0,    0,    0,    0,    0,    0,    0,    0,    0,    0, -999,  33.56,  33.58,  33.58,  33.57,  33.52,  33.48,  33.46,  33.46,  33.48,  33.39,  33.44,  33.44,  33.44,  33.37,  33.34,  33.34,  33.38,  33.39,  33.40,  33.39,  33.39,  33.45,  33.41,  33.40,  33.34,  33.36,  33.35,  33.28,  33.20,  33.21,  33.24
20111211, 0000,  , DB,  9.4N, 115.6E,  20, 1006,    0,    0,    0,    0,    0,    0,    0,    0,    0,    0,    0,    0, -999,  33.43,  33.44,  33.45,  33.45,  33.42,  33.40,  33.41,  33.39,  33.38,  33.45,  33.43,  33.42,  33.35,  33.35,  33.34,  33.37,  33.38,  33.36,  33.42,  33.37,  33.38,  33.37,  33.35,  33.26,  33.22,  33.19,  33.19,  33.16,  33.15,  33.15,  33.09
20111211, 0600,  , DB,  9.1N, 115.5E,  20, 1006,    0,    0,    0,    0,    0,    0,    0,    0,    0,    0,    0,    0, -999,  33.49,  33.49,  33.47,  33.45,  33.43,  33.42,  33.40,  33.39,  33.38,  33.43,  33.42,  33.40,  33.37,  33.35,  33.32,  33.38,  33.39,  33.41,  33.39,  33.38,  33.38,  33.37,  33.32,  33.23,  33.17,  33.18,  33.17,  33.16,  33.11,  33.11,  33.04
20111211, 1200,  , DB,  9.4N, 115.4E,  20, 1005,    0,    0,    0,    0,    0,    0,    0,    0,    0,    0,    0,    0, -999,  33.44,  33.45,  33.45,  33.43,  33.42,  33.40,  33.42,  33.42,  33.38,  33.43,  33.43,  33.41,  33.35,  33.36,  33.33,  33.41,  33.41,  33.42,  33.42,  33.38,  33.38,  33.37,  33.34,  33.29,  33.25,  33.18,  33.17,  33.17,  33.14,  33.11,  33.07
20111211, 1800,  , DB,  9.7N, 115.2E,  20, 1005,    0,    0,    0,    0,    0,    0,    0,    0,    0,    0,    0,    0, -999,  33.53,  33.48,  33.47,  33.43,  33.40,  33.41,  33.40,  33.48,  33.43,  33.50,  33.52,  33.50,  33.46,  33.46,  33.48,  33.42,  33.42,  33.48,  33.48,  33.45,  33.41,  33.42,  33.41,  33.40,  33.38,  33.32,  33.24,  33.19,  33.19,  33.15,  33.10
20111212, 0000,  , DB,  9.7N, 114.5E,  20, 1004,    0,    0,    0,    0,    0,    0,    0,    0,    0,    0,    0,    0, -999,  33.40,  33.41,  33.45,  33.45,  33.44,  33.45,  33.53,  33.52,  33.52,  33.50,  33.51,  33.51,  33.52,  33.54,  33.52,  33.52,  33.50,  33.45,  33.45,  33.43,  33.42,  33.41,  33.40,  33.39,  33.35,  33.31,  33.27,  33.24,  33.22,  33.25,  33.20
20111212, 0600,  , TD,  9.7N, 113.4E,  25, 1004,    0,    0,    0,    0,    0,    0,    0,    0,    0,    0,    0,    0, -999,  33.40,  33.40,  33.42,  33.43,  33.44,  33.45,  33.43,  33.41,  33.36,  33.39,  33.35,  33.30,  33.28,  33.28,  33.31,  33.33,  33.25,  33.23,  33.22,  33.19,  33.16,  33.16,  33.17,  33.09,  33.09,  33.06,  32.96,  32.97,  33.06,  33.08,  33.03
20111212, 1200,  , TD,  9.7N, 112.8E,  25, 1004,    0,    0,    0,    0,    0,    0,    0,    0,    0,    0,    0,    0, -999,  33.28,  33.28,  33.29,  33.29,  33.26,  33.24,  33.26,  33.26,  33.22,  33.23,  33.20,  33.16,  33.08,  33.14,  33.14,  33.14,  33.18,  33.17,  33.16,  33.14,  33.10,  33.06,  33.02,  32.98,  32.77,  32.79,  32.87,  32.93,  32.97,  32.96,  33.07
20111212, 1800,  , DB,  9.2N, 112.4E,  20, 1007,    0,    0,    0,    0,    0,    0,    0,    0,    0,    0,    0,    0, -999,  33.29,  33.25,  33.24,  33.23,  33.22,  33.18,  33.20,  33.23,  33.20,  33.09,  33.14,  33.09,  32.98,  33.02,  33.09,  33.13,  33.09,  33.06,  33.06,  33.03,  32.92,  32.86,  32.78,  32.79,  32.88,  32.92,  32.95,  32.94,  33.00,  33.09,  33.31
20111213, 0000,  , DB,  9.0N, 111.9E,  20, 1007,    0,    0,    0,    0,    0,    0,    0,    0,    0,    0,    0,    0, -999,  33.17,  33.16,  33.13,  33.11,  33.06,  33.09,  33.12,  33.15,  33.11,  33.06,  33.05,  33.04,  33.02,  33.01,  33.02,  32.99,  32.80,  32.77,  32.80,  32.82,  32.81,  32.88,  32.88,  32.88,  32.85,  32.87,  32.93,  33.02,  33.27,  33.84,  33.25
20111213, 0600,  , DB,  8.5N, 111.3E,  15, 1010,    0,    0,    0,    0,    0,    0,    0,    0,    0,    0,    0,    0, -999,  33.05,  33.02,  33.01,  32.99,  32.93,  32.93,  32.96,  33.05,  32.90,  32.83,  32.78,  32.79,  32.79,  32.78,  32.80,  32.86,  32.88,  32.85,  32.86,  32.85,  32.84,  32.84,  32.85,  32.89,  32.93,  32.93,  32.96,  32.98,  33.30,  33.74,  33.39
