WP262001,            UNNAMED,     43,
20011017, 1200,  , TD,  4.5N, 157.6E,  20, 1002,    0,    0,    0,    0,    0,    0,    0,    0,    0,    0,    0,    0, -999,  27.08,  28.87,  28.85,  28.80,  29.10,  27.62,  28.60,  26.94,  29.67,  29.71,  29.72,  27.26,  26.60,  27.27,  28.99,  28.91,  28.40,  28.56,  28.58,  27.72,  28.78,  29.14,  28.86,  29.12,  28.98,  28.66,  29.25,  29.44,  29.51,  29.56,  29.52
20011017, 1800,  , TD,  4.9N, 157.0E,  25, 1002,    0,    0,    0,    0,    0,    0,    0,    0,    0,    0,    0,    0, -999,  28.25,  28.33,  26.66,  27.25,  29.18,  29.48,  28.42,  27.62,  28.80,  29.10,  26.79,  26.99,  26.22,  26.60,  26.68,  29.32,  28.94,  27.44,  26.46,  26.08,  27.63,  27.68,  28.35,  28.83,  27.64,  28.59,  29.77,  29.76,  29.71,  29.70,  29.66
20011018, 0000,  , TD,  5.2N, 156.6E,  25, 1002,    0,    0,    0,    0,    0,    0,    0,    0,    0,    0,    0,    0, -999,  28.36,  27.40,  27.05,  28.66,  29.54,  27.47,  27.93,  28.38,  26.93,  26.52,  26.56,  26.76,  26.77,  26.91,  29.03,  29.05,  26.99,  26.37,  25.98,  26.66,  26.69,  27.89,  28.11,  27.28,  26.96,  27.00,  27.73,  28.47,  30.01,  29.71,  29.46
20011018, 0600,  , TD,  5.5N, 156.4E,  20, 1004,    0,    0,    0,    0,    0,    0,    0,    0,    0,    0,    0,    0, -999,  27.73,  27.39,  26.24,  29.61,  26.48,  26.34,  28.99,  29.23,  26.98,  26.70,  25.90,  28.00,  26.39,  26.53,  28.23,  27.91,  26.62,  26.29,  25.99,  25.87,  26.72,  27.97,  27.37,  25.90,  26.79,  27.69,  27.21,  27.75,  29.26,  28.69,  29.70
20011018, 1200,  , TD,  5.7N, 156.2E,  20, 1004,    0,    0,    0,    0,    0,    0,    0,    0,    0,    0,    0,    0, -999,  26.73,  27.38,  26.46,  27.88,  26.33,  27.95,  28.59,  27.96,  26.23,  26.25,  26.37,  26.44,  26.44,  26.30,  26.90,  27.58,  26.72,  25.79,  25.24,  25.81,  26.67,  27.43,  25.94,  25.96,  27.55,  29.38,  26.62,  27.95,  28.14,  28.18,  29.28
20011018, 1800,  , TD,  5.9N, 156.0E,  25, 1002,    0,    0,    0,    0,    0,    0,    0,    0,    0,    0,    0,    0, -999,  26.53,  27.22,  26.58,  28.62,  28.72,  28.75,  28.32,  26.31,  25.44,  26.59,  25.86,  26.14,  26.09,  26.85,  26.02,  26.59,  26.59,  25.27,  24.81,  25.70,  25.50,  26.19,  25.93,  25.62,  26.90,  26.71,  26.66,  27.67,  28.05,  27.59,  28.96
20011019, 0000,  , TD,  5.6N, 156.1E,  30, 1000,    0,    0,    0,    0,    0,    0,    0,    0,    0,    0,    0,    0, -999,  27.77,  26.45,  28.53,  27.01,  28.22,  28.75,  28.41,  27.35,  26.39,  26.19,  26.34,  26.69,  26.50,  27.27,  27.82,  26.52,  26.00,  25.79,  25.60,  26.85,  27.51,  25.96,  26.12,  26.69,  28.23,  26.73,  27.80,  28.30,  28.64,  29.35,  29.29
20011019, 0600,  , TD,  5.5N, 156.4E,  30, 1000,    0,    0,    0,    0,    0,    0,    0,    0,    0,    0,    0,    0, -999,  27.39,  26.24,  29.61,  26.48,  26.34,  28.99,  29.23,  26.98,  26.70,  25.90,  28.00,  26.39,  26.53,  28.23,  27.91,  26.62,  26.29,  25.99,  25.87,  26.72,  27.97,  27.37,  25.90,  26.79,  27.69,  27.21,  27.75,  29.26,  28.69,  29.70,  29.49
20011019, 1200,  , TS,  5.7N, 156.3E,  35,  997,    0,    0,    0,    0,    0,    0,    0,    0,    0,    0,    0,    0, -999,  27.58,  26.41,  29.71,  26.33,  25.98,  28.85,  28.84,  26.76,  26.31,  26.14,  26.63,  26.25,  26.24,  26.99,  27.15,  26.64,  26.02,  25.57,  25.81,  26.47,  27.86,  26.36,  25.75,  27.16,  29.34,  28.10,  28.15,  28.16,  28.20,  29.61,  29.33
20011019, 1800,  , TS,  6.0N, 155.9E,  35,  997,    0,    0,    0,    0,    0,    0,    0,    0,    0,    0,    0,    0, -999,  26.38,  26.89,  29.51,  28.83,  28.61,  27.80,  25.83,  25.64,  26.49,  25.62,  25.87,  26.41,  27.21,  25.57,  26.45,  26.59,  25.16,  25.03,  25.23,  25.32,  25.64,  25.93,  25.78,  26.84,  26.75,  26.38,  27.46,  27.98,  27.37,  29.16,  29.15
20011020, 0000,  , TS,  6.6N, 156.1E,  45,  991,    0,    0,    0,    0,    0,    0,    0,    0,    0,    0,    0,    0, -999,  25.75,  25.09,  24.66,  24.08,  24.23,  23.67,  22.55,  23.29,  21.92,  23.99,  23.51,  23.55,  23.55,  23.62,  23.00,  22.48,  22.37,  22.38,  23.44,  23.78,  23.52,  24.87,  25.03,  25.37,  25.76,  26.26,  26.39,  26.08,  26.16,  26.24,  26.09
20011020, 0600,  , TS,  7.4N, 156.4E,  45,  991,    0,    0,    0,    0,    0,    0,    0,    0,    0,    0,    0,    0, -999,  25.88,  25.30,  25.64,  24.38,  24.55,  24.31,  23.42,  23.15,  21.18,  22.89,  23.12,  23.62,  23.70,  23.83,  23.56,  22.14,  22.21,  22.37,  22.38,  22.54,  22.88,  22.94,  23.01,  23.23,  23.70,  24.55,  24.32,  25.12,  25.52,  24.95,  24.52
20011020, 1200,  , TS,  8.9N, 157.1E,  45,  991,    0,    0,    0,    0,    0,    0,    0,    0,    0,    0,    0,    0, -999,  24.75,  23.76,  23.99,  24.22,  23.44,  23.70,  22.24,  21.98,  21.58,  21.98,  22.00,  22.54,  22.18,  22.95,  22.47,  22.92,  23.29,  22.71,  22.77,  22.81,  22.65,  23.08,  23.40,  22.44,  22.59,  22.58,  22.92,  23.17,  23.67,  23.06,  23.06
20011020, 1800,  , TS,  9.9N, 156.8E,  55,  984,    0,    0,    0,    0,    0,    0,    0,    0,    0,    0,    0,    0, -999,  24.49,  24.75,  24.60,  25.42,  25.01,  24.86,  24.30,  23.93,  24.36,  24.13,  24.29,  24.36,  24.19,  24.62,  23.66,  23.92,  23.48,  22.81,  22.30,  21.86,  21.47,  21.04,  21.79,  22.24,  22.44,  22.98,  23.58,  24.51,  25.24,  24.25,  23.65
20011021, 0000,  , HU, 10.9N, 156.5E,  65,  976,    0,    0,    0,    0,    0,    0,    0,    0,    0,    0,    0,    0, -999,  24.61,  25.29,  24.99,  24.86,  25.16,  24.29,  24.28,  24.45,  24.61,  24.88,  24.86,  24.79,  24.88,  24.41,  24.75,  24.07,  23.03,  22.99,  23.38,  23.01,  22.40,  23.49,  24.64,  23.81,  23.84,  23.44,  23.74,  24.60,  24.24,  24.58,  25.57
20011021, 0600,  , HU, 11.8N, 156.4E,  65,  976,    0,    0,    0,    0,    0,    0,    0,    0,    0,    0,    0,    0, -999,  25.96,  26.04,  26.48,  26.15,  25.98,  25.53,  25.77,  25.52,  25.81,  25.59,  26.11,  26.43,  26.83,  26.35,  26.27,  25.87,  25.80,  25.06,  25.04,  25.00,  25.04,  24.78,  25.22,  24.85,  24.97,  24.53,  25.10,  24.23,  24.03,  24.02,  23.87
20011021, 1200,  , HU, 12.3N, 156.6E,  75,  967,    0,    0,    0,    0,    0,    0,    0,    0,    0,    0,    0,    0, -999,  26.02,  26.43,  26.62,  26.93,  26.71,  26.25,  26.04,  26.16,  26.59,  26.20,  26.75,  27.25,  27.19,  26.75,  27.11,  27.02,  26.58,  25.95,  26.04,  25.63,  25.82,  25.32,  25.71,  25.56,  26.09,  25.45,  26.13,  25.66,  25.66,  25.42,  24.98
20011021, 1800,  , HU, 12.9N, 156.7E,  75,  967,    0,    0,    0,    0,    0,    0,    0,    0,    0,    0,    0,    0, -999,  26.32,  26.79,  26.97,  27.17,  27.15,  26.66,  26.77,  26.76,  27.17,  27.08,  27.14,  26.89,  27.47,  27.24,  27.15,  27.30,  27.07,  26.57,  26.12,  26.10,  25.84,  25.58,  25.48,  25.48,  25.80,  25.46,  25.77,  25.62,  25.71,  25.23,  24.78
20011022, 0000,  , HU, 13.6N, 156.7E,  75,  967,    0,    0,    0,    0,    0,    0,    0,    0,    0,    0,    0,    0, -999,  27.01,  27.17,  27.22,  27.14,  27.04,  26.96,  26.85,  27.20,  27.34,  27.41,  27.42,  27.44,  27.41,  27.22,  27.06,  26.87,  26.52,  26.06,  26.17,  26.72,  26.20,  26.84,  26.94,  26.56,  26.44,  26.67,  26.35,  26.34,  26.23,  26.37,  26.70
20011022, 0600,  , HU, 13.9N, 156.8E,  80,  963,    0,    0,    0,    0,    0,    0,    0,    0,    0,    0,    0,    0, -999,  27.11,  27.23,  27.23,  27.27,  26.97,  26.98,  26.77,  27.16,  27.38,  27.45,  27.43,  27.46,  27.48,  27.25,  27.17,  27.09,  26.45,  26.20,  26.52,  26.79,  26.37,  26.99,  27.26,  26.72,  26.48,  26.80,  26.32,  26.65,  26.39,  26.42,  26.75
20011022, 1200,  , HU, 14.5N, 157.0E,  90,  954,    0,    0,    0,    0,    0,    0,    0,    0,    0,    0,    0,    0, -999,  27.30,  27.43,  27.47,  27.31,  27.04,  27.16,  26.82,  27.05,  27.25,  27.20,  27.12,  27.41,  27.59,  27.39,  26.98,  26.88,  27.03,  27.04,  26.61,  27.00,  25.46,  25.67,  25.54,  26.06,  25.99,  26.23,  26.46,  26.27,  26.41,  25.98,  26.48
20011022, 1800,  , HU, 14.8N, 157.3E,  90,  954,    0,    0,    0,    0,    0,    0,    0,    0,    0,    0,    0,    0, -999,  27.09,  27.16,  27.27,  26.96,  26.84,  27.07,  27.19,  27.38,  27.35,  27.34,  27.08,  27.12,  27.09,  27.17,  27.20,  27.02,  26.70,  26.68,  26.40,  27.23,  26.12,  25.85,  26.41,  26.13,  26.53,  26.27,  26.52,  26.35,  26.36,  26.20,  26.31
20011023, 0000,  , HU, 15.1N, 157.6E, 100,  944,    0,    0,    0,    0,    0,    0,    0,    0,    0,    0,    0,    0, -999,  26.88,  27.34,  27.27,  27.34,  27.36,  27.21,  27.16,  27.20,  26.92,  27.07,  27.17,  27.33,  27.50,  27.16,  26.91,  26.29,  26.26,  25.51,  25.78,  25.71,  25.44,  26.20,  26.18,  26.57,  26.03,  26.61,  26.24,  26.36,  26.29,  26.14,  26.31
20011023, 0600,  , HU, 15.5N, 158.0E, 115,  927,    0,    0,    0,    0,    0,    0,    0,    0,    0,    0,    0,    0, -999,  26.19,  26.62,  26.82,  27.17,  27.03,  26.77,  26.73,  26.69,  26.87,  26.48,  26.14,  26.19,  26.59,  26.48,  26.40,  25.43,  25.29,  24.75,  24.51,  24.51,  24.38,  25.03,  25.90,  26.06,  26.21,  26.65,  26.74,  26.32,  26.42,  26.16,  26.67
20011023, 1200,  , HU, 16.1N, 157.7E, 125,  916,    0,    0,    0,    0,    0,    0,    0,    0,    0,    0,    0,    0, -999,  25.79,  25.85,  25.91,  26.06,  25.89,  25.72,  26.02,  26.26,  26.38,  25.79,  25.66,  25.81,  26.08,  26.18,  26.03,  25.36,  25.29,  25.04,  24.81,  24.65,  24.56,  24.92,  25.03,  25.09,  25.26,  25.65,  26.30,  25.93,  25.73,  25.77,  26.52
20011023, 1800,  , HU, 16.4N, 157.5E, 135,  904,    0,    0,    0,    0,    0,    0,    0,    0,    0,    0,    0,    0, -999,  25.32,  25.47,  25.69,  25.87,  25.68,  25.55,  25.69,  25.46,  25.63,  25.47,  25.61,  25.69,  25.90,  26.04,  25.91,  25.26,  25.31,  24.96,  24.77,  24.57,  24.57,  25.26,  24.96,  25.03,  25.29,  25.27,  25.99,  25.64,  25.78,  25.62,  26.26
20011024, 0000,  , HU, 16.7N, 157.3E, 135,  904,    0,    0,    0,    0,    0,    0,    0,    0,    0,    0,    0,    0, -999,  25.21,  25.10,  25.24,  25.30,  25.06,  25.21,  25.21,  25.19,  24.84,  24.85,  24.86,  25.21,  25.15,  25.25,  24.77,  24.64,  24.50,  24.20,  24.13,  24.47,  24.80,  24.97,  24.98,  25.50,  25.09,  25.30,  25.29,  25.18,  25.37,  24.99,  25.55
20011024, 0600,  , HU, 17.2N, 156.9E, 140,  898,    0,    0,    0,    0,    0,    0,    0,    0,    0,    0,    0,    0, -999,  25.45,  24.89,  24.55,  24.47,  24.44,  24.65,  24.58,  24.81,  24.85,  25.24,  25.17,  24.95,  24.99,  25.02,  24.63,  24.32,  24.12,  23.73,  23.49,  23.69,  23.80,  24.27,  24.43,  24.95,  24.85,  24.54,  24.68,  24.93,  24.69,  24.81,  25.18
20011024, 1200,  , HU, 17.5N, 156.4E, 140,  898,    0,    0,    0,    0,    0,    0,    0,    0,    0,    0,    0,    0, -999,  25.79,  25.71,  25.01,  25.53,  25.29,  24.88,  25.02,  25.34,  24.79,  24.66,  24.55,  24.61,  24.56,  24.87,  24.73,  24.53,  24.27,  23.91,  23.46,  23.85,  24.02,  24.36,  24.13,  24.27,  24.40,  24.67,  24.71,  24.65,  24.71,  24.77,  24.50
20011024, 1800,  , HU, 18.0N, 155.7E, 140,  898,    0,    0,    0,    0,    0,    0,    0,    0,    0,    0,    0,    0, -999,  26.08,  26.35,  26.25,  26.80,  28.22,  27.01,  25.75,  26.29,  26.05,  26.65,  25.92,  24.99,  24.79,  24.95,  24.85,  24.82,  24.05,  23.73,  24.09,  23.56,  23.61,  23.81,  24.21,  24.06,  24.59,  24.68,  24.73,  25.00,  24.98,  24.97,  25.07
20011025, 0000,  , HU, 18.5N, 155.0E, 130,  910,    0,    0,    0,    0,    0,    0,    0,    0,    0,    0,    0,    0, -999,  25.90,  25.79,  25.89,  26.19,  28.06,  26.37,  27.25,  27.00,  26.85,  27.30,  27.73,  27.79,  27.59,  27.80,  28.17,  24.65,  24.88,  24.55,  23.81,  23.99,  23.84,  23.75,  23.59,  23.65,  23.89,  23.82,  24.16,  24.02,  24.02,  24.67,  24.80
20011025, 0600,  , HU, 19.3N, 154.5E, 130,  910,    0,    0,    0,    0,    0,    0,    0,    0,    0,    0,    0,    0, -999,  27.84,  28.32,  26.79,  27.00,  27.39,  26.98,  28.30,  27.57,  27.19,  27.35,  27.34,  27.46,  27.42,  27.67,  26.36,  23.92,  24.11,  23.70,  24.09,  24.77,  24.58,  24.56,  24.66,  24.75,  24.12,  24.23,  24.48,  24.36,  24.71,  25.10,  25.21
20011025, 1200,  , HU, 20.0N, 154.0E, 140,  898,    0,    0,    0,    0,    0,    0,    0,    0,    0,    0,    0,    0, -999,  27.42,  27.63,  28.60,  27.40,  28.69,  28.56,  27.99,  27.76,  26.12,  24.81,  24.64,  24.81,  24.66,  24.88,  24.86,  24.05,  22.98,  22.74,  23.52,  23.89,  23.63,  23.83,  23.36,  23.25,  22.96,  22.82,  22.64,  22.74,  22.78,  22.88,  22.82
20011025, 1800,  , HU, 20.9N, 154.0E, 140,  898,    0,    0,    0,    0,    0,    0,    0,    0,    0,    0,    0,    0, -999,  24.87,  25.05,  25.14,  25.18,  25.13,  24.64,  23.62,  23.00,  23.06,  22.89,  22.63,  22.35,  22.34,  22.67,  22.89,  22.20,  21.40,  21.14,  20.98,  21.34,  21.33,  21.21,  21.38,  22.19,  22.28,  21.67,  21.60,  21.73,  21.53,  21.40,  21.82
20011026, 0000,  , HU, 21.9N, 154.0E, 140,  898,    0,    0,    0,    0,    0,    0,    0,    0,    0,    0,    0,    0, -999,  24.08,  24.38,  24.49,  24.38,  22.83,  22.12,  21.21,  20.98,  20.50,  20.21,  20.46,  20.39,  20.01,  19.89,  19.81,  19.68,  19.45,  19.42,  19.52,  19.42,  19.70,  20.01,  19.63,  20.13,  21.15,  21.83,  21.85,  21.57,  21.55,  21.33,  21.42
20011026, 0600,  , HU, 23.3N, 154.4E, 140,  898,    0,    0,    0,    0,    0,    0,    0,    0,    0,    0,    0,    0, -999,  23.23,  23.20,  23.19,  23.01,  21.24,  20.81,  20.49,  20.55,  21.16,  21.37,  21.12,  20.88,  20.75,  20.82,  22.51,  23.98,  24.33,  25.68,  25.40,  25.52,  25.43,  23.65,  22.60,  21.92,  22.61,  23.07,  22.94,  22.98,  21.59,  21.55,  21.56
20011026, 1200,  , HU, 24.7N, 154.9E, 130,  910,    0,    0,    0,    0,    0,    0,    0,    0,    0,    0,    0,    0, -999,  21.26,  21.27,  21.93,  22.16,  21.33,  20.78,  20.45,  20.29,  20.56,  19.96,  19.60,  19.46,  19.20,  19.34,  18.17,  18.15,  18.09,  19.90,  20.70,  21.09,  20.70,  20.42,  20.29,  20.55,  21.61,  22.39,  22.34,  22.32,  22.50,  22.93,  23.37
20011026, 1800,  , HU, 26.8N, 155.9E, 120,  922,    0,    0,    0,    0,    0,    0,    0,    0,    0,    0,    0,    0, -999,  20.36,  20.14,  20.25,  20.28,  20.31,  20.42,  20.77,  21.12,  21.24,  20.52,  20.37,  20.20,  20.14,  20.44,  20.84,  21.09,  21.05,  20.82,  20.88,  20.93,  20.57,  21.16,  21.62,  21.65,  21.73,  22.28,  23.10,  23.49,  22.77,  22.18,  22.44
20011027, 0000,  , HU, 28.9N, 157.0E, 100,  944,    0,    0,    0,    0,    0,    0,    0,    0,    0,    0,    0,    0, -999,  18.69,  18.68,  18.68,  18.61,  18.65,  18.77,  18.91,  18.91,  18.65,  18.80,  18.71,  18.50,  18.36,  18.23,  18.09,  18.29,  18.18,  18.24,  18.32,  17.91,  17.98,  17.95,  17.86,  18.47,  17.89,  17.89,  18.03,  17.96,  17.96,  18.07,  17.89
20011027, 0600,  , HU, 31.3N, 158.6E,  90,  954,    0,    0,    0,    0,    0,    0,    0,    0,    0,    0,    0,    0, -999,  19.89,  20.25,  20.23,  19.57,  19.56,  19.62,  19.35,  19.33,  19.24,  19.04,  19.36,  19.56,  19.71,  19.27,  19.04,  19.19,  19.66,  19.82,  20.03,  20.11,  20.17,  20.43,  20.54,  20.01,  19.62,  19.90,  20.61,  20.83,  20.83,  20.78,  20.88
20011027, 1200,  , HU, 33.7N, 160.4E,  75,  967,    0,    0,    0,    0,    0,    0,    0,    0,    0,    0,    0,    0, -999,  14.74,  14.68,  14.77,  14.73,  14.74,  15.05,  15.76,  15.81,  15.10,  15.32,  14.96,  15.09,  15.26,  16.26,  15.79,  15.50,  15.59,  15.21,  15.39,  14.95,  15.93,  16.72,  17.04,  16.50,  16.73,  17.53,  17.09,  16.68,  16.56,  17.22,  16.25
20011027, 1800,  , TS, 36.3N, 161.9E,  55,  984,    0,    0,    0,    0,    0,    0,    0,    0,    0,    0,    0,    0, -999,  18.64,  18.87,  19.75,  20.05,  20.18,  20.04,  20.21,  20.59,  20.56,  20.25,  20.41,  20.34,  20.27,  20.74,  20.61,  20.21,  20.11,  20.83,  20.76,  20.48,  20.68,  20.78,  20.78,  20.09,  20.08,  19.70,  20.02,  19.64,  19.55,  19.92,  20.46
20011028, 0000,  , TS, 39.2N, 162.8E,  40,  994,    0,    0,    0,    0,    0,    0,    0,    0,    0,    0,    0,    0, -999,  16.72,  17.17,  14.82,  14.40,  14.32,  14.81,  15.37,  15.73,  16.01,  16.67,  16.26,  16.73,  15.59,  15.42,  15.17,  12.62,  11.79,  10.76,  10.65,  11.33,  12.04,  11.85,  11.87,  13.03,  13.56,  14.71,  13.61,  13.79,  14.12,  13.41,  13.89
