WP262009,               NIDA,     50,
20091121, 0600,  , DB,  5.6N, 147.9E,  15, 1010,    0,    0,    0,    0,    0,    0,    0,    0,    0,    0,    0,    0, -999,  21.66,  22.35,  22.83,  22.01,  21.95,  22.35,  22.65,  22.75,  22.14,  23.54,  22.93,  23.03,  23.96,  24.14,  23.92,  23.73,  23.75,  22.93,  22.64,  22.79,  23.88,  24.63,  23.70,  23.67,  23.90,  23.23,  22.60,  23.11,  23.57,  22.92,  23.12
20091121, 1200,  , DB,  5.8N, 148.3E,  20, 1006,    0,    0,    0,    0,    0,    0,    0,    0,    0,    0,    0,    0, -999,  22.15,  23.00,  23.05,  22.02,  22.20,  21.69,  22.58,  23.05,  21.99,  23.68,  23.01,  23.18,  23.30,  23.62,  23.08,  24.01,  23.71,  22.98,  21.97,  22.19,  23.73,  25.21,  23.61,  23.86,  23.99,  23.81,  22.78,  22.57,  22.04,  21.86,  22.57
20091121, 1800,  , DB,  6.1N, 148.6E,  20, 1004,    0,    0,    0,    0,    0,    0,    0,    0,    0,    0,    0,    0, -999,  22.78,  23.12,  22.79,  21.90,  21.66,  21.52,  21.63,  22.68,  21.77,  22.89,  22.50,  22.76,  23.34,  23.19,  22.57,  23.95,  23.35,  22.35,  21.72,  22.37,  23.63,  24.72,  23.27,  24.00,  24.00,  23.54,  22.85,  22.41,  22.94,  22.11,  22.00
20091122, 0000,  , DB,  6.5N, 148.8E,  25, 1004,    0,    0,    0,    0,    0,    0,    0,    0,    0,    0,    0,    0, -999,  23.04,  23.17,  22.01,  21.90,  21.95,  22.01,  22.21,  21.91,  22.63,  22.66,  22.66,  22.19,  22.75,  21.39,  22.97,  22.64,  22.17,  21.02,  21.23,  22.51,  23.67,  22.83,  22.57,  23.49,  22.79,  22.18,  22.90,  23.61,  22.88,  22.42,  23.35
20091122, 0600,  , TD,  7.0N, 148.8E,  30, 1000,    0,    0,    0,    0,    0,    0,    0,    0,    0,    0,    0,    0, -999,  23.28,  23.81,  23.59,  23.34,  22.68,  22.20,  22.82,  22.03,  23.74,  23.85,  23.13,  22.11,  22.26,  21.51,  22.22,  22.05,  22.59,  22.07,  21.93,  22.62,  22.57,  22.92,  22.06,  21.92,  21.78,  22.75,  22.40,  22.60,  22.95,  22.68,  23.69
20091122, 1200,  , TD,  7.4N, 148.7E,  30, 1000,    0,    0,    0,    0,    0,    0,    0,    0,    0,    0,    0,    0, -999,  23.27,  23.49,  23.29,  23.40,  22.82,  22.68,  22.66,  22.12,  23.82,  23.55,  22.69,  23.29,  23.56,  22.27,  22.31,  22.05,  21.56,  20.94,  21.67,  22.79,  22.14,  22.93,  21.99,  20.94,  20.97,  22.67,  21.29,  22.28,  22.96,  21.38,  22.91
20091122, 1800,  , TD,  7.8N, 148.5E,  30, 1000,    0,    0,    0,    0,    0,    0,    0,    0,    0,    0,    0,    0, -999,  23.61,  24.21,  23.63,  25.70,  25.13,  23.96,  23.67,  23.56,  23.97,  23.61,  23.05,  23.40,  22.94,  22.73,  22.91,  22.11,  22.20,  21.97,  20.68,  22.27,  21.97,  22.52,  22.14,  22.13,  22.14,  21.55,  20.99,  22.09,  22.02,  21.46,  22.82
20091123, 0000,  , TD,  8.2N, 148.2E,  30, 1000,    0,    0,    0,    0,    0,    0,    0,    0,    0,    0,    0,    0, -999,  22.77,  22.85,  22.79,  23.39,  22.63,  24.68,  25.04,  24.94,  24.47,  23.84,  24.00,  23.18,  23.23,  23.60,  23.73,  23.50,  23.84,  23.30,  23.27,  24.49,  24.05,  23.37,  22.03,  22.26,  22.62,  21.87,  21.85,  22.32,  22.13,  22.69,  21.09
20091123, 0600,  , TS,  8.5N, 147.8E,  35,  996,    0,    0,    0,    0,    0,    0,    0,    0,    0,    0,    0,    0, -999,  23.02,  23.95,  23.26,  23.56,  21.48,  22.74,  22.90,  23.27,  23.00,  22.84,  24.02,  22.72,  23.34,  23.85,  23.45,  22.85,  23.87,  22.64,  22.64,  23.93,  23.17,  24.00,  24.27,  23.73,  24.04,  22.50,  21.87,  22.19,  22.57,  22.55,  20.88
20091123, 1200,  , TS,  8.6N, 147.1E,  45,  989,    0,    0,    0,    0,    0,    0,    0,    0,    0,    0,    0,    0, -999,  24.59,  25.35,  25.30,  24.98,  23.79,  23.06,  22.88,  23.61,  23.14,  23.08,  24.00,  23.23,  23.28,  24.21,  23.82,  23.15,  23.96,  22.32,  22.05,  23.62,  22.06,  23.75,  24.46,  24.29,  23.64,  22.62,  23.46,  23.03,  23.10,  21.98,  21.23
20091123, 1800,  , TS,  8.6N, 146.6E,  50,  985,   50,   50,   50,   50,    0,    0,    0,    0,    0,    0,    0,    0, -999,  24.91,  25.55,  25.87,  25.47,  25.11,  25.56,  25.30,  25.66,  24.68,  24.10,  24.30,  24.15,  24.30,  24.55,  23.71,  23.15,  23.20,  22.03,  22.44,  23.69,  21.86,  24.43,  24.75,  24.65,  24.18,  21.82,  23.42,  22.49,  22.59,  22.24,  21.86
20091124, 0000,  , TS,  8.6N, 146.1E,  55,  982,   60,   55,   55,   60,   30,   25,   25,   30,    0,    0,    0,    0, -999,  24.15,  25.49,  26.42,  25.57,  25.68,  25.70,  25.37,  24.71,  24.17,  23.52,  24.42,  23.72,  23.40,  23.83,  23.61,  23.80,  22.72,  22.22,  23.83,  22.06,  23.39,  23.93,  23.63,  23.52,  23.09,  21.82,  23.51,  23.13,  22.85,  22.35,  22.13
20091124, 0600,  , HU,  8.8N, 145.7E,  65,  974,   60,   55,   55,   60,   30,   25,   25,   30,    0,    0,    0,    0, -999,  24.23,  25.15,  25.53,  25.81,  25.86,  25.97,  25.77,  24.98,  24.57,  24.19,  24.67,  24.45,  24.44,  23.97,  24.37,  23.98,  23.49,  21.84,  23.43,  21.17,  23.61,  23.38,  23.92,  23.95,  21.83,  21.49,  21.97,  21.69,  21.43,  21.83,  22.12
20091124, 1200,  , HU,  9.4N, 145.1E,  65,  974,   60,   55,   55,   60,   30,   25,   25,   30,    0,    0,    0,    0, -999,  23.93,  23.95,  23.90,  24.10,  23.98,  24.05,  23.87,  24.31,  24.34,  24.70,  23.29,  23.52,  23.84,  23.60,  23.64,  23.78,  23.41,  23.37,  23.26,  22.78,  23.65,  22.05,  23.52,  22.67,  22.59,  22.08,  23.36,  21.37,  21.53,  22.56,  22.66
20091124, 1800,  , HU, 10.0N, 144.4E,  80,  963,   75,   60,   60,   75,   40,   35,   35,   40,   15,   15,   15,   15, -999,  25.24,  25.13,  25.13,  25.51,  25.50,  25.37,  24.85,  24.93,  24.78,  24.58,  24.12,  24.58,  24.05,  23.85,  23.95,  24.13,  23.73,  24.11,  24.53,  24.86,  25.15,  23.42,  22.72,  23.48,  23.11,  23.21,  23.48,  22.86,  23.08,  23.25,  23.48
20091125, 0000,  , HU, 10.7N, 143.8E, 100,  948,   75,   60,   60,   75,   40,   35,   35,   40,   15,   15,   15,   15, -999,  24.66,  24.33,  24.55,  24.54,  24.59,  25.10,  24.88,  25.41,  25.64,  25.14,  25.46,  24.77,  24.77,  24.96,  25.34,  24.79,  24.69,  24.36,  24.82,  24.71,  24.90,  25.26,  24.63,  24.65,  25.25,  24.20,  25.47,  24.84,  24.70,  26.16,  25.88
20091125, 0600,  , HU, 11.6N, 143.0E, 125,  929,   95,  105,   75,   75,   65,   60,   50,   55,   30,   30,   30,   30, -999,  24.84,  25.07,  24.98,  25.34,  25.07,  25.10,  25.56,  25.36,  26.01,  26.03,  26.53,  26.20,  26.13,  25.27,  25.11,  24.98,  24.62,  25.58,  25.41,  25.42,  26.04,  26.80,  26.82,  24.89,  24.90,  24.85,  26.12,  25.71,  26.51,  27.11,  27.36
20091125, 1200,  , XX, 12.5N, 142.3E, 155,  907,  100,  105,   95,   95,   70,   70,   70,   70,   45,   45,   45,   45, -999,  25.33,  25.67,  25.40,  25.45,  25.95,  25.71,  26.30,  27.49,  27.22,  27.39,  27.56,  27.03,  26.55,  26.61,  25.99,  25.14,  24.82,  24.94,  24.66,  24.75,  24.79,  26.19,  27.49,  28.12,  27.09,  27.01,  26.68,  28.18,  26.67,  27.96,  28.18
20091125, 1800,  , XX, 13.6N, 141.5E, 155,  907,  100,  105,   95,   95,   70,   70,   70,   70,   45,   45,   45,   45, -999,  27.48,  27.53,  27.33,  27.30,  27.38,  27.42,  27.68,  27.59,  27.14,  27.08,  27.09,  26.62,  26.98,  26.83,  26.81,  27.04,  27.91,  26.60,  28.82,  28.33,  28.66,  28.27,  27.83,  25.70,  24.50,  25.12,  24.69,  26.67,  27.66,  27.00,  27.14
20091126, 0000,  , XX, 14.6N, 140.7E, 150,  911,  100,  105,   95,   95,   70,   70,   70,   70,   45,   45,   45,   45, -999,  25.88,  25.81,  25.91,  26.07,  26.18,  26.49,  26.59,  26.50,  26.38,  26.88,  26.16,  26.20,  26.62,  26.84,  26.99,  26.40,  26.41,  26.95,  27.74,  27.00,  27.22,  27.05,  27.41,  26.95,  27.32,  24.70,  24.98,  24.42,  24.73,  24.47,  24.82
20091126, 0600,  , XX, 15.2N, 140.0E, 145,  914,  125,  120,  100,  110,   80,   75,   70,   75,   50,   50,   45,   45, -999,  26.64,  26.70,  26.65,  26.44,  25.92,  26.14,  26.36,  26.91,  27.12,  27.05,  26.58,  27.96,  26.80,  27.44,  28.13,  26.71,  26.19,  26.55,  26.32,  26.20,  25.62,  25.23,  24.90,  24.42,  25.75,  25.89,  25.62,  25.27,  25.14,  25.35,  24.57
20091126, 1200,  , XX, 15.8N, 139.7E, 140,  918,  140,  130,  105,  125,  100,   90,   70,   75,   60,   55,   50,   55, -999,  26.17,  26.20,  26.31,  26.05,  26.15,  26.05,  26.13,  26.60,  26.76,  26.48,  25.98,  25.97,  25.91,  25.88,  26.12,  25.80,  25.42,  25.45,  24.95,  24.99,  24.84,  24.47,  24.73,  24.91,  25.33,  24.98,  24.65,  24.53,  25.48,  25.70,  26.35
20091126, 1800,  , XX, 16.3N, 139.3E, 135,  922,  140,  130,  105,  125,  100,   90,   70,   75,   60,   55,   50,   55, -999,  26.60,  25.96,  25.86,  25.25,  25.20,  25.59,  25.79,  25.87,  26.33,  26.25,  26.34,  26.23,  25.82,  25.95,  25.83,  26.08,  25.61,  25.35,  24.46,  24.43,  24.02,  24.12,  24.35,  24.51,  25.16,  25.16,  25.45,  26.41,  26.62,  28.04,  28.03
20091127, 0000,  , XX, 16.9N, 139.2E, 130,  926,  140,  130,  105,  125,  100,   90,   70,   75,   60,   55,   50,   55, -999,  25.91,  26.15,  25.86,  25.55,  25.99,  25.82,  25.74,  25.91,  26.12,  26.25,  26.20,  26.62,  26.39,  26.47,  27.23,  25.84,  25.22,  24.07,  24.04,  24.16,  24.17,  24.52,  24.82,  24.98,  24.74,  24.50,  25.89,  27.41,  27.93,  27.99,  27.95
20091127, 0600,  , HU, 17.8N, 139.1E, 125,  929,  150,  130,  120,  150,  100,  100,   90,   90,   70,   65,   55,   60, -999,  24.47,  24.58,  24.25,  24.33,  24.46,  24.45,  25.05,  25.70,  25.98,  26.28,  26.20,  26.16,  26.02,  25.84,  26.01,  26.15,  24.21,  23.34,  22.99,  23.81,  24.30,  24.50,  24.30,  24.40,  24.86,  25.23,  26.50,  28.19,  27.74,  27.97,  27.78
20091127, 1200,  , XX, 18.3N, 139.0E, 135,  922,  150,  130,  135,  145,  100,  100,   90,   90,   60,   60,   55,   55, -999,  24.77,  24.87,  24.95,  25.17,  25.42,  25.96,  26.09,  25.88,  25.91,  26.29,  26.58,  26.34,  26.36,  26.34,  26.27,  27.68,  25.07,  23.85,  23.16,  22.97,  22.90,  22.88,  23.12,  23.25,  24.01,  24.88,  24.82,  25.60,  26.18,  27.31,  27.93
20091127, 1800,  , XX, 18.7N, 139.0E, 150,  911,  150,  130,  135,  145,  100,  100,   90,   90,   60,   60,   55,   55, -999,  25.82,  25.70,  25.85,  26.15,  26.69,  27.06,  26.45,  26.42,  26.52,  26.32,  26.71,  27.04,  26.61,  26.86,  27.87,  26.76,  24.92,  24.03,  23.59,  23.64,  22.82,  22.31,  22.29,  22.43,  22.63,  23.77,  24.63,  24.75,  25.73,  25.81,  26.53
20091128, 0000,  , XX, 18.9N, 139.1E, 145,  914,  150,  130,  135,  145,  100,  100,   90,   90,   60,   60,   55,   55, -999,  26.29,  25.84,  26.28,  26.85,  26.16,  25.99,  25.77,  26.12,  25.89,  26.92,  27.79,  26.80,  26.59,  26.48,  27.27,  24.44,  23.88,  23.45,  22.46,  22.41,  22.50,  22.71,  22.69,  22.84,  23.69,  24.89,  24.86,  25.31,  25.96,  26.27,  27.92
20091128, 0600,  , XX, 19.0N, 139.2E, 135,  922,  130,  120,  115,  135,   80,   80,   75,   75,   55,   55,   50,   50, -999,  26.00,  25.91,  25.97,  26.57,  26.41,  26.08,  26.09,  26.31,  26.39,  26.23,  28.11,  28.05,  28.06,  28.10,  27.90,  23.93,  24.20,  23.35,  22.42,  22.25,  22.26,  22.62,  22.72,  22.62,  23.46,  24.24,  24.86,  25.32,  25.34,  26.27,  27.68
20091128, 1200,  , XX, 19.0N, 139.4E, 130,  926,  130,  120,  115,  135,   80,   80,   75,   75,   55,   55,   50,   50, -999,  25.79,  25.50,  25.75,  26.38,  26.14,  25.93,  26.23,  26.16,  25.96,  25.50,  28.17,  27.83,  27.55,  28.18,  28.11,  24.33,  24.00,  22.57,  22.18,  22.19,  23.06,  22.83,  23.26,  23.46,  24.30,  25.01,  25.13,  25.63,  25.96,  26.37,  28.05
20091128, 1800,  , HU, 19.1N, 139.5E, 125,  929,  140,  130,  125,  135,   90,   90,   75,   75,   60,   60,   55,   60, -999,  25.73,  25.95,  25.71,  25.44,  25.16,  25.58,  26.41,  28.29,  26.05,  26.89,  27.92,  27.08,  27.77,  27.85,  27.90,  27.89,  23.84,  22.41,  22.30,  22.55,  23.94,  24.15,  23.99,  24.08,  26.10,  26.13,  27.21,  28.22,  28.02,  28.05,  27.89
20091129, 0000,  , HU, 19.2N, 139.4E, 125,  929,  140,  145,  145,  145,  100,  100,   85,   85,   65,   65,   60,   60, -999,  25.77,  26.00,  26.38,  26.18,  26.30,  26.58,  26.19,  26.52,  25.95,  28.33,  28.17,  28.21,  28.08,  27.66,  24.01,  24.15,  22.87,  22.50,  22.22,  22.41,  23.19,  23.16,  23.27,  23.96,  24.66,  25.07,  25.32,  25.92,  26.12,  27.01,  27.22
20091129, 0600,  , HU, 19.3N, 139.4E, 120,  933,  155,  135,  140,  165,  100,   95,   95,  100,   60,   65,   60,   55, -999,  25.77,  26.00,  26.38,  26.18,  26.30,  26.58,  26.19,  26.52,  25.95,  28.33,  28.17,  28.21,  28.08,  27.66,  24.01,  24.15,  22.87,  22.50,  22.22,  22.41,  23.19,  23.16,  23.27,  23.96,  24.66,  25.07,  25.32,  25.92,  26.12,  27.01,  27.22
20091129, 1200,  , HU, 19.3N, 139.3E, 115,  937,  155,  145,  175,  170,  105,  100,  100,  105,   65,   60,   60,   60, -999,  25.77,  26.00,  26.38,  26.18,  26.30,  26.58,  26.19,  26.52,  25.95,  28.33,  28.17,  28.21,  28.08,  27.66,  24.01,  24.15,  22.87,  22.50,  22.22,  22.41,  23.19,  23.16,  23.27,  23.96,  24.66,  25.07,  25.32,  25.92,  26.12,  27.01,  27.22
20091129, 1800,  , HU, 19.4N, 139.3E, 105,  944,  155,  145,  175,  170,  105,  100,  100,  105,   65,   60,   60,   60, -999,  26.73,  27.14,  26.05,  26.21,  27.81,  27.27,  28.02,  28.04,  26.67,  26.98,  27.94,  27.96,  27.93,  27.98,  26.73,  24.83,  23.84,  23.30,  22.69,  22.67,  22.83,  23.47,  23.38,  23.80,  24.30,  25.19,  25.32,  25.22,  25.84,  25.69,  26.04
20091130, 0000,  , HU, 19.5N, 139.3E, 100,  948,  150,  150,  150,  150,   95,   90,   90,   90,   55,   55,   55,   55, -999,  27.47,  26.07,  27.16,  28.16,  28.04,  28.02,  28.02,  27.97,  28.01,  27.90,  27.92,  27.88,  28.03,  26.61,  25.00,  23.87,  23.78,  23.41,  23.11,  23.32,  23.71,  23.86,  23.93,  24.65,  24.72,  25.38,  25.18,  25.46,  25.52,  25.78,  26.00
20091130, 0600,  , HU, 19.7N, 139.2E, 100,  948,  150,  150,  150,  150,   95,   90,   90,   90,   55,   55,   55,   55, -999,  24.52,  26.10,  28.03,  28.12,  28.04,  28.04,  28.02,  27.94,  27.97,  27.91,  27.98,  27.98,  28.14,  25.61,  25.26,  24.94,  24.91,  24.03,  24.03,  23.88,  24.04,  23.96,  24.16,  24.46,  24.38,  25.16,  24.77,  24.83,  25.12,  25.19,  25.61
20091130, 1200,  , HU, 20.0N, 138.8E,  90,  956,  150,  150,  150,  150,   95,   90,   90,   90,   50,   50,   50,   50, -999,  26.70,  27.37,  27.27,  28.15,  28.05,  28.12,  28.12,  27.95,  27.88,  27.81,  27.89,  28.06,  28.30,  27.54,  24.70,  25.34,  25.35,  24.91,  23.76,  24.15,  24.38,  24.12,  23.61,  24.27,  24.71,  24.44,  24.79,  24.80,  24.78,  24.91,  25.29
20091130, 1800,  , HU, 20.0N, 138.4E,  90,  956,  140,  140,  150,  150,   85,   80,   80,   80,   45,   45,   45,   45, -999,  26.40,  27.99,  28.29,  28.17,  28.01,  28.08,  28.14,  27.93,  27.80,  27.80,  27.88,  27.89,  28.01,  27.99,  24.40,  24.51,  25.43,  24.65,  24.36,  23.75,  24.27,  23.59,  22.49,  22.98,  23.32,  23.76,  24.10,  23.92,  23.28,  23.11,  23.86
20091201, 0000,  , HU, 20.3N, 138.1E,  80,  963,  140,  140,  150,  150,   85,   80,   80,   80,   45,   45,   45,   45, -999,  26.64,  26.00,  28.01,  28.04,  28.03,  28.02,  27.94,  27.87,  27.71,  27.67,  27.70,  27.94,  27.89,  26.36,  24.16,  25.06,  23.85,  23.44,  23.93,  25.49,  25.51,  23.74,  22.67,  23.82,  23.44,  23.52,  23.58,  23.21,  22.44,  22.83,  22.99
20091201, 0600,  , HU, 20.5N, 137.7E,  75,  967,  120,  100,  135,  105,   55,   55,   65,   65,   45,   45,   45,   45, -999,  25.86,  27.40,  27.86,  27.70,  27.84,  27.95,  27.88,  27.85,  27.65,  27.55,  26.97,  27.25,  27.74,  26.83,  24.66,  24.59,  24.09,  24.08,  24.50,  24.56,  24.78,  23.85,  23.33,  22.60,  23.01,  23.24,  22.93,  22.79,  22.35,  21.56,  21.89
20091201, 1200,  , HU, 20.6N, 137.2E,  70,  970,  120,  100,  135,  105,   55,   55,   65,   65,   45,   45,   45,   45, -999,  24.18,  26.25,  25.05,  25.55,  25.80,  25.89,  27.62,  27.94,  27.66,  27.37,  27.31,  27.54,  27.32,  26.62,  25.31,  25.44,  25.16,  24.20,  24.03,  24.18,  24.12,  23.76,  22.59,  23.08,  23.14,  22.19,  23.36,  22.96,  23.02,  22.77,  22.46
20091201, 1800,  , HU, 21.0N, 136.8E,  65,  974,  120,  100,  135,  105,   55,   55,   55,   55,    0,    0,    0,    0, -999,  22.77,  22.93,  22.91,  22.44,  23.07,  23.07,  24.63,  27.42,  27.25,  27.55,  27.59,  27.50,  27.26,  26.91,  25.81,  25.04,  24.49,  24.52,  24.46,  23.98,  23.86,  24.05,  23.27,  23.68,  24.56,  25.35,  24.88,  25.18,  25.77,  25.61,  26.14
20091202, 0000,  , HU, 21.0N, 136.2E,  65,  974,  105,  115,  110,  105,   45,   45,   40,   40,    0,    0,    0,    0, -999,  23.98,  24.29,  24.25,  23.75,  23.30,  23.44,  23.69,  24.87,  25.16,  25.57,  26.90,  26.44,  25.23,  24.79,  26.89,  25.25,  24.24,  24.05,  23.95,  23.71,  23.29,  23.13,  24.21,  24.36,  23.96,  24.66,  24.53,  24.56,  25.30,  25.55,  26.59
20091202, 0600,  , TS, 20.8N, 135.6E,  55,  982,   95,   95,   50,   55,   45,   45,   30,   35,    0,    0,    0,    0, -999,  24.41,  23.59,  23.73,  23.58,  23.39,  23.65,  24.02,  24.28,  24.65,  24.45,  23.11,  22.34,  24.04,  24.80,  25.13,  23.91,  23.58,  23.87,  23.26,  23.06,  22.94,  22.77,  23.43,  24.42,  23.64,  24.00,  24.67,  23.62,  23.67,  24.46,  24.62
20091202, 1200,  , TS, 21.2N, 135.0E,  45,  989,   90,   90,   40,   70,    0,    0,    0,    0,    0,    0,    0,    0, -999,  24.47,  24.86,  25.39,  25.31,  25.40,  25.34,  25.33,  24.62,  24.59,  23.83,  22.74,  22.31,  22.53,  25.40,  26.70,  22.34,  22.50,  21.52,  21.65,  21.14,  21.22,  21.30,  21.74,  22.17,  22.93,  22.72,  22.80,  23.06,  23.14,  23.27,  24.04
20091202, 1800,  , TS, 21.4N, 134.3E,  35,  996,   90,   90,   75,   70,    0,    0,    0,    0,    0,    0,    0,    0, -999,  25.41,  25.40,  25.61,  25.96,  26.18,  26.08,  25.69,  25.46,  25.63,  25.68,  26.95,  25.86,  26.76,  26.21,  25.22,  25.41,  25.37,  24.19,  24.31,  23.25,  22.35,  22.01,  22.11,  22.41,  23.40,  23.41,  22.99,  22.90,  22.62,  22.17,  22.31
20091203, 0000,  , TD, 21.7N, 134.4E,  25, 1004,    0,    0,    0,    0,    0,    0,    0,    0,    0,    0,    0,    0, -999,  25.67,  26.15,  25.98,  26.03,  25.71,  24.85,  25.00,  25.44,  26.25,  24.79,  25.01,  26.26,  25.65,  24.66,  24.07,  23.05,  22.64,  22.64,  21.75,  20.60,  21.96,  22.04,  21.55,  21.50,  21.47,  21.14,  21.45,  22.32,  21.92,  22.26,  22.78
20091203, 0600,  , DB, 22.1N, 134.6E,  15, 1010,    0,    0,    0,    0,    0,    0,    0,    0,    0,    0,    0,    0, -999,  25.54,  25.84,  25.41,  25.73,  25.80,  25.16,  24.59,  25.09,  24.91,  23.51,  23.17,  23.61,  23.46,  22.98,  22.47,  21.99,  21.71,  21.67,  21.70,  22.51,  21.82,  21.81,  21.48,  21.91,  23.14,  24.32,  24.93,  24.27,  24.70,  24.73,  23.97
20091203, 1200,  , DB, 22.4N, 135.2E,  15, 1010,    0,    0,    0,    0,    0,    0,    0,    0,    0,    0,    0,    0, -999,  23.45,  23.31,  22.97,  23.11,  23.32,  22.08,  22.25,  22.21,  22.23,  22.28,  22.42,  21.93,  21.83,  22.11,  22.29,  22.17,  22.42,  22.92,  23.44,  24.99,  26.50,  26.46,  24.51,  24.17,  24.41,  24.98,  24.49,  25.39,  26.44,  26.46,  25.03
