WP261997,            UNNAMED,     34,
19970929, 1200,  , LO, 13.0N, 151.0E,  15,    0,    0,    0,    0,    0,    0,    0,    0,    0,    0,    0,    0,    0, -999,  35.06,  35.10,  35.15,  35.00,  34.99,  34.95,  35.02,  35.03,  35.06,  35.17,  35.15,  35.09,  35.21,  35.21,  35.21,  35.23,  35.09,  35.02,  35.02,  35.01,  35.03,  34.98,  34.98,  34.90,  34.86,  34.80,  34.81,  34.86,  34.88,  34.94,  35.04
19970929, 1800,  , LO, 13.4N, 150.9E,  15,    0,    0,    0,    0,    0,    0,    0,    0,    0,    0,    0,    0,    0, -999,  34.89,  34.87,  34.89,  34.97,  34.96,  34.92,  34.96,  34.98,  35.02,  34.99,  34.99,  35.01,  34.87,  35.08,  35.06,  35.17,  35.00,  34.96,  34.92,  34.88,  34.90,  34.84,  34.76,  34.72,  34.76,  34.83,  34.84,  34.95,  34.95,  34.83,  34.86
19970930, 0000,  , LO, 13.8N, 150.8E,  15,    0,    0,    0,    0,    0,    0,    0,    0,    0,    0,    0,    0,    0, -999,  34.79,  34.81,  34.86,  34.78,  34.80,  34.81,  34.83,  34.82,  34.82,  34.87,  34.89,  34.90,  35.03,  35.10,  35.06,  34.87,  34.92,  34.97,  34.79,  34.80,  34.81,  34.82,  34.77,  34.79,  34.81,  34.79,  34.80,  34.81,  34.76,  34.80,  34.69
19970930, 0600,  , LO, 14.4N, 150.8E,  15,    0,    0,    0,    0,    0,    0,    0,    0,    0,    0,    0,    0,    0, -999,  34.83,  34.89,  34.84,  34.77,  34.77,  34.83,  34.86,  34.76,  34.90,  34.89,  34.87,  34.86,  34.85,  34.84,  34.81,  34.82,  34.85,  34.87,  34.84,  34.82,  34.82,  34.81,  34.78,  34.83,  34.84,  34.89,  34.88,  34.89,  34.91,  34.89,  34.85
19970930, 1200,  , LO, 14.8N, 150.7E,  15,    0,    0,    0,    0,    0,    0,    0,    0,    0,    0,    0,    0,    0, -999,  34.84,  34.86,  34.90,  34.84,  34.82,  34.86,  34.84,  34.78,  34.89,  34.87,  34.84,  34.87,  34.88,  34.87,  34.87,  34.87,  34.90,  34.92,  34.95,  34.87,  34.84,  34.84,  34.80,  34.73,  34.76,  34.83,  34.87,  34.88,  34.87,  34.89,  34.87
19970930, 1800,  , LO, 15.2N, 150.6E,  15,    0,    0,    0,    0,    0,    0,    0,    0,    0,    0,    0,    0,    0, -999,  34.91,  34.84,  34.80,  34.81,  34.81,  34.84,  34.82,  34.75,  34.73,  34.76,  34.79,  34.76,  34.78,  34.79,  34.79,  34.83,  34.86,  34.87,  34.91,  34.86,  34.83,  34.82,  34.88,  34.85,  34.83,  34.85,  34.88,  34.90,  34.89,  34.91,  34.87
19971001, 0000,  , LO, 15.7N, 150.5E,  15,    0,    0,    0,    0,    0,    0,    0,    0,    0,    0,    0,    0,    0, -999,  34.85,  34.84,  34.82,  34.81,  34.78,  34.81,  34.85,  34.86,  34.85,  34.84,  34.86,  34.83,  34.83,  34.87,  34.83,  34.80,  34.86,  34.84,  34.89,  34.89,  34.87,  34.87,  34.85,  34.87,  34.86,  34.84,  34.84,  34.87,  34.88,  34.91,  34.88
19971001, 0600,  , LO, 16.2N, 150.3E,  15,    0,    0,    0,    0,    0,    0,    0,    0,    0,    0,    0,    0,    0, -999,  34.69,  34.68,  34.74,  34.75,  34.81,  34.86,  34.86,  34.87,  34.90,  34.90,  34.95,  34.92,  34.88,  34.87,  34.90,  34.90,  34.89,  34.93,  34.85,  34.83,  34.82,  34.84,  34.85,  34.88,  34.89,  34.87,  34.84,  34.84,  34.83,  34.84,  34.84
19971001, 1200,  , LO, 16.4N, 149.5E,  15,    0,    0,    0,    0,    0,    0,    0,    0,    0,    0,    0,    0,    0, -999,  34.75,  34.66,  34.64,  34.70,  34.69,  34.80,  34.82,  34.81,  34.80,  34.79,  34.80,  34.83,  34.81,  34.79,  34.83,  34.80,  34.82,  34.99,  34.89,  34.86,  34.84,  34.84,  34.82,  34.85,  34.83,  34.82,  34.82,  34.78,  34.80,  34.83,  34.82
19971001, 1800,  , LO, 16.2N, 148.1E,  15,    0,    0,    0,    0,    0,    0,    0,    0,    0,    0,    0,    0,    0, -999,  35.06,  35.02,  35.00,  35.01,  34.88,  34.82,  34.80,  34.77,  34.72,  34.69,  34.74,  34.85,  34.82,  34.81,  34.79,  34.83,  34.85,  34.85,  34.92,  35.06,  34.89,  34.85,  34.89,  34.99,  34.87,  34.77,  34.91,  34.80,  34.81,  34.82,  34.83
19971002, 0000,  , LO, 15.7N, 146.4E,  15,    0,    0,    0,    0,    0,    0,    0,    0,    0,    0,    0,    0,    0, -999,  34.63,  34.64,  34.66,  34.74,  34.71,  34.70,  34.70,  34.80,  34.81,  34.72,  34.69,  34.73,  34.79,  34.84,  34.84,  34.84,  34.82,  34.81,  34.72,  34.66,  34.71,  34.71,  34.73,  34.76,  34.75,  34.77,  34.76,  34.75,  34.74,  34.80,  34.82
19971002, 0600,  , LO, 15.6N, 145.0E,  15,    0,    0,    0,    0,    0,    0,    0,    0,    0,    0,    0,    0,    0, -999,  34.73,  34.78,  34.77,  34.72,  34.73,  34.82,  34.84,  34.81,  34.80,  34.78,  34.76,  34.74,  34.73,  34.72,  34.69,  34.69,  34.74,  34.79,  34.81,  34.79,  34.78,  34.82,  34.77,  34.78,  34.79,  34.86,  34.80,  34.79,  34.77,  34.78,  34.80
19971002, 1200,  , LO, 16.1N, 143.5E,  20,    0,    0,    0,    0,    0,    0,    0,    0,    0,    0,    0,    0,    0, -999,  34.71,  34.84,  34.94,  34.90,  34.75,  34.85,  34.78,  34.84,  34.77,  34.80,  34.78,  34.81,  34.91,  34.96,  34.88,  34.88,  34.88,  34.88,  34.90,  34.83,  34.80,  34.84,  34.88,  34.89,  34.88,  34.80,  34.77,  34.77,  34.76,  34.74,  34.71
19971002, 1800,  , LO, 16.7N, 141.8E,  25,    0,    0,    0,    0,    0,    0,    0,    0,    0,    0,    0,    0,    0, -999,  34.74,  34.84,  34.87,  34.86,  34.83,  34.87,  34.83,  34.79,  34.75,  34.76,  34.70,  34.70,  34.65,  34.69,  34.67,  34.64,  34.70,  34.88,  34.96,  34.91,  34.88,  34.90,  34.82,  34.74,  34.69,  34.67,  34.68,  34.69,  34.70,  34.69,  34.70
19971003, 0000,  , LO, 17.1N, 140.9E,  30,    0,    0,    0,    0,    0,    0,    0,    0,    0,    0,    0,    0,    0, -999,  34.84,  34.89,  34.80,  35.01,  35.07,  35.02,  35.04,  35.03,  35.02,  35.03,  34.97,  34.86,  34.94,  34.96,  34.93,  34.79,  34.77,  34.74,  34.79,  34.73,  34.73,  34.82,  34.84,  34.87,  34.86,  34.85,  34.81,  34.76,  34.70,  34.68,  34.64
19971003, 0600,  , LO, 17.4N, 140.1E,  30,    0,    0,    0,    0,    0,    0,    0,    0,    0,    0,    0,    0,    0, -999,  34.69,  34.72,  34.71,  34.76,  34.80,  34.93,  34.90,  34.99,  35.01,  34.94,  34.88,  34.84,  34.78,  34.74,  34.72,  34.73,  34.72,  34.69,  34.81,  34.86,  34.77,  34.78,  34.88,  34.92,  34.80,  34.81,  34.78,  34.75,  34.78,  34.78,  34.78
19971003, 1200,  , LO, 17.6N, 139.5E,  30,    0,    0,    0,    0,    0,    0,    0,    0,    0,    0,    0,    0,    0, -999,  34.76,  34.74,  34.73,  34.74,  34.77,  34.89,  34.80,  34.76,  34.80,  34.81,  34.84,  34.69,  34.54,  34.52,  34.60,  34.71,  34.90,  34.97,  34.76,  34.65,  34.65,  34.66,  34.74,  34.83,  34.90,  34.86,  34.87,  34.89,  34.87,  34.85,  34.80
19971003, 1800,  , LO, 17.7N, 139.2E,  30,    0,    0,    0,    0,    0,    0,    0,    0,    0,    0,    0,    0,    0, -999,  34.69,  34.76,  34.71,  34.73,  34.85,  34.84,  34.79,  34.75,  34.73,  34.77,  34.73,  34.74,  34.65,  34.61,  34.79,  34.75,  34.78,  34.93,  35.02,  35.02,  35.05,  35.06,  34.91,  34.82,  34.90,  34.80,  34.71,  34.72,  34.71,  34.73,  34.75
19971004, 0000,  , LO, 17.8N, 138.9E,  30,    0,    0,    0,    0,    0,    0,    0,    0,    0,    0,    0,    0,    0, -999,  34.82,  34.78,  34.74,  34.82,  34.84,  34.81,  34.71,  34.66,  34.71,  34.80,  34.75,  34.62,  34.64,  34.76,  34.72,  34.75,  34.83,  34.88,  34.93,  35.00,  35.06,  34.97,  34.97,  34.95,  34.87,  34.71,  34.72,  34.74,  34.70,  34.78,  34.70
19971004, 0600,  , LO, 17.8N, 138.7E,  30,    0,    0,    0,    0,    0,    0,    0,    0,    0,    0,    0,    0,    0, -999,  34.89,  34.83,  34.83,  34.79,  34.83,  34.82,  34.73,  34.62,  34.70,  34.80,  34.82,  34.63,  34.62,  34.69,  34.70,  34.76,  34.85,  34.89,  34.89,  34.91,  34.93,  34.86,  34.88,  34.95,  34.96,  34.77,  34.70,  34.72,  34.70,  34.75,  34.71
19971004, 1200,  , LO, 17.8N, 138.5E,  30,    0,    0,    0,    0,    0,    0,    0,    0,    0,    0,    0,    0,    0, -999,  34.91,  34.93,  34.96,  34.94,  34.90,  34.78,  34.76,  34.75,  34.72,  34.67,  34.65,  34.71,  34.70,  34.63,  34.69,  34.78,  34.71,  34.86,  35.07,  35.04,  34.98,  34.97,  34.91,  34.91,  34.89,  34.83,  34.80,  34.76,  34.76,  34.80,  34.80
19971004, 1800,  , LO, 17.8N, 138.4E,  30,    0,    0,    0,    0,    0,    0,    0,    0,    0,    0,    0,    0,    0, -999,  34.91,  34.93,  34.96,  34.94,  34.90,  34.78,  34.76,  34.75,  34.72,  34.67,  34.65,  34.71,  34.70,  34.63,  34.69,  34.78,  34.71,  34.86,  35.07,  35.04,  34.98,  34.97,  34.91,  34.91,  34.89,  34.83,  34.80,  34.76,  34.76,  34.80,  34.80
19971005, 0000,  , LO, 17.8N, 138.3E,  30,    0,    0,    0,    0,    0,    0,    0,    0,    0,    0,    0,    0,    0, -999,  34.95,  34.96,  34.95,  34.93,  34.82,  34.75,  34.75,  34.79,  34.74,  34.66,  34.64,  34.64,  34.74,  34.64,  34.74,  34.72,  34.78,  35.09,  35.01,  34.94,  34.94,  34.93,  35.01,  34.99,  34.95,  34.86,  34.80,  34.80,  34.80,  34.77,  34.57
19971005, 0600,  , LO, 17.9N, 138.1E,  30,    0,    0,    0,    0,    0,    0,    0,    0,    0,    0,    0,    0,    0, -999,  34.76,  34.76,  34.74,  34.72,  34.83,  34.99,  34.80,  34.78,  34.77,  34.80,  34.80,  34.77,  34.75,  34.76,  34.77,  34.75,  34.78,  34.88,  34.94,  34.94,  34.93,  34.94,  34.97,  35.03,  35.04,  35.01,  34.88,  34.90,  34.98,  34.96,  34.93
19971005, 1200,  , LO, 18.1N, 137.9E,  30,    0,    0,    0,    0,    0,    0,    0,    0,    0,    0,    0,    0,    0, -999,  34.80,  34.84,  34.84,  34.76,  34.75,  34.69,  34.66,  34.65,  34.90,  34.79,  34.77,  34.76,  34.77,  34.87,  34.89,  34.76,  34.80,  34.95,  34.95,  34.90,  34.85,  34.79,  34.80,  34.89,  34.99,  34.98,  35.01,  35.01,  35.00,  35.11,  35.02
19971005, 1800,  , LO, 18.5N, 137.6E,  30,    0,    0,    0,    0,    0,    0,    0,    0,    0,    0,    0,    0,    0, -999,  34.80,  34.83,  34.89,  34.84,  34.86,  34.85,  34.86,  34.95,  34.94,  34.89,  34.71,  34.71,  34.76,  34.98,  34.92,  34.73,  34.75,  34.67,  34.78,  34.92,  34.93,  34.91,  34.87,  34.80,  34.84,  34.91,  34.94,  34.88,  34.79,  34.64,  34.71
19971006, 0000,  , LO, 18.9N, 137.2E,  30,    0,    0,    0,    0,    0,    0,    0,    0,    0,    0,    0,    0,    0, -999,  34.84,  34.95,  34.96,  35.01,  35.00,  34.99,  34.97,  35.04,  34.98,  34.88,  34.62,  34.61,  34.89,  34.93,  34.86,  34.82,  34.78,  34.80,  34.78,  34.88,  34.92,  34.85,  34.83,  34.86,  34.86,  34.94,  34.91,  34.87,  34.80,  34.79,  34.84
19971006, 0600,  , LO, 19.2N, 136.6E,  30,    0,    0,    0,    0,    0,    0,    0,    0,    0,    0,    0,    0,    0, -999,  34.82,  35.06,  35.06,  34.98,  34.94,  34.85,  34.88,  34.94,  34.92,  34.83,  34.89,  34.80,  34.75,  34.92,  34.90,  34.90,  34.90,  34.88,  34.87,  34.89,  34.89,  34.88,  34.88,  34.90,  34.89,  34.91,  34.98,  34.99,  34.93,  34.56,  34.86
19971006, 1200,  , LO, 19.5N, 136.0E,  30,    0,    0,    0,    0,    0,    0,    0,    0,    0,    0,    0,    0,    0, -999,  34.91,  34.93,  34.89,  34.95,  34.93,  34.84,  34.81,  34.78,  34.75,  34.78,  34.79,  34.81,  34.79,  34.78,  34.78,  34.80,  34.80,  34.83,  34.83,  34.83,  34.83,  34.84,  34.87,  34.89,  34.93,  34.93,  34.92,  34.94,  34.90,  34.84,  34.85
19971006, 1800,  , LO, 19.6N, 135.2E,  30,    0,    0,    0,    0,    0,    0,    0,    0,    0,    0,    0,    0,    0, -999,  34.92,  34.88,  34.74,  34.79,  34.85,  34.88,  34.88,  34.87,  34.85,  34.88,  34.76,  34.71,  34.62,  34.75,  34.83,  34.97,  35.05,  35.03,  34.98,  34.99,  34.82,  34.83,  34.86,  34.85,  34.89,  34.90,  34.90,  34.89,  34.82,  34.82,  34.80
19971007, 0000,  , LO, 19.6N, 134.2E,  25,    0,    0,    0,    0,    0,    0,    0,    0,    0,    0,    0,    0,    0, -999,  34.74,  34.66,  34.58,  34.56,  34.58,  34.64,  34.69,  34.66,  34.72,  34.67,  34.63,  34.59,  34.53,  34.51,  34.66,  34.73,  34.65,  34.72,  34.64,  34.62,  34.80,  34.83,  34.86,  34.91,  34.92,  34.93,  34.94,  34.83,  34.83,  34.88,  34.88
19971007, 0600,  , LO, 19.5N, 133.1E,  25,    0,    0,    0,    0,    0,    0,    0,    0,    0,    0,    0,    0,    0, -999,  34.70,  34.71,  34.71,  34.71,  34.71,  34.72,  34.71,  34.70,  34.70,  34.69,  34.68,  34.68,  34.67,  34.67,  34.68,  34.68,  34.66,  34.66,  34.70,  34.87,  34.90,  34.91,  34.90,  34.88,  34.81,  34.77,  34.74,  34.77,  34.94,  34.87,  34.83
19971007, 1200,  , LO, 19.3N, 132.2E,  25,    0,    0,    0,    0,    0,    0,    0,    0,    0,    0,    0,    0,    0, -999,  34.55,  34.54,  34.60,  34.67,  34.67,  34.67,  34.69,  34.70,  34.71,  34.71,  34.71,  34.71,  34.72,  34.70,  34.63,  34.59,  34.58,  34.58,  34.59,  34.64,  34.68,  34.68,  34.69,  34.75,  34.90,  34.80,  34.78,  34.77,  34.79,  34.66,  34.59
19971007, 1800,  , LO, 19.1N, 131.3E,  25,    0,    0,    0,    0,    0,    0,    0,    0,    0,    0,    0,    0,    0, -999,  34.67,  34.60,  34.58,  34.57,  34.58,  34.56,  34.54,  34.54,  34.58,  34.62,  34.65,  34.65,  34.64,  34.62,  34.61,  34.58,  34.56,  34.56,  34.56,  34.53,  34.54,  34.56,  34.58,  34.70,  34.79,  34.81,  34.75,  34.76,  34.76,  34.78,  34.78
