WP262015,          TWENTYSIX,     14,
20151019, 1800,  , DB, 16.2N, 164.1E,  15, 1010,    0,    0,    0,    0,    0,    0,    0,    0,    0,    0,    0,    0, -999,  35.04,  34.97,  34.96,  35.02,  35.04,  35.05,  35.05,  35.01,  35.03,  35.09,  35.04,  35.04,  35.33,  35.53,  35.55,  35.51,  35.66,  35.17,  35.31,  35.48,  35.55,  35.12,  35.28,  34.71,  34.75,  34.55,  34.73,  34.67,  34.92,  34.99,  34.97
20151020, 0000,  , DB, 17.0N, 163.2E,  20, 1007,    0,    0,    0,    0,    0,    0,    0,    0,    0,    0,    0,    0, -999,  35.23,  35.24,  35.30,  35.33,  35.37,  35.40,  35.27,  35.29,  35.18,  35.09,  35.08,  35.09,  35.10,  35.15,  35.01,  35.08,  35.06,  35.15,  35.04,  35.26,  35.06,  35.19,  34.99,  35.02,  35.03,  35.02,  35.15,  35.15,  35.03,  35.08,  35.08
20151020, 0600,  , DB, 18.0N, 162.5E,  20, 1007,    0,    0,    0,    0,    0,    0,    0,    0,    0,    0,    0,    0, -999,  35.16,  35.28,  35.34,  35.42,  35.47,  35.27,  35.07,  35.09,  35.19,  35.22,  35.38,  35.43,  35.42,  35.14,  35.26,  35.29,  35.13,  35.10,  34.97,  34.99,  35.04,  35.05,  35.07,  34.97,  34.79,  34.90,  35.20,  35.18,  35.37,  35.31,  35.14
20151020, 1200,  , DB, 18.7N, 161.5E,  20, 1007,    0,    0,    0,    0,    0,    0,    0,    0,    0,    0,    0,    0, -999,  34.94,  35.05,  35.42,  35.87,  36.15,  35.74,  35.22,  35.16,  35.04,  34.83,  34.88,  34.90,  34.92,  34.84,  34.69,  34.53,  34.83,  34.83,  34.84,  34.89,  35.03,  35.23,  35.27,  35.50,  35.58,  35.21,  35.25,  35.26,  35.21,  35.35,  35.07
20151020, 1800,  , DB, 19.4N, 160.5E,  20, 1007,    0,    0,    0,    0,    0,    0,    0,    0,    0,    0,    0,    0, -999,  35.27,  35.30,  35.43,  35.48,  35.42,  35.00,  34.83,  35.00,  35.05,  35.04,  35.12,  35.13,  35.14,  35.10,  35.03,  35.30,  35.10,  35.25,  35.41,  35.45,  35.74,  35.89,  35.92,  36.14,  36.01,  35.30,  35.18,  34.93,  35.02,  35.10,  35.37
20151021, 0000,  , DB, 20.0N, 159.0E,  20, 1007,    0,    0,    0,    0,    0,    0,    0,    0,    0,    0,    0,    0, -999,  35.12,  35.09,  34.92,  34.98,  34.99,  34.73,  34.68,  34.84,  35.01,  35.12,  35.28,  35.13,  34.90,  35.12,  35.07,  35.11,  35.06,  35.08,  35.20,  35.11,  35.16,  34.87,  35.11,  35.09,  35.06,  35.03,  35.01,  34.91,  35.00,  34.92,  35.01
20151021, 0600,  , DB, 20.9N, 158.2E,  20, 1006,    0,    0,    0,    0,    0,    0,    0,    0,    0,    0,    0,    0, -999,  35.58,  35.67,  35.38,  35.27,  35.02,  34.93,  34.71,  35.00,  34.80,  34.95,  34.83,  34.87,  35.11,  35.12,  34.55,  34.66,  34.81,  34.84,  34.79,  35.44,  35.42,  34.77,  34.34,  34.45,  34.71,  35.23,  35.52,  35.49,  35.39,  35.26,  35.38
20151021, 1200,  , DB, 21.9N, 157.0E,  20, 1007,    0,    0,    0,    0,    0,    0,    0,    0,    0,    0,    0,    0, -999,  35.10,  35.13,  35.21,  35.06,  35.08,  34.75,  35.01,  35.12,  34.95,  35.03,  35.07,  35.06,  35.02,  35.05,  34.98,  34.97,  35.00,  35.08,  35.43,  35.46,  35.55,  35.58,  35.32,  35.18,  35.30,  34.65,  34.82,  34.94,  34.90,  34.92,  35.09
20151021, 1800,  , DB, 23.2N, 156.2E,  20, 1007,    0,    0,    0,    0,    0,    0,    0,    0,    0,    0,    0,    0, -999,  34.90,  34.84,  35.18,  35.27,  35.34,  35.56,  35.63,  35.29,  35.09,  35.22,  35.34,  35.41,  35.47,  35.47,  35.53,  35.67,  35.38,  35.12,  35.22,  35.34,  35.37,  35.37,  35.34,  35.26,  35.60,  35.55,  35.68,  35.62,  35.55,  35.41,  35.37
20151022, 0000,  , XX, 24.2N, 155.5E,  25, 1004,    0,    0,    0,    0,    0,    0,    0,    0,    0,    0,    0,    0, -999,  34.98,  34.98,  34.98,  34.85,  35.52,  35.43,  35.23,  35.44,  35.46,  35.33,  35.09,  34.91,  35.29,  35.11,  35.11,  34.90,  34.53,  34.75,  34.86,  34.83,  34.86,  34.83,  35.36,  35.73,  35.31,  35.42,  35.19,  34.91,  34.92,  35.12,  35.88
20151022, 0600,  , XX, 25.8N, 155.4E,  25, 1004,    0,    0,    0,    0,    0,    0,    0,    0,    0,    0,    0,    0, -999,  34.97,  34.78,  34.78,  34.91,  35.03,  34.99,  34.98,  34.98,  35.00,  34.99,  35.00,  35.01,  34.97,  34.95,  34.95,  35.03,  35.16,  35.03,  34.88,  35.07,  34.91,  34.92,  34.96,  35.00,  35.03,  35.06,  35.08,  35.10,  35.13,  35.18,  35.19
20151022, 1200,  , XX, 27.2N, 156.5E,  30, 1000,    0,    0,    0,    0,    0,    0,    0,    0,    0,    0,    0,    0, -999,  34.95,  35.00,  35.06,  35.04,  35.01,  35.03,  35.06,  35.10,  35.12,  35.16,  35.19,  35.12,  35.11,  34.99,  34.94,  34.88,  34.84,  34.90,  35.00,  35.00,  35.00,  35.02,  35.02,  35.10,  35.05,  35.02,  35.03,  35.02,  35.09,  35.11,  35.13
20151022, 1800,  , XX, 28.5N, 158.4E,  30, 1000,    0,    0,    0,    0,    0,    0,    0,    0,    0,    0,    0,    0, -999,  34.77,  34.83,  34.83,  34.84,  34.77,  34.73,  34.71,  34.84,  34.94,  34.93,  34.90,  35.02,  34.94,  34.78,  34.97,  34.88,  34.73,  35.09,  35.10,  35.38,  35.63,  35.49,  35.36,  35.43,  35.15,  35.22,  35.17,  35.00,  34.82,  34.97,  34.98
20151023, 0000,  , EX, 30.3N, 161.5E,  35,  996,    0,    0,    0,    0,    0,    0,    0,    0,    0,    0,    0,    0, -999,  34.85,  34.93,  34.92,  34.74,  34.55,  34.78,  34.95,  34.80,  34.78,  34.86,  34.92,  34.98,  34.93,  34.93,  34.97,  35.20,  34.93,  34.59,  34.90,  34.91,  34.73,  34.73,  34.81,  35.01,  35.13,  35.16,  35.20,  35.06,  35.04,  34.35,  34.66
