WP262020,            KROVANH,     33,
20201217, 1200,  , DB,  5.8N, 129.0E,  15, 1009,    0,    0,    0,    0,    0,    0,    0,    0,    0,    0,    0,    0, -999,  28.55,  28.34,  27.80,  28.06,  28.04,  28.11,  27.77,  27.95,  27.84,  28.72,  28.99,  29.30,  28.90,  29.41,  28.68,  28.63,  28.24,  27.67,  27.47,  27.88,  28.50,  28.56,  28.24,  28.63,  28.58,  28.91,  28.13,  27.96,  28.49,  27.98,  27.64
20201217, 1800,  , DB,  6.5N, 127.8E,  15, 1009,    0,    0,    0,    0,    0,    0,    0,    0,    0,    0,    0,    0, -999,  29.02,  28.60,  28.80,  28.70,  28.58,  28.59,  27.84,  28.39,  28.39,  29.16,  28.88,  29.55,  29.12,  28.96,  28.73,  29.18,  28.97,  28.80,  28.48,  27.92,  28.90,  28.42,  29.06,  29.08,  28.90,  28.99,  28.02,  27.50,  28.42,  27.82,  28.11
20201218, 0000,  , DB,  6.9N, 127.0E,  20, 1004,    0,    0,    0,    0,    0,    0,    0,    0,    0,    0,    0,    0, -999,  28.90,  28.96,  28.66,  28.78,  28.10,  28.38,  28.28,  28.79,  28.88,  29.53,  29.51,  29.33,  28.86,  28.92,  28.54,  28.92,  29.39,  29.17,  28.49,  29.30,  29.43,  29.36,  29.60,  29.47,  28.80,  28.54,  28.47,  28.49,  28.23,  28.21,  28.44
20201218, 0600,  , DB,  7.8N, 126.0E,  10, 1004,    0,    0,    0,    0,    0,    0,    0,    0,    0,    0,    0,    0, -999,    nan,    nan,    nan,    nan,    nan,    nan,    nan,    nan,    nan,    nan,    nan,    nan,    nan,    nan,    nan,    nan,    nan,    nan,    nan,    nan,    nan,    nan,    nan,    nan,    nan,    nan,    nan,    nan,    nan,    nan,    nan
20201218, 1200,  , DB,  8.3N, 124.0E,  10, 1006,    0,    0,    0,    0,    0,    0,    0,    0,    0,    0,    0,    0, -999,  27.34,  27.48,  27.50,  27.49,  27.20,  27.19,  27.29,  27.32,  27.55,  27.51,  27.28,  27.35,  27.43,  27.30,  27.06,  27.13,  27.06,  26.91,  26.83,  27.14,  27.31,  26.94,  26.78,  26.90,  26.73,  26.52,  26.54,  26.64,  26.66,  26.64,  26.55
20201218, 1800,  , DB,  8.9N, 122.3E,  20, 1004,    0,    0,    0,    0,    0,    0,    0,    0,    0,    0,    0,    0, -999,  27.38,  27.13,  27.14,  27.06,  26.92,  26.75,  26.89,  26.86,  26.71,  26.76,  26.80,  26.72,  26.84,  26.88,  26.81,  26.86,  26.92,  26.91,  27.27,  27.05,  26.90,  26.88,  27.13,  26.68,  26.67,  26.84,  26.92,  26.91,  27.05,  27.14,  27.14
20201219, 0000,  , DB,  9.0N, 120.8E,  20, 1004,    0,    0,    0,    0,    0,    0,    0,    0,    0,    0,    0,    0, -999,  26.88,  26.77,  26.93,  26.85,  26.87,  26.98,  26.88,  26.88,  27.00,  26.87,  26.91,  26.86,  26.73,  26.70,  26.68,  26.73,  26.56,  26.64,  26.84,  26.46,  26.73,  26.70,  26.53,  26.86,  26.53,  26.46,  26.68,  26.54,  26.23,  26.33,  26.13
20201219, 0600,  , DB,  9.1N, 120.1E,  20, 1001,    0,    0,    0,    0,    0,    0,    0,    0,    0,    0,    0,    0, -999,  27.02,  26.88,  27.02,  27.00,  26.91,  27.00,  26.89,  26.93,  27.03,  26.93,  26.88,  26.76,  26.73,  26.69,  26.65,  26.69,  26.33,  26.53,  26.43,  26.52,  26.46,  26.31,  26.62,  26.65,  26.17,  26.51,  26.38,  26.24,  26.44,  26.21,  26.19
20201219, 1200,  , TD,  9.6N, 119.2E,  25, 1004,    0,    0,    0,    0,    0,    0,    0,    0,    0,    0,    0,    0, -999,  27.03,  26.96,  27.15,  27.20,  27.24,  26.89,  27.05,  27.16,  27.15,  27.31,  27.42,  27.53,  27.55,  27.71,  27.63,  27.48,  27.58,  26.99,  27.24,  26.90,  26.56,  26.68,  26.66,  27.09,  27.17,  26.90,  26.90,  26.82,  26.74,  26.83,  26.88
20201219, 1800,  , DB, 10.0N, 117.4E,  20, 1007,    0,    0,    0,    0,    0,    0,    0,    0,    0,    0,    0,    0, -999,  26.47,  26.91,  26.51,  27.16,  26.63,  26.71,  26.48,  26.37,  27.43,  27.01,  27.17,  26.82,  27.27,  27.12,  27.62,  27.29,  26.22,  26.62,  26.61,  26.71,  26.82,  27.21,  27.22,  27.78,  26.97,  26.77,  27.25,  27.63,  26.97,  26.05,  25.55
20201220, 0000,  , TD, 10.3N, 115.5E,  25, 1005,    0,    0,    0,    0,    0,    0,    0,    0,    0,    0,    0,    0, -999,  26.83,  25.49,  27.09,  26.26,  26.38,  26.26,  26.14,  25.72,  26.00,  25.60,  25.39,  25.16,  25.56,  25.26,  25.06,  24.71,  25.55,  25.98,  25.38,  25.34,  25.87,  26.01,  26.00,  25.57,  24.50,  25.38,  25.52,  25.20,  25.11,  25.02,  25.41
20201220, 0600,  , TD, 10.1N, 115.0E,  25, 1004,    0,    0,    0,    0,    0,    0,    0,    0,    0,    0,    0,    0, -999,  26.49,  26.55,  27.38,  26.17,  26.94,  26.39,  26.81,  26.12,  26.57,  25.82,  25.69,  25.47,  26.12,  25.07,  25.46,  24.94,  25.73,  25.92,  26.33,  25.13,  26.04,  26.57,  26.29,  25.59,  25.03,  25.09,  26.05,  25.16,  25.22,  25.55,  25.27
20201220, 1200,  , TD,  9.9N, 114.3E,  25, 1004,    0,    0,    0,    0,    0,    0,    0,    0,    0,    0,    0,    0, -999,  27.03,  27.11,  26.74,  26.68,  26.76,  26.48,  26.75,  26.52,  26.28,  25.95,  26.20,  26.23,  26.45,  26.00,  25.90,  25.50,  25.23,  25.69,  26.00,  24.65,  25.13,  25.10,  24.33,  24.29,  24.09,  24.33,  24.07,  24.64,  24.42,  24.68,  24.38
20201220, 1800,  , TD,  9.6N, 114.0E,  25, 1003,    0,    0,    0,    0,    0,    0,    0,    0,    0,    0,    0,    0, -999,  27.16,  26.98,  27.15,  26.31,  26.24,  26.46,  26.88,  26.64,  26.57,  26.50,  26.45,  26.37,  26.93,  25.95,  25.64,  25.90,  24.66,  25.87,  24.77,  24.11,  23.74,  24.30,  24.19,  23.99,  24.38,  24.30,  24.47,  23.98,  24.47,  24.17,  24.07
20201221, 0000,  , DB,  9.4N, 113.6E,  20, 1005,    0,    0,    0,    0,    0,    0,    0,    0,    0,    0,    0,    0, -999,  26.55,  26.50,  26.01,  25.94,  26.26,  26.33,  26.05,  25.66,  25.52,  25.98,  25.40,  26.16,  25.21,  25.42,  25.18,  24.14,  24.45,  24.07,  23.97,  23.61,  24.31,  24.19,  24.58,  24.71,  24.56,  25.22,  24.26,  24.69,  24.83,  23.57,  24.05
20201221, 0600,  , TD,  9.2N, 113.0E,  25, 1003,    0,    0,    0,    0,    0,    0,    0,    0,    0,    0,    0,    0, -999,  26.74,  26.25,  25.67,  25.42,  26.15,  25.45,  25.55,  25.37,  25.03,  25.55,  25.46,  25.84,  25.98,  24.99,  24.82,  24.28,  24.33,  24.60,  25.09,  24.51,  25.03,  24.85,  25.16,  24.24,  24.68,  25.05,  24.87,  24.66,  24.70,  24.15,  24.07
20201221, 1200,  , TD,  8.8N, 112.2E,  25, 1003,    0,    0,    0,    0,    0,    0,    0,    0,    0,    0,    0,    0, -999,  25.66,  25.87,  25.17,  25.19,  24.87,  24.72,  25.70,  25.68,  25.47,  25.14,  25.69,  25.54,  25.42,  24.96,  25.05,  24.90,  24.45,  24.40,  24.92,  24.80,  24.96,  24.55,  24.36,  24.51,  24.69,  24.26,  24.15,  24.70,  24.40,  24.29,  23.87
20201221, 1800,  , TD,  8.5N, 111.6E,  25, 1004,    0,    0,    0,    0,    0,    0,    0,    0,    0,    0,    0,    0, -999,  25.48,  25.46,  25.53,  25.37,  24.95,  24.48,  24.57,  24.49,  24.00,  24.21,  24.61,  24.78,  24.78,  24.48,  24.88,  25.21,  24.78,  25.17,  25.00,  24.41,  23.66,  23.74,  23.65,  24.30,  24.33,  24.32,  24.23,  24.54,  24.40,  24.70,  25.21
20201222, 0000,  , TD,  7.9N, 111.0E,  25, 1004,    0,    0,    0,    0,    0,    0,    0,    0,    0,    0,    0,    0, -999,  25.63,  24.88,  24.74,  24.03,  23.94,  24.16,  24.25,  24.09,  24.50,  24.41,  24.58,  24.68,  25.15,  25.39,  25.54,  25.11,  24.87,  24.83,  24.36,  24.16,  23.81,  23.96,  23.46,  23.79,  24.57,  24.89,  24.26,  23.54,  23.50,  23.98,  24.15
20201222, 0600,  , TD,  7.7N, 110.6E,  25, 1004,    0,    0,    0,    0,    0,    0,    0,    0,    0,    0,    0,    0, -999,  25.08,  25.43,  24.84,  24.33,  24.05,  23.82,  23.18,  22.57,  22.75,  22.45,  23.15,  23.70,  23.76,  24.08,  24.43,  24.48,  24.04,  23.65,  23.37,  22.78,  22.62,  22.46,  22.98,  23.26,  23.83,  24.13,  23.55,  23.36,  23.34,  23.40,  23.77
20201222, 1200,  , TD,  7.6N, 109.9E,  25, 1004,    0,    0,    0,    0,    0,    0,    0,    0,    0,    0,    0,    0, -999,  23.59,  23.41,  23.73,  23.14,  23.05,  22.46,  22.45,  22.11,  22.07,  22.20,  22.88,  23.13,  23.73,  24.32,  24.57,  24.39,  23.54,  23.45,  23.38,  22.82,  22.70,  22.54,  22.77,  23.18,  23.34,  23.70,  23.93,  23.22,  23.41,  23.46,  23.24
20201222, 1800,  , TD,  8.0N, 109.2E,  25, 1004,    0,    0,    0,    0,    0,    0,    0,    0,    0,    0,    0,    0, -999,  23.44,  23.55,  23.60,  23.99,  23.51,  22.71,  22.26,  22.26,  22.61,  22.12,  22.28,  22.77,  23.21,  22.99,  22.55,  22.66,  21.19,  22.79,  23.11,  22.51,  21.77,  21.61,  22.00,  22.07,  22.80,  23.04,  22.65,  21.79,  22.83,  22.53,  21.86
20201223, 0000,  , TD,  8.3N, 108.3E,  25, 1005,    0,    0,    0,    0,    0,    0,    0,    0,    0,    0,    0,    0, -999,  25.77,  25.75,  25.75,  25.65,  25.61,  25.48,  25.36,  25.03,  24.88,  25.16,  25.35,  25.41,  25.56,  25.52,  25.29,  25.18,  25.51,  25.34,  25.21,  25.30,  25.22,  25.10,  25.02,  25.23,  24.92,  24.91,  24.71,  25.20,  24.98,  24.96,  24.91
20201223, 0600,  , TD,  8.3N, 107.2E,  25, 1005,    0,    0,    0,    0,    0,    0,    0,    0,    0,    0,    0,    0, -999,    nan,    nan,    nan,    nan,    nan,    nan,    nan,    nan,    nan,    nan,    nan,    nan,    nan,    nan,    nan,    nan,    nan,    nan,    nan,    nan,    nan,    nan,    nan,    nan,    nan,    nan,    nan,    nan,    nan,    nan,    nan
20201223, 1200,  , DB,  8.1N, 106.4E,  20, 1006,    0,    0,    0,    0,    0,    0,    0,    0,    0,    0,    0,    0, -999,    nan,    nan,    nan,    nan,    nan,    nan,    nan,    nan,    nan,    nan,    nan,    nan,    nan,    nan,    nan,    nan,    nan,    nan,    nan,    nan,    nan,    nan,    nan,    nan,    nan,    nan,    nan,    nan,    nan,    nan,    nan
20201223, 1800,  , DB,  7.9N, 105.4E,  20, 1007,    0,    0,    0,    0,    0,    0,    0,    0,    0,    0,    0,    0, -999,    nan,    nan,    nan,    nan,    nan,    nan,    nan,    nan,    nan,    nan,    nan,    nan,    nan,    nan,    nan,    nan,    nan,    nan,    nan,    nan,    nan,    nan,    nan,    nan,    nan,    nan,    nan,    nan,    nan,    nan,    nan
20201224, 0000,  , DB,  7.6N, 104.0E,  20, 1006,    0,    0,    0,    0,    0,    0,    0,    0,    0,    0,    0,    0, -999,    nan,    nan,    nan,    nan,    nan,    nan,    nan,    nan,    nan,    nan,    nan,    nan,    nan,    nan,    nan,    nan,    nan,    nan,    nan,    nan,    nan,    nan,    nan,    nan,    nan,    nan,    nan,    nan,    nan,    nan,    nan
20201224, 0600,  , TD,  7.7N, 102.8E,  25, 1005,    0,    0,    0,    0,    0,    0,    0,    0,    0,    0,    0,    0, -999,  28.62,  28.55,  28.52,  28.53,  28.56,  28.50,  28.50,  28.42,  28.36,  28.31,  28.29,  28.20,  28.22,  28.25,  28.28,  28.25,  28.16,  28.16,  28.12,  28.15,  28.11,  28.05,  28.08,  28.02,  27.87,  27.65,  27.62,  27.52,  27.64,  27.53,  27.53
20201224, 1200,  , TD,  8.1N, 101.8E,  30, 1002,    0,    0,    0,    0,    0,    0,    0,    0,    0,    0,    0,    0, -999,  28.46,  28.46,  28.45,  28.44,  28.47,  28.44,  28.45,  28.40,  28.36,  28.30,  28.27,  28.23,  28.19,  28.14,  28.10,  28.04,  28.02,  28.00,  27.96,  27.98,  27.95,  27.91,  27.92,  27.91,  27.90,  27.89,  27.84,  27.80,  27.77,  27.71,  27.73
20201224, 1800,  , TD,  8.4N, 100.9E,  25, 1006,    0,    0,    0,    0,    0,    0,    0,    0,    0,    0,    0,    0, -999,    nan,    nan,    nan,    nan,    nan,    nan,    nan,    nan,    nan,    nan,    nan,    nan,    nan,    nan,    nan,    nan,    nan,    nan,    nan,    nan,    nan,    nan,    nan,    nan,    nan,    nan,    nan,    nan,    nan,    nan,    nan
20201225, 0000,  , DB,  9.7N,  99.6E,  20, 1006,    0,    0,    0,    0,    0,    0,    0,    0,    0,    0,    0,    0, -999,    nan,    nan,    nan,    nan,    nan,    nan,    nan,    nan,    nan,    nan,    nan,    nan,    nan,    nan,    nan,    nan,    nan,    nan,    nan,    nan,    nan,    nan,    nan,    nan,    nan,    nan,    nan,    nan,    nan,    nan,    nan
20201225, 0600,  , DB, 10.1N,  97.8E,  20, 1007,    0,    0,    0,    0,    0,    0,    0,    0,    0,    0,    0,    0, -999,  27.66,  27.61,  27.68,  27.60,  27.58,  27.67,  27.67,  27.55,  27.34,  27.23,  26.82,  26.95,  26.86,  26.53,  26.43,  26.13,  26.06,  25.97,  26.11,  26.20,  26.23,  26.39,  26.61,  26.60,  26.61,  26.72,  26.70,  26.63,  26.35,  25.85,  25.90
20201225, 1200,  , DB, 11.3N,  97.0E,  15, 1010,    0,    0,    0,    0,    0,    0,    0,    0,    0,    0,    0,    0, -999,  28.01,  28.00,  27.79,  27.79,  27.76,  27.76,  27.69,  27.50,  27.52,  27.55,  27.35,  27.74,  27.68,  27.67,  27.61,  27.22,  27.13,  27.42,  27.11,  26.98,  26.89,  26.84,  26.68,  26.94,  26.86,  26.73,  27.25,  27.06,  27.12,  26.83,  26.79
