WP262001,            UNNAMED,     43,
20011017, 1200,  , TD,  4.5N, 157.6E,  20, 1002,    0,    0,    0,    0,    0,    0,    0,    0,    0,    0,    0,    0, -999,  25.21,  26.27,  26.33,  26.26,  26.37,  26.27,  26.41,  26.28,  26.73,  27.16,  27.09,  26.51,  25.55,  25.30,  26.43,  26.19,  26.62,  26.97,  25.90,  25.92,  27.32,  28.66,  27.50,  28.09,  28.20,  27.91,  28.09,  28.53,  29.51,  29.56,  29.52
20011017, 1800,  , TD,  4.9N, 157.0E,  25, 1002,    0,    0,    0,    0,    0,    0,    0,    0,    0,    0,    0,    0, -999,  26.05,  26.30,  26.43,  26.82,  27.18,  26.99,  26.54,  26.44,  26.72,  26.68,  26.34,  26.08,  25.29,  25.55,  25.41,  27.55,  26.70,  25.77,  25.50,  25.48,  26.76,  26.98,  27.13,  27.20,  27.03,  27.29,  28.10,  28.96,  28.91,  29.70,  27.56
20011018, 0000,  , TD,  5.2N, 156.6E,  25, 1002,    0,    0,    0,    0,    0,    0,    0,    0,    0,    0,    0,    0, -999,  26.45,  26.70,  26.82,  26.68,  26.51,  26.28,  26.55,  26.40,  25.84,  25.89,  25.84,  25.88,  25.92,  25.99,  26.71,  26.77,  26.05,  25.42,  25.21,  25.53,  25.54,  27.02,  27.86,  26.80,  26.77,  26.73,  26.64,  27.47,  30.00,  28.42,  29.42
20011018, 0600,  , TD,  5.5N, 156.4E,  20, 1004,    0,    0,    0,    0,    0,    0,    0,    0,    0,    0,    0,    0, -999,  25.84,  26.31,  25.86,  26.34,  25.91,  25.70,  25.98,  25.93,  25.51,  25.45,  25.06,  25.71,  25.82,  26.29,  26.61,  26.15,  25.78,  25.36,  25.30,  25.28,  26.22,  26.92,  26.92,  25.38,  26.21,  26.49,  26.40,  27.01,  27.70,  27.51,  27.80
20011018, 1200,  , TD,  5.7N, 156.2E,  20, 1004,    0,    0,    0,    0,    0,    0,    0,    0,    0,    0,    0,    0, -999,  25.63,  26.16,  25.87,  26.20,  25.77,  25.21,  26.65,  27.03,  25.18,  24.87,  25.29,  25.19,  25.43,  25.47,  25.47,  25.88,  25.37,  24.69,  24.41,  24.77,  25.69,  26.38,  25.36,  24.69,  25.98,  25.91,  26.32,  27.09,  27.43,  27.36,  27.17
20011018, 1800,  , TD,  5.9N, 156.0E,  25, 1002,    0,    0,    0,    0,    0,    0,    0,    0,    0,    0,    0,    0, -999,  24.82,  25.95,  25.83,  25.79,  25.55,  25.40,  26.91,  25.29,  24.35,  25.18,  24.69,  24.83,  25.12,  25.61,  24.82,  25.24,  25.20,  24.39,  23.72,  24.63,  25.02,  25.35,  25.02,  24.48,  25.30,  25.97,  26.13,  26.91,  27.35,  26.91,  26.84
20011019, 0000,  , TD,  5.6N, 156.1E,  30, 1000,    0,    0,    0,    0,    0,    0,    0,    0,    0,    0,    0,    0, -999,  26.12,  26.13,  26.16,  26.06,  25.60,  25.77,  26.59,  25.11,  25.19,  25.15,  25.54,  25.90,  25.94,  25.71,  26.41,  25.67,  25.01,  25.10,  24.66,  25.67,  26.65,  25.74,  25.38,  26.05,  26.27,  26.41,  27.05,  27.57,  27.50,  27.21,  26.59
20011019, 0600,  , TD,  5.5N, 156.4E,  30, 1000,    0,    0,    0,    0,    0,    0,    0,    0,    0,    0,    0,    0, -999,  26.31,  25.86,  26.34,  25.91,  25.70,  25.98,  25.93,  25.51,  25.45,  25.06,  25.71,  25.82,  26.29,  26.61,  26.15,  25.78,  25.36,  25.30,  25.28,  26.22,  26.92,  26.92,  25.38,  26.21,  26.49,  26.40,  27.01,  27.70,  27.51,  27.80,  27.87
20011019, 1200,  , TS,  5.7N, 156.3E,  35,  997,    0,    0,    0,    0,    0,    0,    0,    0,    0,    0,    0,    0, -999,  26.23,  25.83,  26.33,  25.67,  25.17,  25.91,  27.14,  25.65,  25.21,  24.88,  25.59,  25.32,  25.56,  25.84,  25.81,  25.49,  24.89,  24.56,  25.01,  25.80,  26.71,  25.71,  24.59,  25.88,  26.08,  26.26,  26.93,  27.53,  27.42,  27.54,  26.93
20011019, 1800,  , TS,  6.0N, 155.9E,  35,  997,    0,    0,    0,    0,    0,    0,    0,    0,    0,    0,    0,    0, -999,  25.89,  25.93,  25.81,  25.44,  25.91,  26.16,  24.93,  24.31,  24.94,  24.47,  24.73,  25.26,  26.04,  24.58,  25.26,  25.26,  24.11,  23.75,  24.50,  24.88,  25.04,  25.19,  24.72,  25.51,  25.84,  26.12,  26.88,  27.31,  26.78,  27.36,  27.02
20011020, 0000,  , TS,  6.6N, 156.1E,  45,  991,    0,    0,    0,    0,    0,    0,    0,    0,    0,    0,    0,    0, -999,  24.31,  24.02,  23.72,  23.40,  23.57,  22.63,  21.39,  21.70,  20.84,  22.64,  22.20,  22.37,  22.34,  22.93,  21.71,  21.11,  21.46,  21.23,  22.06,  22.42,  22.08,  23.65,  23.91,  24.54,  25.08,  25.91,  26.03,  25.60,  25.54,  25.15,  24.62
20011020, 0600,  , TS,  7.4N, 156.4E,  45,  991,    0,    0,    0,    0,    0,    0,    0,    0,    0,    0,    0,    0, -999,  24.68,  24.08,  24.55,  23.68,  23.37,  23.21,  22.27,  21.88,  20.17,  21.98,  22.02,  22.23,  22.43,  22.66,  22.30,  21.00,  21.02,  20.96,  20.82,  20.73,  21.08,  21.44,  21.60,  21.86,  22.21,  23.03,  23.14,  24.32,  24.30,  24.10,  23.41
20011020, 1200,  , TS,  8.9N, 157.1E,  45,  991,    0,    0,    0,    0,    0,    0,    0,    0,    0,    0,    0,    0, -999,  23.31,  22.60,  22.68,  22.89,  22.21,  22.56,  21.01,  21.09,  20.76,  21.00,  20.93,  21.36,  21.03,  21.74,  21.29,  21.82,  22.58,  21.23,  21.59,  21.32,  20.97,  21.70,  22.07,  20.95,  21.46,  21.40,  21.96,  22.23,  22.69,  22.13,  22.07
20011020, 1800,  , TS,  9.9N, 156.8E,  55,  984,    0,    0,    0,    0,    0,    0,    0,    0,    0,    0,    0,    0, -999,  23.15,  23.37,  23.29,  23.99,  23.68,  23.54,  22.89,  22.52,  22.85,  22.61,  23.02,  23.12,  22.80,  23.34,  22.18,  22.55,  21.98,  21.27,  20.73,  20.19,  20.02,  19.75,  20.52,  20.79,  20.93,  21.40,  22.25,  23.18,  24.58,  23.59,  22.99
20011021, 0000,  , HU, 10.9N, 156.5E,  65,  976,    0,    0,    0,    0,    0,    0,    0,    0,    0,    0,    0,    0, -999,  23.49,  24.39,  24.14,  24.05,  24.37,  23.33,  23.24,  23.35,  23.63,  23.80,  23.88,  23.67,  23.77,  23.29,  23.60,  22.68,  21.84,  21.72,  21.93,  21.75,  21.35,  22.22,  23.37,  22.46,  22.69,  22.54,  22.46,  23.43,  23.20,  23.31,  24.44
20011021, 0600,  , HU, 11.8N, 156.4E,  65,  976,    0,    0,    0,    0,    0,    0,    0,    0,    0,    0,    0,    0, -999,  25.12,  25.27,  25.77,  25.40,  25.16,  24.71,  24.51,  24.55,  24.55,  24.46,  25.04,  25.30,  26.02,  25.31,  25.31,  25.04,  24.92,  24.25,  24.12,  24.27,  24.17,  24.01,  24.40,  24.09,  24.03,  23.76,  24.02,  23.58,  23.18,  23.00,  22.86
20011021, 1200,  , HU, 12.3N, 156.6E,  75,  967,    0,    0,    0,    0,    0,    0,    0,    0,    0,    0,    0,    0, -999,  25.30,  25.80,  26.01,  26.23,  26.07,  25.53,  25.10,  25.15,  25.34,  25.00,  25.94,  26.56,  26.52,  25.79,  26.19,  26.36,  25.92,  25.34,  25.30,  25.15,  25.32,  24.91,  25.06,  24.88,  25.21,  24.81,  25.41,  25.00,  24.94,  24.66,  24.24
20011021, 1800,  , HU, 12.9N, 156.7E,  75,  967,    0,    0,    0,    0,    0,    0,    0,    0,    0,    0,    0,    0, -999,  25.60,  26.14,  26.40,  26.65,  26.60,  26.03,  26.11,  26.10,  26.49,  26.34,  26.49,  26.33,  27.04,  26.76,  26.66,  26.73,  26.46,  26.05,  25.54,  25.56,  25.28,  24.89,  24.76,  24.77,  25.11,  24.81,  25.19,  25.12,  25.13,  24.69,  24.29
20011022, 0000,  , HU, 13.6N, 156.7E,  75,  967,    0,    0,    0,    0,    0,    0,    0,    0,    0,    0,    0,    0, -999,  26.55,  26.76,  26.86,  26.77,  26.60,  26.52,  26.42,  26.74,  26.96,  27.03,  27.15,  27.04,  27.11,  26.66,  26.50,  26.31,  25.93,  25.59,  25.66,  26.04,  25.26,  25.45,  25.46,  25.29,  25.28,  25.73,  25.52,  25.66,  25.49,  25.55,  26.11
20011022, 0600,  , HU, 13.9N, 156.8E,  80,  963,    0,    0,    0,    0,    0,    0,    0,    0,    0,    0,    0,    0, -999,  26.62,  26.79,  26.80,  26.84,  26.52,  26.50,  26.34,  26.73,  26.98,  27.10,  27.15,  27.07,  27.16,  26.71,  26.65,  26.47,  25.85,  25.69,  26.12,  26.09,  25.39,  25.46,  25.43,  25.12,  25.07,  25.50,  25.39,  25.90,  25.64,  25.58,  26.05
20011022, 1200,  , HU, 14.5N, 157.0E,  90,  954,    0,    0,    0,    0,    0,    0,    0,    0,    0,    0,    0,    0, -999,  26.79,  26.91,  26.99,  26.88,  26.59,  26.77,  26.45,  26.63,  26.78,  26.75,  26.61,  26.96,  27.11,  26.78,  26.46,  26.55,  26.53,  26.37,  25.86,  26.12,  24.84,  24.65,  24.82,  25.17,  25.21,  25.30,  25.55,  25.51,  25.44,  25.12,  25.68
20011022, 1800,  , HU, 14.8N, 157.3E,  90,  954,    0,    0,    0,    0,    0,    0,    0,    0,    0,    0,    0,    0, -999,  26.48,  26.54,  26.66,  26.37,  26.23,  26.58,  26.70,  26.89,  26.83,  26.83,  26.48,  26.52,  26.57,  26.64,  26.82,  26.55,  26.09,  25.85,  25.58,  26.05,  25.16,  24.81,  25.48,  25.27,  25.60,  25.55,  25.92,  25.77,  25.62,  25.49,  25.62
20011023, 0000,  , HU, 15.1N, 157.6E, 100,  944,    0,    0,    0,    0,    0,    0,    0,    0,    0,    0,    0,    0, -999,  26.24,  26.82,  26.71,  26.78,  26.78,  26.58,  26.62,  26.55,  26.35,  26.45,  26.51,  26.77,  27.01,  26.36,  26.16,  25.57,  25.53,  24.78,  24.98,  24.84,  24.50,  25.30,  25.31,  25.53,  25.16,  25.66,  25.52,  25.59,  25.55,  25.50,  25.68
20011023, 0600,  , HU, 15.5N, 158.0E, 115,  927,    0,    0,    0,    0,    0,    0,    0,    0,    0,    0,    0,    0, -999,  25.45,  25.84,  26.14,  26.54,  26.43,  26.20,  26.24,  26.12,  26.21,  25.81,  25.54,  25.54,  25.85,  25.64,  25.62,  24.74,  24.64,  24.16,  24.03,  23.93,  23.61,  24.34,  25.17,  25.18,  25.39,  25.73,  25.83,  25.52,  25.64,  25.49,  25.74
20011023, 1200,  , HU, 16.1N, 157.7E, 125,  916,    0,    0,    0,    0,    0,    0,    0,    0,    0,    0,    0,    0, -999,  25.14,  25.20,  25.27,  25.42,  25.30,  24.95,  25.25,  25.58,  25.81,  25.15,  25.04,  25.14,  25.47,  25.41,  25.30,  24.73,  24.71,  24.55,  24.32,  24.15,  23.89,  24.32,  24.53,  24.58,  24.78,  24.94,  25.28,  24.98,  24.84,  24.84,  24.74
20011023, 1800,  , XX, 16.4N, 157.5E, 135,  904,    0,    0,    0,    0,    0,    0,    0,    0,    0,    0,    0,    0, -999,  24.81,  24.94,  25.10,  25.23,  25.10,  24.99,  25.12,  24.96,  25.14,  24.87,  24.95,  25.01,  25.25,  25.23,  25.15,  24.68,  24.74,  24.44,  24.28,  24.12,  23.91,  24.41,  24.34,  24.32,  24.61,  24.61,  24.97,  24.87,  24.83,  24.89,  25.05
20011024, 0000,  , XX, 16.7N, 157.3E, 135,  904,    0,    0,    0,    0,    0,    0,    0,    0,    0,    0,    0,    0, -999,  24.74,  24.57,  24.69,  24.75,  24.61,  24.74,  24.74,  24.73,  24.49,  24.42,  24.43,  24.73,  24.69,  24.79,  24.48,  24.33,  24.03,  23.62,  23.55,  23.71,  23.93,  24.30,  24.10,  24.48,  24.30,  24.34,  24.48,  24.52,  24.66,  24.52,  24.59
20011024, 0600,  , XX, 17.2N, 156.9E, 140,  898,    0,    0,    0,    0,    0,    0,    0,    0,    0,    0,    0,    0, -999,  24.86,  24.49,  24.33,  24.23,  24.03,  24.20,  24.23,  24.39,  24.45,  24.68,  24.58,  24.50,  24.50,  24.58,  24.18,  23.75,  23.47,  22.96,  22.90,  23.18,  23.27,  23.72,  23.67,  24.21,  24.23,  23.88,  23.96,  24.39,  24.38,  24.42,  24.60
20011024, 1200,  , XX, 17.5N, 156.4E, 140,  898,    0,    0,    0,    0,    0,    0,    0,    0,    0,    0,    0,    0, -999,  25.18,  24.87,  24.32,  24.54,  24.30,  23.93,  23.91,  24.20,  23.79,  23.83,  23.95,  24.23,  24.30,  24.45,  24.32,  24.09,  23.63,  23.12,  22.89,  23.29,  23.48,  23.79,  23.52,  23.69,  23.77,  23.94,  23.99,  24.09,  24.18,  24.29,  24.30
20011024, 1800,  , XX, 18.0N, 155.7E, 140,  898,    0,    0,    0,    0,    0,    0,    0,    0,    0,    0,    0,    0, -999,  25.56,  25.75,  25.79,  26.04,  27.34,  25.51,  25.22,  25.55,  25.01,  24.69,  24.58,  24.69,  24.71,  24.73,  24.70,  24.55,  23.51,  23.26,  23.37,  23.26,  23.25,  23.30,  23.57,  23.40,  23.88,  24.02,  24.05,  24.40,  24.51,  24.54,  24.53
20011025, 0000,  , XX, 18.5N, 155.0E, 130,  910,    0,    0,    0,    0,    0,    0,    0,    0,    0,    0,    0,    0, -999,  24.99,  25.07,  25.34,  25.62,  26.05,  25.71,  25.95,  26.09,  25.76,  25.64,  25.07,  25.19,  25.55,  25.21,  24.90,  24.49,  24.11,  23.96,  23.05,  23.00,  23.23,  23.32,  22.97,  22.92,  23.15,  23.01,  23.39,  23.47,  23.60,  24.12,  24.28
20011025, 0600,  , XX, 19.3N, 154.5E, 130,  910,    0,    0,    0,    0,    0,    0,    0,    0,    0,    0,    0,    0, -999,  26.26,  26.19,  26.09,  26.28,  26.26,  26.24,  26.03,  25.80,  25.23,  25.71,  26.12,  25.54,  25.12,  24.57,  24.23,  23.85,  23.81,  22.96,  23.41,  24.05,  24.03,  23.95,  23.95,  24.03,  23.40,  23.44,  23.84,  23.79,  24.13,  24.59,  24.69
20011025, 1200,  , XX, 20.0N, 154.0E, 140,  898,    0,    0,    0,    0,    0,    0,    0,    0,    0,    0,    0,    0, -999,  25.70,  25.94,  26.51,  26.10,  26.25,  26.35,  25.47,  25.34,  24.57,  24.52,  24.43,  24.43,  24.25,  24.26,  24.41,  23.70,  22.52,  22.24,  22.97,  23.20,  23.07,  23.08,  22.80,  22.73,  22.63,  21.93,  21.83,  22.09,  22.38,  22.40,  22.24
20011025, 1800,  , XX, 20.9N, 154.0E, 140,  898,    0,    0,    0,    0,    0,    0,    0,    0,    0,    0,    0,    0, -999,  24.79,  24.88,  24.87,  24.87,  24.84,  24.16,  23.01,  22.67,  22.68,  22.42,  21.84,  21.53,  21.55,  21.92,  22.14,  21.32,  20.65,  20.34,  20.02,  20.13,  20.51,  20.49,  20.49,  21.23,  21.28,  20.57,  20.51,  20.70,  20.59,  20.48,  20.80
20011026, 0000,  , XX, 21.9N, 154.0E, 140,  898,    0,    0,    0,    0,    0,    0,    0,    0,    0,    0,    0,    0, -999,  23.39,  23.63,  23.66,  23.41,  22.13,  21.22,  20.61,  20.30,  19.80,  19.56,  19.83,  19.83,  19.54,  19.45,  19.41,  19.26,  19.04,  19.01,  19.07,  19.04,  19.05,  19.14,  19.07,  19.35,  20.28,  20.91,  20.92,  20.64,  20.54,  20.28,  20.36
20011026, 0600,  , XX, 23.3N, 154.4E, 140,  898,    0,    0,    0,    0,    0,    0,    0,    0,    0,    0,    0,    0, -999,  22.52,  22.62,  22.67,  22.34,  20.35,  19.99,  19.85,  19.92,  20.53,  20.76,  20.60,  20.41,  20.29,  20.35,  22.10,  23.01,  23.68,  25.16,  24.87,  25.00,  24.82,  22.96,  21.84,  21.07,  21.79,  22.25,  22.20,  22.12,  20.46,  20.29,  20.31
20011026, 1200,  , XX, 24.7N, 154.9E, 130,  910,    0,    0,    0,    0,    0,    0,    0,    0,    0,    0,    0,    0, -999,  20.79,  20.94,  21.40,  21.65,  20.71,  20.17,  19.86,  19.74,  20.01,  19.41,  19.12,  18.98,  18.75,  18.75,  17.73,  17.78,  17.69,  19.42,  20.11,  20.01,  19.58,  19.54,  19.46,  19.72,  20.63,  21.60,  21.53,  21.45,  21.61,  22.08,  22.67
20011026, 1800,  , HU, 26.8N, 155.9E, 120,  922,    0,    0,    0,    0,    0,    0,    0,    0,    0,    0,    0,    0, -999,  19.67,  19.48,  19.62,  19.68,  19.73,  19.85,  20.19,  20.61,  20.73,  20.05,  19.92,  19.69,  19.57,  19.85,  20.30,  20.71,  20.78,  20.27,  20.38,  20.47,  20.04,  20.49,  20.91,  21.00,  21.11,  21.66,  22.03,  22.18,  21.68,  21.27,  21.27
20011027, 0000,  , HU, 28.9N, 157.0E, 100,  944,    0,    0,    0,    0,    0,    0,    0,    0,    0,    0,    0,    0, -999,  18.58,  18.59,  18.57,  18.49,  18.44,  18.50,  18.65,  18.66,  18.38,  18.52,  18.43,  18.19,  18.04,  17.87,  17.73,  17.93,  17.79,  17.79,  17.96,  17.68,  17.80,  17.72,  17.61,  18.06,  17.73,  17.76,  17.77,  17.66,  17.73,  17.85,  17.51
20011027, 0600,  , HU, 31.3N, 158.6E,  90,  954,    0,    0,    0,    0,    0,    0,    0,    0,    0,    0,    0,    0, -999,  19.18,  19.54,  19.79,  19.17,  19.21,  19.29,  19.18,  18.90,  18.73,  18.92,  18.96,  19.34,  19.40,  19.05,  18.55,  18.40,  18.67,  19.05,  19.43,  19.57,  19.70,  19.88,  19.74,  19.02,  18.79,  19.23,  19.94,  20.05,  20.18,  20.05,  20.09
20011027, 1200,  , HU, 33.7N, 160.4E,  75,  967,    0,    0,    0,    0,    0,    0,    0,    0,    0,    0,    0,    0, -999,  14.66,  14.64,  14.75,  14.72,  14.68,  14.88,  15.34,  15.31,  14.93,  15.08,  14.92,  14.69,  14.66,  15.57,  15.43,  14.71,  14.92,  14.80,  14.90,  14.56,  15.24,  16.06,  16.46,  15.70,  16.09,  16.64,  16.44,  16.03,  15.87,  16.52,  15.63
20011027, 1800,  , TS, 36.3N, 161.9E,  55,  984,    0,    0,    0,    0,    0,    0,    0,    0,    0,    0,    0,    0, -999,  18.48,  18.50,  19.15,  19.56,  19.74,  19.52,  19.50,  20.12,  20.05,  19.71,  19.85,  19.80,  19.77,  20.23,  20.04,  19.65,  19.29,  20.48,  20.41,  19.79,  19.87,  20.41,  19.60,  19.33,  19.50,  19.31,  19.53,  19.25,  19.09,  19.42,  19.64
20011028, 0000,  , TS, 39.2N, 162.8E,  40,  994,    0,    0,    0,    0,    0,    0,    0,    0,    0,    0,    0,    0, -999,  16.04,  16.25,  14.52,  13.80,  13.65,  14.27,  14.91,  15.25,  15.44,  15.89,  15.53,  15.90,  15.04,  15.03,  14.82,  11.92,  10.91,  10.15,  10.04,  10.67,  11.33,  11.27,  11.35,  12.27,  12.80,  13.89,  13.14,  13.20,  13.55,  12.42,  12.79
