WP282021,                RAI,     41,
20211211, 1200,  , DB,  5.3N, 145.0E,  20, 1007,    0,    0,    0,    0,    0,    0,    0,    0,    0,    0,    0,    0, -999,  30.07,  29.98,  30.20,  30.08,  30.23,  30.13,  30.10,  30.19,  30.15,  30.19,  30.13,  30.13,  29.97,  29.72,  29.69,  29.74,  29.73,  29.56,  29.49,  29.48,  29.35,  29.30,  29.21,  29.31,  29.33,  29.39,  29.47,  29.43,  29.47,  29.35,  29.47
20211211, 1800,  , DB,  5.4N, 144.8E,  15, 1005,    0,    0,    0,    0,    0,    0,    0,    0,    0,    0,    0,    0, -999,  30.06,  30.00,  30.21,  30.11,  30.25,  30.12,  30.13,  30.20,  30.20,  30.18,  30.12,  30.12,  30.00,  29.69,  29.65,  29.70,  29.68,  29.52,  29.53,  29.41,  29.35,  29.30,  29.16,  29.32,  29.30,  29.46,  29.46,  29.38,  29.45,  29.41,  29.50
20211212, 0000,  , DB,  5.5N, 144.6E,  15, 1005,    0,    0,    0,    0,    0,    0,    0,    0,    0,    0,    0,    0, -999,  29.99,  30.16,  30.11,  30.24,  30.15,  30.22,  30.25,  30.23,  30.16,  30.09,  30.06,  29.99,  29.70,  29.68,  29.69,  29.60,  29.48,  29.46,  29.36,  29.28,  29.26,  29.12,  29.30,  29.40,  29.47,  29.42,  29.29,  29.41,  29.48,  29.50,  29.43
20211212, 0600,  , DB,  5.7N, 144.3E,  20, 1004,    0,    0,    0,    0,    0,    0,    0,    0,    0,    0,    0,    0, -999,  29.83,  30.09,  30.03,  30.23,  30.18,  30.23,  30.23,  30.18,  30.12,  30.03,  29.96,  29.92,  29.80,  29.72,  29.64,  29.52,  29.43,  29.36,  29.39,  29.27,  29.30,  29.14,  29.27,  29.37,  29.45,  29.39,  29.25,  29.34,  29.39,  29.45,  29.41
20211212, 1200,  , TD,  5.8N, 144.1E,  25, 1004,    0,    0,    0,    0,    0,    0,    0,    0,    0,    0,    0,    0, -999,  29.80,  30.05,  30.09,  30.25,  30.22,  30.25,  30.19,  30.16,  30.09,  29.99,  29.92,  29.94,  29.68,  29.62,  29.52,  29.45,  29.31,  29.31,  29.28,  29.22,  29.24,  29.11,  29.27,  29.42,  29.47,  29.39,  29.17,  29.30,  29.36,  29.40,  29.39
20211212, 1800,  , TD,  5.4N, 143.0E,  25, 1000,    0,    0,    0,    0,    0,    0,    0,    0,    0,    0,    0,    0, -999,  29.95,  30.07,  30.13,  30.26,  30.14,  30.07,  30.06,  30.01,  29.87,  29.77,  29.65,  29.70,  29.38,  29.35,  29.21,  29.11,  29.08,  28.96,  28.86,  29.10,  29.18,  29.20,  29.64,  29.47,  29.43,  29.44,  29.13,  29.30,  29.45,  29.32,  29.26
20211213, 0000,  , TD,  5.1N, 141.9E,  25, 1002,    0,    0,    0,    0,    0,    0,    0,    0,    0,    0,    0,    0, -999,  29.52,  29.80,  29.81,  29.84,  29.87,  29.77,  29.69,  29.61,  29.54,  29.33,  29.56,  29.01,  29.16,  29.11,  29.14,  28.95,  28.92,  29.04,  29.14,  29.05,  29.04,  29.49,  29.52,  29.24,  29.23,  29.36,  29.47,  29.31,  29.22,  29.17,  29.19
20211213, 0600,  , TD,  5.5N, 140.7E,  30, 1001,    0,    0,    0,    0,    0,    0,    0,    0,    0,    0,    0,    0, -999,  29.54,  29.67,  29.70,  29.62,  29.61,  29.63,  29.55,  29.42,  29.51,  29.50,  29.46,  29.32,  29.50,  29.53,  29.53,  29.35,  29.23,  29.29,  29.26,  29.18,  29.09,  29.35,  29.65,  29.65,  29.52,  29.38,  29.41,  29.33,  29.43,  29.35,  29.38
20211213, 1200,  , TS,  6.2N, 139.6E,  35, 1000,   25,   10,   10,   30,    0,    0,    0,    0,    0,    0,    0,    0, -999,  29.54,  29.60,  29.52,  29.42,  29.47,  29.61,  29.65,  29.55,  29.67,  29.60,  29.55,  29.44,  29.55,  29.57,  29.54,  29.47,  29.33,  29.28,  29.37,  29.46,  29.46,  29.47,  29.50,  29.69,  29.53,  29.37,  29.55,  29.43,  29.57,  29.46,  29.43
20211213, 1800,  , TS,  6.7N, 138.6E,  45,  993,   50,   15,   20,   60,    0,    0,    0,    0,    0,    0,    0,    0, -999,  29.42,  29.46,  29.63,  29.71,  29.68,  29.80,  29.70,  29.67,  29.88,  29.65,  29.60,  29.44,  29.46,  29.41,  29.42,  29.34,  29.27,  29.29,  29.38,  29.53,  29.56,  29.33,  29.17,  29.44,  29.32,  29.19,  29.32,  29.14,  29.26,  29.21,  29.25
20211214, 0000,  , TS,  7.4N, 136.9E,  50,  991,   75,   20,   30,   90,   25,    0,    0,   35,    0,    0,    0,    0, -999,  29.68,  29.63,  29.50,  29.36,  29.25,  29.32,  29.26,  29.20,  29.29,  29.33,  29.24,  29.12,  29.40,  29.51,  29.37,  29.18,  28.97,  29.00,  29.06,  29.17,  29.17,  29.03,  29.03,  29.08,  29.12,  29.48,  29.31,  29.13,  29.02,  28.97,  28.99
20211214, 0600,  , TS,  8.0N, 135.8E,  55,  991,   65,   20,   35,   95,   25,    0,    0,   35,    0,    0,    0,    0, -999,  29.53,  29.51,  29.34,  29.21,  29.42,  29.55,  29.48,  29.43,  29.40,  29.33,  29.43,  29.41,  29.29,  29.34,  29.36,  29.25,  29.09,  29.04,  29.04,  29.10,  29.14,  29.05,  28.92,  28.87,  29.04,  29.37,  29.27,  29.26,  29.10,  29.10,  28.94
20211214, 1200,  , TS,  8.4N, 134.7E,  60,  990,   55,   25,   40,  100,   20,    0,    0,   35,    0,    0,    0,    0, -999,  29.54,  29.71,  29.66,  29.52,  29.62,  29.55,  29.37,  29.29,  29.28,  29.36,  29.34,  29.53,  29.28,  29.33,  29.30,  29.17,  28.91,  28.58,  28.67,  28.83,  28.87,  28.80,  28.74,  28.56,  28.69,  29.20,  29.22,  29.22,  29.07,  29.09,  28.93
20211214, 1800,  , HU,  8.7N, 133.4E,  65,  982,   90,   40,   60,  110,   25,   15,   20,   35,   10,   10,   10,   10, -999,  29.41,  29.58,  29.62,  29.73,  29.67,  29.57,  29.53,  29.48,  29.45,  29.41,  29.65,  29.70,  29.52,  29.34,  29.21,  29.15,  28.89,  28.58,  28.78,  28.64,  28.87,  28.74,  28.70,  28.84,  29.02,  29.14,  29.27,  29.17,  29.12,  29.02,  28.86
20211215, 0000,  , HU,  8.8N, 132.4E,  70,  982,  120,   50,   75,  120,   30,   15,   25,   30,   20,   10,   15,   20, -999,  29.56,  29.60,  29.74,  29.71,  29.59,  29.64,  29.55,  29.43,  29.30,  29.48,  29.55,  29.44,  29.30,  29.28,  29.31,  29.19,  28.90,  29.25,  28.94,  28.79,  28.62,  28.57,  28.54,  28.65,  28.73,  28.80,  28.77,  28.84,  28.77,  28.72,  28.80
20211215, 0600,  , HU,  9.0N, 131.0E,  75,  978,  150,   60,   80,  125,   30,   25,   35,   50,   20,   20,   20,   30, -999,  29.37,  29.39,  29.38,  29.30,  29.38,  29.58,  29.60,  29.19,  29.27,  29.26,  29.25,  29.08,  28.89,  29.12,  29.23,  28.93,  28.46,  28.66,  28.63,  29.28,  29.11,  28.88,  28.92,  29.12,  28.87,  28.91,  28.89,  28.91,  29.01,  28.95,  28.90
20211215, 1200,  , HU,  9.1N, 130.0E,  90,  965,  150,   75,   85,  130,   30,   30,   40,   55,   25,   25,   25,   35, -999,  29.43,  29.44,  29.56,  29.47,  29.45,  29.36,  29.25,  28.81,  28.84,  29.03,  29.28,  29.22,  29.12,  29.16,  29.00,  28.98,  28.56,  28.45,  28.47,  28.93,  28.81,  28.74,  28.93,  29.21,  29.31,  29.25,  29.26,  29.00,  29.14,  29.11,  28.86
20211215, 1800,  , HU,  9.4N, 128.9E, 125,  934,  160,   95,  100,  135,   55,   70,   85,   55,   30,   40,   25,   35, -999,  29.39,  29.32,  29.51,  29.43,  29.40,  29.30,  29.09,  29.07,  29.07,  29.01,  29.04,  28.89,  28.81,  28.96,  29.05,  29.02,  28.64,  28.54,  28.41,  28.76,  28.70,  28.76,  28.70,  28.81,  29.02,  29.04,  29.29,  29.30,  29.08,  28.86,  28.75
20211216, 0000,  , HU,  9.7N, 127.6E, 150,  908,  160,  110,  100,  145,   70,   90,   70,   70,   50,   60,   25,   45, -999,  29.45,  29.50,  29.55,  29.52,  29.54,  29.38,  29.29,  29.30,  29.15,  28.94,  28.89,  28.78,  28.88,  28.84,  28.81,  28.66,  28.62,  28.45,  29.05,  29.01,  28.64,  28.55,  28.58,  28.99,  28.97,  28.99,  29.13,  29.04,  28.86,  28.68,  28.90
20211216, 0600,  , HU, 10.0N, 125.9E, 135,  925,  160,  130,  105,  155,   85,  110,   55,   85,   70,   85,   30,   50, -999,  28.82,  28.86,  29.01,  28.94,  28.76,  28.73,  28.74,  28.91,  28.63,  28.73,  28.72,  28.81,  28.74,  28.55,  28.45,  28.34,  28.12,  27.66,  28.23,  28.41,  28.09,  28.23,  28.10,  28.52,  28.62,  28.61,  28.69,  28.54,  28.50,  28.30,  28.28
20211216, 1200,  , HU, 10.2N, 124.2E, 120,  943,  135,  105,  150,  150,   70,   70,   70,   70,   60,   40,   40,   45, -999,  28.86,  28.86,  28.80,  28.64,  28.42,  28.21,  27.96,  27.82,  27.81,  27.66,  27.68,  27.77,  27.85,  27.84,  27.77,  27.61,  27.14,  27.31,  27.51,  27.63,  27.68,  27.61,  27.61,  27.61,  27.63,  27.65,  27.71,  27.76,  27.74,  27.57,  27.46
20211216, 1800,  , HU, 10.2N, 122.5E, 110,  951,  135,  105,  110,  160,   75,   55,   55,   90,   50,   30,   45,   45, -999,  28.62,  28.64,  28.47,  28.22,  27.93,  27.74,  27.66,  27.65,  27.49,  27.46,  27.55,  27.70,  27.67,  27.65,  27.50,  27.39,  27.09,  27.35,  27.63,  27.60,  27.49,  27.47,  27.41,  27.36,  27.25,  27.17,  27.15,  27.10,  27.08,  27.13,  27.03
20211217, 0000,  , HU, 10.0N, 121.1E,  95,  965,  105,   80,   90,  135,   55,   40,   65,   75,   30,   20,   50,   45, -999,  28.71,  28.65,  28.56,  28.47,  28.36,  28.22,  28.09,  27.95,  27.89,  27.82,  27.91,  27.94,  27.97,  28.02,  28.00,  27.58,  27.52,  27.55,  27.67,  27.69,  27.73,  27.72,  27.71,  27.67,  27.62,  27.62,  27.58,  27.50,  27.41,  27.32,  27.16
20211217, 0600,  , HU, 10.3N, 120.0E,  85,  970,  165,  125,  100,  125,   70,  100,   90,   65,   40,   50,   55,   45, -999,  28.72,  28.67,  28.56,  28.36,  28.20,  28.20,  28.08,  27.95,  27.97,  28.04,  27.99,  27.96,  28.03,  28.04,  28.06,  27.99,  27.79,  27.75,  27.90,  28.08,  28.08,  28.02,  28.00,  27.91,  27.82,  27.78,  27.75,  27.76,  27.73,  27.64,  27.51
20211217, 1200,  , HU, 10.4N, 118.7E,  90,  968,  130,  130,  130,  130,   65,   65,   65,   65,   45,   25,   35,   30, -999,  29.15,  29.29,  29.05,  28.95,  28.72,  28.80,  28.79,  28.92,  28.75,  28.83,  28.90,  28.81,  28.73,  28.80,  28.81,  28.63,  28.30,  28.70,  28.96,  28.77,  28.85,  28.81,  28.99,  28.98,  28.94,  28.80,  28.47,  28.17,  28.49,  28.83,  28.53
20211217, 1800,  , HU, 10.7N, 117.4E,  90,  966,  110,  105,  145,  140,   55,   65,   85,   75,   30,   40,   55,   50, -999,  29.22,  29.19,  29.25,  29.14,  28.98,  28.70,  28.74,  28.79,  28.75,  28.89,  29.03,  28.75,  28.63,  28.75,  28.89,  28.93,  28.48,  28.20,  28.23,  28.34,  28.37,  28.53,  28.41,  28.66,  28.64,  28.78,  28.76,  28.63,  28.77,  28.77,  28.67
20211218, 0000,  , HU, 11.0N, 115.9E, 100,  962,  140,  140,  130,  160,   60,   90,   60,   50,   25,   50,   30,   25, -999,  28.68,  28.57,  28.45,  28.23,  28.27,  28.15,  28.46,  28.36,  28.32,  28.22,  28.16,  28.12,  28.46,  28.40,  28.43,  27.37,  27.34,  27.01,  28.29,  27.97,  28.27,  28.07,  27.94,  28.19,  28.17,  28.43,  28.02,  28.21,  27.98,  27.83,  27.98
20211218, 0600,  , HU, 11.2N, 114.7E, 115,  948,  145,  135,  135,  150,   65,   90,   65,   65,   30,   50,   35,   30, -999,  28.60,  28.47,  28.23,  27.97,  28.06,  27.89,  28.11,  28.34,  28.17,  28.01,  28.02,  27.99,  27.90,  27.88,  28.11,  27.43,  27.22,  26.88,  27.41,  27.40,  27.60,  28.00,  27.52,  27.67,  27.67,  27.78,  27.74,  27.97,  27.79,  27.73,  27.84
20211218, 1200,  , HU, 11.9N, 113.4E, 140,  921,  150,  135,  140,  150,   85,   90,   70,   80,   35,   50,   50,   45, -999,  28.16,  27.99,  28.04,  27.88,  27.72,  27.79,  27.59,  27.82,  27.84,  27.70,  27.53,  27.40,  27.32,  27.46,  27.68,  27.44,  26.07,  26.09,  26.46,  26.59,  26.42,  26.99,  26.93,  27.24,  27.05,  26.99,  27.28,  27.24,  27.16,  27.13,  27.21
20211218, 1800,  , HU, 12.6N, 112.2E, 130,  931,  155,  135,  150,  150,   95,   90,   80,   90,   40,   50,   55,   55, -999,  27.63,  27.37,  27.31,  27.19,  27.01,  27.20,  26.92,  26.96,  27.05,  27.04,  26.96,  26.81,  26.74,  26.65,  26.67,  26.40,  25.57,  24.52,  24.96,  24.92,  25.26,  25.09,  25.58,  26.02,  25.96,  25.84,  25.80,  25.61,  25.62,  25.48,  25.44
20211219, 0000,  , HU, 13.1N, 111.4E, 120,  941,  160,  140,  140,  160,  110,   90,   90,   90,   50,   50,   60,   55, -999,  27.10,  26.87,  26.84,  26.54,  26.50,  26.47,  26.33,  26.40,  26.35,  26.34,  26.07,  26.11,  26.00,  26.03,  25.90,  24.82,  23.91,  24.44,  24.71,  24.62,  24.68,  25.23,  25.46,  25.25,  24.95,  25.02,  25.01,  25.13,  25.47,  25.40,  25.18
20211219, 0600,  , HU, 13.6N, 111.1E, 100,  958,  140,  100,  120,  185,  100,   60,  100,  100,   45,   30,   70,   70, -999,  26.78,  26.24,  26.13,  25.85,  25.81,  25.55,  25.50,  25.62,  25.68,  25.59,  25.55,  25.48,  25.27,  25.20,  25.09,  24.47,  23.69,  23.64,  23.94,  24.08,  24.17,  24.57,  24.84,  24.69,  24.63,  24.81,  24.74,  24.93,  25.18,  25.06,  24.96
20211219, 1200,  , HU, 14.8N, 110.7E,  85,  974,  120,   90,   90,  125,   55,   50,   55,   50,   40,   25,   40,   40, -999,  25.71,  25.60,  25.54,  25.60,  25.64,  25.23,  25.13,  25.37,  25.72,  25.60,  25.46,  25.34,  25.02,  24.91,  24.87,  24.45,  23.71,  23.86,  23.97,  24.22,  24.15,  25.71,  25.36,  25.45,  25.42,  25.29,  25.34,  25.54,  25.75,  25.71,  25.64
20211219, 1800,  , HU, 15.9N, 110.7E,  75,  983,  120,  100,   90,  130,   50,   55,   55,   45,   40,   20,   20,   35, -999,  25.87,  25.66,  25.49,  25.30,  25.36,  25.20,  25.23,  25.27,  25.43,  25.62,  25.79,  25.78,  25.51,  25.40,  25.28,  25.03,  24.47,  24.99,  24.90,  24.73,  25.00,  24.89,  24.96,  24.73,  24.52,  24.32,  24.53,  24.75,  24.88,  24.78,  24.93
20211220, 0000,  , HU, 17.3N, 110.8E,  70,  988,  120,  110,   90,  135,   50,   40,   40,   30,   25,   15,   15,   15, -999,  25.86,  25.67,  25.62,  25.66,  25.48,  25.70,  25.79,  25.81,  25.92,  25.82,  25.45,  25.27,  25.10,  25.06,  25.31,  25.10,  25.40,  25.13,  25.01,  25.38,  25.32,  25.37,  25.40,  25.51,  25.21,  24.94,  24.79,  24.91,  24.72,  25.02,  25.19
20211220, 0600,  , TS, 18.1N, 111.5E,  50,  998,   90,   70,   80,   95,   70,   25,   25,   30,    0,    0,    0,    0, -999,  25.56,  25.40,  25.66,  25.78,  25.31,  25.48,  25.53,  25.37,  25.48,  25.51,  25.50,  25.56,  25.49,  25.41,  25.54,  25.65,  25.70,  25.33,  25.70,  25.98,  25.70,  25.61,  25.40,  25.07,  24.88,  25.13,  25.32,  25.38,  25.14,  25.10,  25.04
20211220, 1200,  , TS, 19.0N, 112.4E,  45, 1001,   60,   55,   40,   55,    0,    0,    0,    0,    0,    0,    0,    0, -999,  25.79,  25.43,  25.64,  25.37,  25.31,  25.56,  25.57,  25.55,  25.71,  25.67,  25.16,  25.27,  25.37,  25.21,  25.14,  25.01,  25.29,  25.38,  25.44,  25.66,  25.64,  25.43,  25.18,  24.96,  24.73,  24.69,  24.59,  24.66,  24.51,  24.37,  24.46
20211220, 1800,  , XX, 19.9N, 113.1E,  40, 1006,   75,   25,   45,   55,    0,    0,    0,    0,    0,    0,    0,    0, -999,  25.60,  25.16,  25.11,  24.99,  24.98,  24.93,  24.96,  24.82,  24.49,  24.23,  23.97,  23.98,  24.16,  23.94,  23.52,  23.37,  23.40,  23.68,  23.39,  23.80,  23.98,  23.76,  23.43,  23.20,  23.14,  23.12,  23.09,  23.10,  23.21,  23.43,  23.88
20211221, 0000,  , XX, 20.6N, 113.8E,  35, 1005,   90,    0,   50,   50,    0,    0,    0,    0,    0,    0,    0,    0, -999,  24.28,  24.13,  24.07,  23.92,  23.82,  23.88,  23.89,  23.83,  23.77,  23.83,  23.84,  23.85,  23.74,  23.51,  23.20,  23.50,  23.36,  23.26,  23.30,  23.48,  23.33,  22.96,  22.72,  22.78,  22.78,  22.72,  22.69,  22.68,  22.71,  23.20,  23.86
20211221, 0600,  , XX, 21.5N, 115.2E,  30, 1007,    0,    0,    0,    0,    0,    0,    0,    0,    0,    0,    0,    0, -999,  23.87,  23.73,  23.62,  23.62,  23.71,  23.62,  23.52,  23.42,  23.12,  22.80,  22.65,  22.84,  22.77,  22.53,  22.33,  22.77,  23.08,  22.85,  22.77,  22.93,  23.02,  22.79,  22.51,  22.57,  22.60,  22.48,  22.30,  22.25,  22.24,  22.23,  22.26
20211221, 1200,  , XX, 21.7N, 116.5E,  25, 1010,    0,    0,    0,    0,    0,    0,    0,    0,    0,    0,    0,    0, -999,  24.95,  24.68,  24.33,  24.06,  24.52,  24.43,  24.34,  24.13,  24.11,  23.70,  24.06,  24.39,  23.98,  23.48,  23.33,  23.37,  23.58,  23.19,  22.84,  23.10,  22.77,  22.60,  22.75,  22.38,  23.07,  23.17,  22.98,  23.40,  23.38,  23.41,  23.31
