WP282019,          FUNG-WONG,     20,
20191118, 1800,  , DB, 12.6N, 135.1E,  20, 1005,    0,    0,    0,    0,    0,    0,    0,    0,    0,    0,    0,    0, -999,  34.85,  34.73,  34.75,  34.73,  34.70,  34.76,  34.81,  34.86,  34.83,  34.88,  34.79,  34.81,  34.72,  34.76,  34.76,  34.69,  34.69,  34.78,  34.77,  34.80,  34.72,  34.83,  34.81,  34.77,  34.78,  34.74,  34.66,  34.61,  34.71,  34.79,  34.82
20191119, 0000,  , DB, 12.9N, 133.1E,  20,   -1,    0,    0,    0,    0,    0,    0,    0,    0,    0,    0,    0,    0, -999,  34.70,  34.74,  34.71,  34.73,  34.77,  34.74,  34.72,  34.75,  34.77,  34.71,  34.77,  34.77,  34.73,  34.75,  34.71,  34.73,  34.70,  34.70,  34.77,  34.62,  34.72,  34.70,  34.71,  34.69,  34.77,  34.70,  34.69,  34.65,  34.67,  34.70,  34.64
20191119, 0600,  , TD, 14.0N, 131.1E,  25, 1006,    0,    0,    0,    0,    0,    0,    0,    0,    0,    0,    0,    0, -999,  34.85,  34.85,  34.83,  34.79,  34.74,  34.73,  34.73,  34.74,  34.73,  34.74,  34.78,  34.75,  34.74,  34.78,  34.77,  34.77,  34.77,  34.79,  34.78,  34.70,  34.73,  34.72,  34.77,  34.76,  34.76,  34.69,  34.72,  34.70,  34.85,  34.66,  34.82
20191119, 1200,  , TD, 14.7N, 129.9E,  30, 1005,    0,    0,    0,    0,    0,    0,    0,    0,    0,    0,    0,    0, -999,  34.68,  34.70,  34.59,  34.65,  34.66,  34.68,  34.67,  34.68,  34.69,  34.72,  34.71,  34.70,  34.58,  34.54,  34.67,  34.65,  34.62,  34.64,  34.66,  34.67,  34.69,  34.71,  34.74,  34.70,  34.74,  34.75,  34.73,  34.70,  34.95,  34.62,  34.86
20191119, 1800,  , TD, 15.2N, 129.3E,  30, 1004,    0,    0,    0,    0,    0,    0,    0,    0,    0,    0,    0,    0, -999,  34.69,  34.71,  34.64,  34.70,  34.65,  34.68,  34.65,  34.69,  34.72,  34.74,  34.65,  34.73,  34.64,  34.66,  34.70,  34.80,  34.78,  34.77,  34.78,  34.73,  34.75,  34.75,  34.68,  34.72,  34.75,  34.79,  34.74,  34.76,  34.69,  34.61,  34.72
20191120, 0000,  , TD, 16.1N, 128.5E,  30, 1007,    0,    0,    0,    0,    0,    0,    0,    0,    0,    0,    0,    0, -999,  34.77,  34.74,  34.69,  34.72,  34.73,  34.75,  34.75,  34.78,  34.81,  34.77,  34.76,  34.72,  34.73,  34.74,  34.75,  34.74,  34.80,  34.80,  34.78,  34.80,  34.79,  34.81,  34.82,  34.82,  34.80,  34.80,  34.81,  34.79,  34.76,  34.87,  34.73
20191120, 0600,  , TS, 17.9N, 127.8E,  35, 1004,   90,   30,   40,  120,    0,    0,    0,    0,    0,    0,    0,    0, -999,  34.72,  34.74,  34.68,  34.69,  34.75,  34.72,  34.75,  34.76,  34.76,  34.79,  34.82,  34.82,  34.74,  34.71,  34.69,  34.65,  34.75,  34.74,  34.78,  34.77,  34.77,  34.79,  34.80,  34.78,  34.78,  34.79,  34.75,  34.77,  34.77,  34.81,  34.82
20191120, 1200,  , TS, 18.5N, 126.2E,  45,  994,  180,   30,   40,  160,    0,    0,    0,    0,    0,    0,    0,    0, -999,  34.72,  34.72,  34.66,  34.64,  34.62,  34.62,  34.66,  34.64,  34.64,  34.65,  34.69,  34.66,  34.63,  34.69,  34.72,  34.71,  34.73,  34.74,  34.75,  34.68,  34.75,  34.69,  34.70,  34.67,  34.72,  34.75,  34.76,  34.76,  34.78,  34.77,  34.77
20191120, 1800,  , TS, 19.5N, 125.4E,  55,  990,  180,   40,   50,  150,   99,    0,   17,   80,    0,    0,    0,    0, -999,  34.74,  34.73,  34.76,  34.75,  34.74,  34.73,  34.73,  34.73,  34.70,  34.69,  34.70,  34.73,  34.70,  34.72,  34.71,  34.68,  34.66,  34.72,  34.72,  34.73,  34.73,  34.74,  34.74,  34.69,  34.71,  34.71,  34.71,  34.70,  34.65,  34.60,  34.69
20191121, 0000,  , HU, 19.9N, 124.6E,  65,  988,  120,   60,   60,  100,   62,   24,   24,   49,   32,   11,   11,   25, -999,  34.73,  34.70,  34.71,  34.71,  34.72,  34.73,  34.74,  34.71,  34.70,  34.75,  34.72,  34.59,  34.63,  34.69,  34.60,  34.59,  34.78,  34.78,  34.69,  34.65,  34.73,  34.68,  34.59,  34.56,  34.53,  34.54,  34.57,  34.56,  34.59,  34.57,  34.56
20191121, 0600,  , HU, 20.5N, 124.3E,  65,  989,  120,   60,   60,  100,   62,   24,   24,   49,   32,   11,   11,   25, -999,  34.78,  34.77,  34.77,  34.76,  34.77,  34.74,  34.74,  34.76,  34.72,  34.74,  34.70,  34.59,  34.55,  34.57,  34.58,  34.57,  34.76,  34.77,  34.72,  34.67,  34.76,  34.77,  34.72,  34.71,  34.72,  34.71,  34.71,  34.64,  34.66,  34.55,  34.55
20191121, 1200,  , TS, 21.3N, 124.2E,  60,  991,  100,   70,   70,   80,   49,   30,   30,   36,    0,    0,    0,    0, -999,  34.80,  34.79,  34.81,  34.83,  34.82,  34.79,  34.80,  34.79,  34.77,  34.80,  34.81,  34.79,  34.76,  34.73,  34.71,  34.70,  34.74,  34.76,  34.72,  34.74,  34.75,  34.73,  34.73,  34.75,  34.74,  34.71,  34.74,  34.77,  34.74,  34.73,  34.75
20191121, 1800,  , TS, 22.1N, 124.3E,  60,  992,  100,   60,   60,   70,   49,   24,   24,   30,    0,    0,    0,    0, -999,  34.61,  34.63,  34.68,  34.71,  34.74,  34.75,  34.75,  34.72,  34.67,  34.68,  34.68,  34.68,  34.67,  34.66,  34.67,  34.64,  34.63,  34.62,  34.64,  34.66,  34.65,  34.63,  34.63,  34.65,  34.66,  34.66,  34.65,  34.65,  34.61,  34.62,  34.62
20191122, 0000,  , TS, 23.0N, 124.9E,  55,  997,  100,   60,   60,   70,   49,   23,   23,   30,    0,    0,    0,    0, -999,  34.64,  34.61,  34.65,  34.67,  34.66,  34.66,  34.64,  34.67,  34.68,  34.66,  34.61,  34.59,  34.62,  34.63,  34.62,  34.60,  34.61,  34.64,  34.62,  34.62,  34.65,  34.67,  34.68,  34.64,  34.64,  34.66,  34.66,  34.64,  34.64,  34.64,  34.64
20191122, 0600,  , TS, 23.9N, 125.2E,  45, 1002,  100,   60,   60,   60,    0,    0,    0,    0,    0,    0,    0,    0, -999,  34.66,  34.67,  34.68,  34.67,  34.62,  34.60,  34.64,  34.64,  34.70,  34.69,  34.69,  34.70,  34.71,  34.72,  34.71,  34.67,  34.65,  34.63,  34.63,  34.61,  34.60,  34.60,  34.60,  34.60,  34.60,  34.61,  34.62,  34.61,  34.61,  34.61,  34.60
20191122, 1200,  , TD, 24.6N, 125.4E,  30, 1008,    0,    0,    0,    0,    0,    0,    0,    0,    0,    0,    0,    0, -999,  34.57,  34.57,  34.57,  34.58,  34.60,  34.61,  34.63,  34.69,  34.70,  34.72,  34.66,  34.63,  34.64,  34.66,  34.60,  34.62,  34.64,  34.61,  34.59,  34.60,  34.61,  34.62,  34.59,  34.60,  34.62,  34.63,  34.66,  34.67,  34.68,  34.67,  34.66
20191122, 1800,  , TD, 25.0N, 125.4E,  30, 1005,    0,    0,    0,    0,    0,    0,    0,    0,    0,    0,    0,    0, -999,  34.59,  34.59,  34.60,  34.60,  34.60,  34.60,  34.61,  34.61,  34.61,  34.62,  34.60,  34.59,  34.60,  34.59,  34.62,  34.59,  34.58,  34.59,  34.57,  34.58,  34.58,  34.62,  34.59,  34.59,  34.59,  34.59,  34.61,  34.64,  34.65,  34.67,  34.67
20191123, 0000,  , TD, 25.1N, 125.5E,  25, 1010,    0,    0,    0,    0,    0,    0,    0,    0,    0,    0,    0,    0, -999,  34.59,  34.60,  34.60,  34.60,  34.60,  34.61,  34.61,  34.61,  34.62,  34.60,  34.59,  34.60,  34.59,  34.62,  34.59,  34.58,  34.59,  34.57,  34.58,  34.58,  34.62,  34.59,  34.59,  34.59,  34.59,  34.61,  34.64,  34.65,  34.67,  34.67,  34.66
20191123, 0600,  , DB, 25.3N, 125.7E,  20, 1012,    0,    0,    0,    0,    0,    0,    0,    0,    0,    0,    0,    0, -999,  34.62,  34.61,  34.60,  34.61,  34.62,  34.62,  34.61,  34.60,  34.61,  34.62,  34.62,  34.62,  34.60,  34.58,  34.57,  34.58,  34.59,  34.58,  34.60,  34.58,  34.57,  34.57,  34.57,  34.57,  34.59,  34.60,  34.65,  34.68,  34.67,  34.66,  34.65
20191123, 1200,  , DB, 25.9N, 125.9E,  20, 1012,    0,    0,    0,    0,    0,    0,    0,    0,    0,    0,    0,    0, -999,  34.73,  34.74,  34.73,  34.70,  34.63,  34.61,  34.61,  34.60,  34.59,  34.58,  34.59,  34.57,  34.57,  34.57,  34.56,  34.59,  34.57,  34.56,  34.54,  34.55,  34.55,  34.56,  34.57,  34.57,  34.58,  34.60,  34.60,  34.60,  34.60,  34.62,  34.64
