WP291995,            UNNAMED,     74,
19951020, 0600,  , LO,  5.0N, 176.5E,  15,    0,    0,    0,    0,    0,    0,    0,    0,    0,    0,    0,    0,    0, -999,  29.35,  29.31,  29.37,  29.31,  29.26,  29.31,  29.18,  29.40,  29.30,  29.34,  29.43,  29.40,  29.36,  29.28,  29.04,  28.98,  28.75,  29.07,  29.15,  29.30,  29.22,  28.84,  29.18,  28.81,  28.77,  28.70,  28.96,  28.73,  28.78,  28.75,  28.67
19951020, 1200,  , LO,  5.0N, 175.1E,  15,    0,    0,    0,    0,    0,    0,    0,    0,    0,    0,    0,    0,    0, -999,  29.47,  29.64,  29.71,  29.74,  29.35,  29.24,  29.20,  29.28,  29.40,  29.35,  29.47,  29.25,  29.25,  28.98,  28.95,  28.88,  28.95,  29.13,  29.11,  29.22,  29.44,  29.38,  29.36,  29.06,  29.21,  29.12,  29.37,  28.86,  28.73,  28.51,  28.21
19951020, 1800,  , LO,  5.0N, 173.5E,  15,    0,    0,    0,    0,    0,    0,    0,    0,    0,    0,    0,    0,    0, -999,  29.17,  29.14,  29.37,  29.54,  29.66,  29.58,  29.28,  28.94,  28.67,  28.72,  28.97,  28.85,  28.95,  28.85,  28.79,  28.77,  28.75,  29.58,  29.67,  29.73,  28.38,  28.29,  28.09,  27.43,  28.79,  28.86,  29.19,  29.13,  29.14,  29.02,  28.73
19951021, 0000,  , LO,  5.2N, 172.0E,  15,    0,    0,    0,    0,    0,    0,    0,    0,    0,    0,    0,    0,    0, -999,  28.91,  28.98,  29.07,  29.15,  29.29,  29.05,  28.74,  28.94,  28.99,  29.51,  29.52,  29.25,  28.99,  28.47,  28.47,  28.31,  28.39,  28.15,  27.96,  27.68,  27.52,  28.39,  29.04,  29.25,  29.10,  29.51,  29.55,  29.26,  28.13,  27.51,  27.43
19951021, 0600,  , LO,  5.6N, 170.7E,  15,    0,    0,    0,    0,    0,    0,    0,    0,    0,    0,    0,    0,    0, -999,  29.87,  29.91,  29.87,  29.89,  29.58,  29.37,  29.19,  29.44,  29.72,  29.87,  29.56,  29.40,  29.49,  28.32,  28.46,  28.02,  27.73,  27.83,  28.26,  28.53,  28.77,  29.36,  29.55,  28.59,  28.51,  28.17,  27.95,  27.92,  27.97,  27.61,  27.70
19951021, 1200,  , LO,  6.1N, 169.4E,  15,    0,    0,    0,    0,    0,    0,    0,    0,    0,    0,    0,    0,    0, -999,  29.99,  29.61,  29.51,  29.60,  29.29,  29.33,  29.40,  29.63,  29.68,  29.92,  29.68,  29.54,  29.48,  29.05,  28.98,  28.98,  29.01,  29.02,  29.09,  29.13,  29.28,  29.54,  29.57,  29.00,  28.92,  28.84,  28.82,  28.86,  28.88,  28.75,  28.90
19951021, 1800,  , LO,  6.5N, 168.3E,  15,    0,    0,    0,    0,    0,    0,    0,    0,    0,    0,    0,    0,    0, -999,  29.91,  29.54,  29.48,  29.51,  29.30,  29.34,  29.58,  29.71,  29.90,  29.74,  29.61,  29.45,  29.31,  29.03,  29.02,  29.22,  29.54,  29.80,  29.80,  29.70,  29.59,  29.61,  29.32,  29.18,  29.16,  29.24,  29.47,  29.18,  29.32,  29.09,  28.93
19951022, 0000,  , LO,  7.0N, 167.0E,  15,    0,    0,    0,    0,    0,    0,    0,    0,    0,    0,    0,    0,    0, -999,  29.21,  29.23,  29.39,  29.44,  29.62,  29.66,  29.48,  29.41,  29.51,  29.41,  29.34,  29.38,  29.51,  29.65,  29.77,  29.48,  29.49,  29.48,  29.35,  29.34,  29.33,  29.33,  29.49,  29.50,  29.45,  29.62,  29.23,  29.18,  29.04,  29.08,  29.10
19951022, 0600,  , LO,  7.3N, 165.7E,  15,    0,    0,    0,    0,    0,    0,    0,    0,    0,    0,    0,    0,    0, -999,  29.25,  29.24,  29.35,  29.55,  29.58,  29.39,  29.49,  29.46,  29.55,  29.38,  29.55,  29.74,  29.67,  29.51,  29.49,  29.48,  29.40,  29.36,  29.37,  29.40,  29.39,  29.33,  29.63,  29.75,  29.53,  29.59,  29.34,  29.34,  29.26,  29.29,  29.39
19951022, 1200,  , LO,  7.5N, 164.5E,  15,    0,    0,    0,    0,    0,    0,    0,    0,    0,    0,    0,    0,    0, -999,  29.30,  29.24,  29.48,  29.55,  29.80,  29.68,  29.64,  29.58,  29.65,  29.64,  29.71,  29.50,  29.53,  29.59,  29.46,  29.30,  29.20,  29.28,  29.34,  29.63,  29.63,  29.55,  29.46,  29.50,  29.54,  29.61,  29.33,  29.21,  29.03,  29.28,  29.47
19951022, 1800,  , LO,  7.7N, 163.4E,  15,    0,    0,    0,    0,    0,    0,    0,    0,    0,    0,    0,    0,    0, -999,  29.56,  29.54,  29.63,  29.67,  29.94,  29.84,  29.83,  29.68,  29.59,  29.64,  29.63,  29.59,  29.64,  29.55,  29.25,  29.14,  29.10,  29.05,  28.97,  29.33,  29.23,  29.33,  29.46,  29.39,  29.44,  29.55,  29.34,  29.37,  29.15,  29.11,  29.36
19951023, 0000,  , LO,  7.9N, 161.9E,  15,    0,    0,    0,    0,    0,    0,    0,    0,    0,    0,    0,    0,    0, -999,  29.66,  29.60,  29.59,  29.68,  29.76,  29.73,  29.63,  28.46,  28.62,  29.31,  29.20,  29.27,  29.20,  29.02,  28.68,  28.73,  28.44,  28.83,  29.19,  29.19,  29.22,  29.19,  29.29,  29.30,  29.27,  29.30,  29.30,  29.19,  29.35,  29.43,  29.54
19951023, 0600,  , LO,  8.1N, 160.2E,  15,    0,    0,    0,    0,    0,    0,    0,    0,    0,    0,    0,    0,    0, -999,  29.29,  29.27,  29.27,  29.07,  28.77,  28.79,  28.99,  29.09,  29.32,  29.32,  29.17,  29.25,  29.14,  29.06,  29.09,  29.07,  28.99,  28.97,  29.34,  29.18,  29.13,  28.96,  28.87,  28.64,  28.58,  28.92,  29.02,  28.87,  29.06,  29.10,  28.97
19951023, 1200,  , LO,  8.4N, 158.3E,  15,    0,    0,    0,    0,    0,    0,    0,    0,    0,    0,    0,    0,    0, -999,  29.30,  29.33,  29.27,  29.16,  29.06,  29.40,  29.46,  29.40,  29.51,  29.20,  29.02,  29.07,  29.02,  29.08,  29.05,  29.00,  28.96,  29.01,  29.12,  28.41,  27.99,  27.32,  27.43,  27.50,  27.79,  28.76,  28.92,  28.54,  28.63,  28.90,  28.72
19951023, 1800,  , LO,  8.7N, 156.3E,  15,    0,    0,    0,    0,    0,    0,    0,    0,    0,    0,    0,    0,    0, -999,  29.85,  29.90,  29.84,  29.73,  29.64,  29.66,  29.74,  29.72,  29.59,  29.43,  29.60,  29.55,  29.51,  29.62,  29.47,  29.52,  29.28,  29.12,  29.09,  29.07,  29.02,  29.07,  29.20,  29.46,  29.56,  29.73,  29.69,  29.10,  29.28,  29.22,  29.17
19951024, 0000,  , LO,  9.0N, 154.5E,  15,    0,    0,    0,    0,    0,    0,    0,    0,    0,    0,    0,    0,    0, -999,  29.59,  29.54,  29.62,  29.56,  29.53,  29.52,  29.78,  29.87,  29.91,  30.00,  29.88,  29.83,  29.79,  29.71,  29.75,  29.36,  29.22,  29.19,  29.19,  29.13,  29.19,  29.20,  29.34,  29.26,  29.31,  29.12,  28.98,  29.00,  28.89,  28.91,  28.40
19951024, 0600,  , LO,  9.3N, 152.9E,  20,    0,    0,    0,    0,    0,    0,    0,    0,    0,    0,    0,    0,    0, -999,  29.25,  29.29,  29.41,  29.43,  29.55,  29.35,  29.46,  29.57,  29.69,  29.79,  29.59,  29.37,  29.49,  29.55,  29.64,  29.59,  29.51,  29.59,  29.59,  29.56,  29.52,  29.41,  29.43,  29.34,  29.40,  29.36,  29.26,  29.17,  29.10,  29.06,  29.00
19951024, 1200,  , LO,  9.7N, 151.4E,  20,    0,    0,    0,    0,    0,    0,    0,    0,    0,    0,    0,    0,    0, -999,  28.94,  28.77,  28.82,  28.80,  28.95,  29.04,  29.23,  29.33,  29.29,  29.34,  29.06,  28.87,  28.87,  29.07,  29.21,  29.25,  29.24,  29.26,  29.29,  29.31,  29.18,  29.04,  29.07,  28.92,  28.94,  29.14,  29.30,  29.26,  29.10,  29.01,  28.91
19951024, 1800,  , LO, 10.0N, 150.0E,  20,    0,    0,    0,    0,    0,    0,    0,    0,    0,    0,    0,    0,    0, -999,  29.05,  28.99,  29.07,  29.05,  29.02,  29.04,  29.15,  29.23,  29.15,  29.21,  29.15,  29.16,  28.99,  29.28,  29.37,  29.45,  29.48,  29.23,  29.05,  28.94,  28.85,  28.81,  29.03,  29.05,  29.10,  29.28,  29.60,  29.43,  29.12,  29.00,  28.91
19951025, 0000,  , LO, 10.1N, 149.0E,  20,    0,    0,    0,    0,    0,    0,    0,    0,    0,    0,    0,    0,    0, -999,  29.37,  29.47,  29.51,  29.52,  29.57,  29.70,  29.71,  29.62,  29.52,  29.53,  29.58,  29.53,  29.57,  29.56,  29.59,  29.57,  29.16,  28.86,  28.66,  28.63,  28.64,  29.12,  29.17,  28.60,  28.59,  29.93,  29.71,  29.54,  29.41,  29.29,  29.15
19951025, 0600,  , LO, 10.2N, 148.2E,  20,    0,    0,    0,    0,    0,    0,    0,    0,    0,    0,    0,    0,    0, -999,  29.35,  29.38,  29.34,  29.27,  29.18,  29.23,  29.17,  29.16,  29.17,  29.31,  29.43,  29.58,  29.59,  29.42,  29.39,  29.28,  28.92,  28.72,  28.26,  28.54,  28.48,  28.99,  29.12,  29.12,  29.33,  29.84,  29.71,  29.51,  29.41,  29.30,  29.06
19951025, 1200,  , LO, 10.2N, 147.5E,  25,    0,    0,    0,    0,    0,    0,    0,    0,    0,    0,    0,    0,    0, -999,  29.55,  29.60,  29.61,  29.52,  29.45,  29.41,  29.29,  29.26,  29.20,  29.32,  29.23,  29.28,  29.34,  29.32,  29.27,  29.11,  28.87,  28.69,  28.50,  28.58,  28.64,  28.90,  28.97,  28.91,  29.16,  29.58,  29.51,  29.33,  29.23,  29.18,  28.96
19951025, 1800,  , LO, 10.2N, 146.5E,  30,    0,    0,    0,    0,    0,    0,    0,    0,    0,    0,    0,    0,    0, -999,  29.34,  29.31,  29.28,  29.08,  28.90,  29.04,  28.84,  28.84,  28.81,  29.08,  29.14,  29.20,  29.41,  29.36,  29.43,  29.23,  28.83,  28.71,  28.66,  28.79,  29.01,  29.38,  29.31,  29.38,  29.35,  29.53,  29.34,  29.21,  29.23,  29.31,  29.12
19951026, 0000,  , TS, 10.4N, 145.4E,  35,    0,    0,    0,    0,    0,    0,    0,    0,    0,    0,    0,    0,    0, -999,  29.43,  29.42,  29.35,  29.32,  29.30,  28.94,  28.74,  28.63,  28.80,  28.83,  28.96,  29.28,  29.17,  29.30,  29.16,  28.86,  28.59,  28.54,  28.54,  28.87,  29.12,  29.07,  29.09,  29.04,  29.26,  29.13,  29.12,  29.19,  29.29,  29.18,  29.21
19951026, 0600,  , TS, 10.9N, 144.3E,  40,    0,    0,    0,    0,    0,    0,    0,    0,    0,    0,    0,    0,    0, -999,  28.07,  28.01,  28.22,  28.40,  29.02,  28.98,  28.88,  28.92,  29.01,  28.90,  29.01,  29.25,  29.16,  29.16,  29.10,  29.07,  28.89,  28.74,  28.64,  28.64,  28.78,  28.78,  28.79,  28.75,  29.10,  28.95,  29.02,  29.00,  29.23,  29.18,  29.14
19951026, 1200,  , TS, 11.4N, 143.2E,  40,    0,    0,    0,    0,    0,    0,    0,    0,    0,    0,    0,    0,    0, -999,  29.03,  28.66,  28.84,  28.30,  28.64,  28.95,  28.52,  29.25,  29.32,  29.16,  28.96,  28.99,  29.23,  29.23,  29.22,  29.16,  29.10,  29.04,  29.10,  29.07,  29.07,  28.96,  28.90,  28.55,  28.78,  28.87,  29.01,  28.98,  29.11,  29.12,  29.06
19951026, 1800,  , TS, 11.8N, 142.2E,  45,    0,    0,    0,    0,    0,    0,    0,    0,    0,    0,    0,    0,    0, -999,  27.97,  28.04,  28.80,  28.33,  29.26,  28.30,  29.02,  28.66,  29.46,  29.41,  29.36,  29.42,  29.37,  29.33,  29.38,  29.30,  29.16,  29.09,  29.08,  28.61,  29.13,  27.85,  28.34,  28.12,  27.97,  28.56,  27.65,  27.68,  28.83,  28.84,  28.99
19951027, 0000,  , TS, 12.1N, 141.6E,  50,    0,    0,    0,    0,    0,    0,    0,    0,    0,    0,    0,    0,    0, -999,  28.50,  29.27,  29.03,  28.63,  29.08,  29.30,  29.39,  29.28,  29.10,  28.20,  28.48,  28.55,  29.34,  29.37,  29.31,  29.23,  28.98,  29.11,  28.70,  28.37,  28.36,  28.56,  29.36,  28.86,  28.57,  27.60,  27.50,  27.58,  27.39,  28.04,  28.82
19951027, 0600,  , TS, 12.3N, 140.9E,  55,    0,    0,    0,    0,    0,    0,    0,    0,    0,    0,    0,    0,    0, -999,  29.07,  28.00,  28.17,  28.07,  28.00,  28.17,  27.96,  27.72,  27.98,  27.98,  28.27,  28.49,  28.47,  28.44,  28.54,  28.17,  28.41,  28.20,  28.46,  28.38,  28.44,  28.58,  29.28,  28.05,  28.80,  28.33,  28.27,  28.13,  27.66,  27.79,  27.60
19951027, 1200,  , TS, 12.5N, 140.4E,  60,    0,    0,    0,    0,    0,    0,    0,    0,    0,    0,    0,    0,    0, -999,  29.20,  29.39,  28.16,  28.34,  27.89,  28.23,  28.41,  28.29,  28.33,  28.27,  28.10,  28.45,  28.43,  28.39,  28.24,  28.13,  28.26,  28.17,  28.14,  28.12,  28.25,  27.76,  27.97,  27.67,  27.80,  28.27,  28.32,  28.62,  28.63,  28.28,  28.28
19951027, 1800,  , TS, 12.8N, 139.7E,  60,    0,    0,    0,    0,    0,    0,    0,    0,    0,    0,    0,    0,    0, -999,  29.29,  29.34,  29.15,  29.37,  27.81,  28.31,  28.92,  29.19,  29.38,  28.86,  28.32,  28.50,  28.17,  27.92,  28.48,  29.35,  29.34,  28.16,  28.33,  27.65,  27.96,  27.30,  28.01,  27.77,  27.54,  27.61,  27.77,  27.70,  29.11,  27.74,  27.94
19951028, 0000,  , HU, 13.0N, 138.9E,  65,    0,    0,    0,    0,    0,    0,    0,    0,    0,    0,    0,    0,    0, -999,  29.31,  29.36,  29.35,  29.24,  29.39,  29.51,  29.45,  29.25,  29.22,  29.00,  29.27,  29.05,  28.20,  28.24,  28.54,  29.11,  27.83,  27.98,  28.23,  28.35,  27.66,  27.98,  28.17,  28.15,  27.58,  27.91,  28.17,  28.25,  28.41,  28.01,  28.10
19951028, 0600,  , HU, 13.1N, 138.2E,  70,    0,    0,    0,    0,    0,    0,    0,    0,    0,    0,    0,    0,    0, -999,  29.25,  29.44,  29.42,  29.10,  29.57,  29.55,  29.45,  29.46,  29.45,  29.22,  29.19,  28.28,  29.24,  28.24,  28.01,  28.42,  27.97,  26.21,  27.56,  28.92,  28.15,  28.03,  27.94,  28.34,  28.10,  27.99,  27.85,  28.08,  28.01,  27.87,  27.95
19951028, 1200,  , HU, 12.9N, 137.9E,  70,    0,    0,    0,    0,    0,    0,    0,    0,    0,    0,    0,    0,    0, -999,  29.14,  29.27,  29.26,  29.35,  29.45,  29.54,  29.42,  29.37,  29.42,  29.49,  29.48,  29.18,  28.79,  27.93,  28.38,  27.92,  27.12,  25.16,  26.58,  27.64,  26.38,  28.95,  27.84,  28.46,  28.30,  28.01,  28.34,  28.17,  28.14,  28.12,  28.21
19951028, 1800,  , HU, 12.7N, 137.9E,  75,    0,    0,    0,    0,    0,    0,    0,    0,    0,    0,    0,    0,    0, -999,  29.19,  29.32,  29.31,  29.35,  29.34,  29.41,  29.26,  29.27,  29.32,  29.38,  29.45,  29.18,  29.08,  27.63,  27.81,  27.86,  27.08,  25.55,  26.04,  27.24,  26.27,  27.48,  27.63,  28.74,  28.55,  28.77,  28.60,  28.62,  28.34,  27.88,  28.23
19951029, 0000,  , HU, 12.7N, 138.0E,  75,    0,    0,    0,    0,    0,    0,    0,    0,    0,    0,    0,    0,    0, -999,  29.38,  29.29,  29.30,  29.33,  29.35,  29.24,  29.30,  29.31,  29.30,  29.26,  28.48,  28.14,  27.59,  28.67,  28.46,  27.31,  24.11,  27.34,  26.09,  26.98,  27.64,  28.17,  29.06,  28.75,  28.16,  28.23,  28.33,  28.25,  28.13,  28.40,  27.71
19951029, 0600,  , HU, 12.5N, 138.0E,  75,    0,    0,    0,    0,    0,    0,    0,    0,    0,    0,    0,    0,    0, -999,  29.30,  29.23,  29.15,  29.25,  29.22,  29.15,  29.26,  29.28,  29.24,  29.29,  29.11,  27.91,  27.58,  28.94,  29.23,  27.63,  24.17,  27.12,  25.33,  27.58,  28.07,  28.05,  28.90,  28.70,  28.63,  28.24,  28.91,  28.14,  28.16,  28.65,  27.71
19951029, 1200,  , HU, 12.1N, 137.9E,  75,    0,    0,    0,    0,    0,    0,    0,    0,    0,    0,    0,    0,    0, -999,  29.20,  29.10,  29.03,  29.21,  28.90,  28.97,  29.14,  29.07,  29.13,  29.15,  29.09,  29.07,  29.02,  29.16,  29.24,  29.25,  25.13,  26.20,  27.77,  28.28,  26.78,  27.20,  27.26,  26.73,  27.07,  27.12,  27.81,  28.63,  28.44,  28.91,  28.79
19951029, 1800,  , HU, 11.8N, 137.5E,  75,    0,    0,    0,    0,    0,    0,    0,    0,    0,    0,    0,    0,    0, -999,  29.19,  29.09,  28.99,  29.06,  28.84,  28.90,  29.16,  29.11,  29.18,  29.16,  29.16,  29.14,  29.07,  29.17,  29.22,  29.24,  27.20,  26.39,  29.09,  28.45,  28.28,  27.73,  27.42,  26.99,  26.99,  27.20,  28.06,  28.75,  28.50,  28.36,  27.45
19951030, 0000,  , HU, 11.7N, 136.6E,  75,    0,    0,    0,    0,    0,    0,    0,    0,    0,    0,    0,    0,    0, -999,  29.10,  29.05,  29.04,  28.94,  28.84,  29.07,  29.05,  29.13,  29.09,  29.33,  29.32,  29.15,  29.09,  29.00,  29.12,  29.29,  27.81,  29.13,  29.03,  29.01,  29.12,  28.06,  27.71,  28.36,  28.49,  28.81,  28.64,  28.48,  28.60,  28.72,  28.85
19951030, 0600,  , HU, 11.7N, 135.9E,  75,    0,    0,    0,    0,    0,    0,    0,    0,    0,    0,    0,    0,    0, -999,  29.44,  29.44,  29.41,  29.34,  29.26,  29.25,  29.09,  28.91,  28.84,  29.26,  29.29,  29.13,  29.10,  29.06,  29.16,  29.27,  26.67,  28.71,  28.67,  29.11,  29.46,  28.93,  28.63,  28.47,  28.40,  28.68,  28.74,  28.69,  28.59,  28.69,  28.66
19951030, 1200,  , HU, 11.7N, 135.1E,  85,    0,    0,    0,    0,    0,    0,    0,    0,    0,    0,    0,    0,    0, -999,  29.45,  29.37,  29.46,  29.44,  29.29,  29.28,  29.08,  28.88,  28.90,  29.32,  29.21,  29.28,  29.32,  29.27,  29.27,  29.28,  26.04,  29.08,  29.11,  29.06,  29.30,  29.09,  28.84,  28.83,  28.59,  28.79,  28.66,  27.96,  28.56,  28.52,  28.34
19951030, 1800,  , HU, 11.8N, 134.3E,  90,    0,    0,    0,    0,    0,    0,    0,    0,    0,    0,    0,    0,    0, -999,  29.47,  29.45,  29.42,  29.33,  29.24,  29.31,  29.32,  29.13,  28.77,  29.21,  29.27,  29.33,  29.33,  29.29,  29.30,  29.39,  28.91,  27.17,  26.39,  28.01,  29.45,  29.34,  29.30,  29.11,  28.68,  28.80,  28.72,  28.53,  28.16,  28.35,  28.35
19951031, 0000,  , HU, 11.9N, 133.4E,  90,    0,    0,    0,    0,    0,    0,    0,    0,    0,    0,    0,    0,    0, -999,  29.02,  29.39,  29.48,  29.39,  29.39,  29.34,  29.32,  29.28,  29.43,  29.45,  29.50,  29.37,  29.21,  29.05,  29.20,  29.10,  25.52,  28.72,  27.10,  28.15,  26.27,  27.04,  26.87,  26.79,  27.11,  26.99,  27.64,  28.72,  28.63,  28.38,  28.46
19951031, 0600,  , HU, 12.0N, 132.4E,  90,    0,    0,    0,    0,    0,    0,    0,    0,    0,    0,    0,    0,    0, -999,  28.98,  28.98,  29.20,  29.41,  29.41,  29.37,  29.41,  29.29,  29.39,  29.37,  29.50,  29.41,  29.26,  29.03,  29.27,  29.26,  26.41,  28.71,  26.56,  28.52,  27.21,  27.69,  26.96,  27.03,  27.46,  27.50,  27.93,  27.64,  27.61,  27.47,  28.52
19951031, 1200,  , HU, 12.2N, 131.3E, 115,    0,    0,    0,    0,    0,    0,    0,    0,    0,    0,    0,    0,    0, -999,  29.10,  29.16,  29.23,  29.35,  29.40,  29.38,  29.34,  29.28,  29.40,  29.35,  29.42,  29.36,  29.39,  29.48,  29.49,  29.45,  28.26,  29.23,  28.42,  28.98,  27.33,  27.86,  27.45,  27.28,  27.19,  27.53,  27.72,  27.84,  28.36,  29.09,  29.06
19951031, 1800,  , HU, 12.4N, 130.4E, 135,    0,    0,    0,    0,    0,    0,    0,    0,    0,    0,    0,    0,    0, -999,  28.89,  28.94,  29.21,  29.48,  29.77,  29.52,  29.50,  29.49,  29.54,  29.37,  29.35,  29.32,  29.35,  29.50,  29.49,  29.29,  29.35,  26.43,  29.16,  28.84,  28.88,  28.71,  28.62,  27.98,  28.57,  28.39,  28.90,  29.18,  28.75,  28.47,  28.16
19951101, 0000,  , HU, 12.7N, 129.6E, 155,    0,    0,    0,    0,    0,    0,    0,    0,    0,    0,    0,    0,    0, -999,  28.76,  28.86,  28.99,  29.12,  28.93,  29.08,  29.31,  29.38,  29.50,  29.69,  29.47,  29.31,  29.32,  29.29,  29.15,  29.32,  25.23,  27.76,  27.71,  28.76,  28.42,  28.73,  27.93,  28.15,  28.08,  28.42,  28.43,  28.77,  28.36,  28.51,  28.22
19951101, 0600,  , HU, 13.4N, 128.9E, 155,    0,    0,    0,    0,    0,    0,    0,    0,    0,    0,    0,    0,    0, -999,  29.26,  29.20,  29.32,  29.18,  28.91,  29.05,  29.26,  29.35,  29.36,  29.39,  29.14,  29.29,  29.40,  29.48,  29.25,  28.97,  26.41,  28.95,  26.69,  27.08,  27.25,  28.07,  28.62,  28.41,  28.10,  28.14,  27.97,  28.79,  28.72,  28.62,  28.36
19951101, 1200,  , HU, 14.0N, 128.1E, 155,    0,    0,    0,    0,    0,    0,    0,    0,    0,    0,    0,    0,    0, -999,  29.13,  28.98,  29.04,  29.03,  29.02,  29.14,  29.33,  29.44,  29.49,  29.45,  29.50,  29.49,  29.39,  29.37,  29.24,  28.95,  28.55,  28.23,  28.77,  28.79,  27.46,  28.13,  27.68,  28.65,  28.66,  28.70,  28.71,  28.73,  28.63,  28.61,  28.76
19951101, 1800,  , HU, 14.3N, 127.0E, 155,    0,    0,    0,    0,    0,    0,    0,    0,    0,    0,    0,    0,    0, -999,  28.91,  28.90,  28.98,  29.15,  29.08,  29.32,  29.37,  29.33,  29.18,  29.20,  29.33,  29.34,  29.31,  29.25,  29.20,  29.04,  28.39,  27.73,  27.33,  27.62,  26.72,  27.67,  27.00,  27.78,  27.55,  28.02,  28.04,  28.32,  28.75,  29.23,  28.98
19951102, 0000,  , HU, 14.2N, 126.0E, 155,    0,    0,    0,    0,    0,    0,    0,    0,    0,    0,    0,    0,    0, -999,  28.83,  28.75,  28.80,  28.91,  29.02,  29.04,  29.13,  29.13,  29.09,  29.05,  29.04,  29.08,  29.02,  29.13,  28.96,  28.97,  26.52,  27.87,  27.38,  27.25,  27.62,  27.40,  27.36,  27.42,  28.03,  28.09,  27.91,  28.07,  28.75,  29.20,  28.14
19951102, 0600,  , HU, 14.2N, 125.1E, 155,    0,    0,    0,    0,    0,    0,    0,    0,    0,    0,    0,    0,    0, -999,  29.14,  29.20,  29.23,  29.25,  29.13,  28.98,  29.11,  29.32,  29.33,  29.24,  29.18,  29.15,  29.17,  29.18,  28.97,  29.04,  27.23,  28.93,  27.50,  28.20,  27.38,  27.05,  26.90,  26.94,  27.41,  27.35,  27.86,  28.91,  29.16,  29.20,  29.01
19951102, 1200,  , HU, 14.1N, 124.1E, 155,    0,    0,    0,    0,    0,    0,    0,    0,    0,    0,    0,    0,    0, -999,    nan,    nan,    nan,    nan,    nan,    nan,    nan,    nan,    nan,    nan,    nan,    nan,    nan,    nan,    nan,    nan,    nan,    nan,    nan,    nan,    nan,    nan,    nan,    nan,    nan,    nan,    nan,    nan,    nan,    nan,    nan
19951102, 1800,  , HU, 14.1N, 123.1E, 140,    0,    0,    0,    0,    0,    0,    0,    0,    0,    0,    0,    0,    0, -999,    nan,    nan,    nan,    nan,    nan,    nan,    nan,    nan,    nan,    nan,    nan,    nan,    nan,    nan,    nan,    nan,    nan,    nan,    nan,    nan,    nan,    nan,    nan,    nan,    nan,    nan,    nan,    nan,    nan,    nan,    nan
19951103, 0000,  , HU, 14.3N, 121.6E, 140,    0,    0,    0,    0,    0,    0,    0,    0,    0,    0,    0,    0,    0, -999,    nan,    nan,    nan,    nan,    nan,    nan,    nan,    nan,    nan,    nan,    nan,    nan,    nan,    nan,    nan,    nan,    nan,    nan,    nan,    nan,    nan,    nan,    nan,    nan,    nan,    nan,    nan,    nan,    nan,    nan,    nan
19951103, 0600,  , HU, 14.5N, 120.1E, 120,    0,    0,    0,    0,    0,    0,    0,    0,    0,    0,    0,    0,    0, -999,  25.88,  25.84,  26.51,  26.96,  27.31,  27.57,  27.73,  27.76,  27.06,  27.51,  27.48,  27.47,  27.21,  26.92,  26.89,  27.02,  26.64,  27.44,  27.15,  26.81,  26.28,  27.47,  27.47,  27.10,  27.64,  27.64,  27.70,  27.59,  27.47,  27.64,  27.86
19951103, 1200,  , HU, 14.6N, 119.0E, 125,    0,    0,    0,    0,    0,    0,    0,    0,    0,    0,    0,    0,    0, -999,  27.12,  26.81,  26.87,  27.04,  27.43,  27.37,  27.90,  28.14,  28.01,  28.06,  27.90,  28.02,  28.05,  28.36,  28.09,  27.99,  28.08,  28.22,  28.28,  27.43,  25.77,  27.42,  27.36,  27.30,  28.08,  28.03,  28.12,  27.87,  27.84,  27.55,  28.13
19951103, 1800,  , HU, 14.7N, 118.0E, 125,    0,    0,    0,    0,    0,    0,    0,    0,    0,    0,    0,    0,    0, -999,  27.03,  27.82,  27.39,  27.57,  27.23,  27.16,  27.74,  27.95,  27.86,  28.27,  27.80,  28.31,  28.15,  28.31,  28.11,  28.22,  28.05,  23.41,  28.15,  23.67,  24.64,  27.89,  24.59,  27.86,  24.26,  26.54,  25.23,  26.74,  26.66,  27.61,  25.05
19951104, 0000,  , HU, 14.8N, 116.9E, 115,    0,    0,    0,    0,    0,    0,    0,    0,    0,    0,    0,    0,    0, -999,  28.43,  27.55,  27.73,  27.31,  27.39,  28.70,  28.31,  28.26,  28.20,  28.32,  28.16,  28.11,  27.82,  28.02,  27.93,  27.46,  20.43,  27.70,  21.27,  28.20,  23.84,  27.84,  23.76,  27.77,  23.89,  25.09,  23.73,  23.93,  23.94,  24.15,  24.68
19951104, 0600,  , HU, 14.9N, 115.9E, 115,    0,    0,    0,    0,    0,    0,    0,    0,    0,    0,    0,    0,    0, -999,  27.80,  27.80,  28.09,  28.04,  28.35,  28.40,  27.89,  27.62,  27.55,  27.67,  27.80,  27.85,  27.94,  28.12,  28.19,  26.90,  19.56,  26.25,  20.64,  25.35,  22.59,  23.46,  22.48,  23.97,  22.36,  23.94,  23.27,  22.82,  23.46,  23.08,  22.96
19951104, 1200,  , HU, 15.0N, 114.9E, 115,    0,    0,    0,    0,    0,    0,    0,    0,    0,    0,    0,    0,    0, -999,  23.20,  23.75,  26.38,  26.30,  25.72,  28.48,  23.18,  23.57,  23.03,  24.60,  23.42,  21.91,  24.28,  23.76,  24.75,  21.89,  19.40,  19.40,  19.12,  22.40,  21.29,  22.49,  21.50,  20.85,  21.23,  20.36,  20.01,  20.85,  21.56,  21.15,  21.32
19951104, 1800,  , HU, 15.2N, 113.9E, 115,    0,    0,    0,    0,    0,    0,    0,    0,    0,    0,    0,    0,    0, -999,  21.34,  21.02,  20.99,  21.06,  21.14,  21.14,  20.00,  19.56,  19.96,  20.15,  20.21,  20.91,  18.58,  20.11,  21.09,  20.50,  21.34,  19.50,  17.26,  20.71,  18.32,  17.63,  18.23,  17.62,  18.06,  18.02,  19.39,  19.27,  18.92,  19.61,  19.17
19951105, 0000,  , HU, 15.6N, 112.9E, 110,    0,    0,    0,    0,    0,    0,    0,    0,    0,    0,    0,    0,    0, -999,  20.80,  20.71,  20.79,  21.00,  20.74,  19.74,  19.98,  19.11,  18.91,  18.74,  18.92,  18.40,  19.55,  20.91,  19.66,  23.81,  16.77,  19.94,  19.88,  18.85,  21.15,  18.37,  19.26,  19.68,  18.36,  20.12,  18.70,  19.17,  19.74,  19.10,  19.61
19951105, 0600,  , HU, 16.1N, 112.0E, 100,    0,    0,    0,    0,    0,    0,    0,    0,    0,    0,    0,    0,    0, -999,  20.20,  20.24,  20.25,  20.51,  21.99,  21.34,  23.17,  19.93,  23.45,  19.93,  20.39,  19.11,  24.03,  21.41,  20.79,  25.79,  18.82,  22.46,  22.39,  18.73,  22.50,  19.99,  19.95,  21.68,  18.79,  20.37,  21.02,  20.04,  21.00,  21.15,  21.31
19951105, 1200,  , HU, 16.4N, 111.5E,  90,    0,    0,    0,    0,    0,    0,    0,    0,    0,    0,    0,    0,    0, -999,  20.08,  20.07,  19.68,  20.33,  21.27,  21.48,  21.61,  19.77,  20.71,  20.72,  19.84,  20.26,  23.39,  22.52,  23.08,  25.50,  19.51,  23.78,  21.00,  18.95,  22.33,  20.86,  21.22,  22.43,  19.55,  21.71,  21.53,  20.58,  22.13,  21.27,  20.82
19951105, 1800,  , HU, 16.8N, 110.9E,  75,    0,    0,    0,    0,    0,    0,    0,    0,    0,    0,    0,    0,    0, -999,  19.30,  19.17,  19.13,  19.69,  20.24,  21.06,  20.41,  25.71,  22.85,  25.27,  23.71,  25.83,  25.14,  25.09,  24.89,  24.83,  24.47,  23.74,  23.21,  24.31,  23.05,  24.84,  24.11,  24.04,  23.98,  24.06,  24.59,  24.05,  24.36,  24.76,  23.87
19951106, 0000,  , HU, 17.2N, 110.3E,  65,    0,    0,    0,    0,    0,    0,    0,    0,    0,    0,    0,    0,    0, -999,  21.23,  20.75,  21.04,  20.94,  22.08,  22.28,  26.42,  25.59,  25.92,  26.00,  26.28,  26.04,  26.04,  25.69,  25.52,  25.11,  25.17,  24.78,  25.49,  25.72,  25.52,  25.78,  25.49,  25.52,  25.65,  25.55,  25.94,  25.84,  25.91,  25.80,  25.06
19951106, 0600,  , TS, 17.6N, 109.5E,  55,    0,    0,    0,    0,    0,    0,    0,    0,    0,    0,    0,    0,    0, -999,  26.77,  26.92,  26.94,  27.00,  26.96,  26.81,  26.65,  26.33,  26.23,  26.39,  26.45,  26.46,  26.28,  26.18,  26.16,  26.09,  26.01,  25.91,  25.90,  25.76,  25.28,  24.90,  24.97,  25.07,  24.97,  24.80,  24.78,  24.83,  24.76,  24.87,  24.97
19951106, 1200,  , TS, 18.1N, 108.7E,  40,    0,    0,    0,    0,    0,    0,    0,    0,    0,    0,    0,    0,    0, -999,    nan,    nan,    nan,    nan,    nan,    nan,    nan,    nan,    nan,    nan,    nan,    nan,    nan,    nan,    nan,    nan,    nan,    nan,    nan,    nan,    nan,    nan,    nan,    nan,    nan,    nan,    nan,    nan,    nan,    nan,    nan
19951106, 1800,  , LO, 18.6N, 108.2E,  30,    0,    0,    0,    0,    0,    0,    0,    0,    0,    0,    0,    0,    0, -999,    nan,    nan,    nan,    nan,    nan,    nan,    nan,    nan,    nan,    nan,    nan,    nan,    nan,    nan,    nan,    nan,    nan,    nan,    nan,    nan,    nan,    nan,    nan,    nan,    nan,    nan,    nan,    nan,    nan,    nan,    nan
19951107, 0000,  , LO, 19.2N, 108.0E,  20,    0,    0,    0,    0,    0,    0,    0,    0,    0,    0,    0,    0,    0, -999,  28.13,  28.20,  28.00,  27.66,  27.41,  27.14,  27.00,  26.85,  27.02,  27.07,  26.89,  26.33,  26.12,  26.20,  26.07,  25.94,  25.85,  25.61,  25.37,  25.32,  25.36,  25.47,  25.64,  25.35,  25.08,  24.96,  24.84,  25.11,  25.44,  25.84,  25.94
19951107, 0600,  , LO, 19.8N, 107.5E,  15,    0,    0,    0,    0,    0,    0,    0,    0,    0,    0,    0,    0,    0, -999,    nan,    nan,    nan,    nan,    nan,    nan,    nan,    nan,    nan,    nan,    nan,    nan,    nan,    nan,    nan,    nan,    nan,    nan,    nan,    nan,    nan,    nan,    nan,    nan,    nan,    nan,    nan,    nan,    nan,    nan,    nan
19951107, 1200,  , LO, 19.8N, 106.8E,  15,    0,    0,    0,    0,    0,    0,    0,    0,    0,    0,    0,    0,    0, -999,    nan,    nan,    nan,    nan,    nan,    nan,    nan,    nan,    nan,    nan,    nan,    nan,    nan,    nan,    nan,    nan,    nan,    nan,    nan,    nan,    nan,    nan,    nan,    nan,    nan,    nan,    nan,    nan,    nan,    nan,    nan
