WP312017,             KIROGI,     12,
20171116, 1800,  , DB,  8.3N, 121.3E,  20, 1006,    0,    0,    0,    0,    0,    0,    0,    0,    0,    0,    0,    0, -999,  33.75,  33.75,  33.77,  33.75,  33.71,  33.69,  33.70,  33.71,  33.74,  33.76,  33.78,  33.77,  33.77,  33.75,  33.71,  33.70,  33.72,  33.72,  33.70,  33.71,  33.73,  33.73,  33.74,  33.74,    nan,  33.77,  33.82,  33.91,  33.98,  34.02,  34.02
20171117, 0000,  , DB,  8.8N, 120.4E,  20, 1005,    0,    0,    0,    0,    0,    0,    0,    0,    0,    0,    0,    0, -999,  33.79,  33.77,  33.76,  33.73,  33.71,  33.69,  33.71,  33.71,  33.69,  33.67,  33.70,  33.75,  33.75,  33.76,  33.75,  33.77,  33.75,  33.73,  33.72,  33.72,  33.71,  33.72,  33.73,    nan,  33.76,  33.77,  33.77,  33.77,  33.77,  33.77,  33.78
20171117, 0600,  , TD,  9.3N, 119.3E,  25, 1004,    0,    0,    0,    0,    0,    0,    0,    0,    0,    0,    0,    0, -999,  33.75,  33.75,  33.75,  33.73,  33.72,  33.75,  33.70,  33.63,  33.62,  33.73,  33.84,  33.67,  33.69,  33.73,  33.79,  33.79,  33.73,  33.70,  33.74,  33.76,  33.76,  33.75,  33.75,    nan,  33.64,  33.65,  33.71,  33.80,  33.70,  33.55,  33.55
20171117, 1200,  , TD, 10.1N, 117.6E,  30, 1000,    0,    0,    0,    0,    0,    0,    0,    0,    0,    0,    0,    0, -999,  33.48,  33.53,  33.46,  33.41,  33.37,  33.34,  33.32,  33.35,  33.36,  33.40,  33.44,  33.44,  33.43,  33.43,  33.45,  33.45,  33.47,  33.45,  33.48,  33.53,  33.57,  33.58,  33.61,    nan,  33.66,  33.68,  33.66,  33.67,  33.67,  33.66,  33.61
20171117, 1800,  , TS, 10.8N, 116.2E,  35,  996,   40,   25,    0,   65,    0,    0,    0,    0,    0,    0,    0,    0, -999,  33.44,  33.33,  33.32,  33.35,  33.39,  33.43,  33.41,  33.39,  33.40,  33.44,  33.44,  33.49,  33.40,  33.64,  33.36,  33.37,  33.43,  33.57,  33.51,  33.44,  33.43,  33.44,  33.55,    nan,  33.67,  33.70,  33.72,  33.73,  33.73,  33.76,  33.67
20171118, 0000,  , TS, 11.1N, 114.8E,  35,  996,   45,   25,    0,   65,    0,    0,    0,    0,    0,    0,    0,    0, -999,  33.63,  33.62,  33.77,  33.87,  33.81,  33.72,  33.65,  33.54,  33.72,  33.73,  33.74,  33.89,  33.73,  33.90,  33.68,  33.69,  33.65,  33.61,  33.64,  33.64,  33.60,  33.65,    nan,  33.68,  33.66,  33.69,  33.65,  33.68,  33.69,  33.63,  33.62
20171118, 0600,  , TS, 11.4N, 113.3E,  35,  996,   50,   90,   55,   75,    0,    0,    0,    0,    0,    0,    0,    0, -999,  33.92,  33.98,  33.76,  33.84,  33.88,  33.83,  33.57,  33.69,  33.74,  33.82,  34.05,  33.90,  34.01,  33.61,  33.57,  33.65,  33.63,  33.48,  33.20,  33.14,  33.51,  33.58,    nan,  33.59,  33.55,  33.51,  33.54,  33.58,  33.55,  33.25,  33.45
20171118, 1200,  , TS, 11.3N, 112.7E,  35,  996,   55,   45,   40,   90,    0,    0,    0,    0,    0,    0,    0,    0, -999,  33.77,  33.41,  33.72,  33.39,  33.59,  33.63,  33.41,  33.52,  33.67,  33.84,  33.96,  33.87,  33.58,  33.57,  33.66,  33.62,  33.41,  33.76,  33.22,  33.25,  33.27,  33.31,    nan,  33.41,  33.38,  33.37,  33.33,  33.44,  33.44,  33.44,  33.71
20171118, 1800,  , TS, 10.7N, 111.8E,  40,  993,   55,   35,   35,   70,    0,    0,    0,    0,    0,    0,    0,    0, -999,  33.47,  33.96,  33.98,  33.93,  33.85,  33.47,  33.30,  33.25,  33.65,  33.33,  33.79,  33.67,  34.06,  33.91,  33.88,  33.28,  33.11,  33.06,  33.22,  33.37,  33.09,  33.11,    nan,  33.17,  33.26,  33.32,  33.37,  33.41,  33.30,  33.44,  33.56
20171119, 0000,  , TS, 10.7N, 110.6E,  35,  996,    0,    0,    0,    0,    0,    0,    0,    0,    0,    0,    0,    0, -999,  33.65,  33.67,  33.77,  33.39,  33.79,  33.90,  33.87,  33.73,  33.57,  33.55,  33.37,  33.94,  34.08,  33.72,  33.38,  33.32,  33.54,  33.23,  33.23,  33.30,  33.34,    nan,  33.37,  33.31,  33.35,  33.27,  33.25,  33.05,  33.21,  33.23,  33.26
20171119, 0600,  , TD, 11.4N, 108.8E,  25, 1004,    0,    0,    0,    0,    0,    0,    0,    0,    0,    0,    0,    0, -999,    nan,    nan,    nan,    nan,    nan,    nan,    nan,    nan,    nan,    nan,    nan,    nan,    nan,    nan,    nan,    nan,    nan,    nan,    nan,    nan,    nan,    nan,    nan,    nan,    nan,    nan,    nan,    nan,    nan,    nan,    nan
20171119, 1200,  , DB, 12.3N, 107.2E,  20, 1007,    0,    0,    0,    0,    0,    0,    0,    0,    0,    0,    0,    0, -999,    nan,    nan,    nan,    nan,    nan,    nan,    nan,    nan,    nan,    nan,    nan,    nan,    nan,    nan,    nan,    nan,    nan,    nan,    nan,    nan,    nan,    nan,    nan,    nan,    nan,    nan,    nan,    nan,    nan,    nan,    nan
