WP312001,            UNNAMED,     11,
20011210, 1200,  , TD,  4.6N, 155.4E,  20, 1004,    0,    0,    0,    0,    0,    0,    0,    0,    0,    0,    0,    0, -999,  34.83,  34.84,  34.89,  34.87,  34.63,  34.72,  34.89,  34.81,  34.70,  34.64,  34.64,  34.60,  34.55,  34.55,  34.52,  34.47,  34.55,  34.47,  34.49,  35.39,  34.98,  35.23,  34.86,  34.95,  34.83,  35.01,  35.16,  34.90,  34.91,  34.98,  35.26
20011210, 1800,  , TD,  4.8N, 155.3E,  25, 1003,    0,    0,    0,    0,    0,    0,    0,    0,    0,    0,    0,    0, -999,  34.84,  34.77,  34.94,  34.91,  34.73,  34.83,  34.80,  34.86,  34.84,  34.71,  34.61,  34.54,  34.53,  34.75,  34.53,  34.62,  34.62,  34.62,  34.91,  34.82,  34.88,  34.48,  35.18,  35.33,  35.20,  35.22,  35.14,  35.04,  35.01,  35.14,  35.01
20011211, 0000,  , TD,  5.0N, 155.2E,  25, 1002,    0,    0,    0,    0,    0,    0,    0,    0,    0,    0,    0,    0, -999,  34.51,  34.77,  34.88,  34.87,  34.87,  34.87,  34.91,  34.88,  34.77,  34.53,  34.41,  34.43,  34.48,  34.43,  34.40,  34.38,  34.87,  34.97,  34.98,  34.92,  34.62,  35.19,  35.16,  35.16,  35.14,  35.01,  34.88,  34.85,  35.05,  35.11,  35.41
20011211, 0600,  , TD,  5.2N, 155.1E,  25, 1002,    0,    0,    0,    0,    0,    0,    0,    0,    0,    0,    0,    0, -999,  34.36,  34.44,  34.56,  34.72,  34.85,  34.86,  34.81,  34.77,  34.71,  34.56,  34.38,  34.39,  34.39,  34.37,  34.39,  34.43,  34.76,  35.06,  35.05,  34.68,  34.72,  34.87,  35.16,  35.05,  35.13,  35.08,  34.98,  34.88,  34.89,  34.95,  35.44
20011211, 1200,  , TD,  5.5N, 155.5E,  25, 1002,    0,    0,    0,    0,    0,    0,    0,    0,    0,    0,    0,    0, -999,  34.72,  34.49,  34.47,  34.32,  34.33,  34.47,  34.49,  34.55,  34.59,  34.52,  34.37,  34.34,  34.37,  34.35,  34.34,  34.45,  34.55,  34.55,  34.65,  35.15,  35.07,  34.64,  34.26,  34.54,  34.80,  34.83,  34.86,  34.78,  34.81,  34.93,  35.03
20011211, 1800,  , TD,  5.0N, 156.5E,  25, 1002,    0,    0,    0,    0,    0,    0,    0,    0,    0,    0,    0,    0, -999,  34.72,  34.74,  34.79,  34.60,  34.58,  34.75,  34.80,  34.86,  34.77,  34.74,  34.65,  34.71,  34.63,  34.63,  34.60,  34.53,  34.66,  34.54,  35.07,  35.23,  35.10,  34.88,  35.70,  34.74,  35.40,  35.33,  35.35,  35.22,  35.05,  35.10,  35.24
20011212, 0000,  , TD,  4.2N, 157.9E,  25, 1004,    0,    0,    0,    0,    0,    0,    0,    0,    0,    0,    0,    0, -999,  34.62,  34.45,  34.48,  34.59,  34.70,  34.70,  34.69,  34.66,  34.63,  34.60,  34.71,  34.87,  34.79,  34.79,  34.80,  34.86,  34.86,  35.00,  35.17,  35.27,  35.30,  35.19,  35.12,  35.50,  35.33,  35.01,  35.09,  35.31,  35.34,  35.39,  35.41
20011212, 0600,  , TD,  4.5N, 159.2E,  25, 1002,    0,    0,    0,    0,    0,    0,    0,    0,    0,    0,    0,    0, -999,  34.37,  34.34,  34.26,  34.40,  34.51,  34.49,  34.56,  34.55,  34.36,  34.74,  34.72,  34.69,  34.60,  34.46,  34.49,  34.58,  34.77,  34.88,  34.88,  35.02,  35.11,  35.40,  35.66,  35.39,  35.21,  35.09,  35.19,  35.29,  35.07,  35.19,  35.25
20011212, 1200,  , TD,  5.3N, 159.3E,  30, 1000,    0,    0,    0,    0,    0,    0,    0,    0,    0,    0,    0,    0, -999,  34.63,  34.37,  34.25,  35.18,  34.94,  35.25,  34.25,  34.65,  34.73,  34.18,  34.59,  34.78,  34.73,  34.64,  34.72,  34.76,  34.68,  34.88,  34.78,  35.10,  35.44,  35.12,  35.25,  35.22,  35.44,  35.63,  35.43,  35.34,  35.27,  35.30,  35.19
20011212, 1800,  , TS,  5.7N, 159.7E,  35,  997,    0,    0,    0,    0,    0,    0,    0,    0,    0,    0,    0,    0, -999,  35.20,  35.16,  35.18,  35.36,  35.42,  35.43,  35.11,  35.22,  35.08,  34.95,  34.82,  34.29,  34.44,  34.52,  34.54,  34.68,  34.80,  34.63,  34.57,  34.59,  34.60,  34.58,  34.78,  34.89,  35.13,  34.88,  35.07,  35.20,  35.05,  35.20,  35.27
20011213, 0000,  , TD,  5.9N, 160.5E,  20, 1004,    0,    0,    0,    0,    0,    0,    0,    0,    0,    0,    0,    0, -999,  35.37,  35.29,  35.34,  35.34,  35.36,  35.25,  35.40,  35.33,  35.28,  35.16,  35.00,  34.92,  34.98,  35.05,  35.06,  35.35,  35.18,  35.17,  35.13,  34.91,  34.86,  34.89,  34.96,  35.19,  35.20,  35.12,  34.96,  35.25,  35.38,  35.36,  35.36
