WP312013,             HAIYAN,     37,
20131102, 0600,  , DB,  6.6N, 161.6E,  15, 1010,    0,    0,    0,    0,    0,    0,    0,    0,    0,    0,    0,    0, -999,  33.83,  33.75,  33.82,  33.91,  33.89,  34.08,  34.10,  33.90,  33.98,  33.97,  33.61,  33.45,  33.89,  33.40,  33.43,  33.61,  33.99,  34.07,  34.08,  34.07,  33.95,  33.91,  33.46,  33.62,    nan,  33.55,  33.59,  33.54,  33.62,  33.59,  33.63
20131102, 1200,  , DB,  6.2N, 160.3E,  15, 1010,    0,    0,    0,    0,    0,    0,    0,    0,    0,    0,    0,    0, -999,  33.75,  33.89,  33.75,  33.87,  33.62,  33.72,  33.65,  33.80,  33.94,  33.99,  33.90,  33.78,  33.70,  33.45,  33.23,  33.24,  33.70,  33.73,  33.86,  33.73,  33.51,  33.72,  33.70,  33.65,    nan,  33.77,  33.70,  33.54,  33.63,  33.56,  33.62
20131102, 1800,  , DB,  6.1N, 158.8E,  15, 1010,    0,    0,    0,    0,    0,    0,    0,    0,    0,    0,    0,    0, -999,  33.40,  33.39,  33.50,  33.65,  33.61,  33.70,  33.47,  33.53,  33.21,  33.33,  33.43,  33.36,  33.81,  33.87,  33.75,  33.68,  33.47,  33.66,  33.68,  33.56,  33.58,  33.69,  33.73,  33.72,    nan,  33.94,  33.89,  33.79,  33.84,  33.68,  33.59
20131103, 0000,  , DB,  6.2N, 157.2E,  20, 1007,    0,    0,    0,    0,    0,    0,    0,    0,    0,    0,    0,    0, -999,  33.62,  33.64,  33.97,  33.90,  33.73,  33.62,  33.62,  33.46,  33.56,  33.54,  33.47,  33.67,  33.70,  33.76,  33.80,  33.71,  33.89,  33.84,  33.72,  33.83,  33.90,  33.81,  33.83,    nan,  33.75,  33.83,  33.86,  33.91,  33.96,  33.80,  33.76
20131103, 0600,  , TD,  6.3N, 155.7E,  25, 1004,    0,    0,    0,    0,    0,    0,    0,    0,    0,    0,    0,    0, -999,  33.86,  33.88,  34.00,  34.07,  34.00,  33.80,  33.77,  33.70,  33.83,  33.87,  33.77,  33.90,  33.91,  33.69,  33.73,  33.66,  33.62,  33.83,  33.82,  33.87,  33.78,  33.68,  33.69,    nan,  33.91,  33.84,  33.90,  34.19,  34.23,  34.13,  33.98
20131103, 1200,  , TD,  6.6N, 154.3E,  30, 1000,    0,    0,    0,    0,    0,    0,    0,    0,    0,    0,    0,    0, -999,  34.09,  34.20,  34.38,  34.36,  34.34,  34.18,  34.18,  34.05,  33.95,  34.07,  33.93,  33.97,  34.06,  34.00,  34.02,  33.96,  33.88,  34.09,  34.07,  34.20,  34.27,  34.05,  34.04,    nan,  34.35,  34.20,  34.12,  34.28,  34.41,  34.33,  34.42
20131103, 1800,  , TD,  6.3N, 152.9E,  30, 1000,    0,    0,    0,    0,    0,    0,    0,    0,    0,    0,    0,    0, -999,  34.23,  34.33,  34.32,  34.31,  34.24,  34.07,  34.05,  34.12,  34.17,  33.99,  33.92,  33.95,  33.97,  34.11,  34.05,  33.86,  33.89,  34.15,  34.18,  34.06,  34.06,  34.05,  33.90,    nan,  34.20,  34.07,  34.21,  34.33,  34.41,  34.45,  34.46
20131104, 0000,  , TS,  6.1N, 151.5E,  35,  996,    0,    0,    0,    0,    0,    0,    0,    0,    0,    0,    0,    0, -999,  34.14,  34.09,  34.28,  34.27,  34.19,  34.15,  34.10,  34.03,  33.97,  33.89,  33.97,  34.01,  33.83,  33.54,  33.47,  33.59,  33.80,  33.93,  34.00,  34.04,  34.01,  34.02,    nan,  34.10,  34.13,  34.07,  34.21,  34.25,  34.12,  34.00,  33.92
20131104, 0600,  , TS,  6.1N, 150.1E,  40,  993,   45,   40,   40,   45,    0,    0,    0,    0,    0,    0,    0,    0, -999,  34.03,  33.84,  33.93,  33.96,  33.93,  33.91,  33.95,  33.80,  33.70,  33.74,  33.59,  33.56,  33.55,  33.68,  33.54,  33.58,  33.91,  34.04,  34.07,  34.04,  34.01,  33.91,    nan,  33.84,  33.81,  33.81,  33.78,  33.82,  33.78,  33.74,  33.61
20131104, 1200,  , TS,  6.3N, 148.7E,  45,  989,   50,   45,   45,   50,    0,    0,    0,    0,    0,    0,    0,    0, -999,  33.96,  33.73,  33.81,  33.89,  33.88,  34.10,  34.03,  33.74,  33.68,  33.73,  33.82,  33.69,  33.71,  33.71,  33.60,  33.67,  33.91,  33.92,  34.00,  34.01,  33.98,  33.93,    nan,  33.90,  33.78,  33.75,  33.55,  33.59,  33.66,  33.66,  33.63
20131104, 1800,  , TS,  6.4N, 147.2E,  55,  982,   55,   50,   50,   55,   30,   30,   30,   30,    0,    0,    0,    0, -999,  34.05,  33.95,  33.99,  34.16,  34.17,  34.04,  33.98,  33.75,  33.73,  33.79,  33.90,  33.98,  33.93,  33.95,  33.95,  34.00,  34.02,  34.20,  34.16,  34.08,  34.16,  34.08,    nan,  34.12,  34.05,  34.02,  33.94,  34.03,  33.98,  34.11,  34.14
20131105, 0000,  , HU,  6.4N, 145.7E,  70,  970,   55,   50,   50,   55,   30,   30,   30,   30,    0,    0,    0,    0, -999,  34.02,  34.01,  34.05,  34.05,  34.03,  34.03,  33.96,  33.99,  34.02,  33.98,  33.98,  34.00,  33.92,  34.01,  33.98,  34.00,  34.07,  34.13,  34.12,  34.00,  34.03,    nan,  34.05,  33.98,  34.05,  34.13,  34.11,  34.09,  34.13,  34.19,  34.20
20131105, 0600,  , HU,  6.5N, 144.2E,  75,  967,   55,   50,   50,   55,   30,   30,   30,   30,   15,   15,   15,   15, -999,  34.06,  34.14,  34.17,  34.23,  34.30,  34.29,  34.27,  34.29,  34.24,  34.10,  34.13,  34.20,  34.10,  34.15,  34.17,  34.10,  34.20,  34.06,  34.10,  34.20,  34.07,    nan,  34.13,  34.25,  34.26,  34.28,  34.30,  34.30,  34.29,  34.28,  34.16
20131105, 1200,  , HU,  6.9N, 142.9E,  90,  956,   70,   65,   65,   70,   45,   40,   40,   45,   25,   25,   25,   25, -999,  34.09,  34.11,  34.10,  34.23,  34.26,  34.31,  34.33,  34.27,  34.16,  34.15,  34.18,  34.18,  34.17,  34.15,  34.23,  34.16,  34.23,  34.16,  34.20,  34.22,  34.23,    nan,  34.25,  34.26,  34.24,  34.31,  34.31,  34.29,  34.30,  34.28,  34.25
20131105, 1800,  , HU,  7.1N, 141.3E, 110,  941,   90,   80,   80,   90,   45,   45,   45,   45,   25,   25,   25,   25, -999,  34.18,  34.19,  34.16,  34.27,  34.29,  34.30,  34.34,  34.39,  34.37,  34.36,  34.30,  34.31,  34.33,  34.31,  34.22,  34.30,  34.34,  34.15,  34.18,  34.31,  34.32,    nan,  34.38,  34.33,  34.29,  34.26,  34.26,  34.25,  34.25,  34.21,  34.22
20131106, 0000,  , XX,  7.3N, 139.7E, 130,  926,  105,   95,   95,  105,   65,   65,   65,   65,   35,   35,   35,   35, -999,  33.92,  33.99,  34.20,  34.20,  34.17,  34.25,  34.22,  34.22,  34.24,  34.22,  34.28,  34.37,  34.35,  34.29,  34.31,  34.23,  34.02,  34.05,  34.14,  34.14,    nan,  34.21,  34.20,  34.24,  34.19,  34.26,  34.25,  34.21,  34.21,  34.23,  34.25
20131106, 0600,  , XX,  7.6N, 138.0E, 135,  922,  115,  105,  105,  115,   65,   65,   65,   65,   35,   35,   35,   35, -999,  34.13,  34.13,  34.23,  34.23,  34.29,  34.36,  34.39,  34.40,  34.47,  34.49,  34.54,  34.53,  34.54,  34.54,  34.54,  34.50,  34.33,  34.38,  34.43,  34.39,    nan,  34.21,  34.23,  34.21,  34.21,  34.23,  34.18,  34.15,  34.17,  34.19,  34.19
20131106, 1200,  , XX,  7.9N, 136.1E, 150,  911,  125,  120,  120,  125,   75,   75,   75,   75,   45,   45,   45,   45, -999,  34.23,  34.26,  34.33,  34.34,  34.33,  34.35,  34.39,  34.24,  34.30,  34.38,  34.30,  34.16,  34.13,  34.06,  34.14,  34.20,  34.15,  34.17,  34.18,  34.14,    nan,  33.91,  34.05,  34.15,  34.24,  34.22,  34.20,  34.17,  34.14,  34.12,  34.16
20131106, 1800,  , XX,  8.2N, 134.3E, 155,  907,  125,   95,  110,  125,   60,   55,   50,   65,   45,   30,   25,   45, -999,  34.24,  34.26,  34.29,  34.23,  34.23,  34.22,  34.33,  34.17,  34.04,  34.04,  34.09,  34.05,  34.14,  34.17,  34.19,  34.15,  34.22,  34.15,  34.26,  34.18,    nan,  34.01,  34.19,  34.22,  34.23,  34.16,  34.20,  34.26,  34.23,  34.14,  34.07
20131107, 0000,  , XX,  8.7N, 132.7E, 155,  907,  125,   95,  110,  125,   60,   55,   50,   65,   45,   30,   25,   45, -999,  34.20,  34.18,  34.15,  34.19,  34.05,  34.02,  34.03,  33.97,  34.01,  34.20,  34.20,  34.28,  34.13,  34.19,  34.21,  34.24,  34.12,  34.12,  34.11,    nan,  34.13,  34.12,  34.11,  34.12,  34.12,  34.19,  34.17,  34.28,  34.23,  34.17,  34.11
20131107, 0600,  , XX,  9.4N, 131.0E, 160,  903,  125,   95,  110,  125,   60,   55,   50,   65,   45,   30,   25,   45, -999,  34.22,  34.24,  34.22,  34.19,  34.16,  34.20,  34.24,  34.24,  34.23,  34.23,  34.25,  34.31,  34.42,  34.32,  34.34,  34.44,  34.47,  34.28,  34.49,    nan,  34.29,  34.18,  34.24,  34.29,  34.19,  34.16,  34.11,  34.13,  34.12,  34.16,  34.12
20131107, 1200,  , XX, 10.2N, 129.0E, 170,  895,  130,  100,  115,  130,   65,   60,   55,   70,   50,   35,   30,   50, -999,  34.31,  34.23,  34.30,  34.35,  34.31,  34.37,  34.30,  34.28,  34.31,  34.35,  34.38,  34.29,  34.40,  34.41,  34.37,  34.42,  34.59,  34.30,  34.37,    nan,  34.44,  34.32,  34.34,  34.37,  34.35,  34.33,  34.37,  34.29,  34.24,  34.31,  34.20
20131107, 1800,  , XX, 10.6N, 126.9E, 170,  895,  130,  115,  120,  130,   65,   60,   60,   70,   50,   45,   40,   50, -999,  34.36,  34.36,  34.40,  34.34,  34.34,  34.36,  34.29,  34.27,  34.32,  34.30,  34.29,  34.18,  34.30,  34.25,  34.31,  34.18,  34.55,  34.21,  34.45,    nan,  34.35,  34.41,  34.46,  34.52,  34.46,  34.50,  34.47,  34.55,  34.47,  34.43,  34.41
20131108, 0000,  , XX, 11.0N, 124.7E, 165,  899,  130,  115,  120,  130,   65,   60,   60,   70,   50,   45,   40,   50, -999,    nan,    nan,    nan,    nan,    nan,    nan,    nan,    nan,    nan,    nan,    nan,    nan,    nan,    nan,    nan,    nan,    nan,    nan,    nan,    nan,    nan,    nan,    nan,    nan,    nan,    nan,    nan,    nan,    nan,    nan,    nan
20131108, 0600,  , XX, 11.4N, 122.5E, 145,  914,  130,  115,  120,  130,   65,   60,   60,   70,   50,   45,   40,   50, -999,    nan,    nan,    nan,    nan,    nan,    nan,    nan,    nan,    nan,    nan,    nan,    nan,    nan,    nan,    nan,    nan,    nan,    nan,    nan,    nan,    nan,    nan,    nan,    nan,    nan,    nan,    nan,    nan,    nan,    nan,    nan
20131108, 1200,  , XX, 11.8N, 120.4E, 130,  926,  130,  115,  120,  130,   65,   60,   60,   70,   50,   45,   40,   50, -999,  33.56,  33.57,  33.53,  33.53,  33.53,  33.56,  33.53,  33.53,  33.53,  33.55,  33.56,  33.58,  33.51,  33.49,  33.56,  33.50,  33.62,  33.55,    nan,  33.63,  33.67,  33.65,  33.67,  33.68,  33.68,  33.66,  33.68,  33.68,  33.69,  33.69,  33.67
20131108, 1800,  , HU, 12.4N, 117.9E, 120,  933,  130,  120,  120,  130,   65,   65,   65,   65,   40,   40,   40,   40, -999,  33.17,  33.18,  33.19,  33.22,  33.21,  33.39,  33.24,  33.22,  33.22,  33.19,  33.24,  33.16,  33.24,  33.50,  33.45,  33.58,  33.61,  33.52,    nan,  33.49,  33.49,  33.52,  33.49,  33.44,  33.50,  33.41,  33.56,  33.59,  33.73,  33.69,  33.52
20131109, 0000,  , HU, 12.6N, 116.2E, 115,  937,  130,  120,  120,  130,   70,   70,   70,   70,   45,   45,   45,   45, -999,  33.31,  33.45,  33.45,  33.35,  33.32,  33.44,  33.43,  33.40,  33.28,  33.39,  33.40,  33.53,  33.65,  33.44,  33.62,  33.53,  33.50,    nan,  33.57,  33.49,  33.54,  33.49,  33.32,  33.37,  33.43,  33.48,  33.51,  33.51,  33.52,  32.81,  32.74
20131109, 0600,  , HU, 13.4N, 114.6E, 105,  944,  130,  120,  120,  130,   70,   70,   70,   70,   45,   45,   45,   45, -999,  33.53,  33.52,  33.49,  33.48,  33.45,  33.45,  33.48,  33.48,  33.51,  33.51,  33.45,  33.36,  33.56,  33.53,  33.37,  33.46,  33.57,    nan,  33.62,  33.59,  33.59,  33.52,  33.22,  33.29,  33.28,  33.30,  33.36,  33.39,  33.44,  33.39,  33.35
20131109, 1200,  , HU, 14.5N, 113.1E, 100,  948,  120,  110,  110,  120,   60,   60,   60,   60,   35,   35,   35,   35, -999,  33.33,  33.24,  33.20,  33.16,  33.20,  33.42,  33.39,  33.39,  33.55,  33.45,  33.42,  33.41,  33.49,  33.42,  33.39,  33.42,  33.62,    nan,  33.41,  33.38,  33.42,  33.56,  33.42,  33.41,  33.52,  33.44,  33.40,  33.35,  33.30,  33.32,  33.41
20131109, 1800,  , HU, 15.5N, 111.5E,  95,  952,  120,  110,  110,  120,   60,   60,   60,   60,   35,   35,   35,   35, -999,  33.53,  33.53,  33.51,  33.45,  33.37,  33.35,  33.35,  33.37,  33.40,  33.41,  33.45,  33.45,  33.42,  33.33,  33.37,  33.42,  33.73,    nan,  33.38,  33.43,  33.48,  33.47,  33.46,  33.46,  33.52,  33.53,  33.59,  33.61,  33.62,  33.61,  33.72
20131110, 0000,  , HU, 16.5N, 110.1E,  90,  956,  120,  110,  110,  120,   60,   60,   60,   60,   35,   35,   35,   35, -999,  33.68,  33.71,  33.71,  33.68,  33.80,  33.81,  33.80,  33.73,  33.66,  33.69,  33.70,  33.70,  33.72,  33.71,  33.71,  33.84,    nan,  33.52,  33.55,  33.54,  33.72,  33.63,  33.65,  33.60,  33.51,  33.58,  33.45,  33.47,  33.76,  33.75,  33.62
20131110, 0600,  , HU, 17.9N, 109.2E,  80,  963,  120,  110,  110,  120,   60,   60,   60,   60,   35,   35,   35,   35, -999,  33.47,  33.47,  33.45,  33.40,  33.38,  33.34,  33.30,  33.29,  33.28,  33.28,  33.29,  33.30,  33.36,  33.40,  33.41,  33.44,    nan,  33.43,  33.40,  33.40,  33.41,  33.42,  33.43,  33.43,  33.46,  33.50,  33.51,  33.52,  33.53,  33.52,  33.52
20131110, 1200,  , HU, 19.3N, 108.0E,  80,  963,  110,  100,  100,  110,   50,   50,   50,   50,   25,   25,   25,   25, -999,  33.00,  33.00,  33.00,  32.99,  32.98,  32.98,  32.99,  33.00,  33.01,  33.06,  33.13,  33.14,  33.13,  33.06,  33.01,  32.94,    nan,  32.77,  32.80,  32.88,  32.99,  33.04,  33.03,  33.00,  32.94,  32.87,  32.83,  32.82,  32.86,  32.90,  32.92
20131110, 1800,  , HU, 20.5N, 107.4E,  70,  970,  110,  100,  100,  110,   50,   50,   50,   50,    0,    0,    0,    0, -999,  32.64,  32.66,  32.66,  32.65,  32.64,  32.63,  32.61,  32.59,  32.55,  32.53,  32.57,  32.60,  32.59,  32.57,  32.55,  32.53,    nan,  32.45,  32.43,  32.41,  32.42,  32.42,  32.41,  32.41,  32.41,  32.42,  32.42,  32.42,  32.42,  32.41,  32.39
20131111, 0000,  , TS, 21.8N, 107.3E,  60,  978,  110,  100,  100,  110,   50,   50,   50,   50,    0,    0,    0,    0, -999,    nan,    nan,    nan,    nan,    nan,    nan,    nan,    nan,    nan,    nan,    nan,    nan,    nan,    nan,    nan,    nan,    nan,    nan,    nan,    nan,    nan,    nan,    nan,    nan,    nan,    nan,    nan,    nan,    nan,    nan,    nan
20131111, 0600,  , TS, 23.2N, 107.9E,  45,  989,   55,   50,   50,   55,    0,    0,    0,    0,    0,    0,    0,    0, -999,    nan,    nan,    nan,    nan,    nan,    nan,    nan,    nan,    nan,    nan,    nan,    nan,    nan,    nan,    nan,    nan,    nan,    nan,    nan,    nan,    nan,    nan,    nan,    nan,    nan,    nan,    nan,    nan,    nan,    nan,    nan
