WP311995,            UNNAMED,     13,
19951110, 0600,  , LO, 25.1N, 173.8W,  20,    0,    0,    0,    0,    0,    0,    0,    0,    0,    0,    0,    0,    0, -999,  23.43,  23.40,  23.56,  21.78,  21.50,  21.34,  21.52,  22.52,  23.02,  22.94,  23.14,  23.53,  23.59,  23.18,  22.91,  23.18,  23.02,  23.25,  23.88,  24.31,  24.66,  24.72,  24.69,  24.78,  25.80,  25.97,  25.89,  25.77,  25.49,  25.27,  24.77
19951110, 1200,  , LO, 24.4N, 175.1W,  20,    0,    0,    0,    0,    0,    0,    0,    0,    0,    0,    0,    0,    0, -999,  22.87,  23.03,  22.90,  22.24,  21.66,  21.74,  22.02,  23.01,  22.99,  22.79,  21.64,  22.37,  22.64,  22.41,  22.23,  21.83,  21.51,  21.24,  21.55,  22.11,  22.55,  22.52,  22.51,  22.87,  23.24,  23.25,  23.20,  23.32,  23.44,  23.53,  23.69
19951110, 1800,  , LO, 23.6N, 176.4W,  20,    0,    0,    0,    0,    0,    0,    0,    0,    0,    0,    0,    0,    0, -999,  26.47,  27.69,  26.39,  27.23,  26.57,  26.17,  25.32,  24.71,  24.40,  24.85,  24.75,  24.89,  24.94,  25.10,  25.17,  25.11,  24.77,  24.58,  24.35,  24.24,  23.95,  23.84,  24.06,  24.41,  24.63,  24.72,  24.75,  24.68,  24.78,  24.84,  24.60
19951111, 0000,  , LO, 22.8N, 177.5W,  20,    0,    0,    0,    0,    0,    0,    0,    0,    0,    0,    0,    0,    0, -999,  27.46,  27.40,  27.39,  27.25,  27.00,  26.26,  26.25,  26.42,  26.41,  26.18,  25.96,  26.00,  27.22,  26.50,  26.23,  26.08,  26.03,  26.03,  26.05,  25.04,  25.11,  25.03,  24.90,  25.10,  25.08,  25.10,  25.08,  25.02,  24.84,  24.32,  24.02
19951111, 0600,  , LO, 21.3N, 179.1W,  25,    0,    0,    0,    0,    0,    0,    0,    0,    0,    0,    0,    0,    0, -999,  23.69,  24.20,  24.10,  23.82,  23.90,  24.35,  25.13,  25.59,  25.35,  24.60,  24.10,  24.08,  24.17,  24.01,  24.06,  23.86,  23.37,  23.62,  23.93,  23.75,  23.45,  23.48,  23.63,  23.48,  23.43,  23.24,  23.80,  24.25,  23.36,  23.96,  24.11
19951111, 1200,  , LO, 20.0N, 179.4E,  25,    0,    0,    0,    0,    0,    0,    0,    0,    0,    0,    0,    0,    0, -999,  23.49,  23.91,  24.02,  24.17,  24.31,  24.74,  25.29,  25.04,  24.58,  24.98,  24.94,  25.31,  26.30,  26.23,  25.90,  25.80,  25.54,  25.52,  25.00,  25.17,  24.46,  24.68,  26.06,  24.84,  24.75,  25.80,  27.12,  27.31,  26.97,  25.74,  25.35
19951111, 1800,  , LO, 18.6N, 178.6E,  25,    0,    0,    0,    0,    0,    0,    0,    0,    0,    0,    0,    0,    0, -999,  23.32,  23.64,  23.80,  23.95,  24.41,  25.04,  25.66,  26.36,  25.73,  25.52,  24.73,  24.66,  24.89,  25.06,  25.32,  25.60,  24.89,  24.41,  24.61,  25.00,  25.23,  25.53,  25.79,  26.45,  26.34,  26.44,  26.47,  26.34,  26.68,  26.71,  26.54
19951112, 0000,  , LO, 17.3N, 178.1E,  30,    0,    0,    0,    0,    0,    0,    0,    0,    0,    0,    0,    0,    0, -999,  25.63,  26.02,  26.13,  27.09,  26.82,  27.01,  27.22,  27.02,  26.97,  26.48,  26.63,  27.15,  27.82,  27.57,  27.79,  27.38,  26.98,  27.15,  26.75,  27.09,  26.67,  26.93,  26.83,  26.56,  26.73,  26.53,  26.72,  26.92,  26.81,  26.74,  26.95
19951112, 0600,  , TS, 16.3N, 177.8E,  35,    0,    0,    0,    0,    0,    0,    0,    0,    0,    0,    0,    0,    0, -999,  26.26,  26.45,  27.59,  28.06,  28.03,  28.01,  28.12,  28.06,  28.01,  28.10,  28.14,  28.24,  28.38,  28.35,  28.36,  28.28,  28.23,  27.42,  27.42,  27.31,  26.73,  27.17,  27.05,  26.70,  26.83,  26.86,  27.69,  27.82,  27.89,  27.63,  27.91
19951112, 1200,  , TS, 16.2N, 177.3E,  35,    0,    0,    0,    0,    0,    0,    0,    0,    0,    0,    0,    0,    0, -999,  27.87,  28.14,  28.23,  28.19,  28.21,  28.19,  28.28,  28.20,  27.97,  28.21,  28.18,  28.24,  28.43,  28.29,  28.22,  28.02,  28.02,  27.96,  27.95,  27.84,  27.09,  27.46,  26.52,  26.41,  26.24,  26.51,  26.96,  27.27,  27.71,  27.08,  27.19
19951112, 1800,  , LO, 16.4N, 176.2E,  30,    0,    0,    0,    0,    0,    0,    0,    0,    0,    0,    0,    0,    0, -999,  27.62,  27.18,  26.81,  28.20,  27.93,  26.73,  27.10,  27.34,  27.12,  28.30,  28.10,  28.10,  28.29,  28.31,  28.35,  28.18,  28.09,  27.83,  27.28,  27.61,  27.31,  28.12,  27.60,  27.51,  27.01,  27.20,  27.25,  26.95,  27.05,  26.98,  26.92
19951113, 0000,  , LO, 16.8N, 174.8E,  30,    0,    0,    0,    0,    0,    0,    0,    0,    0,    0,    0,    0,    0, -999,  27.70,  26.90,  26.57,  26.45,  26.74,  27.25,  27.54,  27.30,  27.02,  25.38,  25.09,  25.06,  25.52,  25.94,  26.02,  25.83,  25.80,  26.04,  26.38,  26.67,  26.73,  27.28,  27.49,  27.56,  27.78,  27.64,  27.82,  28.05,  27.70,  27.75,  27.63
19951113, 0600,  , LO, 17.1N, 173.2E,  20,    0,    0,    0,    0,    0,    0,    0,    0,    0,    0,    0,    0,    0, -999,  28.18,  28.01,  28.01,  27.94,  27.99,  27.96,  27.86,  27.88,  28.12,  27.88,  27.80,  27.97,  28.04,  27.80,  27.26,  26.69,  26.82,  26.99,  26.92,  26.79,  26.51,  26.67,  26.34,  26.21,  26.21,  26.05,  26.03,  26.23,  26.13,  26.48,  26.63
