WP312017,             KIROGI,     12,
20171116, 1800,  , DB,  8.3N, 121.3E,  20, 1006,    0,    0,    0,    0,    0,    0,    0,    0,    0,    0,    0,    0, -999,  33.70,  33.71,  33.72,  33.70,  33.69,  33.67,  33.69,  33.71,  33.74,  33.76,  33.78,  33.76,  33.77,  33.75,  33.71,  33.69,  33.72,  33.71,  33.68,  33.70,  33.73,  33.73,  33.74,  33.74,    nan,  33.77,  33.82,  33.91,  33.98,  34.02,  34.01
20171117, 0000,  , DB,  8.8N, 120.4E,  20, 1005,    0,    0,    0,    0,    0,    0,    0,    0,    0,    0,    0,    0, -999,  33.63,  33.63,  33.66,  33.71,  33.66,  33.64,  33.71,  33.71,  33.69,  33.67,  33.69,  33.75,  33.73,  33.76,  33.73,  33.77,  33.75,  33.73,  33.72,  33.72,  33.71,  33.72,  33.73,    nan,  33.76,  33.77,  33.77,  33.77,  33.77,  33.77,  33.77
20171117, 0600,  , TD,  9.3N, 119.3E,  25, 1004,    0,    0,    0,    0,    0,    0,    0,    0,    0,    0,    0,    0, -999,  33.74,  33.73,  33.73,  33.73,  33.69,  33.75,  33.70,  33.63,  33.62,  33.72,  33.81,  33.64,  33.69,  33.73,  33.76,  33.79,  33.73,  33.69,  33.74,  33.75,  33.76,  33.75,  33.75,    nan,  33.63,  33.65,  33.71,  33.80,  33.70,  33.55,  33.55
20171117, 1200,  , TD, 10.1N, 117.6E,  30, 1000,    0,    0,    0,    0,    0,    0,    0,    0,    0,    0,    0,    0, -999,  33.44,  33.52,  33.45,  33.37,  33.31,  33.32,  33.29,  33.34,  33.34,  33.39,  33.42,  33.39,  33.38,  33.22,  33.28,  33.41,  33.42,  33.43,  33.45,  33.51,  33.55,  33.57,  33.59,    nan,  33.65,  33.66,  33.65,  33.66,  33.66,  33.65,  33.59
20171117, 1800,  , TS, 10.8N, 116.2E,  35,  996,   40,   25,    0,   65,    0,    0,    0,    0,    0,    0,    0,    0, -999,  33.21,  33.24,  33.27,  33.30,  33.34,  33.36,  33.32,  33.35,  33.25,  33.39,  33.38,  33.39,  33.33,  33.31,  33.22,  33.32,  33.39,  33.55,  33.44,  33.39,  33.37,  33.39,  33.52,    nan,  33.65,  33.69,  33.70,  33.72,  33.71,  33.74,  33.57
20171118, 0000,  , TS, 11.1N, 114.8E,  35,  996,   45,   25,    0,   65,    0,    0,    0,    0,    0,    0,    0,    0, -999,  33.40,  33.50,  33.34,  33.30,  33.31,  33.43,  33.26,  33.45,  33.59,  33.47,  33.53,  33.50,  33.59,  33.54,  33.61,  33.63,  33.59,  33.57,  33.52,  33.52,  33.49,  33.63,    nan,  33.63,  33.62,  33.64,  33.62,  33.60,  33.66,  33.55,  33.50
20171118, 0600,  , TS, 11.4N, 113.3E,  35,  996,   50,   90,   55,   75,    0,    0,    0,    0,    0,    0,    0,    0, -999,  33.62,  33.53,  33.18,  33.28,  33.17,  33.12,  33.42,  33.48,  33.45,  33.53,  33.56,  33.90,  33.57,  33.41,  33.38,  33.48,  33.46,  33.36,  33.00,  33.05,  33.29,  33.41,    nan,  33.37,  33.46,  33.35,  33.39,  33.41,  33.34,  32.98,  33.34
20171118, 1200,  , TS, 11.3N, 112.7E,  35,  996,   55,   45,   40,   90,    0,    0,    0,    0,    0,    0,    0,    0, -999,  33.62,  33.31,  32.96,  33.10,  33.03,  33.02,  33.28,  33.37,  33.49,  33.54,  33.61,  33.55,  33.44,  33.42,  33.39,  33.41,  33.18,  32.98,  33.03,  33.02,  32.96,  33.11,    nan,  33.20,  33.27,  33.14,  33.12,  33.21,  33.26,  33.30,  33.34
20171118, 1800,  , TS, 10.7N, 111.8E,  40,  993,   55,   35,   35,   70,    0,    0,    0,    0,    0,    0,    0,    0, -999,  33.40,  33.41,  33.15,  33.25,  32.84,  32.83,  32.98,  32.88,  32.79,  32.81,  32.89,  32.95,  32.93,  32.76,  32.83,  33.08,  33.00,  32.96,  33.12,  33.10,  32.87,  32.95,    nan,  33.00,  33.13,  33.20,  33.22,  33.28,  33.23,  33.31,  33.25
20171119, 0000,  , TS, 10.7N, 110.6E,  35,  996,    0,    0,    0,    0,    0,    0,    0,    0,    0,    0,    0,    0, -999,  33.62,  33.57,  33.39,  33.11,  33.04,  33.19,  33.09,  33.04,  33.13,  33.05,  33.18,  32.87,  32.91,  32.96,  33.11,  33.15,  33.21,  33.18,  33.17,  33.18,  33.27,    nan,  33.29,  33.23,  33.22,  33.15,  33.15,  32.96,  33.16,  33.05,  33.06
20171119, 0600,  , TD, 11.4N, 108.8E,  25, 1004,    0,    0,    0,    0,    0,    0,    0,    0,    0,    0,    0,    0, -999,    nan,    nan,    nan,    nan,    nan,    nan,    nan,    nan,    nan,    nan,    nan,    nan,    nan,    nan,    nan,    nan,    nan,    nan,    nan,    nan,    nan,    nan,    nan,    nan,    nan,    nan,    nan,    nan,    nan,    nan,    nan
20171119, 1200,  , DB, 12.3N, 107.2E,  20, 1007,    0,    0,    0,    0,    0,    0,    0,    0,    0,    0,    0,    0, -999,    nan,    nan,    nan,    nan,    nan,    nan,    nan,    nan,    nan,    nan,    nan,    nan,    nan,    nan,    nan,    nan,    nan,    nan,    nan,    nan,    nan,    nan,    nan,    nan,    nan,    nan,    nan,    nan,    nan,    nan,    nan
