WP321994,            UNNAMED,     52,
19940930, 0600,  , LO,  7.6N, 175.6E,  10,    0,    0,    0,    0,    0,    0,    0,    0,    0,    0,    0,    0,    0, -999,  29.43,  29.29,  29.51,  29.59,  29.44,  29.73,  29.64,  30.02,  29.40,  29.37,  29.36,  29.09,  29.35,  29.46,  29.49,  29.43,  29.56,  29.51,  29.11,  28.72,  28.48,  28.18,  28.80,  29.26,  29.06,  29.48,  29.48,  29.33,  29.43,  29.37,  29.49
19940930, 1200,  , LO,  7.6N, 173.9E,  15,    0,    0,    0,    0,    0,    0,    0,    0,    0,    0,    0,    0,    0, -999,  29.46,  29.37,  29.58,  29.60,  29.23,  29.56,  29.37,  29.52,  29.23,  29.24,  29.22,  29.01,  29.28,  29.57,  29.53,  29.11,  29.28,  29.20,  28.88,  28.58,  28.51,  28.69,  29.04,  29.34,  29.35,  29.53,  29.60,  29.57,  29.67,  29.19,  28.95
19940930, 1800,  , LO,  7.7N, 172.2E,  15,    0,    0,    0,    0,    0,    0,    0,    0,    0,    0,    0,    0,    0, -999,  29.32,  29.51,  29.65,  29.69,  29.25,  29.61,  29.59,  29.57,  29.51,  29.53,  29.47,  29.48,  29.53,  29.78,  29.86,  29.50,  29.58,  29.26,  29.15,  28.95,  29.26,  29.23,  29.12,  29.30,  29.36,  29.47,  29.50,  29.41,  29.32,  29.11,  29.20
19941001, 0000,  , LO,  7.9N, 170.5E,  15,    0,    0,    0,    0,    0,    0,    0,    0,    0,    0,    0,    0,    0, -999,  29.57,  29.66,  29.88,  29.66,  29.76,  29.82,  29.65,  29.51,  29.68,  29.53,  29.47,  29.41,  29.50,  29.65,  29.52,  29.42,  29.41,  29.34,  29.03,  29.19,  29.17,  29.08,  29.31,  29.35,  29.48,  29.55,  29.53,  29.13,  29.12,  29.11,  29.19
19941001, 0600,  , LO,  8.1N, 168.8E,  15,    0,    0,    0,    0,    0,    0,    0,    0,    0,    0,    0,    0,    0, -999,  29.58,  29.72,  29.58,  29.63,  29.55,  29.56,  29.48,  29.46,  29.54,  29.84,  29.59,  29.38,  29.30,  29.31,  29.25,  29.19,  29.23,  29.20,  29.01,  28.98,  28.75,  28.81,  28.85,  28.99,  28.98,  29.09,  28.85,  28.70,  28.82,  28.61,  28.73
19941001, 1200,  , LO,  8.3N, 167.1E,  20,    0,    0,    0,    0,    0,    0,    0,    0,    0,    0,    0,    0,    0, -999,  28.65,  28.39,  28.51,  29.24,  29.30,  29.29,  29.22,  29.15,  29.38,  29.71,  29.29,  29.12,  29.24,  29.41,  29.44,  29.28,  29.20,  29.10,  29.08,  28.98,  29.01,  29.10,  29.25,  29.26,  29.05,  29.31,  29.08,  29.22,  29.31,  29.24,  29.21
19941001, 1800,  , LO,  8.6N, 165.3E,  20,    0,    0,    0,    0,    0,    0,    0,    0,    0,    0,    0,    0,    0, -999,  29.08,  28.87,  28.93,  29.48,  29.31,  29.16,  29.08,  28.96,  29.03,  29.19,  29.21,  29.19,  29.19,  29.24,  29.26,  29.05,  28.96,  28.94,  29.04,  28.86,  28.95,  28.95,  29.17,  29.17,  28.93,  29.10,  28.99,  29.17,  29.23,  29.34,  29.33
19941002, 0000,  , LO,  8.9N, 163.5E,  20,    0,    0,    0,    0,    0,    0,    0,    0,    0,    0,    0,    0,    0, -999,  28.85,  28.90,  29.11,  29.58,  29.35,  29.39,  29.39,  29.40,  29.47,  29.21,  29.25,  29.25,  29.39,  29.44,  29.38,  29.49,  29.25,  29.25,  28.91,  29.14,  29.08,  29.28,  29.21,  29.07,  29.10,  29.16,  29.09,  29.08,  29.19,  29.21,  29.08
19941002, 0600,  , LO,  9.2N, 161.7E,  25,    0,    0,    0,    0,    0,    0,    0,    0,    0,    0,    0,    0,    0, -999,  28.73,  28.72,  29.05,  29.42,  29.52,  29.59,  29.48,  29.52,  29.38,  29.14,  29.02,  28.86,  28.94,  29.22,  29.23,  29.30,  29.16,  29.08,  28.85,  28.98,  29.00,  29.20,  29.06,  29.00,  28.91,  29.08,  28.95,  29.06,  29.07,  29.18,  28.83
19941002, 1200,  , LO,  9.5N, 159.9E,  25,    0,    0,    0,    0,    0,    0,    0,    0,    0,    0,    0,    0,    0, -999,  28.80,  28.86,  28.81,  28.75,  28.79,  28.64,  28.80,  29.02,  28.74,  28.89,  28.83,  28.43,  28.48,  28.66,  28.91,  29.25,  29.32,  29.28,  28.93,  28.95,  28.88,  28.95,  28.74,  28.71,  28.66,  28.86,  28.78,  29.00,  28.89,  28.93,  28.74
19941002, 1800,  , LO,  9.8N, 158.1E,  30,    0,    0,    0,    0,    0,    0,    0,    0,    0,    0,    0,    0,    0, -999,  28.44,  28.87,  28.90,  29.12,  28.96,  28.81,  28.74,  28.91,  28.88,  28.69,  28.59,  28.62,  28.48,  28.62,  29.01,  29.16,  29.15,  29.29,  29.25,  29.27,  29.10,  29.01,  28.74,  28.86,  28.70,  28.81,  28.85,  28.92,  29.12,  29.23,  29.22
19941003, 0000,  , LO, 10.1N, 156.3E,  30,    0,    0,    0,    0,    0,    0,    0,    0,    0,    0,    0,    0,    0, -999,  28.46,  28.47,  28.60,  28.88,  28.93,  29.02,  28.95,  29.02,  29.39,  29.56,  29.64,  29.32,  29.28,  29.56,  29.40,  29.22,  29.03,  29.06,  28.89,  28.97,  28.96,  29.13,  29.27,  28.69,  28.91,  28.87,  29.01,  29.29,  29.18,  29.12,  28.97
19941003, 0600,  , TS, 10.3N, 154.5E,  35,    0,    0,    0,    0,    0,    0,    0,    0,    0,    0,    0,    0,    0, -999,  28.88,  28.80,  28.66,  28.57,  28.47,  28.32,  27.93,  27.99,  28.29,  28.47,  28.42,  28.25,  28.19,  28.23,  28.48,  28.26,  28.22,  28.24,  28.35,  28.70,  28.63,  29.15,  28.75,  28.71,  28.81,  28.89,  28.89,  29.13,  29.43,  29.05,  28.95
19941003, 1200,  , TS, 10.5N, 152.7E,  35,    0,    0,    0,    0,    0,    0,    0,    0,    0,    0,    0,    0,    0, -999,  28.64,  28.37,  28.53,  28.88,  28.78,  28.77,  28.48,  28.55,  28.61,  28.43,  27.76,  27.76,  28.56,  29.17,  29.18,  28.54,  28.78,  28.86,  28.83,  28.75,  28.46,  28.80,  29.10,  29.40,  29.26,  29.16,  29.17,  29.29,  29.32,  29.00,  29.21
19941003, 1800,  , TS, 10.8N, 151.0E,  40,    0,    0,    0,    0,    0,    0,    0,    0,    0,    0,    0,    0,    0, -999,  29.02,  28.91,  28.46,  28.23,  28.35,  28.55,  28.76,  28.78,  28.63,  28.95,  28.71,  28.67,  28.78,  28.89,  28.97,  28.92,  28.97,  29.18,  29.16,  28.96,  28.55,  28.95,  28.97,  29.17,  29.06,  29.06,  29.30,  29.49,  29.54,  29.48,  29.53
19941004, 0000,  , TS, 11.1N, 149.3E,  40,    0,    0,    0,    0,    0,    0,    0,    0,    0,    0,    0,    0,    0, -999,  28.90,  28.69,  28.69,  28.52,  28.71,  28.11,  27.97,  27.97,  27.89,  28.01,  28.12,  28.50,  28.88,  28.82,  29.05,  29.15,  29.10,  28.86,  28.53,  28.34,  28.77,  28.91,  29.10,  28.73,  28.62,  28.78,  29.22,  29.53,  29.38,  29.34,  29.20
19941004, 0600,  , TS, 11.4N, 147.7E,  45,    0,    0,    0,    0,    0,    0,    0,    0,    0,    0,    0,    0,    0, -999,  28.99,  28.88,  28.73,  28.08,  27.91,  28.27,  28.09,  28.27,  28.05,  28.55,  28.42,  28.62,  28.97,  28.81,  28.80,  29.04,  28.95,  29.02,  28.73,  28.73,  29.14,  29.32,  29.44,  29.29,  29.12,  28.83,  28.96,  29.06,  29.27,  29.32,  29.20
19941004, 1200,  , TS, 11.7N, 146.1E,  45,    0,    0,    0,    0,    0,    0,    0,    0,    0,    0,    0,    0,    0, -999,  28.57,  28.43,  28.31,  28.30,  28.18,  27.77,  27.70,  27.69,  27.71,  28.22,  28.21,  28.19,  28.42,  28.60,  28.79,  29.14,  29.09,  29.09,  28.56,  28.71,  28.90,  28.89,  28.63,  28.89,  28.73,  28.75,  28.82,  28.95,  29.24,  29.39,  29.43
19941004, 1800,  , TS, 12.0N, 144.4E,  50,    0,    0,    0,    0,    0,    0,    0,    0,    0,    0,    0,    0,    0, -999,  28.22,  27.97,  27.86,  27.87,  27.87,  27.92,  27.94,  27.93,  27.88,  27.90,  27.78,  27.84,  28.11,  28.46,  28.87,  28.88,  28.85,  28.92,  28.81,  28.98,  28.98,  28.93,  28.66,  29.21,  28.91,  29.21,  29.15,  29.19,  29.32,  29.32,  29.23
19941005, 0000,  , TS, 12.3N, 142.7E,  50,    0,    0,    0,    0,    0,    0,    0,    0,    0,    0,    0,    0,    0, -999,  28.73,  28.76,  28.54,  28.63,  28.84,  28.85,  28.84,  28.63,  28.58,  28.59,  28.59,  28.55,  28.41,  28.24,  28.05,  27.86,  27.65,  27.77,  28.30,  28.79,  28.84,  28.84,  29.03,  28.79,  28.90,  28.84,  29.43,  29.60,  29.52,  29.46,  29.44
19941005, 0600,  , TS, 12.6N, 141.0E,  55,    0,    0,    0,    0,    0,    0,    0,    0,    0,    0,    0,    0,    0, -999,  29.06,  29.09,  29.02,  28.92,  28.87,  29.00,  28.88,  28.93,  29.00,  28.87,  28.95,  29.01,  28.79,  28.84,  28.76,  28.83,  28.60,  28.39,  28.69,  28.96,  28.91,  28.83,  28.78,  29.04,  29.16,  28.83,  29.05,  28.77,  28.68,  28.77,  28.78
19941005, 1200,  , TS, 12.9N, 139.3E,  60,    0,    0,    0,    0,    0,    0,    0,    0,    0,    0,    0,    0,    0, -999,  29.11,  29.12,  29.04,  28.96,  28.79,  28.68,  28.58,  28.49,  28.56,  28.65,  28.82,  28.75,  28.45,  28.52,  28.52,  28.41,  28.25,  28.23,  28.79,  28.84,  28.75,  28.73,  28.41,  28.85,  28.83,  28.59,  29.02,  29.19,  29.02,  29.00,  28.67
19941005, 1800,  , HU, 13.3N, 137.6E,  65,    0,    0,    0,    0,    0,    0,    0,    0,    0,    0,    0,    0,    0, -999,  28.31,  28.44,  28.46,  28.56,  28.62,  28.47,  28.38,  28.29,  28.62,  28.85,  28.60,  28.35,  28.35,  28.70,  28.65,  28.38,  28.25,  28.20,  28.07,  28.83,  28.29,  28.83,  28.20,  28.47,  28.34,  28.24,  29.03,  29.23,  29.07,  28.57,  28.45
19941006, 0000,  , HU, 13.8N, 135.9E,  70,    0,    0,    0,    0,    0,    0,    0,    0,    0,    0,    0,    0,    0, -999,  29.34,  29.43,  29.45,  29.07,  28.82,  28.69,  28.49,  28.65,  28.63,  28.73,  28.73,  28.82,  28.74,  28.84,  28.93,  28.48,  28.08,  28.07,  28.07,  28.55,  28.79,  28.41,  28.46,  28.21,  28.24,  28.49,  29.14,  29.00,  29.22,  29.10,  28.90
19941006, 0600,  , HU, 14.4N, 134.4E,  75,    0,    0,    0,    0,    0,    0,    0,    0,    0,    0,    0,    0,    0, -999,  29.49,  29.36,  29.28,  29.19,  29.23,  28.93,  28.73,  28.77,  28.78,  28.73,  28.71,  28.83,  28.91,  28.96,  28.75,  28.87,  28.44,  28.12,  27.97,  28.81,  28.98,  28.41,  28.63,  28.41,  28.66,  28.79,  29.05,  29.19,  29.21,  29.10,  28.87
19941006, 1200,  , HU, 15.0N, 132.9E,  80,    0,    0,    0,    0,    0,    0,    0,    0,    0,    0,    0,    0,    0, -999,  29.51,  29.30,  29.00,  28.88,  28.77,  28.77,  28.86,  28.88,  28.91,  29.07,  29.09,  28.90,  28.98,  29.14,  28.75,  29.03,  28.96,  28.38,  28.68,  29.42,  29.33,  28.66,  28.62,  28.53,  28.77,  28.69,  28.61,  28.75,  28.93,  29.07,  29.04
19941006, 1800,  , HU, 15.6N, 131.4E,  85,    0,    0,    0,    0,    0,    0,    0,    0,    0,    0,    0,    0,    0, -999,  29.53,  29.59,  29.51,  29.41,  29.34,  29.18,  29.06,  28.92,  28.78,  28.61,  28.62,  28.82,  28.87,  28.79,  28.89,  29.10,  28.09,  28.34,  28.16,  29.03,  29.14,  28.97,  28.96,  28.83,  28.83,  28.54,  28.55,  28.67,  28.76,  28.56,  28.60
19941007, 0000,  , HU, 16.3N, 129.9E,  95,    0,    0,    0,    0,    0,    0,    0,    0,    0,    0,    0,    0,    0, -999,  29.14,  29.08,  29.08,  28.93,  28.72,  28.38,  28.32,  28.66,  29.20,  29.19,  28.97,  29.07,  28.94,  29.03,  29.01,  28.62,  28.23,  28.12,  28.20,  28.67,  28.57,  28.67,  28.46,  28.47,  28.67,  28.87,  28.91,  27.90,  27.58,  27.98,  28.20
19941007, 0600,  , HU, 16.9N, 128.6E, 105,    0,    0,    0,    0,    0,    0,    0,    0,    0,    0,    0,    0,    0, -999,  28.95,  28.86,  28.86,  28.97,  28.54,  28.37,  28.25,  28.34,  28.78,  28.89,  28.99,  29.07,  28.96,  28.85,  28.44,  27.94,  27.60,  26.50,  27.40,  27.57,  27.31,  27.98,  28.60,  28.83,  29.02,  29.02,  29.35,  28.91,  28.55,  28.15,  27.55
19941007, 1200,  , HU, 17.6N, 127.4E, 120,    0,    0,    0,    0,    0,    0,    0,    0,    0,    0,    0,    0,    0, -999,  28.64,  28.88,  29.05,  29.45,  29.34,  29.33,  29.19,  28.80,  28.93,  29.06,  28.90,  29.00,  28.90,  28.69,  28.66,  28.67,  27.73,  27.23,  27.47,  26.96,  27.46,  27.59,  28.00,  27.95,  27.95,  27.88,  28.14,  27.29,  27.38,  27.31,  27.46
19941007, 1800,  , HU, 18.4N, 126.4E, 120,    0,    0,    0,    0,    0,    0,    0,    0,    0,    0,    0,    0,    0, -999,  27.83,  28.16,  28.65,  28.41,  28.56,  28.39,  28.47,  28.46,  28.75,  28.67,  28.66,  28.30,  28.11,  28.35,  28.21,  27.61,  27.88,  25.95,  26.19,  26.64,  27.37,  28.20,  28.15,  27.80,  27.38,  27.41,  27.85,  27.47,  27.32,  27.32,  27.26
19941008, 0000,  , HU, 19.1N, 125.6E, 120,    0,    0,    0,    0,    0,    0,    0,    0,    0,    0,    0,    0,    0, -999,  28.41,  28.35,  27.89,  27.58,  27.44,  27.38,  27.63,  28.05,  28.10,  28.33,  27.86,  27.90,  27.87,  27.47,  27.19,  27.45,  25.80,  26.25,  26.45,  26.98,  27.92,  26.96,  26.98,  27.13,  27.23,  27.36,  26.90,  27.23,  27.29,  27.02,  27.25
19941008, 0600,  , HU, 19.8N, 125.0E, 115,    0,    0,    0,    0,    0,    0,    0,    0,    0,    0,    0,    0,    0, -999,  28.32,  28.51,  28.06,  27.99,  27.98,  27.46,  27.57,  27.90,  27.87,  28.11,  28.00,  27.65,  27.39,  27.21,  27.29,  27.32,  26.19,  26.25,  26.23,  26.88,  27.22,  27.09,  27.33,  27.32,  27.68,  27.65,  27.24,  27.01,  26.94,  26.55,  27.14
19941008, 1200,  , HU, 20.5N, 124.5E, 115,    0,    0,    0,    0,    0,    0,    0,    0,    0,    0,    0,    0,    0, -999,  28.07,  28.15,  28.09,  28.02,  27.59,  27.12,  27.38,  27.80,  27.74,  27.76,  27.88,  27.73,  27.77,  27.83,  27.32,  26.94,  26.28,  25.98,  26.25,  26.91,  26.86,  27.18,  27.51,  27.57,  27.36,  27.48,  27.28,  27.09,  27.34,  26.72,  26.47
19941008, 1800,  , HU, 21.2N, 124.1E, 110,    0,    0,    0,    0,    0,    0,    0,    0,    0,    0,    0,    0,    0, -999,  28.38,  28.10,  28.42,  28.07,  27.13,  26.94,  27.35,  27.71,  27.57,  27.65,  27.73,  27.81,  27.66,  27.40,  27.10,  26.83,  26.78,  26.44,  26.53,  26.87,  26.88,  27.38,  27.57,  27.59,  27.48,  27.31,  27.16,  26.93,  26.98,  26.75,  26.71
19941009, 0000,  , HU, 22.1N, 123.9E, 110,    0,    0,    0,    0,    0,    0,    0,    0,    0,    0,    0,    0,    0, -999,  27.76,  28.32,  28.26,  27.84,  27.29,  27.85,  28.14,  27.87,  27.78,  27.46,  27.43,  27.36,  27.24,  27.08,  26.90,  26.60,  26.50,  26.61,  26.90,  27.15,  27.32,  27.21,  27.31,  27.62,  27.37,  27.09,  26.91,  26.57,  26.05,  26.28,  26.80
19941009, 0600,  , HU, 23.0N, 123.8E, 105,    0,    0,    0,    0,    0,    0,    0,    0,    0,    0,    0,    0,    0, -999,  27.81,  27.74,  28.05,  27.66,  27.06,  27.40,  27.57,  27.19,  27.21,  27.08,  27.32,  27.38,  27.13,  27.02,  26.97,  26.89,  27.08,  27.28,  27.48,  27.75,  27.50,  27.24,  27.34,  27.56,  27.17,  26.82,  26.97,  26.38,  25.90,  26.01,  25.92
19941009, 1200,  , HU, 24.0N, 123.5E, 105,    0,    0,    0,    0,    0,    0,    0,    0,    0,    0,    0,    0,    0, -999,  27.80,  27.82,  27.60,  27.54,  27.36,  27.65,  27.62,  26.58,  26.39,  26.39,  26.96,  27.02,  26.81,  26.75,  26.91,  26.79,  26.91,  26.94,  26.79,  26.65,  27.12,  27.02,  26.98,  27.24,  26.83,  26.95,  27.13,  27.13,  26.51,  26.26,  26.24
19941009, 1800,  , HU, 24.8N, 123.1E, 100,    0,    0,    0,    0,    0,    0,    0,    0,    0,    0,    0,    0,    0, -999,  27.21,  27.23,  27.63,  27.95,  27.67,  27.59,  27.91,  26.76,  26.53,  27.58,  27.67,  27.76,  27.60,  27.14,  27.23,  27.10,  26.73,  24.92,  25.47,  26.98,  27.21,  27.02,  27.00,  27.36,  27.02,  27.43,  27.22,  27.13,  27.01,  27.09,  27.05
19941010, 0000,  , HU, 25.7N, 122.8E,  95,    0,    0,    0,    0,    0,    0,    0,    0,    0,    0,    0,    0,    0, -999,  26.70,  26.98,  27.04,  26.91,  26.60,  26.49,  26.07,  25.81,  26.61,  26.66,  26.75,  26.83,  26.79,  27.12,  27.46,  27.22,  24.19,  24.17,  25.19,  25.46,  25.51,  26.29,  26.85,  25.08,  25.44,  25.18,  25.31,  24.78,  24.77,  23.98,  23.26
19941010, 0600,  , HU, 26.5N, 122.7E,  90,    0,    0,    0,    0,    0,    0,    0,    0,    0,    0,    0,    0,    0, -999,  26.18,  25.88,  25.76,  25.38,  25.16,  24.82,  24.17,  24.03,  24.68,  25.22,  25.59,  25.47,  25.26,  25.20,  25.06,  24.92,  24.59,  24.83,  24.97,  24.73,  24.21,  24.15,  25.01,  24.06,  23.96,  23.73,  23.33,  23.38,  23.44,  23.39,  23.44
19941010, 1200,  , HU, 27.4N, 123.0E,  85,    0,    0,    0,    0,    0,    0,    0,    0,    0,    0,    0,    0,    0, -999,  26.02,  26.11,  26.01,  25.84,  25.82,  25.06,  24.64,  24.59,  24.86,  25.01,  25.01,  24.82,  24.64,  24.67,  24.66,  24.59,  24.65,  24.77,  24.53,  24.27,  23.87,  23.98,  24.40,  24.00,  23.62,  23.39,  23.05,  22.94,  23.11,  22.96,  22.99
19941010, 1800,  , HU, 28.4N, 123.3E,  80,    0,    0,    0,    0,    0,    0,    0,    0,    0,    0,    0,    0,    0, -999,  26.24,  26.19,  26.00,  25.96,  25.88,  25.23,  24.87,  24.75,  24.80,  24.71,  24.70,  24.79,  24.87,  24.91,  24.78,  24.64,  24.55,  24.59,  24.50,  24.61,  24.43,  24.52,  24.70,  24.51,  24.26,  24.07,  23.69,  23.48,  23.40,  23.21,  23.14
19941011, 0000,  , HU, 29.5N, 123.7E,  75,    0,    0,    0,    0,    0,    0,    0,    0,    0,    0,    0,    0,    0, -999,  25.90,  25.73,  25.57,  25.43,  24.79,  24.50,  24.47,  24.60,  24.73,  24.66,  24.64,  24.62,  24.59,  24.60,  24.58,  24.52,  24.29,  24.00,  24.23,  24.36,  24.37,  24.50,  24.40,  24.20,  24.09,  23.86,  23.62,  23.13,  22.99,  22.90,  22.83
19941011, 0600,  , HU, 30.6N, 124.4E,  70,    0,    0,    0,    0,    0,    0,    0,    0,    0,    0,    0,    0,    0, -999,  25.68,  25.59,  25.52,  25.27,  24.53,  24.01,  24.00,  24.07,  23.98,  23.94,  23.89,  24.00,  24.01,  24.07,  24.13,  24.23,  24.16,  24.00,  23.95,  24.00,  24.06,  24.00,  24.02,  23.86,  23.75,  23.58,  23.37,  23.04,  22.93,  22.88,  22.90
19941011, 1200,  , HU, 32.0N, 125.3E,  65,    0,    0,    0,    0,    0,    0,    0,    0,    0,    0,    0,    0,    0, -999,  24.49,  24.46,  24.34,  24.55,  23.63,  23.52,  23.66,  23.82,  23.73,  23.66,  23.84,  23.86,  23.85,  23.82,  23.73,  24.22,  24.71,  24.05,  24.26,  24.05,  24.11,  24.08,  23.96,  23.68,  23.55,  23.44,  23.16,  22.99,  22.86,  22.69,  22.70
19941011, 1800,  , HU, 33.7N, 126.7E,  65,    0,    0,    0,    0,    0,    0,    0,    0,    0,    0,    0,    0,    0, -999,  23.30,  23.48,  23.36,  22.89,  22.51,  22.56,  22.64,  22.54,  22.38,  22.02,  22.07,  21.85,  22.13,  21.81,  21.70,  21.08,  20.56,  20.29,  19.69,  20.49,  21.30,  20.93,  22.01,  22.34,  21.82,  20.81,  21.03,  20.87,  20.95,  20.95,  21.72
19941012, 0000,  , TS, 36.3N, 128.8E,  60,    0,    0,    0,    0,    0,    0,    0,    0,    0,    0,    0,    0,    0, -999,    nan,    nan,    nan,    nan,    nan,    nan,    nan,    nan,    nan,    nan,    nan,    nan,    nan,    nan,    nan,    nan,    nan,    nan,    nan,    nan,    nan,    nan,    nan,    nan,    nan,    nan,    nan,    nan,    nan,    nan,    nan
19941012, 0600,  , TS, 39.2N, 131.1E,  60,    0,    0,    0,    0,    0,    0,    0,    0,    0,    0,    0,    0,    0, -999,  21.96,  21.80,  21.60,  21.25,  20.84,  20.62,  20.73,  20.55,  19.75,  19.10,  19.24,  19.51,  19.51,  19.36,  19.18,  19.07,  18.20,  17.36,  17.76,  17.69,  17.22,  17.26,  17.35,  17.19,  17.08,  16.74,  17.14,  17.23,  17.17,  17.27,  16.99
19941012, 1200,  , TS, 42.1N, 133.5E,  55,    0,    0,    0,    0,    0,    0,    0,    0,    0,    0,    0,    0,    0, -999,  17.75,  17.23,  17.09,  16.73,  15.94,  15.90,  15.79,  15.92,  14.62,  14.71,  14.57,  14.59,  14.41,  14.23,  14.19,  14.23,  13.50,  12.75,  12.75,  12.79,  12.11,  11.84,  11.96,  11.78,  11.55,  11.74,  11.31,  11.44,  11.39,  11.17,  11.29
19941012, 1800,  , TS, 45.0N, 136.0E,  55,    0,    0,    0,    0,    0,    0,    0,    0,    0,    0,    0,    0,    0, -999,    nan,    nan,    nan,    nan,    nan,    nan,    nan,    nan,    nan,    nan,    nan,    nan,    nan,    nan,    nan,    nan,    nan,    nan,    nan,    nan,    nan,    nan,    nan,    nan,    nan,    nan,    nan,    nan,    nan,    nan,    nan
19941013, 0000,  , TS, 47.0N, 140.0E,  50,    0,    0,    0,    0,    0,    0,    0,    0,    0,    0,    0,    0,    0, -999,  16.10,  16.04,  16.39,  16.43,  16.10,  16.01,  15.88,  15.75,  15.56,  15.43,  15.25,  14.99,  14.83,  14.71,  14.67,  15.06,  14.57,  14.73,  14.53,  14.37,  14.35,  14.16,  13.97,  13.57,  13.21,  12.88,  12.46,  12.23,  12.00,  11.82,  11.65
