WP331996,            UNNAMED,     41,
19961017, 0000,  , LO, 17.0N, 168.0E,  15,    0,    0,    0,    0,    0,    0,    0,    0,    0,    0,    0,    0,    0, -999,    nan,    nan,    nan,  27.48,    nan,    nan,    nan,    nan,    nan,    nan,    nan,    nan,  27.90,  27.70,  27.91,  27.93,  28.35,  28.12,  27.89,  27.87,  27.81,  27.66,  27.70,  28.02,  28.45,  28.28,  28.19,  28.26,  28.12,  27.96,  27.92
19961017, 0600,  , LO, 16.2N, 167.3E,  15,    0,    0,    0,    0,    0,    0,    0,    0,    0,    0,    0,    0,    0, -999,    nan,    nan,    nan,  28.17,    nan,    nan,    nan,    nan,    nan,    nan,    nan,    nan,  28.63,  28.30,  28.23,  27.94,  27.87,  27.75,  27.67,  27.90,  27.83,  27.67,  27.71,  27.73,  27.75,  27.94,  28.17,  28.44,  28.16,  27.86,  27.96
19961017, 1200,  , LO, 15.7N, 166.4E,  15,    0,    0,    0,    0,    0,    0,    0,    0,    0,    0,    0,    0,    0, -999,    nan,    nan,    nan,  27.76,    nan,    nan,    nan,    nan,    nan,    nan,    nan,    nan,  27.81,  27.87,  28.04,  28.80,  28.71,  28.33,  27.92,  27.63,  27.59,  27.61,  27.82,  27.90,  27.85,  27.97,  27.91,  28.03,  27.99,  27.98,  28.06
19961017, 1800,  , LO, 15.3N, 165.2E,  15,    0,    0,    0,    0,    0,    0,    0,    0,    0,    0,    0,    0,    0, -999,    nan,    nan,    nan,  28.66,    nan,    nan,    nan,    nan,    nan,    nan,    nan,    nan,  28.33,  28.19,  27.95,  28.02,  27.82,  27.62,  27.37,  27.55,  27.73,  27.74,  27.89,  28.14,  28.13,  28.12,  28.10,  28.37,  28.42,  28.29,  27.95
19961018, 0000,  , LO, 15.1N, 164.1E,  15,    0,    0,    0,    0,    0,    0,    0,    0,    0,    0,    0,    0,    0, -999,    nan,    nan,  28.05,    nan,    nan,    nan,    nan,    nan,    nan,    nan,    nan,  28.35,  28.34,  28.42,  28.37,  28.35,  28.20,  28.25,  28.33,  29.21,  29.02,  28.91,  28.48,  28.08,  28.09,  27.90,  27.74,  27.86,  28.38,  28.37,  28.06
19961018, 0600,  , LO, 15.1N, 163.0E,  15,    0,    0,    0,    0,    0,    0,    0,    0,    0,    0,    0,    0,    0, -999,    nan,    nan,  28.61,    nan,    nan,    nan,    nan,    nan,    nan,    nan,    nan,  27.78,  27.91,  28.01,  28.04,  28.20,  28.19,  28.27,  28.28,  28.44,  28.28,  28.35,  28.83,  28.92,  28.69,  28.23,  27.85,  27.71,  27.70,  27.59,  27.04
19961018, 1200,  , LO, 15.1N, 161.6E,  15,    0,    0,    0,    0,    0,    0,    0,    0,    0,    0,    0,    0,    0, -999,    nan,    nan,  28.18,    nan,    nan,    nan,    nan,    nan,    nan,    nan,    nan,  28.38,  28.28,  28.64,  28.68,  28.64,  28.66,  28.67,  28.63,  28.68,  28.63,  28.45,  28.28,  28.10,  28.16,  27.91,  27.89,  27.95,  28.08,  27.89,  27.59
19961018, 1800,  , LO, 15.1N, 160.5E,  10,    0,    0,    0,    0,    0,    0,    0,    0,    0,    0,    0,    0,    0, -999,    nan,    nan,  28.18,    nan,    nan,    nan,    nan,    nan,    nan,    nan,    nan,  27.95,  28.08,  28.53,  28.49,  28.77,  28.79,  28.89,  28.76,  28.80,  28.82,  28.84,  28.74,  28.28,  28.68,  28.58,  28.57,  28.69,  28.66,  28.60,  28.31
19961019, 0000,  , LO, 15.4N, 158.7E,  15,    0,    0,    0,    0,    0,    0,    0,    0,    0,    0,    0,    0,    0, -999,    nan,  28.13,    nan,    nan,    nan,    nan,    nan,    nan,    nan,    nan,  27.77,  28.07,  28.22,  28.32,  28.04,  28.24,  28.35,  28.80,  29.56,  28.83,  28.97,  28.79,  28.51,  28.35,  28.31,  28.44,  28.13,  28.01,  27.88,  27.45,  27.32
19961019, 0600,  , LO, 15.8N, 156.9E,  20,    0,    0,    0,    0,    0,    0,    0,    0,    0,    0,    0,    0,    0, -999,    nan,  28.40,    nan,    nan,    nan,    nan,    nan,    nan,    nan,    nan,  27.82,  27.85,  27.93,  28.14,  28.22,  27.98,  28.04,  27.76,  27.77,  28.19,  27.84,  27.49,  27.55,  27.48,  27.46,  27.34,  27.40,  27.41,  27.40,  27.65,  27.76
19961019, 1200,  , LO, 16.4N, 155.2E,  20,    0,    0,    0,    0,    0,    0,    0,    0,    0,    0,    0,    0,    0, -999,    nan,  28.94,    nan,    nan,    nan,    nan,    nan,    nan,    nan,    nan,  29.46,  29.38,  29.33,  29.41,  29.20,  29.04,  27.87,  27.65,  27.69,  27.53,  27.58,  27.54,  27.80,  27.26,  27.83,  28.00,  28.35,  28.10,  27.64,  28.11,  28.23
19961019, 1800,  , LO, 16.8N, 153.7E,  20,    0,    0,    0,    0,    0,    0,    0,    0,    0,    0,    0,    0,    0, -999,    nan,  28.57,    nan,    nan,    nan,    nan,    nan,    nan,    nan,    nan,  28.18,  27.91,  27.94,  27.54,  27.35,  27.82,  28.19,  28.62,  28.61,  28.69,  28.80,  28.89,  28.62,  28.41,  28.02,  28.36,  28.57,  28.65,  28.33,  28.21,  27.80
19961020, 0000,  , LO, 17.0N, 152.2E,  20,    0,    0,    0,    0,    0,    0,    0,    0,    0,    0,    0,    0,    0, -999,  28.99,    nan,    nan,    nan,    nan,    nan,    nan,    nan,    nan,  28.43,  28.38,  28.39,  28.04,  27.97,  27.98,  28.18,  27.96,  27.94,  27.81,  27.66,  27.74,  27.74,  27.96,  27.59,  27.16,  27.24,  27.50,  28.33,  28.61,  28.60,  28.62
19961020, 0600,  , LO, 17.3N, 151.5E,  20,    0,    0,    0,    0,    0,    0,    0,    0,    0,    0,    0,    0,    0, -999,  29.17,    nan,    nan,    nan,    nan,    nan,    nan,    nan,    nan,  28.94,  29.02,  28.99,  28.85,  28.66,  28.59,  28.60,  28.59,  28.58,  28.33,  28.26,  28.30,  28.25,  27.91,  28.10,  27.26,  27.82,  28.25,  28.50,  28.49,  28.66,  28.53
19961020, 1200,  , LO, 17.7N, 150.8E,  20,    0,    0,    0,    0,    0,    0,    0,    0,    0,    0,    0,    0,    0, -999,  28.61,    nan,    nan,    nan,    nan,    nan,    nan,    nan,    nan,  28.13,  28.48,  28.38,  28.34,  28.05,  27.91,  28.21,  28.08,  28.03,  28.03,  27.98,  28.09,  28.19,  28.22,  28.37,  28.56,  28.53,  28.68,  28.62,  28.56,  28.34,  28.24
19961020, 1800,  , LO, 18.0N, 150.3E,  20,    0,    0,    0,    0,    0,    0,    0,    0,    0,    0,    0,    0,    0, -999,  28.34,    nan,    nan,    nan,    nan,    nan,    nan,    nan,    nan,  28.27,  28.34,  28.48,  28.37,  28.43,  28.38,  28.35,  28.21,  28.09,  28.21,  28.06,  28.09,  28.16,  28.10,  28.31,  28.19,  28.24,  28.37,  28.29,  28.14,  28.08,  28.03
19961021, 0000,  , LO, 18.4N, 149.8E,  25,    0,    0,    0,    0,    0,    0,    0,    0,    0,    0,    0,    0,    0, -999,    nan,    nan,    nan,    nan,    nan,    nan,    nan,    nan,  28.21,  28.12,  28.41,  28.24,  28.36,  28.39,  28.17,  28.27,  28.07,  28.14,  28.19,  28.31,  28.42,  28.15,  28.28,  28.38,  28.20,  28.26,  28.17,  28.15,  28.21,  28.27,  28.30
19961021, 0600,  , LO, 18.8N, 149.3E,  30,    0,    0,    0,    0,    0,    0,    0,    0,    0,    0,    0,    0,    0, -999,    nan,    nan,    nan,    nan,    nan,    nan,    nan,    nan,  27.61,  28.04,  28.57,  28.67,  28.41,  28.33,  28.36,  28.12,  27.83,  27.97,  27.67,  27.34,  27.04,  26.59,  27.18,  27.75,  27.37,  27.99,  28.01,  28.14,  28.21,  28.16,  28.11
19961021, 1200,  , TS, 19.0N, 148.8E,  35,    0,    0,    0,    0,    0,    0,    0,    0,    0,    0,    0,    0,    0, -999,    nan,    nan,    nan,    nan,    nan,    nan,    nan,    nan,  28.00,  28.06,  28.28,  28.24,  28.14,  28.20,  28.01,  28.14,  27.68,  27.40,  27.00,  27.07,  26.62,  26.38,  26.76,  27.92,  27.98,  27.98,  28.06,  28.21,  28.26,  28.14,  28.10
19961021, 1800,  , TS, 19.1N, 148.5E,  45,    0,    0,    0,    0,    0,    0,    0,    0,    0,    0,    0,    0,    0, -999,    nan,    nan,    nan,    nan,    nan,    nan,    nan,    nan,  28.18,  28.16,  28.10,  28.16,  28.03,  28.16,  28.23,  28.28,  27.82,  27.41,  27.35,  27.25,  27.10,  26.82,  27.44,  28.04,  27.98,  28.07,  28.14,  28.14,  28.24,  28.11,  28.09
19961022, 0000,  , TS, 19.2N, 148.0E,  45,    0,    0,    0,    0,    0,    0,    0,    0,    0,    0,    0,    0,    0, -999,    nan,    nan,    nan,    nan,    nan,    nan,    nan,  28.23,  28.18,  28.06,  28.16,  28.30,  28.60,  28.53,  28.51,  28.32,  28.23,  27.94,  27.32,  28.29,  28.42,  28.38,  28.42,  28.21,  28.08,  28.06,  28.12,  28.35,  28.37,  28.37,  28.10
19961022, 0600,  , TS, 19.3N, 147.6E,  50,    0,    0,    0,    0,    0,    0,    0,    0,    0,    0,    0,    0,    0, -999,    nan,    nan,    nan,    nan,    nan,    nan,    nan,  28.30,  28.24,  28.29,  28.39,  28.44,  28.56,  28.66,  28.64,  28.44,  28.31,  28.02,  28.22,  28.48,  28.49,  28.57,  28.66,  28.46,  28.16,  28.02,  27.98,  28.15,  28.18,  28.30,  28.19
19961022, 1200,  , TS, 19.4N, 147.1E,  55,    0,    0,    0,    0,    0,    0,    0,    0,    0,    0,    0,    0,    0, -999,    nan,    nan,    nan,    nan,    nan,    nan,    nan,  28.14,  28.20,  28.11,  28.01,  28.00,  28.18,  28.08,  27.95,  27.97,  28.05,  28.62,  28.58,  28.73,  28.69,  28.69,  28.70,  28.57,  28.26,  28.07,  27.75,  27.50,  27.75,  27.68,  27.83
19961022, 1800,  , TS, 19.7N, 146.3E,  60,    0,    0,    0,    0,    0,    0,    0,    0,    0,    0,    0,    0,    0, -999,    nan,    nan,    nan,    nan,    nan,    nan,    nan,  26.90,  27.19,  27.21,  27.61,  27.70,  27.95,  28.30,  28.40,  28.59,  28.57,  28.41,  28.19,  27.49,  27.48,  27.32,  27.13,  27.19,  27.10,  27.17,  27.59,  27.51,  27.79,  27.67,  27.71
19961023, 0000,  , HU, 20.0N, 145.5E,  65,    0,    0,    0,    0,    0,    0,    0,    0,    0,    0,    0,    0,    0, -999,    nan,    nan,    nan,    nan,    nan,    nan,  27.70,  28.08,  28.53,  28.81,  28.63,  28.30,  28.11,  27.63,  27.10,  26.57,  26.08,  27.69,  27.07,  26.22,  26.25,  25.58,  26.08,  26.58,  27.25,  27.19,  27.34,  27.19,  26.03,  27.81,  27.32
19961023, 0600,  , HU, 20.2N, 145.2E,  80,    0,    0,    0,    0,    0,    0,    0,    0,    0,    0,    0,    0,    0, -999,    nan,    nan,    nan,    nan,    nan,    nan,  28.00,  28.41,  28.48,  28.51,  28.05,  27.67,  27.35,  26.76,  26.13,  26.35,  24.67,  25.02,  24.84,  25.02,  25.11,  24.81,  24.72,  24.47,  24.41,  24.51,  23.96,  23.99,  24.06,  25.28,  26.85
19961023, 1200,  , HU, 20.7N, 145.0E,  90,    0,    0,    0,    0,    0,    0,    0,    0,    0,    0,    0,    0,    0, -999,    nan,    nan,    nan,    nan,    nan,    nan,  25.55,  26.32,  26.35,  26.58,  27.70,  27.13,  27.19,  27.18,  27.88,  27.24,  24.42,  25.14,  25.21,  25.15,  24.38,  24.62,  23.77,  24.67,  24.71,  24.82,  24.60,  24.60,  24.67,  24.71,  24.33
19961023, 1800,  , HU, 21.5N, 144.9E, 100,    0,    0,    0,    0,    0,    0,    0,    0,    0,    0,    0,    0,    0, -999,    nan,    nan,    nan,    nan,    nan,    nan,  22.59,  22.67,  23.32,  23.75,  23.70,  23.55,  24.24,  25.12,  25.31,  27.83,  24.24,  26.40,  27.54,  27.21,  26.26,  25.55,  25.29,  26.40,  27.97,  27.89,  27.73,  27.34,  27.11,  26.43,  25.00
19961024, 0000,  , HU, 22.6N, 144.8E, 105,    0,    0,    0,    0,    0,    0,    0,    0,    0,    0,    0,    0,    0, -999,    nan,    nan,    nan,    nan,    nan,  21.58,  21.81,  21.72,  21.79,  22.07,  22.36,  22.59,  22.99,  23.48,  23.71,  23.57,  23.20,  22.87,  23.49,  23.99,  23.66,  25.96,  26.72,  27.15,  27.83,  28.05,  28.14,  28.13,  27.88,  27.56,  27.40
19961024, 0600,  , HU, 23.8N, 144.9E, 105,    0,    0,    0,    0,    0,    0,    0,    0,    0,    0,    0,    0,    0, -999,    nan,    nan,    nan,    nan,    nan,  21.06,  21.93,  22.13,  21.84,  21.91,  22.32,  22.05,  22.25,  22.59,  22.95,  23.55,  21.45,  21.27,  21.23,  21.63,  21.61,  21.35,  21.11,  21.41,  21.78,  22.71,  23.55,  23.48,  23.17,  23.35,  24.55
19961024, 1200,  , HU, 25.2N, 145.1E,  95,    0,    0,    0,    0,    0,    0,    0,    0,    0,    0,    0,    0,    0, -999,    nan,    nan,    nan,    nan,    nan,  20.42,  20.41,  20.52,  20.40,  20.46,  20.64,  20.71,  20.70,  21.00,  20.89,  20.56,  19.84,  19.59,  19.61,  19.99,  20.20,  20.52,  20.63,  20.77,  20.87,  20.76,  20.99,  20.82,  20.83,  21.07,  21.69
19961024, 1800,  , HU, 26.8N, 145.4E,  85,    0,    0,    0,    0,    0,    0,    0,    0,    0,    0,    0,    0,    0, -999,    nan,    nan,    nan,    nan,    nan,  20.84,  21.72,  21.48,  21.19,  21.16,  20.98,  20.85,  20.49,  20.20,  20.29,  20.57,  19.26,  19.57,  19.31,  20.80,  20.98,  20.31,  20.42,  20.47,  19.78,  19.80,  20.70,  21.08,  21.63,  21.69,  21.51
19961025, 0000,  , HU, 28.4N, 146.0E,  80,    0,    0,    0,    0,    0,    0,    0,    0,    0,    0,    0,    0,    0, -999,    nan,    nan,    nan,    nan,  20.29,  20.13,  20.69,  20.27,  20.80,  20.60,  21.57,  21.71,  20.98,  20.94,  21.03,  21.15,  21.95,  22.17,  20.75,  20.78,  22.18,  22.27,  22.47,  21.02,  20.79,  21.54,  21.18,  20.83,  20.72,  20.41,  20.21
19961025, 0600,  , HU, 30.1N, 146.9E,  70,    0,    0,    0,    0,    0,    0,    0,    0,    0,    0,    0,    0,    0, -999,    nan,    nan,    nan,    nan,  22.12,  21.53,  20.96,  20.28,  20.89,  21.59,  21.34,  21.29,  21.30,  21.65,  21.81,  20.39,  19.32,  19.82,  19.71,  19.79,  19.68,  21.99,  22.30,  21.98,  22.15,  22.16,  21.92,  21.57,  21.62,  21.87,  22.08
19961025, 1200,  , TS, 31.9N, 148.7E,  60,    0,    0,    0,    0,    0,    0,    0,    0,    0,    0,    0,    0,    0, -999,    nan,    nan,    nan,    nan,  20.91,  21.62,  21.93,  22.07,  21.83,  21.96,  22.56,  23.36,  23.34,  22.62,  22.18,  22.37,  22.21,  22.31,  22.73,  22.47,  22.23,  22.36,  22.39,  22.07,  22.18,  22.12,  22.37,  22.40,  22.30,  22.32,  22.64
19961025, 1800,  , TS, 33.6N, 150.4E,  55,    0,    0,    0,    0,    0,    0,    0,    0,    0,    0,    0,    0,    0, -999,    nan,    nan,    nan,    nan,  19.11,  19.42,  20.91,  20.93,  20.04,  21.75,  21.78,  21.69,  22.15,  21.37,  20.58,  19.79,  19.64,  20.54,  22.04,  21.94,  21.84,  20.81,  19.80,  20.09,  20.09,  21.24,  22.38,  22.00,  21.29,  21.91,  22.41
19961026, 0000,  , TS, 35.1N, 152.3E,  55,    0,    0,    0,    0,    0,    0,    0,    0,    0,    0,    0,    0,    0, -999,    nan,    nan,    nan,  16.80,  17.88,  17.82,  19.12,  18.21,  17.04,  16.95,  17.39,  17.02,  18.17,  18.30,  18.58,  18.32,  17.73,  17.32,  19.79,  19.32,  18.84,  18.88,  18.91,  18.73,  19.03,  19.57,  19.65,  19.35,  19.34,  19.32,  19.80
19961026, 0600,  , TS, 36.7N, 154.4E,  55,    0,    0,    0,    0,    0,    0,    0,    0,    0,    0,    0,    0,    0, -999,    nan,    nan,    nan,  22.03,  21.99,  21.24,  21.39,  21.28,  20.91,  20.26,  20.05,  20.33,  20.65,  20.18,  19.96,  19.34,  17.91,  17.21,  17.34,  17.80,  17.94,  17.46,  16.57,  15.83,  16.36,  16.20,  16.10,  15.29,  16.71,  16.87,  16.38
19961026, 1200,  , TS, 38.2N, 157.4E,  50,    0,    0,    0,    0,    0,    0,    0,    0,    0,    0,    0,    0,    0, -999,    nan,    nan,    nan,  12.88,  12.52,  12.85,  12.92,  12.64,  13.11,  13.42,  13.15,  13.42,  13.49,  12.31,  12.38,  11.87,  10.83,  14.02,  13.76,  15.65,  14.95,  14.79,  15.03,  15.24,  15.61,  16.42,  14.61,  15.87,  15.52,  14.36,  12.58
19961026, 1800,  , TS, 39.9N, 160.5E,  45,    0,    0,    0,    0,    0,    0,    0,    0,    0,    0,    0,    0,    0, -999,    nan,    nan,    nan,  16.33,  15.58,  15.80,  15.16,  15.58,  15.93,  15.44,  15.90,  15.92,  16.56,  16.57,  16.55,  16.13,  16.96,  16.64,  16.82,  16.97,  16.75,  16.82,  16.41,  16.81,  16.83,  16.93,  17.09,  16.95,  16.38,  16.59,  16.97
19961027, 0000,  , TS, 41.9N, 163.6E,  40,    0,    0,    0,    0,    0,    0,    0,    0,    0,    0,    0,    0,    0, -999,    nan,    nan,   6.30,   6.36,   6.43,   6.32,   6.72,   7.30,   7.44,   7.88,   8.45,   8.90,   9.33,   8.94,   8.58,   9.79,   9.33,  11.31,  10.49,   9.99,  10.42,  10.02,  10.00,   9.49,  10.19,   8.87,   9.90,  10.46,  10.43,  11.12,  10.38
