WP351996,            UNNAMED,     17,
19961031, 0600,  , LO, 10.8N, 120.8E,  15,    0,    0,    0,    0,    0,    0,    0,    0,    0,    0,    0,    0,    0, -999,    nan,    nan,    nan,    nan,    nan,    nan,    nan,    nan,    nan,    nan,    nan,    nan,    nan,    nan,    nan,    nan,    nan,    nan,    nan,    nan,    nan,    nan,    nan,    nan,    nan,    nan,    nan,    nan,    nan,    nan,    nan
19961031, 1200,  , LO, 10.8N, 120.1E,  20,    0,    0,    0,    0,    0,    0,    0,    0,    0,    0,    0,    0,    0, -999,    nan,    nan,    nan,    nan,    nan,    nan,    nan,    nan,    nan,    nan,    nan,    nan,    nan,    nan,    nan,    nan,    nan,    nan,    nan,    nan,    nan,    nan,    nan,    nan,    nan,    nan,    nan,    nan,    nan,    nan,    nan
19961031, 1800,  , LO, 10.9N, 119.4E,  20,    0,    0,    0,    0,    0,    0,    0,    0,    0,    0,    0,    0,    0, -999,    nan,    nan,    nan,    nan,    nan,    nan,    nan,    nan,    nan,    nan,    nan,    nan,    nan,    nan,    nan,    nan,    nan,    nan,    nan,    nan,    nan,    nan,    nan,    nan,    nan,    nan,    nan,    nan,    nan,    nan,    nan
19961101, 0000,  , LO, 11.0N, 118.5E,  20,    0,    0,    0,    0,    0,    0,    0,    0,    0,    0,    0,    0,    0, -999,  24.90,  25.05,  25.79,  26.17,  24.94,  27.30,  27.96,  27.93,  28.27,  27.74,  28.18,  28.88,  27.81,  27.69,  28.19,  28.34,  28.25,  28.14,  27.89,  28.56,  26.98,  26.27,  28.35,  28.28,  27.75,  27.38,  27.45,  27.92,  28.13,  28.22,  27.68
19961101, 0600,  , LO, 11.2N, 117.7E,  20,    0,    0,    0,    0,    0,    0,    0,    0,    0,    0,    0,    0,    0, -999,  25.55,  26.95,  26.17,  26.39,  25.43,  28.38,  28.74,  28.72,  29.15,  28.66,  29.06,  29.03,  27.31,  27.28,  27.27,  27.80,  28.48,  28.23,  26.89,  27.19,  25.20,  25.38,  25.22,  23.82,  25.45,  23.69,  25.21,  27.54,  27.97,  28.70,  28.37
19961101, 1200,  , LO, 11.5N, 116.9E,  25,    0,    0,    0,    0,    0,    0,    0,    0,    0,    0,    0,    0,    0, -999,  27.52,  27.15,  26.84,  27.57,  27.77,  27.85,  27.62,  27.68,  27.51,  27.33,  27.23,  26.81,  26.02,  25.17,  25.10,  25.20,  25.70,  22.96,  23.33,  23.53,  23.74,  23.42,  23.66,  23.31,  23.38,  23.29,  23.12,  23.77,  23.90,  27.68,  24.74
19961101, 1800,  , LO, 11.9N, 116.0E,  25,    0,    0,    0,    0,    0,    0,    0,    0,    0,    0,    0,    0,    0, -999,  26.49,  26.98,  26.14,  25.73,  26.14,  25.84,  28.36,  28.28,  27.97,  28.03,  28.09,  24.71,  26.57,  26.35,  22.96,  24.11,  21.99,  19.49,  23.82,  21.46,  24.90,  22.46,  25.25,  22.83,  24.61,  22.70,  25.62,  22.98,  25.16,  24.26,  23.19
19961102, 0000,  , LO, 12.6N, 114.4E,  30,    0,    0,    0,    0,    0,    0,    0,    0,    0,    0,    0,    0,    0, -999,  22.06,  21.38,  21.48,  22.16,  22.05,  20.54,  19.99,  19.98,  19.87,  19.50,  18.89,  18.65,  18.55,  18.72,  18.51,  19.12,  18.83,  19.48,  19.77,  20.60,  21.44,  21.86,  20.43,  20.19,  19.95,  20.86,  21.80,  22.73,  20.66,  21.28,  20.92
19961102, 0600,  , TS, 13.2N, 112.7E,  35,    0,    0,    0,    0,    0,    0,    0,    0,    0,    0,    0,    0,    0, -999,  16.64,  16.22,  15.92,  17.90,  18.81,  19.80,  19.16,  18.61,  18.48,  17.86,  17.75,  18.11,  18.60,  17.83,  17.49,  17.58,  17.23,  17.84,  17.80,  17.84,  19.48,  20.81,  20.92,  20.53,  19.99,  20.54,  21.01,  21.00,  19.82,  20.38,  20.59
19961102, 1200,  , TS, 13.6N, 111.2E,  40,    0,    0,    0,    0,    0,    0,    0,    0,    0,    0,    0,    0,    0, -999,  17.94,  17.92,  17.80,  19.14,  19.12,  19.71,  19.96,  19.21,  19.75,  18.92,  18.47,  18.60,  18.44,  18.22,  17.85,  17.95,  17.46,  17.51,  17.16,  17.00,  17.18,  16.87,  18.03,  18.09,  18.56,  19.11,  19.08,  19.65,  19.27,  19.82,  18.51
19961102, 1800,  , TS, 14.0N, 109.3E,  40,    0,    0,    0,    0,    0,    0,    0,    0,    0,    0,    0,    0,    0, -999,  26.60,  27.49,  27.55,  27.39,  27.78,  27.55,  27.62,  27.24,  27.31,  27.81,  27.68,  27.41,  27.52,  26.05,  26.32,  26.47,  26.42,  25.69,  25.87,  26.11,  26.57,  26.80,  26.84,  26.89,  26.98,  27.24,  27.22,  27.19,  27.24,  27.27,  26.83
19961103, 0000,  , TS, 14.4N, 107.2E,  35,    0,    0,    0,    0,    0,    0,    0,    0,    0,    0,    0,    0,    0, -999,    nan,    nan,    nan,    nan,    nan,    nan,    nan,    nan,    nan,    nan,    nan,    nan,    nan,    nan,    nan,    nan,    nan,    nan,    nan,    nan,    nan,    nan,    nan,    nan,    nan,    nan,    nan,    nan,    nan,    nan,    nan
19961103, 0600,  , LO, 14.7N, 105.3E,  30,    0,    0,    0,    0,    0,    0,    0,    0,    0,    0,    0,    0,    0, -999,    nan,    nan,    nan,    nan,    nan,    nan,    nan,    nan,    nan,    nan,    nan,    nan,    nan,    nan,    nan,    nan,    nan,    nan,    nan,    nan,    nan,    nan,    nan,    nan,    nan,    nan,    nan,    nan,    nan,    nan,    nan
19961103, 1200,  , LO, 14.8N, 103.8E,  30,    0,    0,    0,    0,    0,    0,    0,    0,    0,    0,    0,    0,    0, -999,    nan,    nan,    nan,    nan,    nan,    nan,    nan,    nan,    nan,    nan,    nan,    nan,    nan,    nan,    nan,    nan,    nan,    nan,    nan,    nan,    nan,    nan,    nan,    nan,    nan,    nan,    nan,    nan,    nan,    nan,    nan
19961103, 1800,  , LO, 15.4N, 102.6E,  25,    0,    0,    0,    0,    0,    0,    0,    0,    0,    0,    0,    0,    0, -999,    nan,    nan,    nan,    nan,    nan,    nan,    nan,    nan,    nan,    nan,    nan,    nan,    nan,    nan,    nan,    nan,    nan,    nan,    nan,    nan,    nan,    nan,    nan,    nan,    nan,    nan,    nan,    nan,    nan,    nan,    nan
19961104, 0000,  , LO, 16.4N, 102.2E,  20,    0,    0,    0,    0,    0,    0,    0,    0,    0,    0,    0,    0,    0, -999,    nan,    nan,    nan,    nan,    nan,    nan,    nan,    nan,    nan,    nan,    nan,    nan,    nan,    nan,    nan,    nan,    nan,    nan,    nan,    nan,    nan,    nan,    nan,    nan,    nan,    nan,    nan,    nan,    nan,    nan,    nan
19961104, 0600,  , LO, 17.3N, 102.2E,  20,    0,    0,    0,    0,    0,    0,    0,    0,    0,    0,    0,    0,    0, -999,    nan,    nan,    nan,    nan,    nan,    nan,    nan,    nan,    nan,    nan,    nan,    nan,    nan,    nan,    nan,    nan,    nan,    nan,    nan,    nan,    nan,    nan,    nan,    nan,    nan,    nan,    nan,    nan,    nan,    nan,    nan
