WP351996,            UNNAMED,     17,
19961031, 0600,  , LO, 10.8N, 120.8E,  15,    0,    0,    0,    0,    0,    0,    0,    0,    0,    0,    0,    0,    0, -999,    nan,    nan,    nan,    nan,    nan,    nan,    nan,    nan,    nan,    nan,    nan,    nan,    nan,    nan,    nan,    nan,    nan,    nan,    nan,    nan,    nan,    nan,    nan,    nan,    nan,    nan,    nan,    nan,    nan,    nan,    nan
19961031, 1200,  , LO, 10.8N, 120.1E,  20,    0,    0,    0,    0,    0,    0,    0,    0,    0,    0,    0,    0,    0, -999,  33.89,  33.90,  33.90,  33.89,  33.87,  33.86,  33.86,  33.85,  33.83,  33.80,  33.79,  33.75,  33.75,  33.76,  33.77,  33.76,  33.72,  33.71,  33.70,  33.70,  33.69,  33.70,  33.72,  33.73,  33.73,  33.69,  33.68,  33.72,  33.73,  33.74,  33.73
19961031, 1800,  , LO, 10.9N, 119.4E,  20,    0,    0,    0,    0,    0,    0,    0,    0,    0,    0,    0,    0,    0, -999,    nan,    nan,    nan,    nan,    nan,    nan,    nan,    nan,    nan,    nan,    nan,    nan,    nan,    nan,    nan,    nan,    nan,    nan,    nan,    nan,    nan,    nan,    nan,    nan,    nan,    nan,    nan,    nan,    nan,    nan,    nan
19961101, 0000,  , LO, 11.0N, 118.5E,  20,    0,    0,    0,    0,    0,    0,    0,    0,    0,    0,    0,    0,    0, -999,  33.71,  33.73,  33.72,  33.73,  33.75,  33.70,  33.68,  33.73,  33.74,  33.75,  33.79,  33.80,  33.80,  33.79,  33.83,  33.82,  33.77,  33.81,  33.79,  33.75,  33.74,  33.73,  33.63,  33.59,  33.47,  33.42,  33.46,  33.48,  33.50,  33.52,  33.52
19961101, 0600,  , LO, 11.2N, 117.7E,  20,    0,    0,    0,    0,    0,    0,    0,    0,    0,    0,    0,    0,    0, -999,  33.80,  33.80,  33.79,  33.79,  33.80,  33.74,  33.73,  33.73,  33.76,  33.75,  33.72,  33.73,  33.72,  33.74,  33.76,  33.79,  33.81,  33.69,  33.66,  33.53,  33.54,  33.50,  33.48,  33.48,  33.46,  33.47,  33.49,  33.51,  33.52,  33.53,  33.54
19961101, 1200,  , LO, 11.5N, 116.9E,  25,    0,    0,    0,    0,    0,    0,    0,    0,    0,    0,    0,    0,    0, -999,  33.73,  33.75,  33.76,  33.76,  33.77,  33.76,  33.77,  33.78,  33.79,  33.78,  33.78,  33.79,  33.77,  33.77,  33.78,  33.83,  33.70,  33.71,  33.67,  33.71,  33.67,  33.72,  33.66,  33.71,  33.61,  33.54,  33.60,  33.59,  33.65,  33.67,  33.67
19961101, 1800,  , LO, 11.9N, 116.0E,  25,    0,    0,    0,    0,    0,    0,    0,    0,    0,    0,    0,    0,    0, -999,  33.74,  33.74,  33.74,  33.74,  33.74,  33.70,  33.70,  33.70,  33.70,  33.70,  33.67,  33.67,  33.67,  33.71,  33.74,  33.73,  33.67,  33.69,  33.70,  33.63,  33.75,  33.69,  33.66,  33.59,  33.63,  33.53,  33.54,  33.56,  33.56,  33.55,  33.55
19961102, 0000,  , LO, 12.6N, 114.4E,  30,    0,    0,    0,    0,    0,    0,    0,    0,    0,    0,    0,    0,    0, -999,  33.44,  33.55,  33.54,  33.58,  33.59,  33.55,  33.58,  33.60,  33.53,  33.53,  33.50,  33.51,  33.49,  33.48,  33.53,  33.38,  33.49,  33.47,  33.46,  33.42,  33.51,  33.45,  33.31,  33.27,  33.27,  33.46,  33.34,  33.29,  33.59,  33.37,  33.76
19961102, 0600,  , TS, 13.2N, 112.7E,  35,    0,    0,    0,    0,    0,    0,    0,    0,    0,    0,    0,    0,    0, -999,  33.77,  33.76,  34.00,  33.74,  33.83,  33.56,  33.55,  33.60,  33.68,  33.60,  33.72,  33.62,  33.76,  33.91,  33.77,  33.62,  33.80,  33.88,  33.89,  33.88,  33.96,  33.83,  33.96,  34.14,  34.24,  34.25,  34.29,  34.33,  34.39,  34.34,  33.85
19961102, 1200,  , TS, 13.6N, 111.2E,  40,    0,    0,    0,    0,    0,    0,    0,    0,    0,    0,    0,    0,    0, -999,  33.66,  33.68,  33.75,  33.78,  33.95,  33.88,  34.22,  34.16,  34.17,  34.25,  34.25,  34.22,  34.20,  34.16,  34.08,  33.97,  33.77,  33.55,  33.53,  33.57,  33.72,  33.84,  34.00,  34.05,  33.94,  34.02,  34.04,  34.19,  33.97,  33.81,  33.79
19961102, 1800,  , TS, 14.0N, 109.3E,  40,    0,    0,    0,    0,    0,    0,    0,    0,    0,    0,    0,    0,    0, -999,  33.25,  33.33,  33.33,  33.29,  33.18,  33.24,  33.25,  33.13,  33.05,  32.95,  32.85,  32.77,  33.06,  33.38,  33.46,  33.42,  33.35,  33.38,  33.50,  33.56,  33.45,  33.30,  33.25,  33.30,  33.22,  33.19,  33.19,  33.16,  33.05,  32.75,  32.90
19961103, 0000,  , TS, 14.4N, 107.2E,  35,    0,    0,    0,    0,    0,    0,    0,    0,    0,    0,    0,    0,    0, -999,    nan,    nan,    nan,    nan,    nan,    nan,    nan,    nan,    nan,    nan,    nan,    nan,    nan,    nan,    nan,    nan,    nan,    nan,    nan,    nan,    nan,    nan,    nan,    nan,    nan,    nan,    nan,    nan,    nan,    nan,    nan
19961103, 0600,  , LO, 14.7N, 105.3E,  30,    0,    0,    0,    0,    0,    0,    0,    0,    0,    0,    0,    0,    0, -999,    nan,    nan,    nan,    nan,    nan,    nan,    nan,    nan,    nan,    nan,    nan,    nan,    nan,    nan,    nan,    nan,    nan,    nan,    nan,    nan,    nan,    nan,    nan,    nan,    nan,    nan,    nan,    nan,    nan,    nan,    nan
19961103, 1200,  , LO, 14.8N, 103.8E,  30,    0,    0,    0,    0,    0,    0,    0,    0,    0,    0,    0,    0,    0, -999,    nan,    nan,    nan,    nan,    nan,    nan,    nan,    nan,    nan,    nan,    nan,    nan,    nan,    nan,    nan,    nan,    nan,    nan,    nan,    nan,    nan,    nan,    nan,    nan,    nan,    nan,    nan,    nan,    nan,    nan,    nan
19961103, 1800,  , LO, 15.4N, 102.6E,  25,    0,    0,    0,    0,    0,    0,    0,    0,    0,    0,    0,    0,    0, -999,    nan,    nan,    nan,    nan,    nan,    nan,    nan,    nan,    nan,    nan,    nan,    nan,    nan,    nan,    nan,    nan,    nan,    nan,    nan,    nan,    nan,    nan,    nan,    nan,    nan,    nan,    nan,    nan,    nan,    nan,    nan
19961104, 0000,  , LO, 16.4N, 102.2E,  20,    0,    0,    0,    0,    0,    0,    0,    0,    0,    0,    0,    0,    0, -999,    nan,    nan,    nan,    nan,    nan,    nan,    nan,    nan,    nan,    nan,    nan,    nan,    nan,    nan,    nan,    nan,    nan,    nan,    nan,    nan,    nan,    nan,    nan,    nan,    nan,    nan,    nan,    nan,    nan,    nan,    nan
19961104, 0600,  , LO, 17.3N, 102.2E,  20,    0,    0,    0,    0,    0,    0,    0,    0,    0,    0,    0,    0,    0, -999,    nan,    nan,    nan,    nan,    nan,    nan,    nan,    nan,    nan,    nan,    nan,    nan,    nan,    nan,    nan,    nan,    nan,    nan,    nan,    nan,    nan,    nan,    nan,    nan,    nan,    nan,    nan,    nan,    nan,    nan,    nan
