WP361994,            UNNAMED,     24,
19941021, 1200,  , LO, 25.3N, 172.2W,  15,    0,    0,    0,    0,    0,    0,    0,    0,    0,    0,    0,    0,    0, -999,  26.70,  26.72,  26.67,  26.80,  27.02,  27.42,  27.58,  27.50,  27.33,  27.31,  27.30,  27.22,  27.20,  27.08,  27.24,  27.20,  27.12,  27.08,  27.05,  26.86,  26.87,  26.69,  26.67,  26.69,  26.84,  26.38,  25.88,  25.93,  25.59,  25.35,  25.22
19941021, 1800,  , LO, 25.0N, 173.5W,  20,    0,    0,    0,    0,    0,    0,    0,    0,    0,    0,    0,    0,    0, -999,  26.96,  26.94,  26.82,  26.74,  26.96,  27.45,  27.61,  27.60,  27.35,  27.14,  27.21,  26.79,  26.55,  26.24,  26.32,  26.41,  26.54,  26.68,  26.57,  26.02,  26.06,  26.14,  26.17,  26.27,  26.44,  26.47,  26.29,  26.68,  26.26,  25.49,  25.72
19941022, 0000,  , LO, 24.7N, 175.1W,  20,    0,    0,    0,    0,    0,    0,    0,    0,    0,    0,    0,    0,    0, -999,  26.77,  26.60,  26.62,  27.14,  27.66,  27.54,  27.40,  27.08,  27.21,  27.43,  27.15,  27.10,  26.65,  26.73,  26.75,  26.84,  26.63,  26.70,  26.34,  26.02,  25.87,  25.91,  26.33,  26.75,  26.37,  26.03,  25.95,  25.72,  25.66,  25.93,  26.14
19941022, 0600,  , LO, 24.3N, 177.0W,  20,    0,    0,    0,    0,    0,    0,    0,    0,    0,    0,    0,    0,    0, -999,  27.03,  26.39,  26.84,  27.21,  27.21,  27.02,  27.00,  27.28,  27.25,  27.35,  27.03,  26.35,  25.84,  25.80,  25.77,  25.82,  26.08,  26.40,  26.31,  25.92,  25.81,  25.80,  26.01,  26.31,  26.08,  25.71,  25.48,  25.52,  25.45,  25.47,  25.67
19941022, 1200,  , LO, 24.1N, 179.3W,  25,    0,    0,    0,    0,    0,    0,    0,    0,    0,    0,    0,    0,    0, -999,  27.62,  27.67,  27.62,  27.82,  27.36,  27.42,  27.60,  27.39,  27.33,  27.36,  27.30,  27.35,  27.12,  26.46,  26.34,  26.16,  26.37,  26.73,  26.54,  26.42,  26.22,  25.93,  26.37,  26.60,  26.62,  26.34,  26.11,  26.34,  26.02,  25.95,  25.88
19941022, 1800,  , LO, 23.9N, 178.2E,  25,    0,    0,    0,    0,    0,    0,    0,    0,    0,    0,    0,    0,    0, -999,  27.44,  27.48,  27.63,  28.05,  27.33,  27.59,  28.14,  28.16,  28.11,  28.26,  28.23,  28.27,  27.96,  27.54,  27.45,  26.91,  26.89,  27.15,  27.17,  27.20,  27.41,  27.37,  27.39,  27.38,  27.12,  26.98,  26.99,  27.04,  27.02,  26.96,  26.64
19941023, 0000,  , LO, 23.8N, 175.7E,  25,    0,    0,    0,    0,    0,    0,    0,    0,    0,    0,    0,    0,    0, -999,  26.65,  26.75,  27.13,  27.21,  27.20,  27.21,  27.20,  26.90,  26.66,  26.68,  26.54,  26.60,  26.40,  26.48,  26.35,  26.47,  26.42,  26.39,  26.32,  26.25,  26.47,  26.83,  27.15,  26.98,  26.76,  26.70,  26.59,  26.49,  26.55,  26.43,  26.34
19941023, 0600,  , LO, 23.9N, 173.2E,  30,    0,    0,    0,    0,    0,    0,    0,    0,    0,    0,    0,    0,    0, -999,  26.36,  26.40,  26.50,  26.57,  26.59,  26.72,  26.64,  26.49,  26.35,  26.37,  26.25,  26.14,  26.25,  26.01,  25.94,  26.07,  25.82,  25.77,  25.89,  26.11,  26.30,  26.29,  26.34,  25.74,  25.63,  25.53,  25.49,  25.52,  25.23,  25.38,  25.18
19941023, 1200,  , LO, 24.0N, 170.7E,  30,    0,    0,    0,    0,    0,    0,    0,    0,    0,    0,    0,    0,    0, -999,  27.29,  27.29,  27.14,  27.16,  27.03,  27.69,  27.51,  27.38,  27.41,  27.37,  27.24,  27.03,  26.60,  26.32,  26.27,  26.43,  26.37,  26.27,  26.56,  26.51,  26.57,  26.62,  26.64,  26.36,  26.28,  26.21,  26.16,  26.01,  25.82,  25.67,  25.44
19941023, 1800,  , TS, 24.3N, 168.1E,  35,    0,    0,    0,    0,    0,    0,    0,    0,    0,    0,    0,    0,    0, -999,  26.70,  26.61,  26.62,  26.70,  27.64,  27.48,  27.44,  27.33,  27.14,  27.04,  26.82,  26.85,  26.98,  26.90,  26.70,  26.60,  26.55,  26.95,  27.28,  27.01,  26.80,  26.74,  26.40,  26.35,  26.38,  26.35,  26.28,  26.28,  26.27,  26.31,  26.39
19941024, 0000,  , TS, 24.4N, 165.6E,  35,    0,    0,    0,    0,    0,    0,    0,    0,    0,    0,    0,    0,    0, -999,  26.69,  26.65,  26.91,  27.21,  27.16,  26.91,  26.84,  26.53,  26.40,  26.28,  26.26,  26.49,  26.24,  25.85,  25.91,  26.16,  26.53,  26.53,  26.26,  26.26,  26.24,  26.24,  26.20,  25.92,  25.94,  25.70,  25.52,  25.47,  25.50,  25.44,  25.60
19941024, 0600,  , TS, 24.8N, 163.2E,  35,    0,    0,    0,    0,    0,    0,    0,    0,    0,    0,    0,    0,    0, -999,  26.63,  26.46,  26.93,  27.06,  26.89,  26.73,  26.64,  26.45,  26.56,  26.53,  26.46,  26.40,  26.30,  25.95,  26.01,  26.01,  26.23,  26.44,  26.25,  26.24,  26.58,  26.80,  26.05,  25.79,  25.92,  25.98,  26.31,  26.05,  25.72,  25.89,  26.01
19941024, 1200,  , TS, 25.2N, 161.3E,  35,    0,    0,    0,    0,    0,    0,    0,    0,    0,    0,    0,    0,    0, -999,  26.50,  26.47,  26.96,  27.14,  26.78,  26.63,  26.76,  26.69,  26.96,  26.91,  26.67,  26.58,  26.44,  26.21,  26.09,  26.09,  26.09,  26.24,  26.28,  26.54,  26.66,  26.69,  26.33,  26.29,  26.45,  26.02,  25.93,  25.78,  25.70,  25.91,  26.30
19941024, 1800,  , TS, 25.6N, 159.7E,  35,    0,    0,    0,    0,    0,    0,    0,    0,    0,    0,    0,    0,    0, -999,  26.29,  26.45,  26.80,  27.17,  27.23,  27.17,  26.81,  27.01,  26.94,  26.89,  26.80,  26.59,  26.50,  26.37,  26.03,  26.14,  26.17,  26.35,  26.32,  26.84,  26.83,  26.74,  26.54,  26.50,  26.21,  26.07,  26.03,  25.94,  25.97,  25.96,  26.02
19941025, 0000,  , TS, 25.9N, 158.4E,  35,    0,    0,    0,    0,    0,    0,    0,    0,    0,    0,    0,    0,    0, -999,  26.72,  26.45,  26.36,  26.34,  26.61,  26.42,  26.60,  26.53,  26.64,  26.71,  26.64,  26.67,  26.68,  26.43,  26.51,  26.48,  26.48,  26.40,  26.76,  26.92,  26.91,  26.77,  26.80,  26.28,  25.82,  25.86,  25.88,  26.15,  26.16,  26.09,  25.87
19941025, 0600,  , LO, 26.0N, 157.2E,  30,    0,    0,    0,    0,    0,    0,    0,    0,    0,    0,    0,    0,    0, -999,  26.71,  26.65,  26.59,  26.74,  26.80,  26.88,  27.07,  27.07,  27.26,  27.34,  27.26,  27.15,  27.15,  26.99,  26.93,  26.91,  26.91,  26.82,  27.37,  27.53,  27.36,  27.34,  27.38,  26.93,  26.75,  26.64,  26.59,  27.00,  26.97,  26.93,  26.82
19941025, 1200,  , LO, 25.9N, 156.1E,  30,    0,    0,    0,    0,    0,    0,    0,    0,    0,    0,    0,    0,    0, -999,  25.91,  25.78,  26.05,  26.25,  26.46,  26.59,  26.73,  26.74,  27.10,  27.11,  27.10,  26.77,  26.99,  26.85,  26.80,  26.81,  26.84,  26.85,  27.12,  27.43,  27.32,  27.39,  27.58,  27.38,  27.50,  27.31,  27.14,  27.30,  27.21,  27.04,  27.00
19941025, 1800,  , LO, 26.0N, 155.0E,  30,    0,    0,    0,    0,    0,    0,    0,    0,    0,    0,    0,    0,    0, -999,  27.98,  27.78,  27.76,  27.61,  27.44,  27.34,  27.38,  27.34,  27.90,  27.64,  27.46,  26.99,  26.90,  26.64,  26.68,  26.66,  26.66,  26.57,  26.41,  26.59,  26.63,  26.67,  26.96,  26.49,  26.67,  26.62,  26.44,  26.65,  26.84,  26.66,  26.64
19941026, 0000,  , LO, 26.3N, 154.2E,  25,    0,    0,    0,    0,    0,    0,    0,    0,    0,    0,    0,    0,    0, -999,  27.72,  27.59,  27.09,  26.81,  26.92,  27.10,  27.08,  27.70,  27.68,  27.52,  26.81,  26.40,  26.07,  26.15,  26.01,  26.06,  26.23,  26.14,  25.74,  25.49,  25.49,  25.81,  25.70,  26.30,  26.48,  26.48,  26.63,  26.84,  26.69,  26.48,  26.01
19941026, 0600,  , LO, 26.8N, 153.7E,  25,    0,    0,    0,    0,    0,    0,    0,    0,    0,    0,    0,    0,    0, -999,  27.63,  27.53,  26.97,  27.11,  27.14,  27.01,  26.92,  27.09,  27.17,  27.02,  26.84,  26.74,  26.57,  26.62,  26.56,  26.52,  26.69,  26.28,  25.96,  25.95,  25.98,  26.34,  26.05,  26.05,  26.07,  25.86,  25.97,  26.07,  25.99,  26.08,  25.97
19941026, 1200,  , LO, 27.6N, 153.4E,  25,    0,    0,    0,    0,    0,    0,    0,    0,    0,    0,    0,    0,    0, -999,  26.25,  26.16,  25.80,  26.13,  26.33,  26.35,  26.47,  26.53,  26.66,  26.54,  26.51,  26.58,  26.43,  26.40,  26.28,  26.21,  26.67,  26.56,  26.31,  26.01,  25.82,  26.41,  26.30,  25.81,  25.77,  25.56,  25.70,  25.72,  25.48,  25.40,  25.56
19941026, 1800,  , LO, 28.6N, 153.4E,  25,    0,    0,    0,    0,    0,    0,    0,    0,    0,    0,    0,    0,    0, -999,  26.24,  26.25,  26.30,  26.34,  26.42,  26.08,  26.24,  26.35,  26.44,  26.40,  26.56,  26.71,  26.30,  26.20,  26.05,  25.91,  26.08,  26.56,  26.51,  25.78,  25.52,  25.96,  26.16,  25.73,  25.78,  25.65,  25.54,  25.52,  25.19,  25.24,  25.85
19941027, 0000,  , LO, 29.8N, 153.4E,  20,    0,    0,    0,    0,    0,    0,    0,    0,    0,    0,    0,    0,    0, -999,  25.88,  25.76,  26.43,  26.23,  26.35,  26.27,  26.35,  26.37,  25.76,  25.72,  26.05,  26.04,  25.84,  25.89,  25.61,  25.32,  25.72,  25.93,  25.67,  25.18,  25.53,  25.75,  25.42,  25.54,  25.62,  25.16,  25.14,  24.98,  24.94,  25.28,  25.48
19941027, 0600,  , LO, 31.1N, 153.6E,  20,    0,    0,    0,    0,    0,    0,    0,    0,    0,    0,    0,    0,    0, -999,  25.91,  25.86,  26.14,  26.15,  26.28,  26.20,  26.01,  26.27,  25.55,  25.24,  25.58,  25.56,  25.42,  25.61,  25.51,  25.50,  25.59,  25.52,  25.88,  25.43,  24.99,  24.97,  25.46,  25.27,  25.26,  24.58,  24.42,  24.21,  23.99,  23.74,  23.73
