WP361996,            UNNAMED,     50,
19961102, 0000,  , LO,  9.1N, 154.0E,  15,    0,    0,    0,    0,    0,    0,    0,    0,    0,    0,    0,    0,    0, -999,  34.91,  34.92,  34.86,  34.85,  34.83,  34.95,  35.08,  35.12,  35.16,  35.09,  35.08,  35.10,  35.10,  35.12,  35.17,  35.20,  35.19,  35.28,  35.28,  35.30,  35.08,  34.95,  34.88,  34.87,  34.76,  35.01,  35.24,  35.41,  35.25,  35.27,  35.22
19961102, 0600,  , LO,  9.1N, 153.7E,  15,    0,    0,    0,    0,    0,    0,    0,    0,    0,    0,    0,    0,    0, -999,  35.03,  35.02,  34.95,  34.96,  34.96,  35.05,  35.11,  35.11,  35.01,  35.05,  35.10,  35.20,  35.32,  35.40,  35.17,  35.09,  34.99,  35.17,  35.14,  35.12,  35.28,  35.20,  35.06,  35.04,  34.95,  35.12,  35.17,  35.08,  34.98,  35.13,  35.00
19961102, 1200,  , LO,  9.1N, 153.4E,  15,    0,    0,    0,    0,    0,    0,    0,    0,    0,    0,    0,    0,    0, -999,  35.08,  35.06,  34.98,  34.97,  34.92,  35.01,  35.07,  35.15,  35.20,  35.02,  35.01,  34.94,  35.12,  35.15,  34.88,  34.76,  34.76,  34.85,  34.84,  34.65,  35.32,  34.77,  34.52,  35.10,  34.83,  35.37,  35.14,  34.99,  34.83,  35.06,  35.00
19961102, 1800,  , LO,  9.1N, 152.9E,  15,    0,    0,    0,    0,    0,    0,    0,    0,    0,    0,    0,    0,    0, -999,  34.99,  35.00,  34.98,  35.01,  34.98,  35.09,  35.17,  35.20,  35.17,  34.93,  34.75,  34.78,  34.84,  35.03,  34.97,  34.87,  34.71,  34.61,  34.50,  34.50,  34.52,  34.33,  34.30,  34.47,  34.37,  34.54,  34.91,  35.01,  35.13,  35.02,  34.78
19961103, 0000,  , LO,  9.2N, 152.5E,  15,    0,    0,    0,    0,    0,    0,    0,    0,    0,    0,    0,    0,    0, -999,  34.96,  34.99,  34.99,  34.95,  35.09,  35.11,  35.09,  34.94,  34.72,  34.65,  34.59,  34.54,  34.59,  34.61,  34.58,  34.60,  34.88,  35.09,  35.17,  35.08,  34.95,  34.96,  34.75,  34.62,  34.74,  34.75,  34.81,  34.60,  34.74,  34.64,  34.85
19961103, 0600,  , LO,  9.4N, 152.2E,  20,    0,    0,    0,    0,    0,    0,    0,    0,    0,    0,    0,    0,    0, -999,  34.97,  34.99,  35.00,  34.96,  35.03,  35.11,  35.13,  35.02,  34.79,  34.67,  34.60,  34.55,  34.60,  34.59,  34.54,  34.52,  34.69,  34.86,  35.09,  35.09,  34.95,  35.03,  34.87,  34.69,  34.69,  34.76,  34.83,  34.83,  34.97,  34.81,  34.69
19961103, 1200,  , LO,  9.7N, 152.1E,  25,    0,    0,    0,    0,    0,    0,    0,    0,    0,    0,    0,    0,    0, -999,  34.82,  34.86,  34.86,  34.82,  34.85,  34.90,  34.94,  34.92,  34.92,  34.83,  34.70,  34.59,  34.57,  34.54,  34.51,  34.48,  34.53,  34.59,  34.86,  34.86,  34.85,  35.05,  34.73,  34.65,  34.68,  34.74,  34.77,  34.80,  34.92,  34.93,  34.77
19961103, 1800,  , LO,  9.9N, 152.2E,  25,    0,    0,    0,    0,    0,    0,    0,    0,    0,    0,    0,    0,    0, -999,  34.80,  34.76,  34.78,  34.83,  34.85,  34.97,  35.04,  35.06,  35.06,  34.91,  34.73,  34.65,  34.64,  34.64,  34.58,  34.58,  34.72,  34.82,  35.48,  35.17,  35.04,  35.34,  35.24,  34.98,  35.02,  34.94,  34.84,  34.60,  35.03,  34.88,  34.88
19961104, 0000,  , LO,  9.9N, 151.9E,  25,    0,    0,    0,    0,    0,    0,    0,    0,    0,    0,    0,    0,    0, -999,  34.70,  34.86,  34.85,  34.84,  34.84,  34.90,  34.87,  34.86,  34.98,  34.75,  34.63,  34.64,  34.57,  34.48,  34.43,  34.47,  34.48,  34.70,  34.97,  34.95,  34.89,  34.79,  34.53,  34.67,  34.77,  34.78,  34.79,  35.00,  34.99,  34.99,  34.71
19961104, 0600,  , LO, 10.0N, 152.0E,  30,    0,    0,    0,    0,    0,    0,    0,    0,    0,    0,    0,    0,    0, -999,  34.69,  34.91,  34.74,  34.78,  34.84,  34.95,  34.98,  34.98,  35.08,  34.86,  34.67,  34.60,  34.61,  34.56,  34.55,  34.59,  34.64,  35.30,  35.02,  34.73,  35.12,  34.99,  34.68,  34.75,  34.81,  34.86,  34.84,  34.94,  34.99,  34.88,  34.61
19961104, 1200,  , TS,  9.9N, 151.9E,  35,    0,    0,    0,    0,    0,    0,    0,    0,    0,    0,    0,    0,    0, -999,  34.70,  34.86,  34.85,  34.84,  34.84,  34.90,  34.87,  34.86,  34.98,  34.75,  34.63,  34.64,  34.57,  34.48,  34.43,  34.47,  34.48,  34.70,  34.97,  34.95,  34.89,  34.79,  34.53,  34.67,  34.77,  34.78,  34.79,  35.00,  34.99,  34.99,  34.71
19961104, 1800,  , TS, 10.1N, 151.9E,  35,    0,    0,    0,    0,    0,    0,    0,    0,    0,    0,    0,    0,    0, -999,  34.71,  34.95,  34.91,  34.87,  34.85,  34.89,  34.89,  34.90,  35.03,  34.88,  34.67,  34.60,  34.56,  34.49,  34.45,  34.50,  34.51,  34.79,  35.02,  34.77,  35.06,  34.80,  34.47,  34.57,  34.74,  34.71,  34.80,  35.02,  35.00,  34.97,  34.72
19961105, 0000,  , TS, 10.2N, 152.0E,  35,    0,    0,    0,    0,    0,    0,    0,    0,    0,    0,    0,    0,    0, -999,  34.95,  34.76,  34.86,  34.86,  34.89,  34.94,  35.01,  35.11,  34.91,  34.76,  34.67,  34.67,  34.58,  34.56,  34.61,  34.68,  35.25,  35.07,  35.18,  35.09,  35.09,  34.55,  34.79,  34.90,  35.05,  34.90,  34.92,  35.16,  34.98,  34.55,  35.23
19961105, 0600,  , TS, 10.5N, 152.1E,  35,    0,    0,    0,    0,    0,    0,    0,    0,    0,    0,    0,    0,    0, -999,  34.74,  34.74,  34.88,  34.93,  34.95,  34.88,  34.93,  35.15,  34.90,  34.79,  34.71,  34.66,  34.59,  34.58,  34.65,  34.73,  35.22,  35.19,  35.34,  35.21,  35.19,  34.60,  34.93,  34.99,  35.01,  35.05,  35.01,  34.89,  35.27,  34.64,  35.09
19961105, 1200,  , TS, 10.7N, 152.3E,  40,    0,    0,    0,    0,    0,    0,    0,    0,    0,    0,    0,    0,    0, -999,  34.77,  34.84,  35.01,  35.09,  35.09,  34.91,  34.90,  34.92,  34.95,  34.87,  34.98,  34.88,  34.94,  34.86,  34.72,  34.71,  35.25,  35.14,  35.27,  35.19,  35.23,  35.19,  35.28,  35.42,  35.36,  35.30,  35.34,  35.51,  35.42,  34.78,  34.98
19961105, 1800,  , TS, 10.9N, 152.0E,  45,    0,    0,    0,    0,    0,    0,    0,    0,    0,    0,    0,    0,    0, -999,  34.77,  34.80,  34.92,  34.99,  35.13,  34.97,  34.91,  34.88,  34.90,  34.88,  34.93,  34.80,  34.92,  34.92,  34.78,  34.73,  35.16,  35.11,  35.23,  35.13,  35.21,  35.11,  35.27,  35.42,  35.36,  35.31,  35.53,  35.47,  35.26,  35.07,  34.75
19961106, 0000,  , TS, 11.3N, 151.1E,  50,    0,    0,    0,    0,    0,    0,    0,    0,    0,    0,    0,    0,    0, -999,  34.94,  34.92,  34.88,  34.99,  34.83,  34.78,  34.91,  34.89,  34.70,  34.72,  34.67,  34.70,  34.66,  34.50,  34.50,  35.03,  34.91,  35.16,  34.93,  35.13,  34.88,  35.28,  35.36,  35.15,  35.09,  35.01,  34.67,  34.54,  34.83,  35.11,  35.25
19961106, 0600,  , TS, 11.5N, 150.2E,  60,    0,    0,    0,    0,    0,    0,    0,    0,    0,    0,    0,    0,    0, -999,  34.92,  34.82,  34.91,  34.93,  34.87,  34.84,  34.75,  34.95,  34.99,  34.94,  34.99,  34.91,  34.84,  34.65,  34.60,  34.73,  34.77,  35.27,  34.81,  34.64,  34.68,  34.75,  34.80,  34.90,  34.97,  35.00,  35.22,  35.19,  35.01,  34.95,  35.04
19961106, 1200,  , HU, 11.6N, 149.1E,  65,    0,    0,    0,    0,    0,    0,    0,    0,    0,    0,    0,    0,    0, -999,  34.80,  34.79,  34.77,  34.87,  34.88,  34.93,  34.96,  35.00,  35.01,  35.00,  34.97,  34.93,  35.01,  35.11,  35.15,  35.04,  35.12,  35.17,  35.30,  35.01,  35.31,  34.98,  34.96,  34.95,  34.84,  34.72,  34.95,  34.98,  34.98,  34.86,  35.02
19961106, 1800,  , HU, 11.5N, 148.4E,  70,    0,    0,    0,    0,    0,    0,    0,    0,    0,    0,    0,    0,    0, -999,  34.78,  34.78,  34.87,  34.86,  34.85,  34.91,  34.97,  35.02,  35.03,  35.05,  35.01,  35.04,  35.00,  35.02,  35.02,  34.93,  35.09,  35.03,  35.02,  34.94,  35.48,  35.28,  35.23,  34.91,  35.12,  34.75,  35.07,  34.93,  35.10,  35.14,  34.88
19961107, 0000,  , HU, 11.1N, 148.0E,  75,    0,    0,    0,    0,    0,    0,    0,    0,    0,    0,    0,    0,    0, -999,  34.63,  34.73,  34.79,  34.79,  34.81,  34.84,  34.87,  34.91,  34.94,  34.94,  34.97,  35.00,  35.07,  35.06,  35.05,  35.13,  34.87,  35.11,  34.89,  35.05,  35.04,  35.05,  35.13,  35.31,  35.13,  35.48,  34.97,  35.24,  35.47,  35.02,  35.19
19961107, 0600,  , HU, 11.3N, 147.7E,  80,    0,    0,    0,    0,    0,    0,    0,    0,    0,    0,    0,    0,    0, -999,  34.67,  34.75,  34.69,  34.71,  34.73,  34.79,  34.83,  34.89,  34.96,  35.00,  34.98,  34.97,  35.04,  35.06,  35.11,  35.20,  34.93,  35.04,  34.88,  35.04,  34.96,  35.15,  34.99,  35.19,  35.17,  35.49,  35.05,  35.28,  35.43,  35.12,  35.35
19961107, 1200,  , HU, 11.7N, 146.1E,  90,    0,    0,    0,    0,    0,    0,    0,    0,    0,    0,    0,    0,    0, -999,  35.09,  35.07,  35.05,  35.07,  35.10,  35.13,  35.01,  35.03,  35.03,  34.95,  34.84,  34.81,  34.84,  34.77,  34.78,  34.86,  35.04,  34.92,  34.95,  35.10,  34.74,  35.18,  34.99,  34.91,  35.13,  35.19,  35.13,  35.09,  35.20,  35.34,  35.37
19961107, 1800,  , HU, 11.4N, 144.5E,  90,    0,    0,    0,    0,    0,    0,    0,    0,    0,    0,    0,    0,    0, -999,  34.79,  34.75,  34.74,  34.77,  34.84,  34.91,  34.98,  34.89,  34.83,  34.76,  34.77,  34.83,  34.90,  34.89,  34.94,  34.94,  34.90,  34.87,  34.76,  34.99,  34.90,  34.83,  34.92,  34.88,  35.12,  34.92,  34.95,  34.96,  34.96,  34.95,  34.94
19961108, 0000,  , HU, 11.6N, 143.3E,  90,    0,    0,    0,    0,    0,    0,    0,    0,    0,    0,    0,    0,    0, -999,  35.08,  35.11,  35.18,  35.31,  35.31,  35.29,  35.23,  35.17,  35.15,  35.17,  35.25,  35.28,  35.22,  35.10,  34.98,  34.92,  34.72,  34.71,  34.80,  34.69,  34.74,  35.10,  35.24,  35.22,  34.78,  35.10,  35.13,  35.38,  35.55,  35.64,  35.74
19961108, 0600,  , HU, 11.4N, 142.4E,  90,    0,    0,    0,    0,    0,    0,    0,    0,    0,    0,    0,    0,    0, -999,  34.39,  34.77,  34.21,  34.82,  35.25,  35.02,  34.63,  34.62,  34.62,  34.61,  34.69,  34.89,  34.89,  34.89,  34.93,  35.00,  34.65,  34.72,  34.62,  35.06,  34.96,  34.98,  34.94,  34.91,  34.89,  34.97,  35.11,  35.44,  35.41,  35.17,  35.17
19961108, 1200,  , HU, 11.7N, 141.5E,  90,    0,    0,    0,    0,    0,    0,    0,    0,    0,    0,    0,    0,    0, -999,  34.73,  34.67,  34.44,  34.58,  34.61,  34.70,  34.17,  34.56,  34.62,  34.86,  35.10,  35.21,  35.24,  35.25,  35.29,  35.28,  34.78,  34.75,  34.74,  35.10,  35.21,  34.86,  35.01,  35.05,  35.17,  35.02,  35.17,  35.13,  35.16,  34.98,  34.91
19961108, 1800,  , HU, 12.3N, 140.0E, 100,    0,    0,    0,    0,    0,    0,    0,    0,    0,    0,    0,    0,    0, -999,  35.03,  35.03,  35.00,  34.99,  34.93,  34.85,  35.01,  35.04,  34.99,  35.00,  35.01,  35.08,  35.09,  35.11,  35.16,  35.19,  34.70,  34.78,  34.70,  34.79,  34.75,  34.74,  34.57,  34.76,  34.66,  34.82,  34.66,  34.76,  34.76,  34.93,  35.04
19961109, 0000,  , HU, 12.8N, 138.9E, 115,    0,    0,    0,    0,    0,    0,    0,    0,    0,    0,    0,    0,    0, -999,  35.04,  35.10,  35.11,  35.08,  35.06,  35.08,  35.06,  35.06,  35.07,  35.07,  35.07,  35.06,  35.06,  35.05,  35.05,  34.80,  34.86,  34.56,  34.83,  34.53,  34.62,  34.70,  34.72,  34.74,  34.79,  34.66,  34.83,  34.64,  34.62,  34.62,  34.80
19961109, 0600,  , HU, 13.7N, 137.8E, 130,    0,    0,    0,    0,    0,    0,    0,    0,    0,    0,    0,    0,    0, -999,  34.81,  34.84,  34.85,  34.77,  34.95,  35.00,  34.97,  35.00,  34.98,  34.99,  34.97,  34.95,  34.93,  34.95,  34.86,  34.85,  34.84,  34.63,  34.64,  34.60,  34.58,  34.68,  34.68,  34.91,  34.92,  34.99,  34.97,  34.99,  35.05,  34.92,  35.02
19961109, 1200,  , HU, 14.5N, 136.6E, 140,    0,    0,    0,    0,    0,    0,    0,    0,    0,    0,    0,    0,    0, -999,  35.01,  35.02,  35.03,  35.05,  35.07,  34.98,  34.92,  34.94,  34.90,  34.86,  34.77,  34.74,  34.77,  34.79,  34.76,  34.86,  34.87,  34.87,  34.86,  34.76,  34.82,  34.73,  34.70,  34.63,  34.59,  34.81,  34.60,  34.88,  34.61,  35.03,  34.63
19961109, 1800,  , HU, 15.7N, 135.2E, 140,    0,    0,    0,    0,    0,    0,    0,    0,    0,    0,    0,    0,    0, -999,  34.76,  34.82,  34.95,  35.00,  35.01,  35.05,  35.01,  34.90,  34.89,  34.84,  34.82,  34.80,  34.87,  34.89,  34.91,  34.91,  34.85,  34.81,  35.02,  34.68,  34.74,  34.70,  34.71,  34.66,  34.71,  34.60,  34.61,  34.58,  34.56,  34.58,  34.61
19961110, 0000,  , HU, 16.8N, 133.8E, 140,    0,    0,    0,    0,    0,    0,    0,    0,    0,    0,    0,    0,    0, -999,  34.40,  34.65,  34.77,  34.74,  34.84,  34.88,  34.87,  34.86,  34.87,  34.69,  34.54,  34.55,  34.61,  34.55,  34.53,  34.51,  34.87,  34.72,  34.72,  34.89,  34.84,  34.81,  34.69,  34.74,  34.73,  34.62,  34.63,  34.68,  34.65,  34.70,  34.69
19961110, 0600,  , HU, 17.5N, 132.8E, 140,    0,    0,    0,    0,    0,    0,    0,    0,    0,    0,    0,    0,    0, -999,  34.99,  34.95,  34.91,  34.78,  34.78,  34.72,  34.67,  34.65,  34.66,  34.60,  34.61,  34.73,  34.64,  34.62,  34.54,  34.48,  34.98,  34.62,  34.71,  34.79,  34.69,  34.65,  34.72,  34.62,  34.60,  35.08,  34.58,  34.73,  34.82,  34.72,  34.78
19961110, 1200,  , HU, 18.3N, 132.1E, 140,    0,    0,    0,    0,    0,    0,    0,    0,    0,    0,    0,    0,    0, -999,  34.75,  34.81,  34.84,  34.96,  34.95,  34.90,  34.72,  34.64,  34.88,  34.89,  34.90,  34.86,  34.92,  35.02,  35.04,  35.01,  34.96,  34.66,  34.76,  34.80,  34.70,  34.72,  34.79,  34.77,  34.80,  34.94,  34.98,  35.02,  34.98,  34.99,  35.02
19961110, 1800,  , HU, 19.3N, 131.6E, 140,    0,    0,    0,    0,    0,    0,    0,    0,    0,    0,    0,    0,    0, -999,  34.95,  34.98,  35.01,  35.00,  34.99,  35.03,  34.95,  34.99,  34.91,  34.92,  34.95,  34.94,  34.94,  34.97,  34.97,  35.00,  35.04,  34.62,  34.71,  34.70,  34.87,  34.85,  34.93,  34.91,  34.88,  34.91,  34.92,  34.90,  34.93,  34.99,  34.99
19961111, 0000,  , HU, 20.5N, 131.3E, 130,    0,    0,    0,    0,    0,    0,    0,    0,    0,    0,    0,    0,    0, -999,  34.83,  34.87,  34.89,  34.89,  34.91,  34.92,  34.99,  34.96,  34.99,  35.01,  35.06,  35.01,  35.06,  35.04,  35.03,  34.95,  34.86,  34.84,  34.71,  34.73,  34.76,  34.74,  34.75,  34.69,  34.68,  34.86,  34.84,  34.87,  34.75,  34.88,  34.83
19961111, 0600,  , HU, 21.7N, 131.3E, 130,    0,    0,    0,    0,    0,    0,    0,    0,    0,    0,    0,    0,    0, -999,  34.82,  34.82,  34.87,  34.92,  34.97,  34.98,  35.02,  35.08,  35.11,  35.12,  35.06,  35.02,  35.07,  35.11,  35.13,  35.13,  34.88,  34.86,  34.79,  34.78,  34.82,  34.85,  34.84,  34.80,  34.97,  34.75,  34.81,  34.73,  34.78,  34.76,  34.78
19961111, 1200,  , HU, 22.7N, 131.4E, 130,    0,    0,    0,    0,    0,    0,    0,    0,    0,    0,    0,    0,    0, -999,  34.97,  35.02,  35.12,  35.23,  35.17,  35.15,  35.21,  35.25,  35.22,  35.15,  35.12,  35.14,  35.07,  34.75,  34.75,  34.87,  34.89,  34.86,  34.83,  34.77,  34.80,  34.77,  34.77,  34.75,  34.76,  34.76,  34.75,  34.76,  34.80,  34.80,  34.80
19961111, 1800,  , HU, 23.7N, 131.8E, 125,    0,    0,    0,    0,    0,    0,    0,    0,    0,    0,    0,    0,    0, -999,  35.07,  35.09,  35.07,  35.06,  35.06,  35.10,  35.08,  34.88,  34.89,  34.84,  34.70,  34.76,  34.83,  34.92,  34.92,  34.85,  34.83,  34.78,  34.77,  34.78,  34.76,  34.87,  34.95,  34.72,  34.66,  34.65,  34.60,  34.66,  34.70,  34.69,  34.69
19961112, 0000,  , HU, 24.9N, 132.5E, 115,    0,    0,    0,    0,    0,    0,    0,    0,    0,    0,    0,    0,    0, -999,  34.77,  34.78,  34.73,  34.69,  34.73,  34.77,  34.74,  34.75,  34.74,  34.80,  34.79,  34.78,  34.78,  34.78,  34.79,  34.79,  34.69,  34.87,  34.84,  34.80,  34.85,  34.78,  34.74,  34.70,  34.65,  34.67,  34.74,  34.73,  34.74,  34.70,  34.70
19961112, 0600,  , HU, 26.1N, 133.8E, 115,    0,    0,    0,    0,    0,    0,    0,    0,    0,    0,    0,    0,    0, -999,  34.79,  34.84,  34.77,  34.78,  34.77,  34.75,  34.76,  34.78,  34.78,  34.79,  34.81,  34.81,  34.80,  34.81,  34.84,  34.80,  34.96,  34.97,  34.91,  34.88,  34.86,  34.85,  34.77,  34.68,  34.66,  34.75,  34.79,  34.86,  34.72,  34.65,  34.70
19961112, 1200,  , HU, 27.8N, 136.4E, 105,    0,    0,    0,    0,    0,    0,    0,    0,    0,    0,    0,    0,    0, -999,  34.73,  34.74,  34.76,  34.76,  34.83,  34.84,  34.82,  34.82,  34.78,  34.77,  34.76,  34.77,  34.77,  34.77,  34.77,  34.81,  34.81,  34.84,  34.83,  34.83,  34.82,  34.79,  34.81,  34.86,  34.87,  34.73,  34.76,  34.85,  34.75,  34.75,  34.86
19961112, 1800,  , HU, 29.5N, 139.3E, 105,    0,    0,    0,    0,    0,    0,    0,    0,    0,    0,    0,    0,    0, -999,  34.60,  34.62,  34.63,  34.64,  34.65,  34.67,  34.69,  34.72,  34.77,  34.79,  34.83,  34.83,  34.81,  34.81,  34.76,  34.75,  34.72,  34.66,  34.69,  34.69,  34.68,  34.70,  34.68,  34.61,  34.66,  34.65,  34.70,  34.68,  34.69,  34.76,  34.79
19961113, 0000,  , HU, 31.2N, 143.9E,  90,    0,    0,    0,    0,    0,    0,    0,    0,    0,    0,    0,    0,    0, -999,  34.40,  34.36,  34.37,  34.44,  34.46,  34.49,  34.69,  34.76,  34.72,  34.59,  34.59,  34.57,  34.55,  34.53,  34.47,  34.49,  34.46,  34.71,  34.71,  34.50,  34.43,  34.43,  34.46,  34.53,  34.52,  34.55,  34.59,  34.56,  34.62,  34.61,  34.64
19961113, 0600,  , HU, 32.9N, 148.7E,  80,    0,    0,    0,    0,    0,    0,    0,    0,    0,    0,    0,    0,    0, -999,  34.74,  34.63,  34.64,  34.65,  34.63,  34.62,  34.62,  34.56,  34.43,  34.48,  34.47,  34.47,  34.51,  34.50,  34.55,  34.53,  34.56,  34.54,  34.53,  34.54,  34.57,  34.55,  34.56,  34.51,  34.53,  34.53,  34.50,  34.39,  34.37,  34.44,  34.44
19961113, 1200,  , HU, 34.9N, 154.3E,  70,    0,    0,    0,    0,    0,    0,    0,    0,    0,    0,    0,    0,    0, -999,  34.74,  34.67,  34.64,  34.74,  34.62,  34.62,  34.61,  34.60,  34.48,  34.44,  34.54,  34.57,  34.56,  34.57,  34.58,  34.56,  34.47,  34.32,  34.41,  34.50,  34.42,  34.38,  34.42,  34.54,  34.48,  34.51,  34.46,  34.48,  34.54,  34.50,  34.51
19961113, 1800,  , HU, 37.4N, 160.6E,  65,    0,    0,    0,    0,    0,    0,    0,    0,    0,    0,    0,    0,    0, -999,  34.35,  34.34,  34.33,  34.29,  34.25,  34.25,  34.27,  34.30,  34.30,  34.30,  34.29,  34.28,  34.25,  34.23,  34.26,  34.28,  34.30,  34.33,  34.35,  34.34,  34.34,  34.36,  34.37,  34.37,  34.34,  34.31,  34.31,  34.33,  34.33,  34.32,  34.30
19961114, 0000,  , TS, 40.7N, 167.1E,  60,    0,    0,    0,    0,    0,    0,    0,    0,    0,    0,    0,    0,    0, -999,  34.06,  34.09,  34.13,  34.19,  34.32,  34.42,  34.39,  34.36,  34.35,  34.31,  34.31,  34.28,  34.29,  34.28,  34.23,  34.08,  34.02,  34.02,  34.07,  34.06,  34.06,  34.04,  33.92,  33.92,  33.90,  33.77,  33.95,  33.90,  33.92,  33.93,  33.83
19961114, 0600,  , TS, 43.6N, 174.8E,  55,    0,    0,    0,    0,    0,    0,    0,    0,    0,    0,    0,    0,    0, -999,  33.96,  33.91,  33.88,  33.73,  33.74,  33.73,  33.77,  33.83,  33.84,  33.89,  33.84,  33.77,  33.54,  33.45,  33.60,  33.60,  33.60,  33.65,  33.71,  33.82,  33.70,  33.51,  33.56,  33.54,  33.38,  33.39,  33.36,  33.46,  33.44,  33.57,  33.62
