WP381994,            UNNAMED,     64,
19941210, 1800,  , LO,  5.9N, 164.6E,  15,    0,    0,    0,    0,    0,    0,    0,    0,    0,    0,    0,    0,    0, -999,  24.90,  24.56,  24.95,  25.07,  24.79,  24.94,  24.51,  25.59,  25.56,  25.81,  26.31,  25.84,  26.02,  26.18,    nan,  25.78,  25.66,  25.63,  25.86,  25.73,  25.44,  24.37,  24.46,  26.01,  25.06,  24.35,  24.36,  25.96,  23.52,  23.84,  26.43
19941211, 0000,  , LO,  6.0N, 163.5E,  15,    0,    0,    0,    0,    0,    0,    0,    0,    0,    0,    0,    0,    0, -999,  24.66,  25.10,  26.10,  25.33,  24.72,  24.02,  24.76,  25.69,  26.05,  25.71,  25.57,  25.66,  25.95,    nan,  25.73,  24.95,  23.97,  25.48,  26.02,  26.31,  26.02,  25.65,  25.84,  24.54,  24.23,  23.07,  24.23,  23.64,  22.21,  24.79,  26.93
19941211, 0600,  , LO,  6.1N, 162.4E,  15,    0,    0,    0,    0,    0,    0,    0,    0,    0,    0,    0,    0,    0, -999,  23.98,  24.65,  25.10,  25.41,  24.47,  24.37,  24.14,  25.03,  26.06,  26.55,  24.72,  24.20,  25.97,    nan,  25.74,  26.38,  26.51,  26.50,  25.41,  24.75,  25.24,  25.85,  25.83,  24.55,  23.61,  22.84,  24.12,  23.46,  23.18,  23.90,  25.20
19941211, 1200,  , LO,  6.2N, 161.3E,  20,    0,    0,    0,    0,    0,    0,    0,    0,    0,    0,    0,    0,    0, -999,  23.37,  24.00,  25.18,  25.17,  24.98,  24.08,  24.42,  24.30,  25.27,  24.92,  24.39,  24.53,  24.68,    nan,  25.21,  25.84,  25.25,  24.92,  24.20,  24.98,  25.14,  25.18,  24.95,  25.22,  21.60,  21.62,  22.12,  22.11,  20.64,  23.39,  23.14
19941211, 1800,  , LO,  6.3N, 160.2E,  20,    0,    0,    0,    0,    0,    0,    0,    0,    0,    0,    0,    0,    0, -999,  22.82,  23.61,  24.65,  24.66,  24.62,  24.03,  23.55,  24.35,  25.07,  25.44,  25.49,  25.30,  25.48,    nan,  24.13,  24.77,  25.01,  24.94,  25.76,  24.72,  24.54,  24.15,  24.72,  22.95,  19.77,  21.50,  21.41,  21.14,  21.55,  24.05,  24.31
19941212, 0000,  , LO,  6.4N, 159.1E,  20,    0,    0,    0,    0,    0,    0,    0,    0,    0,    0,    0,    0,    0, -999,  24.27,  24.51,  24.35,  24.61,  23.73,  24.27,  25.14,  24.66,  25.43,  23.47,  24.10,  24.23,    nan,  24.44,  24.70,  24.53,  25.18,  24.83,  24.99,  26.32,  24.45,  23.59,  23.79,  21.35,  21.23,  20.36,  23.20,  21.15,  21.53,  22.16,  22.04
19941212, 0600,  , LO,  6.5N, 158.1E,  20,    0,    0,    0,    0,    0,    0,    0,    0,    0,    0,    0,    0,    0, -999,  25.19,  26.16,  25.61,  25.12,  24.32,  24.00,  24.76,  24.90,  24.96,  25.05,  24.48,  25.07,    nan,  25.02,  25.09,  24.83,  24.56,  24.94,  25.71,  25.61,  23.86,  23.22,  24.62,  23.20,  21.67,  19.49,  21.55,  22.37,  22.96,  22.31,  22.06
19941212, 1200,  , XX,  6.6N, 157.1E,  20,    0,    0,    0,    0,    0,    0,    0,    0,    0,    0,    0,    0,    0, -999,  25.12,  25.26,  25.12,  25.18,  24.14,  23.89,  24.14,  25.10,  24.14,  23.51,  24.04,  24.57,    nan,  24.67,  25.09,  24.80,  24.72,  24.12,  23.47,  24.51,  22.68,  22.67,  23.07,  22.35,  22.22,  21.58,  22.72,  22.57,  23.57,  23.45,  23.18
19941212, 1800,  , XX,  6.7N, 156.1E,  25,    0,    0,    0,    0,    0,    0,    0,    0,    0,    0,    0,    0,    0, -999,  25.20,  25.59,  25.06,  26.00,  24.75,  25.24,  25.66,  26.01,  24.95,  25.13,  24.78,  24.65,    nan,  24.12,  24.19,  24.44,  23.99,  24.13,  23.57,  25.05,  24.63,  24.10,  24.03,  23.38,  23.49,  22.32,  23.94,  23.64,  22.89,  22.91,  24.04
19941213, 0000,  , LO,  6.2N, 155.1E,  25,    0,    0,    0,    0,    0,    0,    0,    0,    0,    0,    0,    0,    0, -999,  26.07,  25.20,  25.80,  25.04,  25.00,  25.16,  24.27,  25.11,  24.98,  24.56,  24.31,    nan,  24.63,  24.56,  24.53,  24.72,  23.86,  24.16,  24.65,  25.03,  24.03,  24.32,  24.02,  22.91,  23.82,  23.94,  24.30,  23.00,  23.93,  25.32,  24.63
19941213, 0600,  , LO,  6.1N, 154.2E,  25,    0,    0,    0,    0,    0,    0,    0,    0,    0,    0,    0,    0,    0, -999,  24.99,  25.83,  25.51,  24.25,  23.37,  24.52,  24.20,  24.68,  23.92,  23.76,  24.00,    nan,  24.63,  24.65,  24.12,  24.96,  24.21,  24.47,  24.82,  25.33,  24.80,  24.15,  25.10,  24.12,  23.75,  24.21,  24.46,  23.96,  23.80,  25.75,  25.53
19941213, 1200,  , LO,  6.1N, 153.3E,  25,    0,    0,    0,    0,    0,    0,    0,    0,    0,    0,    0,    0,    0, -999,  23.57,  23.30,  24.25,  24.02,  23.18,  23.26,  23.25,  22.82,  23.64,  23.19,  23.45,    nan,  24.24,  23.97,  23.99,  24.32,  23.45,  22.97,  23.27,  25.00,  23.64,  24.30,  25.44,  23.82,  23.66,  24.60,  24.28,  24.02,  23.68,  25.05,  25.24
19941213, 1800,  , LO,  6.0N, 152.4E,  25,    0,    0,    0,    0,    0,    0,    0,    0,    0,    0,    0,    0,    0, -999,  22.74,  23.10,  23.30,  23.92,  23.18,  22.77,  21.96,  21.84,  23.14,  22.00,  23.02,    nan,  24.80,  23.95,  24.70,  24.47,  24.07,  22.43,  23.22,  24.94,  22.92,  24.24,  24.31,  23.85,  23.83,  25.02,  24.28,  24.46,  24.72,  23.83,  23.27
19941214, 0000,  , LO,  6.0N, 151.5E,  25,    0,    0,    0,    0,    0,    0,    0,    0,    0,    0,    0,    0,    0, -999,  23.90,  24.47,  23.71,  24.68,  23.42,  23.08,  24.14,  23.43,  23.11,  22.99,    nan,  23.57,  23.49,  23.57,  23.87,  24.48,  23.01,  23.59,  25.19,  24.09,  23.82,  23.22,  23.94,  24.26,  24.79,  22.81,  23.50,  24.04,  22.63,  22.71,  22.58
19941214, 0600,  , LO,  6.1N, 150.6E,  25,    0,    0,    0,    0,    0,    0,    0,    0,    0,    0,    0,    0,    0, -999,  24.99,  24.51,  24.78,  24.83,  23.67,  23.41,  23.69,  23.58,  23.29,  23.53,    nan,  23.89,  23.47,  23.51,  23.17,  22.86,  21.87,  21.55,  23.01,  24.46,  23.04,  22.82,  23.39,  23.32,  22.84,  21.52,  23.24,  23.62,  22.51,  22.45,  23.61
19941214, 1200,  , LO,  6.2N, 149.8E,  25,    0,    0,    0,    0,    0,    0,    0,    0,    0,    0,    0,    0,    0, -999,  25.80,  24.45,  25.53,  25.77,  24.20,  23.51,  23.94,  23.55,  24.04,  23.88,    nan,  24.28,  23.48,  23.37,  23.80,  22.61,  22.19,  21.87,  22.63,  22.73,  22.97,  22.77,  22.62,  22.48,  22.51,  23.11,  23.04,  22.82,  22.72,  23.18,  23.43
19941214, 1800,  , LO,  6.4N, 149.0E,  25,    0,    0,    0,    0,    0,    0,    0,    0,    0,    0,    0,    0,    0, -999,  25.32,  24.96,  25.23,  25.38,  24.67,  24.25,  23.70,  23.95,  23.62,  23.40,    nan,  23.70,  23.26,  22.71,  23.48,  21.89,  22.63,  20.55,  21.75,  21.27,  21.80,  21.92,  21.40,  21.42,  21.92,  22.59,  22.05,  22.66,  22.17,  22.47,  22.85
19941215, 0000,  , XX,  6.7N, 148.2E,  25,    0,    0,    0,    0,    0,    0,    0,    0,    0,    0,    0,    0,    0, -999,  25.25,  25.42,  25.75,  24.66,  24.53,  24.21,  25.18,  24.45,  24.26,    nan,  24.56,  24.34,  23.72,  23.56,  22.18,  22.95,  20.95,  21.84,  22.71,  22.35,  21.86,  22.88,  22.43,  22.49,  22.44,  22.54,  22.56,  21.97,  22.60,  22.29,  22.26
19941215, 0600,  , LO,  6.9N, 147.4E,  30,    0,    0,    0,    0,    0,    0,    0,    0,    0,    0,    0,    0,    0, -999,  25.44,  25.56,  25.59,  24.71,  24.71,  23.91,  25.02,  24.49,  24.07,    nan,  24.72,  25.10,  23.84,  24.22,  23.41,  24.03,  22.64,  21.77,  24.25,  22.43,  22.08,  22.70,  21.68,  21.85,  23.23,  22.57,  22.92,  22.26,  21.91,  22.04,  22.35
19941215, 1200,  , XX,  7.1N, 146.6E,  30,    0,    0,    0,    0,    0,    0,    0,    0,    0,    0,    0,    0,    0, -999,  23.98,  24.37,  24.44,  24.13,  24.11,  24.24,  24.62,  24.59,  23.95,    nan,  24.43,  24.29,  24.21,  24.33,  24.85,  24.78,  24.35,  23.34,  24.12,  24.01,  23.41,  23.69,  22.16,  22.60,  23.74,  23.45,  23.09,  22.67,  23.12,  22.47,  22.87
19941215, 1800,  , XX,  7.5N, 145.8E,  30,    0,    0,    0,    0,    0,    0,    0,    0,    0,    0,    0,    0,    0, -999,  23.59,  24.36,  23.76,  24.05,  24.03,  23.64,  24.05,  23.40,  23.56,    nan,  23.89,  25.03,  25.12,  24.99,  25.47,  24.86,  24.49,  22.65,  24.82,  25.48,  25.04,  24.76,  24.54,  24.30,  24.61,  24.16,  23.03,  23.32,  23.03,  22.29,  23.38
19941216, 0000,  , LO,  7.8N, 144.9E,  30,    0,    0,    0,    0,    0,    0,    0,    0,    0,    0,    0,    0,    0, -999,  23.62,  23.24,  23.13,  22.37,  23.53,  22.76,  23.17,  22.71,    nan,  23.44,  24.31,  24.07,  24.23,  25.22,  24.69,  24.98,  23.24,  22.94,  25.41,  24.25,  25.93,  25.39,  25.45,  24.30,  25.03,  24.11,  23.87,  25.01,  23.37,  23.43,  22.96
19941216, 0600,  , LO,  8.0N, 144.0E,  30,    0,    0,    0,    0,    0,    0,    0,    0,    0,    0,    0,    0,    0, -999,  23.55,  23.04,  23.72,  22.83,  23.34,  23.29,  22.88,  23.60,    nan,  23.78,  23.14,  23.83,  23.94,  23.50,  23.43,  23.73,  22.93,  23.39,  25.35,  23.89,  25.17,  24.57,  24.31,  24.80,  25.13,  24.01,  23.97,  24.87,  23.53,  23.73,  23.91
19941216, 1200,  , TS,  8.3N, 143.1E,  35,    0,    0,    0,    0,    0,    0,    0,    0,    0,    0,    0,    0,    0, -999,  23.72,  23.21,  23.12,  23.57,  22.86,  23.14,  23.59,  23.20,    nan,  22.94,  23.33,  23.84,  24.25,  22.69,  23.76,  22.58,  22.62,  21.85,  23.65,  22.36,  23.07,  24.57,  23.60,  24.65,  24.25,  24.43,  23.71,  23.38,  23.02,  22.34,  24.09
19941216, 1800,  , TS,  8.6N, 142.2E,  35,    0,    0,    0,    0,    0,    0,    0,    0,    0,    0,    0,    0,    0, -999,  24.32,  23.48,  23.98,  23.95,  23.74,  25.05,  23.75,  23.72,    nan,  24.00,  25.06,  25.14,  24.05,  23.79,  24.48,  23.75,  23.97,  23.35,  23.22,  23.05,  22.14,  23.50,  22.34,  22.84,  23.44,  22.68,  23.19,  24.32,  22.63,  21.98,  23.46
19941217, 0000,  , TS,  8.9N, 141.4E,  40,    0,    0,    0,    0,    0,    0,    0,    0,    0,    0,    0,    0,    0, -999,  22.92,  23.95,  24.32,  23.20,  23.71,  22.92,  23.67,    nan,  23.53,  24.44,  23.49,  23.93,  23.13,  23.23,  22.51,  23.00,  21.66,  21.64,  22.07,  20.74,  22.12,  22.32,  21.65,  22.47,  21.98,  22.76,  23.94,  23.51,  23.26,  23.85,  23.70
19941217, 0600,  , TS,  9.2N, 140.6E,  40,    0,    0,    0,    0,    0,    0,    0,    0,    0,    0,    0,    0,    0, -999,  22.21,  23.16,  23.33,  24.13,  24.37,  23.64,  23.32,    nan,  24.38,  24.34,  24.08,  23.74,  23.69,  23.24,  23.26,  23.74,  21.77,  20.96,  23.49,  20.97,  22.10,  22.44,  22.34,  22.84,  22.03,  23.67,  24.17,  23.37,  23.47,  22.63,  22.95
19941217, 1200,  , TS,  9.5N, 139.8E,  45,    0,    0,    0,    0,    0,    0,    0,    0,    0,    0,    0,    0,    0, -999,  23.73,  23.37,  23.51,  23.96,  23.93,  23.57,  22.40,    nan,  23.28,  24.22,  24.08,  24.06,  23.66,  23.03,  22.53,  23.06,  21.71,  20.14,  22.43,  20.68,  20.86,  23.28,  23.11,  24.14,  23.65,  23.52,  23.84,  23.23,  24.15,  23.99,  24.40
19941217, 1800,  , TS,  9.8N, 139.0E,  45,    0,    0,    0,    0,    0,    0,    0,    0,    0,    0,    0,    0,    0, -999,  23.43,  23.95,  23.58,  23.61,  23.89,  23.74,  23.11,    nan,  23.64,  24.13,  24.76,  24.87,  23.84,  24.20,  23.25,  23.68,  21.62,  19.26,  22.12,  19.10,  20.26,  23.11,  23.90,  25.13,  24.93,  25.29,  25.47,  25.63,  25.18,  25.42,  24.35
19941218, 0000,  , TS, 10.1N, 138.2E,  50,    0,    0,    0,    0,    0,    0,    0,    0,    0,    0,    0,    0,    0, -999,  23.80,  23.83,  23.24,  23.76,  23.64,  23.40,    nan,  23.21,  24.35,  24.23,  24.28,  23.44,  23.36,  21.87,  23.43,  22.60,  19.95,  22.25,  19.65,  21.63,  22.32,  22.81,  23.93,  23.70,  23.98,  24.48,  24.75,  25.27,  24.90,  24.92,  23.88
19941218, 0600,  , TS, 10.4N, 137.4E,  55,    0,    0,    0,    0,    0,    0,    0,    0,    0,    0,    0,    0,    0, -999,  24.46,  24.58,  22.72,  24.80,  22.91,  22.62,    nan,  22.83,  23.66,  23.58,  23.73,  23.56,  23.03,  23.32,  23.06,  22.64,  20.61,  21.67,  20.32,  20.90,  21.61,  22.23,  22.76,  22.14,  23.79,  22.67,  23.24,  24.56,  24.27,  24.62,  22.62
19941218, 1200,  , TS, 10.7N, 136.6E,  60,    0,    0,    0,    0,    0,    0,    0,    0,    0,    0,    0,    0,    0, -999,  25.94,  25.58,  24.66,  25.10,  23.88,  24.05,    nan,  22.96,  24.33,  24.12,  23.83,  23.16,  23.27,  23.75,  23.79,  23.69,  21.91,  21.90,  21.50,  21.79,  21.48,  21.93,  22.27,  21.75,  22.63,  23.43,  23.60,  25.27,  23.72,  27.12,  23.62
19941218, 1800,  , HU, 11.0N, 135.7E,  65,    0,    0,    0,    0,    0,    0,    0,    0,    0,    0,    0,    0,    0, -999,  25.36,  26.41,  25.96,  25.65,  26.05,  25.53,    nan,  24.79,  25.57,  24.46,  25.05,  23.59,  24.14,  23.62,  24.24,  23.38,  23.05,  21.61,  22.70,  21.96,  22.45,  21.78,  22.06,  21.57,  21.92,  22.14,  22.12,  23.11,  23.48,  23.14,  23.40
19941219, 0000,  , HU, 11.2N, 134.7E,  70,    0,    0,    0,    0,    0,    0,    0,    0,    0,    0,    0,    0,    0, -999,  27.07,  27.00,  27.70,  26.85,  26.64,    nan,  25.73,  26.04,  26.93,  26.27,  26.06,  25.29,  25.40,  25.76,  24.90,  24.17,  21.74,  22.80,  21.56,  22.13,  22.25,  21.98,  22.43,  22.67,  23.56,  23.82,  23.15,  23.26,  22.64,  23.42,  22.68
19941219, 0600,  , HU, 11.3N, 133.7E,  75,    0,    0,    0,    0,    0,    0,    0,    0,    0,    0,    0,    0,    0, -999,  25.31,  25.41,  25.52,  25.84,  26.11,    nan,  25.86,  26.40,  26.77,  26.34,  26.18,  26.72,  26.85,  27.41,  27.61,  27.36,  23.95,  24.43,  23.59,  23.35,  23.64,  23.15,  23.45,  23.64,  24.10,  24.61,  24.08,  24.14,  25.27,  25.40,  25.82
19941219, 1200,  , HU, 11.3N, 132.6E,  80,    0,    0,    0,    0,    0,    0,    0,    0,    0,    0,    0,    0,    0, -999,  27.84,  26.46,  25.66,  25.52,  25.82,    nan,  25.03,  25.76,  25.99,  25.82,  25.65,  25.22,  25.16,  25.38,  25.71,  27.13,  25.90,  25.59,  27.89,  25.70,  28.29,  24.75,  26.88,  24.51,  25.37,  25.91,  26.71,  26.71,  26.95,  28.36,  27.35
19941219, 1800,  , HU, 11.2N, 131.5E,  85,    0,    0,    0,    0,    0,    0,    0,    0,    0,    0,    0,    0,    0, -999,  25.27,  25.14,  25.39,  24.43,  24.86,    nan,  25.69,  26.15,  25.71,  25.58,  25.88,  25.09,  25.79,  25.55,  24.44,  24.80,  23.56,  22.82,  25.22,  24.41,  25.78,  24.95,  24.90,  24.03,  23.62,  23.44,  23.85,  26.53,  26.83,  26.59,  27.91
19941220, 0000,  , HU, 11.1N, 130.5E,  90,    0,    0,    0,    0,    0,    0,    0,    0,    0,    0,    0,    0,    0, -999,  24.64,  25.08,  24.56,  24.43,    nan,  24.62,  24.52,  24.68,  25.52,  24.81,  25.53,  24.83,  25.18,  24.53,  24.95,  26.14,  22.11,  24.67,  22.96,  24.03,  22.78,  23.40,  22.41,  21.68,  21.88,  22.30,  24.11,  24.29,  23.20,  26.62,  23.25
19941220, 0600,  , HU, 11.1N, 129.5E, 100,    0,    0,    0,    0,    0,    0,    0,    0,    0,    0,    0,    0,    0, -999,  24.34,  24.27,  24.11,  23.92,    nan,  23.70,  24.45,  24.66,  24.60,  24.51,  24.86,  24.48,  24.45,  24.15,  24.68,  25.28,  23.62,  24.83,  23.05,  23.73,  22.81,  22.71,  22.45,  22.68,  22.64,  22.39,  23.47,  21.99,  22.96,  22.71,  22.87
19941220, 1200,  , HU, 11.1N, 128.5E, 115,    0,    0,    0,    0,    0,    0,    0,    0,    0,    0,    0,    0,    0, -999,  24.90,  25.35,  23.78,  23.87,    nan,  24.25,  24.25,  24.17,  24.20,  24.07,  24.53,  24.39,  24.60,  24.33,  24.16,  24.70,  23.77,  23.93,  24.54,  24.37,  24.84,  23.93,  24.13,  22.89,  22.91,  22.81,  22.55,  22.72,  22.86,  23.57,  23.29
19941220, 1800,  , HU, 11.0N, 127.6E, 115,    0,    0,    0,    0,    0,    0,    0,    0,    0,    0,    0,    0,    0, -999,  26.23,  25.84,  24.90,  24.71,    nan,  26.10,  25.58,  26.06,  25.98,  26.40,  26.17,  25.62,  25.74,  24.90,  26.95,  28.09,  27.32,  25.68,  26.01,  25.72,  26.76,  24.97,  26.32,  24.17,  24.49,  23.90,  23.36,  24.05,  23.74,  24.16,  24.21
19941221, 0000,  , HU, 10.9N, 126.7E, 105,    0,    0,    0,    0,    0,    0,    0,    0,    0,    0,    0,    0,    0, -999,  26.63,  26.43,  26.69,    nan,  27.27,  27.28,  26.21,  26.13,  26.97,  27.04,  26.93,  27.07,  27.02,  27.06,  26.70,  26.88,  25.29,  25.95,  25.57,  26.02,  25.88,  25.56,  25.74,  24.84,  24.39,  24.54,  25.31,  25.61,  25.53,  25.51,  26.87
19941221, 0600,  , HU, 10.8N, 125.9E,  95,    0,    0,    0,    0,    0,    0,    0,    0,    0,    0,    0,    0,    0, -999,  25.13,  25.38,  25.22,    nan,  25.39,  25.71,  24.55,  24.77,  23.97,  24.48,  24.35,  24.04,  23.85,  23.85,  24.11,  23.93,  24.00,  23.60,  24.33,  24.07,  25.78,  24.14,  25.10,  25.03,  24.64,  24.49,  24.95,  25.12,  24.48,  25.71,  24.02
19941221, 1200,  , HU, 10.9N, 125.1E,  85,    0,    0,    0,    0,    0,    0,    0,    0,    0,    0,    0,    0,    0, -999,    nan,    nan,    nan,    nan,    nan,    nan,    nan,    nan,    nan,    nan,    nan,    nan,    nan,    nan,    nan,    nan,    nan,    nan,    nan,    nan,    nan,    nan,    nan,    nan,    nan,    nan,    nan,    nan,    nan,    nan,    nan
19941221, 1800,  , HU, 11.2N, 124.2E,  75,    0,    0,    0,    0,    0,    0,    0,    0,    0,    0,    0,    0,    0, -999,  28.09,  27.88,  27.71,    nan,  27.67,  27.58,  27.50,  27.50,  27.28,  27.30,  27.18,  27.09,  26.96,  26.93,  26.81,  26.79,  26.79,  27.09,  27.10,  27.11,  27.17,  27.20,  27.31,  27.12,  27.04,  27.03,  27.05,  27.03,  27.04,  27.13,  27.19
19941222, 0000,  , HU, 11.5N, 123.2E,  70,    0,    0,    0,    0,    0,    0,    0,    0,    0,    0,    0,    0,    0, -999,    nan,    nan,    nan,    nan,    nan,    nan,    nan,    nan,    nan,    nan,    nan,    nan,    nan,    nan,    nan,    nan,    nan,    nan,    nan,    nan,    nan,    nan,    nan,    nan,    nan,    nan,    nan,    nan,    nan,    nan,    nan
19941222, 0600,  , HU, 11.9N, 122.1E,  65,    0,    0,    0,    0,    0,    0,    0,    0,    0,    0,    0,    0,    0, -999,  26.73,  26.67,    nan,  26.70,  26.80,  26.62,  26.55,  26.80,  26.78,  26.57,  26.57,  26.62,  26.64,  26.58,  26.60,  26.59,  26.58,  26.45,  26.16,  26.45,  26.63,  26.65,  26.68,  26.64,  26.34,  25.71,  26.34,  25.85,  26.21,  26.41,  25.85
19941222, 1200,  , HU, 12.3N, 121.0E,  65,    0,    0,    0,    0,    0,    0,    0,    0,    0,    0,    0,    0,    0, -999,  28.23,  28.39,    nan,  28.36,  28.27,  28.07,  28.09,  28.09,  27.89,  27.66,  27.60,  27.60,  27.07,  27.62,  26.90,  26.78,  25.83,  25.57,  25.54,  25.81,  26.14,  25.52,  25.34,  24.32,  24.78,  25.10,  24.88,  25.45,  25.04,  25.21,  24.92
19941222, 1800,  , TS, 12.7N, 120.0E,  60,    0,    0,    0,    0,    0,    0,    0,    0,    0,    0,    0,    0,    0, -999,  23.86,  24.80,    nan,  27.87,  26.75,  26.30,  25.78,  25.06,  23.54,  24.01,  23.21,  21.92,  20.35,  19.61,  19.40,  19.26,  19.03,  19.19,  20.09,  20.22,  20.61,  20.54,  20.75,  20.58,  20.78,  20.47,  20.43,  21.22,  20.53,  19.95,  19.94
19941223, 0000,  , TS, 13.2N, 119.0E,  60,    0,    0,    0,    0,    0,    0,    0,    0,    0,    0,    0,    0,    0, -999,  22.39,    nan,  27.45,  26.60,  25.94,  26.52,  25.79,  25.12,  26.16,  23.46,  25.84,  24.18,  25.71,  24.92,  26.09,  26.68,  22.88,  26.49,  22.56,  24.89,  22.95,  25.45,  23.97,  24.80,  24.80,  24.60,  24.11,  23.98,  22.87,  22.46,  22.25
19941223, 0600,  , TS, 13.7N, 118.1E,  60,    0,    0,    0,    0,    0,    0,    0,    0,    0,    0,    0,    0,    0, -999,  28.33,    nan,  27.75,  27.53,  27.32,  27.59,  27.49,  27.36,  27.50,  27.39,  27.36,  27.50,  27.51,  27.37,  27.34,  27.39,  27.43,  27.00,  26.92,  26.43,  26.62,  26.76,  27.00,  27.13,  27.11,  27.19,  27.49,  26.89,  27.16,  27.22,  26.13
19941223, 1200,  , HU, 14.3N, 117.4E,  65,    0,    0,    0,    0,    0,    0,    0,    0,    0,    0,    0,    0,    0, -999,  27.30,    nan,  23.63,  22.41,  22.47,  23.05,  22.70,  22.60,  22.77,  23.28,  22.50,  22.98,  22.54,  24.70,  24.26,  26.29,  22.04,  21.62,  22.32,  22.73,  21.29,  22.72,  22.00,  22.54,  22.38,  25.52,  25.15,  25.23,  23.80,  22.73,  23.13
19941223, 1800,  , HU, 15.0N, 116.9E,  65,    0,    0,    0,    0,    0,    0,    0,    0,    0,    0,    0,    0,    0, -999,  19.78,    nan,  19.75,  19.71,  19.39,  19.77,  20.30,  20.72,  20.99,  21.37,  21.06,  20.69,  20.44,  21.19,  20.29,  20.79,  21.20,  21.10,  21.66,  22.05,  21.40,  21.76,  21.13,  20.78,  21.43,  21.09,  20.85,  20.93,  21.27,  21.61,  22.04
19941224, 0000,  , TS, 15.7N, 116.6E,  60,    0,    0,    0,    0,    0,    0,    0,    0,    0,    0,    0,    0,    0, -999,    nan,  18.17,  17.92,  17.90,  18.00,  18.58,  19.09,  19.14,  19.61,  19.25,  19.24,  19.31,  19.30,  19.53,  19.63,  19.97,  18.98,  19.09,  18.43,  17.62,  17.88,  18.14,  17.73,  18.81,  18.64,  19.10,  19.27,  19.43,  19.92,  19.49,  20.16
19941224, 0600,  , TS, 16.4N, 116.2E,  50,    0,    0,    0,    0,    0,    0,    0,    0,    0,    0,    0,    0,    0, -999,    nan,  18.21,  18.36,  17.82,  17.78,  17.64,  18.08,  17.92,  18.10,  18.02,  17.96,  18.10,  18.20,  19.12,  19.54,  20.71,  18.56,  19.14,  19.33,  18.73,  18.83,  18.72,  17.92,  17.85,  17.45,  17.34,  16.81,  16.75,  17.77,  17.73,  17.40
19941224, 1200,  , TS, 17.0N, 115.8E,  45,    0,    0,    0,    0,    0,    0,    0,    0,    0,    0,    0,    0,    0, -999,    nan,  20.95,  21.44,  20.62,  20.03,  20.30,  20.45,  20.72,  19.85,  18.87,  18.42,  18.63,  18.63,  18.78,  18.79,  19.30,  18.25,  18.66,  18.11,  17.33,  17.45,  17.88,  18.30,  18.97,  18.89,  19.19,  19.14,  19.23,  19.20,  19.16,  19.02
19941224, 1800,  , TS, 17.5N, 115.3E,  40,    0,    0,    0,    0,    0,    0,    0,    0,    0,    0,    0,    0,    0, -999,    nan,  24.40,  23.99,  21.53,  20.21,  20.80,  21.71,  21.95,  22.18,  21.31,  21.20,  22.09,  22.49,  23.38,  23.59,  24.32,  22.35,  22.39,  21.01,  21.05,  20.03,  19.42,  20.59,  20.50,  19.37,  19.45,  18.90,  19.04,  19.80,  19.97,  20.08
19941225, 0000,  , TS, 17.9N, 115.0E,  35,    0,    0,    0,    0,    0,    0,    0,    0,    0,    0,    0,    0,    0, -999,  26.14,  26.48,  25.51,  24.84,  24.97,  25.08,  24.84,  24.98,  24.95,  25.27,  25.29,  24.45,  24.43,  24.71,  24.54,  24.22,  23.64,  23.58,  23.71,  23.73,  23.62,  23.70,  23.37,  22.93,  22.63,  22.08,  21.68,  21.19,  21.48,  23.25,  23.98
19941225, 0600,  , LO, 18.3N, 114.9E,  30,    0,    0,    0,    0,    0,    0,    0,    0,    0,    0,    0,    0,    0, -999,  26.49,  26.48,  25.80,  25.61,  25.28,  25.07,  25.04,  24.47,  23.07,  23.14,  23.29,  23.27,  24.08,  24.39,  24.73,  25.07,  23.97,  23.80,  23.84,  23.84,  23.86,  23.76,  23.52,  23.43,  22.60,  21.89,  21.79,  21.85,  22.36,  23.05,  22.93
19941225, 1200,  , LO, 18.6N, 115.1E,  25,    0,    0,    0,    0,    0,    0,    0,    0,    0,    0,    0,    0,    0, -999,  26.02,  25.93,  25.27,  25.16,  25.11,  24.94,  24.35,  24.25,  23.65,  23.88,  24.52,  24.70,  24.90,  24.93,  24.87,  24.77,  23.80,  23.60,  23.63,  23.58,  23.73,  23.75,  23.52,  23.39,  22.52,  21.89,  22.14,  22.45,  23.04,  23.41,  23.58
19941225, 1800,  , LO, 18.8N, 115.4E,  25,    0,    0,    0,    0,    0,    0,    0,    0,    0,    0,    0,    0,    0, -999,  25.58,  25.73,  25.38,  25.34,  25.07,  24.74,  24.60,  24.72,  24.71,  25.14,  25.10,  25.04,  25.12,  25.19,  25.02,  24.82,  23.87,  23.49,  23.39,  23.30,  23.55,  23.81,  23.62,  23.50,  22.29,  21.44,  21.59,  21.84,  22.49,  23.47,  23.70
19941226, 0000,  , LO, 18.9N, 115.8E,  25,    0,    0,    0,    0,    0,    0,    0,    0,    0,    0,    0,    0,    0, -999,  25.80,  25.49,  25.52,  25.22,  24.82,  24.66,  24.75,  24.80,  25.12,  25.15,  24.91,  25.11,  25.14,  25.06,  24.87,  23.98,  23.66,  23.34,  22.50,  22.50,  22.15,  23.16,  23.69,  22.16,  21.39,  21.45,  21.36,  21.93,  23.19,  23.53,  23.78
19941226, 0600,  , LO, 19.0N, 116.2E,  20,    0,    0,    0,    0,    0,    0,    0,    0,    0,    0,    0,    0,    0, -999,  25.35,  25.11,  25.26,  25.16,  24.49,  24.08,  24.12,  24.11,  24.12,  24.45,  24.45,  24.71,  24.97,  25.16,  24.93,  24.58,  24.17,  22.82,  22.77,  22.25,  21.18,  21.77,  23.27,  21.79,  21.65,  21.81,  21.56,  21.80,  22.97,  23.46,  23.75
19941226, 1200,  , LO, 19.1N, 116.6E,  20,    0,    0,    0,    0,    0,    0,    0,    0,    0,    0,    0,    0,    0, -999,  25.38,  25.07,  25.38,  25.24,  24.29,  24.04,  24.44,  24.53,  24.82,  25.02,  25.04,  24.96,  24.92,  24.90,  24.54,  24.14,  23.46,  23.29,  22.77,  21.48,  21.02,  22.01,  22.14,  20.86,  21.37,  21.74,  21.59,  22.48,  23.53,  23.86,  23.88
