AL032010,             BONNIE,     18,
20100722, 0600,  , TD, 21.5N,  73.8W,  30, 1009,    0,    0,    0,    0,    0,    0,    0,    0,    0,    0,    0,    0, -999,  36.48,  36.47,  36.47,  36.43,  36.42,  36.41,  36.42,  36.44,  36.44,  36.45,  36.44,  36.42,  36.39,  36.39,  36.40,  36.41,  36.40,  36.40,  36.41,  36.42,  36.41,  36.40,  36.40,  36.40,  36.41,  36.42,  19.97,  36.44,  36.44,  36.44,  36.45
20100722, 1200,  , TD, 21.7N,  74.4W,  30, 1008,    0,    0,    0,    0,    0,    0,    0,    0,    0,    0,    0,    0, -999,  36.21,  36.23,  36.27,  36.27,  36.33,  36.34,  36.35,  36.36,  36.38,  36.35,  36.35,  36.34,  36.36,  36.34,  36.34,  36.41,  36.40,  36.40,  36.41,  36.41,  36.41,  36.42,  36.41,  36.42,  36.43,  36.43,  20.20,  36.42,  36.42,  36.42,  36.43
20100722, 1800,  , TD, 22.2N,  74.9W,  30, 1007,    0,    0,    0,    0,    0,    0,    0,    0,    0,    0,    0,    0, -999,  36.34,  36.28,  36.32,  36.33,  36.35,  36.34,  36.33,  36.31,  36.32,  36.33,  36.32,  36.29,  36.32,  36.31,  36.26,  36.28,  36.30,  36.30,  36.35,  36.34,  36.34,  36.35,  36.35,  36.34,  36.34,  36.37,  20.26,  36.32,  36.32,  36.32,  36.33
20100722, 2315, L, TS, 23.0N,  75.7W,  35, 1006,   30,    0,    0,    0,    0,    0,    0,    0,    0,    0,    0,    0, -999,  36.51,  36.52,  36.53,  36.54,  36.54,  36.52,  36.50,  36.48,  36.47,  36.48,  36.47,  36.46,  36.45,  36.45,  36.44,  36.44,  36.44,  36.40,  36.41,  36.41,  36.42,  36.43,  36.44,  36.45,  36.45,  36.46,  20.05,  36.47,  36.47,  36.44,  36.45
20100723, 0000,  , TS, 23.1N,  75.9W,  35, 1006,   40,    0,    0,    0,    0,    0,    0,    0,    0,    0,    0,    0, -999,  36.61,  36.64,  36.65,  36.62,  36.51,  36.46,  36.46,  36.42,  36.50,  36.50,  36.48,  36.45,  36.48,  36.45,  36.47,  36.45,  36.36,  36.40,  36.42,  36.45,  36.48,  36.49,  36.50,  36.53,  36.55,  20.02,  36.52,  36.51,  36.44,  36.45,  36.48
20100723, 0515, L, TS, 23.7N,  77.5W,  40, 1005,   70,    0,    0,   40,    0,    0,    0,    0,    0,    0,    0,    0, -999,  36.61,  36.61,  36.61,  36.62,  36.62,  36.61,  36.59,  36.60,  36.57,  36.58,  36.59,  36.57,  36.56,  36.55,  36.57,  36.57,  36.54,  36.49,  36.44,  36.43,  36.44,  36.45,  36.46,  36.45,  36.44,  19.95,  36.44,  36.45,  36.45,  36.45,  36.47
20100723, 0600,  , TS, 23.8N,  77.8W,  40, 1005,   75,    0,    0,   45,    0,    0,    0,    0,    0,    0,    0,    0, -999,  36.51,  36.58,  36.58,  36.59,  36.59,  36.59,  36.56,  36.59,  36.58,  36.58,  36.58,  36.57,  36.55,  36.52,  36.52,  36.53,  36.50,  36.47,  36.44,  36.42,  36.42,  36.43,  36.42,  36.42,  36.43,  20.02,  36.44,  36.45,  36.45,  36.47,  36.49
20100723, 1200,  , TS, 24.8N,  79.7W,  35, 1006,   75,   45,    0,   45,    0,    0,    0,    0,    0,    0,    0,    0, -999,  36.08,  36.14,  36.15,  36.15,  36.18,  36.18,  36.17,  36.16,  36.20,  36.22,  36.23,  36.23,  36.21,  36.17,  36.17,  36.16,  36.13,  36.15,  36.15,  36.16,  36.17,  36.18,  36.21,  36.18,  36.17,  20.51,  36.08,  36.09,  36.10,  36.11,  36.09
20100723, 1430, L, TS, 25.4N,  80.2W,  35, 1007,   75,   40,    0,   40,    0,    0,    0,    0,    0,    0,    0,    0, -999,  36.27,  36.12,  36.28,  36.31,  36.35,  36.39,  36.37,  36.34,  36.35,  36.37,  36.42,  36.44,  36.45,  36.39,  36.40,  36.44,  36.32,  36.30,  36.30,  36.34,  36.37,  36.38,  36.33,  36.26,  36.22,  20.05,  36.09,  36.04,  36.01,  36.04,  36.07
20100723, 1800,  , TD, 25.8N,  81.1W,  30, 1008,    0,    0,    0,    0,    0,    0,    0,    0,    0,    0,    0,    0, -999,    nan,    nan,    nan,    nan,    nan,    nan,    nan,    nan,    nan,    nan,    nan,    nan,    nan,    nan,    nan,    nan,    nan,    nan,    nan,    nan,    nan,    nan,    nan,    nan,    nan,    nan,    nan,    nan,    nan,    nan,    nan
20100724, 0000,  , TD, 26.3N,  82.6W,  30, 1010,    0,    0,    0,    0,    0,    0,    0,    0,    0,    0,    0,    0, -999,  35.66,  35.82,  35.92,  35.97,  36.00,  35.95,  35.84,  35.97,  36.02,  35.99,  35.79,  35.80,  35.75,  35.81,  35.69,  35.67,  35.73,  35.72,  35.70,  35.67,  35.61,  35.64,  35.59,  35.59,  19.95,  35.73,  35.72,  35.77,  35.69,  35.74,  35.70
20100724, 0600,  , TD, 26.7N,  84.4W,  30, 1013,    0,    0,    0,    0,    0,    0,    0,    0,    0,    0,    0,    0, -999,  36.81,  36.92,  37.00,  37.04,  37.18,  37.27,  37.29,  37.24,  36.97,  36.37,  36.26,  36.27,  36.35,  36.51,  36.74,  36.56,  35.83,  35.86,  35.97,  35.88,  36.11,  36.16,  36.17,  36.21,  20.03,  36.15,  36.13,  36.12,  36.10,  36.12,  36.16
20100724, 1200,  , TD, 27.5N,  85.9W,  25, 1013,    0,    0,    0,    0,    0,    0,    0,    0,    0,    0,    0,    0, -999,  36.08,  36.12,  36.16,  36.18,  36.21,  36.28,  36.17,  36.10,  35.99,  35.66,  35.81,  35.97,  35.99,  36.03,  36.04,  36.23,  36.33,  36.34,  36.29,  36.40,  36.42,  36.45,  36.43,  36.40,  19.74,  36.28,  36.39,  36.37,  36.32,  36.31,  36.36
20100724, 1800,  , TD, 28.1N,  87.1W,  25, 1013,    0,    0,    0,    0,    0,    0,    0,    0,    0,    0,    0,    0, -999,  36.44,  36.36,  36.36,  36.14,  36.00,  36.09,  35.98,  35.95,  36.02,  36.10,  36.28,  36.44,  36.47,  36.39,  36.30,  36.35,  36.46,  36.60,  36.91,  37.08,  37.38,  37.55,  37.19,  36.64,  19.82,  35.55,  35.74,  36.01,  36.05,  35.69,  35.25
20100725, 0000,  , LO, 28.6N,  88.3W,  25, 1012,    0,    0,    0,    0,    0,    0,    0,    0,    0,    0,    0,    0, -999,  36.23,  36.18,  36.15,  36.10,  36.10,  36.03,  35.25,  34.90,  34.58,  34.37,  33.85,  33.42,  33.35,  33.13,  33.55,  33.11,  33.25,  33.81,  33.98,  34.21,  35.20,  35.53,  35.65,  20.36,  36.11,  36.25,  35.33,  35.08,  35.35,  35.58,  35.56
20100725, 0600,  , LO, 29.2N,  89.5W,  25, 1012,    0,    0,    0,    0,    0,    0,    0,    0,    0,    0,    0,    0, -999,  30.31,  30.94,  31.99,  32.30,  32.86,  33.18,  33.27,  33.47,  33.74,  33.65,  33.21,  32.67,  32.31,  31.89,  31.79,  32.17,  31.95,  31.98,  32.66,  33.36,  33.71,  33.57,  33.52,  20.06,  34.01,  34.16,  34.25,  34.05,  34.02,  34.34,  34.58
20100725, 1200,  , LO, 29.8N,  90.5W,  20, 1012,    0,    0,    0,    0,    0,    0,    0,    0,    0,    0,    0,    0, -999,    nan,    nan,    nan,    nan,    nan,    nan,    nan,    nan,    nan,    nan,    nan,    nan,    nan,    nan,    nan,    nan,    nan,    nan,    nan,    nan,    nan,    nan,    nan,    nan,    nan,    nan,    nan,    nan,    nan,    nan,    nan
20100725, 1800,  , LO, 30.1N,  91.0W,  15, 1014,    0,    0,    0,    0,    0,    0,    0,    0,    0,    0,    0,    0, -999,    nan,    nan,    nan,    nan,    nan,    nan,    nan,    nan,    nan,    nan,    nan,    nan,    nan,    nan,    nan,    nan,    nan,    nan,    nan,    nan,    nan,    nan,    nan,    nan,    nan,    nan,    nan,    nan,    nan,    nan,    nan
