AL042002,              DOLLY,     26,
20020829, 1200,  , TD,  9.5N,  31.2W,  30, 1007, -999, -999, -999, -999, -999, -999, -999, -999, -999, -999, -999, -999, -999,  26.98,  27.33,  27.34,  27.75,  27.78,  27.68,  27.08,  27.20,  27.34,  27.60,  27.48,  27.31,  27.11,  26.86,  26.71,  26.92,  27.06,  27.63,  27.70,  27.70,  27.86,  28.75,  28.69,  27.33,  27.09,  28.47,  28.47,  27.49,  27.68,  27.84,  27.84
20020829, 1800,  , TS,  9.7N,  32.2W,  35, 1005, -999, -999, -999, -999, -999, -999, -999, -999, -999, -999, -999, -999, -999,  26.91,  27.24,  27.19,  27.20,  27.48,  27.38,  27.08,  27.14,  27.64,  28.01,  27.93,  27.86,  27.84,  27.52,  27.48,  27.35,  27.47,  27.86,  27.85,  27.69,  27.53,  28.70,  28.68,  27.85,  27.50,  28.40,  28.26,  27.50,  27.62,  27.81,  27.83
20020830, 0000,  , TS,  9.7N,  33.1W,  40, 1002, -999, -999, -999, -999, -999, -999, -999, -999, -999, -999, -999, -999, -999,  26.83,  26.85,  26.90,  27.55,  27.60,  27.37,  27.11,  27.14,  27.66,  27.65,  27.69,  27.98,  27.63,  27.54,  27.46,  27.43,  27.89,  27.73,  27.49,  27.58,  28.64,  28.75,  28.51,  28.12,  28.23,  28.15,  27.79,  27.87,  27.71,  27.77,  27.96
20020830, 0600,  , TS, 10.0N,  34.5W,  45, 1000, -999, -999, -999, -999, -999, -999, -999, -999, -999, -999, -999, -999, -999,  26.92,  26.93,  26.96,  27.64,  27.62,  27.55,  27.37,  27.31,  27.43,  27.42,  27.39,  27.90,  28.23,  27.70,  26.96,  26.93,  27.58,  27.73,  27.52,  28.33,  28.75,  28.52,  28.23,  27.37,  27.32,  27.40,  27.53,  27.61,  27.67,  27.61,  27.96
20020830, 1200,  , TS, 10.3N,  36.3W,  50,  997, -999, -999, -999, -999, -999, -999, -999, -999, -999, -999, -999, -999, -999,  26.46,  26.79,  27.16,  27.88,  27.97,  27.99,  27.35,  27.14,  27.22,  27.51,  27.53,  28.17,  28.19,  27.57,  27.02,  27.20,  27.24,  27.22,  27.27,  27.77,  28.12,  28.19,  27.82,  27.61,  27.49,  27.85,  26.87,  26.72,  26.95,  26.97,  27.92
20020830, 1800,  , TS, 10.8N,  37.7W,  50, 1000, -999, -999, -999, -999, -999, -999, -999, -999, -999, -999, -999, -999, -999,  26.40,  26.92,  26.31,  26.40,  26.55,  26.57,  27.15,  27.43,  27.51,  27.70,  27.68,  28.20,  28.47,  28.01,  27.09,  26.79,  26.65,  26.68,  27.89,  27.84,  28.06,  27.91,  27.26,  27.17,  27.24,  27.61,  27.14,  27.47,  27.56,  27.60,  28.15
20020831, 0000,  , TS, 11.5N,  39.1W,  45, 1000, -999, -999, -999, -999, -999, -999, -999, -999, -999, -999, -999, -999, -999,  27.02,  26.47,  25.96,  26.40,  26.63,  27.15,  27.19,  27.21,  27.13,  27.40,  27.77,  28.40,  27.95,  27.15,  27.09,  27.25,  27.32,  27.81,  27.95,  28.22,  28.04,  27.67,  27.78,  27.75,  27.66,  27.68,  27.50,  27.46,  27.42,  26.73,  27.33
20020831, 0600,  , TS, 12.1N,  40.9W,  40, 1002, -999, -999, -999, -999, -999, -999, -999, -999, -999, -999, -999, -999, -999,  27.25,  26.54,  25.75,  25.92,  26.59,  26.98,  26.98,  27.02,  27.01,  26.90,  27.38,  27.76,  27.24,  27.15,  26.53,  26.85,  27.60,  27.62,  27.84,  28.88,  28.27,  28.22,  28.12,  27.77,  27.36,  26.75,  26.73,  26.83,  26.73,  26.63,  26.97
20020831, 1200,  , TS, 12.8N,  42.9W,  35, 1005, -999, -999, -999, -999, -999, -999, -999, -999, -999, -999, -999, -999, -999,  27.15,  26.88,  25.85,  25.72,  25.97,  26.39,  27.19,  27.24,  27.37,  27.50,  27.07,  26.52,  26.69,  26.92,  25.93,  26.70,  27.06,  27.26,  27.61,  27.81,  27.98,  28.08,  27.66,  26.65,  27.10,  27.63,  26.94,  26.50,  26.37,  26.42,  27.23
20020831, 1800,  , TS, 13.2N,  44.9W,  35, 1005, -999, -999, -999, -999, -999, -999, -999, -999, -999, -999, -999, -999, -999,  27.50,  27.00,  26.28,  25.86,  25.91,  26.94,  27.13,  27.29,  27.27,  27.48,  27.63,  27.70,  27.20,  27.24,  27.28,  27.07,  27.05,  27.18,  27.56,  27.67,  27.76,  27.65,  27.52,  27.17,  27.43,  27.89,  28.09,  27.00,  26.49,  26.18,  26.55
20020901, 0000,  , TS, 13.6N,  46.8W,  35, 1005, -999, -999, -999, -999, -999, -999, -999, -999, -999, -999, -999, -999, -999,  27.38,  26.94,  26.78,  26.61,  27.56,  27.47,  27.41,  26.96,  26.62,  26.98,  27.25,  27.06,  27.21,  27.26,  26.93,  27.28,  27.47,  27.66,  27.80,  27.71,  27.78,  27.29,  27.20,  27.91,  28.06,  28.29,  27.32,  27.19,  26.83,  27.24,  27.33
20020901, 0600,  , TS, 14.1N,  48.4W,  35, 1005, -999, -999, -999, -999, -999, -999, -999, -999, -999, -999, -999, -999, -999,  27.75,  27.88,  27.22,  26.77,  27.28,  27.32,  27.52,  27.05,  26.80,  27.24,  27.39,  27.27,  27.17,  26.93,  26.86,  26.94,  26.96,  27.58,  27.73,  27.62,  27.65,  27.67,  27.43,  27.69,  27.68,  27.52,  27.58,  27.46,  26.71,  26.89,  26.88
20020901, 1200,  , TS, 14.8N,  49.9W,  35, 1005, -999, -999, -999, -999, -999, -999, -999, -999, -999, -999, -999, -999, -999,  27.62,  28.03,  27.97,  27.77,  27.75,  27.70,  27.75,  27.67,  27.12,  27.54,  27.30,  27.32,  27.20,  27.19,  27.23,  27.36,  27.44,  27.80,  27.85,  27.86,  27.83,  27.84,  27.73,  28.06,  27.74,  27.53,  27.37,  27.26,  26.71,  26.79,  27.04
20020901, 1800,  , TS, 15.6N,  51.2W,  40, 1002, -999, -999, -999, -999, -999, -999, -999, -999, -999, -999, -999, -999, -999,  27.84,  28.13,  28.05,  27.47,  27.50,  28.21,  28.42,  28.04,  27.59,  27.70,  27.55,  27.26,  27.60,  27.66,  27.79,  27.51,  27.44,  27.68,  27.92,  28.25,  28.29,  27.76,  27.29,  27.21,  27.00,  27.61,  27.70,  27.47,  27.27,  27.20,  27.34
20020902, 0000,  , TS, 16.4N,  52.0W,  40, 1001, -999, -999, -999, -999, -999, -999, -999, -999, -999, -999, -999, -999, -999,  27.63,  27.61,  27.37,  27.43,  28.02,  28.39,  28.42,  27.83,  27.65,  27.62,  26.98,  27.58,  27.78,  27.81,  27.67,  27.56,  27.68,  27.25,  28.26,  28.24,  27.89,  27.58,  27.12,  26.97,  27.36,  27.73,  27.90,  27.97,  26.78,  27.05,  27.14
20020902, 0600,  , TS, 17.1N,  52.5W,  40, 1001, -999, -999, -999, -999, -999, -999, -999, -999, -999, -999, -999, -999, -999,  27.64,  27.47,  27.29,  27.34,  27.79,  28.06,  28.08,  27.75,  27.57,  27.51,  27.39,  27.54,  27.60,  27.90,  27.89,  27.88,  27.77,  27.95,  28.25,  27.95,  27.84,  27.59,  26.85,  26.74,  27.25,  27.79,  27.82,  27.83,  26.97,  27.05,  27.41
20020902, 1200,  , TS, 17.9N,  52.9W,  45, 1000, -999, -999, -999, -999, -999, -999, -999, -999, -999, -999, -999, -999, -999,  27.46,  27.28,  27.14,  27.61,  27.65,  27.75,  27.62,  27.57,  27.59,  27.56,  27.60,  27.59,  27.91,  28.18,  28.00,  27.86,  27.85,  27.79,  27.85,  27.32,  27.38,  27.45,  26.64,  26.90,  27.12,  27.46,  27.45,  27.43,  27.06,  27.21,  27.70
20020902, 1800,  , TS, 18.5N,  53.3W,  45, 1002, -999, -999, -999, -999, -999, -999, -999, -999, -999, -999, -999, -999, -999,  27.65,  27.44,  27.30,  27.29,  27.72,  27.89,  27.86,  28.18,  28.17,  28.12,  28.33,  28.29,  28.37,  28.34,  27.58,  27.49,  27.70,  28.12,  28.22,  27.35,  27.43,  27.89,  26.72,  27.35,  27.20,  27.46,  27.42,  27.37,  27.03,  27.32,  27.69
20020903, 0000,  , TS, 19.3N,  53.7W,  40, 1002, -999, -999, -999, -999, -999, -999, -999, -999, -999, -999, -999, -999, -999,  27.67,  27.23,  27.30,  27.59,  27.74,  27.69,  28.25,  27.84,  27.70,  28.32,  28.36,  28.25,  28.18,  27.99,  27.85,  28.27,  28.21,  28.23,  27.78,  27.72,  27.94,  26.79,  27.35,  27.83,  27.89,  27.76,  27.72,  27.75,  27.88,  27.87,  27.80
20020903, 0600,  , TS, 19.6N,  53.7W,  45, 1000, -999, -999, -999, -999, -999, -999, -999, -999, -999, -999, -999, -999, -999,  27.61,  27.24,  27.32,  27.55,  27.63,  27.64,  28.11,  27.84,  27.65,  28.34,  28.37,  28.28,  28.13,  27.88,  27.84,  28.03,  28.05,  28.01,  27.77,  27.79,  27.93,  26.85,  27.36,  27.66,  27.77,  27.74,  27.75,  28.15,  28.26,  28.08,  28.07
20020903, 1200,  , TS, 21.0N,  52.9W,  45, 1000, -999, -999, -999, -999, -999, -999, -999, -999, -999, -999, -999, -999, -999,  27.37,  27.61,  27.75,  27.93,  28.00,  28.03,  28.15,  27.85,  27.74,  28.43,  28.39,  28.15,  28.04,  27.77,  27.70,  27.35,  27.32,  27.32,  27.77,  27.93,  27.85,  26.92,  27.34,  27.38,  27.70,  27.56,  27.49,  27.85,  27.92,  27.90,  28.13
20020903, 1800,  , TS, 22.2N,  52.4W,  45, 1001, -999, -999, -999, -999, -999, -999, -999, -999, -999, -999, -999, -999, -999,  27.95,  27.92,  27.92,  27.97,  28.01,  28.10,  27.90,  27.44,  27.32,  27.79,  28.14,  27.95,  28.13,  27.97,  27.91,  27.73,  27.72,  27.75,  28.15,  28.40,  28.19,  27.57,  27.27,  27.23,  27.41,  27.40,  27.18,  27.23,  27.39,  27.41,  27.48
20020904, 0000,  , TS, 23.1N,  52.4W,  45, 1001, -999, -999, -999, -999, -999, -999, -999, -999, -999, -999, -999, -999, -999,  28.19,  28.19,  28.15,  28.02,  28.02,  27.87,  27.68,  27.63,  27.78,  28.02,  28.09,  27.97,  27.77,  27.59,  27.58,  27.57,  27.60,  27.85,  28.59,  28.62,  28.33,  27.73,  27.41,  27.26,  27.17,  27.08,  27.22,  27.23,  27.17,  26.91,  27.24
20020904, 0600,  , TS, 23.5N,  52.4W,  35, 1005, -999, -999, -999, -999, -999, -999, -999, -999, -999, -999, -999, -999, -999,  28.38,  28.51,  28.22,  27.96,  27.90,  27.81,  27.67,  27.59,  27.68,  28.02,  28.12,  27.95,  27.76,  27.81,  27.77,  27.59,  27.62,  27.83,  28.45,  28.42,  28.22,  27.71,  27.74,  27.62,  27.53,  27.53,  27.69,  27.69,  27.57,  26.91,  27.03
20020904, 1200,  , TD, 23.5N,  52.5W,  25, 1009, -999, -999, -999, -999, -999, -999, -999, -999, -999, -999, -999, -999, -999,  28.38,  28.51,  28.22,  27.96,  27.90,  27.81,  27.67,  27.59,  27.68,  28.02,  28.12,  27.95,  27.76,  27.81,  27.77,  27.59,  27.62,  27.83,  28.45,  28.42,  28.22,  27.71,  27.74,  27.62,  27.53,  27.53,  27.69,  27.69,  27.57,  26.91,  27.03
20020904, 1800,  , LO, 24.0N,  52.5W,  20, 1009, -999, -999, -999, -999, -999, -999, -999, -999, -999, -999, -999, -999, -999,  28.50,  28.70,  28.33,  28.01,  27.94,  27.83,  27.74,  27.69,  27.74,  28.01,  28.03,  27.88,  27.72,  27.74,  27.67,  27.23,  27.35,  27.59,  28.17,  28.14,  28.06,  27.44,  27.67,  27.57,  27.53,  27.56,  27.79,  27.79,  27.68,  26.89,  26.91
