AL051983,            CHANTAL,     20,
19830910, 1200,  , TD, 30.2N,  64.4W,  25, 1010, -999, -999, -999, -999, -999, -999, -999, -999, -999, -999, -999, -999, -999,  28.20,  28.16,  28.23,  28.57,  28.86,  28.96,  28.36,  27.73,  27.75,  27.57,  27.23,  27.84,  28.07,  28.11,  28.06,  27.72,  27.65,  27.60,  27.44,  27.23,  26.34,  26.37,  26.96,  27.85,  27.96,  27.94,  27.98,  28.46,  28.48,  28.26,  28.16
19830910, 1800,  , TD, 30.9N,  64.0W,  30, 1008, -999, -999, -999, -999, -999, -999, -999, -999, -999, -999, -999, -999, -999,  27.86,  27.79,  27.79,  28.08,  28.44,  28.54,  28.10,  27.55,  27.52,  27.16,  27.05,  27.39,  27.41,  27.37,  27.33,  26.79,  26.77,  26.91,  26.93,  26.71,  25.64,  25.47,  26.20,  27.71,  28.09,  28.16,  28.00,  27.88,  27.79,  27.64,  27.60
19830911, 0000,  , TS, 31.6N,  63.3W,  35, 1005, -999, -999, -999, -999, -999, -999, -999, -999, -999, -999, -999, -999, -999,  27.74,  27.66,  27.70,  28.29,  28.40,  27.88,  27.40,  27.29,  26.64,  26.58,  27.31,  27.76,  27.97,  28.18,  27.17,  26.81,  26.77,  26.81,  26.79,  26.21,  26.40,  26.28,  26.72,  26.70,  26.87,  26.90,  26.86,  26.81,  26.77,  26.80,  26.64
19830911, 0600,  , TS, 32.0N,  62.4W,  45, 1000, -999, -999, -999, -999, -999, -999, -999, -999, -999, -999, -999, -999, -999,  27.72,  27.62,  27.49,  28.02,  28.07,  27.55,  27.32,  27.29,  26.55,  26.55,  27.08,  27.36,  27.67,  27.92,  27.50,  26.60,  26.65,  26.76,  26.60,  26.44,  26.55,  26.26,  25.86,  25.81,  25.90,  25.98,  25.91,  26.12,  26.73,  26.86,  26.86
19830911, 1200,  , TS, 32.4N,  61.2W,  55,  996, -999, -999, -999, -999, -999, -999, -999, -999, -999, -999, -999, -999, -999,  27.63,  27.51,  27.42,  27.47,  27.50,  27.37,  27.31,  27.23,  26.54,  26.79,  27.10,  27.05,  27.15,  27.24,  27.19,  26.44,  26.58,  26.70,  26.61,  26.59,  26.48,  26.17,  25.84,  26.01,  26.58,  26.44,  26.22,  26.36,  26.84,  26.88,  26.78
19830911, 1800,  , HU, 32.8N,  60.0W,  65,  994, -999, -999, -999, -999, -999, -999, -999, -999, -999, -999, -999, -999, -999,  27.11,  27.08,  27.10,  26.96,  26.87,  26.81,  26.79,  25.57,  25.58,  26.01,  26.67,  26.64,  26.60,  26.55,  26.54,  26.16,  26.41,  26.51,  26.42,  26.29,  26.20,  26.30,  26.29,  26.32,  26.36,  26.03,  25.84,  26.02,  26.27,  26.29,  26.27
19830912, 0000,  , HU, 33.1N,  58.9W,  65,  994, -999, -999, -999, -999, -999, -999, -999, -999, -999, -999, -999, -999, -999,  27.07,  26.99,  26.86,  26.76,  26.58,  26.43,  26.02,  25.85,  25.99,  26.55,  26.47,  26.41,  26.34,  26.33,  26.38,  26.16,  26.20,  26.21,  26.18,  26.23,  26.33,  26.10,  26.01,  26.05,  25.99,  25.86,  25.92,  26.02,  26.06,  26.08,  26.04
19830912, 0600,  , HU, 33.6N,  57.6W,  65,  994, -999, -999, -999, -999, -999, -999, -999, -999, -999, -999, -999, -999, -999,  26.79,  26.83,  26.69,  26.57,  26.50,  26.46,  26.37,  26.01,  26.03,  26.21,  26.33,  26.35,  26.33,  26.30,  26.24,  26.04,  26.03,  26.03,  25.68,  25.95,  25.94,  25.57,  25.52,  25.59,  25.49,  25.66,  25.68,  25.66,  25.75,  25.78,  25.91
19830912, 1200,  , HU, 34.0N,  56.3W,  65,  994, -999, -999, -999, -999, -999, -999, -999, -999, -999, -999, -999, -999, -999,  26.52,  26.63,  26.60,  26.45,  26.62,  26.71,  26.58,  26.27,  26.32,  26.29,  26.29,  26.39,  26.48,  26.51,  26.43,  26.53,  26.23,  25.71,  25.57,  25.83,  25.28,  25.31,  25.43,  25.37,  25.13,  24.79,  24.68,  24.76,  24.97,  25.29,  25.37
19830912, 1800,  , HU, 34.4N,  55.5W,  65,  994, -999, -999, -999, -999, -999, -999, -999, -999, -999, -999, -999, -999, -999,  26.70,  26.55,  26.56,  26.39,  26.43,  26.38,  26.17,  26.15,  26.22,  26.11,  26.17,  26.42,  26.53,  26.72,  26.77,  27.03,  26.14,  25.66,  25.56,  25.66,  24.83,  24.95,  25.02,  25.01,  24.97,  24.54,  24.44,  24.56,  24.70,  25.18,  25.26
19830913, 0000,  , TS, 34.8N,  54.9W,  55, 1000, -999, -999, -999, -999, -999, -999, -999, -999, -999, -999, -999, -999, -999,  26.36,  26.47,  26.30,  26.21,  26.24,  26.05,  26.06,  25.99,  25.88,  25.84,  25.91,  26.15,  26.21,  26.19,  26.07,  25.51,  25.61,  25.68,  25.60,  24.94,  24.90,  24.89,  24.88,  25.07,  24.80,  24.98,  25.08,  25.09,  25.37,  25.33,  25.29
19830913, 0600,  , TS, 35.3N,  54.5W,  55, 1000, -999, -999, -999, -999, -999, -999, -999, -999, -999, -999, -999, -999, -999,  26.16,  26.10,  25.85,  25.81,  25.87,  25.86,  25.87,  25.77,  25.72,  25.49,  25.49,  25.62,  25.69,  25.63,  25.48,  25.36,  25.56,  25.51,  25.47,  24.78,  24.80,  24.78,  24.76,  25.04,  25.02,  25.44,  25.59,  25.61,  25.69,  25.80,  25.80
19830913, 1200,  , TS, 35.9N,  54.2W,  45, 1005, -999, -999, -999, -999, -999, -999, -999, -999, -999, -999, -999, -999, -999,  26.19,  26.09,  25.74,  25.65,  25.68,  25.85,  25.75,  25.75,  25.69,  25.61,  25.64,  25.65,  25.71,  25.35,  25.16,  25.25,  25.37,  25.39,  25.40,  24.46,  24.49,  24.58,  24.60,  24.84,  24.92,  25.39,  25.52,  25.53,  24.73,  24.46,  24.52
19830913, 1800,  , TS, 36.3N,  53.9W,  40, 1005, -999, -999, -999, -999, -999, -999, -999, -999, -999, -999, -999, -999, -999,  25.84,  25.85,  25.59,  25.46,  25.55,  25.71,  25.46,  25.47,  25.50,  25.65,  25.57,  25.41,  25.43,  25.29,  25.24,  25.42,  25.50,  25.55,  25.56,  24.50,  24.49,  24.64,  24.69,  24.65,  24.72,  25.08,  25.16,  25.14,  24.79,  24.77,  24.64
19830914, 0000,  , TS, 36.8N,  53.8W,  40, 1005, -999, -999, -999, -999, -999, -999, -999, -999, -999, -999, -999, -999, -999,  25.59,  25.55,  25.50,  25.57,  25.72,  25.49,  25.52,  25.58,  25.70,  25.65,  25.44,  25.22,  25.28,  25.37,  25.47,  25.55,  25.59,  25.60,  24.82,  24.76,  24.80,  24.81,  24.73,  24.68,  24.85,  24.83,  24.65,  24.79,  24.72,  24.50,  24.45
19830914, 0600,  , TS, 37.4N,  53.8W,  40, 1006, -999, -999, -999, -999, -999, -999, -999, -999, -999, -999, -999, -999, -999,  25.29,  25.33,  25.26,  25.54,  26.00,  25.81,  25.84,  26.00,  25.88,  25.78,  25.54,  25.43,  25.43,  25.40,  25.44,  25.50,  25.57,  25.58,  25.27,  25.00,  24.92,  24.90,  24.77,  24.54,  24.46,  24.37,  24.21,  24.35,  24.39,  24.40,  24.40
19830914, 1200,  , TS, 38.7N,  53.8W,  35, 1008, -999, -999, -999, -999, -999, -999, -999, -999, -999, -999, -999, -999, -999,  25.57,  25.49,  24.86,  24.74,  24.87,  25.31,  25.27,  25.31,  25.47,  25.62,  25.45,  25.59,  25.97,  25.95,  25.94,  25.72,  25.38,  25.37,  25.49,  25.36,  25.39,  25.39,  25.25,  25.09,  25.02,  25.04,  25.15,  25.12,  25.12,  25.08,  24.74
19830914, 1800,  , TS, 39.5N,  52.5W,  35, 1008, -999, -999, -999, -999, -999, -999, -999, -999, -999, -999, -999, -999, -999,  24.41,  24.35,  24.44,  24.07,  24.94,  24.86,  24.72,  24.89,  25.43,  25.48,  25.15,  24.75,  25.22,  25.80,  25.85,  25.82,  25.81,  25.80,  25.54,  24.86,  24.68,  24.52,  24.43,  24.63,  24.95,  25.12,  25.03,  24.96,  24.79,  24.68,  24.58
19830915, 0000,  , TD, 40.4N,  50.7W,  30, 1009, -999, -999, -999, -999, -999, -999, -999, -999, -999, -999, -999, -999, -999,  24.61,  24.71,  24.54,  24.41,  24.10,  23.88,  24.27,  24.14,  23.79,  23.63,  23.63,  23.71,  24.18,  24.56,  24.68,  24.60,  24.35,  24.51,  23.27,  23.22,  23.20,  22.93,  23.07,  23.31,  23.31,  23.26,  23.24,  22.77,  22.83,  22.82,  22.63
19830915, 0600,  , TD, 41.7N,  48.8W,  30, 1009, -999, -999, -999, -999, -999, -999, -999, -999, -999, -999, -999, -999, -999,  22.33,  22.06,  21.50,  21.29,  21.37,  21.59,  22.55,  22.65,  21.49,  20.41,  21.28,  21.45,  21.47,  21.81,  21.81,  21.31,  22.41,  22.90,  22.81,  22.64,  22.72,  22.57,  22.32,  22.00,  21.96,  21.60,  21.60,  21.64,  21.78,  21.74,  21.30
