AL091995,           HUMBERTO,     41,
19950822, 0000,  , TD, 13.2N,  33.0W,  30, 1009, -999, -999, -999, -999, -999, -999, -999, -999, -999, -999, -999, -999, -999,  27.26,  27.32,  27.07,  27.52,  27.48,  26.09,  26.02,  27.04,  27.16,  26.90,  27.60,  27.75,  27.64,  27.52,  26.78,  27.03,  26.52,  26.77,  27.18,  27.07,  26.45,  27.07,  27.18,  27.53,  27.63,  27.85,  27.14,  26.87,  27.12,  27.39,  27.31
19950822, 0600,  , TS, 13.7N,  34.3W,  35, 1005, -999, -999, -999, -999, -999, -999, -999, -999, -999, -999, -999, -999, -999,  27.16,  27.35,  27.27,  27.44,  27.08,  26.06,  26.25,  26.65,  26.88,  26.16,  26.67,  27.58,  27.70,  27.78,  26.81,  27.00,  26.50,  26.35,  26.96,  27.12,  27.77,  27.32,  27.80,  27.49,  27.41,  26.97,  27.30,  27.27,  26.94,  26.98,  27.11
19950822, 1200,  , TS, 14.2N,  35.2W,  45, 1002, -999, -999, -999, -999, -999, -999, -999, -999, -999, -999, -999, -999, -999,  26.28,  26.80,  26.58,  26.93,  25.97,  25.59,  26.31,  26.86,  27.43,  26.41,  26.66,  27.11,  27.54,  27.37,  27.02,  27.48,  27.13,  26.65,  27.23,  26.87,  27.00,  27.00,  26.98,  26.75,  27.00,  25.94,  26.87,  26.55,  26.82,  26.88,  27.20
19950822, 1800,  , TS, 14.6N,  36.2W,  50,  998, -999, -999, -999, -999, -999, -999, -999, -999, -999, -999, -999, -999, -999,  26.18,  26.81,  26.45,  26.77,  26.26,  26.23,  26.29,  26.93,  27.49,  26.47,  26.80,  27.05,  27.64,  27.13,  27.03,  27.52,  26.82,  26.29,  26.90,  26.79,  26.80,  27.02,  27.36,  26.60,  26.48,  25.95,  27.07,  26.39,  26.72,  26.87,  27.41
19950823, 0000,  , TS, 14.8N,  37.3W,  60,  995, -999, -999, -999, -999, -999, -999, -999, -999, -999, -999, -999, -999, -999,  26.79,  26.54,  26.71,  26.12,  26.09,  26.17,  26.64,  27.40,  26.74,  26.82,  26.84,  27.11,  26.92,  27.00,  27.14,  26.80,  26.05,  26.64,  27.17,  26.83,  27.12,  26.94,  26.32,  26.18,  25.84,  26.93,  26.50,  26.90,  26.98,  27.41,  26.27
19950823, 0600,  , HU, 14.9N,  38.3W,  65,  987, -999, -999, -999, -999, -999, -999, -999, -999, -999, -999, -999, -999, -999,  27.15,  26.92,  27.13,  26.13,  25.98,  26.38,  26.59,  27.37,  27.24,  26.98,  27.00,  27.02,  27.03,  27.12,  27.11,  26.81,  26.62,  26.94,  27.76,  26.95,  27.10,  27.00,  26.95,  26.70,  26.73,  26.91,  26.80,  26.74,  26.50,  27.29,  26.25
19950823, 1200,  , HU, 15.0N,  39.2W,  70,  985, -999, -999, -999, -999, -999, -999, -999, -999, -999, -999, -999, -999, -999,  26.85,  26.70,  26.83,  26.44,  25.91,  26.38,  26.52,  27.26,  27.36,  26.81,  26.76,  26.78,  27.00,  26.94,  26.92,  26.89,  26.84,  26.77,  27.11,  26.82,  26.78,  26.82,  26.79,  26.50,  26.41,  26.51,  26.77,  26.87,  27.02,  27.62,  27.04
19950823, 1800,  , HU, 15.1N,  40.3W,  75,  982, -999, -999, -999, -999, -999, -999, -999, -999, -999, -999, -999, -999, -999,  26.66,  26.19,  26.36,  26.66,  26.16,  26.45,  26.53,  27.23,  27.34,  26.60,  26.51,  26.75,  26.98,  26.90,  26.52,  26.95,  26.90,  26.22,  26.54,  26.76,  26.53,  26.85,  26.71,  26.43,  26.64,  26.28,  26.67,  26.65,  26.73,  26.93,  26.64
19950824, 0000,  , HU, 15.2N,  41.0W,  80,  975, -999, -999, -999, -999, -999, -999, -999, -999, -999, -999, -999, -999, -999,  25.77,  25.94,  26.30,  26.25,  26.45,  26.61,  27.25,  27.70,  26.75,  26.55,  26.83,  27.03,  27.10,  26.30,  27.15,  26.84,  26.25,  26.32,  27.41,  26.63,  26.84,  26.29,  26.41,  26.61,  26.39,  26.50,  26.52,  26.51,  26.81,  26.46,  26.34
19950824, 0600,  , HU, 15.3N,  41.9W,  85,  973, -999, -999, -999, -999, -999, -999, -999, -999, -999, -999, -999, -999, -999,  25.24,  25.56,  26.40,  26.36,  26.66,  26.81,  26.95,  27.40,  26.39,  26.22,  26.56,  26.86,  27.05,  25.99,  27.44,  26.76,  26.54,  26.49,  27.08,  26.62,  26.66,  26.36,  26.55,  26.80,  26.69,  26.63,  26.44,  26.58,  26.86,  26.32,  26.44
19950824, 1200,  , HU, 15.4N,  42.6W,  90,  971, -999, -999, -999, -999, -999, -999, -999, -999, -999, -999, -999, -999, -999,  25.10,  25.62,  26.17,  26.32,  26.63,  26.86,  26.91,  27.34,  26.48,  26.35,  26.63,  27.02,  27.21,  26.17,  27.59,  26.90,  26.74,  26.67,  27.11,  26.78,  26.70,  26.49,  26.61,  26.73,  26.80,  26.77,  26.16,  26.38,  26.51,  26.06,  26.32
19950824, 1800,  , HU, 15.7N,  43.2W,  95,  968, -999, -999, -999, -999, -999, -999, -999, -999, -999, -999, -999, -999, -999,  25.52,  26.12,  26.34,  26.48,  26.85,  27.02,  26.97,  27.25,  26.42,  26.42,  26.59,  26.89,  27.13,  26.60,  27.30,  27.06,  26.84,  26.36,  26.93,  26.60,  26.75,  26.59,  26.56,  26.62,  26.73,  26.85,  26.21,  26.47,  26.57,  26.09,  26.17
19950825, 0000,  , HU, 16.1N,  43.8W,  90,  970, -999, -999, -999, -999, -999, -999, -999, -999, -999, -999, -999, -999, -999,  26.56,  26.40,  26.77,  26.82,  27.28,  27.50,  27.64,  27.02,  27.17,  27.16,  27.23,  27.15,  27.06,  27.39,  27.27,  26.59,  26.59,  26.49,  26.56,  26.15,  26.29,  26.37,  26.53,  26.45,  26.49,  26.16,  26.33,  26.37,  26.41,  26.37,  26.64
19950825, 0600,  , HU, 16.7N,  44.4W,  90,  970, -999, -999, -999, -999, -999, -999, -999, -999, -999, -999, -999, -999, -999,  26.03,  26.09,  26.74,  26.90,  27.33,  27.41,  27.55,  26.37,  26.87,  27.03,  27.09,  27.19,  27.29,  27.48,  27.27,  26.99,  26.36,  26.22,  26.55,  26.08,  26.21,  26.35,  26.47,  26.40,  26.32,  26.60,  26.45,  26.46,  26.47,  26.24,  26.42
19950825, 1200,  , HU, 17.6N,  45.1W,  90,  970, -999, -999, -999, -999, -999, -999, -999, -999, -999, -999, -999, -999, -999,  25.85,  25.98,  26.22,  26.76,  27.19,  27.26,  27.44,  25.62,  26.79,  27.04,  27.20,  27.17,  27.19,  27.22,  27.17,  26.89,  26.27,  26.23,  27.04,  26.14,  26.03,  26.16,  26.37,  26.06,  25.99,  26.44,  26.33,  26.23,  26.55,  26.17,  26.43
19950825, 1800,  , HU, 18.5N,  45.9W,  90,  970, -999, -999, -999, -999, -999, -999, -999, -999, -999, -999, -999, -999, -999,  26.15,  26.06,  25.91,  26.63,  27.15,  27.17,  27.25,  25.64,  26.86,  27.22,  27.44,  27.25,  26.88,  26.95,  26.84,  26.80,  26.43,  26.51,  27.35,  26.07,  25.84,  25.80,  26.28,  25.97,  25.87,  26.41,  26.84,  26.94,  27.22,  26.40,  26.59
19950826, 0000,  , HU, 19.4N,  46.6W,  90,  970, -999, -999, -999, -999, -999, -999, -999, -999, -999, -999, -999, -999, -999,  25.70,  25.92,  26.70,  27.25,  27.25,  27.30,  25.69,  26.69,  27.27,  27.46,  27.40,  27.19,  26.95,  26.62,  26.68,  26.30,  25.74,  26.17,  25.60,  26.30,  25.95,  26.59,  26.60,  26.41,  26.84,  27.34,  27.12,  27.35,  26.38,  27.11,  26.82
19950826, 0600,  , HU, 20.0N,  47.2W,  90,  970, -999, -999, -999, -999, -999, -999, -999, -999, -999, -999, -999, -999, -999,  25.85,  26.43,  26.97,  27.38,  27.33,  27.33,  25.96,  26.73,  27.40,  27.56,  27.43,  27.34,  27.07,  26.48,  26.57,  26.34,  26.24,  26.18,  26.31,  26.70,  26.15,  26.41,  26.48,  26.34,  26.75,  27.19,  27.18,  27.41,  26.38,  27.32,  27.27
19950826, 1200,  , HU, 20.6N,  47.6W,  85,  972, -999, -999, -999, -999, -999, -999, -999, -999, -999, -999, -999, -999, -999,  26.36,  26.62,  27.06,  27.55,  27.68,  27.56,  26.39,  26.96,  27.44,  27.69,  27.58,  27.42,  27.15,  26.72,  26.94,  26.90,  26.55,  26.64,  27.58,  27.54,  27.23,  27.41,  27.46,  27.36,  27.55,  27.71,  27.64,  27.74,  26.81,  27.54,  27.37
19950826, 1800,  , HU, 21.4N,  48.0W,  80,  975, -999, -999, -999, -999, -999, -999, -999, -999, -999, -999, -999, -999, -999,  27.03,  27.04,  26.87,  27.19,  27.29,  27.29,  26.69,  27.34,  27.43,  27.80,  27.54,  27.69,  27.43,  26.98,  26.80,  26.90,  26.57,  26.90,  28.03,  27.79,  27.55,  27.34,  27.49,  27.35,  27.48,  27.42,  27.62,  27.68,  27.67,  27.87,  27.83
19950827, 0000,  , HU, 22.2N,  48.2W,  80,  980, -999, -999, -999, -999, -999, -999, -999, -999, -999, -999, -999, -999, -999,  27.58,  27.21,  27.28,  27.43,  27.16,  26.24,  27.13,  27.45,  28.08,  27.74,  27.93,  27.64,  27.43,  27.10,  27.20,  26.83,  26.87,  28.11,  27.86,  27.53,  27.08,  27.41,  27.18,  27.59,  27.58,  27.86,  27.80,  27.70,  27.82,  27.73,  27.22
19950827, 0600,  , HU, 22.9N,  48.0W,  75,  982, -999, -999, -999, -999, -999, -999, -999, -999, -999, -999, -999, -999, -999,  27.54,  27.29,  27.31,  27.38,  27.40,  26.37,  27.09,  27.35,  27.94,  27.72,  27.94,  27.74,  27.68,  27.55,  27.57,  26.88,  26.90,  28.07,  27.76,  27.44,  27.29,  27.39,  27.20,  27.55,  27.54,  27.79,  27.52,  27.52,  27.95,  27.74,  27.38
19950827, 1200,  , HU, 24.1N,  48.2W,  70,  984, -999, -999, -999, -999, -999, -999, -999, -999, -999, -999, -999, -999, -999,  27.54,  27.57,  27.63,  27.60,  27.66,  27.09,  27.45,  27.60,  27.88,  27.76,  27.72,  27.62,  27.73,  27.84,  28.04,  27.70,  27.41,  28.49,  27.47,  27.28,  27.18,  27.20,  27.20,  27.24,  27.35,  27.63,  27.40,  27.59,  27.75,  27.62,  27.44
19950827, 1800,  , HU, 25.4N,  48.4W,  70,  986, -999, -999, -999, -999, -999, -999, -999, -999, -999, -999, -999, -999, -999,  27.99,  27.84,  27.87,  27.91,  27.91,  27.15,  27.61,  27.75,  28.03,  28.08,  27.95,  27.85,  27.84,  27.88,  28.26,  27.81,  27.23,  27.36,  27.27,  27.46,  27.27,  27.37,  27.41,  27.48,  27.40,  27.64,  27.70,  27.75,  27.76,  27.57,  27.52
19950828, 0000,  , HU, 26.4N,  48.6W,  65,  992, -999, -999, -999, -999, -999, -999, -999, -999, -999, -999, -999, -999, -999,  28.12,  28.02,  28.02,  27.96,  27.66,  27.95,  28.05,  28.21,  28.29,  28.12,  28.09,  28.22,  28.06,  28.36,  28.03,  27.60,  27.15,  27.04,  26.81,  26.73,  26.81,  26.93,  27.27,  27.09,  27.19,  27.45,  27.30,  27.64,  27.64,  27.61,  27.52
19950828, 0600,  , HU, 27.1N,  48.8W,  65,  994, -999, -999, -999, -999, -999, -999, -999, -999, -999, -999, -999, -999, -999,  28.09,  28.16,  28.29,  28.10,  27.83,  27.81,  27.80,  28.17,  28.36,  28.37,  28.25,  28.54,  28.32,  28.25,  28.10,  27.72,  27.09,  26.89,  26.85,  26.43,  26.48,  26.75,  26.88,  26.50,  26.68,  27.06,  26.94,  27.42,  27.12,  27.11,  27.21
19950828, 1200,  , HU, 27.7N,  49.1W,  65,  991, -999, -999, -999, -999, -999, -999, -999, -999, -999, -999, -999, -999, -999,  27.82,  27.84,  27.93,  27.86,  27.68,  27.70,  27.53,  27.79,  28.02,  28.11,  27.96,  28.20,  28.07,  28.10,  28.05,  27.47,  26.40,  26.23,  26.65,  26.13,  26.43,  26.57,  26.90,  26.59,  26.81,  27.10,  27.11,  27.77,  27.27,  27.26,  27.33
19950828, 1800,  , HU, 28.4N,  49.3W,  65,  987, -999, -999, -999, -999, -999, -999, -999, -999, -999, -999, -999, -999, -999,  27.70,  27.96,  27.82,  27.90,  27.78,  27.75,  27.64,  27.78,  28.14,  28.39,  28.30,  28.28,  28.21,  28.32,  28.17,  27.65,  26.61,  26.90,  26.91,  26.43,  26.59,  26.38,  26.38,  25.97,  26.34,  26.78,  26.96,  27.31,  27.29,  27.32,  27.44
19950829, 0000,  , HU, 29.0N,  49.4W,  65,  985, -999, -999, -999, -999, -999, -999, -999, -999, -999, -999, -999, -999, -999,  27.93,  27.67,  27.89,  27.74,  27.96,  28.03,  27.92,  28.26,  28.50,  28.67,  28.46,  28.34,  28.38,  28.41,  27.88,  27.29,  26.76,  26.11,  25.39,  25.57,  25.51,  26.07,  25.83,  26.41,  27.07,  27.13,  27.24,  27.18,  27.25,  27.33,  26.55
19950829, 0600,  , HU, 29.5N,  49.4W,  70,  983, -999, -999, -999, -999, -999, -999, -999, -999, -999, -999, -999, -999, -999,  28.29,  28.10,  28.31,  28.16,  28.47,  28.69,  28.44,  28.69,  28.73,  28.75,  28.42,  28.30,  28.23,  28.62,  27.57,  26.73,  26.24,  26.12,  25.91,  26.04,  26.41,  26.73,  26.17,  26.21,  26.54,  26.60,  26.75,  26.55,  26.51,  26.59,  26.20
19950829, 1200,  , HU, 30.0N,  49.2W,  75,  981, -999, -999, -999, -999, -999, -999, -999, -999, -999, -999, -999, -999, -999,  28.06,  27.83,  27.89,  28.00,  28.27,  29.09,  28.32,  28.48,  28.59,  28.40,  27.99,  28.05,  28.32,  28.64,  27.65,  27.15,  26.37,  26.48,  25.89,  25.87,  25.87,  25.73,  25.34,  25.68,  26.39,  27.18,  27.49,  27.33,  27.37,  27.33,  26.59
19950829, 1800,  , HU, 30.6N,  48.9W,  75,  979, -999, -999, -999, -999, -999, -999, -999, -999, -999, -999, -999, -999, -999,  28.25,  28.03,  27.92,  28.02,  28.26,  29.35,  28.19,  28.42,  28.61,  28.44,  27.87,  28.06,  28.50,  28.59,  27.79,  27.54,  27.12,  26.78,  26.57,  26.42,  26.32,  26.48,  26.25,  26.20,  26.66,  27.12,  26.80,  26.94,  27.12,  27.26,  26.96
19950830, 0000,  , HU, 31.3N,  48.3W,  80,  978, -999, -999, -999, -999, -999, -999, -999, -999, -999, -999, -999, -999, -999,  28.02,  27.95,  28.15,  28.20,  29.37,  28.11,  28.04,  28.80,  28.42,  28.17,  28.14,  28.59,  28.28,  28.09,  27.68,  27.22,  27.18,  27.03,  27.41,  27.68,  27.40,  27.13,  27.02,  27.36,  28.35,  27.63,  27.47,  27.51,  27.91,  27.56,  27.45
19950830, 0600,  , HU, 32.8N,  47.1W,  80,  976, -999, -999, -999, -999, -999, -999, -999, -999, -999, -999, -999, -999, -999,  28.00,  28.17,  28.23,  28.22,  28.38,  27.86,  28.00,  27.51,  27.80,  28.08,  28.14,  27.75,  27.36,  27.55,  27.44,  27.09,  26.89,  27.20,  26.91,  27.07,  26.90,  26.60,  26.86,  26.98,  27.62,  27.19,  27.60,  27.22,  27.82,  26.97,  27.13
19950830, 1200,  , HU, 34.0N,  45.7W,  80,  974, -999, -999, -999, -999, -999, -999, -999, -999, -999, -999, -999, -999, -999,  27.67,  28.41,  28.18,  27.92,  27.69,  27.51,  27.58,  27.29,  27.38,  28.39,  27.73,  27.47,  27.27,  27.31,  27.00,  26.79,  26.58,  26.72,  26.61,  27.25,  27.03,  26.73,  27.50,  26.68,  26.98,  27.00,  27.60,  27.05,  27.12,  27.03,  26.94
19950830, 1800,  , HU, 35.2N,  44.0W,  80,  971, -999, -999, -999, -999, -999, -999, -999, -999, -999, -999, -999, -999, -999,  26.32,  26.77,  26.75,  26.56,  26.48,  26.59,  26.34,  25.93,  26.26,  26.09,  25.86,  26.23,  25.88,  25.65,  25.77,  25.24,  25.05,  25.27,  25.33,  26.29,  25.63,  25.82,  25.80,  25.50,  25.53,  25.88,  26.06,  25.97,  25.59,  25.65,  25.55
19950831, 0000,  , HU, 36.0N,  41.9W,  80,  970, -999, -999, -999, -999, -999, -999, -999, -999, -999, -999, -999, -999, -999,  25.63,  24.98,  25.29,  24.86,  26.00,  26.00,  24.70,  25.09,  25.15,  24.77,  26.17,  25.42,  25.40,  26.07,  25.47,  24.87,  25.10,  25.14,  25.43,  25.07,  25.07,  25.19,  25.59,  25.91,  25.91,  25.76,  25.73,  25.44,  26.14,  26.02,  25.52
19950831, 0600,  , HU, 37.1N,  40.0W,  80,  971, -999, -999, -999, -999, -999, -999, -999, -999, -999, -999, -999, -999, -999,  24.54,  24.41,  24.77,  24.38,  24.48,  24.33,  24.38,  24.71,  24.23,  24.21,  24.87,  25.03,  24.72,  25.31,  23.96,  23.30,  23.58,  24.09,  24.26,  24.29,  24.70,  24.72,  24.63,  24.41,  24.80,  24.78,  24.65,  23.79,  23.64,  23.90,  24.36
19950831, 1200,  , HU, 38.3N,  39.0W,  70,  985, -999, -999, -999, -999, -999, -999, -999, -999, -999, -999, -999, -999, -999,  23.19,  23.04,  23.95,  23.26,  23.23,  22.92,  22.92,  23.06,  22.67,  22.46,  23.12,  23.38,  23.39,  24.44,  23.11,  22.75,  22.66,  22.83,  23.02,  22.82,  23.13,  23.08,  23.14,  23.59,  23.50,  23.48,  23.49,  22.47,  22.71,  22.85,  22.91
19950831, 1800,  , TS, 39.1N,  38.2W,  60,  995, -999, -999, -999, -999, -999, -999, -999, -999, -999, -999, -999, -999, -999,  23.38,  23.23,  24.04,  23.74,  23.57,  23.43,  23.39,  22.95,  22.79,  22.91,  23.09,  22.84,  22.86,  23.78,  22.99,  22.94,  22.74,  22.81,  23.30,  23.26,  23.54,  23.31,  23.37,  23.29,  23.40,  23.27,  23.39,  22.70,  23.14,  22.96,  22.86
19950901, 0000,  , TS, 40.0N,  37.0W,  45, 1000, -999, -999, -999, -999, -999, -999, -999, -999, -999, -999, -999, -999, -999,  21.97,  22.81,  23.00,  21.63,  21.06,  21.40,  22.58,  22.75,  22.39,  21.91,  22.49,  22.50,  22.98,  22.98,  22.59,  22.11,  22.19,  22.59,  22.88,  22.98,  22.65,  22.89,  22.87,  22.90,  22.96,  23.07,  22.28,  22.28,  22.19,  21.90,  21.23
