AL122002,               KYLE,     90,
20020920, 1800,  , SD, 28.3N,  51.8W,  25, 1007, -999, -999, -999, -999, -999, -999, -999, -999, -999, -999, -999, -999, -999,  28.00,  28.34,  28.27,  28.62,  28.28,  28.58,  29.03,  28.23,  27.92,  27.80,  27.85,  28.12,  28.04,  27.83,  27.69,  27.84,  27.69,  27.38,  27.46,  27.41,  27.22,  27.16,  27.20,  26.85,  27.11,  27.68,  27.52,  27.33,  27.38,  27.49,  27.43
20020921, 0000,  , SD, 29.3N,  51.4W,  30, 1007, -999, -999, -999, -999, -999, -999, -999, -999, -999, -999, -999, -999, -999,  27.78,  27.73,  28.30,  27.92,  27.99,  27.90,  27.98,  27.87,  27.80,  27.74,  28.20,  28.21,  27.90,  27.87,  27.99,  27.64,  27.02,  26.98,  27.05,  27.06,  26.97,  27.13,  27.15,  27.45,  27.87,  27.59,  27.37,  27.23,  27.20,  27.05,  26.97
20020921, 0600,  , SS, 30.4N,  51.6W,  35, 1007, -999, -999, -999, -999, -999, -999, -999, -999, -999, -999, -999, -999, -999,  27.46,  27.29,  27.77,  27.64,  27.79,  27.35,  27.44,  27.30,  27.05,  26.92,  26.99,  27.57,  27.23,  27.57,  27.63,  27.09,  26.96,  26.84,  26.57,  26.74,  26.43,  25.48,  25.32,  25.45,  25.71,  25.83,  25.33,  25.20,  25.44,  25.68,  25.29
20020921, 1200,  , SS, 31.0N,  51.6W,  35, 1007, -999, -999, -999, -999, -999, -999, -999, -999, -999, -999, -999, -999, -999,  27.59,  27.50,  27.80,  27.35,  27.73,  27.06,  27.17,  27.09,  26.92,  26.85,  27.07,  27.68,  27.27,  27.52,  27.51,  27.13,  27.10,  26.66,  26.31,  26.30,  26.08,  25.29,  25.09,  25.53,  25.86,  26.14,  26.00,  25.90,  25.89,  25.47,  24.70
20020921, 1800,  , SS, 31.7N,  51.3W,  40, 1006, -999, -999, -999, -999, -999, -999, -999, -999, -999, -999, -999, -999, -999,  27.45,  27.41,  27.63,  27.12,  27.49,  26.91,  27.21,  27.28,  27.00,  26.88,  27.13,  27.41,  26.94,  27.03,  27.13,  26.69,  26.82,  26.41,  26.09,  25.97,  25.91,  25.38,  25.38,  25.42,  25.38,  25.50,  25.17,  24.80,  24.90,  25.06,  24.95
20020922, 0000,  , SS, 32.4N,  50.9W,  45, 1004, -999, -999, -999, -999, -999, -999, -999, -999, -999, -999, -999, -999, -999,  27.51,  27.45,  26.96,  26.93,  27.02,  27.27,  27.32,  27.08,  26.78,  26.79,  26.77,  26.64,  26.75,  26.51,  25.93,  26.04,  25.81,  25.95,  25.53,  25.14,  25.34,  25.56,  25.53,  25.15,  25.19,  25.12,  25.07,  25.40,  25.57,  25.38,  25.27
20020922, 0600,  , SS, 32.8N,  50.5W,  40, 1006, -999, -999, -999, -999, -999, -999, -999, -999, -999, -999, -999, -999, -999,  27.05,  27.04,  26.84,  26.45,  26.60,  26.77,  26.66,  26.60,  26.56,  26.11,  26.18,  26.07,  25.81,  26.31,  25.85,  25.79,  25.74,  25.51,  25.21,  25.19,  24.87,  25.32,  25.93,  25.15,  25.08,  25.11,  25.03,  25.14,  25.38,  25.08,  24.82
20020922, 1200,  , SS, 33.2N,  49.9W,  40, 1006, -999, -999, -999, -999, -999, -999, -999, -999, -999, -999, -999, -999, -999,  26.76,  26.90,  26.57,  26.19,  26.26,  26.38,  26.50,  26.57,  26.30,  26.01,  26.16,  25.94,  25.80,  26.11,  25.67,  25.52,  25.68,  25.35,  25.24,  25.20,  24.77,  25.45,  26.01,  25.23,  25.11,  25.07,  25.05,  25.03,  25.15,  24.95,  24.76
20020922, 1800,  , SS, 33.3N,  49.5W,  40, 1006, -999, -999, -999, -999, -999, -999, -999, -999, -999, -999, -999, -999, -999,  26.76,  26.98,  26.78,  26.47,  26.45,  26.50,  26.54,  26.53,  26.34,  26.12,  26.18,  26.03,  25.90,  26.29,  25.96,  25.82,  25.96,  25.47,  25.34,  25.31,  24.94,  25.51,  25.99,  25.52,  25.48,  25.34,  25.34,  25.28,  25.42,  25.13,  25.06
20020923, 0000,  , TS, 33.2N,  49.1W,  35, 1007, -999, -999, -999, -999, -999, -999, -999, -999, -999, -999, -999, -999, -999,  27.05,  27.02,  26.91,  26.80,  26.85,  26.74,  26.61,  26.44,  26.36,  26.30,  26.29,  26.17,  26.45,  26.35,  26.25,  26.43,  26.09,  25.96,  25.80,  25.23,  25.36,  25.82,  25.63,  25.73,  25.40,  25.43,  25.28,  25.50,  25.22,  25.18,  24.97
20020923, 0600,  , TS, 32.7N,  49.4W,  35, 1007, -999, -999, -999, -999, -999, -999, -999, -999, -999, -999, -999, -999, -999,  27.37,  27.21,  26.78,  26.70,  26.71,  26.67,  26.58,  26.42,  26.43,  26.39,  26.27,  26.18,  26.41,  26.06,  25.95,  26.14,  26.16,  26.05,  26.07,  25.66,  25.76,  26.00,  25.48,  25.40,  25.24,  25.14,  25.08,  25.30,  24.97,  25.02,  25.20
20020923, 1200,  , TS, 32.3N,  49.5W,  35, 1005, -999, -999, -999, -999, -999, -999, -999, -999, -999, -999, -999, -999, -999,  27.61,  27.35,  27.09,  27.09,  26.98,  26.75,  26.45,  26.45,  26.51,  26.54,  26.33,  26.35,  26.82,  26.55,  26.50,  26.53,  26.74,  25.89,  25.93,  25.68,  25.59,  25.74,  25.42,  25.04,  24.94,  24.92,  25.00,  25.23,  25.00,  25.06,  25.29
20020923, 1800,  , TS, 31.9N,  49.6W,  40, 1003, -999, -999, -999, -999, -999, -999, -999, -999, -999, -999, -999, -999, -999,  27.47,  27.20,  26.93,  27.00,  26.92,  26.87,  26.59,  26.64,  26.64,  26.80,  26.80,  26.95,  27.09,  26.81,  26.65,  26.54,  26.85,  26.28,  26.26,  25.44,  25.18,  25.36,  25.44,  25.20,  25.00,  24.87,  24.92,  25.21,  25.06,  25.30,  25.48
20020924, 0000,  , TS, 31.4N,  50.0W,  40, 1003, -999, -999, -999, -999, -999, -999, -999, -999, -999, -999, -999, -999, -999,  27.11,  27.23,  27.18,  27.01,  26.88,  26.66,  26.65,  26.81,  26.86,  26.80,  26.68,  26.80,  26.65,  26.54,  26.29,  26.57,  26.34,  25.78,  25.47,  25.36,  25.57,  25.50,  25.44,  25.42,  25.26,  25.10,  25.19,  25.00,  25.42,  25.54,  25.61
20020924, 0600,  , TS, 31.0N,  50.4W,  45, 1000, -999, -999, -999, -999, -999, -999, -999, -999, -999, -999, -999, -999, -999,  27.27,  27.52,  27.52,  27.50,  27.27,  27.23,  26.96,  27.01,  27.07,  27.04,  27.10,  27.22,  26.91,  26.72,  26.42,  26.20,  26.13,  25.83,  25.16,  24.80,  25.17,  25.10,  25.28,  25.25,  25.04,  25.01,  25.25,  25.18,  25.66,  25.64,  25.69
20020924, 1200,  , TS, 30.6N,  50.7W,  50,  997, -999, -999, -999, -999, -999, -999, -999, -999, -999, -999, -999, -999, -999,  27.37,  27.77,  27.24,  27.31,  27.35,  27.33,  27.30,  27.46,  27.46,  27.05,  27.15,  27.19,  26.87,  26.82,  26.69,  26.41,  26.43,  26.27,  25.63,  25.58,  25.78,  25.93,  25.61,  25.23,  25.18,  25.31,  25.72,  25.39,  25.48,  25.44,  25.39
20020924, 1800,  , TS, 30.3N,  51.1W,  55,  994, -999, -999, -999, -999, -999, -999, -999, -999, -999, -999, -999, -999, -999,  27.48,  27.80,  27.26,  27.51,  27.32,  27.18,  27.20,  27.41,  27.62,  27.13,  27.40,  27.45,  26.93,  26.79,  26.64,  26.37,  26.60,  26.31,  25.52,  25.38,  25.54,  26.07,  25.95,  25.32,  25.13,  25.60,  25.77,  25.36,  25.38,  25.32,  25.46
20020925, 0000,  , TS, 30.0N,  52.1W,  55,  994, -999, -999, -999, -999, -999, -999, -999, -999, -999, -999, -999, -999, -999,  27.70,  27.43,  27.51,  27.44,  27.21,  27.07,  27.08,  27.83,  27.12,  27.34,  27.65,  27.15,  26.85,  26.73,  26.70,  26.72,  26.50,  25.89,  25.95,  26.37,  26.24,  25.98,  25.67,  25.52,  25.34,  25.23,  25.04,  25.31,  25.47,  25.68,  25.94
20020925, 0600,  , TS, 29.7N,  53.7W,  55,  994, -999, -999, -999, -999, -999, -999, -999, -999, -999, -999, -999, -999, -999,  27.99,  28.55,  27.92,  28.12,  27.80,  27.83,  27.70,  27.63,  27.90,  27.97,  28.14,  27.96,  28.13,  27.97,  27.71,  27.46,  27.32,  26.90,  26.29,  26.01,  25.97,  26.03,  25.98,  26.08,  26.06,  25.99,  25.66,  25.50,  25.41,  25.52,  25.54
20020925, 1200,  , TS, 29.3N,  54.4W,  60,  990, -999, -999, -999, -999, -999, -999, -999, -999, -999, -999, -999, -999, -999,  28.28,  28.74,  28.09,  28.29,  28.10,  28.15,  28.13,  28.23,  28.61,  28.16,  27.98,  27.86,  27.85,  27.86,  27.73,  27.62,  27.51,  27.39,  26.70,  26.72,  26.83,  26.60,  26.25,  26.14,  26.10,  26.29,  26.16,  26.00,  25.87,  25.96,  25.90
20020925, 1800,  , HU, 29.0N,  55.3W,  65,  987, -999, -999, -999, -999, -999, -999, -999, -999, -999, -999, -999, -999, -999,  28.48,  28.55,  28.38,  28.45,  28.19,  27.99,  28.03,  28.07,  28.27,  28.39,  27.99,  28.01,  28.03,  28.23,  28.12,  27.91,  27.77,  27.62,  26.89,  26.77,  26.93,  26.88,  26.67,  26.39,  26.79,  26.88,  26.82,  26.63,  26.71,  26.82,  26.96
20020926, 0000,  , HU, 28.6N,  56.6W,  65,  987, -999, -999, -999, -999, -999, -999, -999, -999, -999, -999, -999, -999, -999,  28.60,  28.40,  28.55,  28.46,  28.36,  28.48,  28.54,  28.78,  28.79,  28.39,  28.30,  28.33,  28.79,  28.45,  28.11,  28.10,  27.93,  27.01,  26.73,  27.02,  27.28,  27.10,  27.31,  27.42,  27.70,  27.27,  27.31,  27.08,  26.66,  26.57,  26.48
20020926, 0600,  , HU, 28.2N,  57.5W,  70,  984, -999, -999, -999, -999, -999, -999, -999, -999, -999, -999, -999, -999, -999,  28.55,  28.56,  28.76,  28.89,  28.85,  28.69,  28.71,  29.23,  29.28,  28.96,  29.04,  29.13,  29.74,  29.08,  28.50,  28.00,  27.90,  27.03,  26.37,  26.47,  26.55,  26.59,  26.64,  27.00,  27.38,  26.59,  26.51,  26.53,  26.52,  26.90,  27.04
20020926, 1200,  , HU, 27.9N,  58.3W,  75,  982, -999, -999, -999, -999, -999, -999, -999, -999, -999, -999, -999, -999, -999,  28.78,  28.57,  28.62,  28.84,  28.95,  28.68,  28.52,  29.05,  29.06,  28.76,  28.71,  29.18,  28.74,  28.74,  28.54,  28.39,  28.46,  27.86,  26.54,  26.48,  26.42,  26.87,  27.46,  27.83,  27.49,  26.44,  26.22,  26.18,  26.37,  26.68,  26.99
20020926, 1800,  , HU, 27.8N,  59.0W,  75,  981, -999, -999, -999, -999, -999, -999, -999, -999, -999, -999, -999, -999, -999,  28.78,  28.83,  28.86,  28.92,  28.91,  28.62,  28.24,  29.08,  29.30,  29.23,  28.94,  29.20,  28.94,  28.86,  28.64,  28.34,  28.43,  27.99,  26.22,  25.55,  25.66,  26.33,  27.24,  27.14,  27.54,  26.82,  26.53,  26.60,  27.09,  27.49,  27.56
20020927, 0000,  , HU, 27.5N,  59.5W,  75,  980, -999, -999, -999, -999, -999, -999, -999, -999, -999, -999, -999, -999, -999,  29.19,  29.30,  29.45,  29.13,  28.95,  28.44,  29.05,  29.38,  29.50,  29.03,  28.81,  28.85,  29.08,  28.76,  28.40,  28.36,  28.16,  26.90,  25.94,  26.11,  26.54,  27.00,  26.59,  27.39,  27.19,  27.23,  27.24,  27.39,  27.47,  27.33,  27.42
20020927, 0600,  , HU, 27.1N,  60.0W,  75,  982, -999, -999, -999, -999, -999, -999, -999, -999, -999, -999, -999, -999, -999,  29.14,  29.14,  29.36,  29.05,  28.93,  28.43,  28.68,  29.28,  29.01,  28.76,  28.66,  28.74,  28.95,  28.82,  28.51,  28.48,  28.50,  27.78,  26.89,  27.17,  27.48,  27.41,  27.22,  27.76,  27.18,  27.11,  27.14,  27.30,  27.43,  27.37,  27.38
20020927, 1200,  , HU, 27.0N,  60.4W,  75,  982, -999, -999, -999, -999, -999, -999, -999, -999, -999, -999, -999, -999, -999,  29.26,  29.06,  29.26,  28.94,  28.88,  28.46,  28.49,  29.03,  29.16,  28.89,  28.80,  28.96,  28.93,  28.81,  28.51,  28.43,  28.86,  28.14,  27.25,  27.56,  27.82,  27.55,  27.54,  27.99,  27.16,  27.11,  27.34,  27.67,  27.82,  27.90,  27.80
20020927, 1800,  , HU, 26.8N,  60.8W,  70,  984, -999, -999, -999, -999, -999, -999, -999, -999, -999, -999, -999, -999, -999,  29.19,  28.96,  29.25,  29.02,  29.03,  28.62,  28.57,  28.86,  29.18,  28.88,  28.77,  29.02,  28.89,  28.82,  28.45,  28.35,  28.87,  28.36,  27.65,  27.87,  28.12,  27.82,  27.86,  28.12,  27.11,  27.09,  27.08,  27.55,  28.12,  28.54,  28.28
20020928, 0000,  , HU, 26.5N,  61.4W,  70,  984, -999, -999, -999, -999, -999, -999, -999, -999, -999, -999, -999, -999, -999,  29.31,  29.74,  29.36,  29.51,  29.00,  28.83,  28.92,  29.28,  28.93,  28.91,  29.34,  28.99,  29.05,  28.56,  28.59,  28.68,  28.76,  28.45,  28.45,  28.14,  27.26,  27.41,  27.80,  27.52,  27.65,  27.64,  28.12,  28.48,  28.81,  28.41,  28.13
20020928, 0600,  , HU, 26.3N,  62.3W,  65,  987, -999, -999, -999, -999, -999, -999, -999, -999, -999, -999, -999, -999, -999,  29.09,  29.40,  28.88,  28.95,  28.76,  28.84,  28.74,  29.18,  28.90,  29.12,  29.21,  28.93,  29.03,  28.56,  28.27,  28.08,  27.86,  27.80,  27.88,  27.82,  27.56,  27.73,  28.14,  27.98,  27.85,  27.98,  28.14,  28.26,  28.46,  27.97,  27.73
20020928, 1200,  , TS, 26.5N,  62.9W,  60,  990, -999, -999, -999, -999, -999, -999, -999, -999, -999, -999, -999, -999, -999,  29.30,  29.61,  28.88,  28.77,  28.61,  28.53,  28.64,  29.13,  28.97,  29.09,  28.96,  28.73,  28.67,  28.28,  27.70,  27.62,  27.91,  27.64,  27.64,  27.35,  27.61,  27.91,  28.24,  28.12,  27.92,  28.05,  28.31,  28.28,  28.34,  27.70,  27.69
20020928, 1800,  , TS, 26.7N,  63.2W,  50,  997, -999, -999, -999, -999, -999, -999, -999, -999, -999, -999, -999, -999, -999,  29.20,  29.31,  28.75,  28.71,  28.68,  28.74,  28.82,  29.06,  28.77,  28.95,  29.07,  28.99,  28.94,  28.57,  28.15,  28.06,  28.76,  27.89,  27.82,  27.20,  27.43,  27.74,  28.21,  28.15,  27.88,  28.17,  28.22,  28.36,  28.28,  27.67,  27.67
20020929, 0000,  , TS, 27.1N,  63.7W,  45, 1000, -999, -999, -999, -999, -999, -999, -999, -999, -999, -999, -999, -999, -999,  28.87,  28.45,  28.43,  28.55,  28.50,  28.63,  28.69,  28.57,  28.40,  28.63,  28.80,  28.60,  28.21,  28.24,  28.26,  28.60,  28.17,  27.84,  27.23,  27.37,  27.26,  27.84,  27.80,  27.55,  27.74,  27.80,  28.01,  27.55,  27.10,  27.28,  27.37
20020929, 0600,  , TS, 27.2N,  64.4W,  40, 1002, -999, -999, -999, -999, -999, -999, -999, -999, -999, -999, -999, -999, -999,  28.95,  28.29,  28.08,  28.34,  28.41,  28.78,  28.69,  28.58,  28.34,  28.73,  28.68,  28.39,  28.00,  28.06,  28.04,  28.05,  28.01,  27.76,  27.58,  27.50,  27.59,  28.01,  28.03,  27.62,  27.44,  27.50,  27.75,  27.62,  27.49,  27.64,  27.51
20020929, 1200,  , TS, 27.7N,  64.7W,  40, 1002, -999, -999, -999, -999, -999, -999, -999, -999, -999, -999, -999, -999, -999,  29.09,  28.64,  28.49,  28.50,  28.60,  28.82,  28.72,  28.52,  28.33,  28.71,  28.79,  28.38,  28.02,  28.07,  28.05,  28.07,  28.27,  27.83,  27.73,  27.59,  27.31,  27.55,  27.60,  27.38,  27.27,  27.35,  27.62,  27.40,  27.17,  27.23,  27.38
20020929, 1800,  , TS, 28.1N,  64.7W,  40, 1002, -999, -999, -999, -999, -999, -999, -999, -999, -999, -999, -999, -999, -999,  29.11,  28.81,  28.68,  28.65,  28.74,  28.79,  28.72,  28.56,  28.43,  28.75,  28.99,  28.54,  28.22,  28.27,  28.20,  28.15,  28.68,  27.67,  27.27,  27.09,  26.98,  27.28,  27.53,  27.30,  27.34,  27.50,  27.79,  27.44,  27.36,  27.42,  27.60
20020930, 0000,  , TS, 28.7N,  64.6W,  40, 1002, -999, -999, -999, -999, -999, -999, -999, -999, -999, -999, -999, -999, -999,  28.47,  28.33,  28.42,  28.74,  28.88,  28.54,  28.44,  28.25,  28.30,  28.63,  28.25,  27.91,  27.79,  27.82,  27.62,  27.97,  27.52,  27.29,  27.31,  27.14,  27.35,  27.70,  27.59,  27.61,  27.77,  28.00,  27.79,  27.46,  27.14,  27.25,  27.49
20020930, 0600,  , TS, 29.1N,  64.7W,  35, 1003, -999, -999, -999, -999, -999, -999, -999, -999, -999, -999, -999, -999, -999,  28.37,  28.33,  28.41,  28.62,  28.75,  28.48,  28.41,  28.20,  28.14,  28.42,  28.16,  27.86,  27.73,  27.90,  27.76,  27.79,  27.53,  27.23,  27.18,  26.96,  27.01,  27.28,  27.14,  27.28,  27.50,  27.89,  27.69,  27.48,  27.19,  27.22,  27.41
20020930, 1200,  , TS, 29.0N,  65.5W,  35, 1004, -999, -999, -999, -999, -999, -999, -999, -999, -999, -999, -999, -999, -999,  28.52,  28.38,  28.42,  28.64,  28.59,  28.45,  28.31,  28.15,  28.09,  28.39,  28.14,  27.79,  27.72,  27.80,  27.67,  27.58,  27.62,  27.35,  27.27,  27.14,  26.97,  27.14,  26.85,  26.77,  26.82,  26.95,  26.86,  26.91,  26.76,  26.74,  27.05
20020930, 1800,  , TD, 27.8N,  66.7W,  30, 1005, -999, -999, -999, -999, -999, -999, -999, -999, -999, -999, -999, -999, -999,  28.46,  28.42,  28.54,  28.70,  28.43,  28.40,  28.56,  28.30,  28.20,  28.56,  28.35,  28.23,  28.27,  28.24,  27.97,  27.72,  27.24,  27.39,  27.30,  27.26,  27.36,  27.37,  27.85,  28.01,  27.83,  27.62,  27.45,  27.31,  27.30,  27.62,  27.79
20021001, 0000,  , TD, 28.2N,  66.8W,  30, 1005, -999, -999, -999, -999, -999, -999, -999, -999, -999, -999, -999, -999, -999,  28.74,  28.87,  29.09,  28.87,  28.70,  28.94,  28.53,  28.37,  28.74,  28.51,  28.28,  28.24,  28.25,  28.16,  28.02,  27.56,  27.73,  27.67,  27.25,  26.85,  26.88,  27.39,  27.63,  27.68,  27.34,  27.27,  27.30,  27.20,  27.26,  27.40,  27.15
20021001, 0600,  , TD, 28.5N,  66.8W,  30, 1008, -999, -999, -999, -999, -999, -999, -999, -999, -999, -999, -999, -999, -999,  28.39,  28.54,  29.08,  28.98,  28.55,  28.81,  28.33,  28.32,  28.58,  28.52,  28.28,  28.19,  28.12,  27.97,  27.81,  27.62,  27.86,  27.85,  27.67,  26.87,  26.61,  27.29,  27.52,  27.47,  27.12,  26.93,  26.97,  27.12,  27.19,  27.09,  27.11
20021001, 1200,  , TS, 28.5N,  67.2W,  35, 1005, -999, -999, -999, -999, -999, -999, -999, -999, -999, -999, -999, -999, -999,  28.21,  28.26,  28.53,  28.58,  28.69,  29.00,  28.46,  28.34,  28.54,  28.59,  28.34,  28.23,  28.18,  28.07,  27.74,  27.57,  27.98,  27.84,  27.76,  27.12,  26.66,  26.94,  27.07,  27.37,  27.19,  27.06,  27.09,  27.18,  27.25,  27.31,  27.23
20021001, 1800,  , TS, 28.5N,  67.5W,  40, 1002, -999, -999, -999, -999, -999, -999, -999, -999, -999, -999, -999, -999, -999,  28.06,  28.02,  28.23,  28.29,  28.26,  28.39,  28.00,  27.98,  28.29,  28.47,  28.27,  28.15,  28.19,  28.11,  27.82,  27.62,  28.48,  27.95,  27.79,  27.29,  26.79,  27.08,  26.94,  27.12,  27.00,  26.79,  26.82,  27.36,  27.37,  27.39,  27.23
20021002, 0000,  , TS, 28.4N,  67.7W,  45, 1000, -999, -999, -999, -999, -999, -999, -999, -999, -999, -999, -999, -999, -999,  28.07,  28.27,  28.20,  28.25,  28.34,  28.04,  28.01,  28.31,  28.35,  28.12,  28.01,  28.18,  28.15,  27.88,  27.59,  28.33,  27.82,  27.73,  27.40,  26.93,  27.18,  27.05,  27.24,  27.16,  26.91,  27.07,  27.77,  27.70,  27.73,  27.47,  27.39
20021002, 0600,  , TS, 28.5N,  67.8W,  45, 1000, -999, -999, -999, -999, -999, -999, -999, -999, -999, -999, -999, -999, -999,  28.03,  28.23,  28.23,  28.30,  28.36,  28.14,  28.08,  28.26,  28.42,  28.01,  27.80,  27.98,  27.99,  27.86,  27.70,  28.36,  28.12,  27.97,  27.52,  26.98,  27.15,  26.92,  27.30,  27.49,  27.47,  27.44,  27.81,  27.72,  27.62,  27.34,  27.09
20021002, 1200,  , TS, 28.8N,  67.6W,  50,  997, -999, -999, -999, -999, -999, -999, -999, -999, -999, -999, -999, -999, -999,  27.97,  28.18,  28.36,  28.36,  28.37,  28.02,  28.04,  28.19,  28.35,  28.01,  27.99,  28.15,  28.10,  27.84,  27.75,  28.46,  28.34,  27.95,  27.13,  26.61,  27.16,  26.96,  27.44,  27.48,  27.29,  27.22,  27.44,  27.46,  27.30,  27.05,  27.01
20021002, 1800,  , TS, 29.0N,  66.9W,  55,  994, -999, -999, -999, -999, -999, -999, -999, -999, -999, -999, -999, -999, -999,  28.02,  28.33,  28.36,  28.47,  28.91,  28.38,  28.36,  28.50,  28.56,  28.22,  28.14,  28.16,  28.05,  27.80,  27.67,  27.99,  27.86,  27.68,  26.92,  26.45,  27.05,  26.88,  26.94,  26.72,  26.84,  26.96,  27.11,  27.23,  27.24,  27.22,  27.14
20021003, 0000,  , TS, 29.1N,  66.7W,  55,  994, -999, -999, -999, -999, -999, -999, -999, -999, -999, -999, -999, -999, -999,  28.27,  28.34,  28.45,  28.70,  28.32,  28.31,  28.46,  28.56,  28.20,  28.11,  28.11,  28.02,  27.81,  27.77,  27.87,  27.83,  27.65,  26.87,  26.38,  27.10,  26.81,  26.77,  26.55,  26.72,  26.92,  27.08,  27.20,  27.13,  27.03,  26.88,  27.06
20021003, 0600,  , TS, 29.0N,  66.6W,  55,  994, -999, -999, -999, -999, -999, -999, -999, -999, -999, -999, -999, -999, -999,  28.70,  28.73,  28.70,  28.61,  28.34,  28.34,  28.46,  28.43,  28.12,  28.06,  28.08,  27.98,  27.77,  27.71,  27.76,  27.68,  27.56,  26.79,  26.54,  27.05,  27.17,  27.16,  27.13,  27.10,  26.93,  26.87,  26.69,  26.98,  27.10,  26.88,  26.91
20021003, 1200,  , TS, 29.0N,  67.2W,  50, 1000, -999, -999, -999, -999, -999, -999, -999, -999, -999, -999, -999, -999, -999,  28.35,  28.36,  28.21,  28.53,  28.25,  28.40,  28.59,  28.63,  28.23,  28.16,  28.18,  28.09,  27.86,  27.72,  28.11,  28.02,  27.79,  27.03,  26.47,  27.05,  26.73,  26.90,  26.66,  26.63,  26.68,  26.85,  27.02,  27.05,  27.16,  27.12,  27.25
20021003, 1800,  , TS, 29.3N,  67.7W,  45, 1000, -999, -999, -999, -999, -999, -999, -999, -999, -999, -999, -999, -999, -999,  28.45,  28.36,  28.39,  28.60,  28.05,  28.05,  28.11,  28.38,  27.88,  27.72,  27.79,  27.56,  27.25,  27.25,  27.56,  27.68,  27.55,  27.04,  26.87,  27.59,  27.18,  27.27,  27.14,  27.16,  27.13,  27.16,  27.39,  27.27,  27.09,  27.10,  27.26
20021004, 0000,  , TS, 29.4N,  68.0W,  45, 1000, -999, -999, -999, -999, -999, -999, -999, -999, -999, -999, -999, -999, -999,  28.34,  28.30,  28.43,  28.14,  28.22,  28.36,  28.68,  28.09,  27.78,  27.83,  27.65,  27.43,  27.45,  27.50,  27.60,  27.90,  27.29,  27.20,  27.70,  27.23,  27.38,  27.41,  27.45,  27.51,  27.68,  27.75,  27.51,  27.16,  27.11,  27.14,  27.20
20021004, 0600,  , TS, 29.6N,  68.4W,  35, 1000, -999, -999, -999, -999, -999, -999, -999, -999, -999, -999, -999, -999, -999,  28.52,  28.59,  28.37,  28.19,  28.13,  28.22,  28.56,  27.96,  27.68,  27.94,  27.80,  27.73,  27.82,  27.47,  27.47,  27.30,  27.09,  27.16,  27.41,  27.38,  27.46,  27.51,  27.49,  27.36,  27.50,  27.57,  27.57,  27.27,  27.11,  27.21,  27.27
20021004, 1200,  , TS, 30.1N,  69.5W,  35, 1004, -999, -999, -999, -999, -999, -999, -999, -999, -999, -999, -999, -999, -999,  27.66,  27.94,  27.76,  27.73,  27.59,  27.85,  28.66,  28.21,  27.96,  28.12,  27.76,  27.96,  27.60,  27.26,  27.12,  27.26,  27.14,  27.23,  27.22,  26.80,  27.23,  27.27,  27.19,  27.18,  27.20,  27.23,  27.57,  27.32,  27.28,  27.31,  27.20
20021004, 1800,  , TS, 30.6N,  70.2W,  35, 1004, -999, -999, -999, -999, -999, -999, -999, -999, -999, -999, -999, -999, -999,  27.81,  27.92,  27.74,  27.76,  27.59,  27.77,  28.29,  27.94,  27.80,  28.14,  28.05,  28.10,  27.63,  27.30,  26.95,  26.89,  26.85,  26.75,  26.90,  26.85,  27.04,  27.12,  26.97,  27.06,  27.14,  26.96,  27.16,  26.92,  26.63,  26.38,  26.07
20021005, 0000,  , TS, 31.1N,  70.9W,  35, 1004, -999, -999, -999, -999, -999, -999, -999, -999, -999, -999, -999, -999, -999,  27.46,  27.59,  27.73,  27.44,  27.86,  27.87,  27.66,  27.69,  27.94,  27.87,  27.70,  27.32,  27.21,  26.86,  26.25,  26.45,  26.20,  25.82,  25.83,  26.05,  26.68,  26.56,  26.54,  26.50,  26.16,  26.09,  26.10,  26.10,  25.99,  25.83,  25.67
20021005, 0600,  , TD, 31.6N,  71.6W,  30, 1006, -999, -999, -999, -999, -999, -999, -999, -999, -999, -999, -999, -999, -999,  27.13,  27.37,  27.45,  27.19,  27.73,  27.63,  27.48,  27.48,  27.48,  28.05,  27.57,  27.48,  27.71,  27.51,  27.05,  26.95,  26.72,  26.44,  26.37,  26.28,  26.54,  26.40,  26.52,  26.50,  26.59,  26.48,  26.41,  26.37,  26.15,  25.88,  25.69
20021005, 1200,  , TD, 32.3N,  71.3W,  30, 1005, -999, -999, -999, -999, -999, -999, -999, -999, -999, -999, -999, -999, -999,  26.87,  27.09,  27.26,  27.05,  27.37,  27.48,  27.41,  27.41,  27.45,  27.95,  27.58,  27.42,  27.21,  26.93,  26.81,  26.67,  26.66,  26.38,  26.24,  26.23,  26.71,  26.41,  26.50,  26.32,  26.39,  26.16,  26.13,  26.15,  25.91,  25.72,  25.91
20021005, 1800,  , TD, 32.9N,  70.8W,  30, 1005, -999, -999, -999, -999, -999, -999, -999, -999, -999, -999, -999, -999, -999,  27.24,  27.01,  27.31,  27.38,  27.27,  27.43,  27.42,  27.57,  27.43,  27.26,  27.10,  27.02,  26.79,  26.64,  26.41,  26.17,  26.40,  26.16,  25.95,  26.08,  26.48,  26.29,  26.49,  26.26,  26.18,  25.93,  25.76,  25.59,  24.96,  25.31,  25.27
20021006, 0000,  , TD, 33.2N,  70.1W,  30, 1006, -999, -999, -999, -999, -999, -999, -999, -999, -999, -999, -999, -999, -999,  27.20,  27.22,  27.19,  27.38,  27.61,  27.51,  27.71,  27.61,  27.41,  27.14,  27.03,  26.74,  26.50,  26.15,  25.86,  26.00,  25.85,  25.53,  25.96,  26.27,  25.87,  26.14,  25.96,  25.96,  25.75,  25.61,  25.59,  25.03,  25.27,  25.23,  25.41
20021006, 0600,  , TD, 33.6N,  69.7W,  30, 1008, -999, -999, -999, -999, -999, -999, -999, -999, -999, -999, -999, -999, -999,  26.47,  26.76,  26.78,  27.00,  27.18,  26.97,  27.02,  27.03,  27.12,  26.93,  26.69,  26.54,  26.52,  26.17,  25.89,  25.91,  25.84,  25.58,  26.21,  26.44,  26.19,  26.23,  26.02,  26.29,  26.04,  25.90,  25.77,  25.53,  25.85,  25.72,  25.73
20021006, 1200,  , TS, 33.3N,  69.7W,  35, 1007, -999, -999, -999, -999, -999, -999, -999, -999, -999, -999, -999, -999, -999,  27.24,  27.41,  27.41,  27.53,  27.63,  27.32,  27.32,  27.17,  27.00,  26.84,  26.59,  26.27,  26.30,  26.31,  26.10,  26.08,  25.93,  25.54,  26.22,  26.54,  26.36,  26.26,  26.04,  26.25,  26.19,  26.30,  26.19,  25.88,  25.87,  25.57,  25.51
20021006, 1800,  , TS, 32.8N,  69.7W,  35, 1006, -999, -999, -999, -999, -999, -999, -999, -999, -999, -999, -999, -999, -999,  27.07,  27.21,  27.28,  27.40,  27.67,  27.45,  27.54,  27.59,  27.48,  27.08,  26.42,  26.30,  26.19,  26.18,  25.96,  25.95,  25.80,  25.43,  26.12,  26.62,  26.50,  26.21,  25.94,  26.30,  26.47,  26.32,  26.25,  25.99,  26.05,  25.99,  25.91
20021007, 0000,  , TS, 32.6N,  69.7W,  35, 1006, -999, -999, -999, -999, -999, -999, -999, -999, -999, -999, -999, -999, -999,  27.05,  27.07,  27.15,  27.60,  27.33,  27.41,  27.49,  27.33,  27.17,  26.78,  26.55,  26.42,  26.46,  25.99,  25.90,  25.57,  25.37,  25.56,  26.21,  26.30,  26.23,  26.16,  26.10,  26.13,  26.41,  26.57,  26.42,  26.32,  26.16,  25.78,  26.29
20021007, 0600,  , TS, 32.6N,  70.4W,  35, 1006, -999, -999, -999, -999, -999, -999, -999, -999, -999, -999, -999, -999, -999,  27.57,  27.35,  27.47,  27.82,  27.56,  27.65,  27.62,  27.51,  27.34,  27.18,  26.84,  26.66,  26.49,  26.00,  26.04,  25.93,  25.73,  25.75,  26.27,  26.28,  26.30,  26.09,  26.10,  25.97,  25.83,  25.74,  25.45,  25.32,  25.57,  25.69,  26.18
20021007, 1200,  , TS, 32.6N,  70.8W,  35, 1006, -999, -999, -999, -999, -999, -999, -999, -999, -999, -999, -999, -999, -999,  27.39,  27.15,  27.34,  27.66,  27.56,  27.63,  27.51,  27.61,  27.41,  27.17,  26.77,  26.66,  26.55,  26.08,  26.13,  25.97,  25.85,  25.80,  26.13,  26.04,  26.10,  25.97,  25.97,  25.83,  25.78,  25.82,  25.52,  25.37,  25.35,  25.24,  25.56
20021007, 1800,  , TS, 32.7N,  70.9W,  35, 1006, -999, -999, -999, -999, -999, -999, -999, -999, -999, -999, -999, -999, -999,  27.41,  27.46,  27.51,  27.62,  27.62,  27.63,  27.57,  27.47,  27.29,  27.23,  26.94,  26.73,  26.56,  26.25,  26.39,  26.23,  26.23,  26.25,  26.61,  26.46,  26.56,  26.34,  26.23,  26.04,  25.89,  25.79,  25.20,  25.36,  25.32,  25.27,  25.30
20021008, 0000,  , TS, 32.6N,  71.0W,  35, 1006, -999, -999, -999, -999, -999, -999, -999, -999, -999, -999, -999, -999, -999,  27.09,  27.34,  27.58,  27.51,  27.55,  27.51,  27.83,  27.56,  27.42,  26.98,  26.74,  26.68,  26.41,  26.48,  26.11,  26.06,  25.98,  26.34,  26.15,  26.17,  26.04,  26.07,  25.90,  25.84,  25.89,  25.62,  25.57,  25.62,  25.58,  25.65,  25.98
20021008, 0600,  , TS, 32.1N,  71.2W,  35, 1006, -999, -999, -999, -999, -999, -999, -999, -999, -999, -999, -999, -999, -999,  27.04,  27.45,  27.55,  27.42,  27.50,  27.47,  28.04,  27.64,  27.43,  27.18,  26.85,  26.77,  26.66,  26.61,  26.35,  26.22,  26.19,  26.71,  26.43,  26.51,  26.35,  26.35,  26.19,  26.15,  26.12,  25.91,  25.70,  25.77,  25.91,  26.05,  26.39
20021008, 1200,  , TS, 31.4N,  71.3W,  35, 1006, -999, -999, -999, -999, -999, -999, -999, -999, -999, -999, -999, -999, -999,  27.28,  27.78,  27.69,  27.58,  27.60,  27.72,  28.15,  27.66,  27.28,  27.21,  27.10,  26.73,  26.47,  26.27,  26.06,  26.11,  26.13,  26.52,  26.46,  26.50,  26.49,  26.54,  26.28,  26.11,  26.09,  26.00,  25.79,  25.52,  25.74,  25.79,  26.15
20021008, 1800,  , TD, 30.7N,  71.9W,  30, 1009, -999, -999, -999, -999, -999, -999, -999, -999, -999, -999, -999, -999, -999,  28.18,  28.32,  28.05,  27.93,  27.95,  28.25,  28.29,  27.87,  27.82,  27.76,  27.58,  27.28,  27.10,  26.95,  26.87,  26.74,  27.05,  26.90,  26.70,  26.57,  26.62,  26.68,  26.68,  26.63,  26.67,  26.52,  26.33,  26.13,  25.87,  26.10,  26.63
20021009, 0000,  , TD, 29.8N,  72.4W,  30, 1010, -999, -999, -999, -999, -999, -999, -999, -999, -999, -999, -999, -999, -999,  28.38,  28.11,  28.05,  28.13,  28.62,  28.38,  28.12,  27.99,  27.91,  27.78,  27.77,  27.66,  27.68,  27.74,  27.73,  27.98,  27.93,  27.91,  27.91,  27.96,  27.76,  27.56,  27.41,  27.27,  27.06,  26.72,  26.30,  26.49,  26.45,  27.17,  27.19
20021009, 0600,  , TD, 29.0N,  73.3W,  30, 1009, -999, -999, -999, -999, -999, -999, -999, -999, -999, -999, -999, -999, -999,  28.55,  28.35,  28.24,  28.31,  28.53,  28.93,  28.87,  28.57,  28.55,  28.46,  28.40,  28.39,  28.44,  28.62,  28.57,  28.48,  27.93,  27.97,  27.87,  28.04,  28.45,  28.30,  28.20,  28.07,  27.91,  27.63,  27.63,  27.90,  28.20,  28.36,  28.03
20021009, 1200,  , TD, 28.7N,  74.0W,  30, 1010, -999, -999, -999, -999, -999, -999, -999, -999, -999, -999, -999, -999, -999,  28.67,  28.52,  28.45,  28.51,  28.51,  28.77,  28.88,  28.72,  28.51,  28.44,  28.32,  28.33,  28.48,  28.55,  28.60,  28.36,  28.20,  28.28,  28.09,  28.00,  28.25,  27.94,  28.02,  27.96,  27.91,  27.65,  27.59,  27.87,  27.91,  27.77,  27.95
20021009, 1800,  , TD, 28.5N,  74.8W,  25, 1011, -999, -999, -999, -999, -999, -999, -999, -999, -999, -999, -999, -999, -999,  28.58,  28.54,  28.66,  28.76,  28.62,  29.27,  29.17,  28.82,  28.62,  28.55,  28.33,  28.61,  28.94,  28.55,  28.73,  28.42,  28.47,  28.62,  28.27,  28.45,  28.78,  28.30,  28.32,  28.24,  28.09,  27.94,  28.03,  28.05,  28.03,  28.05,  27.97
20021010, 0000,  , TD, 28.4N,  75.8W,  25, 1010, -999, -999, -999, -999, -999, -999, -999, -999, -999, -999, -999, -999, -999,  29.17,  29.16,  28.78,  28.60,  29.43,  28.90,  28.83,  28.78,  28.74,  28.72,  29.24,  29.30,  28.62,  28.66,  28.48,  28.20,  28.33,  28.44,  28.97,  28.96,  28.65,  28.43,  27.90,  27.66,  27.55,  27.62,  27.60,  27.94,  28.54,  28.29,  28.29
20021010, 0600,  , TD, 28.3N,  77.0W,  25, 1010, -999, -999, -999, -999, -999, -999, -999, -999, -999, -999, -999, -999, -999,  28.32,  28.45,  27.97,  28.10,  29.80,  29.32,  28.95,  28.88,  28.83,  28.74,  29.44,  29.05,  28.94,  29.05,  28.79,  28.70,  28.58,  28.93,  29.42,  29.08,  28.78,  28.52,  28.23,  27.95,  27.84,  27.77,  28.08,  28.31,  28.66,  28.44,  28.33
20021010, 1200,  , TD, 28.4N,  78.1W,  25, 1010, -999, -999, -999, -999, -999, -999, -999, -999, -999, -999, -999, -999, -999,  28.97,  29.06,  28.82,  28.76,  29.83,  29.16,  28.88,  28.74,  28.62,  28.58,  29.25,  28.55,  28.68,  28.80,  28.82,  28.74,  28.61,  29.15,  29.56,  29.15,  28.91,  28.70,  28.50,  28.26,  28.00,  28.17,  28.18,  28.23,  28.31,  28.47,  28.18
20021010, 1800,  , TD, 28.9N,  79.5W,  30, 1010, -999, -999, -999, -999, -999, -999, -999, -999, -999, -999, -999, -999, -999,  28.98,  28.74,  28.94,  28.71,  28.75,  29.09,  29.03,  29.04,  28.84,  28.80,  28.77,  28.59,  28.70,  28.73,  28.86,  28.46,  28.39,  28.48,  28.61,  28.68,  28.35,  28.40,  28.29,  28.53,  28.27,  28.21,  27.93,  27.81,  28.37,  28.43,  28.43
20021011, 0000,  , TD, 29.8N,  80.2W,  30, 1009, -999, -999, -999, -999, -999, -999, -999, -999, -999, -999, -999, -999, -999,  28.04,  27.87,  27.47,  28.33,  28.48,  28.59,  28.17,  27.82,  27.72,  28.17,  27.54,  28.34,  28.02,  28.34,  27.86,  27.77,  27.75,  27.52,  28.20,  27.91,  27.81,  27.61,  27.47,  27.32,  27.39,  27.52,  27.32,  27.51,  27.52,  27.17,  27.49
20021011, 0600,  , TS, 30.7N,  80.8W,  35, 1008, -999, -999, -999, -999, -999, -999, -999, -999, -999, -999, -999, -999, -999,  28.35,  28.31,  28.12,  28.75,  28.71,  28.28,  28.15,  28.23,  28.30,  28.73,  28.34,  28.41,  28.53,  28.50,  28.05,  27.97,  28.59,  27.83,  28.04,  27.94,  28.18,  27.50,  27.22,  27.01,  27.52,  27.04,  27.00,  26.85,  26.75,  26.64,  26.40
20021011, 1200,  , TS, 31.8N,  80.7W,  35, 1008, -999, -999, -999, -999, -999, -999, -999, -999, -999, -999, -999, -999, -999,  28.36,  28.48,  28.50,  29.71,  28.20,  27.91,  27.88,  28.02,  28.38,  28.27,  28.33,  28.19,  28.76,  28.51,  28.18,  27.94,  28.05,  27.90,  28.26,  27.55,  27.15,  26.79,  26.17,  25.50,  25.04,  25.12,  25.04,  24.88,  24.55,  24.44,  24.17
20021011, 1700, L, TS, 33.0N,  79.5W,  35, 1011, -999, -999, -999, -999, -999, -999, -999, -999, -999, -999, -999, -999, -999,  28.99,  29.36,  29.44,  31.01,  29.45,  28.61,  28.69,  29.04,  30.06,  29.85,  30.29,  29.90,  30.22,  29.20,  27.97,  27.68,  27.35,  28.19,  29.06,  26.64,  25.89,  25.35,  25.37,  24.35,  24.21,  24.84,  25.00,  24.32,  23.87,  23.60,  23.36
20021011, 1800,  , TS, 33.2N,  79.3W,  35, 1011, -999, -999, -999, -999, -999, -999, -999, -999, -999, -999, -999, -999, -999,  28.67,  29.09,  29.30,  30.99,  29.20,  28.18,  28.39,  28.86,  29.90,  29.66,  30.20,  29.75,  30.11,  28.84,  27.32,  27.49,  27.26,  27.93,  28.88,  26.44,  25.78,  25.22,  25.18,  24.20,  24.35,  24.81,  24.80,  24.23,  23.84,  23.51,  23.24
20021011, 2200, L, TS, 33.9N,  78.4W,  35, 1011, -999, -999, -999, -999, -999, -999, -999, -999, -999, -999, -999, -999, -999,  28.56,  28.75,  28.88,  29.87,  28.22,  27.81,  27.98,  28.51,  29.19,  28.78,  29.23,  28.44,  29.09,  27.87,  27.17,  27.28,  27.19,  27.47,  27.93,  26.58,  26.00,  25.64,  25.23,  24.35,  24.51,  24.93,  24.54,  24.16,  23.89,  23.57,  23.39
20021012, 0000,  , TD, 34.2N,  78.0W,  30, 1012, -999, -999, -999, -999, -999, -999, -999, -999, -999, -999, -999, -999, -999,    nan,    nan,    nan,    nan,    nan,    nan,    nan,    nan,    nan,    nan,    nan,    nan,    nan,    nan,    nan,    nan,    nan,    nan,    nan,    nan,    nan,    nan,    nan,    nan,    nan,    nan,    nan,    nan,    nan,    nan,    nan
20021012, 0600,  , TS, 35.4N,  75.9W,  40, 1009, -999, -999, -999, -999, -999, -999, -999, -999, -999, -999, -999, -999, -999,  27.67,  28.23,  28.39,  27.51,  26.98,  27.29,  27.86,  28.91,  28.40,  29.28,  28.50,  28.32,  26.79,  25.76,  25.44,  25.84,  25.76,  25.82,  24.25,  23.26,  23.57,  23.51,  22.50,  22.48,  22.65,  22.54,  22.14,  21.90,  21.54,  21.81,  22.20
20021012, 1200,  , TS, 36.7N,  74.1W,  40, 1009, -999, -999, -999, -999, -999, -999, -999, -999, -999, -999, -999, -999, -999,  22.95,  22.99,  23.31,  22.86,  22.91,  23.44,  23.47,  23.39,  23.81,  23.97,  23.89,  23.99,  23.73,  23.57,  23.25,  23.05,  22.74,  22.61,  22.23,  22.28,  22.34,  22.23,  21.60,  21.43,  21.55,  21.29,  21.18,  21.33,  20.68,  20.26,  18.91
