AL132005,                LEE,     26,
20050828, 1200,  , TD, 14.0N,  45.1W,  25, 1009,    0,    0,    0,    0,    0,    0,    0,    0,    0,    0,    0,    0, -999,  28.12,  27.77,  28.09,  28.31,  28.23,  28.38,  28.36,  28.27,  28.40,  28.25,  28.37,  28.72,  29.08,  28.47,  28.52,  29.23,  28.45,  28.52,  28.23,  28.34,  28.40,  28.51,  28.13,  28.15,  28.34,  28.34,  28.40,  28.67,  28.92,  28.54,  28.57
20050828, 1800,  , TD, 14.9N,  46.4W,  25, 1007,    0,    0,    0,    0,    0,    0,    0,    0,    0,    0,    0,    0, -999,  28.40,  28.17,  28.05,  27.98,  28.27,  28.30,  28.01,  27.92,  28.23,  28.29,  28.51,  28.62,  28.48,  28.29,  28.23,  29.05,  28.43,  28.68,  28.16,  28.26,  28.41,  29.12,  28.54,  28.52,  28.62,  28.20,  28.29,  28.19,  28.73,  28.57,  28.55
20050829, 0000,  , TD, 15.7N,  47.6W,  25, 1007,    0,    0,    0,    0,    0,    0,    0,    0,    0,    0,    0,    0, -999,  28.15,  28.11,  28.05,  28.23,  28.31,  28.11,  27.89,  28.12,  28.09,  28.26,  28.38,  28.41,  28.61,  28.65,  29.16,  28.55,  28.68,  28.29,  28.36,  28.68,  28.83,  28.76,  28.60,  28.76,  28.52,  28.62,  28.48,  28.73,  28.65,  28.26,  28.37
20050829, 0600,  , TD, 17.0N,  48.9W,  25, 1007,    0,    0,    0,    0,    0,    0,    0,    0,    0,    0,    0,    0, -999,  28.04,  28.15,  28.32,  28.40,  28.58,  28.17,  28.10,  28.21,  28.14,  28.36,  28.45,  28.38,  28.45,  28.74,  28.79,  28.66,  28.64,  28.62,  28.59,  28.96,  28.99,  29.29,  28.97,  29.07,  28.57,  28.63,  28.53,  28.33,  28.39,  28.43,  28.54
20050829, 1200,  , TD, 17.7N,  50.6W,  25, 1008,    0,    0,    0,    0,    0,    0,    0,    0,    0,    0,    0,    0, -999,  28.19,  28.41,  28.21,  28.19,  28.38,  28.40,  28.09,  28.09,  28.21,  28.42,  28.69,  28.34,  28.45,  28.73,  28.82,  28.84,  28.89,  28.90,  28.93,  29.20,  29.30,  29.49,  29.20,  29.08,  28.61,  28.64,  28.63,  28.85,  28.95,  29.05,  28.87
20050829, 1800,  , LO, 18.5N,  52.5W,  20, 1009,    0,    0,    0,    0,    0,    0,    0,    0,    0,    0,    0,    0, -999,  28.66,  28.85,  28.74,  28.69,  28.76,  28.68,  28.34,  28.26,  28.54,  28.73,  29.04,  29.01,  29.24,  29.15,  29.48,  29.56,  29.85,  29.41,  29.26,  29.35,  29.39,  29.61,  29.36,  29.27,  29.28,  29.28,  29.10,  29.30,  29.25,  29.51,  29.48
20050830, 0000,  , LO, 20.5N,  53.2W,  20, 1010,    0,    0,    0,    0,    0,    0,    0,    0,    0,    0,    0,    0, -999,  29.00,  28.87,  28.85,  28.79,  28.97,  28.33,  28.38,  28.63,  28.77,  28.66,  28.64,  28.67,  28.74,  29.59,  28.94,  29.24,  29.04,  29.04,  29.22,  29.23,  29.33,  29.40,  29.33,  29.39,  29.27,  28.54,  28.74,  28.56,  28.85,  29.26,  29.75
20050830, 0600,  , LO, 22.1N,  53.6W,  20, 1010,    0,    0,    0,    0,    0,    0,    0,    0,    0,    0,    0,    0, -999,  28.78,  28.70,  28.78,  28.60,  28.84,  28.62,  28.67,  28.80,  28.86,  28.64,  28.71,  28.48,  28.55,  28.83,  28.73,  29.17,  29.09,  29.18,  29.89,  29.56,  29.44,  29.50,  29.32,  29.44,  29.33,  28.80,  29.02,  29.16,  29.45,  30.12,  29.30
20050830, 1200,  , LO, 24.2N,  54.2W,  20, 1010,    0,    0,    0,    0,    0,    0,    0,    0,    0,    0,    0,    0, -999,  28.93,  29.03,  29.06,  29.04,  29.17,  29.36,  29.34,  29.18,  29.01,  28.83,  28.96,  29.29,  29.02,  29.04,  29.02,  29.58,  29.26,  29.52,  29.79,  30.09,  30.53,  30.11,  30.09,  30.02,  30.16,  29.74,  29.83,  29.24,  29.76,  29.34,  29.27
20050830, 1800,  , LO, 25.5N,  53.6W,  25, 1010,    0,    0,    0,    0,    0,    0,    0,    0,    0,    0,    0,    0, -999,  28.68,  28.59,  28.85,  29.01,  29.04,  29.14,  29.12,  28.71,  28.55,  28.56,  28.62,  29.06,  28.73,  28.70,  28.71,  29.18,  28.80,  28.93,  29.02,  29.87,  29.84,  29.64,  29.70,  29.80,  29.87,  29.29,  28.66,  28.77,  28.56,  28.71,  28.58
20050831, 0000,  , LO, 26.9N,  52.7W,  25, 1010,    0,    0,    0,    0,    0,    0,    0,    0,    0,    0,    0,    0, -999,  28.26,  28.36,  28.77,  28.96,  28.70,  28.65,  28.54,  28.60,  28.64,  28.53,  28.81,  28.46,  28.53,  28.57,  28.66,  28.35,  28.32,  28.57,  28.86,  28.43,  28.19,  28.17,  28.25,  28.28,  28.01,  27.68,  28.21,  29.02,  28.39,  28.31,  28.14
20050831, 0600,  , TD, 28.0N,  51.6W,  30, 1007,    0,    0,    0,    0,    0,    0,    0,    0,    0,    0,    0,    0, -999,  28.58,  28.61,  28.87,  29.16,  28.71,  28.77,  28.73,  28.66,  28.77,  28.62,  28.78,  28.52,  28.60,  28.21,  28.18,  28.08,  28.09,  28.11,  28.45,  28.32,  28.05,  27.98,  27.86,  27.95,  28.07,  27.61,  27.85,  28.29,  27.61,  27.77,  28.16
20050831, 1200,  , TS, 29.0N,  50.4W,  35, 1006,   60,   60,    0,    0,    0,    0,    0,    0,    0,    0,    0,    0, -999,  28.97,  28.81,  28.83,  28.67,  28.63,  28.66,  28.66,  28.50,  28.69,  28.65,  28.69,  28.60,  28.49,  28.31,  28.05,  27.92,  27.97,  27.95,  28.12,  28.13,  28.01,  27.97,  27.95,  27.92,  27.94,  27.46,  27.96,  28.06,  27.65,  27.84,  27.79
20050831, 1800,  , TS, 30.1N,  50.1W,  35, 1007,   60,   60,    0,    0,    0,    0,    0,    0,    0,    0,    0,    0, -999,  28.52,  28.37,  28.21,  27.99,  28.40,  28.21,  27.77,  27.65,  28.30,  28.18,  28.17,  28.24,  28.43,  28.09,  28.02,  27.78,  27.78,  27.61,  27.71,  27.83,  27.92,  28.02,  27.73,  27.63,  27.73,  26.93,  27.40,  27.61,  27.27,  27.30,  27.08
20050901, 0000,  , TD, 31.1N,  50.3W,  30, 1009,    0,    0,    0,    0,    0,    0,    0,    0,    0,    0,    0,    0, -999,  27.99,  27.88,  28.02,  28.18,  28.01,  27.71,  27.66,  27.84,  27.73,  27.67,  27.73,  27.79,  27.37,  27.31,  27.24,  27.45,  27.08,  27.21,  27.32,  27.38,  27.45,  27.26,  26.92,  27.10,  26.23,  26.43,  26.54,  26.45,  26.45,  26.42,  26.69
20050901, 0600,  , TD, 31.9N,  51.2W,  30, 1010,    0,    0,    0,    0,    0,    0,    0,    0,    0,    0,    0,    0, -999,  27.72,  27.62,  27.84,  27.96,  28.17,  27.94,  27.87,  27.96,  28.30,  27.84,  27.79,  27.71,  27.68,  27.55,  27.53,  27.73,  27.57,  27.59,  27.75,  27.69,  27.76,  27.44,  26.73,  26.59,  26.28,  25.99,  26.09,  25.81,  25.80,  25.75,  25.76
20050901, 1200,  , TD, 31.9N,  51.4W,  30, 1010,    0,    0,    0,    0,    0,    0,    0,    0,    0,    0,    0,    0, -999,  27.55,  27.45,  27.79,  27.99,  28.18,  27.98,  27.88,  27.97,  28.32,  27.82,  27.76,  27.69,  27.62,  27.49,  27.48,  27.67,  27.59,  27.65,  27.81,  27.74,  27.82,  27.39,  26.80,  26.70,  26.40,  25.92,  26.01,  25.84,  25.85,  25.91,  25.90
20050901, 1800,  , TD, 32.3N,  51.5W,  30, 1010,    0,    0,    0,    0,    0,    0,    0,    0,    0,    0,    0,    0, -999,  27.45,  27.23,  27.56,  27.62,  28.01,  27.80,  27.59,  27.61,  28.12,  27.55,  27.52,  27.49,  27.45,  27.39,  27.39,  27.61,  27.72,  27.75,  27.97,  27.91,  27.92,  27.48,  26.62,  26.52,  26.23,  25.78,  25.87,  25.65,  25.50,  25.70,  25.57
20050902, 0000,  , TD, 32.4N,  52.0W,  25, 1010,    0,    0,    0,    0,    0,    0,    0,    0,    0,    0,    0,    0, -999,  27.38,  27.66,  27.71,  28.06,  27.94,  27.75,  27.84,  28.24,  27.77,  27.75,  27.76,  27.42,  27.37,  27.60,  27.93,  28.22,  28.01,  28.06,  27.89,  27.70,  27.17,  26.57,  26.52,  26.15,  25.62,  25.62,  25.47,  25.14,  25.34,  25.22,  25.49
20050902, 0600,  , LO, 32.6N,  52.3W,  25, 1010,    0,    0,    0,    0,    0,    0,    0,    0,    0,    0,    0,    0, -999,  27.71,  27.82,  27.69,  28.01,  27.95,  27.76,  27.66,  27.97,  27.79,  27.81,  27.90,  27.72,  27.73,  27.89,  28.06,  27.98,  27.99,  28.15,  27.94,  27.75,  26.96,  26.35,  26.17,  25.67,  25.11,  25.23,  24.81,  24.66,  24.85,  24.69,  24.76
20050902, 1200,  , LO, 33.2N,  52.3W,  25, 1010,    0,    0,    0,    0,    0,    0,    0,    0,    0,    0,    0,    0, -999,  27.15,  27.27,  27.78,  27.76,  27.41,  27.43,  27.45,  27.65,  27.56,  27.68,  27.91,  27.66,  27.70,  27.64,  27.94,  27.54,  27.66,  27.85,  27.89,  27.76,  26.72,  26.23,  25.80,  25.08,  24.28,  24.58,  24.35,  24.04,  24.27,  23.92,  23.89
20050902, 1800,  , LO, 33.9N,  52.7W,  25, 1010,    0,    0,    0,    0,    0,    0,    0,    0,    0,    0,    0,    0, -999,  26.88,  26.98,  27.86,  27.34,  26.92,  27.00,  27.07,  27.39,  27.47,  27.52,  28.00,  27.56,  27.78,  27.46,  28.09,  27.22,  27.25,  27.30,  27.45,  27.45,  26.70,  26.56,  26.31,  26.00,  24.87,  24.75,  24.48,  24.25,  24.12,  24.27,  24.25
20050903, 0000,  , LO, 34.7N,  53.2W,  25, 1010,    0,    0,    0,    0,    0,    0,    0,    0,    0,    0,    0,    0, -999,  26.60,  26.46,  26.65,  26.58,  26.61,  26.40,  26.44,  26.80,  27.06,  26.70,  26.95,  27.32,  27.15,  27.14,  26.91,  26.97,  26.77,  26.90,  26.96,  26.46,  26.18,  25.88,  25.79,  26.09,  25.56,  25.06,  24.26,  24.31,  24.65,  24.64,  25.30
20050903, 0600,  , LO, 35.5N,  53.9W,  25, 1010,    0,    0,    0,    0,    0,    0,    0,    0,    0,    0,    0,    0, -999,  26.61,  26.55,  26.86,  27.15,  27.27,  27.44,  27.56,  27.35,  27.23,  27.26,  27.64,  28.18,  27.84,  27.29,  27.31,  27.09,  27.00,  26.97,  26.73,  26.46,  26.09,  25.50,  25.07,  24.96,  24.55,  24.43,  24.38,  24.57,  24.67,  24.94,  24.40
20050903, 1200,  , LO, 36.6N,  54.2W,  25, 1010,    0,    0,    0,    0,    0,    0,    0,    0,    0,    0,    0,    0, -999,  27.41,  27.66,  27.25,  27.23,  26.52,  26.72,  27.51,  27.99,  27.82,  28.03,  27.69,  27.61,  27.59,  27.85,  27.53,  27.23,  27.39,  27.81,  27.19,  26.44,  26.28,  25.71,  25.97,  25.66,  25.24,  24.62,  24.94,  25.32,  25.22,  25.84,  25.28
20050903, 1800,  , LO, 37.4N,  53.9W,  25, 1010,    0,    0,    0,    0,    0,    0,    0,    0,    0,    0,    0,    0, -999,  27.29,  27.33,  26.74,  26.90,  27.19,  27.57,  27.66,  27.98,  27.76,  27.93,  27.30,  27.12,  27.33,  27.44,  27.41,  26.98,  27.57,  28.42,  27.97,  27.39,  26.98,  26.84,  26.72,  26.62,  26.50,  26.30,  25.83,  25.68,  25.98,  26.30,  25.93
