AL162019,             NESTOR,     15,
20191017, 1200,  , DB, 22.2N,  95.7W,  35, 1007,    0,    0,    0,   60,    0,    0,    0,    0,    0,    0,    0,    0, -999,  36.57,  36.50,  36.47,  36.51,  36.53,  36.56,  36.57,  36.55,  36.56,  36.58,  36.62,  36.60,  36.55,  36.57,  36.55,  36.54,  36.51,  36.52,  36.51,  36.50,  36.51,  36.44,  36.45,  36.47,  36.49,  36.45,  36.45,  36.44,  36.44,  36.47,  36.47
20191017, 1800,  , DB, 22.6N,  95.2W,  35, 1005,    0,    0,  100,   60,    0,    0,    0,    0,    0,    0,    0,    0, -999,  36.53,  36.50,  36.46,  36.48,  36.47,  36.51,  36.54,  36.51,  36.50,  36.55,  36.64,  36.58,  36.47,  36.51,  36.51,  36.53,  36.51,  36.48,  36.51,  36.50,  36.50,  36.45,  36.52,  36.52,  36.55,  36.41,  36.39,  36.40,  36.41,  36.42,  36.41
20191018, 0000,  , DB, 23.2N,  94.5W,  40, 1003,    0,    0,  100,    0,    0,    0,    0,    0,    0,    0,    0,    0, -999,  36.51,  36.58,  36.61,  36.57,  36.56,  36.55,  36.53,  36.53,  36.53,  36.55,  36.56,  36.41,  36.59,  36.60,  36.63,  36.60,  36.43,  36.37,  36.51,  36.50,  36.51,  36.53,  36.59,  36.56,  36.38,  36.44,  36.44,  36.44,  36.47,  36.45,  36.47
20191018, 0600,  , DB, 24.1N,  93.0W,  45, 1002,  100,  100,    0,    0,    0,    0,    0,    0,    0,    0,    0,    0, -999,  36.47,  36.52,  36.54,  36.43,  36.44,  36.41,  36.37,  36.39,  36.43,  36.36,  36.35,  36.40,  36.42,  36.44,  36.47,  36.50,  36.33,  36.32,  36.38,  36.43,  36.42,  36.35,  36.36,  36.40,  36.41,  36.42,  36.45,  36.41,  36.39,  36.35,  36.35
20191018, 1200,  , DB, 25.2N,  91.2W,  50, 1001,  120,  150,    0,    0,    0,   70,    0,    0,    0,    0,    0,    0, -999,  36.29,  36.29,  36.28,  36.26,  36.26,  36.25,  36.27,  36.30,  36.31,  36.30,  36.30,  36.30,  36.32,  36.32,  36.31,  36.30,  36.29,  36.30,  36.30,  36.33,  36.33,  36.34,  36.36,  36.36,  36.35,  36.35,  36.30,  36.28,  36.26,  36.27,  36.26
20191018, 1800,  , TS, 26.4N,  89.4W,  50, 1000,   90,  160,    0,    0,    0,   70,    0,    0,    0,    0,    0,    0, -999,  36.00,  35.91,  35.69,  35.70,  35.99,  36.17,  36.10,  35.98,  35.78,  35.53,  35.31,  35.29,  35.48,  35.49,  35.37,  35.43,  35.86,  35.90,  36.06,  36.21,  35.88,  36.07,  36.05,  35.94,  35.70,  35.63,  36.13,  36.03,  35.60,  35.44,  35.66
20191019, 0000,  , TS, 27.8N,  87.8W,  50,  996,   90,  160,    0,    0,    0,   70,    0,    0,    0,    0,    0,    0, -999,  35.55,  35.57,  35.17,  35.85,  36.45,  36.86,  36.76,  36.48,  35.57,  34.68,  34.58,  35.23,  35.66,  36.16,  35.96,  35.89,  35.97,  35.97,  36.14,  36.18,  36.11,  36.03,  35.81,  35.78,  35.74,  35.71,  35.84,  35.95,  35.88,  36.04,  35.89
20191019, 0600,  , TS, 28.6N,  87.1W,  50,  996,   90,  140,    0,    0,    0,   70,    0,    0,    0,    0,    0,    0, -999,  35.95,  36.09,  36.16,  36.25,  36.28,  36.30,  36.20,  36.14,  36.11,  36.06,  36.09,  36.06,  36.06,  36.10,  36.04,  35.98,  36.05,  36.07,  36.09,  36.09,  36.05,  36.14,  36.05,  36.05,  36.00,  35.91,  35.98,  36.06,  35.98,  35.83,  35.93
20191019, 1200,  , EX, 29.3N,  86.4W,  40,  996,   90,  140,    0,    0,    0,    0,    0,    0,    0,    0,    0,    0, -999,  35.84,  35.86,  35.86,  35.91,  35.97,  36.01,  36.03,  36.05,  36.04,  36.01,  36.04,  36.03,  36.00,  35.94,  36.00,  36.05,  36.12,  36.17,  36.17,  36.18,  36.19,  36.21,  36.21,  36.20,  36.17,  36.15,  36.12,  36.08,  36.07,  36.04,  36.03
20191019, 1800,  , EX, 30.2N,  85.4W,  40,  999,  210,    0,    0,    0,    0,    0,    0,    0,    0,    0,    0,    0, -999,    nan,    nan,    nan,    nan,    nan,    nan,    nan,    nan,    nan,    nan,    nan,    nan,    nan,    nan,    nan,    nan,    nan,    nan,    nan,    nan,    nan,    nan,    nan,    nan,    nan,    nan,    nan,    nan,    nan,    nan,    nan
20191020, 0000,  , EX, 31.2N,  84.2W,  35, 1000,  240,  240,    0,    0,    0,    0,    0,    0,    0,    0,    0,    0, -999,    nan,    nan,    nan,    nan,    nan,    nan,    nan,    nan,    nan,    nan,    nan,    nan,    nan,    nan,    nan,    nan,    nan,    nan,    nan,    nan,    nan,    nan,    nan,    nan,    nan,    nan,    nan,    nan,    nan,    nan,    nan
20191020, 0600,  , EX, 33.1N,  81.7W,  40, 1002,  210,  240,    0,    0,    0,    0,    0,    0,    0,    0,    0,    0, -999,    nan,    nan,    nan,    nan,    nan,    nan,    nan,    nan,    nan,    nan,    nan,    nan,    nan,    nan,    nan,    nan,    nan,    nan,    nan,    nan,    nan,    nan,    nan,    nan,    nan,    nan,    nan,    nan,    nan,    nan,    nan
20191020, 1200,  , EX, 35.1N,  79.1W,  40, 1002,  200,  240,    0,    0,    0,    0,    0,    0,    0,    0,    0,    0, -999,    nan,    nan,    nan,    nan,    nan,    nan,    nan,    nan,    nan,    nan,    nan,    nan,    nan,    nan,    nan,    nan,    nan,    nan,    nan,    nan,    nan,    nan,    nan,    nan,    nan,    nan,    nan,    nan,    nan,    nan,    nan
20191020, 1800,  , EX, 37.0N,  76.7W,  40, 1002,  150,  240,    0,    0,    0,    0,    0,    0,    0,    0,    0,    0, -999,    nan,    nan,    nan,    nan,    nan,    nan,    nan,    nan,    nan,    nan,    nan,    nan,    nan,    nan,    nan,    nan,    nan,    nan,    nan,    nan,    nan,    nan,    nan,    nan,    nan,    nan,    nan,    nan,    nan,    nan,    nan
20191021, 0000,  , EX, 37.5N,  74.5W,  40, 1001,  180,  240,    0,    0,    0,    0,    0,    0,    0,    0,    0,    0, -999,  33.41,  33.05,  32.93,  32.99,  33.81,  33.46,  33.46,  33.94,  33.75,  33.48,  33.30,  32.84,  32.87,  33.39,  33.79,  33.75,  33.80,  33.61,  33.61,  33.52,  33.53,  33.55,  33.52,  33.43,  33.29,  33.37,  33.51,  33.49,  33.52,  33.58,  33.64
