AL282005,              GAMMA,     33,
20051114, 0000,  , TD, 13.2N,  62.1W,  30, 1007,    0,    0,    0,    0,    0,    0,    0,    0,    0,    0,    0,    0, -999,  28.96,  28.90,  28.76,  28.61,  28.58,  28.57,  28.57,  28.48,  28.63,  28.51,  28.48,  28.62,  28.60,  28.76,  28.73,  28.62,  28.39,  28.24,  28.28,  28.03,  27.81,  28.38,  28.38,  28.48,  28.81,  28.75,  28.66,  28.62,  28.59,  28.43,  28.51
20051114, 0600,  , TD, 13.6N,  62.8W,  30, 1006,    0,    0,    0,    0,    0,    0,    0,    0,    0,    0,    0,    0, -999,  29.60,  29.64,  29.68,  29.54,  29.54,  29.53,  29.34,  29.06,  28.95,  28.77,  28.68,  28.73,  28.84,  28.90,  28.80,  28.68,  28.47,  28.31,  28.27,  27.93,  27.88,  28.15,  28.28,  28.15,  28.52,  28.48,  28.29,  28.32,  28.38,  28.30,  28.47
20051114, 1200,  , TD, 13.8N,  63.4W,  30, 1006,    0,    0,    0,    0,    0,    0,    0,    0,    0,    0,    0,    0, -999,  29.45,  29.48,  29.54,  29.51,  29.63,  29.58,  29.49,  29.33,  29.21,  28.97,  28.76,  28.71,  28.67,  28.71,  28.66,  28.66,  28.42,  28.39,  28.37,  28.08,  28.12,  28.32,  28.42,  28.22,  28.56,  28.57,  28.22,  28.34,  28.44,  28.19,  28.40
20051114, 1800,  , TD, 14.1N,  64.2W,  30, 1005,    0,    0,    0,    0,    0,    0,    0,    0,    0,    0,    0,    0, -999,  29.41,  29.54,  29.62,  29.61,  29.54,  29.44,  29.46,  29.44,  29.47,  29.34,  29.19,  29.10,  28.83,  28.85,  28.70,  28.75,  28.52,  28.38,  28.32,  28.01,  28.23,  28.38,  28.48,  28.12,  28.42,  28.38,  28.14,  28.19,  28.33,  28.00,  28.15
20051115, 0000,  , TD, 14.2N,  65.0W,  30, 1004,    0,    0,    0,    0,    0,    0,    0,    0,    0,    0,    0,    0, -999,  29.33,  29.31,  28.90,  29.03,  29.22,  29.62,  29.52,  29.31,  29.38,  29.37,  29.23,  29.16,  29.09,  28.99,  29.12,  28.74,  28.34,  28.33,  28.04,  28.33,  28.47,  28.60,  28.32,  28.62,  28.63,  28.49,  28.29,  28.41,  28.11,  28.02,  27.87
20051115, 0600,  , TS, 14.3N,  66.0W,  35, 1004,   40,    0,    0,    0,    0,    0,    0,    0,    0,    0,    0,    0, -999,  29.52,  29.51,  29.50,  29.47,  29.51,  29.48,  29.41,  29.24,  29.12,  28.96,  28.82,  28.73,  28.73,  28.81,  29.19,  29.15,  29.07,  28.97,  28.10,  28.25,  28.36,  28.48,  28.40,  28.57,  28.89,  28.70,  28.48,  28.71,  28.39,  28.49,  28.43
20051115, 1200,  , TS, 14.4N,  67.1W,  35, 1004,   40,    0,    0,    0,    0,    0,    0,    0,    0,    0,    0,    0, -999,  29.39,  29.32,  29.14,  28.95,  28.96,  28.88,  28.97,  28.96,  28.87,  28.85,  28.93,  28.91,  28.93,  28.89,  28.78,  28.83,  28.73,  28.66,  28.53,  28.54,  28.49,  28.49,  28.43,  28.82,  29.13,  28.49,  28.41,  28.66,  28.43,  28.51,  28.46
20051115, 1800,  , TD, 14.7N,  68.4W,  30, 1005,    0,    0,    0,    0,    0,    0,    0,    0,    0,    0,    0,    0, -999,  29.03,  29.13,  29.14,  29.04,  28.83,  28.78,  28.73,  28.69,  28.66,  28.72,  28.87,  28.87,  28.88,  28.82,  28.75,  28.73,  28.75,  28.69,  28.59,  28.70,  28.66,  28.61,  28.82,  29.16,  29.08,  28.61,  28.48,  28.53,  28.42,  28.46,  28.40
20051116, 0000,  , TD, 14.8N,  69.9W,  30, 1006,    0,    0,    0,    0,    0,    0,    0,    0,    0,    0,    0,    0, -999,  28.95,  28.98,  28.75,  28.78,  28.71,  28.69,  28.68,  28.72,  28.77,  28.84,  28.83,  28.85,  28.76,  28.76,  28.72,  28.73,  28.61,  28.61,  28.70,  28.64,  28.63,  28.88,  28.76,  28.83,  28.56,  28.50,  28.41,  28.38,  28.39,  28.34,  28.52
20051116, 0600,  , TD, 14.8N,  71.5W,  30, 1006,    0,    0,    0,    0,    0,    0,    0,    0,    0,    0,    0,    0, -999,  29.82,  29.65,  29.53,  29.46,  29.36,  29.12,  28.74,  28.54,  28.54,  28.67,  28.58,  28.67,  28.71,  28.59,  28.66,  28.60,  28.51,  28.51,  28.54,  28.51,  28.28,  28.29,  28.63,  28.72,  28.67,  28.70,  28.65,  28.59,  28.64,  28.58,  28.45
20051116, 1200,  , TD, 14.7N,  73.1W,  25, 1006,    0,    0,    0,    0,    0,    0,    0,    0,    0,    0,    0,    0, -999,  29.39,  29.39,  29.13,  28.98,  28.89,  28.77,  28.64,  28.60,  28.57,  28.61,  28.53,  28.41,  28.37,  28.31,  28.27,  28.30,  28.24,  28.30,  28.65,  28.47,  28.33,  28.39,  28.60,  29.39,  29.07,  28.75,  28.62,  28.62,  28.55,  28.55,  28.48
20051116, 1800,  , WV, 14.8N,  75.4W,  25, 1006,    0,    0,    0,    0,    0,    0,    0,    0,    0,    0,    0,    0, -999,  29.05,  28.99,  28.94,  28.88,  29.05,  28.87,  28.83,  28.81,  28.91,  28.88,  28.82,  28.75,  28.62,  28.54,  28.44,  28.44,  28.55,  28.47,  28.44,  28.27,  28.21,  28.21,  28.49,  29.01,  28.72,  28.64,  28.66,  28.58,  28.56,  28.54,  28.51
20051117, 0000,  , WV, 15.0N,  77.6W,  25, 1007,    0,    0,    0,    0,    0,    0,    0,    0,    0,    0,    0,    0, -999,  29.25,  29.37,  29.00,  28.96,  28.94,  28.79,  28.73,  28.80,  28.77,  28.68,  28.70,  28.78,  28.75,  28.63,  28.52,  28.44,  28.38,  28.19,  28.36,  28.27,  28.30,  28.51,  28.41,  28.53,  28.59,  28.48,  28.42,  28.32,  28.40,  28.45,  28.59
20051117, 0600,  , WV, 15.3N,  79.7W,  25, 1008,    0,    0,    0,    0,    0,    0,    0,    0,    0,    0,    0,    0, -999,  29.80,  29.71,  29.70,  29.61,  29.51,  29.27,  29.09,  28.97,  28.88,  28.90,  28.94,  28.79,  28.63,  28.52,  28.47,  28.45,  28.49,  28.59,  28.54,  28.42,  28.80,  28.73,  28.41,  28.25,  28.05,  27.95,  27.91,  28.12,  28.11,  28.67,  28.72
20051117, 1200,  , WV, 15.6N,  81.7W,  30, 1007,    0,    0,    0,    0,    0,    0,    0,    0,    0,    0,    0,    0, -999,  28.79,  28.51,  28.44,  28.53,  28.62,  28.61,  28.60,  28.54,  28.58,  28.59,  28.55,  28.63,  28.53,  28.50,  28.45,  28.35,  28.12,  27.92,  27.77,  27.45,  28.49,  27.82,  27.63,  27.38,  27.35,  27.82,  27.39,  27.68,  27.65,  27.86,  28.01
20051117, 1800,  , WV, 15.8N,  83.1W,  30, 1007,    0,    0,    0,    0,    0,    0,    0,    0,    0,    0,    0,    0, -999,  28.46,  28.12,  28.05,  28.12,  28.15,  28.43,  28.66,  28.73,  28.77,  28.79,  28.80,  28.87,  28.84,  28.82,  28.77,  28.64,  28.43,  28.22,  28.09,  28.00,  28.29,  27.75,  27.33,  27.24,  27.19,  27.44,  27.82,  27.48,  27.61,  27.61,  27.63
20051118, 0000,  , WV, 15.8N,  84.1W,  30, 1007,    0,    0,    0,    0,    0,    0,    0,    0,    0,    0,    0,    0, -999,  28.32,  28.15,  28.22,  28.29,  28.39,  28.46,  28.42,  28.38,  28.33,  28.27,  28.28,  28.29,  28.33,  28.32,  28.10,  27.96,  27.80,  27.43,  27.18,  27.42,  27.17,  27.07,  26.90,  26.89,  27.07,  27.16,  27.18,  27.38,  27.28,  27.29,  27.20
20051118, 0600,  , WV, 15.7N,  84.8W,  30, 1006,    0,    0,    0,    0,    0,    0,    0,    0,    0,    0,    0,    0, -999,    nan,    nan,    nan,    nan,    nan,    nan,    nan,    nan,    nan,    nan,    nan,    nan,    nan,    nan,    nan,    nan,    nan,    nan,    nan,    nan,    nan,    nan,    nan,    nan,    nan,    nan,    nan,    nan,    nan,    nan,    nan
20051118, 1200,  , WV, 15.5N,  85.5W,  30, 1006,    0,    0,    0,    0,    0,    0,    0,    0,    0,    0,    0,    0, -999,    nan,    nan,    nan,    nan,    nan,    nan,    nan,    nan,    nan,    nan,    nan,    nan,    nan,    nan,    nan,    nan,    nan,    nan,    nan,    nan,    nan,    nan,    nan,    nan,    nan,    nan,    nan,    nan,    nan,    nan,    nan
20051118, 1800,  , TS, 15.7N,  85.6W,  35, 1006,   75,    0,    0,   75,    0,    0,    0,    0,    0,    0,    0,    0, -999,    nan,    nan,    nan,    nan,    nan,    nan,    nan,    nan,    nan,    nan,    nan,    nan,    nan,    nan,    nan,    nan,    nan,    nan,    nan,    nan,    nan,    nan,    nan,    nan,    nan,    nan,    nan,    nan,    nan,    nan,    nan
20051119, 0000,  , TS, 16.0N,  85.6W,  40, 1005,   90,    0,    0,   90,    0,    0,    0,    0,    0,    0,    0,    0, -999,  27.90,  27.87,  28.24,  28.18,  28.47,  28.50,  28.92,  28.92,  28.44,  28.48,  28.76,  28.81,  29.07,  28.33,  27.95,  27.94,  27.85,  27.61,  27.39,  27.30,  27.20,  27.19,  27.27,  27.32,  27.21,  27.20,  27.62,  27.76,  27.67,  27.70,  27.88
20051119, 0600,  , TS, 16.1N,  85.6W,  40, 1004,   90,    0,    0,   90,    0,    0,    0,    0,    0,    0,    0,    0, -999,  27.85,  27.80,  28.06,  28.05,  28.23,  28.26,  28.55,  28.67,  28.39,  28.44,  28.57,  28.45,  28.63,  28.23,  27.89,  27.81,  27.51,  27.42,  27.36,  27.33,  27.25,  27.31,  27.37,  27.37,  27.06,  27.08,  27.30,  27.52,  27.46,  27.43,  27.61
20051119, 1200,  , TS, 16.1N,  85.4W,  45, 1002,   90,    0,    0,   90,    0,    0,    0,    0,    0,    0,    0,    0, -999,  27.93,  27.77,  28.06,  28.03,  28.20,  28.21,  28.50,  28.61,  28.33,  28.43,  28.38,  28.37,  28.56,  28.34,  27.91,  27.78,  27.55,  27.42,  27.32,  27.29,  27.28,  27.34,  27.38,  27.38,  26.99,  26.99,  27.20,  27.42,  27.39,  27.38,  27.54
20051119, 1800,  , TS, 16.2N,  85.2W,  40, 1004,   90,    0,    0,   90,    0,    0,    0,    0,    0,    0,    0,    0, -999,  28.02,  27.75,  28.05,  28.02,  28.30,  28.29,  28.54,  28.55,  28.27,  28.38,  28.34,  28.46,  28.59,  28.33,  28.02,  27.72,  27.61,  27.44,  27.31,  27.26,  27.25,  27.30,  27.41,  27.36,  27.02,  27.05,  27.20,  27.41,  27.40,  27.38,  27.49
20051120, 0000,  , TS, 16.4N,  85.0W,  40, 1005,   90,    0,    0,   90,    0,    0,    0,    0,    0,    0,    0,    0, -999,  27.92,  28.07,  28.10,  28.27,  28.27,  28.48,  28.45,  28.34,  28.48,  28.39,  28.48,  28.61,  28.50,  28.44,  27.98,  27.94,  27.74,  27.54,  27.35,  27.27,  27.30,  27.39,  27.36,  27.06,  27.04,  27.18,  27.57,  27.57,  27.36,  27.41,  27.45
20051120, 0600,  , TS, 16.6N,  85.0W,  35, 1006,   90,    0,    0,    0,    0,    0,    0,    0,    0,    0,    0,    0, -999,  28.03,  28.21,  28.25,  28.37,  28.24,  28.32,  28.24,  28.16,  28.48,  28.29,  28.41,  28.56,  28.62,  28.42,  28.29,  28.02,  27.84,  27.69,  27.50,  27.38,  27.48,  27.48,  27.54,  27.22,  27.06,  27.23,  27.79,  27.61,  27.24,  27.32,  27.23
20051120, 1200,  , TD, 16.7N,  85.2W,  30, 1007,    0,    0,    0,    0,    0,    0,    0,    0,    0,    0,    0,    0, -999,  27.99,  28.14,  28.17,  28.30,  28.18,  28.33,  28.26,  28.11,  28.50,  28.23,  28.23,  28.31,  28.44,  28.39,  28.20,  27.95,  27.90,  27.66,  27.47,  27.35,  27.49,  27.48,  27.58,  27.47,  27.19,  27.32,  28.00,  27.67,  27.21,  27.35,  27.30
20051120, 1800,  , TD, 16.9N,  85.5W,  30, 1007,    0,    0,    0,    0,    0,    0,    0,    0,    0,    0,    0,    0, -999,  28.10,  28.24,  28.23,  28.20,  28.13,  28.26,  28.21,  28.06,  28.38,  28.20,  28.27,  28.28,  28.21,  28.10,  28.07,  27.95,  28.00,  27.59,  27.42,  27.27,  27.43,  27.43,  27.59,  27.60,  27.29,  27.44,  28.21,  27.80,  27.20,  27.26,  27.24
20051121, 0000,  , TD, 17.1N,  85.5W,  25, 1008,    0,    0,    0,    0,    0,    0,    0,    0,    0,    0,    0,    0, -999,  28.26,  28.25,  28.11,  28.09,  28.16,  28.11,  28.00,  28.22,  28.11,  28.14,  28.19,  28.18,  28.03,  27.96,  27.94,  28.06,  27.57,  27.39,  27.25,  27.45,  27.41,  27.59,  27.69,  27.29,  27.53,  28.17,  27.71,  27.25,  27.21,  27.15,  27.35
20051121, 0600,  , LO, 17.0N,  85.2W,  25, 1008,    0,    0,    0,    0,    0,    0,    0,    0,    0,    0,    0,    0, -999,  28.07,  28.10,  28.07,  28.09,  28.12,  28.09,  27.97,  28.22,  28.14,  28.15,  28.21,  28.36,  28.38,  28.07,  27.93,  27.95,  27.58,  27.42,  27.28,  27.47,  27.44,  27.58,  27.71,  27.31,  27.55,  28.08,  27.55,  27.18,  27.27,  27.19,  27.37
20051121, 1200,  , LO, 16.7N,  84.8W,  25, 1008,    0,    0,    0,    0,    0,    0,    0,    0,    0,    0,    0,    0, -999,  28.10,  28.13,  28.27,  28.27,  28.35,  28.45,  28.43,  28.86,  28.85,  28.70,  28.51,  28.35,  28.31,  28.31,  28.21,  27.92,  27.75,  27.63,  27.45,  27.50,  27.49,  27.48,  27.41,  26.97,  27.28,  27.77,  27.50,  27.33,  27.47,  27.33,  27.16
20051121, 1800,  , LO, 16.4N,  84.3W,  25, 1009,    0,    0,    0,    0,    0,    0,    0,    0,    0,    0,    0,    0, -999,  27.89,  28.20,  28.35,  28.23,  28.31,  28.22,  28.25,  28.59,  28.55,  28.48,  28.41,  28.11,  27.81,  27.61,  27.62,  27.86,  27.72,  27.46,  27.15,  27.18,  27.28,  27.28,  27.22,  27.15,  27.38,  27.56,  27.59,  27.36,  27.42,  27.21,  27.27
20051122, 0000,  , LO, 15.4N,  83.5W,  25, 1009,    0,    0,    0,    0,    0,    0,    0,    0,    0,    0,    0,    0, -999,  27.87,  28.04,  28.06,  28.16,  28.23,  28.29,  28.37,  28.37,  28.41,  28.40,  28.26,  28.09,  27.89,  27.66,  27.45,  27.92,  27.56,  27.20,  26.92,  26.93,  27.28,  27.22,  27.13,  27.18,  27.23,  27.40,  27.35,  27.32,  27.07,  27.09,  27.04
