AL302005,            EPSILON,     43,
20051129, 0600,  , TS, 31.5N,  49.2W,  45,  993,   45,    0,   90,  120,    0,    0,    0,    0,    0,    0,    0,    0, -999,  24.95,  24.73,  24.59,  24.39,  24.35,  24.38,  24.29,  24.27,  24.07,  23.76,  23.60,  23.61,  23.89,  23.92,  24.24,  23.16,  22.48,  22.81,  22.68,  22.72,  23.28,  23.18,  23.02,  23.06,  23.15,  23.26,  23.09,  22.87,  22.64,  22.54,  22.54
20051129, 1200,  , TS, 31.6N,  50.0W,  45,  993,   45,    0,   90,  120,    0,    0,    0,    0,    0,    0,    0,    0, -999,  24.34,  24.41,  24.81,  24.39,  24.19,  23.87,  23.54,  23.43,  23.46,  23.31,  23.57,  23.74,  23.95,  23.95,  23.70,  23.40,  23.38,  22.93,  22.60,  22.35,  22.37,  22.49,  22.65,  22.86,  22.79,  22.88,  22.71,  22.49,  22.48,  22.50,  22.40
20051129, 1800,  , TS, 31.4N,  50.8W,  45,  993,   45,    0,   90,  120,    0,    0,    0,    0,    0,    0,    0,    0, -999,  24.30,  23.57,  23.52,  23.58,  23.84,  23.81,  23.75,  23.30,  23.12,  23.20,  23.24,  23.28,  23.18,  22.67,  22.43,  22.47,  22.42,  22.60,  22.59,  22.47,  22.53,  22.57,  22.52,  22.55,  22.22,  22.33,  22.27,  22.31,  22.33,  22.07,  21.91
20051130, 0000,  , TS, 31.4N,  51.5W,  45,  993,   45,   45,   90,  120,    0,    0,    0,    0,    0,    0,    0,    0, -999,  24.77,  24.62,  24.50,  24.77,  24.61,  24.55,  23.10,  22.98,  22.95,  22.94,  23.00,  22.84,  22.80,  22.85,  22.94,  22.34,  22.48,  22.62,  22.34,  22.46,  22.39,  22.16,  22.61,  22.49,  22.61,  22.48,  22.45,  22.47,  22.28,  22.13,  22.05
20051130, 0600,  , TS, 31.1N,  52.5W,  50,  992,   60,   45,   75,  120,    0,    0,    0,   30,    0,    0,    0,    0, -999,  24.46,  24.33,  24.18,  24.05,  23.93,  24.11,  23.91,  23.83,  23.96,  23.83,  23.80,  23.56,  23.39,  22.81,  22.55,  22.33,  22.59,  23.14,  22.84,  22.86,  22.57,  22.27,  22.54,  22.47,  22.57,  22.39,  21.98,  21.90,  22.05,  22.05,  22.05
20051130, 1200,  , TS, 30.8N,  53.5W,  55,  991,   60,   60,   75,   90,    0,    0,    0,   30,    0,    0,    0,    0, -999,  24.80,  24.48,  24.36,  24.20,  23.79,  23.86,  23.53,  23.37,  23.52,  23.82,  23.81,  23.67,  23.71,  23.65,  23.23,  22.80,  22.80,  22.76,  22.77,  22.79,  22.88,  22.77,  22.77,  22.83,  22.99,  22.72,  22.45,  22.48,  22.57,  22.55,  22.46
20051130, 1800,  , TS, 30.1N,  54.2W,  50,  991,   60,   90,   60,   60,    0,    0,    0,   30,    0,    0,    0,    0, -999,  24.47,  24.23,  24.14,  24.06,  23.63,  23.80,  23.70,  23.68,  23.67,  23.65,  23.53,  23.66,  23.80,  23.86,  23.47,  23.16,  23.25,  22.95,  22.92,  22.88,  23.05,  23.11,  23.09,  22.78,  22.91,  22.60,  22.28,  22.40,  22.40,  22.25,  22.17
20051201, 0000,  , TS, 29.7N,  53.8W,  50,  992,   60,   90,   60,   60,    0,   30,   30,   30,    0,    0,    0,    0, -999,  24.52,  24.31,  24.15,  23.81,  23.91,  23.66,  23.56,  23.69,  23.63,  23.33,  23.36,  23.36,  23.41,  23.23,  23.18,  23.21,  23.12,  22.92,  22.72,  22.68,  22.78,  22.95,  23.05,  22.93,  22.78,  22.49,  22.45,  22.62,  22.41,  22.11,  22.02
20051201, 0600,  , TS, 30.0N,  52.7W,  50,  992,   75,   75,   75,   75,    0,   45,    0,    0,    0,    0,    0,    0, -999,  24.62,  24.60,  24.50,  24.36,  24.48,  24.30,  24.14,  24.15,  24.16,  24.08,  23.86,  23.80,  23.74,  23.56,  23.31,  23.07,  23.08,  22.88,  22.96,  23.19,  23.25,  23.17,  23.04,  22.88,  22.58,  22.41,  22.56,  22.71,  22.59,  22.36,  22.28
20051201, 1200,  , TS, 30.8N,  51.9W,  50,  992,   75,   75,   75,   75,    0,   45,    0,    0,    0,    0,    0,    0, -999,  24.79,  24.48,  24.29,  24.21,  24.20,  24.06,  23.93,  24.13,  24.16,  24.20,  24.03,  23.80,  23.68,  23.57,  23.73,  23.64,  23.73,  23.09,  22.71,  22.64,  22.53,  22.93,  22.96,  23.01,  22.63,  22.45,  22.50,  22.44,  22.33,  22.21,  22.11
20051201, 1800,  , TS, 31.4N,  51.3W,  55,  991,   90,   90,   90,   90,   30,   40,   30,   30,    0,    0,    0,    0, -999,  24.48,  24.50,  24.78,  24.72,  24.32,  23.14,  22.91,  23.00,  23.13,  23.20,  22.96,  22.96,  22.91,  22.63,  22.24,  22.40,  22.54,  22.39,  22.49,  22.50,  22.16,  22.37,  22.51,  22.59,  22.45,  22.28,  22.33,  22.43,  22.21,  22.00,  22.10
20051202, 0000,  , TS, 31.9N,  50.6W,  55,  991,   90,   90,   90,   90,   30,   30,   30,   30,    0,    0,    0,    0, -999,  23.44,  23.42,  23.36,  23.19,  22.84,  22.79,  22.76,  22.70,  23.04,  22.79,  22.46,  22.65,  22.74,  22.31,  21.87,  22.14,  21.90,  21.95,  22.10,  21.90,  21.89,  21.89,  21.84,  21.75,  21.71,  21.56,  21.56,  21.45,  21.34,  21.26,  21.23
20051202, 0600,  , TS, 32.5N,  49.8W,  55,  990,   90,   75,   75,   90,   30,   30,   30,   30,    0,    0,    0,    0, -999,  24.47,  24.22,  24.17,  24.08,  23.87,  23.79,  23.72,  23.75,  23.66,  23.40,  23.23,  23.14,  23.12,  23.11,  22.92,  22.56,  22.40,  22.40,  22.40,  22.47,  22.42,  22.17,  22.00,  22.08,  21.68,  21.85,  22.43,  22.63,  22.53,  22.41,  22.09
20051202, 1200,  , TS, 33.2N,  48.9W,  60,  989,   90,   75,   75,   90,   30,   30,   30,   30,    0,    0,    0,    0, -999,  23.31,  23.30,  23.30,  23.24,  23.12,  22.99,  22.84,  23.07,  22.95,  22.45,  22.26,  22.41,  22.64,  22.81,  22.89,  22.96,  22.90,  22.53,  22.30,  22.36,  22.43,  22.74,  22.80,  22.60,  22.59,  22.27,  21.98,  21.78,  21.42,  21.11,  21.22
20051202, 1800,  , HU, 33.9N,  47.9W,  65,  987,   90,   90,   90,   90,   30,   30,   30,   30,   15,   15,   15,   15, -999,  22.94,  23.00,  22.82,  22.00,  21.96,  21.85,  21.46,  21.46,  21.62,  21.60,  21.59,  21.64,  21.32,  21.65,  21.95,  22.10,  22.18,  21.46,  21.46,  21.52,  21.18,  21.24,  21.16,  21.25,  20.91,  21.69,  21.72,  22.17,  22.00,  21.54,  21.40
20051203, 0000,  , HU, 34.3N,  47.1W,  65,  987,  100,  100,  100,  100,   40,   40,   40,   40,   15,   15,   15,   15, -999,  22.25,  22.29,  22.40,  22.22,  22.22,  21.76,  21.35,  21.85,  21.52,  21.56,  21.55,  21.46,  21.46,  21.61,  21.41,  21.66,  21.40,  21.48,  21.07,  21.41,  21.17,  21.03,  21.30,  20.93,  20.95,  21.59,  21.50,  21.45,  21.18,  21.56,  21.24
20051203, 0600,  , HU, 34.5N,  46.2W,  65,  987,  100,  100,  100,  100,   40,   40,   40,   40,   15,   15,   15,   15, -999,  22.73,  22.17,  22.21,  22.25,  22.00,  21.91,  22.32,  22.11,  22.41,  22.08,  21.51,  21.67,  21.79,  22.30,  22.30,  21.79,  21.57,  21.90,  21.69,  22.22,  22.11,  21.77,  21.56,  21.02,  21.14,  21.18,  21.18,  21.51,  21.48,  21.36,  21.40
20051203, 1200,  , HU, 34.5N,  45.0W,  65,  987,  100,  100,  100,  100,   40,   40,   40,   40,   15,   15,   15,   15, -999,  22.62,  22.36,  22.49,  22.52,  22.41,  22.25,  22.04,  22.11,  22.02,  21.94,  21.80,  22.03,  21.89,  21.83,  22.33,  21.98,  21.85,  21.64,  21.76,  21.74,  21.68,  22.02,  21.71,  21.42,  21.47,  21.47,  21.27,  21.14,  20.67,  20.50,  20.34
20051203, 1800,  , HU, 34.5N,  43.7W,  65,  987,  100,  100,  100,  100,   40,   40,   40,   40,   20,   20,   20,   20, -999,  22.92,  22.80,  22.99,  22.25,  22.00,  22.18,  21.90,  21.76,  21.40,  21.44,  21.95,  22.02,  22.14,  22.05,  21.89,  21.83,  21.50,  21.64,  21.71,  21.76,  21.88,  21.82,  21.57,  21.31,  20.77,  20.62,  20.74,  20.72,  20.63,  20.47,  20.63
20051204, 0000,  , HU, 34.3N,  42.3W,  65,  987,   90,  100,  100,   75,   40,   45,   45,   30,    0,   25,   25,    0, -999,  22.64,  22.61,  22.54,  22.09,  22.04,  22.25,  22.40,  22.15,  22.32,  22.59,  22.33,  22.30,  22.40,  22.45,  22.11,  21.59,  21.41,  21.40,  21.10,  21.23,  21.29,  21.19,  21.27,  21.06,  20.95,  20.86,  20.72,  20.71,  20.65,  20.75,  20.81
20051204, 0600,  , HU, 34.4N,  41.1W,  65,  987,   75,  100,  100,   75,   30,   45,   45,   30,    0,   20,   20,    0, -999,  22.82,  22.73,  22.65,  22.61,  22.13,  22.22,  22.38,  22.12,  21.86,  21.93,  22.14,  22.21,  22.38,  22.44,  22.39,  22.26,  22.17,  21.93,  21.62,  21.64,  21.88,  21.79,  21.66,  21.58,  21.52,  21.25,  21.01,  21.17,  21.02,  21.20,  21.23
20051204, 1200,  , HU, 34.3N,  39.8W,  70,  984,   75,   75,  100,   75,   30,   30,   45,   30,    0,   20,   20,    0, -999,  22.54,  21.76,  21.20,  20.93,  20.61,  20.51,  20.85,  21.06,  21.09,  21.00,  21.23,  21.13,  21.28,  21.73,  21.72,  21.48,  21.59,  20.97,  20.77,  21.01,  21.20,  20.99,  20.37,  20.32,  20.23,  20.13,  20.20,  20.50,  20.58,  20.68,  20.61
20051204, 1800,  , HU, 34.3N,  38.8W,  70,  985,   75,   75,  100,   75,   30,   30,   50,   30,    0,   20,   20,    0, -999,  21.77,  21.74,  21.72,  21.30,  20.92,  20.98,  21.08,  21.16,  21.19,  20.92,  20.69,  20.49,  20.82,  21.38,  21.57,  21.34,  21.36,  21.25,  21.16,  21.16,  20.95,  20.86,  20.66,  20.62,  20.42,  20.28,  20.25,  20.43,  20.48,  20.39,  20.26
20051205, 0000,  , HU, 34.2N,  37.8W,  70,  985,   75,   75,  100,   75,   30,   30,   50,   30,    0,   20,   20,    0, -999,  21.73,  21.89,  21.88,  21.46,  21.29,  21.51,  21.69,  21.74,  21.56,  21.32,  21.32,  21.65,  22.01,  21.79,  22.02,  22.10,  22.11,  20.59,  21.15,  21.48,  21.14,  21.01,  21.21,  21.11,  20.63,  20.52,  20.34,  20.43,  20.38,  20.34,  20.50
20051205, 0600,  , HU, 34.0N,  36.7W,  75,  981,   75,   75,  100,   75,   30,   30,   50,   30,    0,   20,   20,    0, -999,  22.43,  22.46,  22.35,  21.96,  21.89,  21.85,  22.26,  22.12,  21.89,  21.68,  21.32,  21.79,  21.97,  21.47,  21.24,  21.06,  21.14,  20.84,  20.88,  21.18,  20.11,  19.80,  20.10,  20.25,  20.23,  20.15,  20.11,  19.91,  19.60,  19.65,  20.29
20051205, 1200,  , HU, 33.8N,  35.5W,  75,  981,   75,   75,  100,   75,   30,   30,   50,   30,    0,   20,   20,    0, -999,  20.83,  21.04,  20.82,  20.56,  20.65,  20.61,  20.41,  20.18,  19.77,  19.88,  19.91,  20.31,  20.97,  20.75,  21.10,  20.96,  21.02,  20.55,  20.23,  20.32,  20.18,  19.95,  19.73,  19.44,  19.43,  19.51,  19.53,  19.54,  19.36,  19.23,  19.30
20051205, 1800,  , HU, 33.7N,  34.6W,  70,  985,   75,   75,  100,   75,   30,   30,   50,   30,    0,   20,   20,    0, -999,  21.33,  21.45,  21.19,  20.69,  20.79,  20.92,  20.74,  20.66,  20.76,  20.87,  20.70,  20.82,  21.15,  20.81,  20.93,  20.57,  20.52,  20.54,  19.76,  19.61,  19.52,  19.69,  19.89,  19.91,  20.06,  20.33,  20.18,  20.25,  19.97,  19.85,  19.82
20051206, 0000,  , HU, 33.4N,  33.8W,  65,  986,   75,   75,  100,  100,   30,   30,   50,   30,    0,   20,   20,    0, -999,  21.30,  21.74,  21.51,  21.33,  21.28,  21.21,  21.60,  21.46,  21.38,  21.23,  21.06,  21.31,  21.13,  21.59,  21.46,  21.39,  21.25,  20.85,  20.91,  21.02,  20.57,  20.41,  20.48,  20.50,  20.46,  20.27,  20.35,  20.26,  20.05,  19.70,  19.81
20051206, 0600,  , HU, 33.1N,  33.7W,  65,  986,   90,   90,  120,  100,   30,   30,   40,   40,    0,   20,   25,   25, -999,  22.10,  21.90,  21.60,  21.48,  21.42,  21.73,  21.99,  21.38,  21.14,  20.74,  20.77,  21.07,  20.90,  21.35,  21.18,  21.04,  20.91,  20.70,  20.69,  20.74,  20.61,  20.50,  20.44,  20.63,  21.39,  21.21,  21.18,  20.73,  20.31,  19.75,  19.84
20051206, 1200,  , HU, 32.3N,  33.7W,  65,  987,   90,   90,  130,  130,   30,   30,   40,   40,    0,    0,   25,   25, -999,  22.11,  22.01,  22.03,  21.96,  22.09,  22.28,  22.11,  22.06,  22.11,  22.13,  22.08,  22.06,  21.91,  22.10,  22.15,  22.09,  21.89,  21.76,  21.87,  21.83,  21.78,  21.62,  21.82,  21.79,  21.83,  21.64,  21.59,  21.59,  21.58,  21.30,  21.40
20051206, 1800,  , HU, 31.6N,  34.2W,  65,  987,  100,   80,  115,  130,   40,   30,   40,   50,    0,    0,   25,   30, -999,  22.57,  22.50,  22.46,  22.47,  22.57,  22.50,  22.45,  22.18,  21.99,  22.03,  22.13,  22.12,  21.67,  22.20,  22.27,  22.07,  21.90,  21.83,  21.97,  21.90,  21.84,  21.78,  22.02,  22.14,  22.06,  21.64,  21.48,  21.35,  21.24,  21.34,  21.41
20051207, 0000,  , HU, 30.8N,  34.9W,  65,  987,  100,   75,  100,  130,   40,   30,   40,   70,    0,   20,   25,   35, -999,  22.34,  22.42,  22.56,  22.75,  23.00,  23.20,  22.98,  22.81,  22.94,  22.60,  22.28,  22.08,  22.22,  22.14,  22.09,  21.92,  22.02,  22.33,  22.32,  22.20,  22.01,  21.91,  21.94,  21.86,  21.61,  21.56,  21.43,  21.34,  21.18,  21.32,  21.32
20051207, 0600,  , HU, 30.1N,  36.0W,  65,  987,  100,  100,  100,  130,   40,   30,   40,   50,   25,   20,   25,   25, -999,  22.36,  22.55,  22.58,  22.56,  22.51,  22.33,  22.14,  22.07,  22.26,  22.42,  22.72,  22.70,  22.88,  22.83,  22.29,  21.67,  21.62,  21.73,  22.20,  21.94,  21.76,  21.64,  21.64,  21.56,  21.25,  21.26,  21.16,  20.98,  21.06,  21.30,  21.33
20051207, 1200,  , HU, 29.4N,  37.1W,  65,  987,  110,  110,  110,  130,   45,   35,   35,   45,   25,    0,    0,   25, -999,  24.92,  24.70,  24.62,  24.57,  24.37,  24.16,  23.89,  23.86,  24.38,  24.52,  24.61,  24.41,  24.15,  23.76,  23.48,  23.76,  24.16,  23.44,  22.54,  22.58,  22.26,  22.39,  22.70,  22.85,  22.29,  21.41,  21.78,  22.18,  22.51,  22.99,  23.53
20051207, 1800,  , TS, 28.7N,  38.1W,  60,  991,  100,  100,   90,   90,   45,   35,   30,   30,    0,    0,    0,    0, -999,  23.80,  23.77,  23.78,  23.74,  23.36,  23.21,  23.52,  22.84,  22.83,  23.10,  23.12,  23.23,  23.21,  23.25,  23.28,  23.26,  23.09,  23.09,  22.94,  22.55,  22.24,  22.16,  22.21,  22.26,  22.23,  21.97,  22.06,  22.02,  21.99,  22.17,  22.66
20051208, 0000,  , TS, 28.2N,  38.8W,  50,  997,   90,   90,   75,   75,   30,   30,    0,    0,    0,    0,    0,    0, -999,  22.79,  22.70,  22.74,  22.77,  22.85,  23.69,  23.35,  23.33,  23.38,  23.29,  23.37,  23.52,  23.38,  23.34,  23.31,  23.35,  23.53,  23.41,  23.07,  22.85,  22.71,  22.62,  22.46,  22.49,  22.43,  22.62,  22.62,  22.54,  22.69,  22.80,  22.83
20051208, 0600,  , TS, 27.4N,  39.3W,  35, 1003,   40,   60,   40,   40,    0,    0,    0,    0,    0,    0,    0,    0, -999,  24.46,  24.26,  24.20,  24.05,  23.79,  24.01,  23.78,  23.67,  23.56,  23.50,  23.48,  23.50,  23.37,  23.30,  23.18,  23.05,  23.00,  22.97,  22.74,  22.62,  22.56,  22.57,  22.52,  22.51,  22.46,  22.48,  22.37,  22.24,  22.37,  22.34,  22.45
20051208, 1200,  , TD, 26.5N,  40.0W,  30, 1005,    0,    0,    0,    0,    0,    0,    0,    0,    0,    0,    0,    0, -999,  24.33,  24.24,  24.09,  23.88,  23.94,  24.31,  24.28,  24.12,  24.01,  23.99,  24.29,  24.27,  24.11,  24.14,  23.97,  24.01,  23.96,  24.03,  23.80,  23.71,  23.70,  23.78,  23.65,  23.59,  23.47,  23.43,  23.47,  23.34,  23.20,  22.92,  22.77
20051208, 1800,  , LO, 25.9N,  40.5W,  30, 1006,    0,    0,    0,    0,    0,    0,    0,    0,    0,    0,    0,    0, -999,  25.14,  25.11,  24.95,  24.76,  24.59,  24.72,  24.72,  24.49,  24.35,  24.07,  24.13,  24.16,  24.20,  24.24,  24.11,  24.08,  24.05,  24.02,  23.89,  23.80,  23.68,  23.63,  23.76,  23.79,  23.69,  23.60,  23.54,  23.40,  23.34,  23.29,  23.16
20051209, 0000,  , LO, 25.5N,  40.6W,  30, 1007,    0,    0,    0,    0,    0,    0,    0,    0,    0,    0,    0,    0, -999,  24.89,  24.78,  24.52,  24.28,  24.45,  24.49,  24.27,  24.18,  24.11,  24.27,  24.31,  24.32,  24.28,  24.17,  24.13,  24.13,  24.13,  24.04,  23.99,  23.91,  23.95,  24.04,  24.05,  23.90,  23.96,  23.95,  23.74,  23.60,  23.47,  23.50,  23.43
20051209, 0600,  , LO, 25.1N,  40.4W,  25, 1008,    0,    0,    0,    0,    0,    0,    0,    0,    0,    0,    0,    0, -999,  24.39,  24.28,  24.01,  23.87,  24.14,  24.28,  24.12,  24.09,  24.09,  24.16,  24.19,  24.18,  24.16,  24.05,  24.05,  24.13,  24.15,  24.08,  24.01,  23.93,  23.94,  24.03,  24.04,  23.83,  23.70,  23.47,  23.23,  23.24,  23.26,  23.34,  23.45
20051209, 1200,  , LO, 24.7N,  40.1W,  25, 1009,    0,    0,    0,    0,    0,    0,    0,    0,    0,    0,    0,    0, -999,  24.58,  24.47,  24.34,  24.36,  24.35,  24.14,  23.86,  23.94,  24.08,  24.20,  24.21,  24.17,  24.14,  23.97,  24.03,  24.04,  24.13,  24.05,  24.03,  24.03,  24.08,  24.07,  24.04,  23.94,  23.90,  23.85,  23.81,  23.73,  23.66,  23.54,  23.75
20051209, 1800,  , LO, 24.7N,  39.2W,  25, 1009,    0,    0,    0,    0,    0,    0,    0,    0,    0,    0,    0,    0, -999,  24.64,  24.59,  24.34,  23.85,  23.89,  24.11,  24.09,  24.14,  24.19,  24.19,  24.30,  24.25,  24.27,  23.95,  24.09,  24.03,  24.15,  23.92,  23.87,  23.83,  23.89,  23.90,  23.98,  23.98,  24.09,  24.12,  24.12,  24.13,  24.03,  24.00,  24.21
