AL302020,              THETA,     33,
20201108, 1200,  , EX, 28.4N,  47.5W,  25, 1010,    0,    0,    0,    0,    0,    0,    0,    0,    0,    0,    0,    0, -999,  26.94,  26.88,  26.90,  26.85,  26.66,  26.75,  26.81,  26.69,  26.74,  26.54,  25.78,  25.55,  25.93,  26.45,  25.85,  25.63,  25.39,  25.31,  25.33,  25.25,  25.13,  25.16,  25.18,  25.23,  25.28,  25.20,  25.04,  25.04,  24.90,  24.91,  24.91
20201108, 1800,  , EX, 28.4N,  46.8W,  25, 1010,    0,    0,    0,    0,    0,    0,    0,    0,    0,    0,    0,    0, -999,  26.60,  26.63,  26.65,  26.56,  26.37,  26.33,  26.33,  26.36,  26.49,  26.27,  25.59,  25.63,  26.16,  26.32,  25.78,  25.64,  25.35,  24.98,  25.11,  25.27,  25.09,  25.08,  25.03,  25.05,  25.10,  24.93,  24.96,  25.16,  24.92,  24.77,  24.80
20201109, 0000,  , EX, 28.5N,  45.9W,  25, 1010,    0,    0,    0,    0,    0,    0,    0,    0,    0,    0,    0,    0, -999,  26.61,  26.69,  26.60,  26.54,  26.23,  26.14,  26.06,  26.41,  26.23,  25.50,  25.43,  25.55,  25.28,  25.19,  25.26,  25.14,  25.00,  25.04,  24.99,  24.92,  24.89,  24.69,  24.76,  24.98,  24.88,  24.93,  24.92,  24.58,  24.58,  24.70,  24.58
20201109, 0600,  , EX, 28.6N,  44.9W,  30, 1007,    0,    0,    0,    0,    0,    0,    0,    0,    0,    0,    0,    0, -999,  26.59,  26.46,  26.16,  25.71,  25.50,  25.88,  26.12,  26.37,  25.99,  25.53,  25.50,  25.40,  25.28,  25.23,  25.14,  25.09,  25.09,  25.22,  25.32,  25.20,  25.05,  24.73,  24.73,  24.59,  24.50,  24.62,  24.80,  24.48,  24.22,  24.42,  24.46
20201109, 1200,  , EX, 28.8N,  43.7W,  35, 1005,    0,    0,    0,   70,    0,    0,    0,    0,    0,    0,    0,    0, -999,  26.08,  25.85,  25.74,  25.54,  25.12,  25.46,  26.20,  26.77,  25.95,  25.04,  24.96,  25.15,  25.18,  25.06,  24.91,  25.21,  24.72,  24.71,  24.66,  24.44,  24.60,  24.83,  24.56,  24.74,  24.71,  24.39,  24.42,  24.14,  24.34,  24.24,  24.04
20201109, 1800,  , EX, 28.8N,  42.4W,  40, 1003,    0,    0,   70,   70,    0,    0,    0,    0,    0,    0,    0,    0, -999,  26.59,  26.45,  26.44,  26.02,  25.77,  25.99,  26.52,  26.83,  26.11,  25.58,  25.54,  25.39,  25.27,  25.60,  25.52,  25.56,  25.42,  25.27,  25.23,  25.21,  24.95,  25.01,  24.92,  25.01,  24.93,  25.04,  25.15,  25.03,  25.11,  25.11,  25.03
20201110, 0000,  , SS, 28.8N,  41.0W,  50,  999,    0,   70,  100,  100,    0,    0,   40,    0,    0,    0,    0,    0, -999,  26.24,  26.10,  25.86,  25.65,  25.66,  26.14,  26.20,  25.88,  25.18,  25.43,  25.33,  25.21,  25.28,  25.28,  25.18,  25.04,  24.87,  25.00,  25.14,  25.12,  25.16,  25.19,  25.17,  24.90,  24.77,  24.84,  24.81,  24.88,  24.60,  24.50,  24.39
20201110, 0600,  , SS, 28.8N,  39.5W,  55,  994,   60,   70,  100,  100,    0,    0,   40,    0,    0,    0,    0,    0, -999,  25.99,  25.79,  25.26,  25.16,  25.10,  25.42,  25.53,  25.61,  25.37,  25.23,  24.88,  24.96,  24.90,  24.76,  24.63,  24.52,  24.39,  24.20,  24.23,  24.16,  24.01,  24.01,  24.12,  23.75,  23.56,  23.61,  23.65,  23.61,  23.56,  23.54,  23.46
20201110, 1200,  , SS, 28.9N,  38.0W,  60,  989,  120,   70,   90,  120,    0,    0,   40,   60,    0,    0,    0,    0, -999,  25.41,  25.50,  25.21,  25.06,  25.10,  25.45,  25.55,  25.58,  25.35,  25.14,  24.88,  25.02,  25.14,  25.10,  24.95,  24.68,  24.96,  24.48,  24.20,  24.19,  24.21,  24.23,  24.23,  23.94,  23.74,  23.80,  23.71,  23.84,  23.81,  23.72,  23.65
20201110, 1800,  , TS, 29.0N,  36.7W,  60,  987,  120,   70,   90,  120,    0,    0,   40,   60,    0,    0,    0,    0, -999,  25.29,  25.18,  25.10,  25.05,  25.08,  25.31,  25.29,  25.35,  25.23,  24.65,  24.30,  24.67,  24.87,  24.77,  24.61,  24.24,  24.59,  24.53,  24.20,  23.97,  23.82,  23.84,  23.86,  23.77,  23.68,  23.73,  23.66,  23.68,  23.64,  23.50,  23.37
20201111, 0000,  , TS, 29.2N,  35.8W,  55,  988,  150,   70,  120,  180,    0,    0,   60,   60,    0,    0,    0,    0, -999,  25.26,  25.14,  25.22,  25.29,  25.32,  25.30,  25.25,  25.09,  24.51,  24.34,  24.78,  24.83,  24.84,  24.49,  24.23,  24.30,  24.27,  24.07,  24.09,  24.08,  23.98,  23.87,  23.71,  23.63,  23.68,  23.73,  23.79,  23.83,  23.62,  23.41,  23.08
20201111, 0600,  , TS, 29.4N,  34.9W,  55,  988,  150,   70,  120,  180,    0,    0,   60,   60,    0,    0,    0,    0, -999,  25.27,  25.23,  25.18,  25.23,  25.34,  25.37,  25.16,  25.03,  24.43,  24.40,  24.75,  25.02,  24.72,  24.47,  24.30,  24.34,  24.35,  24.22,  24.26,  24.30,  24.24,  24.05,  23.87,  23.89,  23.89,  23.83,  23.72,  23.61,  23.45,  23.38,  23.29
20201111, 1200,  , TS, 29.6N,  33.8W,  55,  989,  150,   90,  120,  180,    0,    0,   60,   60,    0,    0,    0,    0, -999,  24.91,  24.86,  24.94,  25.07,  25.24,  25.19,  24.98,  24.73,  24.14,  23.91,  24.49,  24.83,  24.57,  24.32,  24.14,  24.36,  24.30,  24.01,  24.14,  24.22,  24.05,  23.73,  23.55,  23.59,  23.59,  23.55,  23.56,  23.48,  23.29,  23.03,  22.93
20201111, 1800,  , TS, 30.3N,  32.5W,  55,  989,  150,   90,  120,  180,    0,    0,   60,   60,    0,    0,    0,    0, -999,  24.32,  24.31,  24.28,  24.43,  24.62,  24.54,  24.45,  24.15,  23.84,  23.71,  23.98,  24.04,  23.86,  23.63,  23.60,  23.87,  23.90,  23.46,  23.29,  23.47,  23.54,  23.38,  23.04,  22.96,  22.86,  22.75,  22.81,  22.81,  22.59,  22.46,  22.51
20201112, 0000,  , TS, 31.1N,  31.9W,  60,  987,  140,  100,  120,  180,    0,    0,   60,   60,    0,    0,    0,    0, -999,  24.15,  24.05,  24.14,  24.07,  24.16,  24.34,  24.04,  23.74,  23.69,  23.87,  24.04,  23.79,  23.64,  23.39,  23.79,  23.73,  23.18,  22.84,  23.09,  23.21,  23.16,  22.95,  22.81,  22.68,  22.61,  22.65,  22.59,  22.36,  22.38,  22.19,  22.21
20201112, 0600,  , TS, 31.5N,  30.8W,  55,  988,  140,  100,  120,  180,    0,    0,   60,   60,    0,    0,    0,    0, -999,  24.09,  24.18,  24.19,  24.24,  24.36,  24.30,  23.98,  23.60,  23.52,  23.66,  23.83,  23.66,  23.17,  23.10,  23.29,  23.16,  22.84,  22.41,  22.70,  22.84,  22.59,  22.36,  22.37,  22.33,  22.33,  22.38,  22.15,  22.00,  21.84,  21.76,  21.92
20201112, 1200,  , TS, 31.5N,  29.4W,  55,  989,  140,  100,  120,  180,    0,    0,   60,   60,    0,    0,    0,    0, -999,  23.42,  23.56,  23.50,  23.66,  23.77,  23.76,  23.29,  22.91,  23.07,  22.91,  22.95,  22.83,  22.64,  22.47,  22.33,  22.66,  22.55,  22.37,  22.65,  22.74,  22.47,  22.01,  22.01,  22.14,  22.08,  22.02,  21.98,  21.98,  21.81,  21.79,  21.61
20201112, 1800,  , TS, 31.7N,  28.0W,  55,  990,  140,  100,  130,  180,    0,    0,   60,   60,    0,    0,    0,    0, -999,  23.11,  23.21,  23.11,  23.30,  23.47,  23.29,  22.88,  22.68,  22.55,  22.78,  22.74,  22.56,  22.50,  22.03,  21.98,  22.19,  22.31,  22.09,  22.17,  22.27,  22.25,  22.08,  21.98,  21.89,  21.75,  21.90,  21.99,  21.83,  21.55,  21.32,  21.25
20201113, 0000,  , TS, 31.9N,  26.7W,  50,  992,  100,  140,  150,  170,    0,    0,   50,   50,    0,    0,    0,    0, -999,  23.75,  23.54,  23.62,  23.53,  23.30,  22.70,  22.68,  22.70,  22.85,  22.96,  22.74,  22.81,  22.52,  22.57,  22.58,  22.57,  21.87,  22.30,  22.40,  22.17,  22.15,  22.12,  21.91,  21.80,  21.89,  21.98,  21.78,  21.59,  21.40,  21.28,  21.16
20201113, 0600,  , TS, 31.9N,  25.4W,  50,  993,  100,  140,  150,  170,    0,    0,   50,   50,    0,    0,    0,    0, -999,  23.64,  23.53,  23.53,  23.45,  23.25,  22.89,  22.80,  22.84,  22.70,  22.85,  22.88,  22.83,  22.72,  22.62,  22.46,  22.76,  22.57,  22.52,  22.69,  22.42,  22.33,  22.12,  22.00,  21.96,  22.11,  22.33,  22.27,  21.90,  21.78,  21.64,  21.54
20201113, 1200,  , TS, 31.9N,  24.2W,  45,  994,  100,  140,  150,  170,    0,    0,    0,    0,    0,    0,    0,    0, -999,  23.08,  23.06,  22.82,  22.75,  22.64,  22.59,  22.61,  22.49,  22.36,  22.43,  22.54,  22.51,  22.11,  22.12,  22.01,  22.21,  22.50,  22.16,  22.33,  22.33,  22.40,  22.21,  22.04,  21.66,  21.91,  22.00,  21.54,  21.76,  21.78,  21.59,  21.58
20201113, 1800,  , TS, 32.0N,  23.1W,  45,  996,  100,  130,  140,  160,    0,    0,    0,    0,    0,    0,    0,    0, -999,  22.98,  23.04,  23.01,  23.06,  22.81,  22.54,  22.49,  22.43,  22.34,  22.25,  22.29,  22.11,  21.89,  21.94,  21.66,  21.77,  22.18,  21.44,  22.16,  22.18,  22.04,  21.97,  21.77,  21.54,  21.63,  21.58,  21.52,  21.54,  21.51,  21.04,  21.01
20201114, 0000,  , TS, 32.0N,  22.1W,  40,  997,   90,  120,  120,   80,    0,    0,    0,    0,    0,    0,    0,    0, -999,  23.26,  23.20,  23.26,  23.13,  22.92,  22.67,  22.34,  22.13,  22.20,  22.32,  22.29,  22.02,  21.96,  21.77,  21.85,  22.05,  21.90,  21.90,  22.04,  22.04,  21.87,  21.54,  21.48,  21.45,  21.30,  21.45,  21.58,  21.29,  21.08,  21.08,  20.99
20201114, 0600,  , TS, 31.9N,  21.2W,  35,  999,   80,    0,   80,    0,    0,    0,    0,    0,    0,    0,    0,    0, -999,  22.83,  23.00,  22.80,  22.88,  22.71,  22.69,  22.60,  22.67,  22.51,  22.28,  22.38,  22.40,  22.30,  22.00,  22.01,  22.41,  22.35,  22.32,  22.40,  22.23,  22.12,  21.95,  21.84,  21.67,  21.79,  21.78,  21.85,  21.73,  21.41,  21.43,  21.30
20201114, 1200,  , TS, 31.8N,  20.4W,  35, 1000,   80,    0,   80,   80,    0,    0,    0,    0,    0,    0,    0,    0, -999,  22.95,  23.06,  22.76,  22.84,  22.73,  22.55,  22.43,  22.30,  22.08,  22.47,  22.65,  22.57,  22.44,  22.21,  22.14,  22.44,  22.57,  22.60,  22.59,  22.40,  22.05,  21.91,  21.84,  21.69,  21.73,  21.89,  22.04,  21.88,  21.58,  21.39,  21.31
20201114, 1800,  , TS, 31.7N,  19.6W,  35, 1002,   80,    0,   80,   80,    0,    0,    0,    0,    0,    0,    0,    0, -999,  22.55,  22.56,  22.37,  22.47,  22.46,  22.29,  22.19,  22.16,  22.09,  22.06,  22.11,  22.16,  22.04,  22.29,  22.12,  22.23,  22.34,  22.12,  22.31,  22.37,  21.82,  21.68,  21.60,  21.51,  21.41,  21.25,  21.40,  21.28,  21.05,  21.03,  21.05
20201115, 0000,  , TS, 31.7N,  18.9W,  35, 1003,    0,   80,   80,    0,    0,    0,    0,    0,    0,    0,    0,    0, -999,  22.38,  22.16,  22.21,  22.40,  22.09,  21.81,  21.73,  21.86,  21.82,  21.80,  21.74,  21.72,  21.83,  21.73,  21.73,  21.58,  21.49,  21.45,  21.71,  21.31,  21.14,  21.12,  21.43,  21.61,  21.51,  21.62,  21.38,  20.93,  20.74,  20.82,  20.58
20201115, 0600,  , TD, 31.6N,  18.5W,  30, 1005,    0,    0,    0,    0,    0,    0,    0,    0,    0,    0,    0,    0, -999,  22.37,  22.34,  22.43,  22.44,  22.20,  22.03,  21.99,  22.18,  22.12,  22.11,  22.01,  21.93,  21.99,  21.84,  21.77,  21.65,  21.31,  21.45,  21.98,  21.85,  21.82,  21.59,  21.66,  21.82,  21.59,  21.47,  21.36,  21.12,  21.07,  20.90,  20.75
20201115, 1200,  , LO, 31.4N,  18.3W,  30, 1009,    0,    0,    0,    0,    0,    0,    0,    0,    0,    0,    0,    0, -999,  22.61,  22.40,  22.39,  22.33,  22.25,  22.06,  22.03,  22.27,  22.27,  22.33,  22.37,  22.34,  22.41,  22.18,  22.06,  21.91,  21.42,  21.77,  22.36,  22.22,  22.02,  21.81,  22.00,  22.12,  21.93,  21.79,  21.50,  21.20,  21.19,  21.25,  21.17
20201115, 1800,  , LO, 31.6N,  18.0W,  30, 1012,    0,    0,    0,    0,    0,    0,    0,    0,    0,    0,    0,    0, -999,  22.50,  22.57,  22.55,  22.47,  22.42,  22.24,  22.35,  22.43,  22.48,  22.43,  22.20,  22.17,  22.25,  22.19,  22.12,  22.16,  21.63,  21.78,  22.20,  22.05,  21.96,  21.70,  21.89,  22.00,  21.82,  21.82,  21.65,  21.55,  21.57,  21.54,  21.24
20201116, 0000,  , LO, 32.1N,  17.9W,  30, 1013,    0,    0,    0,    0,    0,    0,    0,    0,    0,    0,    0,    0, -999,  22.67,  22.64,  22.48,  22.34,  22.25,  22.20,  22.25,  22.25,  22.32,  22.35,  22.14,  22.02,  21.93,  21.91,  22.05,  21.86,  21.81,  22.10,  21.96,  21.99,  21.55,  21.82,  21.99,  22.11,  21.96,  21.68,  21.59,  21.49,  21.32,  21.40,  21.13
20201116, 0600,  , LO, 32.7N,  18.2W,  25, 1014,    0,    0,    0,    0,    0,    0,    0,    0,    0,    0,    0,    0, -999,  22.51,  22.36,  21.97,  21.91,  21.94,  21.84,  21.98,  21.81,  21.86,  21.79,  21.63,  21.45,  21.23,  21.32,  21.32,  21.53,  21.39,  21.76,  21.60,  21.37,  20.94,  20.98,  21.20,  21.15,  21.00,  20.82,  20.71,  20.64,  20.55,  20.29,  20.03
20201116, 1200,  , LO, 33.4N,  18.6W,  25, 1014,    0,    0,    0,    0,    0,    0,    0,    0,    0,    0,    0,    0, -999,  22.05,  21.81,  21.75,  21.67,  21.38,  21.78,  21.61,  21.42,  21.68,  21.63,  21.57,  21.68,  21.47,  21.51,  21.38,  21.57,  21.40,  21.43,  21.45,  21.14,  21.11,  21.36,  21.53,  21.43,  21.19,  20.84,  20.69,  20.63,  20.47,  20.35,  20.35
