CP092015,               NINE,     20,
20151227, 1800,  , DB,  0.6N, 179.4E,  15, 1010,    0,    0,    0,    0,    0,    0,    0,    0,    0,    0,    0,    0, -999,  34.26,  34.23,  34.15,  34.27,  34.51,  34.38,  34.28,  34.03,  34.13,  34.33,  34.34,  34.12,  34.30,  34.24,  34.25,  34.23,  34.44,  34.42,  34.28,  34.09,  34.27,  34.22,  34.35,  34.48,  34.56,  34.76,  34.88,  34.92,  34.93,  34.93,  34.61
20151228, 0000,  , DB,  0.6N, 179.7W,  15, 1010,    0,    0,    0,    0,    0,    0,    0,    0,    0,    0,    0,    0, -999,  34.58,  34.32,  34.31,  34.05,  34.20,  34.33,  34.22,  34.21,  34.43,  34.32,  34.23,  34.25,  34.16,  34.17,  34.25,  34.26,  34.40,  33.93,  34.17,  34.04,  34.07,  34.27,  34.23,  34.33,  34.50,  34.55,  34.59,  34.59,  34.74,  34.63,  34.45
20151228, 0600,  , DB,  0.5N, 178.8W,  15, 1003,    0,    0,    0,    0,    0,    0,    0,    0,    0,    0,    0,    0, -999,  34.52,  33.99,  34.09,  34.15,  34.25,  34.37,  34.37,  34.34,  34.27,  34.18,  34.16,  34.24,  34.14,  34.27,  34.09,  34.12,  34.15,  34.11,  34.09,  34.01,  34.35,  34.18,  34.11,  34.12,  34.02,  34.06,  33.99,  33.90,  34.04,  34.45,  34.48
20151228, 1200,  , DB,  0.4N, 178.0W,  15, 1003,    0,    0,    0,    0,    0,    0,    0,    0,    0,    0,    0,    0, -999,  34.47,  34.22,  34.27,  34.58,  34.60,  34.61,  34.45,  34.45,  34.16,  34.20,  34.12,  34.31,  34.18,  34.14,  34.22,  34.19,  34.29,  34.21,  34.07,  34.20,  34.20,  34.31,  34.22,  34.28,  34.26,  34.34,  34.38,  34.42,  34.33,  34.12,  34.18
20151228, 1800,  , DB,  0.4N, 177.4W,  15, 1002,    0,    0,    0,    0,    0,    0,    0,    0,    0,    0,    0,    0, -999,  34.34,  34.22,  34.35,  34.65,  34.58,  34.60,  34.49,  34.41,  34.16,  34.12,  34.16,  34.15,  34.26,  34.38,  34.24,  34.20,  34.20,  34.08,  34.12,  34.08,  34.39,  34.39,  34.19,  34.17,  34.13,  34.23,  34.10,  34.07,  34.05,  33.95,  33.99
20151229, 0000,  , DB,  0.5N, 176.9W,  15, 1002,    0,    0,    0,    0,    0,    0,    0,    0,    0,    0,    0,    0, -999,  34.09,  34.48,  34.57,  34.48,  34.49,  34.36,  34.44,  34.11,  34.22,  34.25,  34.06,  33.96,  34.13,  34.10,  34.09,  34.04,  33.90,  33.87,  34.08,  34.28,  34.12,  34.20,  34.13,  34.06,  34.02,  33.92,  34.01,  34.13,  34.03,  34.13,  34.14
20151229, 0600,  , DB,  0.6N, 176.4W,  15, 1002,    0,    0,    0,    0,    0,    0,    0,    0,    0,    0,    0,    0, -999,  34.28,  34.40,  34.47,  34.41,  34.45,  34.49,  34.22,  34.14,  34.06,  34.10,  34.01,  34.13,  34.17,  34.18,  34.18,  34.16,  33.99,  34.01,  34.07,  34.24,  33.98,  34.39,  34.28,  34.31,  34.25,  34.09,  34.09,  34.18,  34.14,  34.18,  34.24
20151229, 1200,  , DB,  0.7N, 176.0W,  15, 1003,    0,    0,    0,    0,    0,    0,    0,    0,    0,    0,    0,    0, -999,  34.31,  34.39,  34.45,  34.36,  34.53,  34.24,  34.20,  34.08,  34.07,  34.26,  34.20,  34.15,  34.25,  34.20,  34.18,  34.10,  34.16,  34.09,  34.12,  34.15,  34.21,  34.30,  34.23,  34.28,  34.28,  34.11,  34.08,  34.23,  34.15,  34.25,  34.31
20151229, 1800,  , DB,  0.8N, 175.7W,  20, 1002,    0,    0,    0,    0,    0,    0,    0,    0,    0,    0,    0,    0, -999,  34.38,  34.37,  34.39,  34.34,  34.24,  34.06,  34.24,  33.89,  33.88,  34.30,  34.08,  34.08,  34.26,  34.31,  34.31,  34.29,  34.29,  34.32,  34.26,  34.29,  34.27,  34.26,  34.19,  34.26,  34.26,  34.22,  34.20,  34.33,  34.26,  34.29,  34.31
20151230, 0000,  , DB,  0.9N, 175.4W,  20, 1002,    0,    0,    0,    0,    0,    0,    0,    0,    0,    0,    0,    0, -999,  34.35,  34.37,  34.27,  34.22,  34.07,  34.20,  33.94,  33.91,  34.15,  34.11,  34.12,  34.26,  34.35,  34.28,  34.29,  34.24,  34.26,  34.25,  34.24,  34.26,  34.28,  34.20,  34.27,  34.27,  34.23,  34.23,  34.26,  34.23,  34.31,  34.32,  34.40
20151230, 0600,  , DB,  1.3N, 175.3W,  25, 1002,    0,    0,    0,    0,    0,    0,    0,    0,    0,    0,    0,    0, -999,  34.30,  34.26,  34.26,  34.19,  34.16,  34.17,  34.04,  33.94,  34.06,  34.02,  34.06,  34.31,  34.32,  34.37,  34.27,  34.23,  34.23,  34.31,  34.37,  34.31,  34.28,  34.21,  34.28,  34.29,  34.26,  34.20,  34.30,  34.28,  34.36,  34.27,  34.38
20151230, 1200,  , DB,  1.7N, 175.3W,  25, 1002,    0,    0,    0,    0,    0,    0,    0,    0,    0,    0,    0,    0, -999,  34.29,  34.32,  34.27,  34.14,  34.11,  34.12,  34.01,  34.02,  34.08,  34.00,  34.03,  34.31,  34.36,  34.36,  34.34,  34.26,  34.19,  34.28,  34.30,  34.27,  34.27,  34.20,  34.29,  34.27,  34.15,  34.11,  34.16,  34.15,  34.34,  34.35,  34.39
20151230, 1800,  , DB,  2.0N, 175.3W,  25, 1003,    0,    0,    0,    0,    0,    0,    0,    0,    0,    0,    0,    0, -999,  34.23,  34.23,  34.20,  34.16,  34.18,  34.14,  33.98,  33.90,  33.98,  33.85,  33.80,  34.11,  34.12,  34.35,  34.38,  34.28,  34.12,  34.20,  34.19,  34.21,  34.32,  34.25,  34.21,  34.14,  33.97,  34.03,  34.10,  34.19,  34.29,  34.24,  34.26
20151231, 0000,  , TD,  2.2N, 175.5W,  30, 1001,    0,    0,    0,    0,    0,    0,    0,    0,    0,    0,    0,    0, -999,  34.17,  34.20,  34.13,  34.09,  34.09,  33.98,  33.95,  33.97,  33.81,  33.71,  33.98,  34.09,  34.19,  34.24,  34.27,  34.12,  34.10,  34.13,  34.15,  34.21,  34.09,  34.11,  34.02,  33.94,  33.96,  34.17,  34.18,  34.27,  34.14,  34.25,  34.28
20151231, 0600,  , TD,  2.2N, 175.7W,  30, 1001,    0,    0,    0,    0,    0,    0,    0,    0,    0,    0,    0,    0, -999,  34.20,  34.17,  34.13,  34.09,  34.07,  33.97,  33.92,  33.95,  33.82,  33.69,  33.95,  34.10,  34.13,  34.15,  34.24,  34.03,  34.07,  34.05,  34.10,  34.13,  34.04,  34.07,  33.97,  33.89,  34.08,  34.21,  34.21,  34.23,  34.11,  34.22,  34.27
20151231, 1200,  , TD,  2.2N, 175.9W,  30, 1001,    0,    0,    0,    0,    0,    0,    0,    0,    0,    0,    0,    0, -999,  34.21,  34.21,  34.11,  34.07,  34.02,  33.95,  33.89,  33.94,  33.82,  33.69,  33.89,  34.02,  34.11,  34.13,  34.20,  33.99,  34.03,  34.03,  34.04,  34.05,  34.05,  34.05,  33.97,  33.95,  34.15,  34.26,  34.24,  34.18,  34.12,  34.15,  34.20
20151231, 1800,  , TD,  2.2N, 176.2W,  30, 1001,    0,    0,    0,    0,    0,    0,    0,    0,    0,    0,    0,    0, -999,  34.14,  34.16,  34.13,  34.10,  34.01,  33.84,  33.85,  33.92,  33.80,  33.68,  33.95,  34.03,  34.09,  34.10,  34.15,  33.98,  33.96,  34.02,  33.92,  34.07,  33.97,  34.13,  34.11,  34.10,  34.26,  34.32,  34.21,  34.27,  34.19,  34.12,  34.18
20160101, 0000,  , LO,  2.2N, 176.4W,  25, 1003,    0,    0,    0,    0,    0,    0,    0,    0,    0,    0,    0,    0, -999,  34.14,  34.06,  34.09,  34.02,  33.85,  33.85,  33.89,  33.83,  33.72,  33.95,  34.05,  34.06,  34.08,  34.12,  33.97,  33.91,  33.95,  33.88,  34.04,  34.00,  34.14,  34.15,  34.15,  34.29,  34.33,  34.24,  34.28,  34.22,  34.17,  34.20,  34.34
20160101, 0600,  , LO,  2.2N, 176.6W,  25, 1003,    0,    0,    0,    0,    0,    0,    0,    0,    0,    0,    0,    0, -999,  34.17,  34.14,  34.11,  34.05,  33.86,  33.87,  33.90,  33.87,  33.77,  33.98,  34.08,  34.05,  34.07,  34.10,  34.00,  33.88,  33.95,  33.89,  34.02,  34.06,  34.19,  34.23,  34.24,  34.35,  34.37,  34.34,  34.45,  34.32,  34.28,  34.25,  34.40
20160101, 1200,  , DB,  2.2N, 176.9W,  25, 1003,    0,    0,    0,    0,    0,    0,    0,    0,    0,    0,    0,    0, -999,  34.27,  34.25,  34.23,  34.22,  33.98,  33.95,  33.92,  33.86,  33.83,  33.90,  34.02,  34.02,  34.02,  34.05,  33.99,  33.89,  33.94,  33.85,  34.10,  34.12,  34.33,  34.36,  34.25,  34.31,  34.34,  34.37,  34.62,  34.56,  34.72,  34.40,  34.52
