EP011990,               ALMA,     24,
19900512, 1800,  , TD,  9.3N, 101.1W,  25, 1009, -999, -999, -999, -999, -999, -999, -999, -999, -999, -999, -999, -999, -999,  29.72,  29.70,  29.82,  29.67,  29.58,  30.31,  30.86,  30.61,  29.96,  29.78,  29.65,  29.49,  29.53,  29.55,  29.58,  29.52,  29.60,  30.07,  29.81,  29.75,  29.76,  29.74,  29.67,  29.93,  29.94,  29.81,  29.81,  29.86,  29.83,  29.75,  29.48
19900513, 0000,  , TD, 10.0N, 102.5W,  25, 1008, -999, -999, -999, -999, -999, -999, -999, -999, -999, -999, -999, -999, -999,  29.96,  30.03,  29.98,  30.21,  30.24,  30.19,  29.92,  29.85,  29.76,  29.49,  29.33,  29.35,  29.40,  29.43,  29.47,  29.46,  29.45,  30.17,  30.02,  29.91,  29.82,  30.15,  30.28,  30.29,  30.43,  29.86,  30.14,  30.01,  30.05,  30.28,  30.35
19900513, 0600,  , TD, 10.4N, 103.4W,  25, 1008, -999, -999, -999, -999, -999, -999, -999, -999, -999, -999, -999, -999, -999,  29.82,  30.12,  30.28,  29.85,  29.19,  29.08,  29.19,  29.19,  29.25,  29.19,  29.19,  29.10,  29.08,  29.08,  29.41,  29.29,  29.24,  29.72,  29.43,  29.24,  29.44,  29.73,  30.32,  30.52,  31.06,  30.19,  30.13,  29.88,  30.18,  30.49,  30.56
19900513, 1200,  , TD, 10.9N, 104.0W,  30, 1007, -999, -999, -999, -999, -999, -999, -999, -999, -999, -999, -999, -999, -999,  29.96,  30.27,  30.07,  29.63,  29.15,  29.03,  29.18,  29.12,  29.29,  29.43,  29.48,  29.35,  29.28,  29.31,  29.41,  29.09,  29.12,  29.48,  29.61,  29.68,  29.58,  29.32,  30.07,  30.60,  30.84,  29.92,  29.79,  30.07,  30.40,  30.75,  30.77
19900513, 1800,  , TD, 11.3N, 104.5W,  30, 1006, -999, -999, -999, -999, -999, -999, -999, -999, -999, -999, -999, -999, -999,  29.82,  29.82,  29.63,  29.47,  29.48,  29.07,  28.87,  28.89,  29.18,  29.35,  29.46,  29.32,  29.24,  29.33,  29.43,  29.15,  28.99,  29.00,  29.47,  29.77,  29.41,  29.26,  29.73,  30.39,  29.85,  29.65,  29.61,  30.05,  30.29,  30.32,  29.94
19900514, 0000,  , TS, 11.7N, 105.5W,  35, 1005, -999, -999, -999, -999, -999, -999, -999, -999, -999, -999, -999, -999, -999,  29.30,  29.49,  29.43,  29.55,  29.36,  29.35,  29.27,  29.20,  29.25,  29.44,  29.25,  29.13,  29.24,  29.47,  29.21,  29.03,  28.65,  29.07,  29.29,  29.08,  29.08,  29.31,  30.17,  29.85,  30.25,  30.33,  30.29,  30.19,  30.14,  29.86,  30.13
19900514, 0600,  , TS, 11.9N, 106.9W,  35, 1004, -999, -999, -999, -999, -999, -999, -999, -999, -999, -999, -999, -999, -999,  28.67,  29.14,  29.32,  29.33,  29.01,  28.78,  28.75,  28.74,  28.75,  29.38,  29.41,  29.55,  29.93,  29.92,  29.80,  29.30,  29.28,  29.67,  29.79,  29.43,  29.25,  29.39,  29.65,  29.74,  30.08,  30.14,  29.98,  30.05,  29.70,  29.31,  30.07
19900514, 1200,  , TS, 12.0N, 108.5W,  35, 1003, -999, -999, -999, -999, -999, -999, -999, -999, -999, -999, -999, -999, -999,  28.97,  29.11,  28.76,  28.41,  28.02,  28.00,  28.06,  28.06,  27.78,  28.11,  28.23,  28.90,  29.55,  29.45,  29.32,  29.29,  28.96,  28.95,  29.45,  29.47,  29.23,  29.31,  29.41,  29.60,  29.94,  30.04,  30.08,  29.96,  29.37,  29.63,  29.83
19900514, 1800,  , TS, 12.1N, 110.0W,  45, 1000, -999, -999, -999, -999, -999, -999, -999, -999, -999, -999, -999, -999, -999,  28.26,  28.03,  28.17,  28.69,  28.81,  28.74,  28.40,  28.43,  28.20,  28.32,  28.82,  29.48,  29.78,  29.86,  29.67,  29.38,  29.48,  29.03,  28.62,  28.63,  28.87,  29.00,  29.10,  29.24,  29.53,  29.67,  29.93,  30.22,  29.43,  29.46,  29.65
19900515, 0000,  , TS, 12.1N, 111.3W,  55,  994, -999, -999, -999, -999, -999, -999, -999, -999, -999, -999, -999, -999, -999,  27.67,  27.94,  28.36,  28.63,  28.45,  28.54,  28.25,  28.03,  28.12,  28.37,  28.41,  29.38,  30.10,  29.86,  29.65,  29.66,  29.30,  28.70,  28.60,  28.66,  28.35,  28.49,  28.85,  29.15,  29.67,  29.96,  30.09,  29.80,  29.44,  29.81,  29.70
19900515, 0600,  , TS, 12.1N, 112.4W,  60,  990, -999, -999, -999, -999, -999, -999, -999, -999, -999, -999, -999, -999, -999,  27.18,  28.12,  28.37,  28.80,  28.99,  29.11,  28.19,  27.93,  27.75,  28.37,  28.81,  29.11,  29.40,  29.26,  28.93,  28.85,  28.61,  27.81,  27.91,  28.01,  27.98,  28.29,  28.78,  28.80,  29.23,  29.85,  29.91,  29.32,  29.04,  29.27,  29.34
19900515, 1200,  , HU, 12.2N, 113.6W,  65,  987, -999, -999, -999, -999, -999, -999, -999, -999, -999, -999, -999, -999, -999,  27.61,  28.14,  28.14,  28.25,  28.32,  28.53,  28.41,  28.23,  27.53,  27.96,  28.15,  28.36,  28.46,  28.79,  28.91,  28.91,  28.49,  27.59,  27.36,  27.52,  27.56,  28.13,  28.50,  28.68,  29.89,  30.22,  29.47,  28.80,  28.88,  28.95,  29.01
19900515, 1800,  , HU, 12.5N, 114.8W,  65,  987, -999, -999, -999, -999, -999, -999, -999, -999, -999, -999, -999, -999, -999,  26.71,  27.22,  27.39,  27.79,  27.99,  27.84,  27.60,  27.67,  27.25,  27.29,  27.34,  27.45,  27.87,  28.40,  28.51,  28.68,  28.57,  27.88,  27.45,  27.32,  27.60,  28.00,  28.21,  28.63,  29.45,  29.72,  29.06,  28.31,  28.22,  28.31,  28.37
19900516, 0000,  , HU, 12.9N, 116.0W,  70,  983, -999, -999, -999, -999, -999, -999, -999, -999, -999, -999, -999, -999, -999,  27.02,  27.43,  27.81,  27.86,  27.81,  27.55,  27.45,  27.39,  27.11,  26.88,  26.99,  27.53,  27.93,  27.93,  28.37,  28.47,  27.70,  27.30,  26.98,  27.30,  27.95,  28.18,  28.29,  28.96,  29.39,  28.76,  28.06,  27.78,  27.91,  28.03,  28.02
19900516, 0600,  , HU, 13.4N, 117.1W,  75,  979, -999, -999, -999, -999, -999, -999, -999, -999, -999, -999, -999, -999, -999,  26.63,  27.13,  27.33,  27.27,  26.52,  26.69,  26.95,  27.01,  26.71,  26.77,  26.94,  27.15,  27.55,  27.57,  27.62,  27.37,  27.11,  26.98,  26.69,  27.04,  27.50,  27.40,  27.34,  28.00,  28.50,  28.15,  27.57,  27.06,  27.33,  27.74,  27.79
19900516, 1200,  , HU, 13.9N, 118.1W,  70,  983, -999, -999, -999, -999, -999, -999, -999, -999, -999, -999, -999, -999, -999,  26.81,  27.34,  27.35,  27.31,  26.60,  26.58,  26.75,  26.72,  26.69,  26.26,  26.49,  27.03,  26.90,  26.49,  26.55,  26.60,  26.58,  26.34,  26.52,  26.65,  26.86,  26.79,  27.16,  27.17,  27.59,  27.30,  26.79,  26.50,  26.59,  26.79,  26.93
19900516, 1800,  , TS, 14.1N, 118.9W,  60,  990, -999, -999, -999, -999, -999, -999, -999, -999, -999, -999, -999, -999, -999,  26.87,  27.16,  27.12,  27.12,  26.75,  26.74,  26.98,  27.06,  27.08,  26.69,  26.79,  27.44,  27.37,  27.01,  27.01,  26.59,  26.49,  26.45,  26.85,  26.64,  26.73,  26.83,  27.36,  27.46,  27.52,  26.98,  26.40,  26.48,  26.60,  26.69,  26.72
19900517, 0000,  , TS, 14.1N, 119.9W,  55,  994, -999, -999, -999, -999, -999, -999, -999, -999, -999, -999, -999, -999, -999,  26.70,  26.57,  26.74,  26.94,  26.89,  27.18,  27.43,  27.36,  26.81,  26.60,  26.99,  27.24,  27.19,  27.05,  26.52,  26.58,  26.89,  27.25,  26.89,  26.92,  27.16,  27.76,  27.94,  27.98,  27.70,  27.25,  27.05,  26.91,  27.04,  27.06,  27.15
19900517, 0600,  , TS, 14.1N, 121.1W,  45, 1000, -999, -999, -999, -999, -999, -999, -999, -999, -999, -999, -999, -999, -999,  26.33,  25.96,  25.94,  26.12,  25.85,  26.32,  26.59,  26.51,  25.63,  26.20,  26.60,  26.43,  26.42,  26.06,  26.41,  26.95,  27.05,  27.04,  27.03,  27.15,  27.52,  27.46,  27.51,  27.72,  27.60,  27.73,  27.73,  27.66,  27.51,  27.42,  27.38
19900517, 1200,  , TS, 14.2N, 122.5W,  35, 1003, -999, -999, -999, -999, -999, -999, -999, -999, -999, -999, -999, -999, -999,  25.76,  25.45,  25.45,  25.59,  25.58,  25.55,  25.45,  25.65,  25.38,  25.40,  26.07,  26.01,  25.65,  25.21,  25.27,  25.85,  25.84,  25.77,  25.77,  25.88,  26.42,  26.76,  26.77,  26.67,  26.64,  26.65,  26.62,  26.64,  26.22,  26.15,  26.14
19900517, 1800,  , TD, 14.4N, 123.4W,  30, 1007, -999, -999, -999, -999, -999, -999, -999, -999, -999, -999, -999, -999, -999,  25.96,  25.65,  25.68,  25.92,  26.02,  26.03,  26.01,  26.11,  26.11,  26.13,  26.57,  26.54,  26.10,  25.74,  25.64,  25.28,  25.51,  25.87,  25.93,  25.97,  26.39,  26.43,  26.11,  26.23,  26.22,  26.21,  26.20,  26.26,  26.03,  26.43,  26.42
19900518, 0000,  , TD, 14.2N, 124.6W,  25, 1009, -999, -999, -999, -999, -999, -999, -999, -999, -999, -999, -999, -999, -999,  25.10,  25.24,  25.41,  25.65,  25.80,  25.94,  25.91,  26.08,  25.90,  26.04,  26.27,  26.49,  26.38,  26.60,  26.56,  26.72,  26.77,  26.72,  26.89,  26.92,  26.89,  26.69,  27.17,  27.54,  27.26,  27.24,  26.68,  26.37,  26.45,  26.63,  26.67
19900518, 0600,  , TD, 14.0N, 125.9W,  25, 1009, -999, -999, -999, -999, -999, -999, -999, -999, -999, -999, -999, -999, -999,  24.18,  24.26,  24.54,  24.93,  24.82,  24.94,  24.83,  24.64,  24.50,  24.75,  24.90,  25.05,  24.86,  24.98,  25.21,  25.45,  25.49,  26.07,  26.14,  26.34,  26.20,  26.08,  26.03,  26.38,  26.62,  26.64,  25.78,  25.71,  25.75,  26.14,  26.01
19900518, 1200,  , TD, 14.0N, 127.3W,  20, 1009, -999, -999, -999, -999, -999, -999, -999, -999, -999, -999, -999, -999, -999,  24.43,  24.41,  24.37,  24.67,  24.63,  24.58,  24.59,  24.22,  24.32,  24.20,  24.47,  24.52,  24.52,  24.49,  24.49,  24.65,  24.63,  24.59,  24.78,  24.83,  25.16,  25.30,  25.35,  25.30,  25.26,  25.18,  24.66,  24.68,  24.76,  24.94,  24.97
