EP021983,            BARBARA,     38,
19830609, 0000,  , TD, 11.2N,  93.9W,  30, -999, -999, -999, -999, -999, -999, -999, -999, -999, -999, -999, -999, -999, -999,  29.95,  30.47,  30.80,  30.46,  30.38,  30.39,  30.35,  30.29,  30.19,  30.14,  30.16,  30.30,  29.55,  29.05,  29.00,  29.51,  29.70,  29.80,  28.99,  28.70,  28.56,  28.80,  29.39,  29.52,  29.55,  29.61,  30.20,  30.58,  30.52,  30.13,  29.95
19830609, 0600,  , TD, 11.2N,  95.1W,  30, -999, -999, -999, -999, -999, -999, -999, -999, -999, -999, -999, -999, -999, -999,  30.84,  30.80,  31.18,  30.31,  30.19,  30.25,  30.00,  29.96,  29.97,  29.97,  29.96,  29.95,  29.93,  29.92,  29.89,  29.20,  29.26,  29.50,  29.39,  28.86,  28.77,  29.06,  28.95,  29.59,  30.32,  30.85,  30.79,  30.42,  30.16,  29.78,  29.67
19830609, 1200,  , TD, 11.2N,  96.2W,  30, -999, -999, -999, -999, -999, -999, -999, -999, -999, -999, -999, -999, -999, -999,  31.22,  30.79,  31.03,  30.62,  30.52,  30.60,  30.36,  30.30,  30.28,  30.24,  30.21,  30.17,  29.89,  29.77,  29.75,  29.05,  28.69,  28.60,  28.39,  28.26,  28.22,  28.66,  28.76,  29.84,  30.54,  30.49,  30.64,  30.44,  30.34,  30.34,  30.32
19830609, 1800,  , TD, 11.2N,  97.2W,  30, -999, -999, -999, -999, -999, -999, -999, -999, -999, -999, -999, -999, -999, -999,  30.79,  30.83,  31.12,  30.90,  30.20,  30.02,  30.00,  29.97,  29.95,  29.93,  29.91,  29.88,  29.13,  28.94,  28.98,  28.10,  28.06,  28.03,  28.29,  28.00,  27.97,  28.86,  28.94,  30.22,  31.02,  29.90,  30.15,  30.20,  30.07,  30.23,  30.17
19830610, 0000,  , TS, 11.1N,  98.1W,  35, -999, -999, -999, -999, -999, -999, -999, -999, -999, -999, -999, -999, -999, -999,  30.82,  30.98,  30.58,  30.23,  30.19,  30.10,  29.96,  29.91,  29.87,  29.84,  29.80,  28.57,  28.10,  28.07,  27.19,  28.14,  28.39,  28.60,  27.95,  27.76,  28.06,  28.47,  28.78,  30.27,  29.73,  29.66,  29.71,  29.17,  28.54,  28.36,  28.46
19830610, 0600,  , TS, 11.0N,  99.3W,  40, -999, -999, -999, -999, -999, -999, -999, -999, -999, -999, -999, -999, -999, -999,  30.71,  30.58,  30.15,  30.37,  30.52,  30.37,  30.06,  30.04,  29.99,  29.94,  29.56,  28.83,  28.48,  28.42,  28.07,  27.90,  28.26,  28.84,  28.09,  27.69,  27.56,  28.44,  28.80,  30.20,  30.22,  29.88,  29.50,  29.09,  29.70,  29.88,  29.65
19830610, 1200,  , TS, 11.0N, 100.5W,  45, -999, -999, -999, -999, -999, -999, -999, -999, -999, -999, -999, -999, -999, -999,  29.60,  29.76,  29.72,  29.54,  29.44,  29.07,  29.16,  29.28,  29.30,  29.31,  29.03,  28.87,  28.87,  28.88,  28.88,  27.04,  26.71,  27.33,  27.11,  27.07,  27.28,  27.79,  28.24,  29.77,  30.21,  30.18,  29.32,  28.60,  28.50,  28.37,  28.54
19830610, 1800,  , TS, 11.0N, 101.6W,  45, -999, -999, -999, -999, -999, -999, -999, -999, -999, -999, -999, -999, -999, -999,  28.38,  28.55,  28.93,  28.83,  28.55,  28.33,  28.70,  28.95,  29.02,  29.04,  29.09,  29.17,  29.18,  29.16,  29.14,  28.08,  27.77,  27.09,  27.06,  27.09,  27.56,  27.64,  27.81,  28.99,  29.65,  29.25,  28.54,  28.73,  28.75,  28.49,  28.68
19830611, 0000,  , TS, 11.0N, 102.5W,  45, -999, -999, -999, -999, -999, -999, -999, -999, -999, -999, -999, -999, -999, -999,  28.72,  28.80,  28.64,  27.74,  27.52,  28.43,  28.60,  28.60,  28.62,  28.70,  28.87,  29.09,  29.11,  29.08,  29.05,  28.82,  27.30,  26.81,  27.27,  27.97,  27.90,  27.83,  28.40,  28.89,  28.73,  28.45,  29.03,  29.23,  29.20,  29.13,  30.78
19830611, 0600,  , TS, 11.1N, 103.1W,  45, -999, -999, -999, -999, -999, -999, -999, -999, -999, -999, -999, -999, -999, -999,  28.41,  28.54,  28.08,  26.82,  26.83,  27.75,  27.93,  27.99,  28.09,  28.23,  28.11,  28.36,  28.42,  28.45,  28.48,  28.50,  27.05,  26.40,  27.68,  28.23,  28.26,  27.60,  27.98,  28.29,  28.49,  28.17,  28.70,  28.91,  28.88,  28.85,  30.09
19830611, 1200,  , TS, 11.3N, 103.7W,  50, -999, -999, -999, -999, -999, -999, -999, -999, -999, -999, -999, -999, -999, -999,  27.89,  28.20,  27.82,  26.76,  26.88,  27.94,  28.37,  28.42,  28.44,  28.49,  28.05,  28.29,  28.33,  28.32,  28.31,  28.31,  27.42,  27.00,  28.48,  28.71,  28.53,  27.45,  27.59,  27.83,  28.15,  28.34,  28.38,  28.39,  28.40,  28.40,  29.86
19830611, 1800,  , TS, 11.5N, 104.5W,  55, -999, -999, -999, -999, -999, -999, -999, -999, -999, -999, -999, -999, -999, -999,  27.62,  27.97,  28.08,  27.15,  27.24,  28.71,  29.03,  29.07,  29.06,  29.04,  27.84,  27.71,  27.70,  27.30,  26.89,  26.82,  27.06,  27.14,  28.46,  28.69,  28.16,  27.52,  27.44,  27.68,  27.84,  28.34,  28.49,  28.31,  28.28,  28.27,  29.61
19830612, 0000,  , TS, 11.9N, 105.5W,  55, -999, -999, -999, -999, -999, -999, -999, -999, -999, -999, -999, -999, -999, -999,  28.23,  28.59,  28.28,  27.86,  28.30,  28.52,  28.59,  28.58,  28.58,  27.25,  27.12,  27.09,  26.51,  26.29,  26.28,  26.44,  26.63,  29.01,  29.19,  28.66,  27.99,  27.70,  27.87,  27.96,  28.14,  28.16,  28.17,  28.42,  28.39,  29.00,  29.11
19830612, 0600,  , TS, 12.2N, 106.7W,  55, -999, -999, -999, -999, -999, -999, -999, -999, -999, -999, -999, -999, -999, -999,  27.61,  28.03,  27.97,  27.35,  27.38,  27.43,  28.13,  28.36,  28.26,  27.45,  27.42,  27.41,  27.20,  27.42,  27.48,  26.83,  26.51,  29.41,  29.59,  29.17,  28.25,  27.59,  27.50,  27.59,  27.34,  27.30,  27.29,  28.25,  28.33,  28.26,  28.38
19830612, 1200,  , TS, 12.5N, 107.8W,  55, -999, -999, -999, -999, -999, -999, -999, -999, -999, -999, -999, -999, -999, -999,  27.86,  28.19,  28.30,  28.04,  28.09,  28.08,  28.84,  28.83,  28.56,  28.36,  28.29,  28.04,  27.91,  27.66,  27.54,  27.57,  27.85,  28.58,  28.80,  29.09,  28.09,  27.34,  27.53,  27.61,  27.60,  27.39,  27.33,  28.41,  28.33,  28.29,  28.11
19830612, 1800,  , HU, 12.9N, 109.0W,  65, -999, -999, -999, -999, -999, -999, -999, -999, -999, -999, -999, -999, -999, -999,  27.45,  27.50,  27.44,  27.68,  27.98,  27.99,  28.44,  28.57,  28.69,  28.28,  28.01,  27.58,  27.35,  27.32,  27.32,  27.36,  26.92,  26.94,  27.52,  28.72,  28.09,  27.14,  27.40,  27.33,  27.20,  27.01,  27.27,  27.78,  27.50,  27.97,  27.93
19830613, 0000,  , HU, 13.1N, 109.9W,  75, -999, -999, -999, -999, -999, -999, -999, -999, -999, -999, -999, -999, -999, -999,  27.65,  27.77,  28.01,  28.07,  28.09,  27.98,  28.05,  28.21,  28.19,  28.22,  27.70,  27.54,  27.56,  27.62,  27.64,  27.15,  27.18,  27.52,  28.39,  28.22,  27.20,  27.37,  27.31,  27.08,  26.61,  27.00,  27.58,  27.15,  27.57,  27.43,  27.28
19830613, 0600,  , HU, 13.3N, 110.4W,  75, -999, -999, -999, -999, -999, -999, -999, -999, -999, -999, -999, -999, -999, -999,  27.52,  27.90,  28.12,  28.11,  28.14,  28.03,  28.06,  28.32,  28.68,  28.90,  28.46,  27.87,  27.65,  27.53,  27.55,  27.23,  27.17,  27.51,  28.19,  28.32,  27.36,  27.49,  27.54,  26.70,  26.02,  26.66,  27.63,  27.75,  27.82,  27.65,  27.15
19830613, 1200,  , HU, 13.4N, 111.0W, 100, -999, -999, -999, -999, -999, -999, -999, -999, -999, -999, -999, -999, -999, -999,  27.73,  28.28,  28.49,  28.40,  28.40,  28.24,  28.25,  28.56,  28.85,  28.92,  28.47,  27.84,  27.54,  27.36,  27.39,  27.42,  27.01,  27.27,  27.84,  28.07,  27.37,  27.41,  27.46,  26.40,  25.77,  26.37,  27.22,  27.46,  27.56,  27.47,  27.18
19830613, 1800,  , HU, 13.5N, 111.5W, 115, -999, -999, -999, -999, -999, -999, -999, -999, -999, -999, -999, -999, -999, -999,  27.68,  28.12,  28.28,  28.29,  28.32,  28.56,  28.71,  28.64,  28.66,  28.63,  28.14,  27.62,  27.40,  27.29,  27.32,  27.35,  26.38,  26.58,  27.01,  27.23,  26.92,  26.89,  26.87,  25.86,  25.68,  26.36,  26.63,  26.94,  27.11,  27.24,  27.23
19830614, 0000,  , HU, 13.6N, 112.2W, 115, -999, -999, -999, -999, -999, -999, -999, -999, -999, -999, -999, -999, -999, -999,  27.57,  27.66,  27.55,  27.57,  28.01,  28.33,  28.15,  27.98,  28.02,  27.45,  27.29,  27.39,  27.37,  27.38,  27.40,  25.61,  25.58,  26.03,  26.40,  26.58,  26.54,  26.53,  25.95,  25.60,  26.46,  26.47,  26.50,  26.71,  27.08,  26.80,  26.02
19830614, 0600,  , HU, 13.7N, 112.6W, 115, -999, -999, -999, -999, -999, -999, -999, -999, -999, -999, -999, -999, -999, -999,  27.40,  27.59,  27.15,  27.04,  27.55,  27.82,  27.61,  27.62,  27.65,  27.15,  26.87,  27.07,  27.07,  27.12,  27.17,  25.23,  25.15,  25.62,  26.14,  26.63,  26.61,  26.55,  25.85,  25.53,  26.61,  26.76,  26.72,  26.99,  27.56,  26.79,  25.82
19830614, 1200,  , HU, 13.9N, 113.1W, 115, -999, -999, -999, -999, -999, -999, -999, -999, -999, -999, -999, -999, -999, -999,  27.39,  27.81,  27.28,  26.97,  27.26,  27.48,  27.39,  27.45,  27.43,  27.09,  26.98,  27.07,  27.13,  27.18,  27.23,  25.45,  25.29,  25.35,  25.76,  26.21,  26.30,  26.38,  25.92,  25.96,  26.98,  27.24,  27.00,  27.30,  27.86,  26.82,  25.63
19830614, 1800,  , HU, 14.3N, 113.6W, 105, -999, -999, -999, -999, -999, -999, -999, -999, -999, -999, -999, -999, -999, -999,  27.23,  27.65,  27.08,  26.79,  26.89,  27.02,  27.24,  27.41,  27.44,  27.39,  27.48,  27.57,  27.57,  27.55,  27.53,  26.16,  25.65,  25.40,  25.66,  25.69,  25.68,  26.13,  26.22,  26.48,  26.72,  26.64,  26.16,  26.65,  26.94,  25.93,  25.19
19830615, 0000,  , HU, 14.7N, 113.8W, 100, -999, -999, -999, -999, -999, -999, -999, -999, -999, -999, -999, -999, -999, -999,  27.16,  26.61,  26.44,  26.56,  26.72,  27.06,  27.34,  27.50,  27.38,  27.37,  27.27,  27.30,  27.32,  27.33,  26.85,  26.24,  25.87,  25.92,  25.87,  25.95,  26.35,  26.35,  26.47,  26.41,  26.02,  25.74,  26.36,  26.51,  25.67,  25.37,  25.20
19830615, 0600,  , HU, 15.1N, 114.0W,  90, -999, -999, -999, -999, -999, -999, -999, -999, -999, -999, -999, -999, -999, -999,  27.04,  26.61,  26.46,  26.45,  26.50,  26.83,  27.10,  27.30,  27.18,  27.09,  26.76,  26.81,  25.86,  25.75,  25.88,  25.56,  25.53,  25.51,  25.49,  25.66,  26.10,  26.15,  26.23,  26.20,  26.17,  26.05,  26.30,  26.41,  25.78,  25.86,  25.55
19830615, 1200,  , HU, 15.7N, 114.1W,  90, -999, -999, -999, -999, -999, -999, -999, -999, -999, -999, -999, -999, -999, -999,  26.80,  26.61,  26.59,  26.46,  26.37,  26.67,  26.96,  27.18,  27.07,  26.95,  26.55,  26.40,  24.73,  24.61,  24.73,  24.71,  24.96,  25.05,  25.41,  25.73,  26.04,  25.89,  25.87,  25.83,  26.13,  26.21,  26.23,  26.38,  25.91,  25.95,  25.44
19830615, 1800,  , HU, 16.4N, 114.1W,  85, -999, -999, -999, -999, -999, -999, -999, -999, -999, -999, -999, -999, -999, -999,  26.28,  26.07,  25.92,  25.78,  25.73,  25.89,  26.20,  26.46,  26.40,  26.20,  25.92,  25.39,  24.46,  24.46,  24.53,  24.06,  24.33,  24.51,  25.21,  25.47,  25.46,  25.32,  25.37,  25.36,  25.52,  25.61,  25.76,  25.96,  25.61,  25.32,  25.18
19830616, 0000,  , HU, 17.0N, 114.2W,  80, -999, -999, -999, -999, -999, -999, -999, -999, -999, -999, -999, -999, -999, -999,  25.25,  25.13,  25.11,  25.17,  25.31,  25.58,  25.95,  26.11,  25.94,  25.65,  24.73,  24.32,  24.37,  24.42,  23.68,  23.99,  24.17,  24.93,  25.10,  24.96,  24.91,  25.02,  25.05,  25.11,  25.28,  25.44,  25.59,  25.47,  25.38,  25.25,  24.91
19830616, 0600,  , HU, 17.5N, 114.3W,  70, -999, -999, -999, -999, -999, -999, -999, -999, -999, -999, -999, -999, -999, -999,  25.09,  25.05,  25.10,  25.39,  25.49,  25.51,  25.79,  26.36,  25.77,  25.36,  24.16,  23.97,  23.87,  23.31,  22.74,  23.66,  24.05,  24.71,  24.63,  24.29,  24.28,  24.42,  24.61,  24.70,  25.04,  25.30,  25.58,  25.70,  25.32,  24.62,  23.57
19830616, 1200,  , HU, 18.0N, 114.5W,  65, -999, -999, -999, -999, -999, -999, -999, -999, -999, -999, -999, -999, -999, -999,  24.79,  24.85,  24.91,  25.13,  25.18,  25.15,  25.45,  26.15,  25.39,  25.06,  24.12,  23.95,  23.57,  22.74,  22.37,  23.50,  23.97,  24.61,  24.60,  24.32,  24.33,  24.46,  24.66,  24.75,  25.08,  25.26,  25.51,  25.61,  25.25,  24.73,  23.53
19830616, 1800,  , TS, 18.5N, 115.0W,  55, -999, -999, -999, -999, -999, -999, -999, -999, -999, -999, -999, -999, -999, -999,  23.54,  23.57,  23.68,  23.88,  23.98,  24.20,  24.48,  24.75,  24.58,  24.53,  24.17,  24.17,  22.55,  22.02,  21.97,  22.48,  22.85,  23.30,  23.17,  23.22,  23.25,  23.44,  23.54,  23.68,  23.95,  24.09,  23.96,  23.83,  24.06,  24.47,  24.18
19830617, 0000,  , TS, 18.8N, 115.5W,  45, -999, -999, -999, -999, -999, -999, -999, -999, -999, -999, -999, -999, -999, -999,  23.46,  23.52,  23.74,  23.95,  24.05,  24.25,  24.28,  24.37,  24.36,  24.21,  24.37,  22.82,  22.52,  22.66,  23.03,  22.94,  23.12,  23.01,  22.72,  22.95,  23.34,  23.54,  23.70,  23.85,  24.01,  23.15,  22.70,  22.99,  23.82,  24.01,  23.66
19830617, 0600,  , TD, 19.0N, 116.0W,  30, -999, -999, -999, -999, -999, -999, -999, -999, -999, -999, -999, -999, -999, -999,  23.68,  23.67,  23.77,  23.97,  23.89,  23.94,  23.99,  24.25,  24.29,  24.41,  24.59,  23.23,  22.85,  22.78,  22.70,  22.41,  22.43,  23.02,  23.10,  23.31,  23.53,  23.68,  23.76,  23.89,  24.08,  23.12,  22.58,  22.68,  23.36,  23.50,  23.13
19830617, 1200,  , TD, 19.3N, 116.6W,  30, -999, -999, -999, -999, -999, -999, -999, -999, -999, -999, -999, -999, -999, -999,  23.59,  23.56,  23.57,  23.96,  23.93,  23.91,  24.02,  24.27,  24.26,  24.25,  24.29,  23.20,  22.86,  22.79,  22.75,  22.61,  22.58,  23.82,  23.81,  23.68,  23.30,  23.38,  23.51,  23.62,  23.77,  23.20,  23.04,  23.25,  22.70,  22.66,  21.95
19830617, 1800,  , TD, 19.5N, 117.1W,  30, -999, -999, -999, -999, -999, -999, -999, -999, -999, -999, -999, -999, -999, -999,  23.14,  23.24,  23.28,  23.82,  23.88,  23.89,  24.02,  24.18,  24.19,  24.18,  24.16,  23.19,  23.04,  23.02,  23.04,  23.10,  23.08,  24.52,  24.64,  24.35,  23.92,  23.94,  24.01,  24.05,  24.10,  24.14,  24.18,  24.31,  22.93,  22.51,  21.85
19830618, 0000,  , TD, 19.8N, 117.7W,  25, -999, -999, -999, -999, -999, -999, -999, -999, -999, -999, -999, -999, -999, -999,  22.20,  22.29,  22.98,  23.12,  23.14,  23.22,  23.24,  23.26,  23.28,  23.31,  23.08,  23.22,  23.21,  23.13,  23.13,  23.11,  23.56,  23.62,  23.59,  23.39,  23.44,  23.55,  23.58,  23.60,  23.59,  23.55,  23.69,  22.43,  22.40,  21.77,  21.34
19830618, 0600,  , TD, 20.0N, 118.4W,  20, -999, -999, -999, -999, -999, -999, -999, -999, -999, -999, -999, -999, -999, -999,  21.99,  22.01,  22.58,  22.85,  22.90,  22.89,  22.91,  22.93,  22.97,  23.02,  23.09,  23.26,  23.22,  23.09,  23.08,  23.09,  22.64,  22.55,  22.48,  22.57,  22.66,  22.82,  22.89,  22.89,  22.77,  22.68,  22.71,  22.15,  22.45,  22.20,  21.87
