EP071996,            DOUGLAS,     33,
19960729, 0000,  , TS, 13.0N,  89.7W,  35, 1004, -999, -999, -999, -999, -999, -999, -999, -999, -999, -999, -999, -999, -999,  30.37,  29.50,  29.38,  30.23,  29.79,  29.60,  30.15,  29.63,  29.54,  30.54,  30.36,  30.32,  30.26,  29.68,  29.57,  28.46,  28.16,  28.89,  28.73,  28.87,  29.87,  29.46,  30.98,  30.37,  30.58,  29.88,  29.56,  28.29,  28.31,  29.17,  28.64
19960729, 0600,  , TS, 13.1N,  91.6W,  40, 1001, -999, -999, -999, -999, -999, -999, -999, -999, -999, -999, -999, -999, -999,  30.75,  29.70,  30.09,  30.94,  31.13,  29.28,  30.52,  28.85,  28.66,  30.67,  30.28,  30.98,  29.93,  30.94,  29.52,  29.30,  28.16,  28.59,  28.60,  29.14,  29.37,  30.26,  30.69,  30.85,  31.25,  29.95,  29.94,  28.62,  28.91,  29.20,  28.88
19960729, 1200,  , HU, 13.3N,  93.4W,  65,  987, -999, -999, -999, -999, -999, -999, -999, -999, -999, -999, -999, -999, -999,  29.60,  29.45,  29.72,  30.99,  30.84,  30.13,  31.29,  30.63,  30.28,  31.45,  31.48,  30.90,  30.11,  31.03,  30.57,  30.58,  29.21,  30.69,  29.32,  28.88,  28.53,  29.82,  30.57,  29.67,  30.88,  31.18,  30.88,  28.82,  27.87,  29.33,  29.69
19960729, 1800,  , HU, 13.4N,  95.2W,  65,  982, -999, -999, -999, -999, -999, -999, -999, -999, -999, -999, -999, -999, -999,  30.45,  29.91,  29.14,  30.08,  28.79,  28.67,  28.54,  28.84,  29.63,  30.84,  30.71,  30.48,  29.85,  30.07,  29.24,  29.64,  29.35,  30.19,  29.82,  29.70,  29.72,  29.90,  31.11,  29.83,  30.07,  29.31,  29.36,  29.04,  28.81,  30.79,  30.10
19960730, 0000,  , HU, 13.6N,  96.9W,  70,  980, -999, -999, -999, -999, -999, -999, -999, -999, -999, -999, -999, -999, -999,  30.98,  29.70,  29.66,  29.27,  28.44,  28.40,  28.63,  29.18,  29.77,  31.47,  30.45,  31.08,  29.93,  30.01,  30.95,  29.38,  29.49,  30.52,  29.34,  30.09,  30.98,  31.19,  30.55,  30.24,  30.36,  30.92,  29.74,  29.46,  29.69,  29.65,  29.91
19960730, 0600,  , HU, 13.9N,  98.7W,  75,  977, -999, -999, -999, -999, -999, -999, -999, -999, -999, -999, -999, -999, -999,  30.77,  29.54,  29.82,  29.51,  29.69,  29.05,  29.25,  30.00,  29.94,  31.35,  30.04,  30.46,  30.65,  30.10,  30.57,  29.73,  29.56,  31.12,  29.87,  29.94,  30.49,  30.61,  30.09,  30.41,  30.65,  30.43,  29.66,  29.56,  29.24,  29.24,  28.87
19960730, 1200,  , HU, 14.3N, 100.4W,  80,  975, -999, -999, -999, -999, -999, -999, -999, -999, -999, -999, -999, -999, -999,  30.44,  29.05,  29.78,  29.30,  30.64,  28.78,  29.59,  30.58,  29.83,  31.01,  29.73,  29.37,  29.30,  30.14,  30.71,  29.43,  29.07,  30.56,  30.08,  29.76,  30.46,  30.71,  29.68,  29.98,  30.96,  30.52,  29.56,  28.70,  28.72,  29.37,  29.91
19960730, 1800,  , HU, 14.9N, 102.0W,  85,  970, -999, -999, -999, -999, -999, -999, -999, -999, -999, -999, -999, -999, -999,  30.42,  30.11,  29.66,  28.98,  30.82,  28.87,  29.87,  30.52,  30.00,  31.05,  30.27,  29.64,  29.53,  30.63,  31.23,  30.11,  29.32,  28.88,  29.77,  28.99,  29.01,  30.36,  29.02,  30.17,  30.48,  30.56,  29.81,  28.59,  27.95,  28.88,  29.87
19960731, 0000,  , HU, 15.5N, 103.4W,  90,  968, -999, -999, -999, -999, -999, -999, -999, -999, -999, -999, -999, -999, -999,  30.45,  30.16,  29.45,  30.90,  29.48,  29.09,  30.27,  29.81,  30.86,  31.36,  29.89,  29.75,  30.10,  30.92,  30.12,  28.90,  28.48,  29.76,  29.34,  28.97,  30.14,  28.91,  29.20,  30.28,  30.72,  30.98,  29.16,  28.83,  28.64,  30.22,  29.32
19960731, 0600,  , HU, 16.0N, 104.7W,  95,  965, -999, -999, -999, -999, -999, -999, -999, -999, -999, -999, -999, -999, -999,  30.82,  30.76,  30.21,  30.84,  30.07,  28.96,  29.44,  30.33,  31.14,  31.29,  30.43,  30.30,  30.36,  31.10,  30.19,  28.93,  28.41,  28.66,  29.19,  28.68,  29.91,  28.57,  28.56,  30.12,  30.35,  30.39,  29.35,  28.80,  28.00,  29.69,  29.27
19960731, 1200,  , HU, 16.5N, 105.9W, 100,  960, -999, -999, -999, -999, -999, -999, -999, -999, -999, -999, -999, -999, -999,  29.77,  28.88,  30.02,  30.36,  28.99,  28.66,  28.71,  30.40,  30.81,  30.80,  30.34,  29.95,  29.80,  30.44,  29.65,  29.15,  27.01,  26.43,  28.41,  28.13,  29.00,  28.54,  28.62,  28.93,  29.52,  29.39,  29.12,  28.45,  27.36,  28.92,  28.13
19960731, 1800,  , HU, 17.0N, 107.0W, 105,  958, -999, -999, -999, -999, -999, -999, -999, -999, -999, -999, -999, -999, -999,  28.99,  28.87,  28.79,  29.79,  28.32,  28.09,  27.50,  29.67,  30.26,  30.54,  29.84,  29.29,  29.00,  29.65,  29.28,  28.82,  27.15,  24.92,  26.22,  27.23,  27.39,  28.54,  27.97,  29.21,  29.29,  29.19,  28.57,  28.54,  28.22,  29.74,  28.83
19960801, 0000,  , HU, 17.6N, 108.0W, 115,  952, -999, -999, -999, -999, -999, -999, -999, -999, -999, -999, -999, -999, -999,  28.53,  28.31,  29.14,  28.10,  27.71,  27.51,  29.48,  30.11,  30.64,  29.32,  28.85,  29.14,  29.28,  29.37,  28.80,  28.02,  27.41,  27.25,  27.94,  28.21,  28.74,  28.48,  28.64,  28.79,  29.22,  28.74,  28.36,  28.01,  28.47,  29.55,  28.11
19960801, 0600,  , HU, 18.2N, 109.0W, 115,  948, -999, -999, -999, -999, -999, -999, -999, -999, -999, -999, -999, -999, -999,  28.28,  28.77,  29.20,  28.89,  27.85,  27.66,  29.10,  29.42,  29.94,  29.09,  28.98,  29.78,  29.24,  29.11,  28.69,  27.65,  26.39,  27.09,  27.87,  28.39,  28.26,  28.67,  28.66,  28.64,  29.59,  28.47,  27.90,  27.98,  27.93,  29.02,  27.70
19960801, 1200,  , HU, 18.9N, 110.0W, 115,  946, -999, -999, -999, -999, -999, -999, -999, -999, -999, -999, -999, -999, -999,  27.52,  28.21,  28.22,  28.14,  27.45,  27.45,  28.45,  29.41,  29.83,  29.18,  29.58,  30.23,  29.30,  28.99,  28.11,  27.53,  25.38,  24.93,  26.87,  27.61,  28.03,  28.24,  27.85,  27.89,  28.56,  27.19,  27.11,  27.09,  26.77,  27.68,  28.28
19960801, 1800,  , HU, 19.5N, 111.2W, 115,  947, -999, -999, -999, -999, -999, -999, -999, -999, -999, -999, -999, -999, -999,  27.20,  27.52,  27.11,  26.93,  27.40,  26.99,  28.30,  28.06,  28.57,  28.61,  29.34,  29.39,  28.21,  28.16,  28.23,  28.24,  27.33,  25.45,  27.27,  27.30,  28.08,  28.66,  27.41,  27.34,  27.86,  27.13,  27.08,  26.82,  26.84,  27.12,  28.28
19960802, 0000,  , HU, 20.0N, 112.6W, 115,  948, -999, -999, -999, -999, -999, -999, -999, -999, -999, -999, -999, -999, -999,  26.45,  26.02,  26.16,  26.96,  26.26,  27.71,  27.20,  27.64,  28.27,  28.64,  28.13,  27.50,  27.42,  27.51,  27.59,  26.10,  26.03,  27.20,  28.12,  26.93,  27.47,  26.31,  25.89,  26.05,  25.93,  25.60,  25.48,  25.44,  24.69,  25.78,  25.42
19960802, 0600,  , HU, 20.4N, 113.9W, 115,  950, -999, -999, -999, -999, -999, -999, -999, -999, -999, -999, -999, -999, -999,  26.39,  26.43,  26.11,  26.50,  26.17,  26.76,  26.78,  26.80,  27.37,  27.23,  27.45,  27.26,  27.19,  27.30,  27.37,  26.93,  26.65,  26.82,  28.27,  26.75,  26.93,  26.33,  26.45,  26.39,  26.24,  26.12,  26.03,  25.92,  25.84,  26.97,  27.45
19960802, 1200,  , HU, 20.6N, 115.4W, 110,  955, -999, -999, -999, -999, -999, -999, -999, -999, -999, -999, -999, -999, -999,  24.83,  25.22,  25.09,  25.26,  25.21,  25.99,  25.57,  25.24,  25.64,  26.04,  26.15,  26.43,  26.23,  26.59,  26.66,  26.52,  25.29,  25.60,  27.18,  26.08,  26.09,  26.16,  26.35,  26.50,  26.63,  26.55,  26.52,  26.49,  26.60,  27.23,  28.75
19960802, 1800,  , HU, 20.8N, 116.8W, 100,  965, -999, -999, -999, -999, -999, -999, -999, -999, -999, -999, -999, -999, -999,  25.30,  25.42,  25.40,  25.09,  25.02,  25.28,  26.04,  25.23,  25.59,  25.82,  26.65,  26.20,  26.36,  26.00,  26.02,  25.50,  25.24,  25.59,  26.68,  25.53,  25.64,  25.77,  25.99,  25.79,  25.73,  25.72,  25.76,  25.34,  25.64,  25.99,  27.41
19960803, 0000,  , HU, 20.9N, 118.1W,  80,  970, -999, -999, -999, -999, -999, -999, -999, -999, -999, -999, -999, -999, -999,  24.55,  24.93,  24.72,  24.89,  25.00,  26.87,  25.42,  25.43,  25.00,  25.47,  24.45,  24.61,  24.87,  24.47,  24.56,  23.80,  23.86,  25.31,  24.73,  24.92,  24.80,  24.93,  24.76,  24.89,  24.93,  24.91,  24.55,  24.80,  25.36,  26.24,  26.05
19960803, 0600,  , HU, 21.1N, 119.3W,  65,  975, -999, -999, -999, -999, -999, -999, -999, -999, -999, -999, -999, -999, -999,  23.97,  24.24,  24.18,  24.59,  24.56,  26.58,  25.59,  25.63,  25.34,  25.80,  24.70,  24.81,  25.05,  24.70,  24.69,  24.56,  23.70,  24.94,  24.45,  24.62,  24.57,  25.00,  24.74,  24.92,  25.04,  24.99,  24.76,  24.86,  25.29,  26.56,  26.66
19960803, 1200,  , TS, 21.1N, 120.3W,  60,  980, -999, -999, -999, -999, -999, -999, -999, -999, -999, -999, -999, -999, -999,  24.12,  24.20,  24.27,  24.34,  24.06,  25.63,  25.21,  25.40,  25.41,  25.72,  24.85,  25.05,  24.97,  24.70,  24.47,  24.24,  23.53,  24.27,  24.34,  24.65,  24.82,  25.01,  24.67,  24.78,  24.99,  24.83,  24.63,  24.50,  25.07,  26.17,  26.44
19960803, 1800,  , TS, 21.2N, 121.3W,  55,  988, -999, -999, -999, -999, -999, -999, -999, -999, -999, -999, -999, -999, -999,  24.51,  24.66,  24.92,  24.99,  24.87,  25.50,  25.52,  25.43,  25.37,  25.52,  24.94,  24.96,  25.26,  25.49,  25.43,  25.11,  24.58,  24.55,  25.30,  24.57,  24.53,  24.88,  25.09,  25.26,  25.59,  25.53,  25.33,  25.08,  25.77,  26.36,  26.40
19960804, 0000,  , TS, 21.4N, 122.3W,  50,  993, -999, -999, -999, -999, -999, -999, -999, -999, -999, -999, -999, -999, -999,  23.84,  24.36,  24.54,  24.69,  25.10,  25.45,  25.16,  25.22,  25.39,  24.72,  24.59,  24.81,  25.13,  25.19,  25.10,  24.74,  24.35,  25.44,  24.34,  24.27,  24.55,  24.73,  24.87,  25.16,  25.14,  24.89,  24.61,  25.13,  25.64,  25.60,  25.27
19960804, 0600,  , TS, 21.6N, 123.2W,  45,  995, -999, -999, -999, -999, -999, -999, -999, -999, -999, -999, -999, -999, -999,  23.27,  23.52,  23.53,  23.60,  23.80,  24.77,  24.31,  24.64,  24.62,  24.08,  23.72,  23.63,  23.99,  23.89,  23.82,  23.50,  23.82,  25.56,  24.23,  24.26,  24.54,  25.02,  25.29,  25.47,  25.43,  25.20,  25.01,  25.20,  25.89,  26.10,  26.23
19960804, 1200,  , TS, 21.7N, 124.2W,  40, 1000, -999, -999, -999, -999, -999, -999, -999, -999, -999, -999, -999, -999, -999,  23.31,  23.42,  23.30,  23.07,  23.30,  24.64,  24.32,  24.66,  24.52,  24.18,  23.94,  24.12,  24.22,  23.87,  23.69,  23.27,  22.86,  24.23,  23.97,  23.67,  23.52,  23.70,  23.85,  24.26,  24.34,  24.33,  24.51,  24.56,  25.11,  25.84,  26.32
19960804, 1800,  , TS, 21.9N, 125.3W,  35, 1003, -999, -999, -999, -999, -999, -999, -999, -999, -999, -999, -999, -999, -999,  22.97,  23.18,  23.36,  23.44,  23.27,  24.83,  23.94,  24.32,  24.53,  24.73,  25.04,  25.13,  25.25,  25.10,  24.67,  24.48,  24.44,  24.29,  24.39,  23.91,  24.23,  24.70,  24.75,  25.25,  25.05,  24.55,  24.61,  24.52,  25.11,  25.77,  25.53
19960805, 0000,  , TD, 22.1N, 126.4W,  30, 1005, -999, -999, -999, -999, -999, -999, -999, -999, -999, -999, -999, -999, -999,  23.30,  23.53,  23.67,  23.42,  24.65,  23.68,  23.89,  24.02,  24.07,  24.39,  24.50,  24.58,  24.84,  24.70,  24.63,  24.46,  24.36,  24.74,  24.38,  24.41,  24.99,  24.86,  25.36,  25.78,  24.94,  24.94,  25.00,  25.29,  26.04,  25.44,  24.82
19960805, 0600,  , TD, 22.3N, 127.5W,  30, 1009, -999, -999, -999, -999, -999, -999, -999, -999, -999, -999, -999, -999, -999,  23.04,  23.16,  23.45,  23.34,  23.98,  23.87,  24.23,  24.01,  23.88,  23.90,  23.87,  24.02,  24.46,  24.85,  24.50,  24.25,  23.76,  24.23,  23.97,  23.88,  24.37,  24.40,  24.59,  25.20,  24.27,  24.20,  24.30,  24.23,  24.78,  24.41,  24.07
19960805, 1200,  , TD, 22.4N, 128.7W,  30, 1009, -999, -999, -999, -999, -999, -999, -999, -999, -999, -999, -999, -999, -999,  22.69,  22.85,  23.02,  22.98,  23.28,  23.40,  23.53,  23.55,  23.64,  23.67,  23.73,  23.91,  24.11,  24.08,  24.15,  24.03,  24.21,  24.21,  24.24,  23.94,  24.23,  24.37,  24.37,  24.72,  24.41,  24.35,  24.30,  24.12,  24.48,  24.25,  23.93
19960805, 1800,  , TD, 22.5N, 129.9W,  25, 1009, -999, -999, -999, -999, -999, -999, -999, -999, -999, -999, -999, -999, -999,  22.74,  22.91,  22.86,  22.70,  23.11,  23.23,  24.40,  24.26,  24.39,  24.28,  23.74,  23.63,  23.59,  23.50,  23.53,  23.56,  23.96,  23.97,  23.82,  23.52,  23.91,  24.35,  24.88,  24.49,  24.33,  24.23,  24.20,  24.27,  24.51,  24.45,  24.27
19960806, 0000,  , TD, 22.5N, 130.0W,  20, 1009, -999, -999, -999, -999, -999, -999, -999, -999, -999, -999, -999, -999, -999,  22.98,  23.07,  22.80,  23.03,  23.12,  24.34,  24.21,  24.32,  24.38,  24.01,  23.78,  23.69,  23.48,  23.40,  23.50,  24.02,  24.08,  23.81,  23.64,  23.93,  24.26,  25.00,  24.58,  24.37,  24.31,  24.23,  24.26,  24.41,  24.35,  24.17,  24.26
