EP072010,            ESTELLE,     26,
20100804, 1200,  , LO, 14.9N,  94.9W,  20, 1008,    0,    0,    0,    0,    0,    0,    0,    0,    0,    0,    0,    0, -999,  30.03,  29.41,  29.33,  29.63,  31.57,  31.92,  31.94,  31.44,  30.63,  30.16,  29.91,  29.12,  28.60,  19.77,  29.26,  29.80,  29.85,  30.28,  30.53,  31.83,  31.98,  32.07,  31.78,  31.05,  30.01,  28.89,  29.48,  29.63,  30.67,  29.14,  29.76
20100804, 1800,  , LO, 14.7N,  96.3W,  25, 1008,    0,    0,    0,    0,    0,    0,    0,    0,    0,    0,    0,    0, -999,  29.36,  29.24,  29.43,  30.02,  31.04,  31.78,  32.23,  31.74,  31.16,  30.98,  30.42,  31.17,  30.19,  19.70,  29.00,  30.81,  29.41,  29.58,  30.13,  31.61,  30.20,  31.47,  30.77,  30.12,  29.47,  29.58,  29.14,  27.96,  28.59,  28.42,  28.95
20100805, 0000,  , LO, 14.7N,  97.6W,  25, 1007,    0,    0,    0,    0,    0,    0,    0,    0,    0,    0,    0,    0, -999,  29.07,  29.51,  30.19,  31.06,  31.55,  31.66,  30.55,  30.57,  30.74,  30.46,  31.35,  31.81,  19.66,  29.82,  30.46,  29.35,  29.22,  29.85,  31.10,  30.05,  31.09,  31.00,  30.38,  30.02,  30.01,  29.84,  30.12,  29.25,  29.28,  29.79,  29.88
20100805, 0600,  , LO, 14.9N,  98.8W,  25, 1007,    0,    0,    0,    0,    0,    0,    0,    0,    0,    0,    0,    0, -999,  30.62,  30.55,  31.19,  31.73,  31.89,  32.04,  31.15,  30.18,  30.16,  29.50,  31.02,  31.30,  19.60,  30.70,  31.89,  30.47,  30.44,  30.68,  31.63,  30.97,  31.53,  31.51,  30.81,  30.36,  30.08,  30.27,  30.06,  29.14,  29.48,  29.68,  30.11
20100805, 1200,  , LO, 15.2N,  99.9W,  25, 1006,    0,    0,    0,    0,    0,    0,    0,    0,    0,    0,    0,    0, -999,  29.69,  30.76,  31.41,  31.19,  31.47,  31.94,  32.73,  31.30,  31.07,  30.57,  32.05,  30.62,  19.63,  31.03,  32.22,  30.27,  29.77,  29.93,  30.48,  30.44,  30.73,  31.35,  30.84,  29.77,  29.72,  29.59,  29.45,  29.32,  30.72,  30.05,  30.17
20100805, 1800,  , LO, 15.5N, 100.9W,  25, 1005,    0,    0,    0,    0,    0,    0,    0,    0,    0,    0,    0,    0, -999,  30.15,  31.35,  31.55,  31.69,  30.63,  31.27,  32.16,  31.46,  31.11,  30.37,  31.17,  30.32,  19.96,  30.44,  30.95,  29.83,  29.00,  29.18,  29.57,  29.64,  29.84,  31.34,  30.00,  29.67,  29.40,  28.79,  28.84,  29.35,  30.68,  29.54,  29.06
20100806, 0000,  , TD, 15.8N, 101.7W,  30, 1004,    0,    0,    0,    0,    0,    0,    0,    0,    0,    0,    0,    0, -999,  31.32,  31.52,  31.80,  30.50,  31.32,  32.18,  32.46,  31.07,  30.32,  30.82,  30.28,  19.92,  30.23,  30.37,  30.16,  29.42,  29.74,  30.10,  29.98,  29.96,  31.15,  29.80,  29.29,  29.29,  28.37,  28.72,  29.18,  30.58,  29.82,  29.01,  29.18
20100806, 0600,  , TD, 16.2N, 102.6W,  30, 1004,    0,    0,    0,    0,    0,    0,    0,    0,    0,    0,    0,    0, -999,  31.22,  31.53,  30.42,  29.55,  30.81,  31.83,  32.08,  30.30,  29.34,  30.02,  30.04,  19.98,  29.83,  30.02,  30.31,  29.27,  29.77,  29.76,  29.65,  29.76,  31.41,  29.51,  29.28,  29.52,  29.05,  29.33,  30.18,  31.22,  30.26,  29.80,  29.66
20100806, 1200,  , TS, 16.6N, 103.5W,  35, 1003,   45,    0,    0,    0,    0,    0,    0,    0,    0,    0,    0,    0, -999,  30.14,  29.91,  28.83,  28.87,  30.55,  31.35,  31.39,  30.14,  28.81,  29.36,  30.17,  19.87,  30.11,  29.47,  30.50,  29.32,  29.17,  29.19,  29.56,  29.81,  30.95,  29.54,  29.73,  29.97,  29.64,  29.59,  29.95,  31.30,  30.86,  30.11,  29.74
20100806, 1800,  , TS, 16.9N, 104.6W,  40, 1002,   45,   45,    0,    0,    0,    0,    0,    0,    0,    0,    0,    0, -999,  30.68,  29.90,  29.16,  29.09,  30.69,  31.59,  31.62,  30.81,  29.34,  29.54,  31.10,  20.09,  30.45,  29.68,  30.97,  30.86,  29.63,  29.39,  30.10,  29.76,  30.16,  29.86,  29.74,  29.85,  29.68,  29.30,  29.36,  30.69,  30.32,  30.06,  29.91
20100807, 0000,  , TS, 17.0N, 105.6W,  45, 1000,   45,   45,    0,   45,    0,    0,    0,    0,    0,    0,    0,    0, -999,  29.66,  28.40,  28.53,  30.05,  30.92,  31.19,  30.62,  29.45,  29.47,  30.21,  20.00,  29.79,  28.79,  30.59,  30.57,  29.13,  29.15,  30.80,  29.63,  29.46,  30.02,  29.29,  29.07,  28.83,  28.80,  28.80,  30.03,  29.16,  28.86,  29.14,  29.82
20100807, 0600,  , TS, 16.8N, 106.4W,  45, 1000,   45,   45,    0,   45,    0,    0,    0,    0,    0,    0,    0,    0, -999,  28.10,  27.87,  28.30,  29.42,  29.85,  30.47,  30.15,  28.44,  28.88,  29.15,  20.16,  28.89,  28.35,  30.20,  30.41,  28.57,  28.20,  29.80,  29.53,  28.71,  29.38,  29.32,  29.21,  28.84,  28.88,  28.85,  29.66,  28.74,  28.94,  29.10,  29.89
20100807, 1200,  , TS, 16.9N, 107.3W,  50,  998,   45,   45,   30,   45,   20,    0,    0,    0,    0,    0,    0,    0, -999,  27.52,  28.01,  28.94,  29.64,  30.43,  30.34,  30.04,  28.55,  28.71,  28.84,  20.12,  28.91,  29.23,  30.87,  31.03,  29.54,  28.83,  29.52,  28.31,  28.01,  28.52,  29.06,  29.20,  28.95,  28.91,  28.76,  29.27,  28.25,  29.02,  27.76,  29.03
20100807, 1800,  , TS, 17.1N, 108.3W,  50,  998,   60,   50,   30,   50,   20,    0,    0,   20,    0,    0,    0,    0, -999,  27.26,  28.44,  29.05,  29.50,  30.00,  30.22,  29.75,  28.31,  28.20,  28.02,  20.03,  28.82,  28.87,  30.59,  30.58,  29.68,  28.87,  29.18,  28.85,  28.19,  28.47,  28.77,  29.04,  29.62,  29.48,  29.22,  30.04,  29.07,  30.16,  28.93,  29.24
20100808, 0000,  , TS, 17.3N, 109.2W,  55,  994,   75,   60,   50,   60,   20,   20,   20,   20,    0,    0,    0,    0, -999,  27.54,  27.29,  26.96,  28.02,  28.57,  28.03,  27.62,  27.71,  27.48,  19.95,  28.49,  28.21,  30.16,  30.16,  30.51,  29.28,  29.42,  29.64,  27.65,  28.26,  28.07,  28.07,  29.67,  29.20,  29.05,  29.87,  29.00,  30.11,  29.34,  28.86,  29.88
20100808, 0600,  , TS, 17.5N, 109.8W,  55,  994,   75,   60,   50,   60,   20,   20,   20,   20,    0,    0,    0,    0, -999,  27.33,  27.14,  27.39,  28.51,  28.01,  27.53,  27.34,  27.30,  27.23,  19.97,  28.71,  27.79,  29.47,  28.75,  29.66,  27.93,  28.31,  28.38,  27.51,  28.80,  28.11,  28.44,  29.87,  28.71,  28.68,  29.39,  28.50,  29.85,  28.81,  28.36,  29.55
20100808, 1200,  , TS, 17.7N, 110.4W,  50,  996,   75,   60,   50,   60,   20,   20,    0,   20,    0,    0,    0,    0, -999,  27.30,  27.25,  27.57,  27.96,  26.97,  27.30,  27.16,  27.15,  27.09,  20.14,  28.68,  28.03,  29.42,  28.87,  29.92,  28.08,  28.52,  28.17,  27.85,  29.02,  28.42,  28.70,  29.41,  28.32,  27.87,  29.06,  28.17,  29.42,  28.43,  28.64,  29.82
20100808, 1800,  , TS, 17.9N, 110.9W,  45,  999,   60,   45,   35,   50,    0,    0,    0,    0,    0,    0,    0,    0, -999,  27.32,  27.40,  27.39,  27.55,  26.82,  27.33,  27.38,  27.63,  27.40,  20.29,  29.29,  28.45,  28.70,  28.77,  29.73,  27.88,  29.16,  27.95,  28.77,  29.09,  28.05,  28.31,  28.14,  27.30,  27.10,  28.49,  27.62,  28.11,  28.14,  28.02,  28.76
20100809, 0000,  , TS, 17.9N, 111.3W,  40, 1001,   45,   35,   35,   40,    0,    0,    0,    0,    0,    0,    0,    0, -999,  27.31,  27.32,  27.56,  27.14,  27.64,  27.59,  27.60,  27.33,  20.36,  29.08,  28.27,  28.23,  28.51,  29.75,  28.07,  28.93,  28.26,  29.08,  29.36,  28.12,  28.22,  28.46,  27.23,  27.21,  28.76,  27.86,  27.93,  28.23,  28.20,  29.03,  28.40
20100809, 0600,  , TS, 17.9N, 111.7W,  35, 1002,   30,   30,   30,   30,    0,    0,    0,    0,    0,    0,    0,    0, -999,  27.26,  27.37,  27.49,  27.29,  27.70,  27.68,  27.60,  27.36,  20.39,  29.11,  28.49,  28.17,  28.56,  29.84,  28.22,  28.45,  28.41,  29.20,  28.78,  28.05,  28.07,  28.33,  27.08,  27.22,  28.77,  27.98,  27.67,  28.04,  27.97,  28.79,  28.22
20100809, 1200,  , TS, 17.8N, 112.0W,  35, 1004,   30,   30,   30,   30,    0,    0,    0,    0,    0,    0,    0,    0, -999,  27.35,  27.66,  28.06,  28.19,  27.82,  27.46,  27.12,  26.94,  20.39,  28.99,  28.66,  28.44,  28.80,  30.11,  28.54,  28.29,  28.54,  29.20,  27.96,  27.93,  27.82,  27.68,  27.22,  27.43,  28.86,  28.30,  27.65,  27.56,  27.40,  28.60,  28.27
20100809, 1800,  , TD, 17.7N, 112.4W,  30, 1005,    0,    0,    0,    0,    0,    0,    0,    0,    0,    0,    0,    0, -999,  27.30,  27.27,  27.28,  26.94,  27.01,  27.11,  27.53,  27.64,  20.16,  29.39,  29.12,  28.56,  28.81,  30.00,  28.34,  28.08,  29.38,  28.98,  27.73,  27.81,  27.89,  27.41,  27.18,  27.40,  28.81,  28.38,  27.73,  27.44,  27.20,  28.58,  28.30
20100810, 0000,  , TD, 17.7N, 112.8W,  30, 1005,    0,    0,    0,    0,    0,    0,    0,    0,    0,    0,    0,    0, -999,  27.10,  27.13,  26.77,  26.74,  26.73,  26.78,  26.94,  20.22,  28.88,  28.72,  28.45,  28.71,  29.81,  28.68,  28.22,  29.50,  28.70,  27.87,  27.59,  27.66,  27.29,  27.24,  27.45,  28.86,  28.51,  27.84,  27.57,  27.15,  28.59,  28.51,  27.48
20100810, 0600,  , LO, 17.5N, 113.2W,  25, 1005,    0,    0,    0,    0,    0,    0,    0,    0,    0,    0,    0,    0, -999,  27.20,  27.31,  26.94,  26.97,  26.87,  27.02,  27.24,  20.03,  28.81,  28.54,  28.40,  28.53,  29.55,  28.79,  28.23,  28.40,  28.18,  28.06,  27.85,  27.98,  27.40,  27.52,  27.69,  28.98,  28.52,  27.86,  27.51,  27.19,  28.18,  28.67,  27.81
20100810, 1200,  , LO, 17.3N, 113.2W,  25, 1006,    0,    0,    0,    0,    0,    0,    0,    0,    0,    0,    0,    0, -999,  27.40,  27.62,  27.54,  27.32,  27.07,  27.30,  27.47,  20.02,  28.97,  28.83,  28.66,  28.88,  29.82,  29.07,  28.50,  28.36,  28.06,  27.98,  27.85,  28.02,  27.56,  27.72,  27.83,  29.04,  28.52,  27.83,  27.52,  27.36,  27.93,  28.68,  27.85
20100810, 1800,  , LO, 17.2N, 113.1W,  25, 1006,    0,    0,    0,    0,    0,    0,    0,    0,    0,    0,    0,    0, -999,  27.40,  27.62,  27.54,  27.32,  27.07,  27.30,  27.47,  20.02,  28.97,  28.83,  28.66,  28.88,  29.82,  29.07,  28.50,  28.36,  28.06,  27.98,  27.85,  28.02,  27.56,  27.72,  27.83,  29.04,  28.52,  27.83,  27.52,  27.36,  27.93,  28.68,  27.85
