EP102007,                GIL,     19,
20070829, 1200,  , TD, 19.4N, 109.0W,  30, 1004,    0,    0,    0,    0,    0,    0,    0,    0,    0,    0,    0,    0, -999,  27.76,  27.66,  27.72,  27.85,  27.90,  27.77,  27.82,  27.88,  28.12,  27.95,  27.85,  28.13,  28.07,  27.83,  27.81,  27.97,  27.53,  27.45,  27.86,  28.07,  28.06,  27.90,  27.22,  27.39,  27.51,  27.23,  26.93,  26.55,  26.57,  26.59,  27.04
20070829, 1800,  , TS, 19.5N, 110.0W,  35, 1003,   30,   30,   45,    0,    0,    0,    0,    0,    0,    0,    0,    0, -999,  28.30,  28.17,  28.16,  28.25,  28.24,  27.74,  27.68,  27.89,  27.99,  27.93,  27.93,  27.98,  28.06,  27.86,  27.51,  27.49,  27.45,  27.55,  27.90,  28.18,  28.16,  27.95,  27.44,  27.18,  27.07,  27.05,  26.99,  26.68,  26.78,  27.07,  27.50
20070830, 0000,  , TS, 19.4N, 111.2W,  35, 1003,   30,   30,   45,    0,    0,    0,    0,    0,    0,    0,    0,    0, -999,  28.14,  28.31,  28.27,  28.24,  27.75,  27.66,  27.49,  27.38,  27.17,  27.07,  26.78,  26.78,  27.14,  27.19,  27.04,  26.69,  26.66,  26.75,  27.09,  26.93,  26.71,  26.11,  25.74,  27.03,  27.29,  27.24,  27.10,  27.27,  27.44,  27.72,  27.64
20070830, 0600,  , TS, 19.2N, 112.2W,  40, 1003,   20,   45,   45,    0,    0,    0,    0,    0,    0,    0,    0,    0, -999,  27.31,  27.38,  27.37,  27.36,  27.21,  27.38,  27.38,  27.12,  27.03,  27.09,  27.04,  27.05,  27.16,  27.19,  27.09,  26.54,  26.58,  26.60,  26.71,  26.43,  26.39,  26.31,  26.60,  27.12,  27.08,  26.93,  26.83,  26.80,  27.00,  27.22,  27.36
20070830, 1200,  , TS, 19.2N, 113.1W,  40, 1001,   20,   45,   45,    0,    0,    0,    0,    0,    0,    0,    0,    0, -999,  27.17,  27.28,  27.32,  27.35,  27.51,  27.56,  27.54,  27.26,  27.26,  27.42,  27.30,  27.21,  27.28,  27.28,  27.23,  26.18,  26.18,  26.22,  26.36,  26.05,  26.59,  26.98,  27.31,  27.44,  27.37,  27.23,  27.14,  27.42,  27.49,  27.25,  27.69
20070830, 1800,  , TS, 19.2N, 114.0W,  40, 1002,   20,   45,   45,    0,    0,    0,    0,    0,    0,    0,    0,    0, -999,  27.60,  27.64,  27.71,  27.76,  28.09,  28.02,  27.87,  27.63,  27.74,  27.74,  27.63,  27.54,  27.69,  27.67,  27.61,  26.37,  26.34,  26.40,  26.73,  26.50,  26.87,  27.20,  27.45,  27.56,  27.55,  27.49,  27.49,  27.62,  27.63,  27.61,  27.69
20070831, 0000,  , TS, 19.1N, 114.9W,  40, 1002,   20,   45,   45,    0,    0,    0,    0,    0,    0,    0,    0,    0, -999,  27.07,  27.06,  26.97,  27.11,  27.20,  27.22,  27.03,  27.27,  27.14,  27.21,  27.49,  27.66,  27.64,  27.31,  26.61,  26.33,  26.33,  26.89,  27.07,  27.04,  27.11,  27.54,  27.80,  27.89,  27.58,  27.53,  27.56,  27.52,  27.53,  27.66,  28.09
20070831, 0600,  , TS, 19.0N, 115.9W,  35, 1003,   20,   45,   45,    0,    0,    0,    0,    0,    0,    0,    0,    0, -999,  26.18,  26.07,  26.01,  25.60,  25.93,  26.13,  26.05,  26.28,  26.01,  25.97,  26.02,  26.09,  25.99,  25.64,  24.75,  24.52,  24.91,  25.48,  25.53,  25.63,  25.57,  26.31,  26.64,  26.79,  26.67,  26.53,  26.69,  26.74,  26.69,  26.94,  27.42
20070831, 1200,  , TS, 18.8N, 116.9W,  35, 1004,   30,   25,   45,   30,    0,    0,    0,    0,    0,    0,    0,    0, -999,  26.56,  26.34,  26.09,  26.50,  26.67,  26.64,  26.78,  26.83,  26.70,  26.80,  26.92,  27.05,  26.96,  26.91,  26.35,  25.73,  26.08,  26.15,  26.22,  26.33,  26.30,  26.71,  26.79,  26.75,  26.59,  26.33,  26.27,  26.28,  26.41,  26.48,  26.77
20070831, 1800,  , TS, 18.7N, 117.8W,  35, 1005,   30,   25,   45,   30,    0,    0,    0,    0,    0,    0,    0,    0, -999,  27.02,  26.75,  26.49,  26.93,  26.77,  26.48,  26.43,  26.29,  26.12,  26.13,  26.14,  26.23,  26.24,  26.04,  25.85,  25.16,  25.71,  26.08,  26.34,  26.41,  26.43,  26.77,  26.78,  26.89,  26.92,  26.63,  26.48,  26.42,  26.45,  26.56,  27.01
20070901, 0000,  , TD, 18.6N, 118.6W,  30, 1005,    0,    0,    0,    0,    0,    0,    0,    0,    0,    0,    0,    0, -999,  27.46,  27.25,  27.23,  27.57,  27.58,  27.56,  27.30,  27.17,  27.40,  27.53,  27.45,  27.47,  27.07,  26.77,  26.25,  26.36,  26.41,  26.55,  26.59,  26.63,  26.71,  26.60,  26.75,  26.82,  26.67,  26.45,  26.32,  26.15,  26.46,  26.86,  27.14
20070901, 0600,  , TD, 18.6N, 119.5W,  30, 1005,    0,    0,    0,    0,    0,    0,    0,    0,    0,    0,    0,    0, -999,  26.89,  26.85,  26.84,  27.36,  27.37,  27.19,  26.94,  26.98,  27.23,  27.59,  27.68,  27.35,  27.30,  27.14,  26.93,  26.66,  26.66,  26.84,  26.82,  26.95,  27.20,  27.14,  27.06,  27.08,  26.99,  26.46,  26.29,  26.24,  26.72,  26.66,  26.89
20070901, 1200,  , TD, 18.8N, 120.3W,  25, 1005,    0,    0,    0,    0,    0,    0,    0,    0,    0,    0,    0,    0, -999,  26.91,  26.97,  26.86,  26.85,  26.73,  26.81,  26.66,  26.82,  26.91,  27.11,  27.19,  26.65,  26.40,  26.39,  26.15,  25.74,  25.96,  26.30,  26.16,  26.25,  26.42,  26.45,  26.22,  26.14,  26.19,  26.04,  26.09,  26.17,  26.50,  26.59,  26.63
20070901, 1800,  , TD, 19.0N, 121.2W,  25, 1005,    0,    0,    0,    0,    0,    0,    0,    0,    0,    0,    0,    0, -999,  26.72,  26.56,  26.59,  26.66,  26.76,  27.27,  26.98,  26.98,  27.22,  27.35,  27.54,  27.29,  26.88,  26.78,  26.57,  25.94,  26.07,  26.24,  26.19,  26.16,  26.05,  26.06,  25.90,  25.74,  25.91,  25.78,  25.78,  25.87,  25.77,  25.99,  26.12
20070902, 0000,  , TD, 19.2N, 122.1W,  25, 1005,    0,    0,    0,    0,    0,    0,    0,    0,    0,    0,    0,    0, -999,  27.23,  26.98,  27.44,  27.52,  27.92,  27.38,  27.50,  27.56,  27.58,  27.71,  27.57,  26.91,  26.80,  26.69,  26.35,  26.50,  26.45,  26.44,  26.20,  26.31,  26.54,  26.45,  26.26,  26.24,  26.13,  26.18,  26.20,  26.18,  26.22,  26.17,  26.10
20070902, 0600,  , TD, 19.4N, 122.9W,  25, 1005,    0,    0,    0,    0,    0,    0,    0,    0,    0,    0,    0,    0, -999,  25.44,  25.21,  25.71,  25.95,  26.85,  26.57,  26.35,  26.47,  26.56,  26.66,  26.31,  25.86,  25.48,  25.31,  25.25,  25.56,  25.66,  25.33,  24.92,  25.43,  25.83,  25.80,  25.54,  25.33,  25.38,  25.57,  25.64,  25.73,  25.62,  25.55,  25.52
20070902, 1200,  , TD, 19.6N, 123.7W,  25, 1006,    0,    0,    0,    0,    0,    0,    0,    0,    0,    0,    0,    0, -999,  25.13,  24.86,  24.97,  25.48,  27.06,  27.48,  26.46,  26.00,  25.83,  25.71,  25.16,  24.97,  24.79,  24.67,  24.29,  24.52,  24.74,  24.63,  24.46,  24.83,  24.80,  24.82,  24.71,  24.54,  24.47,  24.54,  24.64,  24.79,  24.75,  24.76,  24.85
20070902, 1800,  , LO, 20.0N, 123.9W,  20, 1007,    0,    0,    0,    0,    0,    0,    0,    0,    0,    0,    0,    0, -999,  24.76,  24.71,  24.69,  25.03,  26.46,  27.10,  26.38,  25.91,  25.67,  25.61,  25.09,  25.10,  25.11,  24.99,  24.53,  24.21,  24.43,  24.40,  24.37,  24.74,  24.65,  24.52,  24.40,  24.24,  24.19,  24.26,  24.49,  24.63,  24.64,  24.68,  24.75
20070903, 0000,  , LO, 20.3N, 124.2W,  20, 1008,    0,    0,    0,    0,    0,    0,    0,    0,    0,    0,    0,    0, -999,  24.34,  24.23,  24.43,  25.31,  25.85,  25.88,  25.67,  25.53,  25.52,  24.90,  24.90,  24.95,  24.74,  24.30,  23.20,  23.35,  23.02,  23.10,  23.53,  23.96,  23.99,  23.92,  23.82,  23.78,  23.80,  24.03,  24.04,  24.15,  24.24,  24.26,  24.24
