EP112023,               JOVA,     39,
20230904, 1200,  , LO, 12.2N, 102.8W,  30, 1007,    0,    0,    0,    0,    0,    0,    0,    0,    0,    0,    0,    0,   50,  30.55,  29.90,  29.87,  29.87,  29.40,  29.55,  29.46,  29.73,  29.63,  30.13,  30.85,  30.89,  30.96,  30.49,  30.43,  30.64,  29.58,  29.24,  29.48,  30.39,  31.34,  30.21,  30.15,  29.89,  30.56,  30.92,  30.10,  29.66,  29.50,  29.37,  30.23
20230904, 1800,  , TD, 12.3N, 103.8W,  30, 1007,    0,    0,    0,    0,    0,    0,    0,    0,    0,    0,    0,    0,   50,  30.01,  29.39,  29.64,  29.39,  29.31,  29.41,  29.64,  29.95,  29.58,  29.81,  30.54,  30.48,  30.60,  30.34,  30.21,  29.98,  29.58,  29.51,  29.45,  30.19,  31.01,  30.14,  30.25,  29.78,  30.06,  30.54,  30.13,  29.91,  29.86,  29.69,  30.18
20230905, 0000,  , TD, 12.4N, 104.9W,  30, 1006,    0,    0,    0,    0,    0,    0,    0,    0,    0,    0,    0,    0,   50,  29.70,  29.88,  30.72,  29.33,  29.10,  28.97,  29.15,  29.18,  29.85,  30.10,  30.13,  30.98,  30.57,  30.30,  30.24,  29.76,  29.14,  28.92,  30.55,  30.85,  30.46,  30.16,  29.87,  30.76,  31.21,  30.71,  30.74,  29.98,  29.62,  30.60,  30.00
20230905, 0600,  , TS, 12.4N, 105.9W,  35, 1004,   50,    0,    0,    0,    0,    0,    0,    0,    0,    0,    0,    0,   40,  30.14,  29.70,  29.72,  29.75,  29.15,  28.84,  29.65,  29.62,  30.39,  29.82,  29.54,  29.80,  29.96,  29.92,  29.89,  29.65,  28.44,  27.75,  28.54,  30.15,  30.02,  29.69,  29.60,  29.22,  29.73,  30.27,  29.68,  29.34,  29.23,  30.64,  30.03
20230905, 1200,  , TS, 12.5N, 106.7W,  45, 1001,   50,   40,    0,    0,    0,    0,    0,    0,    0,    0,    0,    0,   30,  30.04,  29.88,  30.49,  30.28,  28.94,  28.59,  29.36,  29.54,  29.83,  30.52,  29.34,  29.42,  29.43,  29.68,  30.27,  30.13,  28.18,  27.57,  28.35,  29.40,  29.67,  29.79,  29.71,  29.04,  29.78,  30.39,  29.59,  29.41,  28.66,  30.54,  29.86
20230905, 1800,  , TS, 12.7N, 107.5W,  50,  998,   40,   50,   30,   20,    0,   20,    0,    0,    0,    0,    0,    0,   20,  29.77,  30.12,  30.12,  29.97,  29.32,  28.99,  29.77,  29.63,  29.38,  31.05,  29.16,  29.11,  29.70,  30.04,  30.48,  30.10,  28.49,  26.49,  27.77,  28.61,  28.77,  29.60,  28.94,  28.75,  29.35,  30.31,  29.88,  29.80,  28.74,  30.23,  30.49
20230906, 0000,  , TS, 13.0N, 108.2W,  60,  993,   40,   60,   40,   30,   20,   20,   20,    0,    0,    0,    0,    0,   20,  29.83,  30.35,  30.39,  29.55,  29.07,  29.43,  29.25,  29.06,  30.33,  29.05,  29.02,  29.46,  30.00,  30.11,  30.12,  28.74,  26.80,  27.50,  28.73,  28.27,  28.96,  29.33,  28.92,  29.20,  30.69,  30.41,  29.30,  28.35,  29.38,  30.10,  29.23
20230906, 0600,  , HU, 13.3N, 109.0W,  75,  981,   60,   70,   50,   60,   20,   20,   20,   20,   10,   10,    0,    0,   10,  29.06,  30.51,  30.51,  29.49,  29.00,  29.21,  29.06,  28.97,  29.63,  30.82,  30.02,  29.78,  30.27,  30.02,  30.06,  28.37,  27.57,  27.68,  29.98,  28.74,  29.61,  29.84,  29.21,  29.08,  30.93,  30.41,  29.31,  29.08,  29.00,  31.41,  29.48
20230906, 1200,  , HU, 13.9N, 110.0W,  90,  972,   80,   80,   60,   60,   30,   30,   20,   20,   10,   10,    0,    0,   10,  28.64,  29.76,  30.30,  29.16,  28.88,  29.00,  29.34,  29.35,  29.41,  30.43,  30.49,  29.66,  30.43,  30.31,  30.97,  28.55,  27.91,  27.63,  29.99,  28.91,  29.14,  29.38,  29.19,  29.01,  30.67,  30.32,  29.31,  28.77,  29.12,  31.43,  29.78
20230906, 1800,  , HU, 14.6N, 111.1W, 115,  953,  100,  100,   70,   60,   50,   40,   20,   20,   20,   20,   10,   10,   10,  28.82,  29.14,  28.94,  28.91,  28.79,  28.71,  29.42,  29.42,  29.26,  29.74,  30.46,  30.03,  30.97,  30.16,  30.06,  28.91,  28.04,  27.98,  29.00,  29.09,  29.31,  29.43,  29.34,  29.15,  30.34,  30.66,  29.39,  28.87,  29.16,  31.42,  29.69
20230907, 0000,  , HU, 15.3N, 112.4W, 140,  926,  100,  100,   80,   70,   50,   40,   20,   30,   25,   20,   10,   15,   10,  29.37,  29.03,  28.62,  28.13,  28.27,  28.71,  28.94,  28.96,  29.35,  30.20,  29.93,  30.07,  29.69,  29.34,  28.85,  27.88,  27.09,  27.51,  28.92,  28.83,  28.78,  28.76,  28.87,  29.37,  29.64,  29.32,  28.94,  29.12,  30.44,  29.45,  28.84
20230907, 0600,  , HU, 16.1N, 113.7W, 140,  926,  100,  100,   90,   90,   50,   40,   30,   30,   25,   20,   10,   15,   10,  28.84,  28.76,  28.70,  28.23,  27.98,  27.88,  28.96,  28.55,  28.76,  29.10,  29.60,  29.58,  28.95,  28.88,  28.83,  28.12,  26.26,  25.97,  28.43,  27.81,  28.22,  27.90,  28.23,  28.66,  29.29,  29.05,  28.64,  28.37,  29.94,  29.70,  28.83
20230907, 1200,  , HU, 16.8N, 115.0W, 135,  932,  100,  100,   90,   90,   50,   40,   30,   30,   25,   20,   10,   15,   10,  29.04,  28.80,  28.71,  28.31,  27.94,  27.81,  29.51,  28.91,  28.77,  29.42,  28.34,  28.63,  28.67,  28.48,  28.42,  28.16,  25.67,  25.84,  27.69,  27.42,  28.09,  27.70,  27.78,  28.21,  28.76,  28.56,  28.37,  27.96,  28.91,  28.89,  29.00
20230907, 1800,  , HU, 17.4N, 116.6W, 125,  941,  100,  100,   90,   90,   50,   40,   30,   30,   25,   20,   10,   15,   10,  28.30,  28.27,  28.24,  28.24,  27.93,  27.70,  29.42,  28.42,  28.56,  29.26,  28.46,  29.00,  28.72,  28.46,  28.32,  28.13,  26.84,  26.53,  27.74,  27.49,  27.74,  27.53,  27.46,  27.51,  27.98,  28.01,  27.85,  27.78,  27.93,  28.40,  28.82
20230908, 0000,  , HU, 18.0N, 117.9W, 115,  947,  120,  110,   90,  120,   50,   40,   30,   40,   20,   20,   15,   20,   10,  27.42,  27.46,  27.34,  27.23,  27.21,  28.68,  27.80,  27.65,  27.92,  27.97,  28.02,  27.62,  27.51,  27.33,  27.20,  26.35,  26.00,  27.53,  26.22,  27.02,  27.30,  27.03,  27.15,  27.26,  27.37,  27.20,  27.00,  26.79,  27.01,  27.41,  27.32
20230908, 0600,  , HU, 18.8N, 119.1W, 100,  959,  120,  110,   90,  120,   50,   40,   30,   40,   20,   20,   15,   20,   10,  26.20,  26.34,  26.31,  26.30,  26.20,  27.29,  26.74,  26.81,  26.84,  26.99,  27.13,  27.06,  26.94,  26.81,  26.65,  26.13,  25.39,  26.32,  26.74,  26.89,  27.21,  27.17,  26.94,  27.03,  26.80,  26.63,  26.15,  25.86,  26.04,  26.52,  26.46
20230908, 1200,  , HU, 19.5N, 120.6W,  85,  972,  110,  100,   90,  110,   50,   40,   30,   40,   20,   20,   10,   20,   10,  25.95,  25.96,  25.90,  25.81,  25.41,  26.10,  26.55,  26.32,  26.60,  26.53,  26.32,  26.33,  26.28,  26.21,  25.77,  25.50,  24.22,  24.95,  26.18,  26.03,  26.13,  26.22,  25.94,  25.73,  25.42,  25.13,  24.80,  24.64,  24.73,  25.39,  25.48
20230908, 1800,  , HU, 20.1N, 121.9W,  75,  980,  110,  100,   80,  100,   50,   40,   30,   40,   20,   15,   10,   15,   10,  25.88,  25.88,  25.74,  25.74,  25.53,  25.67,  26.84,  25.77,  26.12,  26.29,  26.35,  25.71,  25.66,  25.74,  25.50,  25.39,  24.36,  25.36,  26.96,  26.49,  26.19,  26.22,  26.45,  26.27,  25.52,  25.63,  25.47,  25.03,  24.96,  25.00,  25.39
20230909, 0000,  , HU, 20.7N, 123.2W,  70,  984,  100,   90,   70,   90,   50,   40,   30,   40,   20,    0,    0,   20,   20,  23.97,  23.90,  24.05,  24.06,  24.20,  25.28,  24.79,  25.04,  25.06,  24.79,  24.72,  24.89,  24.62,  24.42,  24.33,  23.86,  24.14,  26.05,  25.74,  25.45,  25.50,  25.55,  25.21,  24.90,  24.88,  24.73,  24.75,  24.57,  24.68,  25.28,  25.34
20230909, 0600,  , TS, 21.2N, 124.2W,  60,  986,  100,   90,   70,   90,   50,   40,   30,   40,    0,    0,    0,    0,   30,  23.25,  23.23,  23.44,  23.44,  23.47,  24.06,  24.14,  24.25,  24.19,  24.22,  24.09,  24.09,  24.03,  23.97,  23.90,  23.70,  23.62,  25.72,  25.91,  24.75,  24.62,  24.82,  24.76,  24.03,  24.21,  24.32,  24.10,  23.86,  23.86,  24.01,  24.48
20230909, 1200,  , TS, 22.0N, 125.2W,  55,  992,   90,   80,   60,   80,   40,   30,   20,   30,    0,    0,    0,    0,   20,  23.72,  23.72,  23.87,  23.74,  23.70,  23.78,  23.93,  24.01,  23.89,  24.13,  23.93,  23.74,  23.81,  23.87,  23.86,  23.68,  23.73,  24.25,  25.81,  24.75,  24.09,  23.88,  23.81,  23.37,  23.69,  23.83,  23.58,  23.40,  23.52,  23.49,  24.47
20230909, 1800,  , TS, 22.6N, 125.8W,  45,  999,   80,   60,   50,   70,    0,    0,    0,    0,    0,    0,    0,    0,   20,  23.54,  23.44,  23.45,  23.40,  23.36,  23.44,  23.54,  23.59,  23.54,  23.84,  23.86,  23.67,  23.77,  23.60,  23.65,  23.56,  23.42,  23.68,  24.64,  24.26,  23.92,  23.67,  23.47,  23.27,  23.43,  23.73,  23.64,  23.59,  23.68,  23.67,  24.27
20230910, 0000,  , TS, 23.3N, 126.2W,  45,  999,   80,   60,   50,   70,    0,    0,    0,    0,    0,    0,    0,    0,   20,  23.29,  23.36,  23.31,  23.19,  23.30,  23.39,  23.08,  22.93,  23.16,  23.16,  23.16,  23.15,  23.07,  23.02,  23.13,  23.14,  23.09,  23.83,  23.94,  23.70,  23.69,  23.59,  23.33,  23.34,  23.46,  23.58,  23.75,  23.62,  23.49,  23.76,  23.59
20230910, 0600,  , LO, 23.8N, 126.6W,  40, 1001,   70,   50,   40,   60,    0,    0,    0,    0,    0,    0,    0,    0,   20,  23.28,  23.25,  23.07,  23.11,  23.00,  23.12,  22.84,  22.79,  23.15,  22.99,  23.13,  23.07,  23.09,  22.93,  22.91,  22.57,  22.53,  22.95,  23.38,  23.17,  23.02,  22.82,  22.55,  22.75,  22.79,  22.92,  23.17,  23.09,  22.99,  23.28,  23.36
20230910, 1200,  , LO, 24.2N, 127.0W,  35, 1004,   70,   40,   20,   50,    0,    0,    0,    0,    0,    0,    0,    0,   20,  22.23,  22.08,  21.89,  21.99,  22.02,  22.07,  21.92,  22.05,  22.70,  22.53,  22.57,  22.40,  22.31,  22.47,  22.47,  22.30,  22.36,  22.51,  22.91,  22.81,  22.57,  22.47,  22.37,  22.55,  22.54,  22.64,  23.02,  22.76,  22.50,  22.61,  22.83
20230910, 1800,  , LO, 24.5N, 127.4W,  30, 1005,    0,    0,    0,    0,    0,    0,    0,    0,    0,    0,    0,    0,   20,  21.92,  21.73,  21.66,  21.69,  21.77,  21.75,  21.70,  21.95,  22.55,  22.67,  22.55,  22.36,  22.12,  22.19,  22.26,  22.06,  22.18,  22.15,  22.44,  22.42,  22.21,  22.12,  22.19,  22.41,  22.46,  22.42,  22.75,  22.46,  22.37,  22.39,  22.73
20230911, 0000,  , LO, 24.7N, 127.7W,  30, 1006,    0,    0,    0,    0,    0,    0,    0,    0,    0,    0,    0,    0,   20,  21.84,  21.73,  21.78,  21.88,  21.78,  21.78,  22.04,  22.46,  22.87,  22.63,  22.45,  22.12,  22.27,  22.40,  22.24,  22.24,  22.08,  22.21,  22.29,  22.18,  22.06,  22.05,  22.20,  22.27,  22.31,  22.88,  22.56,  22.48,  22.46,  23.07,  22.76
20230911, 0600,  , LO, 24.8N, 128.2W,  30, 1007,    0,    0,    0,    0,    0,    0,    0,    0,    0,    0,    0,    0,   20,  21.76,  21.67,  21.80,  21.91,  21.82,  21.82,  22.08,  22.58,  22.93,  22.68,  22.46,  22.14,  22.24,  22.42,  22.22,  22.15,  21.99,  22.08,  22.18,  22.16,  22.17,  22.24,  22.43,  22.43,  22.41,  22.82,  22.71,  22.59,  22.56,  23.69,  22.80
20230911, 1200,  , LO, 24.7N, 128.6W,  30, 1008,    0,    0,    0,    0,    0,    0,    0,    0,    0,    0,    0,    0,   20,  21.86,  21.66,  21.69,  21.81,  21.82,  21.80,  22.10,  22.82,  23.01,  22.70,  22.42,  22.26,  22.25,  22.44,  22.22,  22.16,  22.29,  22.35,  22.39,  22.42,  22.42,  22.50,  22.68,  22.69,  22.66,  22.89,  22.74,  22.70,  22.69,  23.17,  23.00
20230911, 1800,  , LO, 24.6N, 129.0W,  25, 1009,    0,    0,    0,    0,    0,    0,    0,    0,    0,    0,    0,    0,   20,  22.07,  21.92,  21.82,  21.88,  21.97,  21.93,  22.25,  23.00,  22.97,  22.84,  22.53,  22.57,  22.45,  22.49,  22.34,  22.43,  22.35,  22.22,  22.17,  22.27,  22.31,  22.44,  22.61,  22.70,  22.71,  22.90,  22.69,  22.75,  22.76,  23.05,  23.23
20230912, 0000,  , LO, 24.4N, 129.5W,  25, 1010,    0,    0,    0,    0,    0,    0,    0,    0,    0,    0,    0,    0,   20,  22.10,  21.98,  22.05,  22.18,  22.18,  22.47,  23.58,  23.14,  23.09,  22.94,  22.87,  22.86,  22.82,  22.75,  22.73,  22.50,  22.13,  22.13,  22.42,  22.53,  22.66,  22.69,  22.81,  22.83,  22.99,  22.92,  22.92,  22.90,  23.06,  23.39,  23.12
20230912, 0600,  , LO, 23.9N, 130.5W,  25, 1011,    0,    0,    0,    0,    0,    0,    0,    0,    0,    0,    0,    0,   20,  22.21,  22.07,  22.15,  22.18,  22.18,  22.37,  23.39,  23.13,  22.96,  23.04,  22.73,  22.82,  22.93,  22.89,  22.50,  22.42,  22.53,  22.36,  22.51,  22.59,  22.75,  22.79,  22.89,  22.92,  23.06,  22.90,  22.91,  22.95,  23.07,  23.99,  23.20
20230912, 1200,  , LO, 23.3N, 131.4W,  25, 1011,    0,    0,    0,    0,    0,    0,    0,    0,    0,    0,    0,    0,   20,  22.39,  22.29,  22.36,  22.32,  22.38,  22.50,  23.23,  23.31,  23.06,  23.15,  22.95,  23.04,  23.16,  23.14,  22.80,  22.81,  23.00,  22.68,  22.81,  22.97,  23.07,  22.96,  22.95,  22.98,  23.10,  23.11,  23.00,  22.92,  23.10,  23.82,  23.28
20230912, 1800,  , LO, 22.7N, 132.5W,  20, 1012,    0,    0,    0,    0,    0,    0,    0,    0,    0,    0,    0,    0,   20,  22.54,  22.47,  22.49,  22.54,  22.50,  22.64,  23.14,  23.31,  23.07,  23.09,  23.07,  23.15,  23.23,  23.27,  23.22,  23.05,  22.88,  22.75,  22.89,  23.08,  23.10,  23.11,  23.00,  23.04,  23.18,  23.25,  23.26,  23.26,  23.38,  23.63,  23.54
20230913, 0000,  , LO, 22.4N, 133.8W,  20, 1012,    0,    0,    0,    0,    0,    0,    0,    0,    0,    0,    0,    0,   20,  22.84,  22.71,  22.78,  22.79,  23.01,  23.01,  23.34,  23.19,  22.88,  23.19,  23.41,  23.56,  23.56,  23.54,  23.35,  23.30,  23.34,  23.23,  23.32,  23.27,  23.39,  23.30,  23.36,  23.46,  23.55,  23.50,  23.49,  23.67,  23.75,  23.64,  23.39
20230913, 0600,  , LO, 22.3N, 135.1W,  20, 1012,    0,    0,    0,    0,    0,    0,    0,    0,    0,    0,    0,    0,   20,  22.97,  22.93,  22.95,  22.98,  22.89,  23.06,  23.26,  23.16,  22.89,  23.06,  23.32,  23.54,  23.51,  23.67,  23.50,  23.34,  23.32,  23.16,  23.27,  23.30,  23.44,  23.29,  23.38,  23.40,  23.53,  23.57,  23.65,  23.71,  23.76,  23.73,  23.70
20230913, 1200,  , LO, 22.1N, 136.7W,  20, 1012,    0,    0,    0,    0,    0,    0,    0,    0,    0,    0,    0,    0,   20,  23.15,  23.02,  23.16,  23.18,  23.30,  23.41,  23.56,  23.59,  23.29,  23.57,  23.88,  24.04,  23.94,  24.01,  24.00,  23.94,  23.72,  23.76,  23.76,  23.71,  23.69,  23.73,  23.77,  23.73,  23.73,  23.76,  23.81,  23.86,  24.00,  23.80,  23.73
20230913, 1800,  , LO, 21.8N, 138.6W,  20, 1012,    0,    0,    0,    0,    0,    0,    0,    0,    0,    0,    0,    0,   20,  23.64,  23.46,  23.40,  23.36,  23.55,  23.83,  23.73,  23.84,  23.60,  23.72,  23.95,  24.16,  24.24,  23.88,  24.29,  24.26,  24.14,  23.87,  23.84,  23.71,  23.77,  23.93,  23.93,  23.98,  24.01,  23.98,  24.08,  24.16,  24.22,  24.10,  23.96
20230914, 0000,  , LO, 20.9N, 140.0W,  20, 1013,    0,    0,    0,    0,    0,    0,    0,    0,    0,    0,    0,    0,   20,  23.56,  23.49,  23.50,  23.30,  23.55,  23.36,  23.49,  23.70,  23.83,  24.02,  24.14,  24.16,  24.39,  24.31,  24.66,  24.58,  24.19,  24.00,  24.19,  24.15,  24.21,  24.19,  24.09,  24.12,  24.17,  24.22,  24.44,  24.34,  24.24,  24.24,  24.31
