EP111984,              KENNA,     21,
19840816, 1800,  , TD, 12.4N, 134.3W,  30, -999, -999, -999, -999, -999, -999, -999, -999, -999, -999, -999, -999, -999, -999,  28.59,  28.71,  27.96,  27.73,  27.49,  27.44,  28.32,  28.53,  28.56,  27.90,  27.76,  27.41,  27.39,  27.25,  27.02,  27.37,  27.00,  26.77,  26.75,  27.02,  27.19,  27.28,  27.30,  27.30,  27.23,  27.28,  27.29,  27.68,  27.96,  27.92,  27.70
19840817, 0000,  , TS, 12.5N, 135.1W,  35, -999, -999, -999, -999, -999, -999, -999, -999, -999, -999, -999, -999, -999, -999,  28.57,  27.81,  27.50,  27.11,  27.17,  28.13,  28.52,  28.54,  27.86,  27.67,  27.77,  27.88,  27.57,  27.35,  27.43,  27.23,  27.14,  27.12,  27.01,  27.16,  27.20,  27.06,  26.33,  26.32,  26.91,  27.13,  27.56,  27.83,  27.75,  27.42,  27.05
19840817, 0600,  , TS, 12.5N, 136.0W,  35, -999, -999, -999, -999, -999, -999, -999, -999, -999, -999, -999, -999, -999, -999,  28.69,  28.27,  28.06,  27.52,  27.43,  28.02,  28.25,  28.32,  28.03,  27.92,  27.75,  27.61,  27.23,  27.11,  27.21,  27.07,  26.79,  26.80,  26.74,  27.09,  27.04,  26.94,  26.37,  26.29,  27.01,  27.38,  28.12,  28.08,  27.96,  27.72,  27.41
19840817, 1200,  , TS, 12.5N, 136.8W,  35, -999, -999, -999, -999, -999, -999, -999, -999, -999, -999, -999, -999, -999, -999,  28.51,  28.22,  28.02,  27.46,  27.45,  27.84,  27.77,  27.76,  27.74,  27.49,  27.61,  27.63,  27.54,  27.50,  27.53,  27.05,  26.61,  26.58,  26.99,  27.35,  27.32,  27.32,  27.18,  27.17,  27.27,  27.30,  27.61,  27.61,  27.88,  27.74,  27.49
19840817, 1800,  , TS, 12.5N, 137.8W,  40, -999, -999, -999, -999, -999, -999, -999, -999, -999, -999, -999, -999, -999, -999,  27.53,  27.76,  27.58,  27.23,  27.30,  27.55,  27.34,  27.17,  27.09,  27.04,  27.57,  27.74,  27.79,  27.82,  27.82,  27.32,  26.81,  26.73,  26.89,  27.51,  27.60,  27.60,  27.58,  27.59,  26.67,  26.40,  26.51,  27.23,  27.67,  27.58,  27.43
19840818, 0000,  , TS, 12.6N, 138.8W,  40, -999, -999, -999, -999, -999, -999, -999, -999, -999, -999, -999, -999, -999, -999,  27.47,  27.09,  26.68,  26.66,  26.89,  26.89,  26.79,  26.64,  26.52,  26.84,  27.35,  27.44,  27.43,  27.43,  27.21,  26.70,  26.57,  26.05,  26.66,  27.02,  27.07,  27.09,  26.51,  26.11,  25.85,  25.94,  27.17,  27.46,  26.96,  27.16,  27.24
19840818, 0600,  , TS, 12.6N, 139.6W,  40, -999, -999, -999, -999, -999, -999, -999, -999, -999, -999, -999, -999, -999, -999,  27.71,  27.39,  27.17,  27.06,  27.31,  27.20,  26.96,  26.69,  26.66,  26.68,  27.11,  27.12,  27.13,  27.47,  27.50,  27.23,  27.08,  26.22,  26.43,  26.98,  27.12,  26.75,  26.55,  26.50,  25.64,  25.37,  26.67,  27.19,  26.88,  27.31,  27.43
19840818, 1200,  , TS, 12.4N, 141.0W,  45, -999, -999, -999, -999, -999, -999, -999, -999, -999, -999, -999, -999, -999, -999,  27.66,  28.07,  28.21,  28.21,  27.86,  27.78,  27.35,  27.17,  27.20,  27.22,  27.51,  27.53,  27.50,  27.32,  27.13,  26.24,  26.60,  26.60,  27.37,  27.51,  27.33,  26.42,  26.32,  26.38,  25.85,  26.14,  27.21,  27.51,  27.34,  27.24,  27.31
19840818, 1800,  , TS, 12.2N, 142.2W,  50, -999, -999, -999, -999, -999, -999, -999, -999, -999, -999, -999, -999, -999, -999,  27.59,  27.97,  28.04,  27.84,  27.45,  27.39,  27.44,  27.45,  27.47,  27.99,  28.00,  27.57,  27.31,  26.94,  26.73,  26.63,  26.79,  26.86,  27.12,  27.09,  27.03,  26.30,  26.15,  26.17,  26.23,  26.62,  27.10,  27.41,  27.89,  27.88,  27.55
19840819, 0000,  , TS, 12.0N, 143.2W,  45, -999, -999, -999, -999, -999, -999, -999, -999, -999, -999, -999, -999, -999, -999,  27.58,  27.57,  26.69,  26.72,  27.02,  27.19,  27.13,  27.21,  27.77,  27.82,  27.37,  27.28,  27.22,  26.99,  26.98,  27.04,  26.98,  26.92,  27.24,  27.30,  27.32,  27.12,  26.83,  26.81,  27.43,  27.58,  27.71,  28.12,  28.10,  27.76,  28.17
19840819, 0600,  , TS, 12.0N, 144.0W,  45, -999, -999, -999, -999, -999, -999, -999, -999, -999, -999, -999, -999, -999, -999,  27.29,  27.32,  26.52,  26.67,  27.04,  27.22,  27.24,  27.24,  27.71,  27.72,  27.42,  27.31,  27.23,  26.97,  26.96,  27.03,  27.06,  27.03,  27.37,  27.36,  27.39,  26.93,  26.43,  26.28,  26.97,  27.12,  27.40,  27.84,  27.95,  27.69,  28.22
19840819, 1200,  , TS, 12.1N, 144.8W,  45, -999, -999, -999, -999, -999, -999, -999, -999, -999, -999, -999, -999, -999, -999,  26.91,  26.94,  26.71,  26.97,  27.06,  27.12,  27.11,  27.00,  27.52,  27.55,  27.47,  27.35,  27.32,  27.40,  27.41,  27.21,  27.34,  27.39,  27.42,  27.37,  27.34,  27.08,  26.95,  26.64,  26.87,  26.85,  27.33,  27.47,  27.41,  27.23,  27.79
19840819, 1800,  , TS, 12.2N, 145.4W,  45, -999, -999, -999, -999, -999, -999, -999, -999, -999, -999, -999, -999, -999, -999,  26.89,  27.05,  26.87,  26.95,  27.02,  27.12,  27.14,  26.96,  27.33,  27.42,  27.34,  27.29,  27.34,  27.53,  27.56,  27.33,  27.43,  27.43,  27.45,  27.38,  27.35,  27.29,  27.51,  27.34,  27.37,  27.32,  27.75,  27.61,  27.45,  27.47,  27.86
19840820, 0000,  , TS, 12.3N, 146.0W,  45, -999, -999, -999, -999, -999, -999, -999, -999, -999, -999, -999, -999, -999, -999,  27.05,  26.58,  26.50,  26.69,  26.99,  26.96,  26.74,  27.02,  27.23,  27.09,  27.02,  27.12,  27.29,  27.24,  27.15,  27.27,  27.27,  27.26,  27.34,  27.27,  27.46,  27.91,  27.69,  27.61,  27.60,  27.84,  27.51,  27.43,  27.50,  27.69,  27.73
19840820, 0600,  , TS, 12.3N, 146.5W,  45, -999, -999, -999, -999, -999, -999, -999, -999, -999, -999, -999, -999, -999, -999,  26.95,  26.40,  26.36,  26.55,  26.85,  26.75,  26.51,  26.68,  27.16,  27.13,  26.95,  26.96,  27.02,  26.91,  26.85,  26.91,  26.91,  27.08,  26.64,  26.25,  26.57,  27.17,  27.25,  27.24,  27.24,  27.55,  27.35,  27.41,  27.49,  27.46,  27.43
19840820, 1200,  , TS, 12.2N, 147.0W,  45, -999, -999, -999, -999, -999, -999, -999, -999, -999, -999, -999, -999, -999, -999,  26.77,  26.62,  26.33,  26.40,  26.81,  26.68,  26.60,  26.61,  26.69,  26.61,  26.51,  26.53,  26.60,  26.47,  26.44,  26.51,  26.58,  26.64,  25.98,  25.61,  25.82,  26.49,  26.71,  26.75,  26.78,  27.26,  27.32,  27.43,  27.53,  27.53,  27.52
19840820, 1800,  , TS, 12.2N, 147.4W,  35, -999, -999, -999, -999, -999, -999, -999, -999, -999, -999, -999, -999, -999, -999,  26.72,  26.64,  26.29,  26.32,  26.79,  26.76,  26.68,  26.68,  26.74,  26.67,  26.52,  26.53,  26.59,  26.48,  26.46,  26.52,  26.58,  26.65,  25.89,  25.49,  25.63,  26.41,  26.63,  26.65,  26.69,  27.19,  27.22,  27.35,  27.46,  27.44,  27.43
19840821, 0000,  , TS, 12.1N, 147.7W,  35, -999, -999, -999, -999, -999, -999, -999, -999, -999, -999, -999, -999, -999, -999,  26.66,  26.19,  26.23,  26.82,  26.89,  26.72,  26.72,  26.79,  26.84,  26.68,  26.60,  26.68,  26.67,  26.71,  26.76,  26.80,  26.66,  26.04,  25.67,  25.69,  26.37,  26.55,  26.55,  26.61,  27.08,  27.05,  27.25,  27.34,  27.24,  27.19,  27.38
19840821, 0600,  , TD, 12.1N, 147.7W,  30, -999, -999, -999, -999, -999, -999, -999, -999, -999, -999, -999, -999, -999, -999,  26.66,  26.19,  26.23,  26.82,  26.89,  26.72,  26.72,  26.79,  26.84,  26.68,  26.60,  26.68,  26.67,  26.71,  26.76,  26.80,  26.66,  26.04,  25.67,  25.69,  26.37,  26.55,  26.55,  26.61,  27.08,  27.05,  27.25,  27.34,  27.24,  27.19,  27.38
19840821, 1200,  , TD, 12.1N, 147.7W,  30, -999, -999, -999, -999, -999, -999, -999, -999, -999, -999, -999, -999, -999, -999,  26.66,  26.19,  26.23,  26.82,  26.89,  26.72,  26.72,  26.79,  26.84,  26.68,  26.60,  26.68,  26.67,  26.71,  26.76,  26.80,  26.66,  26.04,  25.67,  25.69,  26.37,  26.55,  26.55,  26.61,  27.08,  27.05,  27.25,  27.34,  27.24,  27.19,  27.38
19840821, 1800,  , TD, 12.1N, 147.7W,  25, -999, -999, -999, -999, -999, -999, -999, -999, -999, -999, -999, -999, -999, -999,  26.66,  26.19,  26.23,  26.82,  26.89,  26.72,  26.72,  26.79,  26.84,  26.68,  26.60,  26.68,  26.67,  26.71,  26.76,  26.80,  26.66,  26.04,  25.67,  25.69,  26.37,  26.55,  26.55,  26.61,  27.08,  27.05,  27.25,  27.34,  27.24,  27.19,  27.38
