EP131994,             KRISTY,     30,
19940828, 1800,  , TD, 14.4N, 123.6W,  25, 1010, -999, -999, -999, -999, -999, -999, -999, -999, -999, -999, -999, -999, -999,  27.44,  27.12,  26.96,  26.98,  27.04,  27.26,  27.34,  27.49,  27.92,  28.11,  28.08,  28.39,  28.24,  28.18,  28.13,  27.97,  28.48,  28.53,  28.54,  28.08,  27.83,  27.89,  28.14,  27.98,  27.92,  28.10,  28.10,  27.91,  27.90,  27.83,  27.83
19940829, 0000,  , TD, 14.5N, 125.2W,  25, 1010, -999, -999, -999, -999, -999, -999, -999, -999, -999, -999, -999, -999, -999,  27.66,  27.41,  27.29,  27.31,  27.38,  27.16,  27.12,  27.89,  27.94,  27.93,  28.11,  27.86,  28.07,  28.32,  28.34,  28.46,  28.38,  28.35,  28.40,  28.32,  27.84,  27.79,  27.69,  27.36,  27.35,  27.10,  27.05,  27.53,  27.24,  27.14,  27.17
19940829, 0600,  , TD, 14.8N, 126.7W,  25, 1010, -999, -999, -999, -999, -999, -999, -999, -999, -999, -999, -999, -999, -999,  27.35,  27.39,  27.14,  27.07,  27.09,  27.14,  27.15,  27.94,  28.01,  27.51,  27.64,  27.73,  27.92,  28.14,  28.32,  28.47,  28.28,  28.47,  28.82,  29.04,  28.73,  28.45,  28.35,  28.37,  28.16,  28.02,  27.55,  27.65,  27.30,  27.30,  27.28
19940829, 1200,  , TD, 15.0N, 128.2W,  30, 1009, -999, -999, -999, -999, -999, -999, -999, -999, -999, -999, -999, -999, -999,  27.26,  27.33,  27.36,  27.63,  27.90,  27.95,  27.46,  27.22,  27.95,  28.09,  28.07,  27.96,  28.04,  28.01,  28.02,  28.24,  28.46,  28.82,  28.75,  28.59,  28.72,  28.78,  28.07,  27.99,  27.79,  27.37,  27.43,  27.43,  27.70,  27.86,  27.87
19940829, 1800,  , TD, 15.3N, 129.8W,  30, 1009, -999, -999, -999, -999, -999, -999, -999, -999, -999, -999, -999, -999, -999,  27.05,  26.86,  26.71,  27.29,  27.78,  27.82,  27.44,  27.88,  27.94,  27.62,  27.39,  27.32,  27.31,  28.42,  28.26,  27.98,  27.92,  28.34,  28.32,  28.03,  28.21,  28.26,  27.47,  27.66,  28.67,  28.23,  27.51,  27.39,  27.70,  27.75,  27.61
19940830, 0000,  , TD, 15.7N, 131.7W,  30, 1008, -999, -999, -999, -999, -999, -999, -999, -999, -999, -999, -999, -999, -999,  27.21,  27.20,  27.12,  27.09,  27.26,  27.17,  27.69,  28.11,  27.66,  27.24,  27.00,  26.57,  28.25,  28.50,  28.48,  28.22,  28.23,  28.33,  28.13,  28.05,  27.46,  27.34,  27.45,  27.58,  27.57,  27.12,  27.00,  27.20,  27.42,  27.35,  27.32
19940830, 0600,  , TS, 15.9N, 133.4W,  35, 1007, -999, -999, -999, -999, -999, -999, -999, -999, -999, -999, -999, -999, -999,  26.71,  26.68,  27.31,  27.41,  27.38,  27.07,  26.77,  26.50,  26.58,  26.76,  26.77,  26.79,  27.52,  27.50,  27.71,  28.04,  28.07,  28.38,  28.45,  28.32,  28.22,  27.63,  27.52,  27.67,  27.61,  27.69,  27.36,  27.39,  27.84,  27.49,  27.17
19940830, 1200,  , TS, 16.1N, 135.0W,  35, 1005, -999, -999, -999, -999, -999, -999, -999, -999, -999, -999, -999, -999, -999,  26.51,  26.71,  27.47,  27.55,  27.12,  26.85,  26.94,  27.10,  26.93,  26.93,  26.94,  27.54,  27.29,  27.18,  27.35,  27.43,  27.70,  28.27,  28.38,  27.93,  27.87,  27.59,  27.56,  27.69,  27.43,  27.44,  27.37,  27.15,  27.02,  27.03,  26.60
19940830, 1800,  , TS, 16.1N, 136.6W,  40, 1002, -999, -999, -999, -999, -999, -999, -999, -999, -999, -999, -999, -999, -999,  26.93,  26.87,  28.15,  28.10,  28.09,  26.74,  26.81,  27.26,  27.38,  27.30,  27.22,  27.08,  26.78,  27.02,  27.34,  27.28,  27.44,  27.77,  27.95,  27.93,  27.77,  27.64,  27.69,  28.11,  27.93,  27.81,  27.69,  27.65,  27.59,  27.48,  27.43
19940831, 0000,  , TS, 16.1N, 138.2W,  50,  996, -999, -999, -999, -999, -999, -999, -999, -999, -999, -999, -999, -999, -999,  27.11,  27.47,  27.46,  27.26,  26.26,  26.01,  26.20,  26.65,  26.74,  26.77,  26.65,  26.60,  26.31,  25.95,  25.98,  26.27,  26.74,  27.65,  27.65,  27.32,  27.13,  27.41,  27.69,  27.67,  27.53,  27.52,  27.48,  26.84,  26.67,  26.67,  26.52
19940831, 0600,  , TS, 16.2N, 139.8W,  60,  992, -999, -999, -999, -999, -999, -999, -999, -999, -999, -999, -999, -999, -999,  28.08,  28.28,  27.52,  27.32,  27.03,  26.10,  25.96,  25.94,  26.11,  26.17,  26.20,  26.12,  25.93,  25.84,  25.88,  26.09,  26.79,  26.94,  26.90,  27.06,  27.04,  27.07,  27.18,  27.18,  27.37,  27.37,  27.27,  26.90,  26.80,  26.90,  26.68
19940831, 1200,  , HU, 16.3N, 141.3W,  65, -999, -999, -999, -999, -999, -999, -999, -999, -999, -999, -999, -999, -999, -999,  26.87,  26.74,  26.68,  26.47,  26.24,  25.81,  25.81,  25.78,  25.83,  25.87,  25.92,  25.95,  25.84,  25.81,  25.89,  25.97,  26.55,  26.59,  26.48,  26.58,  26.67,  26.65,  26.93,  26.97,  26.96,  26.86,  26.33,  26.36,  26.39,  26.06,  25.67
19940831, 1800,  , HU, 16.4N, 142.8W,  85, -999, -999, -999, -999, -999, -999, -999, -999, -999, -999, -999, -999, -999, -999,  27.14,  27.34,  27.68,  27.43,  27.27,  26.56,  26.43,  26.46,  26.49,  26.51,  26.28,  26.23,  26.21,  26.65,  26.73,  26.75,  26.84,  26.98,  27.20,  26.94,  26.90,  27.17,  27.92,  27.85,  27.45,  26.66,  26.45,  26.34,  26.34,  25.87,  25.82
19940901, 0000,  , HU, 16.5N, 144.1W,  90, -999, -999, -999, -999, -999, -999, -999, -999, -999, -999, -999, -999, -999, -999,  27.16,  27.45,  27.50,  27.49,  27.38,  27.34,  27.30,  27.26,  27.21,  26.95,  26.94,  26.90,  26.93,  26.85,  26.78,  26.95,  27.06,  27.27,  27.07,  27.11,  27.17,  27.28,  27.15,  27.13,  27.08,  26.85,  26.80,  26.81,  26.43,  26.50,  26.70
19940901, 0600,  , HU, 16.5N, 145.6W,  90, -999, -999, -999, -999, -999, -999, -999, -999, -999, -999, -999, -999, -999, -999,  26.37,  26.54,  26.71,  26.80,  26.82,  26.90,  26.85,  26.70,  26.66,  26.61,  26.64,  26.57,  26.46,  26.43,  26.39,  27.27,  27.35,  27.34,  27.11,  27.14,  27.28,  27.32,  27.22,  27.27,  27.29,  26.67,  26.80,  26.76,  26.40,  26.48,  26.67
19940901, 1200,  , HU, 16.5N, 147.0W,  80, -999, -999, -999, -999, -999, -999, -999, -999, -999, -999, -999, -999, -999, -999,  25.92,  26.20,  26.20,  26.64,  26.71,  26.50,  26.46,  26.38,  26.22,  26.00,  25.96,  26.07,  26.16,  26.11,  26.19,  26.31,  26.73,  26.92,  26.97,  27.02,  27.22,  27.33,  27.19,  27.03,  26.76,  26.63,  26.79,  26.70,  26.13,  26.18,  26.49
19940901, 1800,  , HU, 16.3N, 148.5W,  70, -999, -999, -999, -999, -999, -999, -999, -999, -999, -999, -999, -999, -999, -999,  26.69,  26.73,  26.77,  27.37,  27.47,  27.01,  26.99,  27.27,  27.07,  26.64,  26.53,  26.52,  27.90,  27.63,  26.95,  26.84,  27.26,  27.32,  27.13,  27.03,  27.03,  26.90,  26.70,  26.38,  26.05,  26.31,  26.87,  26.58,  26.46,  26.28,  26.65
19940902, 0000,  , TS, 16.0N, 150.2W,  60, -999, -999, -999, -999, -999, -999, -999, -999, -999, -999, -999, -999, -999, -999,  26.90,  26.97,  27.09,  27.11,  27.01,  27.08,  27.00,  26.94,  26.93,  26.80,  26.75,  28.14,  27.98,  27.44,  27.47,  27.43,  26.90,  26.68,  26.56,  27.25,  27.28,  27.14,  27.10,  26.49,  26.69,  27.30,  27.15,  27.06,  26.42,  26.50,  26.58
19940902, 0600,  , TS, 15.5N, 151.7W,  50, -999, -999, -999, -999, -999, -999, -999, -999, -999, -999, -999, -999, -999, -999,  27.09,  27.09,  27.08,  27.04,  26.61,  26.67,  26.98,  27.20,  27.30,  27.30,  27.30,  27.95,  27.76,  27.23,  27.13,  27.15,  26.91,  26.88,  26.42,  27.17,  27.45,  27.30,  27.39,  27.04,  27.02,  27.15,  27.00,  26.93,  26.84,  26.82,  26.83
19940902, 1200,  , TS, 15.0N, 153.2W,  40, -999, -999, -999, -999, -999, -999, -999, -999, -999, -999, -999, -999, -999, -999,  27.43,  27.55,  27.58,  27.68,  27.35,  26.94,  27.12,  27.02,  26.93,  26.97,  26.99,  27.74,  27.76,  27.65,  27.62,  27.61,  28.18,  28.27,  27.83,  27.68,  27.66,  27.86,  27.30,  27.20,  27.13,  27.18,  27.51,  27.45,  26.94,  26.56,  26.52
19940902, 1800,  , TS, 14.9N, 154.7W,  35, -999, -999, -999, -999, -999, -999, -999, -999, -999, -999, -999, -999, -999, -999,  26.99,  27.97,  27.91,  27.79,  27.65,  27.54,  27.66,  27.66,  27.62,  27.59,  27.52,  27.32,  27.37,  27.55,  27.60,  27.59,  27.54,  27.68,  27.72,  27.73,  27.69,  27.95,  27.52,  26.82,  26.54,  26.59,  27.67,  27.72,  27.52,  27.47,  26.98
19940903, 0000,  , TS, 14.8N, 156.2W,  35, -999, -999, -999, -999, -999, -999, -999, -999, -999, -999, -999, -999, -999, -999,  27.80,  27.90,  27.86,  27.87,  27.01,  26.83,  26.82,  26.83,  26.84,  27.02,  27.00,  27.17,  27.52,  27.64,  27.65,  27.62,  27.66,  27.52,  27.57,  27.77,  27.81,  27.60,  27.39,  27.38,  27.41,  27.95,  27.92,  27.80,  27.75,  27.34,  27.37
19940903, 0600,  , TS, 14.8N, 157.6W,  35, -999, -999, -999, -999, -999, -999, -999, -999, -999, -999, -999, -999, -999, -999,  27.65,  27.55,  27.52,  27.53,  27.13,  26.75,  26.70,  26.73,  26.75,  26.90,  27.01,  27.17,  27.27,  27.40,  27.64,  27.68,  27.27,  27.31,  27.48,  28.05,  28.05,  27.71,  27.59,  27.57,  27.48,  27.93,  27.96,  27.97,  27.87,  27.14,  27.08
19940903, 1200,  , TS, 14.8N, 158.9W,  35, -999, -999, -999, -999, -999, -999, -999, -999, -999, -999, -999, -999, -999, -999,  27.69,  27.82,  27.99,  27.80,  27.65,  27.64,  27.61,  27.58,  27.55,  27.37,  27.36,  27.33,  27.17,  27.21,  27.63,  27.73,  27.22,  27.12,  27.18,  27.80,  27.72,  27.88,  27.85,  27.84,  27.76,  28.01,  27.93,  27.91,  27.38,  26.90,  27.02
19940903, 1800,  , TD, 14.8N, 160.0W,  30, -999, -999, -999, -999, -999, -999, -999, -999, -999, -999, -999, -999, -999, -999,  27.89,  27.96,  27.96,  27.79,  27.67,  27.26,  27.26,  27.30,  27.35,  27.23,  27.37,  27.70,  27.34,  27.16,  27.53,  27.60,  26.95,  26.95,  27.07,  27.71,  27.74,  27.88,  27.66,  27.55,  27.41,  27.80,  27.84,  27.86,  26.89,  26.76,  26.98
19940904, 0000,  , TD, 14.7N, 161.1W,  30, -999, -999, -999, -999, -999, -999, -999, -999, -999, -999, -999, -999, -999, -999,  27.95,  27.96,  27.88,  27.50,  27.04,  27.61,  27.74,  27.74,  27.51,  27.81,  28.09,  27.97,  27.97,  28.33,  28.34,  27.27,  27.19,  27.49,  27.85,  27.67,  27.65,  27.58,  27.34,  27.25,  27.75,  27.76,  27.28,  26.34,  26.32,  26.77,  27.13
19940904, 0600,  , TD, 14.6N, 162.0W,  30, -999, -999, -999, -999, -999, -999, -999, -999, -999, -999, -999, -999, -999, -999,  27.75,  27.87,  27.70,  27.19,  26.95,  27.25,  27.29,  27.31,  27.25,  27.79,  28.14,  28.10,  27.95,  27.67,  27.42,  27.19,  27.26,  27.51,  27.69,  27.70,  27.69,  27.74,  27.66,  27.65,  27.64,  27.64,  26.90,  26.49,  26.41,  26.64,  26.71
19940904, 1200,  , TD, 14.5N, 162.8W,  30, -999, -999, -999, -999, -999, -999, -999, -999, -999, -999, -999, -999, -999, -999,  27.61,  27.73,  27.67,  27.33,  27.24,  27.05,  27.04,  27.04,  27.09,  27.37,  27.27,  27.67,  27.68,  27.21,  27.11,  27.08,  27.16,  27.03,  27.00,  27.15,  27.22,  27.68,  27.75,  27.79,  27.77,  27.76,  27.35,  26.99,  26.90,  27.01,  27.11
19940904, 1800,  , TD, 14.5N, 163.4W,  30, -999, -999, -999, -999, -999, -999, -999, -999, -999, -999, -999, -999, -999, -999,  27.55,  27.64,  27.69,  27.48,  27.46,  27.03,  27.02,  27.01,  27.20,  27.28,  27.37,  27.73,  27.70,  27.18,  27.02,  27.04,  27.13,  27.01,  26.77,  26.90,  26.91,  27.49,  27.64,  27.69,  27.67,  27.65,  27.40,  27.18,  27.04,  27.09,  27.32
19940905, 0000,  , TD, 14.5N, 164.0W,  25, -999, -999, -999, -999, -999, -999, -999, -999, -999, -999, -999, -999, -999, -999,  27.65,  27.78,  27.62,  27.58,  27.03,  26.99,  26.97,  27.04,  27.02,  27.28,  27.50,  27.63,  27.30,  27.00,  27.04,  27.14,  27.09,  26.77,  26.91,  27.37,  27.71,  27.54,  27.43,  27.22,  27.23,  27.25,  27.25,  27.27,  27.19,  27.31,  27.84
