EP191997,               RICK,     17,
19971107, 0000,  , TD,  9.0N, 102.5W,  25, 1008, -999, -999, -999, -999, -999, -999, -999, -999, -999, -999, -999, -999, -999,  33.65,  33.63,  33.62,  33.60,  33.63,  33.63,  33.65,  33.64,  33.62,  33.53,  33.59,  33.47,  33.44,  33.45,  33.44,  33.25,  33.20,  33.28,  33.25,  33.25,  33.41,  33.41,  33.38,  33.38,  33.37,  33.38,  33.38,  33.38,  33.35,  33.35,  33.35
19971107, 0600,  , TD,  9.5N, 102.9W,  30, 1008, -999, -999, -999, -999, -999, -999, -999, -999, -999, -999, -999, -999, -999,  33.57,  33.61,  33.69,  33.68,  33.67,  33.66,  33.67,  33.65,  33.65,  33.68,  33.66,  33.69,  33.63,  33.65,  33.62,  33.59,  33.50,  33.51,  33.46,  33.46,  33.44,  33.44,  33.44,  33.40,  33.42,  33.43,  33.42,  33.43,  33.48,  33.45,  33.50
19971107, 1200,  , TD, 10.0N, 103.2W,  30, 1008, -999, -999, -999, -999, -999, -999, -999, -999, -999, -999, -999, -999, -999,  33.64,  33.63,  33.64,  33.66,  33.64,  33.58,  33.51,  33.47,  33.50,  33.54,  33.52,  33.59,  33.53,  33.52,  33.55,  33.51,  33.46,  33.47,  33.48,  33.42,  33.35,  33.38,  33.45,  33.48,  33.53,  33.59,  33.57,  33.54,  33.51,  33.51,  33.53
19971107, 1800,  , TD, 10.7N, 103.5W,  30, 1007, -999, -999, -999, -999, -999, -999, -999, -999, -999, -999, -999, -999, -999,  33.60,  33.59,  33.60,  33.61,  33.59,  33.61,  33.64,  33.65,  33.63,  33.66,  33.68,  33.67,  33.66,  33.63,  33.49,  33.51,  33.54,  33.84,  33.75,  33.63,  33.55,  33.57,  33.52,  33.56,  33.55,  33.61,  33.59,  33.51,  33.55,  33.55,  33.52
19971108, 0000,  , TD, 11.4N, 103.7W,  30, 1006, -999, -999, -999, -999, -999, -999, -999, -999, -999, -999, -999, -999, -999,  33.58,  33.65,  33.68,  33.70,  33.66,  33.63,  33.68,  33.66,  33.67,  33.78,  33.88,  33.83,  33.80,  33.82,  33.71,  33.80,  33.62,  33.60,  33.55,  33.53,  33.56,  33.61,  33.53,  33.53,  33.55,  33.56,  33.47,  33.52,  33.56,  33.47,  33.47
19971108, 0600,  , TD, 12.1N, 103.7W,  30, 1005, -999, -999, -999, -999, -999, -999, -999, -999, -999, -999, -999, -999, -999,  33.59,  33.63,  33.69,  33.68,  33.68,  33.63,  33.69,  33.71,  33.67,  33.66,  33.70,  33.70,  33.69,  33.63,  33.65,  33.60,  33.62,  33.60,  33.54,  33.61,  33.62,  33.69,  33.67,  33.66,  33.61,  33.60,  33.52,  33.50,  33.60,  33.51,  33.48
19971108, 1200,  , TS, 12.7N, 103.5W,  35, 1004, -999, -999, -999, -999, -999, -999, -999, -999, -999, -999, -999, -999, -999,  33.57,  33.61,  33.60,  33.81,  33.97,  33.99,  33.99,  33.94,  33.91,  33.88,  33.85,  33.86,  33.83,  33.82,  33.84,  33.82,  33.57,  33.77,  33.62,  33.71,  33.71,  33.58,  33.71,  33.70,  33.67,  33.61,  33.52,  33.34,  33.41,  33.47,  33.50
19971108, 1800,  , TS, 13.3N, 102.9W,  40, 1002, -999, -999, -999, -999, -999, -999, -999, -999, -999, -999, -999, -999, -999,  33.64,  33.66,  33.61,  33.64,  33.79,  33.87,  33.88,  33.82,  33.72,  33.74,  33.75,  33.80,  33.80,  33.84,  33.80,  33.86,  33.83,  33.81,  33.71,  33.70,  33.52,  33.43,  33.34,  33.34,  33.42,  33.38,  33.43,  33.42,  33.45,  33.43,  33.46
19971109, 0000,  , TS, 14.2N, 102.0W,  50,  997, -999, -999, -999, -999, -999, -999, -999, -999, -999, -999, -999, -999, -999,  33.57,  33.58,  33.58,  33.60,  33.62,  33.63,  33.67,  33.66,  33.67,  33.67,  33.66,  33.57,  33.58,  33.55,  33.53,  33.42,  33.31,  33.39,  33.30,  33.29,  33.13,  32.92,  32.99,  33.17,  33.29,  33.50,  33.66,  33.66,  33.32,  33.63,  33.12
19971109, 0600,  , HU, 14.9N, 100.9W,  65,  987, -999, -999, -999, -999, -999, -999, -999, -999, -999, -999, -999, -999, -999,  33.65,  33.66,  33.68,  33.70,  33.68,  33.70,  33.73,  33.73,  33.74,  33.73,  33.73,  33.74,  33.76,  33.76,  33.75,  33.67,  33.68,  33.65,  33.59,  33.61,  33.68,  33.69,  33.67,  33.63,  33.67,  33.72,  33.70,  33.66,  33.62,  33.65,  33.65
19971109, 1200,  , HU, 15.3N,  99.8W,  85,  973, -999, -999, -999, -999, -999, -999, -999, -999, -999, -999, -999, -999, -999,  33.75,  33.75,  33.76,  33.75,  33.75,  33.76,  33.76,  33.77,  33.76,  33.76,  33.76,  33.75,  33.75,  33.77,  33.79,  33.74,  33.67,  33.61,  33.55,  33.47,  33.56,  33.55,  33.57,  33.58,  33.57,  33.57,  33.58,  33.59,  33.64,  33.66,  33.64
19971109, 1800,  , HU, 15.6N,  98.6W,  80,  977, -999, -999, -999, -999, -999, -999, -999, -999, -999, -999, -999, -999, -999,  33.76,  33.74,  33.73,  33.71,  33.71,  33.71,  33.72,  33.73,  33.71,  33.71,  33.69,  33.70,  33.73,  33.73,  33.75,  33.69,  33.52,  33.59,  33.54,  33.32,  33.45,  33.59,  33.63,  33.63,  33.65,  33.66,  33.68,  33.68,  33.69,  33.68,  33.69
19971110, 0000,  , HU, 15.8N,  97.5W,  75,  981, -999, -999, -999, -999, -999, -999, -999, -999, -999, -999, -999, -999, -999,  33.72,  33.72,  33.70,  33.77,  33.74,  33.70,  33.75,  33.73,  33.77,  33.74,  33.76,  33.78,  33.76,  33.75,  33.72,  33.39,  33.65,  33.62,  33.65,  33.69,  33.68,  33.69,  33.67,  33.69,  33.69,  33.70,  33.70,  33.70,  33.67,  33.69,  33.75
19971110, 0100, L, HU, 15.9N,  97.1W,  75,  981, -999, -999, -999, -999, -999, -999, -999, -999, -999, -999, -999, -999, -999,  33.79,  33.79,  33.79,  33.81,  33.82,  33.83,  33.83,  33.82,  33.82,  33.83,  33.85,  33.86,  33.86,  33.86,  33.84,  33.20,  33.67,  33.60,  33.72,  33.75,  33.80,  33.80,  33.79,  33.79,  33.78,  33.78,  33.80,  33.80,  33.79,  33.79,  33.78
19971110, 0600,  , HU, 15.9N,  96.0W,  65,  987, -999, -999, -999, -999, -999, -999, -999, -999, -999, -999, -999, -999, -999,    nan,    nan,    nan,    nan,    nan,    nan,    nan,    nan,    nan,    nan,    nan,    nan,    nan,    nan,    nan,    nan,    nan,    nan,    nan,    nan,    nan,    nan,    nan,    nan,    nan,    nan,    nan,    nan,    nan,    nan,    nan
19971110, 1200,  , TS, 16.3N,  94.5W,  40, 1002, -999, -999, -999, -999, -999, -999, -999, -999, -999, -999, -999, -999, -999,    nan,    nan,    nan,    nan,    nan,    nan,    nan,    nan,    nan,    nan,    nan,    nan,    nan,    nan,    nan,    nan,    nan,    nan,    nan,    nan,    nan,    nan,    nan,    nan,    nan,    nan,    nan,    nan,    nan,    nan,    nan
19971110, 1800,  , TD, 17.0N,  93.0W,  25, 1009, -999, -999, -999, -999, -999, -999, -999, -999, -999, -999, -999, -999, -999,    nan,    nan,    nan,    nan,    nan,    nan,    nan,    nan,    nan,    nan,    nan,    nan,    nan,    nan,    nan,    nan,    nan,    nan,    nan,    nan,    nan,    nan,    nan,    nan,    nan,    nan,    nan,    nan,    nan,    nan,    nan
