IO012020,             AMPHAN,     25,
20200515, 0600,  , DB,  9.5N,  87.5E,  20, 1007,    0,    0,    0,    0,    0,    0,    0,    0,    0,    0,    0,    0, -999,  30.39,  30.74,  30.83,  30.89,  30.91,  31.15,  31.34,  31.34,  30.88,  30.96,  31.44,  31.54,  31.30,  31.15,  30.89,  30.65,  30.63,  30.66,  30.63,  30.61,  28.46,  28.51,  28.60,  29.00,  29.50,  29.60,  29.59,  29.52,  29.55,  29.51,  29.59
20200515, 1200,  , TD,  9.5N,  87.0E,  30, 1002,    0,    0,    0,    0,    0,    0,    0,    0,    0,    0,    0,    0, -999,  30.45,  30.80,  30.92,  30.92,  30.91,  31.24,  31.46,  31.41,  30.91,  31.03,  31.58,  31.68,  31.50,  31.33,  31.10,  30.92,  30.92,  30.93,  30.90,  30.87,  28.52,  28.40,  28.59,  28.91,  29.39,  29.55,  29.59,  29.55,  29.57,  29.49,  29.52
20200515, 1800,  , TD,  9.5N,  86.6E,  30, 1001,    0,    0,    0,    0,    0,    0,    0,    0,    0,    0,    0,    0, -999,  30.62,  30.83,  31.02,  30.98,  30.85,  31.43,  31.56,  31.59,  31.09,  31.20,  31.80,  31.90,  31.80,  31.66,  31.64,  31.71,  31.68,  31.59,  31.52,  31.45,  28.89,  28.84,  28.83,  29.01,  29.47,  29.76,  29.75,  29.52,  29.50,  29.52,  29.42
20200516, 0000,  , TS,  9.7N,  86.3E,  35,  999,   50,   25,   60,  110,    0,    0,    0,    0,    0,    0,    0,    0, -999,  30.86,  31.07,  31.00,  30.80,  31.43,  31.58,  31.79,  31.31,  31.35,  31.93,  32.04,  32.02,  31.92,  31.90,  31.97,  31.95,  31.84,  31.77,  31.70,  29.18,  28.42,  28.56,  28.95,  29.42,  29.73,  29.71,  29.45,  29.44,  29.58,  29.36,  29.25
20200516, 0600,  , TS,  9.9N,  85.9E,  40,  997,   50,   30,  120,  100,    0,    0,    0,    0,    0,    0,    0,    0, -999,  31.07,  31.20,  31.08,  30.82,  31.46,  31.64,  31.95,  31.58,  31.52,  32.06,  32.23,  32.32,  32.30,  32.26,  32.31,  32.27,  32.19,  32.10,  32.01,  29.94,  29.16,  29.36,  29.66,  29.45,  29.66,  29.62,  29.50,  29.48,  29.77,  29.63,  29.39
20200516, 1200,  , TS, 10.3N,  86.0E,  50,  992,   50,   50,  120,  110,    0,    0,    0,    0,    0,    0,    0,    0, -999,  31.18,  31.24,  31.13,  30.94,  31.57,  31.78,  31.96,  31.51,  31.43,  31.83,  31.96,  32.09,  32.11,  32.10,  32.19,  32.19,  32.12,  32.05,  31.97,  30.28,  29.01,  29.10,  29.65,  29.15,  29.46,  29.49,  29.37,  29.35,  29.90,  29.69,  29.65
20200516, 1800,  , TS, 10.7N,  86.1E,  55,  987,   50,   50,  110,  115,   30,   30,   80,   80,    0,    0,    0,    0, -999,  31.18,  31.25,  31.18,  31.00,  31.58,  31.75,  31.86,  31.47,  31.38,  31.68,  31.78,  31.90,  31.91,  31.96,  32.16,  32.16,  32.02,  31.95,  31.88,  30.90,  29.04,  28.91,  29.45,  29.09,  29.43,  29.57,  29.45,  29.42,  29.82,  29.68,  29.74
20200517, 0000,  , TS, 11.0N,  86.2E,  60,  982,   55,   75,  115,  120,   30,   30,   85,   75,    0,    0,    0,    0, -999,  31.27,  31.22,  31.04,  31.57,  31.73,  31.76,  31.52,  31.41,  31.70,  31.83,  31.91,  31.92,  31.97,  32.20,  32.21,  32.04,  31.96,  31.89,  31.83,  29.24,  29.03,  29.48,  29.06,  29.43,  29.60,  29.52,  29.56,  29.83,  29.75,  29.84,  29.78
20200517, 0600,  , HU, 11.4N,  86.3E,  70,  978,   75,   95,  120,  140,   40,   45,   90,   75,   15,   15,   20,   15, -999,  31.29,  31.21,  30.98,  31.45,  31.68,  31.62,  31.54,  31.61,  31.96,  32.10,  32.18,  32.14,  32.11,  32.16,  32.15,  32.02,  31.95,  31.88,  31.81,  29.12,  28.91,  29.00,  29.19,  29.49,  29.71,  29.58,  29.59,  29.58,  29.75,  29.92,  29.89
20200517, 1200,  , HU, 11.8N,  86.4E,  80,  970,  100,  110,  150,  160,   45,   45,   95,   90,   20,   20,   40,   25, -999,  31.39,  31.26,  30.99,  31.41,  31.75,  31.67,  31.65,  31.83,  31.92,  32.03,  32.11,  32.07,  32.01,  31.97,  31.96,  31.81,  31.75,  31.70,  31.64,  28.73,  28.25,  28.40,  29.16,  29.60,  29.88,  29.70,  29.59,  29.49,  29.80,  29.97,  29.89
20200517, 1800,  , HU, 12.5N,  86.6E, 120,  932,  110,  110,  160,  180,   50,   45,   85,   70,   25,   35,   40,   25, -999,  31.40,  31.19,  31.09,  31.45,  31.86,  31.85,  31.75,  31.86,  31.54,  31.71,  31.81,  31.70,  31.69,  31.67,  31.66,  31.51,  31.47,  31.43,  31.37,  28.34,  27.36,  27.54,  28.81,  29.62,  29.88,  29.74,  29.54,  29.43,  29.66,  29.83,  29.72
20200518, 0000,  , HU, 13.1N,  86.4E, 130,  919,  110,  115,  170,  165,   55,   50,   75,   60,   30,   35,   45,   30, -999,  30.89,  30.98,  31.36,  31.70,  31.77,  31.74,  31.66,  31.60,  31.86,  31.81,  31.57,  31.48,  31.28,  31.11,  30.77,  30.01,  29.12,  29.39,  27.42,  27.36,  27.57,  28.46,  29.42,  29.79,  29.69,  29.42,  29.59,  29.92,  30.01,  29.77,  29.62
20200518, 0600,  , HU, 13.4N,  86.2E, 140,  911,  110,  120,  160,  155,   65,   55,   70,   50,   35,   40,   50,   30, -999,  30.76,  30.88,  31.20,  31.49,  31.61,  31.61,  31.53,  31.62,  31.73,  31.60,  31.43,  31.37,  31.15,  30.97,  30.57,  29.77,  28.83,  29.01,  27.49,  27.75,  27.97,  28.55,  29.37,  29.75,  29.71,  29.36,  29.55,  29.94,  29.99,  29.74,  29.73
20200518, 1200,  , HU, 14.1N,  86.4E, 145,  901,  120,  140,  165,  165,   65,   60,   65,   50,   45,   35,   45,   35, -999,  30.68,  30.82,  31.15,  31.49,  31.53,  31.40,  31.38,  31.68,  31.81,  31.69,  31.64,  31.56,  31.31,  31.13,  30.59,  29.24,  27.89,  28.18,  27.70,  28.01,  27.94,  28.56,  29.23,  29.62,  29.66,  29.13,  29.33,  29.88,  29.99,  29.60,  29.02
20200518, 1800,  , HU, 14.8N,  86.6E, 140,  910,  140,  155,  175,  180,   70,   70,   55,   50,   40,   35,   40,   30, -999,  30.64,  30.85,  31.17,  31.43,  31.51,  31.39,  31.39,  31.65,  31.88,  31.91,  32.08,  31.93,  31.53,  31.44,  30.83,  29.50,  28.35,  28.63,  27.28,  27.54,  27.51,  28.05,  28.66,  29.10,  29.27,  28.90,  28.93,  29.41,  29.46,  29.26,  29.17
20200519, 0000,  , HU, 15.5N,  86.8E, 125,  925,  165,  165,  180,  185,   70,   75,   50,   50,   35,   35,   30,   25, -999,  30.68,  31.02,  31.31,  31.34,  31.23,  31.26,  31.41,  31.65,  31.89,  32.01,  31.80,  31.34,  31.30,  31.28,  31.18,  30.96,  30.68,  28.31,  28.34,  28.41,  28.20,  28.69,  29.09,  29.21,  28.99,  28.85,  29.36,  29.32,  29.24,  29.31,  29.84
20200519, 0600,  , HU, 16.5N,  87.0E, 110,  941,  155,  165,  170,  160,   75,   80,   60,   60,   35,   40,   30,   35, -999,  30.22,  30.54,  30.75,  30.78,  30.84,  31.02,  31.03,  31.44,  31.69,  31.83,  31.50,  31.37,  31.40,  31.54,  31.48,  31.43,  31.40,  28.56,  28.30,  28.73,  28.62,  28.74,  28.88,  29.03,  28.90,  28.17,  29.03,  29.25,  29.56,  29.84,  29.63
20200519, 1200,  , HU, 17.3N,  87.1E, 105,  946,  145,  165,  160,  140,   80,   85,   70,   60,   35,   40,   30,   35, -999,  30.12,  30.42,  30.72,  30.83,  30.72,  31.08,  31.02,  31.35,  31.61,  31.91,  31.80,  31.69,  31.62,  31.84,  31.79,  31.74,  31.69,  28.89,  28.62,  28.86,  28.37,  28.42,  28.63,  28.68,  28.65,  28.47,  29.00,  29.09,  29.28,  29.61,  29.59
20200519, 1800,  , HU, 18.3N,  87.2E, 105,  945,  135,  160,  155,  120,   85,   90,   75,   75,   40,   45,   35,   25, -999,  29.64,  29.88,  30.16,  30.29,  30.16,  30.22,  30.57,  30.84,  31.04,  31.56,  31.61,  31.45,  31.42,  31.30,  31.32,  31.32,  31.31,  29.45,  28.97,  29.02,  28.65,  28.77,  28.87,  28.96,  28.98,  28.90,  29.03,  29.16,  29.16,  29.85,  30.18
20200520, 0000,  , HU, 19.2N,  87.5E, 100,  947,  125,  155,  150,  100,   75,   85,   70,   65,   45,   45,   35,   25, -999,  29.55,  29.84,  29.79,  29.72,  29.77,  30.18,  30.43,  30.73,  31.24,  31.29,  30.91,  30.75,  31.10,  31.09,  31.07,  31.05,  31.02,  29.26,  29.06,  28.45,  28.26,  28.54,  28.95,  29.08,  28.96,  28.49,  28.72,  29.14,  30.39,  30.46,  30.25
20200520, 0600,  , HU, 20.5N,  87.9E,  95,  953,  110,  150,  140,   65,   50,   75,   45,   40,   20,   30,   15,   15, -999,  28.69,  28.95,  29.17,  29.42,  30.00,  30.14,  29.73,  29.99,  30.11,  30.06,  29.30,  29.65,  29.93,  30.52,  30.52,  30.51,  30.50,  28.82,  29.08,  28.46,  27.69,  27.86,  28.29,  28.43,  28.52,  28.46,  28.52,  28.60,  29.67,  29.87,  30.08
20200520, 1200,  , HU, 22.2N,  88.3E,  95,  954,  100,  145,  100,   45,   35,   60,   35,   35,   15,   25,   10,   10, -999,    nan,    nan,    nan,    nan,    nan,    nan,    nan,    nan,    nan,    nan,    nan,    nan,    nan,    nan,    nan,    nan,    nan,    nan,    nan,    nan,    nan,    nan,    nan,    nan,    nan,    nan,    nan,    nan,    nan,    nan,    nan
20200520, 1800,  , HU, 23.7N,  89.1E,  70,  974,   95,  140,  100,   40,   35,   30,   30,   25,   10,   10,   10,   10, -999,    nan,    nan,    nan,    nan,    nan,    nan,    nan,    nan,    nan,    nan,    nan,    nan,    nan,    nan,    nan,    nan,    nan,    nan,    nan,    nan,    nan,    nan,    nan,    nan,    nan,    nan,    nan,    nan,    nan,    nan,    nan
20200521, 0000,  , TS, 25.2N,  90.1E,  50,  984,    0,    0,    0,    0,    0,    0,    0,    0,    0,    0,    0,    0, -999,    nan,    nan,    nan,    nan,    nan,    nan,    nan,    nan,    nan,    nan,    nan,    nan,    nan,    nan,    nan,    nan,    nan,    nan,    nan,    nan,    nan,    nan,    nan,    nan,    nan,    nan,    nan,    nan,    nan,    nan,    nan
20200521, 0600,  , TD, 26.5N,  91.4E,  30, 1000,    0,    0,    0,    0,    0,    0,    0,    0,    0,    0,    0,    0, -999,    nan,    nan,    nan,    nan,    nan,    nan,    nan,    nan,    nan,    nan,    nan,    nan,    nan,    nan,    nan,    nan,    nan,    nan,    nan,    nan,    nan,    nan,    nan,    nan,    nan,    nan,    nan,    nan,    nan,    nan,    nan
