IO021988,            UNNAMED,      9,
19881017, 0600,  , LO, 14.9N,  94.9E,  25,    0,    0,    0,    0,    0,    0,    0,    0,    0,    0,    0,    0,    0, -999,  29.00,  28.81,  28.73,  28.74,  28.77,  28.81,  28.83,  28.16,  28.07,  28.14,  28.03,  27.98,  28.01,  28.05,  28.09,  27.54,  27.49,  27.96,  28.58,  28.19,  27.93,  28.05,  28.71,  29.27,  28.97,  28.78,  28.38,  28.90,  29.11,  28.89,  29.01
19881017, 1200,  , LO, 15.5N,  94.2E,  25,    0,    0,    0,    0,    0,    0,    0,    0,    0,    0,    0,    0,    0, -999,  28.85,  29.15,  29.18,  29.20,  29.22,  29.24,  29.25,  28.61,  28.46,  28.40,  28.27,  28.26,  28.31,  28.33,  28.36,  27.61,  27.71,  28.09,  28.38,  27.98,  27.97,  28.22,  28.95,  29.37,  29.28,  28.82,  28.85,  29.21,  29.34,  29.18,  29.27
19881017, 1800,  , LO, 16.3N,  93.1E,  25,    0,    0,    0,    0,    0,    0,    0,    0,    0,    0,    0,    0,    0, -999,  29.14,  29.16,  29.20,  29.22,  29.24,  29.25,  29.26,  28.88,  28.88,  28.56,  28.28,  28.18,  28.24,  28.29,  28.33,  27.62,  27.67,  27.75,  27.59,  27.68,  28.12,  28.16,  28.32,  28.45,  28.34,  28.45,  28.38,  28.63,  28.63,  28.61,  28.61
19881018, 0000,  , LO, 17.4N,  92.2E,  30,    0,    0,    0,    0,    0,    0,    0,    0,    0,    0,    0,    0,    0, -999,  29.10,  29.11,  29.12,  29.13,  29.13,  29.17,  29.10,  29.09,  28.57,  28.19,  28.21,  28.26,  28.29,  27.99,  27.71,  27.73,  27.59,  27.53,  27.73,  28.57,  28.77,  28.66,  28.73,  28.50,  28.22,  28.31,  28.52,  28.64,  28.89,  28.89,  28.99
19881018, 0600,  , TS, 18.4N,  91.8E,  35,    0,    0,    0,    0,    0,    0,    0,    0,    0,    0,    0,    0,    0, -999,  29.10,  29.11,  29.12,  29.13,  29.34,  29.25,  29.40,  28.95,  28.55,  28.12,  28.11,  28.15,  28.18,  28.02,  28.00,  27.99,  27.98,  28.06,  28.45,  29.15,  29.32,  28.90,  28.81,  28.63,  28.34,  28.47,  28.81,  28.95,  29.33,  29.31,  29.17
19881018, 1200,  , TS, 19.6N,  91.3E,  35,    0,    0,    0,    0,    0,    0,    0,    0,    0,    0,    0,    0,    0, -999,  29.22,  29.16,  28.97,  28.92,  29.82,  29.86,  29.78,  29.32,  29.07,  28.77,  28.67,  28.70,  28.72,  28.95,  28.75,  28.73,  28.56,  28.95,  29.11,  29.13,  29.15,  28.80,  28.68,  28.77,  28.42,  28.62,  28.80,  28.87,  29.47,  29.63,  29.51
19881018, 1800,  , XX, 20.8N,  90.6E,  30,    0,    0,    0,    0,    0,    0,    0,    0,    0,    0,    0,    0,    0, -999,  28.88,  28.85,  28.60,  28.55,  29.89,  30.01,  29.91,  29.81,  29.40,  29.20,  29.18,  29.20,  29.21,  28.95,  28.57,  28.54,  28.54,  28.08,  27.74,  27.71,  28.43,  28.77,  28.69,  28.45,  28.31,  28.47,  28.76,  28.83,  29.07,  29.57,  29.40
19881019, 0000,  , LO, 22.2N,  89.9E,  30,    0,    0,    0,    0,    0,    0,    0,    0,    0,    0,    0,    0,    0, -999,    nan,    nan,    nan,    nan,    nan,    nan,    nan,    nan,    nan,    nan,    nan,    nan,    nan,    nan,    nan,    nan,    nan,    nan,    nan,    nan,    nan,    nan,    nan,    nan,    nan,    nan,    nan,    nan,    nan,    nan,    nan
19881019, 0600,  , LO, 23.4N,  89.6E,  25,    0,    0,    0,    0,    0,    0,    0,    0,    0,    0,    0,    0,    0, -999,    nan,    nan,    nan,    nan,    nan,    nan,    nan,    nan,    nan,    nan,    nan,    nan,    nan,    nan,    nan,    nan,    nan,    nan,    nan,    nan,    nan,    nan,    nan,    nan,    nan,    nan,    nan,    nan,    nan,    nan,    nan
