IO042017,               FOUR,      9,
20171208, 0600,  , TS, 17.2N,  86.3E,  40,  993,    0,    0,    0,    0,    0,    0,    0,    0,    0,    0,    0,    0, -999,  27.96,  27.82,    nan,  27.36,  27.18,  27.41,  26.75,  26.33,  26.03,  26.47,  26.52,  26.37,  26.57,  27.11,  27.46,  26.75,  26.75,  27.10,  27.47,  27.33,  27.51,  27.05,  26.92,  27.02,  27.05,  27.02,  26.77,  26.62,  26.60,  26.43,  26.50
20171208, 1200,  , TS, 17.7N,  86.4E,  45,  989,  115,  110,    0,   85,    0,    0,    0,    0,    0,    0,    0,    0, -999,  27.95,  27.48,    nan,  27.18,  27.05,  26.57,  26.35,  26.07,  25.69,  26.12,  26.26,  26.21,  26.00,  26.31,  26.37,  25.89,  25.84,  26.30,  26.86,  27.02,  26.86,  26.82,  26.80,  26.73,  26.92,  26.74,  26.60,  26.41,  26.18,  26.43,  26.17
20171208, 1800,  , TS, 18.1N,  86.5E,  40,  999,   20,   20,   50,   65,    0,    0,    0,    0,    0,    0,    0,    0, -999,  27.27,  27.10,    nan,  27.01,  26.78,  26.06,  26.56,  26.23,  26.12,  26.25,  26.23,  25.96,  25.57,  25.22,  25.24,  25.19,  25.19,  25.75,  26.27,  26.72,  26.93,  26.57,  26.72,  26.50,  26.57,  26.33,  26.12,  26.03,  25.69,  26.03,  26.46
20171209, 0000,  , TS, 18.4N,  86.6E,  35,  996,   25,   25,   25,   40,    0,    0,    0,    0,    0,    0,    0,    0, -999,  27.00,    nan,  26.66,  26.22,  26.04,  26.12,  26.45,  25.97,  26.30,  26.05,  25.84,  25.41,  25.25,  25.20,  25.15,  25.19,  25.71,  26.20,  26.79,  26.89,  26.64,  26.66,  26.50,  26.57,  26.28,  26.23,  26.25,  26.02,  26.59,  26.48,  26.49
20171209, 0600,  , TD, 18.9N,  86.9E,  30, 1000,    0,    0,    0,    0,    0,    0,    0,    0,    0,    0,    0,    0, -999,  27.02,    nan,  26.53,  26.46,  26.25,  26.27,  26.39,  25.82,  25.88,  25.82,  25.72,  25.44,  25.39,  25.09,  24.93,  25.23,  25.39,  25.96,  26.53,  26.78,  26.70,  26.49,  26.23,  26.38,  26.34,  26.50,  26.50,  26.43,  26.82,  26.76,  26.84
20171209, 1200,  , TD, 19.3N,  87.3E,  30, 1000,    0,    0,    0,    0,    0,    0,    0,    0,    0,    0,    0,    0, -999,  26.81,    nan,  26.36,  26.11,  26.12,  26.02,  26.04,  25.71,  25.72,  25.70,  25.71,  25.69,  25.44,  25.11,  24.84,  25.17,  25.42,  25.63,  26.38,  26.55,  26.92,  27.04,  26.97,  26.94,  26.79,  26.71,  26.62,  26.50,  26.73,  26.67,  26.58
20171209, 1800,  , TD, 19.8N,  87.6E,  25, 1009,    0,    0,    0,    0,    0,    0,    0,    0,    0,    0,    0,    0, -999,  26.72,    nan,  26.56,  26.51,  26.56,  26.47,  26.28,  26.20,  26.39,  26.16,  25.96,  25.70,  25.62,  25.03,  24.92,  25.02,  25.40,  25.54,  26.37,  26.35,  26.97,  26.59,  26.54,  26.35,  26.59,  26.35,  26.29,  26.35,  26.34,  26.05,  26.15
20171210, 0000,  , TD, 20.4N,  88.1E,  25, 1009,    0,    0,    0,    0,    0,    0,    0,    0,    0,    0,    0,    0, -999,    nan,  26.54,  26.38,  26.81,  26.35,  26.19,  26.48,  26.07,  25.87,  25.79,  25.92,  25.83,  25.86,  25.43,  25.12,  25.14,  24.95,  26.51,  26.31,  26.47,  26.46,  26.48,  26.66,  26.45,  26.46,  26.32,  26.32,  26.28,  25.87,  25.88,  25.85
20171210, 0600,  , TD, 21.1N,  88.7E,  20, 1007,    0,    0,    0,    0,    0,    0,    0,    0,    0,    0,    0,    0, -999,    nan,  26.39,  26.25,  26.21,  26.05,  25.96,  25.88,  25.76,  25.78,  25.73,  25.69,  25.40,  25.54,  25.44,  25.17,  24.74,  24.65,  25.10,  25.33,  25.39,  25.27,  25.27,  25.34,  25.20,  24.88,  24.64,  24.55,  24.43,  24.57,  24.78,  24.95
