IO041984,            UNNAMED,     45,
19841127, 0600,  , LO,  8.4N,  85.8E,  25,    0,    0,    0,    0,    0,    0,    0,    0,    0,    0,    0,    0,    0, -999,  29.16,  29.17,  29.17,  28.48,  28.48,  28.31,  28.29,  28.26,  28.23,  27.55,  27.14,  27.33,  27.55,  27.48,  27.38,  27.38,  27.48,  27.34,  26.97,  26.82,  27.11,  27.56,  27.53,  27.10,  27.09,  27.15,  27.36,  26.63,  27.41,  27.64,  27.87
19841127, 1200,  , LO,  8.6N,  85.5E,  25,    0,    0,    0,    0,    0,    0,    0,    0,    0,    0,    0,    0,    0, -999,  29.19,  29.32,  29.34,  28.44,  28.38,  28.26,  28.30,  28.27,  28.24,  28.70,  28.98,  28.91,  28.72,  28.51,  28.38,  28.31,  28.24,  27.98,  27.40,  26.49,  26.46,  26.79,  26.65,  26.16,  26.22,  26.37,  26.65,  26.19,  27.13,  27.46,  27.74
19841127, 1800,  , LO,  8.8N,  85.2E,  30,    0,    0,    0,    0,    0,    0,    0,    0,    0,    0,    0,    0,    0, -999,  29.10,  29.21,  29.16,  28.26,  28.19,  27.96,  27.96,  27.95,  27.94,  28.63,  29.12,  29.21,  29.14,  29.06,  28.98,  28.90,  28.82,  28.58,  28.08,  26.72,  26.66,  26.80,  26.23,  25.68,  25.75,  25.89,  26.15,  26.25,  27.02,  27.29,  27.44
19841128, 0000,  , LO,  9.0N,  84.9E,  30,    0,    0,    0,    0,    0,    0,    0,    0,    0,    0,    0,    0,    0, -999,  28.74,  28.72,  28.26,  28.25,  27.92,  27.85,  27.86,  27.85,  28.52,  28.97,  29.05,  28.98,  28.91,  28.83,  28.79,  28.76,  28.64,  28.34,  27.01,  27.09,  27.17,  26.50,  26.04,  26.08,  26.16,  26.34,  26.38,  26.96,  27.10,  27.26,  27.42
19841128, 0600,  , TS,  9.3N,  84.7E,  35,    0,    0,    0,    0,    0,    0,    0,    0,    0,    0,    0,    0,    0, -999,  28.17,  28.41,  28.31,  28.30,  27.89,  27.84,  27.84,  27.83,  28.38,  28.61,  28.61,  28.53,  28.36,  28.57,  28.61,  28.56,  28.51,  28.46,  27.38,  27.49,  27.45,  26.96,  26.58,  26.55,  26.51,  26.50,  26.51,  26.75,  26.82,  26.96,  27.11
19841128, 1200,  , TS,  9.7N,  84.6E,  40,    0,    0,    0,    0,    0,    0,    0,    0,    0,    0,    0,    0,    0, -999,  27.80,  28.32,  28.45,  28.56,  28.11,  28.07,  28.05,  28.03,  27.99,  27.91,  27.97,  28.05,  27.92,  28.11,  28.18,  28.17,  28.16,  28.14,  27.23,  27.37,  27.23,  26.71,  26.57,  26.57,  26.56,  26.55,  26.57,  26.74,  26.79,  26.85,  26.94
19841128, 1800,  , TS, 10.2N,  84.7E,  40,    0,    0,    0,    0,    0,    0,    0,    0,    0,    0,    0,    0,    0, -999,  27.78,  28.56,  28.93,  29.10,  28.58,  28.50,  28.47,  28.44,  28.39,  28.83,  28.88,  28.73,  28.23,  28.06,  28.07,  28.06,  28.04,  28.01,  27.16,  27.19,  26.85,  26.77,  26.80,  26.78,  26.75,  26.73,  26.72,  26.65,  26.65,  26.65,  26.57
19841129, 0000,  , TS, 10.3N,  85.1E,  45,    0,    0,    0,    0,    0,    0,    0,    0,    0,    0,    0,    0,    0, -999,  28.80,  29.09,  29.35,  28.75,  28.66,  28.62,  28.59,  28.56,  29.19,  29.42,  29.47,  28.99,  28.80,  28.76,  28.64,  28.48,  28.32,  26.94,  26.73,  26.22,  26.21,  26.22,  26.24,  26.29,  26.33,  26.84,  27.04,  27.08,  27.08,  27.21,  26.71
19841129, 0600,  , TS, 10.2N,  85.4E,  45,    0,    0,    0,    0,    0,    0,    0,    0,    0,    0,    0,    0,    0, -999,  28.75,  28.81,  29.17,  28.55,  28.49,  28.47,  28.46,  28.44,  28.92,  29.09,  29.06,  28.67,  28.52,  28.49,  28.38,  28.19,  28.03,  26.36,  26.07,  25.64,  25.76,  25.84,  26.14,  26.15,  26.17,  26.68,  27.28,  27.40,  27.43,  27.77,  27.17
19841129, 1200,  , TS,  9.7N,  85.6E,  50,    0,    0,    0,    0,    0,    0,    0,    0,    0,    0,    0,    0,    0, -999,  28.78,  28.32,  28.73,  28.42,  28.40,  28.39,  28.38,  28.36,  28.38,  28.42,  28.44,  28.22,  28.14,  28.08,  27.77,  27.59,  27.60,  25.91,  25.66,  25.46,  25.64,  25.79,  26.04,  26.16,  26.40,  26.29,  27.03,  27.32,  27.53,  27.90,  27.08
19841129, 1800,  , TS,  9.3N,  85.3E,  50,    0,    0,    0,    0,    0,    0,    0,    0,    0,    0,    0,    0,    0, -999,  28.78,  28.27,  28.55,  28.31,  28.31,  28.29,  28.27,  28.70,  28.96,  28.95,  28.86,  28.56,  28.45,  28.43,  28.40,  28.32,  28.23,  26.36,  26.09,  26.05,  25.72,  25.55,  25.85,  25.95,  26.18,  26.27,  26.94,  27.21,  27.45,  27.74,  26.99
19841130, 0000,  , TS,  9.5N,  84.9E,  55,    0,    0,    0,    0,    0,    0,    0,    0,    0,    0,    0,    0,    0, -999,  28.29,  28.37,  28.03,  27.99,  27.99,  27.98,  28.52,  28.85,  28.84,  28.74,  28.43,  28.33,  28.36,  28.38,  28.38,  28.35,  27.03,  27.12,  27.08,  26.50,  26.17,  26.17,  26.23,  26.38,  26.41,  26.84,  26.96,  27.08,  27.29,  26.42,  26.46
19841130, 0600,  , TS,  9.9N,  84.5E,  60,    0,    0,    0,    0,    0,    0,    0,    0,    0,    0,    0,    0,    0, -999,  28.70,  28.88,  28.36,  28.29,  28.26,  28.23,  28.19,  28.05,  28.08,  28.15,  27.94,  28.02,  28.05,  28.03,  28.02,  27.99,  27.19,  27.28,  27.02,  26.73,  26.70,  26.69,  26.66,  26.64,  26.65,  26.71,  26.72,  26.74,  26.72,  26.05,  26.09
19841130, 1200,  , HU, 10.3N,  83.9E,  65,    0,    0,    0,    0,    0,    0,    0,    0,    0,    0,    0,    0,    0, -999,  28.69,  28.49,  28.33,  28.33,  28.65,  28.69,  28.63,  29.07,  28.41,  27.40,  27.06,  27.08,  27.14,  27.17,  27.20,  27.23,  27.03,  27.27,  27.41,  27.33,  27.24,  27.06,  27.06,  27.15,  27.23,  26.65,  26.77,  26.81,  26.69,  26.10,  26.08
19841130, 1800,  , HU, 10.5N,  82.9E,  65,    0,    0,    0,    0,    0,    0,    0,    0,    0,    0,    0,    0,    0, -999,  28.34,  28.12,  28.04,  28.49,  28.93,  28.97,  28.92,  28.98,  27.52,  26.75,  26.70,  26.75,  26.79,  26.83,  26.86,  26.90,  26.49,  26.93,  27.82,  27.76,  27.02,  26.96,  28.13,  28.30,  28.33,  27.00,  26.99,  27.03,  27.02,  26.55,  26.30
19841201, 0000,  , HU, 10.6N,  82.0E,  70,    0,    0,    0,    0,    0,    0,    0,    0,    0,    0,    0,    0,    0, -999,  28.38,  28.35,  28.73,  28.88,  29.72,  29.52,  29.26,  29.12,  29.21,  29.09,  28.85,  28.71,  28.60,  28.56,  28.61,  27.11,  27.37,  27.91,  27.91,  26.74,  26.65,  27.91,  27.99,  27.99,  27.06,  27.12,  27.27,  27.42,  26.93,  26.55,  26.86
19841201, 0600,  , HU, 10.8N,  80.7E,  75,    0,    0,    0,    0,    0,    0,    0,    0,    0,    0,    0,    0,    0, -999,  27.41,  27.46,  26.75,  26.11,  28.36,  28.66,  28.65,  28.51,  28.53,  28.52,  28.35,  28.28,  28.24,  28.23,  28.27,  28.20,  28.68,  28.47,  27.87,  27.51,  27.42,  27.87,  27.75,  27.72,  27.18,  27.18,  27.35,  27.37,  27.08,  27.01,  27.23
19841201, 1200,  , HU, 11.7N,  79.4E,  65,    0,    0,    0,    0,    0,    0,    0,    0,    0,    0,    0,    0,    0, -999,    nan,    nan,    nan,    nan,    nan,    nan,    nan,    nan,    nan,    nan,    nan,    nan,    nan,    nan,    nan,    nan,    nan,    nan,    nan,    nan,    nan,    nan,    nan,    nan,    nan,    nan,    nan,    nan,    nan,    nan,    nan
19841201, 1800,  , LO, 12.0N,  77.8E,  30,    0,    0,    0,    0,    0,    0,    0,    0,    0,    0,    0,    0,    0, -999,    nan,    nan,    nan,    nan,    nan,    nan,    nan,    nan,    nan,    nan,    nan,    nan,    nan,    nan,    nan,    nan,    nan,    nan,    nan,    nan,    nan,    nan,    nan,    nan,    nan,    nan,    nan,    nan,    nan,    nan,    nan
19841202, 0000,  , LO, 11.8N,  76.1E,  20,    0,    0,    0,    0,    0,    0,    0,    0,    0,    0,    0,    0,    0, -999,    nan,    nan,    nan,    nan,    nan,    nan,    nan,    nan,    nan,    nan,    nan,    nan,    nan,    nan,    nan,    nan,    nan,    nan,    nan,    nan,    nan,    nan,    nan,    nan,    nan,    nan,    nan,    nan,    nan,    nan,    nan
19841202, 0600,  , LO, 11.4N,  74.4E,  20,    0,    0,    0,    0,    0,    0,    0,    0,    0,    0,    0,    0,    0, -999,  28.19,  28.96,  28.78,  28.21,  28.16,  28.20,  27.70,  29.15,  29.45,  29.14,  29.06,  28.70,  28.42,  28.53,  28.58,  28.64,  28.39,  28.34,  28.43,  28.43,  28.27,  28.26,  28.33,  28.97,  28.72,  28.73,  28.59,  28.23,  27.77,  27.80,  28.13
19841202, 1200,  , LO, 11.1N,  72.8E,  20,    0,    0,    0,    0,    0,    0,    0,    0,    0,    0,    0,    0,    0, -999,  28.50,  28.66,  28.46,  28.11,  28.09,  28.07,  27.87,  28.53,  28.89,  29.07,  28.59,  27.75,  27.95,  27.99,  27.96,  28.15,  28.05,  28.12,  28.21,  28.22,  28.18,  28.08,  28.80,  29.30,  28.52,  28.51,  28.57,  28.33,  27.98,  27.98,  29.04
19841202, 1800,  , LO, 11.0N,  71.1E,  25,    0,    0,    0,    0,    0,    0,    0,    0,    0,    0,    0,    0,    0, -999,  27.47,  28.15,  27.88,  27.63,  27.67,  27.60,  27.19,  27.45,  27.82,  28.24,  27.72,  27.04,  27.43,  27.82,  27.92,  27.83,  27.74,  27.80,  27.82,  27.84,  28.09,  28.11,  28.34,  28.32,  27.76,  27.83,  27.89,  27.81,  27.62,  27.69,  28.32
19841203, 0000,  , LO, 10.9N,  69.8E,  30,    0,    0,    0,    0,    0,    0,    0,    0,    0,    0,    0,    0,    0, -999,  28.68,  28.52,  28.43,  28.32,  28.25,  27.23,  27.18,  27.57,  28.21,  27.49,  26.47,  26.85,  27.16,  27.48,  27.52,  27.61,  27.57,  27.61,  27.62,  27.99,  27.98,  27.78,  27.67,  27.49,  27.64,  27.59,  27.56,  27.60,  27.72,  28.00,  27.85
19841203, 0600,  , LO, 10.9N,  68.6E,  30,    0,    0,    0,    0,    0,    0,    0,    0,    0,    0,    0,    0,    0, -999,  27.37,  27.67,  27.73,  27.84,  27.78,  27.09,  26.81,  27.28,  27.84,  27.25,  26.83,  26.12,  25.90,  26.80,  26.99,  27.32,  27.48,  27.50,  27.50,  27.51,  27.54,  27.68,  27.76,  27.78,  27.70,  27.46,  27.40,  27.33,  27.34,  27.31,  27.22
19841203, 1200,  , LO, 10.8N,  67.6E,  30,    0,    0,    0,    0,    0,    0,    0,    0,    0,    0,    0,    0,    0, -999,  27.05,  27.47,  27.83,  28.21,  28.17,  27.58,  27.21,  27.72,  27.78,  26.74,  26.76,  26.68,  26.69,  27.16,  27.28,  27.31,  27.12,  27.15,  27.19,  27.21,  27.22,  27.38,  27.52,  27.77,  27.47,  27.23,  27.21,  27.11,  27.19,  27.15,  27.09
19841203, 1800,  , TS, 10.7N,  66.5E,  35,    0,    0,    0,    0,    0,    0,    0,    0,    0,    0,    0,    0,    0, -999,  26.76,  26.43,  26.46,  27.40,  27.45,  27.06,  27.07,  27.46,  27.65,  26.92,  26.90,  27.08,  27.23,  27.30,  27.33,  27.35,  27.24,  27.21,  27.21,  27.24,  27.25,  27.15,  27.36,  27.74,  27.62,  27.30,  27.46,  27.42,  27.23,  27.27,  27.22
19841204, 0000,  , TS, 10.5N,  65.5E,  40,    0,    0,    0,    0,    0,    0,    0,    0,    0,    0,    0,    0,    0, -999,  27.46,  27.46,  27.35,  27.20,  26.90,  26.71,  26.98,  27.07,  27.06,  27.22,  26.92,  26.77,  26.72,  26.70,  27.13,  27.21,  27.17,  27.20,  27.39,  27.33,  27.12,  27.26,  27.52,  27.31,  27.10,  27.33,  27.19,  26.96,  27.09,  27.15,  27.30
19841204, 0600,  , TS, 10.3N,  64.3E,  45,    0,    0,    0,    0,    0,    0,    0,    0,    0,    0,    0,    0,    0, -999,  26.89,  27.29,  27.46,  27.09,  26.78,  26.90,  26.75,  26.75,  26.57,  26.56,  26.50,  26.44,  26.44,  26.52,  26.71,  26.71,  26.42,  26.83,  27.19,  27.10,  26.89,  26.96,  27.08,  26.92,  26.83,  27.00,  26.22,  26.36,  26.68,  27.01,  27.24
19841204, 1200,  , TS, 10.1N,  63.3E,  50,    0,    0,    0,    0,    0,    0,    0,    0,    0,    0,    0,    0,    0, -999,  27.25,  27.38,  26.94,  26.71,  26.57,  26.80,  26.59,  26.58,  26.84,  26.71,  26.45,  26.25,  26.20,  26.24,  26.53,  26.60,  26.94,  27.48,  27.47,  27.00,  26.46,  26.59,  26.76,  26.67,  26.60,  26.55,  25.65,  26.22,  26.70,  26.80,  26.86
19841204, 1800,  , TS, 10.0N,  62.2E,  55,    0,    0,    0,    0,    0,    0,    0,    0,    0,    0,    0,    0,    0, -999,  27.33,  27.39,  26.90,  26.85,  26.89,  27.15,  26.94,  26.73,  26.99,  26.61,  26.39,  26.21,  26.30,  26.42,  26.51,  26.52,  26.72,  27.27,  27.51,  27.12,  26.05,  26.14,  26.48,  26.27,  26.48,  26.01,  25.39,  25.94,  26.58,  26.85,  26.71
19841205, 0000,  , TS,  9.7N,  60.8E,  55,    0,    0,    0,    0,    0,    0,    0,    0,    0,    0,    0,    0,    0, -999,  27.44,  27.38,  27.10,  27.08,  27.15,  26.90,  26.70,  27.14,  26.80,  26.46,  26.37,  26.56,  26.76,  26.80,  26.84,  26.99,  27.33,  27.70,  27.13,  26.62,  26.84,  27.12,  27.27,  27.51,  26.48,  26.04,  26.51,  27.38,  27.29,  27.27,  27.23
19841205, 0600,  , TS,  9.2N,  59.2E,  60,    0,    0,    0,    0,    0,    0,    0,    0,    0,    0,    0,    0,    0, -999,  27.28,  27.39,  27.49,  27.33,  27.14,  27.10,  26.98,  26.99,  26.82,  26.80,  26.95,  27.04,  26.94,  27.03,  27.05,  27.02,  27.02,  27.01,  26.98,  26.87,  26.75,  26.65,  26.85,  27.00,  25.24,  25.40,  26.52,  27.36,  27.37,  27.28,  27.24
19841205, 1200,  , TS,  8.7N,  57.5E,  60,    0,    0,    0,    0,    0,    0,    0,    0,    0,    0,    0,    0,    0, -999,  27.47,  28.26,  28.45,  27.93,  27.19,  27.34,  27.38,  26.90,  26.42,  27.06,  27.09,  27.07,  26.96,  27.15,  27.17,  26.85,  26.93,  27.30,  27.39,  27.39,  26.35,  26.47,  27.12,  26.61,  25.48,  25.39,  26.41,  26.90,  27.07,  27.08,  26.92
19841205, 1800,  , TS,  8.2N,  55.9E,  60,    0,    0,    0,    0,    0,    0,    0,    0,    0,    0,    0,    0,    0, -999,  26.63,  27.00,  27.02,  26.61,  26.37,  26.61,  26.52,  26.87,  26.93,  27.27,  27.34,  27.01,  27.16,  27.54,  27.55,  27.45,  27.47,  27.57,  27.43,  27.08,  26.40,  26.57,  27.36,  27.32,  26.70,  26.31,  26.99,  27.23,  27.29,  27.41,  26.99
19841206, 0000,  , TS,  8.1N,  54.6E,  60,    0,    0,    0,    0,    0,    0,    0,    0,    0,    0,    0,    0,    0, -999,  26.62,  26.90,  26.80,  26.58,  26.68,  26.62,  26.48,  26.35,  27.44,  27.22,  26.82,  26.58,  26.62,  26.43,  26.41,  26.42,  26.44,  26.47,  26.48,  26.13,  26.61,  26.98,  26.95,  26.83,  26.84,  27.22,  27.41,  27.95,  28.11,  27.47,  27.02
19841206, 0600,  , TS,  8.1N,  53.5E,  60,    0,    0,    0,    0,    0,    0,    0,    0,    0,    0,    0,    0,    0, -999,  26.50,  26.80,  26.44,  26.29,  26.44,  26.53,  26.48,  26.42,  27.39,  27.44,  27.50,  27.28,  27.18,  26.96,  26.96,  26.93,  26.92,  26.90,  26.88,  26.62,  26.86,  26.98,  27.03,  26.81,  26.71,  27.03,  27.20,  27.42,  26.92,  26.44,  26.22
19841206, 1200,  , TS,  8.1N,  52.5E,  60,    0,    0,    0,    0,    0,    0,    0,    0,    0,    0,    0,    0,    0, -999,  26.59,  26.49,  26.57,  26.60,  26.35,  26.21,  26.48,  26.91,  27.39,  27.11,  26.98,  26.82,  26.34,  26.01,  26.04,  26.06,  26.08,  26.11,  26.14,  26.59,  26.23,  26.22,  26.36,  26.51,  26.50,  26.67,  26.89,  26.95,  26.79,  26.46,  25.88
19841206, 1800,  , TS,  8.1N,  51.5E,  55,    0,    0,    0,    0,    0,    0,    0,    0,    0,    0,    0,    0,    0, -999,  26.87,  26.70,  27.14,  27.25,  27.07,  26.49,  26.70,  27.03,  27.01,  26.73,  26.61,  26.64,  25.93,  25.38,  25.36,  25.52,  25.71,  25.76,  25.78,  26.85,  26.82,  26.70,  26.96,  27.31,  26.93,  27.05,  27.45,  27.43,  27.27,  26.98,  26.56
19841207, 0000,  , TS,  8.0N,  50.8E,  50,    0,    0,    0,    0,    0,    0,    0,    0,    0,    0,    0,    0,    0, -999,  26.64,  27.10,  27.14,  26.95,  26.59,  26.83,  27.44,  27.43,  27.19,  27.27,  27.48,  26.18,  25.62,  25.61,  25.70,  25.71,  25.74,  25.86,  26.95,  26.80,  26.68,  27.14,  27.47,  27.24,  27.34,  27.65,  27.54,  27.24,  26.78,  26.70,  26.76
19841207, 0600,  , TS,  7.8N,  50.3E,  35,    0,    0,    0,    0,    0,    0,    0,    0,    0,    0,    0,    0,    0, -999,  26.61,  26.72,  26.77,  26.70,  26.41,  26.68,  27.22,  27.38,  27.41,  27.41,  27.50,  26.03,  25.88,  25.88,  26.22,  26.18,  26.16,  26.24,  27.04,  26.76,  26.76,  27.34,  27.57,  27.22,  27.14,  27.42,  27.43,  27.31,  26.88,  26.89,  27.03
19841207, 1200,  , LO,  7.0N,  49.2E,  30,    0,    0,    0,    0,    0,    0,    0,    0,    0,    0,    0,    0,    0, -999,    nan,    nan,    nan,    nan,    nan,    nan,    nan,    nan,    nan,    nan,    nan,    nan,    nan,    nan,    nan,    nan,    nan,    nan,    nan,    nan,    nan,    nan,    nan,    nan,    nan,    nan,    nan,    nan,    nan,    nan,    nan
19841207, 1800,  , LO,  5.7N,  48.3E,  25,    0,    0,    0,    0,    0,    0,    0,    0,    0,    0,    0,    0,    0, -999,    nan,    nan,    nan,    nan,    nan,    nan,    nan,    nan,    nan,    nan,    nan,    nan,    nan,    nan,    nan,    nan,    nan,    nan,    nan,    nan,    nan,    nan,    nan,    nan,    nan,    nan,    nan,    nan,    nan,    nan,    nan
19841208, 0000,  , LO,  5.0N,  47.8E,  20,    0,    0,    0,    0,    0,    0,    0,    0,    0,    0,    0,    0,    0, -999,    nan,    nan,    nan,    nan,    nan,    nan,    nan,    nan,    nan,    nan,    nan,    nan,    nan,    nan,    nan,    nan,    nan,    nan,    nan,    nan,    nan,    nan,    nan,    nan,    nan,    nan,    nan,    nan,    nan,    nan,    nan
19841208, 0600,  , LO,  4.7N,  47.0E,  15,    0,    0,    0,    0,    0,    0,    0,    0,    0,    0,    0,    0,    0, -999,    nan,    nan,    nan,    nan,    nan,    nan,    nan,    nan,    nan,    nan,    nan,    nan,    nan,    nan,    nan,    nan,    nan,    nan,    nan,    nan,    nan,    nan,    nan,    nan,    nan,    nan,    nan,    nan,    nan,    nan,    nan
