IO062006,            UNNAMED,     14,
20061027, 0600,  , DB,  7.4N,  78.1E,  15, 1006,    0,    0,    0,    0,    0,    0,    0,    0,    0,    0,    0,    0, -999,  27.58,  27.72,  28.25,  28.39,  28.51,  28.55,  28.60,  28.19,  28.72,  28.55,  28.49,  28.33,  27.55,  27.49,  27.63,  27.63,  28.08,  28.08,  28.08,  28.07,  28.28,  28.27,  28.51,  28.27,  28.29,  28.43,  28.55,  29.01,  29.07,  28.78,  28.27
20061027, 1200,  , DB,  8.6N,  78.4E,  15, 1006,    0,    0,    0,    0,    0,    0,    0,    0,    0,    0,    0,    0, -999,  28.85,  28.83,  28.66,  28.74,  28.64,  28.79,  29.00,  28.67,  28.49,  28.67,  28.85,  28.80,  28.37,  28.29,  28.17,  27.93,  27.77,  28.09,  28.32,  28.24,  28.24,  28.13,  27.87,  27.64,  27.75,  27.85,  28.16,  28.30,  28.34,  28.17,  27.73
20061027, 1800,  , DB,  9.5N,  79.1E,  15, 1006,    0,    0,    0,    0,    0,    0,    0,    0,    0,    0,    0,    0, -999,  29.23,  29.51,  29.49,  29.75,  29.79,  29.87,  29.92,  29.42,  29.71,  30.04,  29.35,  28.55,  28.20,  28.13,  28.12,  28.04,  28.00,  27.84,  27.69,  27.67,  27.89,  27.81,  27.80,  27.78,  27.81,  27.85,  27.97,  27.92,  28.08,  27.56,  27.38
20061028, 0000,  , DB, 10.3N,  79.7E,  15, 1006,    0,    0,    0,    0,    0,    0,    0,    0,    0,    0,    0,    0, -999,    nan,    nan,    nan,    nan,    nan,    nan,    nan,    nan,    nan,    nan,    nan,    nan,    nan,    nan,    nan,    nan,    nan,    nan,    nan,    nan,    nan,    nan,    nan,    nan,    nan,    nan,    nan,    nan,    nan,    nan,    nan
20061028, 0600,  , DB, 11.2N,  79.9E,  20, 1004,    0,    0,    0,    0,    0,    0,    0,    0,    0,    0,    0,    0, -999,  29.06,  28.99,  28.63,  28.72,  28.75,  28.74,  29.03,  29.07,  29.05,  28.98,  28.89,  28.80,  28.54,  28.47,  28.49,  28.72,  28.65,  28.46,  28.96,  28.75,  28.74,  28.64,  28.54,  28.01,  27.79,  27.75,  27.57,  27.86,  27.83,  27.77,  27.74
20061028, 1200,  , DB, 12.2N,  80.2E,  20, 1004,    0,    0,    0,    0,    0,    0,    0,    0,    0,    0,    0,    0, -999,  29.28,  29.32,  29.47,  29.06,  28.55,  28.33,  28.60,  28.97,  29.08,  29.09,  28.75,  28.47,  28.48,  28.40,  28.17,  28.25,  28.22,  28.20,  28.57,  28.60,  28.57,  28.52,  28.27,  27.90,  27.67,  27.63,  27.57,  27.95,  27.84,  27.59,  27.49
20061028, 1800,  , DB, 13.1N,  80.4E,  25, 1002,    0,    0,    0,    0,    0,    0,    0,    0,    0,    0,    0,    0, -999,  29.19,  29.15,  29.55,  29.34,  29.08,  29.01,  29.26,  29.62,  29.65,  29.56,  29.35,  29.14,  29.15,  29.01,  28.71,  28.56,  28.45,  28.43,  28.42,  28.27,  28.26,  28.06,  27.88,  27.90,  27.94,  27.86,  27.75,  27.71,  27.58,  27.50,  27.41
20061029, 0000,  , DB, 14.2N,  80.5E,  30, 1000,    0,    0,    0,    0,    0,    0,    0,    0,    0,    0,    0,    0, -999,  29.47,  29.88,  30.18,  30.08,  29.94,  29.84,  29.87,  29.88,  29.92,  30.47,  30.67,  30.67,  30.56,  30.45,  30.33,  30.23,  30.14,  30.05,  28.33,  28.18,  28.18,  28.13,  28.48,  28.38,  28.38,  28.29,  27.81,  27.78,  27.80,  27.81,  27.50
20061029, 0600,  , XX, 14.8N,  80.5E,  40,  994,   60,   60,   45,   45,    0,    0,    0,    0,    0,    0,    0,    0, -999,  29.78,  30.35,  30.42,  30.31,  30.38,  30.25,  30.09,  29.95,  29.89,  30.30,  30.42,  30.45,  30.38,  30.31,  30.24,  30.17,  30.10,  30.04,  28.20,  28.13,  28.14,  28.11,  28.70,  28.61,  28.61,  28.50,  27.94,  27.94,  27.95,  27.96,  27.86
20061029, 1200,  , XX, 15.2N,  80.5E,  50,  987,   60,   60,   45,   45,    0,    0,    0,    0,    0,    0,    0,    0, -999,  29.92,  30.46,  30.52,  30.45,  30.63,  30.54,  30.28,  30.10,  30.04,  30.26,  30.29,  30.29,  30.23,  30.18,  30.12,  30.06,  30.00,  29.94,  28.19,  28.14,  28.16,  28.13,  28.80,  28.77,  28.76,  28.65,  28.04,  27.98,  27.98,  28.02,  28.02
20061029, 1800,  , XX, 15.5N,  80.4E,  55,  984,   60,   60,   45,   45,   25,   25,   20,   20,    0,    0,    0,    0, -999,  30.13,  30.39,  30.63,  30.76,  31.10,  30.90,  30.56,  30.41,  30.35,  30.23,  30.14,  30.12,  30.06,  30.01,  29.96,  29.91,  29.86,  29.81,  28.40,  28.25,  28.20,  28.17,  28.86,  28.90,  28.93,  28.81,  28.10,  27.92,  27.94,  28.08,  28.25
20061030, 0000,  , XX, 15.7N,  80.3E,  50,  987,   55,   60,   35,   35,   20,   25,   15,   15,    0,    0,    0,    0, -999,    nan,    nan,    nan,    nan,    nan,    nan,    nan,    nan,    nan,    nan,    nan,    nan,    nan,    nan,    nan,    nan,    nan,    nan,    nan,    nan,    nan,    nan,    nan,    nan,    nan,    nan,    nan,    nan,    nan,    nan,    nan
20061030, 0600,  , XX, 15.9N,  80.1E,  40,  994,   55,   60,   35,   35,    0,    0,    0,    0,    0,    0,    0,    0, -999,    nan,    nan,    nan,    nan,    nan,    nan,    nan,    nan,    nan,    nan,    nan,    nan,    nan,    nan,    nan,    nan,    nan,    nan,    nan,    nan,    nan,    nan,    nan,    nan,    nan,    nan,    nan,    nan,    nan,    nan,    nan
20061030, 1200,  , DB, 16.0N,  79.9E,  30, 1000,    0,    0,    0,    0,    0,    0,    0,    0,    0,    0,    0,    0, -999,    nan,    nan,    nan,    nan,    nan,    nan,    nan,    nan,    nan,    nan,    nan,    nan,    nan,    nan,    nan,    nan,    nan,    nan,    nan,    nan,    nan,    nan,    nan,    nan,    nan,    nan,    nan,    nan,    nan,    nan,    nan
