SH022022,            TERATAI,     45,
20211129, 1200,  , DB,  6.7S, 101.1E,  20, 1007,    0,    0,    0,    0,    0,    0,    0,    0,    0,    0,    0,    0, -999,  28.29,  28.57,  28.49,  28.52,  28.56,  28.56,  28.43,  28.45,  28.50,  28.80,  28.96,  28.84,  28.91,  29.07,  29.15,  29.12,  28.98,  28.89,  28.71,  28.45,  28.31,  28.15,  28.42,  28.50,  28.53,  28.55,  28.49,  28.77,  28.91,  28.96,  28.70
20211129, 1800,  , TD,  6.7S, 101.4E,  25, 1004,    0,    0,    0,    0,    0,    0,    0,    0,    0,    0,    0,    0, -999,  28.33,  28.62,  28.57,  28.56,  28.61,  28.60,  28.42,  28.41,  28.43,  28.79,  28.92,  28.84,  28.90,  29.06,  29.11,  29.08,  28.96,  28.86,  28.68,  28.47,  28.36,  28.09,  28.44,  28.50,  28.53,  28.53,  28.37,  28.74,  28.89,  28.97,  28.75
20211130, 0000,  , TD,  6.7S, 101.7E,  25, 1005,    0,    0,    0,    0,    0,    0,    0,    0,    0,    0,    0,    0, -999,  28.67,  28.67,  28.58,  28.62,  28.62,  28.45,  28.39,  28.40,  28.80,  28.90,  28.83,  28.88,  29.05,  29.07,  29.02,  28.93,  28.84,  28.66,  28.48,  28.37,  27.94,  28.41,  28.46,  28.51,  28.49,  28.30,  28.73,  28.89,  28.99,  28.79,  28.56
20211130, 0600,  , TD,  6.9S, 102.2E,  30, 1003,    0,    0,    0,    0,    0,    0,    0,    0,    0,    0,    0,    0, -999,  28.64,  28.67,  28.42,  28.45,  28.47,  28.28,  28.27,  28.38,  28.82,  28.85,  28.81,  28.80,  29.01,  29.03,  28.99,  28.89,  28.81,  28.63,  28.53,  28.40,  27.61,  28.21,  28.31,  28.42,  28.49,  28.38,  28.71,  28.84,  28.89,  28.71,  28.50
20211130, 1200,  , TS,  7.4S, 102.5E,  35, 1001,   15,   30,    0,    0,    0,    0,    0,    0,    0,    0,    0,    0, -999,  28.46,  28.45,  28.28,  28.51,  28.53,  28.25,  28.21,  28.19,  28.67,  28.78,  28.78,  28.63,  28.68,  28.91,  28.96,  28.88,  28.75,  28.61,  28.54,  28.43,  27.52,  28.14,  28.27,  28.42,  28.63,  28.47,  28.62,  28.82,  28.77,  28.63,  28.49
20211130, 1800,  , TS,  8.2S, 102.6E,  40, 1000,   50,   30,    0,   60,    0,    0,    0,    0,    0,    0,    0,    0, -999,  28.49,  28.47,  28.31,  28.53,  28.53,  28.27,  28.21,  28.08,  28.71,  28.92,  28.85,  28.83,  28.96,  29.05,  29.05,  29.04,  28.87,  28.71,  28.60,  28.55,  27.66,  28.10,  28.14,  28.29,  28.50,  28.43,  28.46,  28.64,  28.58,  28.47,  28.34
20211201, 0000,  , TS,  8.8S, 102.5E,  45, 1001,   50,   50,   45,   50,    0,    0,    0,    0,    0,    0,    0,    0, -999,  28.24,  28.22,  28.40,  28.28,  28.10,  28.11,  27.90,  28.52,  28.81,  28.70,  28.80,  28.79,  28.82,  28.84,  28.83,  28.69,  28.62,  28.53,  28.48,  27.81,  28.01,  28.01,  28.11,  28.25,  28.34,  28.36,  28.48,  28.47,  28.39,  28.28,  28.20
20211201, 0600,  , TS,  9.3S, 102.3E,  45,  999,   50,   50,   45,   50,    0,    0,    0,    0,    0,    0,    0,    0, -999,  27.90,  28.04,  28.22,  28.11,  27.99,  28.18,  27.90,  28.17,  28.17,  28.37,  28.37,  28.25,  28.41,  28.51,  28.54,  28.51,  28.47,  28.36,  28.33,  28.01,  27.99,  28.00,  28.09,  28.26,  28.66,  28.62,  28.62,  28.51,  28.33,  28.21,  28.10
20211201, 1200,  , TS,  9.5S, 102.0E,  45,  999,   45,   50,   45,   45,    0,    0,    0,    0,    0,    0,    0,    0, -999,  27.91,  27.95,  28.06,  28.00,  27.98,  28.06,  27.78,  28.13,  28.24,  28.33,  28.24,  28.15,  28.32,  28.44,  28.51,  28.44,  28.38,  28.26,  28.16,  27.71,  27.94,  27.99,  28.10,  28.23,  28.57,  28.60,  28.60,  28.50,  28.31,  28.15,  28.05
20211201, 1800,  , TS,  9.6S, 101.8E,  40, 1001,   30,   35,   35,   35,    0,    0,    0,    0,    0,    0,    0,    0, -999,  27.81,  27.84,  28.00,  27.90,  27.89,  27.92,  27.74,  28.04,  27.99,  28.24,  28.23,  28.14,  28.30,  28.43,  28.53,  28.51,  28.44,  28.30,  28.17,  27.86,  28.03,  28.06,  28.16,  28.29,  28.66,  28.63,  28.61,  28.49,  28.30,  28.15,  28.04
20211202, 0000,  , TS,  9.8S, 101.2E,  35, 1005,   10,   10,   10,   10,    0,    0,    0,    0,    0,    0,    0,    0, -999,  27.80,  28.13,  27.83,  27.75,  27.76,  27.68,  27.81,  27.80,  28.12,  28.17,  28.12,  28.27,  28.38,  28.49,  28.52,  28.49,  28.35,  28.15,  27.75,  28.07,  28.06,  28.12,  28.21,  28.60,  28.53,  28.47,  28.34,  28.20,  28.06,  27.96,  27.99
20211202, 0600,  , TD,  9.6S, 100.8E,  30, 1007,    0,    0,    0,    0,    0,    0,    0,    0,    0,    0,    0,    0, -999,  27.79,  27.87,  27.78,  27.77,  27.78,  27.58,  27.75,  27.78,  28.04,  28.22,  28.48,  28.51,  28.49,  28.49,  28.35,  28.24,  28.16,  28.06,  27.16,  27.78,  27.97,  28.10,  28.17,  28.49,  28.49,  28.44,  28.37,  28.26,  28.13,  28.07,  28.14
20211202, 1200,  , TD,  9.4S, 100.4E,  30, 1005,    0,    0,    0,    0,    0,    0,    0,    0,    0,    0,    0,    0, -999,  27.90,  27.96,  27.80,  27.90,  27.96,  27.82,  27.96,  27.97,  28.15,  28.32,  28.71,  28.64,  28.56,  28.50,  28.36,  28.23,  28.16,  28.14,  27.15,  27.78,  27.97,  28.16,  28.24,  28.49,  28.52,  28.46,  28.39,  28.25,  28.13,  28.04,  28.08
20211202, 1800,  , TD,  9.1S,  99.7E,  25, 1006,    0,    0,    0,    0,    0,    0,    0,    0,    0,    0,    0,    0, -999,  28.17,  28.16,  27.99,  27.81,  28.09,  28.10,  28.12,  28.13,  28.14,  28.28,  28.51,  28.39,  28.36,  28.44,  28.46,  28.26,  28.21,  28.24,  28.10,  28.13,  28.10,  28.25,  28.31,  28.41,  28.45,  28.31,  28.19,  28.03,  27.95,  27.85,  27.88
20211203, 0000,  , TD,  9.0S,  99.3E,  25, 1007,    0,    0,    0,    0,    0,    0,    0,    0,    0,    0,    0,    0, -999,  28.21,  28.03,  27.78,  27.99,  28.01,  28.03,  28.08,  28.10,  28.23,  28.40,  28.32,  28.31,  28.39,  28.40,  28.20,  28.10,  28.08,  27.95,  27.99,  27.99,  28.17,  28.28,  28.39,  28.47,  28.32,  28.19,  28.03,  27.96,  27.84,  27.88,  27.88
20211203, 0600,  , TD,  8.9S,  98.7E,  25, 1006,    0,    0,    0,    0,    0,    0,    0,    0,    0,    0,    0,    0, -999,  28.13,  27.89,  27.64,  27.73,  27.88,  27.93,  28.01,  28.10,  28.19,  28.30,  28.29,  28.22,  28.25,  28.16,  27.98,  27.82,  27.75,  27.58,  27.76,  27.92,  28.17,  28.38,  28.49,  28.63,  28.55,  28.38,  28.21,  28.15,  28.04,  28.08,  28.09
20211203, 1200,  , TD,  8.7S,  97.9E,  25, 1007,    0,    0,    0,    0,    0,    0,    0,    0,    0,    0,    0,    0, -999,  28.23,  28.04,  27.81,  27.88,  27.95,  27.97,  28.05,  28.05,  27.98,  28.11,  28.21,  28.10,  28.07,  28.11,  28.04,  27.98,  27.92,  27.80,  27.96,  28.21,  28.41,  28.59,  28.74,  28.76,  28.74,  28.59,  28.44,  28.38,  28.29,  28.30,  28.33
20211203, 1800,  , TD,  8.6S,  97.3E,  25, 1004,    0,    0,    0,    0,    0,    0,    0,    0,    0,    0,    0,    0, -999,  28.17,  28.10,  27.95,  28.04,  28.01,  27.95,  28.01,  27.93,  27.78,  27.96,  28.09,  28.01,  28.01,  28.14,  28.14,  28.16,  28.14,  28.05,  28.15,  28.30,  28.42,  28.59,  28.75,  28.72,  28.70,  28.57,  28.42,  28.37,  28.29,  28.32,  28.34
20211204, 0000,  , TD,  8.5S,  96.8E,  25, 1004,    0,    0,    0,    0,    0,    0,    0,    0,    0,    0,    0,    0, -999,  28.17,  28.09,  28.18,  28.07,  27.95,  28.01,  27.94,  27.69,  27.91,  28.08,  28.03,  27.96,  28.06,  28.12,  28.11,  28.08,  28.04,  28.10,  28.24,  28.32,  28.50,  28.70,  28.67,  28.65,  28.53,  28.40,  28.33,  28.32,  28.36,  28.37,  28.36
20211204, 0600,  , TD,  8.3S,  96.3E,  30, 1005,    0,    0,    0,    0,    0,    0,    0,    0,    0,    0,    0,    0, -999,  28.05,  28.08,  28.26,  28.11,  28.07,  28.10,  28.05,  27.81,  28.08,  28.20,  28.16,  28.03,  27.99,  28.09,  27.94,  27.81,  28.02,  28.11,  28.18,  28.23,  28.46,  28.66,  28.68,  28.67,  28.56,  28.44,  28.34,  28.34,  28.38,  28.37,  28.40
20211204, 1200,  , TD,  7.9S,  96.6E,  25, 1007,    0,    0,    0,    0,    0,    0,    0,    0,    0,    0,    0,    0, -999,  28.26,  28.26,  28.54,  28.37,  28.26,  28.43,  28.41,  27.95,  28.17,  28.35,  28.45,  28.37,  28.48,  28.53,  28.26,  28.14,  28.32,  28.38,  28.37,  28.42,  28.56,  28.60,  28.54,  28.58,  28.51,  28.39,  28.31,  28.25,  28.31,  28.26,  28.24
20211204, 1800,  , TD,  7.7S,  97.4E,  25, 1007,    0,    0,    0,    0,    0,    0,    0,    0,    0,    0,    0,    0, -999,  28.31,  28.26,  28.45,  28.45,  28.47,  28.59,  28.60,  28.28,  28.46,  28.56,  28.56,  28.51,  28.65,  28.61,  28.38,  28.14,  28.29,  28.43,  28.49,  28.65,  28.68,  28.61,  28.58,  28.60,  28.51,  28.39,  28.32,  28.27,  28.35,  28.40,  28.22
20211205, 0000,  , DB,  7.5S,  97.7E,  20, 1009,    0,    0,    0,    0,    0,    0,    0,    0,    0,    0,    0,    0, -999,  28.36,  28.42,  28.44,  28.58,  28.66,  28.71,  28.65,  28.66,  28.67,  28.64,  28.65,  28.77,  28.72,  28.52,  28.21,  28.36,  28.49,  28.53,  28.68,  28.70,  28.58,  28.55,  28.60,  28.52,  28.41,  28.34,  28.25,  28.36,  28.47,  28.25,  28.30
20211205, 0600,  , DB,  7.3S,  98.1E,  15, 1010,    0,    0,    0,    0,    0,    0,    0,    0,    0,    0,    0,    0, -999,  28.48,  28.42,  28.47,  28.60,  28.64,  28.70,  28.67,  28.67,  28.66,  28.64,  28.73,  28.82,  28.74,  28.56,  28.32,  28.31,  28.43,  28.55,  28.81,  28.77,  28.62,  28.60,  28.59,  28.54,  28.45,  28.36,  28.29,  28.39,  28.48,  28.25,  28.23
20211205, 1200,  , DB,  8.0S,  99.9E,  15, 1010,    0,    0,    0,    0,    0,    0,    0,    0,    0,    0,    0,    0, -999,  27.45,  28.15,  28.28,  28.38,  28.50,  28.41,  28.48,  28.62,  28.49,  28.39,  28.65,  28.65,  28.50,  28.35,  28.31,  28.21,  28.27,  28.35,  28.58,  28.66,  28.70,  28.64,  28.56,  28.49,  28.34,  28.26,  28.22,  28.23,  28.30,  28.31,  27.80
20211205, 1800,  , DB,  8.3S, 101.1E,  15, 1010,    0,    0,    0,    0,    0,    0,    0,    0,    0,    0,    0,    0, -999,  28.14,  28.53,  28.48,  28.74,  28.92,  28.55,  28.64,  28.72,  28.68,  28.71,  28.82,  28.79,  28.61,  28.50,  28.44,  27.46,  27.94,  28.15,  28.38,  28.52,  28.61,  28.71,  28.65,  28.52,  28.37,  28.30,  28.30,  28.27,  28.32,  28.27,  28.23
20211206, 0000,  , TD,  8.6S, 102.6E,  30, 1007,    0,    0,    0,    0,    0,    0,    0,    0,    0,    0,    0,    0, -999,  28.11,  27.90,  28.52,  28.81,  28.70,  28.80,  28.79,  28.82,  28.84,  28.83,  28.69,  28.62,  28.53,  28.48,  27.81,  28.01,  28.01,  28.11,  28.25,  28.34,  28.36,  28.48,  28.47,  28.39,  28.28,  28.20,  28.19,  28.24,  28.04,  27.87,  28.03
20211206, 0600,  , TD,  8.7S, 103.5E,  30, 1006,    0,    0,    0,    0,    0,    0,    0,    0,    0,    0,    0,    0, -999,  27.77,  27.83,  28.37,  28.49,  28.38,  28.43,  28.72,  28.86,  28.92,  28.86,  28.73,  28.74,  28.75,  28.77,  28.33,  28.46,  28.42,  28.41,  28.48,  28.51,  28.47,  28.56,  28.50,  28.38,  28.28,  28.21,  28.19,  28.23,  28.13,  27.90,  28.08
20211206, 1200,  , TD,  8.9S, 104.3E,  25, 1008,    0,    0,    0,    0,    0,    0,    0,    0,    0,    0,    0,    0, -999,  27.83,  27.83,  28.29,  28.35,  28.36,  28.27,  28.66,  28.90,  28.99,  28.99,  28.83,  28.81,  28.82,  28.53,  27.95,  28.38,  28.60,  28.55,  28.71,  28.98,  28.95,  28.93,  28.85,  28.71,  28.52,  28.37,  28.27,  28.46,  28.60,  28.50,  28.72
20211206, 1800,  , TD,  9.1S, 105.1E,  30, 1004,    0,    0,    0,    0,    0,    0,    0,    0,    0,    0,    0,    0, -999,  28.11,  28.03,  28.27,  28.33,  28.35,  28.24,  28.38,  28.83,  28.98,  28.96,  28.77,  28.74,  28.79,  28.73,  27.87,  28.21,  28.58,  28.58,  28.76,  28.93,  28.93,  28.91,  28.80,  28.70,  28.55,  28.36,  28.17,  28.39,  28.60,  28.58,  28.86
20211207, 0000,  , TD,  9.9S, 106.2E,  25, 1006,    0,    0,    0,    0,    0,    0,    0,    0,    0,    0,    0,    0, -999,  27.75,  27.92,  28.10,  28.23,  28.21,  28.42,  28.58,  28.69,  28.73,  28.72,  28.74,  28.75,  28.76,  27.71,  27.80,  28.24,  28.26,  28.43,  28.57,  28.52,  28.51,  28.50,  28.39,  28.32,  28.17,  27.97,  28.39,  28.53,  28.47,  28.48,  28.49
20211207, 0600,  , TD, 10.9S, 106.5E,  30, 1004,    0,    0,    0,    0,    0,    0,    0,    0,    0,    0,    0,    0, -999,  27.35,  27.51,  27.59,  27.84,  27.75,  28.19,  28.37,  28.47,  28.44,  28.33,  28.27,  28.18,  28.08,  27.88,  28.02,  27.96,  27.87,  28.04,  28.28,  28.21,  28.14,  28.12,  27.92,  27.78,  27.64,  27.63,  27.97,  27.83,  27.75,  27.61,  28.03
20211207, 1200,  , TS, 11.4S, 106.4E,  35, 1001,   10,   10,   10,   30,    0,    0,    0,    0,    0,    0,    0,    0, -999,  27.54,  27.60,  27.56,  27.74,  27.77,  28.25,  28.32,  28.36,  28.30,  28.16,  28.08,  28.00,  27.77,  27.85,  27.98,  27.80,  27.80,  28.04,  28.33,  28.19,  28.08,  28.06,  27.82,  27.67,  27.57,  27.57,  27.80,  27.66,  27.55,  27.21,  27.37
20211207, 1800,  , TS, 12.0S, 106.8E,  35, 1004,   10,   10,   15,   40,    0,    0,    0,    0,    0,    0,    0,    0, -999,  27.70,  27.76,  27.77,  27.99,  28.02,  28.37,  28.42,  28.51,  28.44,  28.31,  28.25,  28.18,  27.92,  27.87,  27.91,  27.89,  27.82,  27.98,  28.30,  28.10,  28.04,  27.97,  27.76,  27.64,  27.59,  27.58,  27.62,  27.53,  27.53,  27.44,  27.57
20211208, 0000,  , TS, 12.5S, 106.3E,  35, 1005,   10,   20,   30,   55,    0,    0,    0,    0,    0,    0,    0,    0, -999,  27.52,  27.40,  27.66,  27.95,  28.20,  28.28,  28.43,  28.46,  28.34,  28.24,  28.14,  27.86,  27.92,  27.98,  28.04,  27.97,  28.05,  28.35,  28.15,  28.10,  28.05,  27.86,  27.72,  27.66,  27.62,  27.61,  27.52,  27.51,  27.58,  27.73,  27.92
20211208, 0600,  , TS, 13.1S, 105.8E,  35, 1004,   30,   10,   45,   55,    0,    0,    0,    0,    0,    0,    0,    0, -999,  27.19,  27.08,  27.21,  27.72,  27.90,  28.10,  28.33,  28.37,  28.42,  28.34,  28.31,  28.19,  28.05,  28.02,  28.05,  27.84,  27.98,  28.37,  28.10,  28.08,  28.05,  27.84,  27.82,  27.82,  27.74,  27.66,  27.52,  27.55,  27.70,  28.02,  27.90
20211208, 1200,  , TS, 13.6S, 105.2E,  35, 1005,   40,    0,   60,   60,    0,    0,    0,    0,    0,    0,    0,    0, -999,  26.58,  26.65,  27.02,  27.41,  27.52,  27.60,  27.72,  27.85,  28.09,  28.15,  28.09,  28.06,  28.03,  28.20,  28.25,  27.98,  28.00,  28.29,  28.13,  28.16,  28.12,  27.83,  27.73,  27.73,  27.74,  27.69,  27.58,  27.48,  27.62,  27.82,  27.77
20211208, 1800,  , TS, 13.9S, 104.6E,  45, 1000,   50,   20,   30,   50,    0,    0,    0,    0,    0,    0,    0,    0, -999,  26.08,  26.28,  26.60,  26.83,  26.92,  26.90,  26.87,  26.98,  27.16,  27.22,  27.26,  27.32,  27.34,  27.71,  27.81,  27.90,  27.99,  28.19,  28.06,  28.11,  28.09,  27.80,  27.69,  27.65,  27.67,  27.67,  27.58,  27.44,  27.53,  27.70,  27.70
20211209, 0000,  , TD, 14.2S, 103.9E,  30, 1008,    0,    0,    0,    0,    0,    0,    0,    0,    0,    0,    0,    0, -999,  26.39,  26.43,  26.45,  26.55,  26.57,  26.52,  26.61,  26.60,  26.44,  26.42,  26.38,  26.48,  26.80,  27.04,  27.49,  27.68,  27.91,  28.01,  28.11,  28.09,  27.84,  27.76,  27.55,  27.58,  27.60,  27.48,  27.45,  27.49,  27.62,  27.64,  27.69
20211209, 0600,  , TD, 14.4S, 103.1E,  25, 1008,    0,    0,    0,    0,    0,    0,    0,    0,    0,    0,    0,    0, -999,  26.01,  25.94,  26.02,  26.14,  26.14,  26.05,  26.13,  26.18,  26.01,  26.00,  25.94,  26.00,  26.12,  26.28,  26.65,  26.99,  27.11,  27.32,  27.57,  27.68,  27.61,  27.57,  27.35,  27.34,  27.34,  27.33,  27.34,  27.43,  27.55,  27.56,  27.62
20211209, 1200,  , TD, 14.6S, 102.3E,  25, 1008,    0,    0,    0,    0,    0,    0,    0,    0,    0,    0,    0,    0, -999,  25.68,  25.86,  26.07,  26.17,  26.28,  26.28,  26.32,  26.31,  26.22,  26.17,  26.14,  26.17,  26.16,  26.27,  26.39,  26.69,  26.78,  26.80,  26.85,  26.91,  26.95,  27.09,  27.07,  27.20,  27.21,  27.25,  27.35,  27.47,  27.60,  27.64,  27.73
20211209, 1800,  , TD, 14.9S, 101.6E,  25, 1008,    0,    0,    0,    0,    0,    0,    0,    0,    0,    0,    0,    0, -999,  25.82,  25.98,  26.21,  26.29,  26.50,  26.57,  26.59,  26.56,  26.57,  26.58,  26.55,  26.55,  26.49,  26.56,  26.62,  26.76,  26.85,  26.80,  26.74,  26.63,  26.48,  26.42,  26.32,  26.52,  26.60,  26.76,  27.00,  27.28,  27.47,  27.60,  27.75
20211210, 0000,  , DB, 15.1S, 100.8E,  20, 1007,    0,    0,    0,    0,    0,    0,    0,    0,    0,    0,    0,    0, -999,  25.74,  26.02,  26.17,  26.46,  26.56,  26.57,  26.55,  26.55,  26.54,  26.48,  26.43,  26.39,  26.48,  26.52,  26.69,  26.90,  26.91,  26.87,  26.80,  26.63,  26.45,  26.25,  26.26,  26.18,  26.18,  26.20,  26.31,  26.52,  26.71,  26.93,  27.10
20211210, 0600,  , DB, 15.3S,  99.7E,  20, 1007,    0,    0,    0,    0,    0,    0,    0,    0,    0,    0,    0,    0, -999,  25.72,  25.85,  25.88,  26.00,  26.03,  26.03,  26.06,  26.17,  26.23,  26.27,  26.34,  26.45,  26.62,  26.78,  26.82,  27.09,  27.16,  27.08,  27.05,  26.99,  26.80,  26.67,  26.68,  26.67,  26.66,  26.67,  26.69,  26.84,  26.89,  26.92,  26.95
20211210, 1200,  , DB, 15.9S,  98.7E,  15, 1010,    0,    0,    0,    0,    0,    0,    0,    0,    0,    0,    0,    0, -999,  25.65,  25.74,  25.77,  25.86,  25.88,  25.87,  25.92,  25.93,  26.02,  26.09,  26.23,  26.37,  26.48,  26.55,  26.57,  26.81,  26.87,  26.79,  26.80,  26.77,  26.68,  26.61,  26.59,  26.60,  26.62,  26.66,  26.70,  26.85,  26.89,  26.90,  26.93
