SH072010,             EDZANI,     55,
20100101, 1200,  , DB,  9.2S,  95.7E,  15, 1010,    0,    0,    0,    0,    0,    0,    0,    0,    0,    0,    0,    0, -999,  28.05,  28.44,  28.83,  28.59,  28.62,  28.71,  28.65,  28.56,  28.44,  28.45,  28.58,  28.82,  29.19,  29.01,  28.82,  28.96,  29.06,  28.50,  28.30,  28.17,  28.01,  28.07,  28.32,  28.53,  28.57,  28.63,  29.07,  28.58,  28.67,  28.73,  28.77
20100101, 1800,  , TD,  9.8S,  95.3E,  25, 1004,    0,    0,    0,    0,    0,    0,    0,    0,    0,    0,    0,    0, -999,  27.87,  28.03,  28.39,  28.38,  28.22,  28.49,  28.77,  28.55,  28.39,  28.50,  28.58,  28.51,  28.88,  28.41,  28.44,  28.52,  28.63,  28.50,  27.83,  27.75,  27.65,  27.72,  27.86,  27.95,  27.88,  28.03,  28.55,  28.40,  28.59,  28.48,  28.58
20100102, 0000,  , TD, 10.2S,  94.7E,  25, 1004,    0,    0,    0,    0,    0,    0,    0,    0,    0,    0,    0,    0, -999,  27.35,  27.92,  27.77,  27.68,  27.94,  28.09,  28.07,  28.15,  28.24,  28.47,  28.47,  28.57,  28.28,  28.14,  28.14,  28.03,  28.55,  27.01,  26.89,  26.85,  26.90,  27.42,  27.61,  27.58,  27.77,  27.97,  27.92,  27.98,  28.00,  28.20,  28.26
20100102, 0600,  , TD, 10.4S,  94.0E,  30, 1000,    0,    0,    0,    0,    0,    0,    0,    0,    0,    0,    0,    0, -999,  27.65,  28.07,  28.30,  28.41,  28.26,  27.84,  27.08,  27.09,  27.10,  27.18,  27.12,  27.12,  27.04,  27.11,  27.23,  27.18,  27.05,  26.97,  26.88,  26.85,  26.73,  27.49,  27.59,  27.45,  27.32,  27.64,  28.00,  28.14,  28.26,  28.50,  28.50
20100102, 1200,  , TD, 10.4S,  93.3E,  30, 1000,    0,    0,    0,    0,    0,    0,    0,    0,    0,    0,    0,    0, -999,  27.52,  27.66,  27.79,  28.02,  27.94,  27.87,  27.59,  27.59,  27.43,  27.40,  27.45,  27.23,  26.96,  26.97,  27.19,  27.27,  26.97,  26.88,  26.59,  26.57,  26.28,  26.61,  27.09,  27.36,  27.60,  28.05,  28.34,  28.34,  28.19,  28.43,  28.49
20100102, 1800,  , TD, 10.4S,  93.1E,  30, 1000,    0,    0,    0,    0,    0,    0,    0,    0,    0,    0,    0,    0, -999,  27.65,  27.66,  27.94,  28.10,  28.03,  27.89,  27.42,  27.41,  27.34,  27.37,  27.50,  27.22,  27.03,  27.08,  27.38,  27.24,  26.94,  26.81,  26.55,  26.55,  26.19,  26.63,  27.02,  27.30,  27.62,  28.16,  28.41,  28.29,  28.05,  28.41,  28.62
20100103, 0000,  , TD, 10.3S,  92.9E,  30, 1000,    0,    0,    0,    0,    0,    0,    0,    0,    0,    0,    0,    0, -999,  27.78,  27.72,  27.99,  28.22,  28.15,  27.57,  27.47,  27.39,  27.43,  27.58,  27.32,  27.16,  27.17,  27.39,  27.39,  27.05,  26.98,  26.62,  26.87,  26.70,  27.09,  27.38,  27.62,  27.82,  28.26,  28.24,  28.08,  28.22,  28.61,  28.65,  28.46
20100103, 0600,  , TD, 10.2S,  92.8E,  25, 1004,    0,    0,    0,    0,    0,    0,    0,    0,    0,    0,    0,    0, -999,  27.88,  27.81,  27.95,  28.21,  28.33,  27.64,  27.41,  27.36,  27.43,  27.61,  27.40,  27.28,  27.30,  27.47,  27.41,  27.11,  27.06,  26.82,  26.87,  26.72,  27.09,  27.39,  27.75,  27.97,  28.25,  28.29,  28.28,  28.30,  28.55,  28.71,  28.58
20100103, 1200,  , TD, 10.4S,  92.4E,  25, 1004,    0,    0,    0,    0,    0,    0,    0,    0,    0,    0,    0,    0, -999,  28.33,  28.11,  28.14,  28.15,  28.28,  27.83,  27.68,  27.62,  27.73,  27.84,  27.65,  27.53,  27.55,  27.47,  27.28,  26.95,  27.09,  26.78,  26.24,  26.33,  27.31,  27.45,  27.48,  27.52,  27.82,  28.05,  28.03,  27.91,  28.29,  28.58,  28.50
20100103, 1800,  , TD, 10.4S,  91.8E,  25, 1004,    0,    0,    0,    0,    0,    0,    0,    0,    0,    0,    0,    0, -999,  27.94,  28.05,  28.29,  28.54,  28.37,  28.19,  28.13,  28.01,  28.08,  28.16,  27.92,  27.74,  27.64,  27.63,  27.39,  27.14,  27.26,  26.66,  26.93,  27.12,  27.26,  27.37,  27.25,  27.14,  27.47,  27.70,  27.68,  27.64,  27.93,  28.17,  28.06
20100104, 0000,  , TD, 10.4S,  90.4E,  25, 1004,    0,    0,    0,    0,    0,    0,    0,    0,    0,    0,    0,    0, -999,  28.28,  28.41,  28.54,  28.28,  28.13,  27.93,  27.93,  28.08,  28.15,  27.77,  27.77,  27.73,  27.78,  27.85,  27.54,  27.64,  27.32,  26.96,  26.86,  27.13,  27.66,  27.18,  27.22,  27.31,  27.48,  27.56,  27.60,  27.73,  27.88,  27.57,  27.74
20100104, 0600,  , TD, 10.4S,  89.2E,  25, 1004,    0,    0,    0,    0,    0,    0,    0,    0,    0,    0,    0,    0, -999,  28.33,  28.19,  28.15,  28.36,  28.22,  28.12,  28.35,  28.57,  28.61,  28.54,  28.46,  28.25,  28.13,  27.93,  27.60,  27.78,  27.64,  27.47,  27.58,  27.85,  28.10,  27.98,  27.83,  27.81,  28.06,  28.19,  28.26,  28.21,  28.51,  28.35,  28.36
20100104, 1200,  , TD, 10.3S,  88.3E,  30, 1000,    0,    0,    0,    0,    0,    0,    0,    0,    0,    0,    0,    0, -999,  28.46,  28.47,  28.45,  28.19,  27.98,  28.17,  28.36,  28.12,  28.46,  28.62,  28.57,  28.57,  28.45,  28.57,  28.57,  27.99,  27.86,  27.71,  27.75,  27.81,  27.80,  27.79,  27.90,  27.89,  28.09,  28.29,  28.19,  28.10,  28.00,  27.94,  28.38
20100104, 1800,  , TD, 10.8S,  87.6E,  30, 1000,    0,    0,    0,    0,    0,    0,    0,    0,    0,    0,    0,    0, -999,  28.72,  28.76,  28.75,  28.54,  28.56,  28.54,  28.45,  28.05,  28.35,  28.38,  28.55,  28.46,  28.19,  28.10,  27.95,  28.09,  28.22,  28.16,  28.15,  28.10,  28.05,  27.73,  27.68,  27.74,  27.78,  27.91,  27.80,  27.93,  27.80,  27.94,  28.54
20100105, 0000,  , TD, 11.0S,  86.7E,  30, 1000,    0,    0,    0,    0,    0,    0,    0,    0,    0,    0,    0,    0, -999,  28.27,  28.38,  27.84,  27.70,  28.12,  28.44,  28.69,  28.66,  28.58,  28.53,  28.37,  28.33,  28.46,  28.37,  28.28,  28.32,  28.22,  28.33,  28.32,  28.29,  28.19,  27.82,  27.98,  28.31,  28.48,  28.25,  27.99,  28.00,  27.97,  28.23,  28.48
20100105, 0600,  , TD, 11.3S,  85.8E,  30, 1000,    0,    0,    0,    0,    0,    0,    0,    0,    0,    0,    0,    0, -999,  27.80,  27.93,  27.83,  27.73,  27.70,  27.71,  27.80,  27.79,  27.88,  28.06,  28.47,  28.68,  28.88,  28.72,  28.42,  28.43,  28.39,  28.43,  28.32,  28.29,  28.40,  28.36,  28.35,  28.34,  28.48,  28.51,  28.45,  28.31,  28.25,  28.21,  28.20
20100105, 1200,  , TD, 11.8S,  85.1E,  30, 1000,    0,    0,    0,    0,    0,    0,    0,    0,    0,    0,    0,    0, -999,  27.83,  27.77,  27.29,  27.41,  27.31,  27.46,  27.49,  27.65,  27.84,  27.96,  28.02,  28.02,  28.06,  28.00,  27.73,  27.56,  27.69,  27.83,  28.01,  27.95,  28.28,  28.20,  28.25,  28.34,  28.37,  28.37,  28.40,  28.39,  28.39,  28.37,  28.38
20100105, 1800,  , TD, 12.3S,  84.5E,  30, 1000,    0,    0,    0,    0,    0,    0,    0,    0,    0,    0,    0,    0, -999,  27.71,  27.65,  27.00,  27.15,  27.08,  27.23,  27.27,  27.42,  27.52,  27.71,  27.82,  27.89,  28.15,  28.26,  27.78,  27.71,  27.78,  27.59,  27.59,  27.57,  28.03,  28.02,  28.19,  28.31,  28.30,  28.33,  28.39,  28.40,  28.52,  28.73,  28.82
20100106, 0000,  , TS, 12.4S,  83.6E,  35,  996,    0,    0,    0,    0,    0,    0,    0,    0,    0,    0,    0,    0, -999,  27.95,  27.73,  27.69,  27.67,  27.70,  27.79,  27.85,  27.87,  28.04,  28.09,  28.11,  28.28,  28.33,  28.17,  28.01,  27.95,  28.19,  28.34,  28.06,  28.01,  28.10,  27.91,  27.82,  27.91,  28.12,  28.32,  28.38,  28.49,  28.77,  28.91,  28.93
20100106, 0600,  , TS, 12.6S,  82.7E,  40,  993,   40,   40,   40,   40,    0,    0,    0,    0,    0,    0,    0,    0, -999,  27.79,  27.60,  27.69,  27.81,  28.03,  28.21,  28.34,  28.33,  28.60,  28.31,  28.09,  28.29,  28.58,  28.62,  28.75,  28.83,  28.86,  28.88,  28.21,  28.01,  28.05,  28.14,  28.25,  28.35,  28.26,  27.98,  28.03,  28.04,  28.64,  28.72,  28.69
20100106, 1200,  , TS, 13.1S,  81.8E,  45,  989,   40,   40,   40,   40,    0,    0,    0,    0,    0,    0,    0,    0, -999,  27.77,  27.58,  27.71,  27.96,  28.19,  28.22,  28.31,  28.42,  28.57,  28.46,  28.25,  28.26,  28.48,  28.57,  28.66,  28.84,  28.90,  28.85,  28.51,  28.37,  28.39,  28.47,  28.55,  28.62,  28.58,  28.69,  28.85,  28.70,  28.93,  28.66,  28.73
20100106, 1800,  , TS, 13.6S,  81.0E,  45,  989,   40,   45,   45,   40,    0,    0,    0,    0,    0,    0,    0,    0, -999,  28.06,  27.87,  27.82,  28.12,  28.49,  28.60,  28.81,  28.70,  28.80,  28.91,  28.75,  28.62,  28.77,  28.76,  28.69,  28.81,  28.91,  28.45,  28.07,  27.69,  27.89,  28.04,  28.08,  28.24,  28.01,  28.38,  28.67,  28.77,  28.81,  28.48,  28.69
20100107, 0000,  , TS, 13.8S,  80.4E,  60,  978,   40,   45,   45,   35,   25,   25,   25,   25,    0,    0,    0,    0, -999,  28.41,  28.41,  28.60,  28.74,  28.81,  29.23,  29.34,  29.34,  29.25,  28.93,  28.77,  29.00,  29.04,  28.99,  28.88,  28.97,  28.72,  28.55,  28.14,  28.12,  28.32,  28.32,  28.20,  28.14,  28.20,  28.38,  28.61,  28.83,  28.45,  28.60,  28.61
20100107, 0600,  , HU, 14.1S,  80.0E,  80,  963,   55,   60,   60,   50,   35,   40,   40,   30,   20,   20,   20,   20, -999,  28.42,  28.42,  28.41,  28.63,  28.12,  28.70,  28.92,  29.14,  29.14,  28.89,  28.79,  29.02,  29.02,  28.99,  28.96,  29.04,  28.97,  27.78,  27.54,  27.75,  27.87,  28.22,  28.16,  28.48,  28.53,  28.64,  28.69,  28.73,  28.48,  28.56,  28.51
20100107, 1200,  , HU, 14.6S,  79.7E, 105,  944,   75,   85,   80,   70,   50,   55,   50,   40,   35,   35,   35,   35, -999,  27.53,  27.58,  27.62,  27.64,  27.40,  27.13,  27.13,  27.12,  27.41,  27.52,  27.74,  28.05,  28.16,  28.41,  28.45,  28.70,  28.43,  27.51,  27.19,  27.64,  27.78,  27.90,  28.11,  28.17,  28.43,  28.53,  28.68,  28.75,  28.77,  29.00,  28.93
20100107, 1800,  , HU, 14.9S,  78.9E, 120,  933,   90,  105,  110,  100,   50,   60,   55,   50,   35,   40,   40,   35, -999,  28.66,  28.60,  28.66,  28.78,  28.87,  28.55,  28.46,  28.30,  28.28,  28.23,  28.16,  28.17,  28.26,  28.67,  28.87,  28.87,  28.95,  28.73,  28.23,  28.19,  28.06,  28.12,  28.12,  28.45,  28.55,  28.49,  28.58,  28.49,  28.65,  28.77,  28.81
20100108, 0000,  , HU, 15.2S,  78.3E, 125,  929,  105,  120,  115,  105,   55,   65,   60,   55,   35,   40,   40,   35, -999,  28.32,  28.22,  28.98,  29.31,  29.38,  29.26,  28.81,  28.71,  28.73,  28.92,  29.07,  28.94,  28.81,  28.77,  28.70,  28.69,  28.58,  28.08,  28.10,  27.89,  27.74,  27.50,  27.94,  28.09,  28.29,  28.52,  28.59,  28.60,  28.66,  28.51,  28.49
20100108, 0600,  , HU, 15.6S,  77.7E, 125,  929,  105,  120,  115,  105,   55,   65,   60,   55,   35,   40,   40,   35, -999,  27.48,  27.63,  28.26,  28.35,  28.59,  28.76,  28.88,  29.12,  29.09,  29.03,  28.97,  28.97,  28.77,  28.49,  28.02,  27.70,  28.01,  27.78,  27.90,  27.76,  28.01,  27.30,  27.48,  27.36,  27.63,  27.98,  28.41,  28.75,  28.74,  28.66,  28.61
20100108, 1200,  , XX, 16.1S,  77.1E, 140,  918,  115,  130,  125,  115,   60,   70,   65,   60,   35,   40,   40,   35, -999,  27.75,  27.82,  27.89,  27.73,  27.64,  27.62,  27.54,  27.53,  27.48,  27.60,  27.98,  28.03,  27.58,  27.59,  27.64,  27.47,  27.45,  27.43,  27.83,  27.79,  27.93,  27.44,  27.11,  27.12,  27.30,  27.47,  27.68,  27.86,  27.99,  28.28,  28.31
20100108, 1800,  , XX, 16.4S,  76.2E, 140,  918,  115,  130,  125,  115,   60,   70,   65,   60,   35,   40,   40,   35, -999,  27.81,  27.97,  28.14,  28.27,  28.14,  27.99,  27.62,  27.59,  27.59,  27.90,  28.06,  28.33,  28.45,  28.35,  28.34,  28.04,  27.54,  27.65,  27.24,  27.39,  27.86,  27.00,  27.20,  27.41,  27.85,  27.69,  27.49,  28.00,  27.83,  27.95,  27.88
20100109, 0000,  , XX, 17.0S,  75.4E, 130,  926,  140,  150,  105,  100,   50,   55,   45,   45,   30,   35,   35,   30, -999,  26.79,  26.80,  27.02,  27.58,  27.74,  27.50,  27.32,  27.39,  27.64,  27.77,  27.91,  27.88,  27.80,  27.60,  27.50,  26.91,  26.94,  26.93,  27.12,  27.72,  27.32,  27.24,  26.87,  27.11,  26.98,  27.27,  27.62,  27.56,  27.57,  27.43,  27.33
20100109, 0600,  , HU, 17.6S,  74.7E, 120,  933,  115,  125,  125,  105,   50,   60,   60,   50,   25,   35,   35,   25, -999,  26.51,  26.61,  26.57,  26.73,  26.73,  26.75,  26.70,  26.52,  26.51,  26.63,  26.72,  26.88,  26.88,  26.88,  27.48,  27.08,  26.82,  26.75,  26.92,  27.45,  27.29,  27.45,  27.45,  27.71,  27.57,  27.55,  27.40,  27.58,  27.63,  27.56,  27.51
20100109, 1200,  , HU, 18.2S,  73.7E, 115,  937,   90,  110,  110,   90,   45,   55,   55,   45,   25,   30,   30,   25, -999,  26.31,  26.43,  26.48,  26.56,  26.65,  26.75,  26.65,  26.61,  26.55,  26.50,  26.52,  26.82,  27.11,  27.02,  26.57,  26.43,  25.69,  25.69,  25.93,  26.40,  27.13,  27.21,  27.17,  27.74,  27.59,  27.73,  27.70,  27.51,  27.56,  27.64,  27.73
20100109, 1800,  , HU, 19.1S,  73.0E, 110,  941,  110,  120,  120,  115,   60,   85,   85,   65,   40,   55,   55,   40, -999,  25.55,  25.48,  25.60,  25.69,  25.68,  25.88,  26.07,  25.66,  25.65,  26.20,  26.61,  26.62,  26.75,  26.88,  26.76,  26.69,  26.31,  25.50,  26.26,  26.55,  26.72,  27.02,  27.18,  27.30,  27.41,  27.32,  27.37,  27.64,  27.49,  27.63,  27.73
20100110, 0000,  , HU, 20.0S,  72.3E, 105,  944,  110,  120,  120,  115,   55,   80,   80,   55,   35,   45,   45,   35, -999,  25.39,  25.17,  25.23,  25.27,  25.47,  25.53,  25.63,  25.79,  25.76,  25.67,  25.70,  26.01,  26.24,  26.48,  26.70,  26.02,  24.68,  25.21,  25.49,  26.02,  26.41,  26.25,  26.45,  26.76,  26.63,  26.58,  26.57,  26.56,  26.90,  27.01,  27.23
20100110, 0600,  , HU, 21.0S,  71.7E, 100,  948,  110,  120,  120,  115,   50,   70,   70,   50,   35,   40,   40,   35, -999,  25.40,  25.22,  25.25,  25.18,  25.41,  25.55,  25.60,  25.52,  25.92,  25.77,  25.76,  25.87,  25.86,  25.95,  26.17,  25.76,  24.13,  23.99,  25.17,  25.67,  26.13,  26.11,  26.30,  26.49,  26.53,  26.38,  26.33,  26.34,  26.56,  26.46,  26.69
20100110, 1200,  , HU, 22.2S,  71.3E,  90,  956,  110,  120,  120,  115,   45,   65,   65,   45,   30,   35,   35,   30, -999,  25.61,  25.44,  25.15,  25.32,  25.30,  25.28,  25.43,  25.49,  25.79,  25.91,  25.95,  26.21,  26.27,  26.28,  26.26,  26.24,  24.62,  24.47,  25.22,  25.64,  25.93,  26.16,  26.40,  26.45,  26.28,  26.32,  26.48,  26.65,  26.91,  26.77,  26.76
20100110, 1800,  , HU, 23.4S,  71.3E,  75,  967,  110,  120,  120,  115,   45,   65,   65,   45,   30,   35,   35,   30, -999,  25.79,  25.63,  25.58,  25.57,  25.57,  25.49,  25.48,  25.64,  25.74,  25.91,  26.03,  26.45,  26.64,  26.70,  26.61,  26.70,  25.17,  24.26,  25.21,  25.63,  25.98,  26.21,  26.29,  25.81,  25.67,  25.91,  25.95,  25.89,  26.08,  25.92,  25.96
20100111, 0000,  , HU, 24.2S,  71.3E,  70,  970,  110,  120,  120,  115,   45,   65,   65,   45,   15,   15,   15,   15, -999,  25.21,  25.12,  25.06,  25.06,  24.98,  24.93,  25.00,  25.13,  25.38,  25.79,  26.40,  26.70,  26.60,  26.57,  26.54,  24.85,  24.08,  24.21,  24.67,  24.93,  25.51,  25.47,  24.84,  24.92,  25.16,  25.25,  25.34,  25.53,  25.55,  25.68,  25.89
20100111, 0600,  , TS, 24.9S,  71.8E,  60,  978,  100,  110,  110,  105,   45,   55,   55,   45,    0,    0,    0,    0, -999,  25.10,  25.09,  25.09,  25.08,  25.00,  25.01,  25.09,  25.15,  25.35,  25.98,  26.72,  27.09,  26.68,  26.47,  26.23,  25.51,  24.79,  24.65,  24.70,  24.96,  25.77,  25.71,  25.07,  24.93,  25.07,  25.16,  25.30,  25.34,  25.31,  25.46,  25.69
20100111, 1200,  , TS, 25.4S,  72.4E,  50,  985,  100,  100,   80,   80,    0,    0,    0,    0,    0,    0,    0,    0, -999,  24.94,  24.91,  24.89,  24.93,  24.85,  24.93,  24.98,  25.03,  25.14,  25.67,  26.22,  26.63,  26.37,  26.09,  26.05,  25.68,  24.98,  24.48,  24.45,  24.62,  25.30,  25.05,  24.73,  24.59,  24.78,  24.95,  25.21,  25.49,  25.46,  25.33,  25.48
20100111, 1800,  , TS, 25.8S,  73.1E,  45,  989,  100,  100,   80,   80,    0,    0,    0,    0,    0,    0,    0,    0, -999,  25.02,  25.07,  25.09,  25.07,  25.07,  25.19,  25.20,  25.29,  25.46,  25.78,  26.11,  26.45,  26.23,  25.95,  26.11,  26.02,  25.22,  24.45,  24.19,  24.28,  24.66,  24.43,  24.30,  24.32,  24.51,  24.69,  24.95,  25.40,  25.36,  25.15,  25.18
20100112, 0000,  , TS, 26.0S,  72.4E,  45,  989,   75,   95,   95,   75,    0,    0,    0,    0,    0,    0,    0,    0, -999,  25.22,  25.20,  25.23,  25.37,  25.46,  25.48,  25.49,  25.63,  25.99,  26.09,  26.30,  26.31,  26.26,  26.53,  26.51,  25.37,  23.79,  23.81,  24.25,  24.89,  24.86,  24.61,  24.62,  24.85,  25.10,  25.33,  25.59,  25.51,  25.24,  25.18,  24.87
20100112, 0600,  , TS, 26.0S,  71.6E,  45,  989,   75,   95,   95,   75,    0,    0,    0,    0,    0,    0,    0,    0, -999,  25.48,  25.46,  25.40,  25.33,  25.31,  25.36,  25.38,  25.49,  25.94,  25.96,  26.40,  26.44,  26.63,  26.46,  26.34,  25.13,  24.83,  24.75,  24.71,  25.24,  25.18,  25.22,  25.34,  25.54,  25.58,  25.64,  25.69,  25.50,  25.30,  25.35,  25.27
20100112, 1200,  , TS, 26.4S,  70.7E,  45,  989,   75,   95,   95,   75,    0,    0,    0,    0,    0,    0,    0,    0, -999,  25.34,  25.33,  25.35,  25.39,  25.42,  25.47,  25.61,  25.72,  25.89,  25.86,  26.24,  26.32,  26.52,  26.55,  26.55,  25.92,  25.05,  25.62,  25.64,  25.28,  25.03,  24.94,  24.76,  24.86,  24.92,  24.85,  24.60,  24.21,  24.21,  24.17,  24.32
20100112, 1800,  , TS, 26.7S,  69.8E,  45,  989,   75,   95,   95,   75,    0,    0,    0,    0,    0,    0,    0,    0, -999,  25.52,  25.48,  25.44,  25.37,  25.41,  25.32,  25.45,  25.70,  25.80,  25.70,  26.07,  26.43,  26.44,  26.43,  26.63,  26.15,  26.03,  25.17,  25.27,  25.39,  25.20,  25.09,  25.22,  25.60,  25.90,  26.05,  26.03,  26.00,  26.14,  26.09,  26.26
20100113, 0000,  , TS, 27.3S,  68.9E,  45,  989,   75,   95,   95,   75,    0,    0,    0,    0,    0,    0,    0,    0, -999,  26.21,  26.06,  25.74,  25.84,  25.65,  25.67,  25.95,  26.31,  26.13,  26.33,  26.55,  26.43,  26.57,  26.60,  26.02,  25.38,  25.17,  25.61,  25.97,  26.02,  26.05,  25.78,  25.56,  25.78,  25.84,  25.63,  25.50,  25.64,  25.52,  25.49,  25.62
20100113, 0600,  , TS, 28.2S,  68.0E,  45,  989,   75,   95,   95,   75,    0,    0,    0,    0,    0,    0,    0,    0, -999,  24.28,  24.26,  24.70,  24.77,  24.91,  24.86,  25.01,  25.28,  25.36,  25.45,  25.42,  25.45,  25.67,  25.79,  25.08,  24.63,  23.69,  23.66,  23.83,  23.71,  23.76,  23.56,  23.76,  23.95,  24.30,  24.23,  24.03,  24.26,  24.34,  24.58,  24.42
20100113, 1200,  , TS, 29.3S,  67.5E,  40,  993,   40,   50,   45,   40,    0,    0,    0,    0,    0,    0,    0,    0, -999,  24.52,  24.97,  25.30,  24.96,  25.28,  24.90,  24.59,  24.60,  24.81,  24.86,  24.79,  25.03,  25.26,  25.52,  25.00,  24.31,  23.49,  22.99,  22.92,  22.76,  22.62,  22.53,  22.55,  22.63,  23.26,  23.52,  23.48,  23.91,  24.15,  24.13,  24.16
20100113, 1800,  , TS, 30.4S,  67.3E,  40,  993,  130,  130,  115,  130,    0,    0,    0,    0,    0,    0,    0,    0, -999,  23.76,  23.94,  23.88,  24.02,  25.03,  24.98,  24.71,  24.32,  24.32,  24.43,  24.42,  24.54,  24.66,  24.64,  24.44,  24.04,  23.29,  22.73,  22.76,  22.23,  21.81,  21.47,  21.37,  21.50,  22.23,  22.93,  22.48,  22.87,  23.34,  23.73,  23.56
20100114, 0000,  , TS, 31.7S,  67.5E,  40,  993,  130,  130,  115,  130,    0,    0,    0,    0,    0,    0,    0,    0, -999,  23.03,  23.12,  23.49,  24.32,  24.09,  23.55,  23.46,  23.33,  23.14,  22.52,  22.49,  22.48,  22.13,  21.98,  21.92,  21.75,  21.18,  21.18,  20.90,  20.80,  21.01,  21.57,  21.83,  22.18,  22.77,  22.31,  22.72,  22.73,  22.68,  22.91,  23.22
20100114, 0600,  , TS, 33.4S,  68.1E,  40,  993,  130,  130,  115,  115,    0,    0,    0,    0,    0,    0,    0,    0, -999,  22.47,  23.00,  22.94,  23.07,  23.04,  22.87,  22.55,  22.28,  22.23,  21.67,  21.47,  21.54,  21.61,  21.56,  21.55,  21.20,  20.29,  19.78,  19.40,  18.98,  18.88,  19.18,  19.54,  20.04,  21.05,  21.51,  22.36,  22.19,  21.83,  21.78,  22.00
20100114, 1200,  , TS, 34.7S,  69.6E,  35,  996,  130,  130,  115,  115,    0,    0,    0,    0,    0,    0,    0,    0, -999,  20.89,  21.77,  21.88,  22.03,  21.62,  21.18,  20.92,  20.51,  20.67,  20.49,  20.23,  20.35,  20.38,  20.11,  20.23,  20.21,  19.76,  19.49,  19.35,  19.06,  18.47,  18.70,  18.85,  19.13,  20.10,  20.52,  21.00,  22.01,  21.63,  21.46,  20.69
20100114, 1800,  , EX, 36.6S,  72.7E,  35,  996,  130,  130,  115,  115,    0,    0,    0,    0,    0,    0,    0,    0, -999,  19.37,  19.83,  19.97,  20.13,  20.20,  19.88,  19.59,  20.00,  20.23,  20.27,  19.98,  19.78,  19.58,  19.34,  19.54,  19.55,  19.46,  18.72,  18.35,  18.09,  17.75,  17.46,  18.01,  18.68,  17.88,  17.91,  18.07,  19.83,  19.87,  20.42,  20.76
20100115, 0000,  , EX, 38.0S,  76.6E,  35,  996,  130,  130,  115,  115,    0,    0,    0,    0,    0,    0,    0,    0, -999,  18.31,  18.40,  18.76,  18.68,  18.06,  17.72,  17.35,  17.68,  17.63,  17.55,  17.54,  17.14,  16.90,  16.73,  16.85,  17.27,  16.39,  15.73,  16.21,  16.77,  16.95,  16.76,  17.40,  17.86,  17.72,  18.24,  18.91,  18.64,  18.56,  18.60,  18.96
