SH092011,            ANTHONY,     35,
20110122, 1200,  , DB, 15.7S, 146.6E,  25, 1002,    0,    0,    0,    0,    0,    0,    0,    0,    0,    0,    0,    0, -999,  29.40,  29.55,  29.51,  29.49,  29.49,  29.49,  28.98,  28.98,  29.00,  28.81,  28.96,  28.95,  28.93,  28.92,  28.92,  28.67,  28.95,  29.02,  29.18,  29.30,  29.20,  28.73,  28.63,  28.79,  29.11,  29.14,  28.38,  28.14,  28.28,  28.37,  28.30
20110122, 1800,  , TD, 15.5S, 147.8E,  25, 1001,    0,    0,    0,    0,    0,    0,    0,    0,    0,    0,    0,    0, -999,  29.27,  29.38,  29.31,  29.35,  29.43,  29.44,  28.98,  28.59,  28.65,  28.93,  29.32,  29.27,  28.85,  28.78,  28.79,  28.61,  28.84,  28.91,  28.97,  29.07,  29.12,  28.86,  28.88,  29.09,  29.35,  29.37,  28.68,  27.79,  28.02,  28.09,  28.10
20110123, 0000,  , TS, 15.5S, 149.0E,  35,  996,   50,   40,   40,   55,    0,    0,    0,    0,    0,    0,    0,    0, -999,  29.50,  29.58,  29.68,  29.72,  29.71,  29.71,  28.95,  28.47,  28.56,  29.23,  29.40,  29.03,  28.98,  28.99,  28.66,  28.62,  28.74,  28.88,  29.03,  29.02,  28.69,  28.71,  29.00,  29.08,  29.04,  28.86,  27.76,  27.80,  27.83,  27.85,  27.88
20110123, 0600,  , TS, 15.8S, 150.9E,  40,  993,   50,   40,   40,   55,    0,    0,    0,    0,    0,    0,    0,    0, -999,  29.53,  29.52,  29.64,  29.66,  29.61,  29.56,  29.25,  28.85,  28.31,  28.20,  28.25,  28.15,  28.38,  28.56,  28.54,  28.62,  28.84,  28.97,  28.90,  28.85,  28.29,  28.30,  28.78,  28.96,  28.97,  28.81,  27.64,  27.48,  27.34,  27.07,  27.04
20110123, 1200,  , TS, 16.4S, 153.1E,  40,  993,   65,   55,   55,   65,    0,    0,    0,    0,    0,    0,    0,    0, -999,  29.45,  29.22,  28.74,  29.01,  29.27,  29.29,  29.32,  29.07,  28.98,  29.00,  28.96,  28.91,  28.83,  28.91,  28.98,  28.26,  28.26,  28.55,  28.47,  28.20,  27.97,  27.81,  27.58,  28.12,  28.44,  26.48,  26.38,  26.29,  26.69,  26.88,  26.94
20110123, 1800,  , TS, 17.0S, 155.0E,  40,  993,   75,   75,   75,   65,    0,    0,    0,    0,    0,    0,    0,    0, -999,  29.42,  29.38,  29.47,  30.02,  30.29,  30.29,  30.03,  29.33,  29.28,  29.27,  29.28,  29.31,  29.20,  29.08,  29.08,  28.81,  28.82,  28.87,  28.89,  28.88,  28.83,  28.37,  28.14,  28.24,  28.32,  27.30,  27.31,  27.38,  27.44,  27.34,  27.29
20110124, 0000,  , TS, 17.7S, 156.9E,  40,  993,   75,   75,   75,   65,    0,    0,    0,    0,    0,    0,    0,    0, -999,  29.55,  30.81,  30.14,  29.95,  29.90,  29.46,  29.24,  29.16,  29.12,  29.13,  29.09,  28.70,  28.58,  28.57,  28.37,  28.27,  28.09,  28.07,  27.96,  27.83,  27.84,  27.87,  27.89,  27.90,  27.80,  27.89,  27.90,  27.87,  27.83,  27.69,  27.67
20110124, 0600,  , TS, 18.5S, 158.6E,  40,  993,   75,   75,   75,   65,    0,    0,    0,    0,    0,    0,    0,    0, -999,  29.67,  29.64,  29.47,  29.57,  29.55,  29.45,  29.23,  28.85,  29.15,  29.14,  29.38,  28.69,  28.45,  28.49,  28.58,  28.58,  28.58,  27.98,  28.01,  28.05,  28.08,  28.13,  28.28,  27.90,  27.63,  27.65,  27.72,  27.73,  27.84,  27.84,  27.83
20110124, 1200,  , TS, 18.9S, 159.7E,  40,  993,   75,   75,   75,   65,    0,    0,    0,    0,    0,    0,    0,    0, -999,  29.14,  29.11,  29.27,  29.37,  29.14,  29.33,  29.31,  28.92,  28.70,  28.66,  28.69,  28.56,  28.62,  28.65,  28.67,  28.66,  28.64,  27.75,  27.74,  27.93,  28.06,  27.86,  27.59,  26.98,  26.83,  27.02,  27.42,  27.51,  27.53,  27.48,  27.51
20110124, 1800,  , TS, 19.0S, 160.5E,  40,  993,   65,   75,   70,   60,    0,    0,    0,    0,    0,    0,    0,    0, -999,  28.86,  28.80,  28.86,  28.79,  28.59,  28.94,  28.98,  28.62,  28.21,  28.16,  28.22,  28.28,  28.34,  28.32,  28.31,  28.31,  28.31,  27.63,  27.60,  27.85,  27.77,  27.61,  27.43,  26.96,  26.98,  27.29,  27.34,  27.37,  27.44,  27.31,  27.54
20110125, 0000,  , TS, 19.4S, 160.9E,  35,  996,   65,   75,   70,   60,    0,    0,    0,    0,    0,    0,    0,    0, -999,  28.74,  28.51,  28.37,  28.25,  28.44,  28.45,  28.23,  28.00,  28.03,  28.08,  27.87,  27.82,  27.60,  27.56,  27.62,  27.66,  27.64,  27.82,  28.32,  27.88,  27.58,  27.36,  27.17,  27.30,  27.41,  27.44,  27.53,  27.65,  27.57,  28.26,  28.14
20110125, 0600,  , TD, 19.5S, 160.7E,  30, 1000,    0,    0,    0,    0,    0,    0,    0,    0,    0,    0,    0,    0, -999,  28.94,  28.49,  28.24,  28.13,  28.23,  28.28,  28.23,  28.10,  28.19,  28.21,  27.88,  27.75,  27.54,  27.50,  27.55,  27.24,  27.38,  27.69,  28.17,  27.78,  27.45,  27.22,  27.19,  27.33,  27.48,  27.51,  27.56,  27.63,  27.50,  28.13,  28.01
20110125, 1200,  , TD, 19.5S, 160.4E,  30, 1000,    0,    0,    0,    0,    0,    0,    0,    0,    0,    0,    0,    0, -999,  29.08,  28.59,  28.38,  28.19,  28.36,  28.39,  28.37,  28.28,  28.29,  28.32,  27.99,  27.94,  27.72,  27.68,  27.73,  27.38,  27.33,  27.61,  28.09,  27.77,  27.42,  27.21,  27.15,  27.28,  27.39,  27.47,  27.53,  27.59,  27.43,  27.83,  27.81
20110125, 1800,  , TD, 19.3S, 160.0E,  30, 1000,    0,    0,    0,    0,    0,    0,    0,    0,    0,    0,    0,    0, -999,  28.96,  28.84,  28.82,  28.58,  28.82,  28.86,  28.76,  28.69,  28.68,  28.70,  28.44,  28.52,  28.45,  28.42,  28.41,  28.39,  27.60,  27.58,  27.92,  27.84,  27.47,  27.32,  26.95,  27.03,  27.21,  27.47,  27.55,  27.60,  27.48,  27.57,  27.66
20110126, 0000,  , TD, 19.2S, 159.6E,  30, 1000,    0,    0,    0,    0,    0,    0,    0,    0,    0,    0,    0,    0, -999,  29.16,  29.20,  28.96,  29.14,  29.15,  28.91,  28.78,  28.78,  28.81,  28.56,  28.61,  28.62,  28.64,  28.62,  28.61,  27.72,  27.70,  27.96,  28.04,  27.74,  27.56,  27.06,  26.99,  27.17,  27.48,  27.53,  27.56,  27.50,  27.57,  27.68,  27.80
20110126, 0600,  , TD, 18.9S, 158.7E,  25, 1004,    0,    0,    0,    0,    0,    0,    0,    0,    0,    0,    0,    0, -999,  29.55,  29.66,  29.65,  29.53,  29.32,  29.03,  29.31,  29.43,  29.72,  28.81,  28.54,  28.56,  28.66,  28.66,  28.63,  27.96,  28.00,  28.10,  28.16,  28.06,  28.18,  27.92,  27.66,  27.63,  27.72,  27.72,  27.80,  27.81,  27.80,  27.79,  27.94
20110126, 1200,  , TD, 18.7S, 157.8E,  25, 1004,    0,    0,    0,    0,    0,    0,    0,    0,    0,    0,    0,    0, -999,  29.65,  29.54,  29.54,  29.51,  29.24,  29.22,  29.58,  29.71,  29.91,  28.89,  28.65,  28.65,  28.60,  28.67,  28.68,  28.28,  28.35,  28.28,  28.27,  28.19,  28.18,  28.15,  27.94,  27.94,  28.07,  28.09,  28.03,  27.94,  27.90,  28.02,  28.32
20110126, 1800,  , TD, 18.3S, 156.7E,  25, 1004,    0,    0,    0,    0,    0,    0,    0,    0,    0,    0,    0,    0, -999,  30.28,  29.88,  29.76,  29.39,  29.36,  29.79,  29.84,  29.78,  29.60,  28.80,  28.76,  28.79,  28.48,  28.44,  28.46,  28.40,  28.42,  28.21,  28.17,  27.89,  27.82,  27.88,  27.84,  27.89,  27.84,  27.80,  27.80,  27.80,  27.82,  27.94,  28.09
20110127, 0000,  , TD, 17.9S, 155.6E,  25, 1004,    0,    0,    0,    0,    0,    0,    0,    0,    0,    0,    0,    0, -999,  29.93,  29.77,  29.40,  29.34,  29.52,  29.54,  29.46,  29.44,  29.22,  29.17,  29.17,  28.87,  28.90,  28.52,  28.54,  28.51,  28.45,  28.27,  28.04,  28.20,  28.23,  27.85,  27.88,  27.87,  27.98,  27.98,  27.91,  27.89,  28.14,  28.10,  28.02
20110127, 0600,  , TD, 17.4S, 155.0E,  25, 1004,    0,    0,    0,    0,    0,    0,    0,    0,    0,    0,    0,    0, -999,  30.22,  30.21,  29.94,  29.37,  29.36,  29.36,  29.36,  29.36,  29.30,  29.17,  29.16,  28.87,  28.87,  28.87,  28.89,  28.91,  28.84,  28.44,  28.15,  28.30,  28.36,  27.50,  27.51,  27.50,  27.57,  27.52,  27.49,  27.56,  27.60,  27.71,  27.71
20110127, 1200,  , TD, 16.9S, 155.1E,  25, 1004,    0,    0,    0,    0,    0,    0,    0,    0,    0,    0,    0,    0, -999,  30.25,  30.24,  30.08,  29.35,  29.27,  29.25,  29.26,  29.28,  29.16,  29.04,  29.03,  28.79,  28.80,  28.86,  28.88,  28.86,  28.85,  28.39,  28.24,  28.28,  28.33,  27.13,  27.13,  27.28,  27.36,  27.23,  27.14,  27.41,  27.49,  27.58,  27.64
20110127, 1800,  , TD, 16.6S, 155.3E,  25, 1004,    0,    0,    0,    0,    0,    0,    0,    0,    0,    0,    0,    0, -999,  30.08,  30.08,  30.07,  29.36,  29.26,  29.22,  29.20,  29.21,  29.15,  29.08,  29.07,  28.93,  28.94,  28.87,  28.85,  28.85,  28.83,  28.38,  28.21,  28.20,  28.23,  27.05,  27.04,  27.16,  27.26,  27.14,  27.16,  27.55,  27.78,  27.82,  27.93
20110128, 0000,  , TD, 16.2S, 155.5E,  30, 1000,    0,    0,    0,    0,    0,    0,    0,    0,    0,    0,    0,    0, -999,  29.80,  29.81,  29.33,  29.37,  29.36,  29.26,  29.22,  29.13,  28.97,  28.89,  28.83,  28.80,  28.58,  28.57,  28.60,  28.59,  28.30,  28.25,  28.24,  28.26,  26.98,  26.95,  27.08,  27.32,  27.29,  27.42,  27.92,  28.18,  28.20,  28.30,  28.53
20110128, 0600,  , TD, 15.8S, 155.3E,  30, 1000,    0,    0,    0,    0,    0,    0,    0,    0,    0,    0,    0,    0, -999,  29.56,  29.58,  29.21,  29.31,  29.22,  29.14,  29.18,  29.12,  28.86,  28.78,  28.76,  28.68,  28.45,  28.42,  28.45,  28.47,  28.27,  28.28,  28.29,  28.31,  27.01,  27.00,  27.13,  27.43,  27.45,  27.61,  28.08,  28.28,  28.27,  28.43,  28.66
20110128, 1200,  , TD, 15.5S, 155.1E,  30, 1000,    0,    0,    0,    0,    0,    0,    0,    0,    0,    0,    0,    0, -999,  29.16,  29.22,  29.00,  29.07,  28.98,  28.93,  28.98,  28.91,  28.64,  28.59,  28.66,  28.64,  28.44,  28.43,  28.41,  28.43,  28.32,  28.40,  28.41,  28.42,  26.93,  26.95,  27.19,  27.45,  27.44,  27.55,  28.08,  28.22,  28.26,  28.50,  28.74
20110128, 1800,  , TD, 15.2S, 154.8E,  30, 1000,    0,    0,    0,    0,    0,    0,    0,    0,    0,    0,    0,    0, -999,  28.63,  28.49,  28.39,  28.29,  28.13,  28.19,  28.39,  28.49,  28.35,  28.39,  28.55,  28.64,  28.59,  28.56,  28.47,  28.48,  28.42,  28.46,  28.50,  28.50,  27.15,  27.22,  27.41,  27.53,  27.42,  27.45,  27.86,  27.92,  28.07,  28.39,  28.70
20110129, 0000,  , TD, 15.1S, 154.3E,  25, 1002,    0,    0,    0,    0,    0,    0,    0,    0,    0,    0,    0,    0, -999,  28.73,  28.50,  28.20,  28.05,  28.10,  28.30,  28.32,  28.29,  28.37,  28.57,  28.68,  28.71,  28.58,  28.45,  28.47,  28.40,  28.44,  28.43,  28.63,  27.02,  27.01,  27.13,  27.29,  27.15,  27.16,  27.65,  27.63,  27.76,  27.88,  28.19,  28.22
20110129, 0600,  , TD, 15.4S, 153.9E,  25, 1004,    0,    0,    0,    0,    0,    0,    0,    0,    0,    0,    0,    0, -999,  29.09,  28.58,  28.13,  28.15,  28.52,  28.70,  28.72,  28.69,  28.76,  28.69,  28.78,  28.83,  28.65,  28.49,  28.49,  28.35,  28.27,  28.47,  28.73,  26.76,  26.70,  26.83,  27.03,  26.92,  26.91,  27.38,  27.31,  27.45,  27.48,  27.88,  28.12
20110129, 1200,  , TD, 16.3S, 153.4E,  30, 1000,    0,    0,    0,    0,    0,    0,    0,    0,    0,    0,    0,    0, -999,  29.41,  29.14,  29.03,  29.02,  29.02,  28.97,  28.87,  28.89,  28.96,  28.38,  28.43,  28.67,  28.61,  28.35,  28.09,  27.77,  27.50,  28.15,  28.44,  26.54,  26.53,  26.53,  26.88,  26.98,  27.01,  27.15,  27.10,  27.76,  27.89,  28.17,  28.59
20110129, 1800,  , TS, 17.3S, 152.4E,  35,  996,    0,    0,    0,    0,    0,    0,    0,    0,    0,    0,    0,    0, -999,  29.38,  29.22,  29.08,  29.09,  29.12,  28.95,  28.99,  29.06,  29.06,  28.68,  28.72,  28.84,  28.88,  28.40,  28.19,  28.51,  28.47,  28.37,  28.35,  26.73,  26.58,  26.63,  26.83,  26.84,  26.85,  26.71,  26.70,  27.02,  27.09,  27.34,  27.57
20110130, 0000,  , TS, 18.3S, 151.1E,  40,  993,    0,    0,    0,    0,    0,    0,    0,    0,    0,    0,    0,    0, -999,  29.03,  29.46,  30.29,  30.37,  29.52,  29.44,  29.44,  29.07,  28.84,  28.78,  28.78,  28.71,  28.50,  28.47,  28.08,  27.94,  28.24,  28.28,  27.17,  27.16,  26.96,  26.86,  26.79,  26.91,  26.82,  26.82,  26.89,  27.07,  27.46,  27.69,  27.83
20110130, 0600,  , TS, 19.3S, 149.5E,  50,  985,   50,   50,   50,   50,    0,    0,    0,    0,    0,    0,    0,    0, -999,  28.39,  28.84,  29.23,  29.20,  28.89,  28.91,  28.82,  28.58,  28.50,  28.57,  28.63,  28.59,  28.42,  28.26,  27.75,  28.01,  28.43,  28.42,  27.78,  27.67,  27.70,  27.48,  27.34,  27.77,  27.81,  27.77,  27.84,  27.84,  27.85,  27.97,  27.95
20110130, 1200,  , TS, 20.0S, 148.1E,  55,  982,   20,   20,   20,   20,    0,    0,    0,    0,    0,    0,    0,    0, -999,    nan,    nan,    nan,    nan,    nan,    nan,    nan,    nan,    nan,    nan,    nan,    nan,    nan,    nan,    nan,    nan,    nan,    nan,    nan,    nan,    nan,    nan,    nan,    nan,    nan,    nan,    nan,    nan,    nan,    nan,    nan
20110130, 1800,  , TS, 21.3S, 146.7E,  40,  993,   20,   20,   20,   20,    0,    0,    0,    0,    0,    0,    0,    0, -999,    nan,    nan,    nan,    nan,    nan,    nan,    nan,    nan,    nan,    nan,    nan,    nan,    nan,    nan,    nan,    nan,    nan,    nan,    nan,    nan,    nan,    nan,    nan,    nan,    nan,    nan,    nan,    nan,    nan,    nan,    nan
20110131, 0000,  , TD, 22.4S, 144.8E,  30, 1000,    0,    0,    0,    0,    0,    0,    0,    0,    0,    0,    0,    0, -999,    nan,    nan,    nan,    nan,    nan,    nan,    nan,    nan,    nan,    nan,    nan,    nan,    nan,    nan,    nan,    nan,    nan,    nan,    nan,    nan,    nan,    nan,    nan,    nan,    nan,    nan,    nan,    nan,    nan,    nan,    nan
