SH102014,               JUNE,     11,
20140116, 1200,  , DB, 14.9S, 160.7E,  20, 1007,    0,    0,    0,    0,    0,    0,    0,    0,    0,    0,    0,    0, -999,  28.67,  29.04,  29.11,  29.18,  29.16,  29.22,  29.05,  28.78,  29.10,  29.04,  28.80,  28.57,  28.58,  28.59,  28.59,  28.60,  28.86,  29.10,  29.13,  29.14,  29.26,  29.28,  29.27,  29.26,  29.26,  29.25,  29.25,  29.25,  29.25,  29.24,  29.24
20140116, 1800,  , TD, 15.9S, 161.7E,  25, 1004,    0,    0,    0,    0,    0,    0,    0,    0,    0,    0,    0,    0, -999,  28.25,  28.35,  28.56,  28.74,  28.78,  28.83,  28.88,  28.94,  28.88,  28.87,  28.69,  28.43,  28.48,  28.47,  28.49,  28.51,  28.86,  28.98,  28.98,  28.97,  28.99,  29.08,  29.08,  29.07,  29.06,  29.05,  29.05,  29.04,  29.04,  29.04,  29.04
20140117, 0000,  , TD, 16.6S, 162.5E,  30, 1000,    0,    0,    0,    0,    0,    0,    0,    0,    0,    0,    0,    0, -999,  27.46,  28.42,  28.48,  28.52,  28.59,  28.60,  28.72,  28.76,  28.65,  28.66,  28.75,  28.90,  28.87,  28.87,  28.86,  28.95,  29.11,  29.18,  29.16,  29.13,  29.10,  29.07,  29.05,  29.04,  29.03,  29.02,  29.01,  28.88,  28.87,  28.85,  28.84
20140117, 0600,  , TD, 17.5S, 163.0E,  30, 1000,    0,    0,    0,    0,    0,    0,    0,    0,    0,    0,    0,    0, -999,  27.68,  28.54,  28.49,  28.41,  28.51,  28.49,  28.33,  28.43,  28.25,  28.26,  28.35,  28.63,  28.45,  28.41,  28.43,  28.17,  28.50,  28.78,  28.77,  28.76,  28.76,  28.71,  28.70,  28.72,  28.74,  28.75,  28.76,  28.34,  28.36,  28.39,  28.40
20140117, 1200,  , TS, 18.5S, 162.7E,  35,  996,    0,    0,    0,    0,    0,    0,    0,    0,    0,    0,    0,    0, -999,  26.85,  27.57,  27.59,  27.62,  27.69,  27.66,  27.65,  27.64,  27.54,  27.29,  27.32,  27.65,  27.59,  27.58,  27.67,  27.83,  27.84,  27.93,  27.88,  28.02,  28.33,  28.48,  28.79,  28.80,  28.78,  28.76,  28.55,  27.99,  27.86,  27.84,  27.78
20140117, 1800,  , TS, 19.3S, 163.1E,  45,  989,   20,   20,   20,   20,    0,    0,    0,    0,    0,    0,    0,    0, -999,  26.87,  27.44,  27.45,  27.38,  27.48,  27.61,  27.41,  27.29,  27.25,  27.04,  26.89,  27.44,  27.47,  27.48,  27.54,  27.62,  27.69,  27.93,  28.02,  28.13,  28.64,  28.72,  28.37,  28.28,  28.44,  28.43,  27.67,  27.64,  27.79,  27.81,  27.81
20140118, 0000,  , TS, 20.0S, 163.8E,  45,  989,   35,   40,   40,   35,    0,    0,    0,    0,    0,    0,    0,    0, -999,  27.47,  27.50,  27.39,  27.42,  27.57,  27.20,  27.02,  27.06,  27.07,  27.02,  27.70,  27.78,  27.75,  27.74,  27.70,  27.81,  27.91,  28.15,  28.30,  28.25,  28.15,  28.03,  28.20,  28.42,  28.42,  27.21,  27.17,  27.35,  27.43,  27.54,  27.58
20140118, 0600,  , TS, 21.5S, 164.3E,  45,  989,   45,   50,   50,   45,    0,    0,    0,    0,    0,    0,    0,    0, -999,  26.53,  26.84,  26.76,  26.78,  26.87,  26.55,  26.21,  26.12,  26.04,  25.96,  26.09,  26.10,  25.95,  25.83,  26.13,  26.46,  26.51,  26.62,  26.68,  26.52,  27.28,  27.59,  27.98,  28.10,  28.10,  27.09,  26.98,  26.96,  26.93,  27.05,  27.10
20140118, 1200,  , TS, 22.9S, 164.7E,  40,  993,   45,   40,   40,   45,    0,    0,    0,    0,    0,    0,    0,    0, -999,  25.55,  25.80,  26.00,  26.27,  26.19,  25.71,  25.46,  25.45,  25.52,  25.48,  25.60,  25.67,  25.66,  25.77,  26.06,  25.93,  25.90,  26.05,  26.17,  26.27,  26.20,  26.12,  26.15,  26.40,  26.42,  26.04,  26.01,  25.89,  25.86,  25.94,  26.01
20140118, 1800,  , TS, 24.2S, 165.1E,  40,  993,   45,   40,   40,   45,    0,    0,    0,    0,    0,    0,    0,    0, -999,  25.64,  25.89,  26.03,  26.27,  26.37,  26.03,  25.60,  25.34,  25.40,  25.50,  25.55,  25.61,  25.62,  25.63,  25.65,  25.83,  25.94,  26.13,  26.13,  26.13,  26.35,  26.46,  26.56,  26.78,  26.67,  26.14,  25.92,  25.87,  25.73,  26.05,  26.28
20140119, 0000,  , TD, 26.2S, 165.3E,  30, 1000,    0,    0,    0,    0,    0,    0,    0,    0,    0,    0,    0,    0, -999,  25.61,  25.54,  25.79,  25.74,  25.22,  24.63,  24.45,  24.49,  24.61,  24.59,  24.53,  24.70,  24.63,  24.52,  24.79,  25.06,  25.39,  25.68,  25.70,  25.33,  25.91,  26.16,  26.11,  25.91,  25.57,  25.60,  25.47,  25.42,  25.66,  25.68,  25.61
