SH132003,            UNNAMED,     24,
20030125, 0600,  , TD, 15.5S, 172.6E,  20, 1004,    0,    0,    0,    0,    0,    0,    0,    0,    0,    0,    0,    0, -999,  35.00,  34.99,  35.00,  34.96,  34.98,  34.97,  34.97,  34.95,  34.97,  34.98,  34.98,  34.96,  34.95,  34.95,  34.92,  34.89,  34.83,  34.81,  34.70,  34.67,  34.68,  34.81,  34.87,  34.85,  34.97,  35.01,  35.01,  35.01,  35.01,  34.99,  34.99
20030125, 1200,  , TD, 15.3S, 173.6E,  25, 1002,    0,    0,    0,    0,    0,    0,    0,    0,    0,    0,    0,    0, -999,  35.02,  35.03,  35.00,  35.03,  35.04,  35.06,  35.05,  35.02,  35.04,  35.05,  35.04,  35.03,  35.02,  35.01,  35.00,  34.98,  34.94,  34.90,  34.78,  34.80,  34.81,  34.86,  34.87,  34.87,  34.94,  34.97,  35.03,  35.06,  35.07,  35.02,  35.02
20030125, 1800,  , TD, 15.2S, 174.8E,  25, 1002,    0,    0,    0,    0,    0,    0,    0,    0,    0,    0,    0,    0, -999,  35.09,  35.10,  35.02,  35.09,  35.12,  35.12,  35.12,  35.09,  35.09,  35.10,  35.08,  35.05,  35.04,  34.90,  34.94,  34.94,  34.93,  34.94,  34.92,  34.89,  34.73,  34.94,  34.88,  34.90,  34.95,  34.98,  34.94,  34.98,  35.04,  35.04,  35.03
20030126, 0000,  , TD, 15.2S, 176.0E,  25, 1002,    0,    0,    0,    0,    0,    0,    0,    0,    0,    0,    0,    0, -999,  35.10,  35.11,  35.13,  35.19,  35.19,  35.20,  35.14,  35.13,  35.13,  35.12,  35.10,  35.08,  35.06,  35.04,  35.01,  34.99,  34.97,  34.99,  34.92,  34.66,  34.56,  34.68,  34.81,  34.88,  34.90,  34.93,  34.98,  35.01,  35.03,  35.02,  35.00
20030126, 0600,  , TD, 15.6S, 177.3E,  30, 1000,    0,    0,    0,    0,    0,    0,    0,    0,    0,    0,    0,    0, -999,  35.21,  35.22,  35.24,  35.27,  35.27,  35.26,  35.24,  35.23,  35.22,  35.21,  35.19,  35.13,  35.08,  35.08,  35.07,  34.87,  34.89,  34.88,  34.91,  34.86,  34.77,  34.90,  34.93,  34.96,  35.02,  35.03,  35.03,  35.04,  35.04,  34.97,  35.00
20030126, 1200,  , TD, 16.1S, 178.6E,  30, 1000,    0,    0,    0,    0,    0,    0,    0,    0,    0,    0,    0,    0, -999,  35.17,  35.17,  35.18,  35.29,  35.27,  35.23,  35.19,  35.17,  35.18,  35.18,  35.23,  35.19,  35.14,  35.12,  35.05,  34.67,  34.86,  35.00,  35.00,  34.95,  34.99,  34.94,  35.04,  35.05,  35.08,  35.10,  35.11,  35.09,  35.07,  35.05,  35.07
20030126, 1800,  , TD, 16.8S, 180.0W,  25, 1004,    0,    0,    0,    0,    0,    0,    0,    0,    0,    0,    0,    0, -999,    nan,  35.31,  35.20,  35.30,    nan,  35.25,    nan,    nan,  35.27,    nan,    nan,  35.27,  35.22,  35.25,  35.26,  35.29,  35.26,  35.26,  35.22,  35.14,  35.23,    nan,  35.31,  35.27,    nan,    nan,  35.30,  35.20,    nan,  35.08,  35.13
20030127, 0000,  , TD, 17.7S, 178.1W,  30, 1000,    0,    0,    0,    0,    0,    0,    0,    0,    0,    0,    0,    0, -999,  35.35,  35.28,  35.36,  35.39,  35.37,  35.38,  35.32,  35.34,  35.36,  35.35,  35.35,  35.33,  35.32,  35.30,  35.29,  35.25,  35.26,  35.26,  35.28,  35.29,  35.31,  35.32,  35.33,  35.34,  35.34,  35.33,  35.31,  35.29,  35.18,  35.22,  35.23
20030127, 0600,  , TS, 19.0S, 176.7W,  35,  997,    0,    0,    0,    0,    0,    0,    0,    0,    0,    0,    0,    0, -999,  35.38,  35.38,  35.34,  35.38,  35.37,  35.35,  35.35,  35.35,  35.34,  35.36,  35.37,  35.34,  35.09,  35.18,  35.25,  35.14,  35.23,  35.27,  35.28,  35.30,  35.30,  35.32,  35.32,  35.33,  35.34,  35.33,  35.31,  35.35,  35.33,  35.33,  35.34
20030127, 1200,  , TS, 19.6S, 174.9W,  35,  997,    0,    0,    0,    0,    0,    0,    0,    0,    0,    0,    0,    0, -999,  35.16,  35.21,  35.27,  35.37,  35.35,  35.30,  35.20,  35.11,  35.20,  35.27,  35.29,  35.31,  35.31,  35.30,  35.29,  35.23,  35.19,  35.25,  35.24,  35.24,  35.25,  35.24,  35.23,  35.24,  35.25,  35.22,  35.22,  35.19,  35.22,  35.24,  35.27
20030127, 1800,  , TS, 20.0S, 173.1W,  35,  997,    0,    0,    0,    0,    0,    0,    0,    0,    0,    0,    0,    0, -999,  35.40,  35.42,  35.39,  35.34,  35.43,  35.41,  35.33,  35.39,  35.38,  35.42,  35.40,  35.40,  35.38,  35.36,  35.35,  35.26,  35.11,  35.27,  35.26,  35.29,  35.30,  35.32,  35.32,  35.31,  35.30,  35.28,  35.29,  35.32,  35.34,  35.34,  35.36
20030128, 0000,  , TS, 20.4S, 171.6W,  35,  997,    0,    0,    0,    0,    0,    0,    0,    0,    0,    0,    0,    0, -999,  35.41,  35.38,  35.38,  35.39,  35.41,  35.39,  35.40,  35.40,  35.40,  35.40,  35.40,  35.40,  35.37,  35.35,  35.24,  34.49,  35.23,  35.24,  35.19,  35.18,  35.23,  35.29,  35.30,  35.29,  35.34,  35.35,  35.34,  35.33,  35.31,  35.30,  35.30
20030128, 0600,  , TS, 21.0S, 170.2W,  35,  997,    0,    0,    0,    0,    0,    0,    0,    0,    0,    0,    0,    0, -999,  35.47,  35.47,  35.43,  35.45,  35.45,  35.45,  35.45,  35.45,  35.45,  35.44,  35.45,  35.44,  35.41,  35.38,  35.09,  35.21,  35.30,  35.32,  35.31,  35.32,  35.32,  35.27,  35.25,  35.23,  35.25,  35.26,  35.28,  35.31,  35.33,  35.41,  35.44
20030128, 1200,  , TS, 21.5S, 169.0W,  35,  997,    0,    0,    0,    0,    0,    0,    0,    0,    0,    0,    0,    0, -999,  35.46,  35.45,  35.44,  35.45,  35.46,  35.45,  35.47,  35.47,  35.46,  35.44,  35.45,  35.46,  35.46,  35.42,  35.36,  35.41,  35.34,  35.35,  35.36,  35.35,  35.36,  35.38,  35.40,  35.37,  35.35,  35.32,  35.32,  35.34,  35.29,  35.30,  35.36
20030128, 1800,  , TS, 21.8S, 168.2W,  35,  997,    0,    0,    0,    0,    0,    0,    0,    0,    0,    0,    0,    0, -999,  35.48,  35.46,  35.44,  35.46,  35.45,  35.45,  35.44,  35.45,  35.45,  35.45,  35.44,  35.44,  35.45,  35.41,  35.42,  35.43,  35.26,  35.48,  35.51,  35.50,  35.48,  35.47,  35.48,  35.44,  35.43,  35.43,  35.44,  35.45,  35.36,  35.39,  35.42
20030129, 0000,  , TS, 22.1S, 167.4W,  35,  997,    0,    0,    0,    0,    0,    0,    0,    0,    0,    0,    0,    0, -999,  35.42,  35.42,  35.44,  35.44,  35.48,  35.51,  35.52,  35.53,  35.56,  35.60,  35.61,  35.60,  35.55,  35.58,  35.56,  35.32,  35.50,  35.48,  35.46,  35.48,  35.48,  35.46,  35.50,  35.51,  35.51,  35.52,  35.49,  35.47,  35.49,  35.49,  35.49
20030129, 0600,  , TS, 22.5S, 166.6W,  35, 1005,    0,    0,    0,    0,    0,    0,    0,    0,    0,    0,    0,    0, -999,  35.49,  35.48,  35.50,  35.51,  35.53,  35.53,  35.55,  35.58,  35.60,  35.60,  35.60,  35.59,  35.52,  35.57,  35.57,  35.39,  35.51,  35.52,  35.50,  35.51,  35.52,  35.50,  35.51,  35.48,  35.48,  35.46,  35.41,  35.42,  35.45,  35.47,  35.48
20030129, 1200,  , TD, 22.8S, 166.0W,  30, 1000,    0,    0,    0,    0,    0,    0,    0,    0,    0,    0,    0,    0, -999,  35.54,  35.52,  35.52,  35.52,  35.52,  35.51,  35.51,  35.51,  35.52,  35.52,  35.52,  35.53,  35.51,  35.49,  35.48,  35.35,  35.39,  35.45,  35.45,  35.46,  35.46,  35.44,  35.44,  35.42,  35.43,  35.44,  35.39,  35.39,  35.41,  35.44,  35.47
20030129, 1800,  , TD, 23.2S, 165.6W,  30, 1000,    0,    0,    0,    0,    0,    0,    0,    0,    0,    0,    0,    0, -999,  35.54,  35.52,  35.53,  35.53,  35.53,  35.54,  35.54,  35.54,  35.54,  35.54,  35.54,  35.54,  35.52,  35.48,  35.51,  35.42,  35.42,  35.45,  35.46,  35.46,  35.46,  35.44,  35.45,  35.45,  35.46,  35.46,  35.41,  35.39,  35.41,  35.41,  35.41
20030130, 0000,  , TD, 23.7S, 165.3W,  30, 1000,    0,    0,    0,    0,    0,    0,    0,    0,    0,    0,    0,    0, -999,  35.55,  35.52,  35.53,  35.53,  35.53,  35.54,  35.54,  35.54,  35.54,  35.55,  35.55,  35.55,  35.50,  35.52,  35.47,  35.41,  35.45,  35.45,  35.46,  35.44,  35.42,  35.44,  35.45,  35.45,  35.46,  35.44,  35.39,  35.40,  35.41,  35.41,  35.41
20030130, 0600,  , TD, 24.5S, 165.1W,  25, 1009,    0,    0,    0,    0,    0,    0,    0,    0,    0,    0,    0,    0, -999,  35.52,  35.51,  35.53,  35.53,  35.53,  35.54,  35.54,  35.53,  35.53,  35.54,  35.55,  35.55,  35.51,  35.54,  35.51,  35.48,  35.51,  35.52,  35.52,  35.50,  35.47,  35.47,  35.47,  35.47,  35.47,  35.45,  35.42,  35.41,  35.42,  35.42,  35.41
20030130, 1200,  , TD, 24.9S, 165.1W,  25, 1002,    0,    0,    0,    0,    0,    0,    0,    0,    0,    0,    0,    0, -999,  35.51,  35.50,  35.50,  35.51,  35.51,  35.52,  35.52,  35.52,  35.53,  35.53,  35.54,  35.54,  35.52,  35.52,  35.51,  35.49,  35.47,  35.47,  35.48,  35.49,  35.44,  35.48,  35.51,  35.51,  35.51,  35.51,  35.43,  35.43,  35.43,  35.42,  35.42
20030130, 1800,  , TD, 25.2S, 165.0W,  25, 1002,    0,    0,    0,    0,    0,    0,    0,    0,    0,    0,    0,    0, -999,  35.51,  35.51,  35.51,  35.50,  35.51,  35.52,  35.52,  35.52,  35.52,  35.53,  35.53,  35.53,  35.51,  35.51,  35.51,  35.50,  35.48,  35.47,  35.48,  35.49,  35.43,  35.46,  35.48,  35.49,  35.50,  35.51,  35.45,  35.45,  35.45,  35.44,  35.44
20030131, 0000,  , TD, 25.6S, 164.8W,  25, 1002,    0,    0,    0,    0,    0,    0,    0,    0,    0,    0,    0,    0, -999,  35.51,  35.51,  35.52,  35.52,  35.52,  35.53,  35.53,  35.54,  35.54,  35.53,  35.53,  35.50,  35.52,  35.52,  35.51,  35.46,  35.49,  35.49,  35.49,  35.44,  35.45,  35.46,  35.46,  35.46,  35.47,  35.42,  35.46,  35.47,  35.47,  35.46,  35.47
