SH141994,            UNNAMED,     17,
19940128, 0000,  , LO, 11.0S, 136.0E,  20,    0,    0,    0,    0,    0,    0,    0,    0,    0,    0,    0,    0,    0, -999,  29.47,  29.01,  29.13,  30.30,  30.40,  31.12,  31.34,  31.28,  31.25,  31.32,  31.21,  30.93,  30.26,  30.09,  30.06,  30.06,  29.93,  29.10,  29.15,  29.51,  29.97,  29.92,  29.89,  30.25,  30.22,  30.09,  30.07,  30.17,  30.03,  29.36,  29.24
19940128, 0600,  , LO, 11.4S, 136.5E,  20,    0,    0,    0,    0,    0,    0,    0,    0,    0,    0,    0,    0,    0, -999,  30.09,  29.20,  29.39,  30.48,  30.50,  31.13,  31.35,  31.29,  31.31,  31.31,  31.04,  30.81,  30.43,  30.29,  30.26,  30.23,  30.11,  29.32,  29.36,  29.41,  29.87,  29.93,  29.91,  29.89,  29.98,  29.83,  29.85,  29.55,  29.21,  28.48,  28.33
19940128, 1200,  , LO, 11.8S, 137.0E,  20,    0,    0,    0,    0,    0,    0,    0,    0,    0,    0,    0,    0,    0, -999,  29.73,  29.17,  30.66,  31.16,  30.79,  31.16,  31.09,  31.01,  31.15,  30.98,  30.51,  30.29,  30.10,  30.39,  30.42,  30.41,  30.40,  29.19,  28.80,  28.96,  29.76,  30.05,  30.10,  30.08,  30.33,  30.41,  30.12,  29.86,  29.64,  28.99,  28.90
19940128, 1800,  , LO, 12.1S, 137.5E,  20,    0,    0,    0,    0,    0,    0,    0,    0,    0,    0,    0,    0,    0, -999,  29.42,  28.98,  30.88,  31.11,  30.86,  31.16,  31.01,  30.94,  31.39,  31.39,  31.00,  30.44,  30.24,  30.69,  30.75,  30.70,  30.65,  29.41,  28.99,  29.09,  29.64,  30.07,  30.12,  30.16,  30.16,  30.15,  29.82,  29.71,  29.51,  29.07,  29.33
19940129, 0000,  , LO, 12.4S, 137.9E,  25,    0,    0,    0,    0,    0,    0,    0,    0,    0,    0,    0,    0,    0, -999,  29.15,  30.97,  31.08,  30.92,  31.09,  30.87,  30.80,  31.52,  31.54,  31.27,  30.48,  30.30,  30.69,  30.78,  30.75,  30.67,  29.51,  29.25,  29.23,  29.37,  30.13,  30.22,  30.26,  30.33,  30.16,  29.80,  29.65,  29.56,  28.94,  29.05,  29.21
19940129, 0600,  , LO, 12.7S, 138.3E,  25,    0,    0,    0,    0,    0,    0,    0,    0,    0,    0,    0,    0,    0, -999,  29.60,  30.87,  30.89,  30.87,  30.92,  30.59,  30.48,  31.53,  31.81,  31.70,  30.65,  30.41,  30.67,  30.77,  30.23,  30.07,  29.94,  29.80,  29.43,  29.45,  30.28,  30.27,  30.10,  30.20,  30.41,  29.79,  29.43,  29.48,  29.09,  28.64,  28.79
19940129, 1200,  , LO, 13.0S, 138.7E,  25,    0,    0,    0,    0,    0,    0,    0,    0,    0,    0,    0,    0,    0, -999,  29.87,  30.65,  30.67,  30.70,  30.78,  30.71,  30.63,  31.31,  31.42,  31.12,  30.69,  30.87,  31.00,  31.01,  30.33,  30.13,  29.96,  29.82,  29.52,  29.67,  30.14,  30.18,  30.03,  30.34,  30.81,  29.96,  29.65,  29.48,  29.53,  29.70,  29.65
19940129, 1800,  , LO, 13.3S, 139.1E,  25,    0,    0,    0,    0,    0,    0,    0,    0,    0,    0,    0,    0,    0, -999,  29.92,  30.64,  30.62,  30.57,  30.47,  30.31,  30.25,  31.18,  31.27,  30.41,  30.26,  30.56,  30.59,  30.58,  29.90,  29.72,  29.57,  29.45,  29.33,  29.64,  29.94,  29.95,  29.85,  30.02,  30.53,  29.75,  29.56,  29.43,  29.37,  29.51,  29.49
19940130, 0000,  , LO, 13.7S, 139.5E,  30,    0,    0,    0,    0,    0,    0,    0,    0,    0,    0,    0,    0,    0, -999,  30.78,  30.71,  30.63,  30.40,  30.35,  30.42,  30.78,  30.72,  30.27,  30.37,  30.76,  30.53,  30.43,  29.90,  29.80,  29.73,  29.67,  29.46,  30.11,  30.28,  30.29,  30.27,  30.18,  30.37,  30.00,  29.63,  29.50,  29.59,  29.67,  29.66,  29.65
19940130, 0600,  , LO, 14.3S, 140.1E,  30,    0,    0,    0,    0,    0,    0,    0,    0,    0,    0,    0,    0,    0, -999,  30.57,  30.49,  30.38,  30.39,  30.35,  30.45,  30.38,  30.33,  30.64,  30.77,  30.77,  30.39,  30.31,  30.84,  30.84,  30.76,  29.96,  29.27,  29.98,  30.12,  30.46,  30.47,  30.41,  30.20,  29.85,  29.34,  29.39,  29.47,  29.26,  28.25,  28.18
19940130, 1200,  , TS, 15.0S, 140.8E,  35,    0,    0,    0,    0,    0,    0,    0,    0,    0,    0,    0,    0,    0, -999,  30.60,  30.16,  29.92,  30.05,  30.09,  30.13,  30.14,  30.14,  30.97,  30.96,  30.69,  30.48,  30.70,  31.12,  31.21,  31.17,  29.52,  29.33,  30.01,  30.18,  30.27,  30.24,  30.25,  30.05,  30.01,  30.01,  30.00,  29.92,  29.28,  27.84,  27.76
19940130, 1800,  , TS, 16.5S, 141.8E,  35,    0,    0,    0,    0,    0,    0,    0,    0,    0,    0,    0,    0,    0, -999,    nan,    nan,    nan,    nan,    nan,    nan,    nan,    nan,    nan,    nan,    nan,    nan,    nan,    nan,    nan,    nan,    nan,    nan,    nan,    nan,    nan,    nan,    nan,    nan,    nan,    nan,    nan,    nan,    nan,    nan,    nan
19940131, 0000,  , TS, 18.3S, 142.2E,  35,    0,    0,    0,    0,    0,    0,    0,    0,    0,    0,    0,    0,    0, -999,    nan,    nan,    nan,    nan,    nan,    nan,    nan,    nan,    nan,    nan,    nan,    nan,    nan,    nan,    nan,    nan,    nan,    nan,    nan,    nan,    nan,    nan,    nan,    nan,    nan,    nan,    nan,    nan,    nan,    nan,    nan
19940131, 0600,  , LO, 20.0S, 142.1E,  30,    0,    0,    0,    0,    0,    0,    0,    0,    0,    0,    0,    0,    0, -999,    nan,    nan,    nan,    nan,    nan,    nan,    nan,    nan,    nan,    nan,    nan,    nan,    nan,    nan,    nan,    nan,    nan,    nan,    nan,    nan,    nan,    nan,    nan,    nan,    nan,    nan,    nan,    nan,    nan,    nan,    nan
19940131, 1200,  , LO, 21.5S, 142.7E,  25,    0,    0,    0,    0,    0,    0,    0,    0,    0,    0,    0,    0,    0, -999,    nan,    nan,    nan,    nan,    nan,    nan,    nan,    nan,    nan,    nan,    nan,    nan,    nan,    nan,    nan,    nan,    nan,    nan,    nan,    nan,    nan,    nan,    nan,    nan,    nan,    nan,    nan,    nan,    nan,    nan,    nan
19940131, 1800,  , LO, 22.9S, 144.0E,  20,    0,    0,    0,    0,    0,    0,    0,    0,    0,    0,    0,    0,    0, -999,    nan,    nan,    nan,    nan,    nan,    nan,    nan,    nan,    nan,    nan,    nan,    nan,    nan,    nan,    nan,    nan,    nan,    nan,    nan,    nan,    nan,    nan,    nan,    nan,    nan,    nan,    nan,    nan,    nan,    nan,    nan
19940201, 0000,  , LO, 23.7S, 144.9E,  15,    0,    0,    0,    0,    0,    0,    0,    0,    0,    0,    0,    0,    0, -999,    nan,    nan,    nan,    nan,    nan,    nan,    nan,    nan,    nan,    nan,    nan,    nan,    nan,    nan,    nan,    nan,    nan,    nan,    nan,    nan,    nan,    nan,    nan,    nan,    nan,    nan,    nan,    nan,    nan,    nan,    nan
