SH162012,               KOJI,     27,
20120306, 0600,  , DB, 12.1S, 100.0E,  20, 1007,    0,    0,    0,    0,    0,    0,    0,    0,    0,    0,    0,    0, -999,  28.48,  28.46,  28.48,  28.58,  28.51,  28.66,  28.89,  28.99,  29.34,  29.18,  29.17,  29.22,  29.13,  29.25,  29.36,  29.33,  29.05,  28.88,  28.84,  28.86,  28.68,  28.62,  28.62,  28.67,  28.84,  29.03,  28.75,  28.79,  28.79,  29.05,  29.25
20120306, 1200,  , TD, 12.3S,  98.7E,  25, 1004,    0,    0,    0,    0,    0,    0,    0,    0,    0,    0,    0,    0, -999,  28.31,  28.35,  28.38,  28.47,  28.76,  29.03,  29.18,  29.02,  29.16,  29.20,  29.15,  29.14,  29.10,  29.13,  29.18,  29.25,  28.95,  28.84,  29.13,  29.14,  29.14,  29.37,  29.39,  29.16,  29.14,  29.11,  28.59,  28.49,  28.68,  29.07,  28.52
20120306, 1800,  , TD, 13.4S,  98.0E,  25, 1004,    0,    0,    0,    0,    0,    0,    0,    0,    0,    0,    0,    0, -999,  28.75,  28.69,  28.72,  28.82,  28.91,  29.06,  29.12,  29.13,  29.03,  28.74,  28.52,  28.68,  28.81,  28.75,  28.89,  29.00,  28.75,  28.57,  28.78,  28.98,  28.90,  28.92,  29.19,  29.46,  29.34,  29.47,  28.90,  28.87,  29.02,  28.94,  28.48
20120307, 0000,  , TD, 14.5S,  97.3E,  30, 1000,    0,    0,    0,    0,    0,    0,    0,    0,    0,    0,    0,    0, -999,  28.86,  28.87,  28.83,  28.73,  28.80,  28.84,  28.84,  29.00,  28.73,  28.62,  28.71,  28.70,  28.63,  28.52,  28.57,  28.47,  28.23,  28.26,  28.19,  28.26,  28.31,  28.61,  28.82,  28.61,  28.78,  28.49,  28.48,  28.67,  28.49,  28.33,  27.61
20120307, 0600,  , TS, 14.9S,  95.8E,  35,  996,    0,    0,    0,    0,    0,    0,    0,    0,    0,    0,    0,    0, -999,  28.76,  28.74,  28.66,  28.72,  28.78,  28.79,  28.78,  28.65,  28.63,  28.51,  28.55,  28.54,  28.65,  28.77,  28.63,  28.61,  28.09,  27.94,  27.77,  28.01,  28.08,  28.45,  28.46,  28.54,  28.31,  28.20,  28.11,  28.53,  28.49,  28.42,  28.51
20120307, 1200,  , TS, 14.9S,  94.3E,  35,  996,   40,   60,   60,   40,    0,    0,    0,    0,    0,    0,    0,    0, -999,  28.27,  28.49,  28.52,  28.54,  28.60,  28.52,  28.54,  28.47,  28.35,  28.35,  28.46,  28.45,  28.58,  28.71,  28.75,  28.70,  28.45,  28.65,  28.95,  28.70,  28.67,  28.39,  28.29,  28.44,  28.27,  28.26,  28.41,  28.44,  28.35,  28.30,  28.45
20120307, 1800,  , TS, 15.3S,  92.9E,  35,  996,   40,   65,   65,   40,    0,    0,    0,    0,    0,    0,    0,    0, -999,  28.20,  28.18,  28.29,  27.95,  27.71,  28.05,  28.11,  27.95,  27.83,  27.94,  28.21,  28.43,  28.42,  28.39,  28.57,  28.67,  28.57,  28.78,  28.84,  28.71,  28.51,  28.39,  28.02,  27.90,  28.07,  28.26,  28.40,  28.57,  28.14,  27.94,  28.06
20120308, 0000,  , TS, 15.6S,  91.5E,  40,  993,   40,   65,   65,   40,    0,    0,    0,    0,    0,    0,    0,    0, -999,  28.18,  27.92,  27.94,  27.94,  28.06,  28.25,  28.13,  28.31,  28.20,  28.08,  28.20,  27.94,  27.97,  28.09,  28.22,  28.10,  27.87,  27.85,  28.39,  28.68,  28.82,  28.47,  28.28,  28.00,  28.34,  28.52,  28.73,  28.35,  28.21,  28.18,  28.15
20120308, 0600,  , TS, 16.0S,  90.4E,  45,  989,   50,   70,   70,   50,    0,    0,    0,    0,    0,    0,    0,    0, -999,  28.25,  28.34,  28.35,  28.30,  28.34,  28.44,  28.36,  28.47,  28.47,  27.96,  27.91,  27.87,  27.85,  27.91,  28.00,  28.07,  27.83,  27.69,  28.19,  28.11,  28.31,  28.38,  28.36,  28.28,  28.27,  28.30,  28.15,  27.90,  27.93,  28.43,  28.54
20120308, 1200,  , TS, 16.3S,  89.3E,  50,  985,   50,   70,   70,   50,    0,    0,    0,    0,    0,    0,    0,    0, -999,  27.76,  27.76,  27.66,  27.71,  27.79,  28.01,  28.10,  28.42,  28.68,  28.10,  27.88,  27.97,  28.02,  27.80,  27.73,  27.64,  27.39,  27.46,  28.11,  28.11,  28.29,  28.10,  28.07,  27.82,  27.88,  28.15,  27.70,  27.66,  27.55,  27.44,  27.41
20120308, 1800,  , TS, 16.7S,  88.1E,  55,  982,   80,   90,   90,   80,    0,    0,    0,    0,    0,    0,    0,    0, -999,  27.78,  27.67,  27.62,  27.72,  27.74,  27.93,  28.05,  28.53,  28.28,  27.85,  27.49,  27.42,  27.49,  27.54,  27.38,  27.28,  26.70,  26.46,  27.20,  27.57,  27.82,  28.01,  28.20,  28.08,  28.16,  28.05,  27.73,  27.79,  27.75,  27.79,  27.72
20120309, 0000,  , TS, 17.0S,  87.0E,  60,  978,   80,  100,  105,   85,   40,   45,   45,   40,    0,    0,    0,    0, -999,  28.37,  28.01,  27.47,  27.62,  27.79,  28.16,  28.59,  28.54,  28.48,  28.17,  27.72,  27.89,  28.06,  27.52,  27.45,  27.28,  27.25,  27.44,  27.95,  28.14,  28.03,  27.73,  27.50,  27.45,  27.14,  27.29,  27.58,  27.80,  27.81,  27.80,  27.84
20120309, 0600,  , TS, 17.2S,  85.9E,  60,  978,   80,  100,  105,   85,   40,   45,   45,   40,    0,    0,    0,    0, -999,  28.36,  27.93,  27.70,  27.45,  27.69,  27.96,  28.17,  28.26,  28.00,  27.75,  27.65,  27.93,  27.93,  27.75,  27.71,  27.59,  27.02,  27.29,  27.83,  28.24,  28.09,  28.07,  27.96,  27.81,  27.82,  27.70,  27.70,  27.63,  27.42,  27.34,  27.45
20120309, 1200,  , HU, 17.5S,  84.8E,  65,  974,   90,  110,  115,   95,   45,   50,   50,   45,    0,    0,    0,    0, -999,  27.57,  27.53,  27.36,  27.27,  27.31,  27.70,  28.01,  28.35,  28.02,  27.67,  27.69,  28.26,  28.08,  27.61,  27.55,  27.56,  27.55,  27.66,  28.21,  28.44,  28.60,  28.59,  28.52,  28.22,  28.07,  27.81,  27.76,  27.61,  27.47,  27.38,  27.65
20120309, 1800,  , HU, 18.4S,  83.5E,  65,  974,   95,  125,  125,   95,   40,   50,   50,   40,    0,    0,    0,    0, -999,  27.42,  27.46,  27.65,  27.63,  27.62,  27.47,  27.53,  28.04,  27.84,  27.84,  27.86,  28.14,  28.11,  27.95,  27.98,  27.93,  27.65,  27.07,  27.55,  27.78,  27.99,  28.04,  28.05,  28.04,  27.94,  27.83,  27.73,  27.22,  26.86,  26.68,  26.91
20120310, 0000,  , HU, 19.0S,  82.2E,  75,  967,  100,  130,  135,  100,   45,   55,   55,   45,   25,   25,   25,   25, -999,  27.29,  27.39,  27.26,  27.11,  27.15,  27.22,  27.67,  27.64,  27.61,  27.56,  27.56,  27.73,  27.54,  27.50,  27.46,  27.41,  27.21,  27.28,  27.70,  28.09,  27.82,  27.54,  27.63,  27.41,  27.20,  26.98,  26.79,  27.08,  27.21,  27.16,  27.19
20120310, 0600,  , HU, 19.7S,  81.1E,  75,  967,  100,  130,  130,  100,   55,   65,   65,   55,   30,   35,   35,   30, -999,  27.95,  28.05,  27.97,  27.91,  27.81,  27.89,  28.04,  27.89,  27.79,  27.91,  27.94,  27.89,  27.83,  27.78,  27.57,  27.20,  27.03,  26.83,  27.25,  27.74,  27.64,  27.61,  27.53,  27.61,  27.56,  27.70,  27.45,  27.07,  26.60,  26.73,  26.71
20120310, 1200,  , HU, 20.4S,  80.1E,  70,  970,  100,  130,  130,  100,   55,   65,   65,   55,   30,   35,   35,   30, -999,  27.80,  27.87,  27.77,  27.71,  27.60,  27.73,  27.78,  27.78,  27.80,  27.84,  27.70,  27.42,  27.25,  27.30,  27.38,  27.28,  26.87,  26.24,  26.82,  27.18,  27.18,  27.52,  27.50,  27.32,  27.48,  27.36,  27.06,  26.98,  26.66,  26.72,  26.48
20120310, 1800,  , HU, 21.0S,  79.5E,  70,  970,  100,  135,  130,  100,   55,   65,   65,   55,   30,   35,   35,   30, -999,  27.19,  27.06,  26.97,  27.13,  27.27,  27.32,  27.11,  27.11,  27.27,  27.42,  27.43,  27.19,  26.95,  27.02,  26.89,  26.85,  26.38,  26.34,  26.60,  26.33,  26.07,  26.27,  26.31,  26.16,  25.98,  25.63,  25.36,  25.45,  25.47,  25.76,  25.60
20120311, 0000,  , TS, 21.9S,  79.3E,  60,  978,   90,  125,  120,   90,   45,   55,   50,   45,    0,    0,    0,    0, -999,  26.95,  26.89,  26.60,  26.12,  25.98,  26.06,  26.12,  26.29,  26.61,  26.81,  26.31,  26.20,  26.12,  26.05,  25.61,  25.17,  25.33,  25.67,  25.71,  25.53,  25.89,  25.82,  25.67,  25.46,  25.34,  25.16,  25.14,  25.31,  25.50,  25.53,  25.43
20120311, 0600,  , TS, 22.9S,  79.3E,  55,  982,   90,  105,  105,   90,   45,   50,   50,   45,    0,    0,    0,    0, -999,  26.66,  26.40,  26.06,  25.97,  25.97,  25.91,  25.91,  26.13,  26.31,  26.24,  26.00,  25.96,  25.92,  25.79,  25.73,  25.42,  25.63,  25.94,  26.04,  25.96,  25.61,  25.73,  25.56,  25.34,  25.28,  25.19,  25.27,  25.39,  25.39,  25.46,  25.33
20120311, 1200,  , TS, 23.8S,  79.9E,  50,  985,   90,  105,  105,   90,    0,    0,    0,    0,    0,    0,    0,    0, -999,  26.41,  26.25,  26.04,  26.04,  26.20,  26.22,  26.07,  25.96,  25.99,  26.19,  26.46,  26.11,  25.99,  25.87,  25.79,  25.54,  24.52,  24.88,  24.95,  25.16,  25.45,  25.48,  25.44,  25.05,  24.94,  24.81,  24.83,  24.74,  24.66,  24.65,  24.67
20120311, 1800,  , TS, 25.3S,  80.5E,  45,  989,   75,   95,   90,   75,    0,    0,    0,    0,    0,    0,    0,    0, -999,  25.53,  25.36,  25.29,  25.35,  24.98,  24.80,  24.83,  25.00,  24.88,  24.91,  24.80,  24.64,  24.40,  24.42,  24.55,  24.63,  24.55,  24.18,  24.18,  24.30,  24.38,  24.19,  23.92,  24.07,  24.25,  24.33,  24.31,  24.39,  24.47,  24.41,  24.60
20120312, 0000,  , TS, 26.6S,  80.5E,  35,  996,   75,   95,   90,   75,    0,    0,    0,    0,    0,    0,    0,    0, -999,  25.05,  25.04,  24.99,  24.98,  25.02,  24.97,  24.98,  24.94,  25.11,  25.11,  24.96,  24.73,  24.69,  24.51,  24.34,  23.50,  23.56,  23.66,  23.88,  24.03,  23.97,  23.98,  24.03,  24.10,  24.13,  23.91,  23.85,  23.81,  23.80,  23.69,  23.54
20120312, 0600,  , TD, 27.6S,  81.7E,  30, 1000,    0,    0,    0,    0,    0,    0,    0,    0,    0,    0,    0,    0, -999,  24.61,  24.57,  24.44,  24.39,  24.38,  24.31,  24.28,  24.25,  24.42,  24.34,  24.26,  24.19,  24.05,  24.01,  23.89,  23.70,  23.42,  23.44,  23.52,  23.63,  23.50,  23.43,  23.36,  22.89,  23.14,  23.04,  23.04,  22.88,  22.88,  23.15,  23.20
20120312, 1200,  , EX, 29.1S,  82.6E,  35,  996,   75,   95,   90,   75,    0,    0,    0,    0,    0,    0,    0,    0, -999,  24.01,  24.16,  23.95,  23.76,  23.90,  23.70,  23.56,  23.44,  23.47,  23.20,  22.84,  22.71,  22.75,  22.82,  22.92,  22.89,  22.39,  22.09,  22.09,  21.98,  21.66,  21.58,  21.54,  21.40,  21.48,  21.55,  21.56,  21.56,  21.54,  21.70,  21.64
20120312, 1800,  , EX, 30.4S,  84.2E,  35,  996,   75,   95,   90,   75,    0,    0,    0,    0,    0,    0,    0,    0, -999,  22.84,  22.90,  22.94,  22.90,  23.00,  22.62,  22.42,  22.20,  22.14,  22.20,  22.34,  22.31,  22.22,  22.06,  22.03,  21.94,  21.22,  20.81,  20.87,  21.16,  21.08,  20.79,  20.64,  20.72,  20.53,  21.00,  21.26,  21.49,  21.67,  21.93,  22.22
