SH172013,              RUSTY,     22,
20130223, 0000,  , TD, 15.1S, 118.4E,  25, 1004,    0,    0,    0,    0,    0,    0,    0,    0,    0,    0,    0,    0, -999,  34.79,  34.81,  34.73,  34.77,  34.80,  34.84,  34.91,    nan,  34.80,  34.77,  34.94,  34.92,  34.51,  34.39,  34.70,  34.84,  34.75,  34.71,  34.75,  34.78,  34.77,  34.61,  34.54,  34.34,  34.27,  34.15,  34.21,  34.46,  34.61,  34.54,  34.47
20130223, 0600,  , TD, 15.5S, 118.2E,  25, 1004,    0,    0,    0,    0,    0,    0,    0,    0,    0,    0,    0,    0, -999,  34.95,  34.89,  34.77,  34.80,  34.82,  34.87,  34.89,    nan,  34.78,  34.78,  34.95,  34.87,  34.50,  34.35,  34.69,  34.74,  34.69,  34.80,  34.88,  34.77,  34.70,  34.52,  34.43,  34.18,  34.12,  34.22,  34.47,  34.56,  34.44,  34.41,  34.36
20130223, 1200,  , TD, 15.8S, 118.1E,  25, 1004,    0,    0,    0,    0,    0,    0,    0,    0,    0,    0,    0,    0, -999,  34.95,  34.99,  34.85,  34.88,  34.82,  34.86,  34.80,    nan,  34.76,  34.75,  34.92,  35.06,  34.91,  34.61,  35.02,  34.98,  34.91,  34.87,  34.72,  34.62,  34.71,  34.68,  34.66,  34.56,  34.47,  34.55,  34.38,  34.44,  34.41,  34.41,  34.33
20130223, 1800,  , TD, 16.3S, 118.0E,  30,  995,    0,    0,    0,    0,    0,    0,    0,    0,    0,    0,    0,    0, -999,  35.00,  34.99,  34.84,  34.92,  34.85,  34.80,  34.79,    nan,  34.81,  34.88,  34.94,  35.06,  34.92,  34.90,  34.94,  34.86,  34.80,  34.86,  34.77,  34.71,  34.67,  34.69,  34.68,  34.66,  34.63,  34.65,  34.66,  34.66,  34.65,  34.64,  34.60
20130224, 0000,  , TD, 16.7S, 118.1E,  30, 1000,    0,    0,    0,    0,    0,    0,    0,    0,    0,    0,    0,    0, -999,  35.07,  34.95,  34.99,  34.98,  34.95,  34.88,    nan,  34.88,  34.89,  34.89,  35.03,  34.94,  34.94,  34.94,  34.91,  34.90,  34.92,  34.89,  34.76,  34.75,  34.72,  34.70,  34.68,  34.67,  34.62,  34.58,  34.58,  34.63,  34.62,  34.54,  34.52
20130224, 0600,  , TS, 17.0S, 118.1E,  35,  996,   45,   45,   45,   45,    0,    0,    0,    0,    0,    0,    0,    0, -999,  35.10,  35.02,  35.06,  35.05,  35.03,  34.94,    nan,  34.89,  34.89,  34.88,  35.00,  34.91,  34.92,  34.87,  34.82,  34.82,  34.86,  34.90,  34.72,  34.76,  34.79,  34.79,  34.81,  34.80,  34.82,  34.64,  34.53,  34.52,  34.56,  34.56,  34.52
20130224, 1200,  , TS, 17.4S, 118.1E,  45,  989,   60,   70,   70,   60,    0,    0,    0,    0,    0,    0,    0,    0, -999,  34.95,  34.93,  34.96,  34.94,  34.97,  34.95,    nan,  34.87,  34.89,  34.84,  34.89,  34.83,  34.86,  34.86,  34.86,  34.92,  34.90,  34.87,  34.75,  35.02,  35.00,  35.07,  35.07,  35.06,  35.05,  35.02,  35.00,  34.99,  34.82,  34.56,  34.52
20130224, 1800,  , TS, 17.5S, 118.4E,  50,  985,   90,   90,   80,   80,   45,   45,   45,   45,    0,    0,    0,    0, -999,  34.98,  34.96,  35.04,  35.02,  34.97,  34.88,    nan,  34.82,  34.83,  34.82,  34.90,  34.92,  34.91,  34.86,  34.83,  34.90,  34.89,  34.84,  34.73,  35.06,  35.06,  35.08,  35.08,  35.06,  35.07,  35.04,  34.98,  34.93,  34.73,  34.56,  34.54
20130225, 0000,  , TS, 17.8S, 118.7E,  60,  978,   90,   90,   80,   80,   45,   45,   45,   45,    0,    0,    0,    0, -999,  34.98,  34.99,  34.98,  34.97,  34.95,    nan,  34.83,  34.93,  34.88,  34.92,  34.92,  34.89,  34.85,  34.84,  34.93,  34.93,  34.90,  34.82,  35.06,  35.09,  35.09,  35.09,  35.09,  35.08,  35.07,  35.06,  35.04,  35.02,  35.01,  34.97,  34.90
20130225, 0600,  , HU, 18.1S, 119.0E,  65,  974,  100,  100,   90,   90,   50,   50,   45,   45,    0,    0,    0,    0, -999,  34.95,  35.03,  35.00,  35.02,  34.98,    nan,  34.94,  34.99,  34.97,  34.99,  34.96,  34.96,  34.95,  34.95,  35.01,  34.86,  34.93,  34.85,  34.91,  35.00,  35.00,  35.00,  35.02,  35.01,  35.04,  35.04,  35.01,  34.99,  35.00,  35.00,  35.01
20130225, 1200,  , HU, 18.4S, 119.3E,  70,  970,  100,  100,   90,   90,   50,   50,   45,   45,   25,   25,   25,   25, -999,  35.01,  35.08,  35.06,  35.08,  35.10,    nan,  35.09,  35.09,  35.07,  35.11,  35.06,  35.03,  35.03,  34.93,  34.99,  34.97,  34.99,  34.85,  34.91,  34.94,  34.88,  34.89,  34.86,  34.83,  34.84,  34.91,  34.92,  34.96,  34.96,  34.96,  34.93
20130225, 1800,  , HU, 18.8S, 119.3E,  75,  967,  100,  100,   90,   90,   50,   50,   45,   45,   25,   25,   25,   25, -999,  35.01,  35.00,  35.09,  35.08,  35.02,    nan,  35.03,  35.02,  35.01,  35.01,  35.05,  35.05,  35.03,  35.02,  34.98,  34.77,  34.79,  34.79,  35.00,  35.03,  35.03,  35.04,  35.05,  35.05,  35.06,  35.08,  35.09,  35.09,  35.09,  35.08,  35.07
20130226, 0000,  , HU, 19.0S, 119.2E,  75,  967,  100,  100,   90,   90,   50,   50,   45,   45,   25,   25,   25,   25, -999,  35.02,  35.03,  35.05,  35.04,    nan,  35.00,  35.00,  35.01,  34.99,  35.02,  35.05,  35.05,  35.00,  35.02,  34.86,  34.83,  34.85,  35.12,  35.15,  35.16,  35.16,  35.17,  35.19,  35.19,  35.19,  35.19,  35.20,  35.19,  35.20,  35.18,  35.16
20130226, 0600,  , HU, 19.2S, 119.1E,  75,  967,   90,   90,   80,   80,   45,   45,   40,   40,   25,   25,   25,   25, -999,  35.04,  35.05,  35.05,  35.05,    nan,  35.02,  35.05,  35.03,  35.02,  35.02,  35.06,  35.07,  35.03,  35.04,  34.95,  34.87,  34.88,  35.16,  35.17,  35.15,  35.15,  35.16,  35.15,  35.16,  35.16,  35.16,  35.16,  35.17,  35.16,  35.14,  35.15
20130226, 1200,  , HU, 19.3S, 119.1E,  85,  959,  100,  100,   90,   90,   55,   55,   50,   50,   30,   30,   30,   30, -999,  35.04,  35.05,  35.05,  35.05,    nan,  35.02,  35.05,  35.03,  35.02,  35.02,  35.06,  35.07,  35.03,  35.04,  34.95,  34.87,  34.88,  35.16,  35.17,  35.15,  35.15,  35.16,  35.15,  35.16,  35.16,  35.16,  35.16,  35.17,  35.16,  35.14,  35.15
20130226, 1800,  , HU, 19.3S, 119.2E, 100,  948,  100,  100,   90,   90,   55,   55,   50,   50,   30,   30,   30,   30, -999,  35.04,  35.05,  35.05,  35.05,    nan,  35.02,  35.05,  35.03,  35.02,  35.02,  35.06,  35.07,  35.03,  35.04,  34.95,  34.87,  34.88,  35.16,  35.17,  35.15,  35.15,  35.16,  35.15,  35.16,  35.16,  35.16,  35.16,  35.17,  35.16,  35.14,  35.15
20130227, 0000,  , HU, 19.4S, 119.3E,  95,  952,  100,  100,   90,   90,   55,   55,   50,   50,   30,   30,   30,   30, -999,  35.06,  35.08,  35.06,    nan,  35.04,  35.05,  35.05,  35.05,  35.02,  35.04,  35.03,  35.04,  35.05,  34.96,  34.92,  34.89,  35.13,  35.16,  35.17,  35.17,  35.18,  35.18,  35.20,  35.20,  35.22,  35.20,  35.20,  35.19,  35.18,  35.18,  35.19
20130227, 0600,  , HU, 19.8S, 119.5E,  90,  956,  100,  100,   90,   90,   55,   55,   50,   50,   30,   30,   30,   30, -999,  35.16,  35.17,  35.16,    nan,  35.15,  35.16,  35.16,  35.18,  35.16,  35.18,  35.17,  35.19,  35.18,  35.14,  35.06,  34.80,  35.05,  35.20,  35.23,  35.25,  35.26,  35.26,  35.27,  35.27,  35.27,  35.28,  35.29,  35.30,  35.31,  35.32,  35.33
20130227, 1200,  , HU, 20.2S, 119.8E,  75,  967,  100,  100,   90,   90,   55,   55,   50,   50,   30,   30,   30,   30, -999,    nan,    nan,    nan,    nan,    nan,    nan,    nan,    nan,    nan,    nan,    nan,    nan,    nan,    nan,    nan,    nan,    nan,    nan,    nan,    nan,    nan,    nan,    nan,    nan,    nan,    nan,    nan,    nan,    nan,    nan,    nan
20130227, 1800,  , HU, 20.6S, 120.2E,  65,  974,   60,   60,   60,   60,   30,   30,   30,   30,    0,    0,    0,    0, -999,    nan,    nan,    nan,    nan,    nan,    nan,    nan,    nan,    nan,    nan,    nan,    nan,    nan,    nan,    nan,    nan,    nan,    nan,    nan,    nan,    nan,    nan,    nan,    nan,    nan,    nan,    nan,    nan,    nan,    nan,    nan
20130228, 0000,  , TS, 21.3S, 120.4E,  45,  989,   60,   60,   60,   60,    0,    0,    0,    0,    0,    0,    0,    0, -999,    nan,    nan,    nan,    nan,    nan,    nan,    nan,    nan,    nan,    nan,    nan,    nan,    nan,    nan,    nan,    nan,    nan,    nan,    nan,    nan,    nan,    nan,    nan,    nan,    nan,    nan,    nan,    nan,    nan,    nan,    nan
20130228, 0600,  , TS, 22.1S, 120.6E,  35,  996,   60,   60,   60,   60,    0,    0,    0,    0,    0,    0,    0,    0, -999,    nan,    nan,    nan,    nan,    nan,    nan,    nan,    nan,    nan,    nan,    nan,    nan,    nan,    nan,    nan,    nan,    nan,    nan,    nan,    nan,    nan,    nan,    nan,    nan,    nan,    nan,    nan,    nan,    nan,    nan,    nan
