SH181985,            UNNAMED,     19,
19850202, 0000,  , XX, 11.5S, 156.7E,  30,    0,    0,    0,    0,    0,    0,    0,    0,    0,    0,    0,    0,    0, -999,  28.24,  28.29,  29.12,  29.19,  29.10,  29.38,  28.87,  29.26,  29.69,  29.73,  29.75,  29.74,  29.25,  29.44,  29.69,  29.75,  29.70,  29.66,  29.62,  29.44,  29.85,  29.84,  29.76,  29.74,  29.53,  29.56,  29.54,  29.52,  29.51,  29.49,  29.47
19850202, 0600,  , TS, 12.6S, 156.6E,  35,    0,    0,    0,    0,    0,    0,    0,    0,    0,    0,    0,    0,    0, -999,  27.36,  27.43,  28.32,  28.34,  28.38,  28.78,  29.05,  29.29,  29.97,  29.95,  29.91,  29.88,  28.84,  28.64,  28.77,  28.83,  28.86,  29.54,  30.22,  29.05,  29.20,  29.43,  29.44,  29.45,  29.86,  29.78,  29.76,  29.78,  29.78,  29.77,  29.76
19850202, 1200,  , XX, 13.4S, 156.0E,  35,    0,    0,    0,    0,    0,    0,    0,    0,    0,    0,    0,    0,    0, -999,  27.96,  27.94,  28.21,  28.23,  28.47,  28.69,  29.12,  29.22,  29.40,  29.48,  29.51,  29.53,  28.50,  28.49,  28.65,  28.87,  28.73,  28.72,  28.79,  28.04,  28.75,  29.14,  29.25,  29.29,  30.27,  30.33,  30.35,  30.32,  30.23,  30.20,  30.18
19850202, 1800,  , TS, 14.0S, 154.9E,  35,    0,    0,    0,    0,    0,    0,    0,    0,    0,    0,    0,    0,    0, -999,  28.22,  28.11,  28.26,  28.32,  28.41,  28.52,  28.78,  29.41,  29.86,  29.63,  29.52,  29.59,  29.47,  29.29,  29.25,  29.20,  28.99,  28.85,  29.34,  28.72,  28.74,  28.80,  28.81,  29.31,  29.51,  29.49,  29.72,  30.23,  30.33,  30.65,  30.69
19850203, 0000,  , XX, 14.3S, 153.8E,  35,    0,    0,    0,    0,    0,    0,    0,    0,    0,    0,    0,    0,    0, -999,  28.17,  28.29,  28.59,  28.56,  28.80,  28.85,  28.82,  28.81,  28.25,  27.97,  28.43,  28.64,  28.67,  28.78,  28.78,  28.63,  28.55,  28.94,  28.91,  28.82,  28.81,  28.84,  29.11,  29.07,  29.05,  29.26,  29.71,  29.60,  29.48,  29.50,  29.35
19850203, 0600,  , TS, 14.3S, 152.8E,  35,    0,    0,    0,    0,    0,    0,    0,    0,    0,    0,    0,    0,    0, -999,  27.99,  28.15,  28.55,  28.51,  28.95,  29.07,  28.86,  28.78,  28.23,  28.27,  28.61,  28.63,  28.78,  28.84,  28.76,  28.75,  28.74,  28.75,  29.08,  29.13,  29.12,  28.88,  28.82,  28.85,  28.88,  28.94,  28.95,  29.19,  29.07,  29.10,  28.95
19850203, 1200,  , XX, 14.1S, 151.8E,  35,    0,    0,    0,    0,    0,    0,    0,    0,    0,    0,    0,    0,    0, -999,  28.13,  27.97,  28.83,  28.44,  28.52,  29.76,  29.93,  29.79,  29.42,  29.38,  29.45,  29.12,  28.94,  28.72,  28.68,  28.69,  28.74,  28.86,  29.11,  29.10,  29.09,  28.88,  28.84,  28.85,  28.89,  28.97,  28.12,  28.74,  28.79,  28.52,  28.41
19850203, 1800,  , TS, 13.7S, 150.9E,  35,    0,    0,    0,    0,    0,    0,    0,    0,    0,    0,    0,    0,    0, -999,  27.59,  27.86,  29.12,  28.89,  28.95,  30.17,  30.28,  30.05,  29.55,  28.96,  28.89,  29.12,  29.14,  28.83,  28.65,  28.66,  28.74,  28.93,  29.07,  29.13,  29.14,  29.13,  29.12,  29.27,  29.60,  29.59,  28.15,  28.41,  28.68,  28.21,  28.07
19850204, 0000,  , XX, 13.4S, 150.1E,  35,    0,    0,    0,    0,    0,    0,    0,    0,    0,    0,    0,    0,    0, -999,  28.14,  29.01,  29.13,  29.10,  29.11,  30.05,  29.93,  29.65,  28.66,  28.53,  28.70,  28.74,  28.67,  28.49,  28.54,  28.64,  28.87,  28.79,  28.82,  28.84,  28.85,  28.86,  29.06,  29.44,  29.47,  28.05,  27.88,  28.65,  28.29,  28.15,  28.15
19850204, 0600,  , TS, 13.3S, 148.8E,  35,    0,    0,    0,    0,    0,    0,    0,    0,    0,    0,    0,    0,    0, -999,  27.89,  28.25,  28.37,  28.47,  28.44,  30.17,  30.16,  29.77,  29.39,  29.06,  28.79,  28.89,  28.71,  28.72,  28.70,  28.67,  28.65,  28.37,  28.37,  28.38,  28.38,  28.38,  28.42,  28.51,  28.48,  28.34,  28.35,  28.35,  27.45,  27.29,  27.88
19850204, 1200,  , XX, 13.3S, 147.5E,  35,    0,    0,    0,    0,    0,    0,    0,    0,    0,    0,    0,    0,    0, -999,  28.03,  27.76,  27.47,  27.66,  27.66,  29.45,  29.51,  29.56,  29.76,  29.81,  29.50,  28.05,  27.15,  27.10,  27.11,  27.13,  27.16,  27.03,  27.18,  27.25,  27.30,  27.36,  27.41,  27.45,  27.50,  28.02,  28.08,  28.07,  28.06,  28.07,  28.10
19850204, 1800,  , TS, 13.4S, 146.5E,  35,    0,    0,    0,    0,    0,    0,    0,    0,    0,    0,    0,    0,    0, -999,  27.63,  27.56,  28.23,  28.32,  28.40,  28.89,  28.57,  28.66,  28.95,  28.98,  28.93,  27.77,  26.70,  26.64,  26.95,  27.00,  26.98,  26.90,  27.25,  27.31,  27.34,  27.37,  27.40,  27.44,  27.48,  27.93,  27.81,  27.63,  27.57,  27.61,  27.64
19850205, 0000,  , XX, 13.5S, 145.8E,  35,    0,    0,    0,    0,    0,    0,    0,    0,    0,    0,    0,    0,    0, -999,  27.28,  28.50,  28.71,  28.69,  28.54,  28.50,  28.36,  28.02,  27.62,  27.58,  27.55,  26.74,  26.73,  27.12,  27.08,  27.05,  27.11,  27.08,  27.09,  27.14,  27.19,  27.24,  27.29,  27.29,  27.51,  27.42,  27.57,  27.61,  27.62,  27.62,  27.63
19850205, 0600,  , TS, 13.4S, 145.3E,  35,    0,    0,    0,    0,    0,    0,    0,    0,    0,    0,    0,    0,    0, -999,  27.61,  28.72,  28.88,  28.31,  28.00,  28.33,  28.23,  28.04,  27.67,  27.47,  27.53,  27.63,  27.63,  27.75,  27.50,  27.46,  27.18,  27.03,  27.04,  27.12,  27.19,  27.22,  27.18,  27.19,  27.28,  27.26,  27.35,  27.41,  27.43,  27.45,  27.47
19850205, 1200,  , XX, 13.2S, 144.7E,  35,    0,    0,    0,    0,    0,    0,    0,    0,    0,    0,    0,    0,    0, -999,  28.19,  28.83,  28.79,  28.11,  27.79,  28.05,  28.16,  28.12,  27.70,  27.40,  27.71,  27.78,  27.85,  27.65,  27.57,  27.62,  27.59,  27.61,  27.60,  27.54,  27.52,  27.48,  27.14,  27.18,  26.96,  26.70,  26.75,  26.75,  26.85,  26.91,  26.95
19850205, 1800,  , TS, 13.2S, 144.2E,  35,    0,    0,    0,    0,    0,    0,    0,    0,    0,    0,    0,    0,    0, -999,  27.95,  27.90,  27.92,  27.64,  27.58,  28.00,  28.11,  28.12,  27.65,  27.47,  27.82,  27.88,  27.95,  27.70,  27.73,  27.84,  27.88,  27.88,  27.84,  27.79,  27.76,  27.72,  27.47,  27.56,  27.28,  26.82,  26.80,  26.82,  26.92,  26.97,  27.01
19850206, 0000,  , XX, 13.4S, 143.6E,  30,    0,    0,    0,    0,    0,    0,    0,    0,    0,    0,    0,    0,    0, -999,  28.00,  27.97,  28.00,  28.08,  28.43,  28.31,  28.25,  28.31,  28.24,  28.47,  28.46,  28.49,  28.09,  28.08,  28.14,  28.15,  28.18,  28.20,  28.19,  28.17,  28.11,  28.11,  28.26,  27.86,  27.39,  27.02,  26.99,  27.08,  27.12,  27.15,  27.94
19850206, 0600,  , LO, 13.9S, 143.4E,  30,    0,    0,    0,    0,    0,    0,    0,    0,    0,    0,    0,    0,    0, -999,    nan,    nan,    nan,    nan,    nan,    nan,    nan,    nan,    nan,    nan,    nan,    nan,    nan,    nan,    nan,    nan,    nan,    nan,    nan,    nan,    nan,    nan,    nan,    nan,    nan,    nan,    nan,    nan,    nan,    nan,    nan
19850206, 1200,  , XX, 14.6S, 143.5E,  25,    0,    0,    0,    0,    0,    0,    0,    0,    0,    0,    0,    0,    0, -999,    nan,    nan,    nan,    nan,    nan,    nan,    nan,    nan,    nan,    nan,    nan,    nan,    nan,    nan,    nan,    nan,    nan,    nan,    nan,    nan,    nan,    nan,    nan,    nan,    nan,    nan,    nan,    nan,    nan,    nan,    nan
