SH202007,               KARA,     21,
20070324, 0600,  , DB, 16.2S, 120.5E,  25, 1002,    0,    0,    0,    0,    0,    0,    0,    0,    0,    0,    0,    0, -999,  28.20,  27.82,  27.34,  27.09,  27.14,  27.33,  27.49,  29.45,  29.57,  28.35,  27.79,  28.92,  28.45,  29.54,  29.79,  29.72,  29.61,  29.33,  29.59,  28.93,  28.92,  28.78,  28.68,  29.26,  28.94,  29.76,  29.83,  29.72,  29.68,  29.71,  29.47
20070324, 1200,  , TD, 16.3S, 119.3E,  25, 1002,    0,    0,    0,    0,    0,    0,    0,    0,    0,    0,    0,    0, -999,  26.70,  26.53,  26.24,  26.64,  26.48,  26.52,  26.93,  28.87,  28.68,  28.16,  28.36,  29.37,  28.97,  29.16,  29.17,  29.83,  29.13,  29.35,  29.41,  29.01,  29.09,  29.15,  28.79,  28.50,  28.89,  28.78,  29.57,  29.81,  29.53,  29.66,  29.64
20070324, 1800,  , TD, 16.4S, 118.1E,  30, 1000,    0,    0,    0,    0,    0,    0,    0,    0,    0,    0,    0,    0, -999,  28.74,  28.79,  28.48,  28.48,  28.03,  27.93,  28.04,  28.42,  28.83,  28.72,  28.94,  28.86,  28.98,  29.42,  29.66,  30.12,  29.77,  29.71,  29.70,  29.26,  29.30,  29.41,  29.08,  28.83,  29.33,  28.17,  28.99,  29.05,  28.84,  28.89,  28.94
20070325, 0000,  , TD, 16.5S, 117.3E,  30, 1000,    0,    0,    0,    0,    0,    0,    0,    0,    0,    0,    0,    0, -999,  28.89,  28.89,  28.77,  29.36,  29.38,  29.66,  29.75,  29.43,  28.81,  29.08,  29.20,  29.29,  29.51,  29.71,  30.18,  29.91,  29.64,  29.59,  29.57,  29.12,  28.86,  29.02,  28.75,  29.11,  28.91,  29.35,  29.36,  29.26,  29.27,  29.26,  29.25
20070325, 0600,  , TS, 16.6S, 116.7E,  35,  997,    0,    0,    0,    0,    0,    0,    0,    0,    0,    0,    0,    0, -999,  28.96,  28.97,  28.81,  28.52,  28.44,  29.35,  29.59,  29.51,  29.26,  29.24,  29.44,  29.23,  29.38,  29.59,  30.08,  29.75,  29.56,  29.40,  29.50,  29.68,  29.72,  29.80,  29.56,  29.68,  29.11,  29.01,  28.93,  28.92,  29.01,  29.03,  29.02
20070325, 1200,  , TS, 16.8S, 116.1E,  45,  989,   50,   55,   50,   50,    0,    0,    0,    0,    0,    0,    0,    0, -999,  29.92,  29.86,  29.69,  29.48,  28.91,  28.73,  28.80,  28.67,  28.70,  29.08,  29.35,  29.31,  29.09,  29.28,  29.67,  29.43,  29.43,  29.66,  29.75,  29.52,  29.02,  28.77,  28.46,  28.33,  28.46,  28.78,  28.75,  29.02,  29.11,  29.34,  29.25
20070325, 1800,  , TS, 17.1S, 115.6E,  55,  982,   70,   75,   70,   70,   30,   30,   30,   30,    0,    0,    0,    0, -999,  29.95,  29.30,  28.52,  28.29,  28.12,  28.73,  29.28,  29.53,  29.53,  29.04,  28.88,  28.75,  28.57,  28.81,  28.94,  28.97,  29.24,  29.31,  29.54,  29.50,  29.15,  29.02,  28.69,  28.61,  29.02,  29.26,  29.30,  29.32,  29.26,  29.38,  29.52
20070326, 0000,  , HU, 17.5S, 115.3E,  75,  967,   75,   80,   70,   75,   30,   30,   30,   30,   10,   10,   10,   10, -999,  29.07,  28.88,  28.72,  28.51,  28.56,  28.56,  28.69,  28.85,  28.62,  28.52,  28.50,  28.34,  28.39,  28.55,  28.55,  28.84,  28.94,  29.19,  28.95,  28.97,  28.96,  28.74,  28.68,  28.85,  29.05,  29.13,  29.05,  28.89,  29.01,  29.04,  28.97
20070326, 0600,  , HU, 18.0S, 115.2E,  90,  956,   75,   80,   70,   75,   30,   30,   30,   30,   10,   10,   10,   10, -999,  29.11,  28.72,  28.55,  28.42,  28.50,  28.50,  28.61,  28.70,  28.65,  28.71,  28.82,  28.75,  28.63,  28.70,  28.64,  28.72,  28.81,  28.85,  28.35,  28.37,  28.54,  28.27,  28.33,  28.49,  28.74,  28.82,  28.96,  28.92,  28.99,  29.20,  29.09
20070326, 1200,  , HU, 18.3S, 115.5E,  90,  956,   75,   80,   70,   75,   30,   30,   30,   30,   10,   10,   10,   10, -999,  29.10,  28.77,  28.58,  28.38,  28.40,  28.36,  28.54,  28.67,  28.90,  29.13,  29.32,  29.29,  29.36,  29.09,  28.68,  28.71,  28.81,  28.80,  28.18,  28.01,  28.10,  27.85,  28.21,  28.38,  28.78,  28.91,  28.95,  28.46,  28.57,  28.95,  28.98
20070326, 1800,  , HU, 18.5S, 116.1E,  90,  956,   75,   80,   70,   75,   30,   30,   30,   30,   10,   10,   10,   10, -999,  29.85,  29.69,  29.48,  29.32,  29.23,  28.88,  29.06,  29.27,  29.46,  29.23,  29.39,  29.39,  29.45,  29.65,  29.00,  29.06,  29.02,  28.91,  28.43,  28.06,  27.79,  27.52,  27.61,  27.80,  28.70,  28.68,  28.76,  28.74,  28.99,  29.31,  29.58
20070327, 0000,  , HU, 18.6S, 116.8E, 105,  944,   80,   80,   75,   75,   40,   40,   40,   40,   25,   25,   25,   20, -999,  29.57,  29.36,  29.16,  29.19,  29.25,  28.94,  29.05,  29.11,  28.72,  28.97,  28.91,  28.97,  29.23,  29.09,  28.72,  28.45,  28.15,  28.00,  28.14,  27.95,  27.92,  28.11,  28.39,  29.41,  29.22,  29.17,  29.28,  29.32,  29.41,  29.76,  29.41
20070327, 0600,  , HU, 18.8S, 117.8E,  80,  963,   60,   70,   70,   60,   35,   35,   35,   35,   20,   20,   20,   20, -999,  29.35,  29.38,  29.15,  29.00,  29.36,  29.12,  29.34,  29.12,  28.88,  29.15,  28.94,  28.92,  29.20,  28.13,  28.02,  28.03,  28.10,  27.84,  27.84,  27.80,  27.71,  27.91,  28.18,  29.88,  29.51,  29.17,  28.97,  28.92,  28.98,  29.59,  28.92
20070327, 1200,  , TS, 19.0S, 119.1E,  45,  989,   40,   50,   50,   40,    0,    0,    0,    0,    0,    0,    0,    0, -999,  30.33,  30.38,  30.07,  29.61,  29.78,  29.71,  29.55,  29.36,  29.14,  29.20,  29.30,  29.05,  29.31,  29.09,  29.09,  29.07,  29.12,  28.87,  28.81,  28.94,  29.07,  28.88,  29.30,  30.33,  30.61,  30.15,  30.20,  29.70,  29.69,  29.71,  29.51
20070327, 1800,  , TS, 19.2S, 120.4E,  35,  996,   40,   50,   50,   40,    0,    0,    0,    0,    0,    0,    0,    0, -999,  30.92,  30.86,  30.25,  29.75,  29.28,  29.34,  29.25,  28.89,  29.22,  28.37,  28.48,  28.32,  28.71,  28.69,  28.70,  28.68,  28.76,  28.76,  28.71,  28.67,  28.68,  28.88,  29.95,  30.78,  31.57,  31.45,  31.41,  29.33,  30.20,  30.46,  29.95
20070328, 0000,  , TS, 19.1S, 120.9E,  35,  996,   40,   50,   50,   40,    0,    0,    0,    0,    0,    0,    0,    0, -999,  30.49,  30.22,  29.86,  29.39,  29.38,  29.57,  29.33,  29.89,  28.88,  29.08,  29.04,  29.34,  29.00,  29.06,  29.14,  29.20,  29.09,  28.71,  28.77,  28.66,  29.07,  30.25,  30.58,  31.61,  31.53,  31.41,  28.98,  29.96,  29.93,  29.56,  29.77
20070328, 0600,  , TD, 18.9S, 121.3E,  30, 1000,    0,    0,    0,    0,    0,    0,    0,    0,    0,    0,    0,    0, -999,  29.59,  29.52,  29.38,  29.23,  29.20,  29.59,  29.35,  29.90,  29.16,  29.46,  29.42,  29.64,  29.42,  29.36,  29.41,  29.33,  29.16,  28.76,  28.98,  28.76,  29.23,  30.37,  30.33,  31.45,  31.49,  31.25,  28.94,  29.79,  29.57,  29.38,  29.80
20070328, 1200,  , TD, 18.5S, 121.6E,  25, 1004,    0,    0,    0,    0,    0,    0,    0,    0,    0,    0,    0,    0, -999,  30.40,  30.30,  30.07,  29.55,  29.55,  29.67,  29.26,  29.50,  29.02,  29.34,  29.26,  29.40,  29.30,  29.25,  29.26,  29.25,  29.26,  29.20,  29.25,  28.72,  29.12,  30.03,  29.90,  30.91,  31.11,  31.06,  29.12,  29.82,  29.65,  29.48,  29.77
20070328, 1800,  , DB, 18.3S, 121.6E,  20, 1004,    0,    0,    0,    0,    0,    0,    0,    0,    0,    0,    0,    0, -999,  30.50,  30.41,  30.09,  29.46,  29.55,  29.61,  29.22,  29.36,  28.91,  29.19,  29.14,  29.16,  29.03,  29.06,  29.11,  29.13,  29.16,  29.12,  29.12,  28.60,  28.93,  29.86,  29.69,  30.65,  30.99,  30.85,  29.00,  29.75,  29.63,  29.48,  29.66
20070329, 0000,  , DB, 18.1S, 121.5E,  20, 1004,    0,    0,    0,    0,    0,    0,    0,    0,    0,    0,    0,    0, -999,  30.34,  30.05,  29.57,  29.53,  29.60,  29.25,  29.24,  28.83,  29.17,  29.10,  29.08,  29.07,  29.06,  29.12,  29.12,  29.13,  29.09,  29.05,  28.57,  28.84,  29.76,  29.58,  30.46,  30.76,  30.70,  29.03,  29.71,  29.61,  29.46,  29.55,  29.50
20070329, 0600,  , DB, 18.0S, 121.4E,  15, 1006,    0,    0,    0,    0,    0,    0,    0,    0,    0,    0,    0,    0, -999,  30.40,  30.07,  29.62,  29.56,  29.55,  29.23,  29.13,  28.73,  29.20,  29.17,  29.06,  29.01,  29.00,  29.03,  29.02,  29.00,  28.94,  28.91,  28.59,  28.72,  29.82,  29.50,  30.23,  30.49,  30.46,  29.07,  29.74,  29.66,  29.47,  29.45,  29.42
