SH201986,            UNNAMED,     15,
19860222, 0600,  , LO, 14.9S, 114.3E,  25,    0,    0,    0,    0,    0,    0,    0,    0,    0,    0,    0,    0,    0, -999,  28.49,  28.53,  28.47,  28.49,  28.49,  28.46,  28.37,  28.38,  27.99,  28.07,  28.17,  28.00,  28.21,  28.32,  28.54,  28.70,  27.81,  27.80,  27.62,  27.16,  27.10,  28.93,  29.08,  28.58,  27.72,  27.49,  27.43,  27.55,  27.38,  27.61,  28.43
19860222, 1200,  , LO, 15.4S, 114.5E,  25,    0,    0,    0,    0,    0,    0,    0,    0,    0,    0,    0,    0,    0, -999,  28.61,  28.77,  28.75,  28.71,  28.69,  28.60,  28.47,  28.58,  28.36,  28.44,  28.50,  28.64,  29.01,  29.06,  28.72,  28.72,  27.99,  27.84,  27.63,  27.21,  27.12,  28.55,  28.74,  28.48,  27.56,  27.38,  27.40,  27.34,  27.27,  27.50,  28.10
19860222, 1800,  , LO, 15.9S, 114.1E,  30,    0,    0,    0,    0,    0,    0,    0,    0,    0,    0,    0,    0,    0, -999,  28.50,  28.53,  28.49,  28.44,  28.18,  28.36,  28.35,  28.29,  28.01,  27.88,  27.85,  28.09,  28.56,  28.74,  28.43,  27.99,  27.87,  27.97,  27.44,  27.15,  27.07,  27.12,  27.34,  27.30,  27.50,  27.81,  27.86,  27.77,  27.12,  27.24,  28.37
19860223, 0000,  , LO, 16.5S, 113.3E,  30,    0,    0,    0,    0,    0,    0,    0,    0,    0,    0,    0,    0,    0, -999,  27.77,  27.38,  27.40,  27.13,  27.35,  27.63,  27.47,  27.44,  27.34,  27.34,  27.65,  28.28,  28.51,  28.85,  28.90,  27.56,  27.37,  27.09,  26.98,  26.95,  27.00,  27.74,  27.44,  27.15,  27.39,  27.33,  27.16,  26.79,  27.53,  28.75,  28.67
19860223, 0600,  , TS, 17.2S, 112.5E,  35,    0,    0,    0,    0,    0,    0,    0,    0,    0,    0,    0,    0,    0, -999,  27.72,  26.87,  26.89,  26.81,  26.81,  27.13,  26.87,  26.88,  26.90,  26.92,  27.15,  27.70,  27.96,  28.36,  28.41,  26.78,  26.76,  27.09,  27.47,  27.52,  27.53,  28.47,  28.33,  27.19,  27.03,  26.70,  26.32,  26.62,  26.83,  27.10,  27.06
19860223, 1200,  , TS, 17.9S, 111.7E,  35,    0,    0,    0,    0,    0,    0,    0,    0,    0,    0,    0,    0,    0, -999,  26.97,  26.32,  26.36,  26.53,  26.62,  26.40,  25.82,  25.71,  25.73,  25.89,  25.92,  25.97,  26.06,  26.13,  26.20,  25.56,  26.12,  26.41,  26.99,  27.39,  27.40,  27.58,  27.50,  27.03,  27.03,  26.69,  26.54,  27.20,  27.24,  27.23,  27.09
19860223, 1800,  , TS, 18.6S, 110.8E,  40,    0,    0,    0,    0,    0,    0,    0,    0,    0,    0,    0,    0,    0, -999,  26.07,  25.85,  25.96,  25.51,  25.53,  25.62,  25.47,  25.76,  25.88,  25.90,  25.93,  25.97,  25.93,  25.72,  25.75,  25.56,  25.75,  25.85,  28.01,  28.44,  28.40,  27.40,  27.17,  27.04,  26.77,  26.21,  26.01,  26.68,  26.78,  26.72,  26.70
19860224, 0000,  , TS, 19.3S, 109.9E,  45,    0,    0,    0,    0,    0,    0,    0,    0,    0,    0,    0,    0,    0, -999,  25.55,  25.40,  25.09,  25.12,  25.39,  25.08,  25.22,  25.46,  25.53,  25.66,  25.94,  26.08,  25.89,  25.79,  25.61,  25.28,  25.76,  27.27,  27.43,  27.77,  27.54,  27.43,  27.18,  26.83,  26.12,  25.98,  26.86,  27.08,  26.88,  26.68,  25.58
19860224, 0600,  , TS, 19.9S, 108.9E,  50,    0,    0,    0,    0,    0,    0,    0,    0,    0,    0,    0,    0,    0, -999,  25.83,  24.80,  24.36,  24.30,  24.47,  24.54,  24.53,  24.56,  24.56,  24.64,  24.80,  25.31,  25.36,  25.52,  25.54,  25.35,  25.21,  25.39,  25.51,  26.28,  26.59,  26.72,  26.19,  25.74,  26.07,  26.22,  26.77,  26.65,  26.54,  26.38,  26.30
19860224, 1200,  , TS, 20.5S, 108.0E,  45,    0,    0,    0,    0,    0,    0,    0,    0,    0,    0,    0,    0,    0, -999,  24.75,  23.94,  23.82,  23.69,  23.87,  23.98,  24.06,  24.01,  23.98,  24.04,  24.10,  24.50,  24.40,  24.17,  24.15,  24.26,  24.35,  24.40,  24.47,  25.14,  25.74,  26.12,  25.72,  25.35,  25.77,  25.81,  25.89,  25.96,  26.32,  26.15,  26.00
19860224, 1800,  , TS, 21.0S, 107.3E,  40,    0,    0,    0,    0,    0,    0,    0,    0,    0,    0,    0,    0,    0, -999,  24.09,  23.81,  23.81,  23.78,  23.91,  23.98,  23.87,  23.84,  23.86,  23.76,  23.69,  24.12,  24.14,  23.88,  23.99,  23.95,  23.65,  23.64,  23.73,  24.87,  24.99,  24.92,  24.93,  24.30,  24.45,  24.44,  24.48,  24.48,  25.55,  25.58,  25.38
19860225, 0000,  , TS, 21.6S, 106.7E,  40,    0,    0,    0,    0,    0,    0,    0,    0,    0,    0,    0,    0,    0, -999,  23.93,  24.12,  24.15,  24.25,  24.31,  24.36,  24.39,  24.40,  23.92,  24.07,  23.95,  24.13,  24.38,  24.29,  24.09,  23.80,  23.80,  23.84,  24.47,  24.26,  24.34,  24.71,  23.86,  23.54,  23.54,  23.82,  24.06,  25.37,  25.27,  24.90,  24.66
19860225, 0600,  , TS, 22.3S, 106.4E,  35,    0,    0,    0,    0,    0,    0,    0,    0,    0,    0,    0,    0,    0, -999,  23.41,  23.75,  23.79,  23.83,  23.99,  24.03,  24.02,  24.04,  22.58,  22.40,  23.25,  23.63,  23.65,  23.42,  22.81,  22.68,  22.77,  22.85,  23.04,  23.10,  23.64,  24.20,  23.84,  23.45,  23.35,  23.63,  23.86,  25.12,  25.03,  24.70,  24.47
19860225, 1200,  , TS, 22.8S, 106.2E,  35,    0,    0,    0,    0,    0,    0,    0,    0,    0,    0,    0,    0,    0, -999,  23.37,  23.77,  23.83,  23.83,  24.02,  24.08,  24.08,  24.09,  22.19,  21.64,  23.06,  23.69,  23.71,  23.30,  22.71,  22.58,  22.69,  22.79,  22.82,  23.06,  23.62,  24.03,  23.52,  23.11,  23.07,  23.22,  23.51,  24.68,  24.55,  24.20,  24.00
19860225, 1800,  , LO, 23.3S, 106.3E,  30,    0,    0,    0,    0,    0,    0,    0,    0,    0,    0,    0,    0,    0, -999,  23.37,  23.69,  23.71,  23.57,  23.72,  23.64,  23.61,  23.65,  22.20,  21.73,  22.58,  23.35,  23.59,  23.34,  22.87,  22.71,  22.78,  22.84,  23.02,  23.78,  24.20,  24.06,  23.59,  23.37,  23.33,  23.49,  23.52,  24.35,  24.12,  23.71,  23.41
