SH222000,            UNNAMED,     14,
20000331, 0000,  , LO, 14.2S, 155.4E,  20,    0,    0,    0,    0,    0,    0,    0,    0,    0,    0,    0,    0,    0, -999,  29.43,  29.54,  29.41,  29.23,  29.36,  29.24,  29.02,  29.33,  29.41,  29.54,  29.46,  29.37,  28.95,  29.23,  29.30,  29.39,  29.20,  29.72,  29.33,  29.23,  28.93,  29.10,  29.10,  29.23,  28.96,  29.26,  28.66,  28.63,  28.55,  28.67,  28.83
20000331, 0600,  , LO, 14.6S, 155.0E,  20,    0,    0,    0,    0,    0,    0,    0,    0,    0,    0,    0,    0,    0, -999,  28.83,  29.13,  28.63,  28.52,  28.74,  28.89,  28.21,  28.44,  28.40,  28.71,  28.69,  28.73,  28.54,  28.78,  28.83,  28.92,  29.06,  29.85,  29.49,  29.09,  28.72,  28.58,  28.88,  28.69,  28.71,  28.73,  28.61,  28.56,  28.45,  28.55,  28.46
20000331, 1200,  , LO, 15.0S, 154.4E,  25,    0,    0,    0,    0,    0,    0,    0,    0,    0,    0,    0,    0,    0, -999,  29.04,  29.31,  28.61,  28.59,  28.43,  28.32,  28.00,  28.29,  28.56,  28.59,  28.66,  28.63,  28.67,  28.85,  28.87,  28.73,  28.79,  29.48,  28.86,  28.64,  28.37,  28.45,  28.77,  28.54,  28.58,  28.55,  28.61,  28.50,  28.39,  28.45,  28.37
20000331, 1800,  , LO, 15.3S, 153.7E,  25,    0,    0,    0,    0,    0,    0,    0,    0,    0,    0,    0,    0,    0, -999,  28.26,  28.48,  28.11,  28.25,  28.31,  28.25,  28.01,  28.30,  28.45,  28.65,  28.81,  28.82,  28.85,  28.93,  28.74,  28.63,  28.38,  28.88,  28.70,  28.36,  28.16,  28.30,  28.42,  28.15,  28.27,  28.29,  28.60,  28.58,  28.60,  28.51,  28.45
20000401, 0000,  , TS, 15.6S, 153.1E,  35,    0,    0,    0,    0,    0,    0,    0,    0,    0,    0,    0,    0,    0, -999,  28.42,  28.09,  28.35,  28.37,  28.32,  28.01,  28.23,  28.31,  28.54,  28.40,  28.72,  28.92,  28.95,  28.66,  28.25,  27.96,  28.55,  28.48,  28.13,  28.02,  28.07,  28.21,  27.99,  28.09,  28.10,  28.23,  28.22,  28.24,  28.17,  28.17,  28.05
20000401, 0600,  , TS, 16.0S, 152.5E,  35,    0,    0,    0,    0,    0,    0,    0,    0,    0,    0,    0,    0,    0, -999,  28.38,  28.15,  28.44,  28.48,  28.25,  28.17,  28.32,  28.18,  28.25,  28.13,  28.14,  28.39,  28.18,  28.12,  27.98,  28.10,  28.10,  28.17,  28.02,  27.92,  28.02,  28.25,  28.20,  28.25,  28.12,  28.10,  28.03,  27.92,  27.85,  27.98,  27.95
20000401, 1200,  , TS, 16.5S, 151.8E,  40,    0,    0,    0,    0,    0,    0,    0,    0,    0,    0,    0,    0,    0, -999,  28.32,  28.17,  28.49,  28.51,  28.24,  28.28,  28.41,  28.20,  28.08,  28.00,  28.10,  28.22,  27.92,  27.67,  27.49,  27.66,  27.73,  27.82,  27.87,  27.84,  27.78,  27.92,  28.17,  28.18,  27.99,  27.89,  27.74,  27.64,  27.63,  27.73,  27.81
20000401, 1800,  , TS, 17.2S, 150.9E,  45,    0,    0,    0,    0,    0,    0,    0,    0,    0,    0,    0,    0,    0, -999,  27.47,  27.72,  28.00,  28.03,  27.65,  27.84,  28.10,  27.75,  27.63,  27.56,  27.86,  27.66,  27.49,  27.18,  27.30,  27.65,  27.59,  27.51,  27.31,  27.24,  27.22,  27.48,  27.73,  27.61,  27.62,  27.44,  27.13,  27.02,  27.01,  27.25,  27.48
20000402, 0000,  , TS, 17.8S, 150.0E,  45,    0,    0,    0,    0,    0,    0,    0,    0,    0,    0,    0,    0,    0, -999,  27.91,  28.29,  27.95,  27.69,  27.74,  28.13,  28.17,  28.05,  27.84,  28.05,  27.98,  27.83,  27.34,  27.40,  27.84,  27.82,  27.75,  27.50,  27.37,  27.18,  27.32,  27.42,  27.41,  27.51,  27.44,  27.20,  27.13,  27.16,  27.14,  27.03,  26.99
20000402, 0600,  , TS, 18.3S, 149.0E,  45,    0,    0,    0,    0,    0,    0,    0,    0,    0,    0,    0,    0,    0, -999,  27.59,  27.54,  27.37,  27.37,  27.34,  27.63,  27.59,  27.54,  27.45,  27.66,  27.53,  27.42,  27.23,  27.25,  27.33,  27.46,  27.55,  27.38,  27.32,  27.05,  27.05,  27.09,  27.15,  27.37,  27.31,  27.28,  27.40,  27.30,  26.95,  26.85,  26.77
20000402, 1200,  , TS, 18.8S, 147.8E,  50,    0,    0,    0,    0,    0,    0,    0,    0,    0,    0,    0,    0,    0, -999,  28.00,  27.79,  27.48,  27.34,  27.43,  27.70,  27.68,  27.66,  27.54,  27.76,  27.61,  27.40,  27.27,  27.28,  27.21,  27.14,  27.12,  27.10,  27.22,  27.06,  27.07,  26.92,  27.07,  27.36,  26.92,  26.84,  26.93,  27.05,  26.77,  26.84,  26.89
20000402, 1800,  , TS, 18.8S, 146.6E,  50,    0,    0,    0,    0,    0,    0,    0,    0,    0,    0,    0,    0,    0, -999,  27.53,  27.30,  27.04,  26.77,  26.87,  27.31,  27.30,  27.32,  27.45,  27.75,  27.89,  27.84,  27.91,  27.76,  27.67,  27.66,  27.50,  27.37,  27.27,  27.16,  27.12,  26.88,  26.94,  27.09,  27.07,  26.94,  26.66,  26.61,  26.56,  26.71,  26.85
20000403, 0000,  , LO, 18.9S, 146.0E,  30,    0,    0,    0,    0,    0,    0,    0,    0,    0,    0,    0,    0,    0, -999,    nan,    nan,    nan,    nan,    nan,    nan,    nan,    nan,    nan,    nan,    nan,    nan,    nan,    nan,    nan,    nan,    nan,    nan,    nan,    nan,    nan,    nan,    nan,    nan,    nan,    nan,    nan,    nan,    nan,    nan,    nan
20000403, 0600,  , LO, 19.0S, 145.6E,  25,    0,    0,    0,    0,    0,    0,    0,    0,    0,    0,    0,    0,    0, -999,    nan,    nan,    nan,    nan,    nan,    nan,    nan,    nan,    nan,    nan,    nan,    nan,    nan,    nan,    nan,    nan,    nan,    nan,    nan,    nan,    nan,    nan,    nan,    nan,    nan,    nan,    nan,    nan,    nan,    nan,    nan
