SH261999,            UNNAMED,     32,
19990303, 0000,  , LO, 12.0S, 121.4E,  25,    0,    0,    0,    0,    0,    0,    0,    0,    0,    0,    0,    0,    0, -999,  28.88,  28.86,  28.84,  28.91,  29.00,  29.02,  29.00,  28.83,  28.83,  28.62,  28.46,  28.41,  28.81,  28.49,  28.58,  28.68,  28.54,  28.97,  29.58,  28.82,  28.99,  29.55,  29.40,  29.87,  29.78,  29.80,  29.25,  29.68,  29.48,  30.22,  30.48
19990303, 0600,  , LO, 12.2S, 120.6E,  25,    0,    0,    0,    0,    0,    0,    0,    0,    0,    0,    0,    0,    0, -999,  29.18,  29.25,  29.25,  29.34,  29.38,  29.53,  29.33,  28.86,  28.67,  28.53,  28.70,  29.07,  29.52,  29.20,  29.00,  28.88,  28.68,  28.61,  29.09,  28.58,  28.46,  28.91,  29.08,  29.47,  29.34,  29.50,  29.13,  29.36,  29.46,  30.26,  30.53
19990303, 1200,  , LO, 12.5S, 120.0E,  25,    0,    0,    0,    0,    0,    0,    0,    0,    0,    0,    0,    0,    0, -999,  29.58,  29.39,  29.35,  29.21,  28.89,  28.74,  28.72,  28.70,  28.70,  28.55,  28.75,  28.96,  29.31,  29.27,  29.78,  29.60,  29.52,  29.59,  29.98,  29.48,  29.06,  29.47,  29.64,  29.84,  29.25,  29.31,  29.27,  29.17,  29.53,  29.86,  30.26
19990303, 1800,  , LO, 12.8S, 119.2E,  25,    0,    0,    0,    0,    0,    0,    0,    0,    0,    0,    0,    0,    0, -999,  29.65,  29.62,  29.53,  29.37,  29.16,  29.08,  29.03,  29.10,  29.26,  29.14,  29.26,  29.30,  29.49,  29.72,  29.95,  29.49,  29.35,  29.23,  29.39,  29.35,  28.92,  29.27,  29.41,  29.63,  29.58,  29.54,  29.72,  29.73,  29.65,  29.63,  29.79
19990304, 0000,  , LO, 13.3S, 117.9E,  25,    0,    0,    0,    0,    0,    0,    0,    0,    0,    0,    0,    0,    0, -999,  29.69,  29.69,  29.73,  29.68,  29.72,  29.68,  29.81,  29.85,  29.77,  29.64,  29.76,  29.76,  29.89,  29.95,  29.52,  29.59,  29.60,  29.77,  29.50,  29.34,  29.38,  29.57,  29.85,  29.95,  29.85,  29.57,  29.49,  29.44,  29.42,  29.56,  29.38
19990304, 0600,  , LO, 13.8S, 116.3E,  25,    0,    0,    0,    0,    0,    0,    0,    0,    0,    0,    0,    0,    0, -999,  28.46,  28.59,  28.53,  28.58,  28.66,  28.66,  28.82,  28.97,  29.16,  28.89,  29.04,  29.19,  29.54,  29.63,  29.59,  29.50,  29.38,  29.53,  29.61,  29.73,  29.41,  29.48,  29.62,  29.94,  30.05,  30.20,  29.56,  28.89,  28.88,  28.99,  29.17
19990304, 1200,  , LO, 14.0S, 114.7E,  25,    0,    0,    0,    0,    0,    0,    0,    0,    0,    0,    0,    0,    0, -999,  28.52,  28.70,  28.61,  28.62,  28.62,  28.63,  28.68,  28.85,  29.03,  28.85,  28.98,  28.94,  29.00,  29.21,  29.13,  29.12,  29.07,  29.31,  29.61,  29.86,  29.65,  29.95,  30.08,  30.10,  29.82,  29.87,  29.81,  29.72,  29.61,  29.60,  29.48
19990304, 1800,  , LO, 14.4S, 113.4E,  25,    0,    0,    0,    0,    0,    0,    0,    0,    0,    0,    0,    0,    0, -999,  28.64,  28.76,  28.71,  28.69,  28.62,  28.59,  28.50,  28.58,  28.86,  28.82,  28.82,  28.67,  28.72,  28.66,  28.73,  28.78,  29.00,  28.89,  29.24,  29.26,  29.02,  29.23,  29.34,  29.59,  29.39,  29.45,  29.45,  29.15,  28.72,  28.65,  28.88
19990305, 0000,  , LO, 14.5S, 111.6E,  25,    0,    0,    0,    0,    0,    0,    0,    0,    0,    0,    0,    0,    0, -999,  28.23,  28.36,  28.31,  28.02,  28.34,  28.47,  28.67,  28.39,  28.46,  28.25,  28.18,  28.47,  28.72,  29.02,  28.95,  29.16,  28.94,  29.12,  29.45,  29.53,  29.41,  29.34,  29.45,  29.38,  29.25,  29.08,  29.05,  29.04,  29.11,  29.21,  29.21
19990305, 0600,  , LO, 14.2S, 109.6E,  25,    0,    0,    0,    0,    0,    0,    0,    0,    0,    0,    0,    0,    0, -999,  28.41,  28.53,  28.47,  28.40,  28.35,  28.24,  28.29,  27.98,  28.09,  27.92,  27.83,  28.06,  28.42,  28.62,  28.22,  28.29,  28.20,  28.34,  28.47,  28.75,  28.97,  29.12,  29.26,  29.37,  29.50,  29.44,  29.61,  29.68,  29.77,  29.53,  29.48
19990305, 1200,  , LO, 13.8S, 107.8E,  25,    0,    0,    0,    0,    0,    0,    0,    0,    0,    0,    0,    0,    0, -999,  29.34,  29.31,  29.12,  28.89,  28.43,  28.63,  28.82,  28.68,  28.48,  28.47,  28.49,  28.22,  28.21,  28.22,  27.73,  28.22,  28.54,  28.61,  28.56,  28.48,  28.52,  28.49,  28.56,  28.63,  29.01,  28.94,  28.84,  28.84,  28.81,  28.77,  28.78
19990305, 1800,  , LO, 13.7S, 106.0E,  25,    0,    0,    0,    0,    0,    0,    0,    0,    0,    0,    0,    0,    0, -999,  28.41,  28.54,  28.74,  28.85,  28.94,  29.04,  29.12,  29.08,  28.97,  28.95,  28.90,  28.96,  29.12,  29.22,  29.28,  29.28,  29.30,  29.31,  29.23,  29.19,  29.15,  29.13,  29.18,  28.95,  29.00,  29.18,  29.16,  29.14,  29.05,  29.07,  28.91
19990306, 0000,  , LO, 13.9S, 104.4E,  25,    0,    0,    0,    0,    0,    0,    0,    0,    0,    0,    0,    0,    0, -999,  28.32,  28.32,  28.23,  27.92,  27.96,  28.04,  28.28,  28.52,  28.43,  28.04,  28.18,  28.63,  28.58,  28.50,  28.26,  28.49,  28.61,  28.35,  28.50,  28.38,  28.52,  28.47,  28.48,  29.40,  29.91,  29.52,  29.53,  29.11,  29.36,  29.03,  28.34
19990306, 0600,  , LO, 14.2S, 102.8E,  25,    0,    0,    0,    0,    0,    0,    0,    0,    0,    0,    0,    0,    0, -999,  27.77,  27.73,  27.76,  27.55,  27.80,  27.91,  27.94,  28.05,  28.12,  28.12,  28.14,  28.32,  28.30,  28.09,  27.89,  27.77,  27.70,  27.83,  28.03,  28.15,  28.28,  28.37,  28.64,  28.81,  29.18,  29.21,  29.08,  28.88,  28.77,  28.41,  27.98
19990306, 1200,  , LO, 14.1S, 101.6E,  25,    0,    0,    0,    0,    0,    0,    0,    0,    0,    0,    0,    0,    0, -999,  28.09,  27.94,  28.04,  28.17,  28.15,  28.25,  28.08,  27.85,  27.89,  27.96,  27.68,  27.82,  27.94,  28.10,  28.12,  28.09,  28.06,  28.35,  28.33,  28.67,  28.60,  29.21,  29.24,  29.46,  29.64,  29.65,  29.51,  29.27,  29.13,  28.48,  28.52
19990306, 1800,  , LO, 14.8S,  99.9E,  25,    0,    0,    0,    0,    0,    0,    0,    0,    0,    0,    0,    0,    0, -999,  28.42,  28.52,  28.67,  28.61,  28.53,  28.44,  27.92,  27.69,  27.74,  27.85,  27.74,  27.59,  27.54,  27.75,  27.87,  27.86,  27.74,  28.03,  27.94,  27.62,  27.73,  27.98,  28.31,  28.20,  28.16,  28.25,  28.34,  28.47,  28.22,  28.34,  27.40
19990307, 0000,  , LO, 14.9S,  98.5E,  30,    0,    0,    0,    0,    0,    0,    0,    0,    0,    0,    0,    0,    0, -999,  27.88,  27.61,  27.43,  27.47,  27.49,  27.55,  27.68,  27.64,  27.71,  27.82,  27.59,  27.36,  27.35,  27.41,  27.73,  27.46,  27.74,  27.70,  27.71,  27.78,  27.81,  27.84,  28.16,  28.12,  28.65,  28.80,  29.23,  28.96,  28.18,  27.56,  27.62
19990307, 0600,  , LO, 14.9S,  97.2E,  30,    0,    0,    0,    0,    0,    0,    0,    0,    0,    0,    0,    0,    0, -999,  27.87,  27.77,  27.59,  27.55,  27.52,  27.53,  27.37,  27.48,  27.72,  27.98,  27.75,  27.47,  27.48,  27.51,  27.70,  27.72,  27.76,  27.87,  27.95,  28.03,  28.29,  28.51,  28.76,  28.83,  28.72,  28.68,  28.76,  28.51,  28.34,  27.90,  28.50
19990307, 1200,  , LO, 14.6S,  96.0E,  30,    0,    0,    0,    0,    0,    0,    0,    0,    0,    0,    0,    0,    0, -999,  27.59,  27.56,  27.61,  27.51,  27.45,  27.39,  27.37,  27.55,  27.56,  27.75,  27.61,  27.48,  27.52,  27.45,  27.39,  27.32,  27.31,  27.56,  27.62,  27.61,  27.57,  27.69,  27.92,  28.41,  28.36,  28.39,  28.42,  28.43,  28.41,  28.26,  28.43
19990307, 1800,  , LO, 14.5S,  94.7E,  30,    0,    0,    0,    0,    0,    0,    0,    0,    0,    0,    0,    0,    0, -999,  27.48,  27.42,  27.75,  27.66,  27.66,  27.57,  27.62,  27.63,  27.66,  27.72,  27.60,  27.41,  27.47,  27.57,  27.51,  27.79,  27.43,  27.59,  27.63,  27.55,  27.50,  27.52,  27.65,  27.86,  28.14,  28.08,  28.09,  27.82,  27.77,  27.73,  27.89
19990308, 0000,  , TS, 14.8S,  93.8E,  35,    0,    0,    0,    0,    0,    0,    0,    0,    0,    0,    0,    0,    0, -999,  27.28,  27.59,  27.67,  27.55,  27.55,  27.54,  27.67,  27.69,  27.72,  27.56,  27.32,  27.28,  27.59,  27.50,  28.13,  27.84,  27.75,  27.73,  27.62,  27.59,  27.53,  27.54,  27.79,  27.89,  27.88,  27.80,  27.65,  27.37,  27.30,  27.58,  27.79
19990308, 0600,  , LO, 14.8S,  92.0E,  30,    0,    0,    0,    0,    0,    0,    0,    0,    0,    0,    0,    0,    0, -999,  26.83,  26.93,  27.19,  26.95,  26.61,  26.62,  26.66,  26.71,  26.63,  26.87,  27.02,  26.98,  27.01,  26.90,  27.22,  27.18,  27.27,  27.38,  27.56,  27.64,  27.82,  27.91,  27.92,  27.92,  28.00,  28.21,  28.05,  27.56,  27.36,  27.37,  27.49
19990308, 1200,  , LO, 14.5S,  90.2E,  30,    0,    0,    0,    0,    0,    0,    0,    0,    0,    0,    0,    0,    0, -999,  27.46,  27.61,  27.60,  27.49,  27.16,  27.17,  27.18,  27.41,  27.40,  27.42,  27.36,  27.41,  27.43,  27.22,  27.21,  26.97,  26.62,  26.77,  26.74,  26.84,  27.00,  26.92,  26.93,  27.14,  27.08,  27.32,  27.40,  27.37,  27.27,  27.38,  27.13
19990308, 1800,  , LO, 14.5S,  88.5E,  30,    0,    0,    0,    0,    0,    0,    0,    0,    0,    0,    0,    0,    0, -999,  27.58,  27.54,  27.45,  27.31,  27.24,  27.29,  27.17,  27.25,  27.17,  27.25,  27.29,  27.36,  27.21,  27.26,  27.27,  27.54,  27.53,  27.52,  27.52,  27.70,  27.79,  27.69,  27.74,  27.97,  28.15,  27.53,  27.42,  27.25,  26.98,  27.19,  27.01
19990309, 0000,  , LO, 13.9S,  86.4E,  30,    0,    0,    0,    0,    0,    0,    0,    0,    0,    0,    0,    0,    0, -999,  27.44,  27.84,  27.84,  27.81,  27.73,  27.60,  27.61,  27.78,  27.59,  27.42,  27.45,  27.54,  27.49,  28.12,  27.91,  27.68,  27.79,  27.88,  28.02,  28.00,  28.06,  28.15,  28.15,  28.09,  28.06,  28.25,  27.74,  27.49,  27.58,  27.73,  27.66
19990309, 0600,  , LO, 13.3S,  84.7E,  30,    0,    0,    0,    0,    0,    0,    0,    0,    0,    0,    0,    0,    0, -999,  27.79,  27.76,  27.85,  28.01,  28.37,  28.35,  28.32,  28.59,  28.76,  28.05,  27.80,  27.68,  27.67,  28.47,  28.05,  27.84,  28.06,  28.18,  28.36,  28.25,  28.27,  28.58,  28.64,  28.51,  28.17,  28.00,  27.73,  27.71,  27.70,  27.98,  27.84
19990309, 1200,  , LO, 13.1S,  82.7E,  30,    0,    0,    0,    0,    0,    0,    0,    0,    0,    0,    0,    0,    0, -999,  27.37,  27.64,  28.15,  27.71,  27.77,  27.55,  27.52,  27.44,  27.88,  27.75,  27.75,  27.64,  27.48,  27.58,  27.59,  27.50,  27.59,  28.16,  28.27,  28.45,  28.25,  28.61,  28.69,  28.61,  27.97,  28.17,  27.97,  28.03,  28.20,  27.98,  28.07
19990309, 1800,  , LO, 12.8S,  80.9E,  25,    0,    0,    0,    0,    0,    0,    0,    0,    0,    0,    0,    0,    0, -999,  27.94,  28.00,  28.30,  28.34,  28.16,  28.31,  28.27,  28.70,  28.82,  28.64,  28.34,  28.04,  27.72,  27.66,  27.68,  27.43,  27.26,  27.54,  27.95,  27.60,  27.51,  27.67,  27.62,  27.81,  28.04,  28.28,  28.21,  28.36,  28.33,  27.98,  27.84
19990310, 0000,  , LO, 12.5S,  78.6E,  25,    0,    0,    0,    0,    0,    0,    0,    0,    0,    0,    0,    0,    0, -999,  28.45,  28.53,  28.46,  28.29,  28.38,  28.36,  28.46,  28.30,  28.04,  27.93,  27.99,  27.92,  28.03,  28.09,  28.27,  28.14,  27.94,  28.67,  28.47,  28.17,  28.16,  28.17,  28.05,  28.43,  28.57,  28.14,  27.88,  27.53,  27.21,  27.25,  27.71
19990310, 0600,  , LO, 12.4S,  76.0E,  25,    0,    0,    0,    0,    0,    0,    0,    0,    0,    0,    0,    0,    0, -999,  28.09,  27.94,  28.48,  28.70,  28.59,  28.62,  28.50,  28.35,  28.25,  28.07,  28.21,  28.13,  28.03,  28.25,  28.30,  28.31,  28.22,  28.30,  28.20,  28.19,  28.28,  28.23,  28.03,  27.82,  27.76,  27.86,  27.82,  27.74,  27.81,  27.54,  28.02
19990310, 1200,  , LO, 12.7S,  73.0E,  25,    0,    0,    0,    0,    0,    0,    0,    0,    0,    0,    0,    0,    0, -999,  27.60,  27.44,  27.47,  27.53,  27.73,  27.80,  27.74,  27.29,  27.35,  27.54,  27.70,  27.87,  27.86,  28.15,  28.25,  28.05,  28.02,  28.02,  28.24,  28.07,  28.36,  28.87,  28.29,  27.72,  27.42,  27.35,  27.38,  27.12,  27.07,  27.21,  27.01
19990310, 1800,  , LO, 13.0S,  70.9E,  25,    0,    0,    0,    0,    0,    0,    0,    0,    0,    0,    0,    0,    0, -999,  28.06,  28.14,  28.30,  28.27,  28.03,  27.81,  27.56,  27.47,  27.35,  27.56,  27.43,  27.61,  27.89,  27.97,  27.94,  27.86,  27.80,  27.89,  27.98,  27.77,  28.00,  27.87,  27.86,  27.55,  27.62,  27.73,  27.67,  27.81,  27.85,  27.68,  27.30
