SH271997,            UNNAMED,     40,
19970216, 1200,  , LO, 12.1S, 103.3E,  20,    0,    0,    0,    0,    0,    0,    0,    0,    0,    0,    0,    0,    0, -999,  28.57,  28.61,  28.63,  28.65,  28.66,  28.16,  27.63,  27.44,  27.25,  27.50,  27.81,  27.83,  27.85,  27.88,  27.91,  27.94,  27.31,  27.12,  27.12,  27.16,  27.21,  26.70,  26.84,  27.54,  27.72,  27.77,  28.16,  28.15,  27.31,  27.20,  28.12
19970216, 1800,  , LO, 12.3S, 105.1E,  25,    0,    0,    0,    0,    0,    0,    0,    0,    0,    0,    0,    0,    0, -999,  28.45,  28.46,  28.47,  28.47,  28.47,  27.00,  27.05,  27.42,  27.86,  27.97,  27.93,  27.85,  27.78,  27.74,  27.66,  27.59,  27.95,  27.68,  27.69,  27.76,  27.95,  28.04,  28.02,  28.02,  27.83,  27.46,  27.90,  28.18,  28.06,  27.55,  27.66
19970217, 0000,  , LO, 12.7S, 106.8E,  25,    0,    0,    0,    0,    0,    0,    0,    0,    0,    0,    0,    0,    0, -999,  27.63,  27.60,  27.69,  27.77,  26.50,  28.57,  29.69,  29.68,  28.95,  28.34,  27.93,  27.84,  26.79,  26.46,  26.62,  26.96,  26.80,  26.83,  27.01,  27.05,  27.05,  26.83,  27.60,  28.06,  28.00,  27.76,  28.01,  27.97,  27.43,  27.29,  27.75
19970217, 0600,  , LO, 13.5S, 108.1E,  25,    0,    0,    0,    0,    0,    0,    0,    0,    0,    0,    0,    0,    0, -999,  27.84,  27.97,  28.01,  27.89,  27.62,  27.01,  27.02,  26.58,  26.25,  26.44,  26.61,  26.74,  26.89,  26.91,  27.20,  27.64,  27.67,  27.69,  27.51,  27.28,  27.26,  27.40,  27.98,  27.31,  27.13,  27.27,  27.56,  27.41,  27.38,  27.42,  27.40
19970217, 1200,  , LO, 14.3S, 109.1E,  25,    0,    0,    0,    0,    0,    0,    0,    0,    0,    0,    0,    0,    0, -999,  26.74,  27.20,  27.30,  27.34,  27.61,  27.50,  28.08,  28.13,  27.31,  26.53,  27.47,  28.33,  28.44,  28.45,  27.93,  27.79,  27.72,  27.68,  27.70,  27.39,  27.29,  27.32,  27.30,  27.33,  26.72,  26.87,  27.48,  27.06,  26.97,  27.12,  27.19
19970217, 1800,  , LO, 14.9S, 110.2E,  25,    0,    0,    0,    0,    0,    0,    0,    0,    0,    0,    0,    0,    0, -999,  26.72,  27.66,  27.82,  27.82,  28.15,  28.13,  28.30,  28.36,  27.70,  27.16,  28.39,  28.78,  28.83,  28.82,  27.58,  26.96,  27.13,  27.28,  28.92,  28.88,  28.49,  28.31,  28.31,  27.33,  25.73,  25.96,  27.07,  27.24,  27.38,  26.97,  26.84
19970218, 0000,  , LO, 15.3S, 111.3E,  25,    0,    0,    0,    0,    0,    0,    0,    0,    0,    0,    0,    0,    0, -999,  27.48,  27.38,  27.55,  27.80,  27.89,  28.33,  28.20,  27.76,  27.56,  28.46,  28.59,  28.65,  28.67,  27.60,  26.87,  26.68,  26.88,  28.45,  28.69,  28.48,  28.36,  28.28,  28.28,  26.18,  26.81,  27.38,  27.49,  27.36,  27.26,  27.34,  27.29
19970218, 0600,  , LO, 15.6S, 112.2E,  25,    0,    0,    0,    0,    0,    0,    0,    0,    0,    0,    0,    0,    0, -999,  27.63,  27.81,  28.23,  28.28,  28.25,  28.23,  28.41,  28.41,  28.30,  28.60,  28.62,  28.57,  28.60,  27.92,  27.39,  27.34,  27.20,  27.84,  28.07,  27.54,  27.42,  27.44,  27.48,  26.78,  27.61,  27.65,  27.57,  27.35,  27.28,  27.23,  27.15
19970218, 1200,  , LO, 15.8S, 112.9E,  25,    0,    0,    0,    0,    0,    0,    0,    0,    0,    0,    0,    0,    0, -999,  28.81,  28.55,  28.26,  28.25,  28.23,  28.23,  28.71,  28.77,  28.54,  28.74,  28.79,  28.76,  28.75,  28.32,  28.06,  28.00,  27.50,  27.39,  27.51,  27.08,  27.08,  27.13,  27.19,  27.23,  27.51,  27.41,  27.18,  26.75,  26.88,  27.02,  27.07
19970218, 1800,  , LO, 16.0S, 113.4E,  25,    0,    0,    0,    0,    0,    0,    0,    0,    0,    0,    0,    0,    0, -999,  28.81,  28.71,  27.94,  27.84,  27.88,  27.92,  28.45,  28.49,  28.24,  28.45,  28.61,  28.60,  28.63,  28.42,  27.81,  27.66,  27.24,  27.23,  27.44,  27.20,  27.01,  27.05,  27.09,  27.16,  27.51,  27.40,  27.04,  26.70,  26.89,  26.94,  27.02
19970219, 0000,  , LO, 16.2S, 113.7E,  30,    0,    0,    0,    0,    0,    0,    0,    0,    0,    0,    0,    0,    0, -999,  28.59,  27.98,  27.84,  27.91,  27.97,  28.14,  28.03,  27.95,  28.46,  28.62,  28.59,  28.61,  28.65,  27.89,  27.63,  27.34,  27.45,  27.66,  27.16,  26.80,  26.85,  27.00,  26.98,  27.49,  27.44,  27.01,  26.73,  27.01,  26.92,  27.02,  27.12
19970219, 0600,  , TS, 16.5S, 113.8E,  35,    0,    0,    0,    0,    0,    0,    0,    0,    0,    0,    0,    0,    0, -999,  28.93,  28.61,  28.43,  28.43,  28.39,  28.08,  27.81,  27.84,  28.46,  28.61,  28.59,  28.60,  28.61,  27.45,  27.12,  27.19,  27.49,  27.58,  26.94,  26.46,  26.55,  26.83,  26.86,  27.33,  27.30,  26.93,  26.76,  27.14,  26.96,  27.09,  27.26
19970219, 1200,  , TS, 16.8S, 114.0E,  35,    0,    0,    0,    0,    0,    0,    0,    0,    0,    0,    0,    0,    0, -999,  29.04,  28.85,  28.72,  28.69,  28.64,  27.86,  27.61,  27.44,  28.43,  28.70,  28.72,  28.69,  28.70,  27.40,  27.07,  27.49,  27.68,  27.43,  26.72,  26.95,  27.03,  27.15,  27.15,  27.14,  26.95,  26.56,  26.53,  26.95,  26.82,  27.02,  27.15
19970219, 1800,  , TS, 17.1S, 114.4E,  40,    0,    0,    0,    0,    0,    0,    0,    0,    0,    0,    0,    0,    0, -999,  29.20,  29.28,  29.09,  28.76,  28.67,  27.99,  27.79,  27.50,  28.38,  28.55,  28.58,  28.63,  28.64,  27.74,  27.10,  27.19,  27.20,  26.72,  26.37,  26.85,  27.30,  27.36,  27.52,  27.14,  26.87,  26.55,  26.67,  27.01,  27.06,  27.41,  27.47
19970220, 0000,  , TS, 17.4S, 114.8E,  45,    0,    0,    0,    0,    0,    0,    0,    0,    0,    0,    0,    0,    0, -999,  28.88,  28.60,  28.50,  28.45,  28.00,  27.66,  27.66,  28.60,  28.49,  28.42,  28.45,  28.51,  27.88,  26.80,  26.35,  26.27,  26.01,  26.15,  26.85,  26.98,  27.06,  27.27,  26.87,  26.72,  26.64,  26.97,  27.29,  27.41,  27.62,  27.66,  27.49
19970220, 0600,  , TS, 17.7S, 115.2E,  45,    0,    0,    0,    0,    0,    0,    0,    0,    0,    0,    0,    0,    0, -999,  28.79,  28.66,  28.50,  28.39,  27.96,  27.35,  27.64,  28.80,  28.60,  28.52,  28.72,  28.73,  28.31,  27.03,  26.31,  26.24,  26.32,  26.63,  26.81,  26.52,  26.53,  26.77,  26.58,  26.60,  26.65,  27.04,  27.35,  27.41,  27.58,  27.64,  27.50
19970220, 1200,  , TS, 18.0S, 115.6E,  45,    0,    0,    0,    0,    0,    0,    0,    0,    0,    0,    0,    0,    0, -999,  28.61,  28.31,  28.27,  28.19,  28.04,  27.48,  28.45,  29.18,  28.77,  28.78,  29.01,  29.00,  29.01,  27.73,  26.87,  26.78,  26.82,  27.42,  27.13,  26.51,  26.45,  26.60,  26.52,  26.59,  26.67,  27.14,  27.53,  27.63,  27.96,  28.09,  28.12
19970220, 1800,  , TS, 18.3S, 115.8E,  45,    0,    0,    0,    0,    0,    0,    0,    0,    0,    0,    0,    0,    0, -999,  28.52,  28.19,  28.18,  28.15,  28.05,  27.68,  28.64,  28.83,  28.71,  28.75,  28.97,  28.97,  28.95,  28.13,  27.52,  27.33,  27.56,  28.17,  27.57,  26.87,  26.76,  26.85,  26.67,  26.55,  26.43,  26.64,  27.20,  27.62,  28.18,  28.39,  28.42
19970221, 0000,  , TS, 18.5S, 115.9E,  45,    0,    0,    0,    0,    0,    0,    0,    0,    0,    0,    0,    0,    0, -999,  28.14,  28.13,  28.10,  28.06,  27.70,  28.33,  28.48,  28.63,  28.76,  28.92,  28.92,  28.91,  28.83,  28.66,  28.18,  28.31,  28.43,  27.83,  27.09,  26.94,  26.99,  26.81,  26.65,  26.55,  26.70,  27.17,  27.56,  28.19,  28.44,  28.48,  27.49
19970221, 0600,  , TS, 18.8S, 115.9E,  45,    0,    0,    0,    0,    0,    0,    0,    0,    0,    0,    0,    0,    0, -999,  28.13,  28.13,  28.14,  28.03,  27.69,  28.10,  28.31,  28.73,  28.85,  28.88,  28.90,  28.89,  28.70,  28.63,  28.18,  28.37,  28.43,  27.79,  27.01,  26.87,  26.93,  26.87,  26.85,  26.82,  27.00,  27.40,  27.78,  28.40,  28.68,  28.67,  27.58
19970221, 1200,  , TS, 19.0S, 115.7E,  45,    0,    0,    0,    0,    0,    0,    0,    0,    0,    0,    0,    0,    0, -999,  28.08,  28.12,  28.15,  28.06,  27.76,  28.20,  28.36,  28.69,  28.80,  28.81,  28.84,  28.77,  28.47,  28.25,  27.99,  28.20,  28.28,  27.61,  26.84,  26.69,  26.76,  26.81,  26.80,  26.77,  26.95,  27.40,  27.81,  28.28,  28.47,  28.47,  27.56
19970221, 1800,  , TS, 19.2S, 115.3E,  45,    0,    0,    0,    0,    0,    0,    0,    0,    0,    0,    0,    0,    0, -999,  28.22,  28.14,  28.04,  27.95,  27.97,  28.38,  28.51,  28.72,  28.75,  28.76,  28.74,  28.63,  28.19,  27.80,  27.59,  27.72,  27.74,  27.26,  26.67,  26.58,  26.66,  26.91,  26.97,  27.02,  27.22,  27.78,  28.22,  28.24,  28.24,  28.15,  27.70
19970222, 0000,  , TS, 19.3S, 114.9E,  45,    0,    0,    0,    0,    0,    0,    0,    0,    0,    0,    0,    0,    0, -999,  28.39,  28.26,  28.08,  27.98,  28.33,  28.65,  28.78,  28.77,  28.80,  28.85,  28.69,  28.75,  28.27,  27.86,  27.75,  27.68,  27.33,  26.82,  26.79,  26.87,  27.16,  27.25,  27.30,  27.54,  28.28,  28.62,  27.96,  27.70,  27.19,  27.56,  27.81
19970222, 0600,  , TS, 19.4S, 114.4E,  45,    0,    0,    0,    0,    0,    0,    0,    0,    0,    0,    0,    0,    0, -999,  28.63,  28.48,  28.08,  27.80,  28.15,  28.60,  28.72,  28.81,  28.94,  28.98,  28.71,  28.74,  28.35,  27.86,  27.80,  27.75,  27.42,  27.16,  27.13,  27.23,  27.34,  27.40,  27.35,  27.63,  28.38,  28.66,  27.85,  27.64,  26.94,  27.48,  27.83
19970222, 1200,  , TS, 19.5S, 113.9E,  45,    0,    0,    0,    0,    0,    0,    0,    0,    0,    0,    0,    0,    0, -999,  28.35,  28.44,  27.99,  27.63,  28.17,  28.61,  28.64,  28.79,  28.93,  28.95,  28.76,  28.85,  28.22,  27.76,  27.73,  27.74,  27.74,  27.77,  27.88,  27.93,  27.58,  27.43,  27.33,  27.67,  28.43,  28.81,  28.81,  28.48,  27.45,  27.66,  27.93
19970222, 1800,  , TS, 19.7S, 113.4E,  45,    0,    0,    0,    0,    0,    0,    0,    0,    0,    0,    0,    0,    0, -999,  28.34,  28.34,  27.64,  27.10,  27.95,  28.44,  28.55,  28.81,  28.98,  28.99,  28.60,  28.54,  27.89,  27.48,  27.42,  27.20,  27.19,  27.29,  27.47,  27.59,  27.38,  27.34,  27.37,  27.68,  28.39,  28.73,  28.81,  28.63,  27.40,  27.50,  27.80
19970223, 0000,  , TS, 20.0S, 113.0E,  45,    0,    0,    0,    0,    0,    0,    0,    0,    0,    0,    0,    0,    0, -999,  27.77,  27.56,  27.35,  27.97,  28.94,  28.96,  28.91,  29.02,  29.03,  28.40,  28.28,  27.66,  27.34,  27.30,  27.26,  27.28,  27.35,  27.50,  27.17,  27.35,  27.41,  27.33,  27.67,  28.62,  28.76,  28.73,  28.59,  27.14,  27.17,  27.39,  27.37
19970223, 0600,  , TS, 20.4S, 112.5E,  45,    0,    0,    0,    0,    0,    0,    0,    0,    0,    0,    0,    0,    0, -999,  27.76,  27.74,  27.45,  27.42,  28.41,  28.71,  28.70,  28.74,  28.50,  27.81,  27.70,  27.46,  27.24,  27.29,  27.40,  27.39,  27.35,  27.33,  26.79,  27.13,  27.25,  27.22,  27.55,  28.51,  28.55,  28.51,  28.46,  27.25,  27.08,  27.18,  27.17
19970223, 1200,  , TS, 20.9S, 112.0E,  45,    0,    0,    0,    0,    0,    0,    0,    0,    0,    0,    0,    0,    0, -999,  25.88,  26.22,  26.58,  26.54,  27.28,  27.68,  27.70,  27.76,  27.76,  27.21,  27.31,  27.36,  26.98,  26.34,  26.55,  26.69,  26.74,  26.80,  26.34,  27.00,  27.18,  27.07,  27.42,  28.25,  28.24,  28.19,  28.15,  27.30,  27.20,  27.07,  27.06
19970223, 1800,  , TS, 21.6S, 111.6E,  45,    0,    0,    0,    0,    0,    0,    0,    0,    0,    0,    0,    0,    0, -999,  25.80,  26.27,  26.89,  26.98,  27.06,  27.50,  27.50,  27.53,  27.54,  26.45,  26.46,  26.46,  26.61,  26.62,  26.78,  26.68,  26.67,  26.88,  25.87,  26.40,  26.73,  26.79,  27.16,  27.66,  27.69,  27.65,  27.08,  26.69,  26.71,  26.53,  26.59
19970224, 0000,  , TS, 22.2S, 111.2E,  45,    0,    0,    0,    0,    0,    0,    0,    0,    0,    0,    0,    0,    0, -999,  26.34,  26.27,  26.30,  26.25,  27.09,  27.09,  27.06,  26.90,  25.64,  25.52,  25.67,  26.06,  25.60,  24.86,  24.98,  25.36,  25.94,  24.90,  26.00,  26.57,  26.67,  27.22,  27.67,  27.72,  27.58,  26.95,  26.29,  26.20,  26.11,  26.05,  26.10
19970224, 0600,  , TS, 22.6S, 110.7E,  40,    0,    0,    0,    0,    0,    0,    0,    0,    0,    0,    0,    0,    0, -999,  26.13,  25.49,  25.55,  25.69,  26.83,  27.02,  26.84,  26.44,  25.68,  25.42,  25.50,  25.70,  25.27,  24.28,  24.45,  24.86,  25.46,  25.12,  26.18,  26.46,  26.53,  27.02,  27.40,  27.47,  27.30,  26.62,  26.23,  26.27,  26.30,  26.17,  25.90
19970224, 1200,  , TS, 22.9S, 110.0E,  35,    0,    0,    0,    0,    0,    0,    0,    0,    0,    0,    0,    0,    0, -999,  24.84,  24.66,  24.12,  24.26,  24.69,  25.17,  25.10,  24.90,  24.68,  24.30,  24.31,  24.40,  24.58,  24.21,  24.42,  24.73,  24.93,  24.74,  25.78,  25.82,  25.59,  25.85,  26.17,  26.28,  26.07,  25.17,  25.16,  25.24,  25.29,  25.29,  25.19
19970224, 1800,  , LO, 23.1S, 109.2E,  30,    0,    0,    0,    0,    0,    0,    0,    0,    0,    0,    0,    0,    0, -999,  24.27,  24.11,  23.52,  23.29,  23.37,  23.75,  23.75,  24.50,  24.58,  24.37,  24.16,  24.07,  23.87,  23.71,  23.75,  23.92,  23.70,  23.69,  25.53,  25.88,  25.56,  25.69,  25.73,  25.67,  25.41,  24.84,  24.79,  24.65,  24.57,  24.55,  24.45
19970225, 0000,  , LO, 23.1S, 108.3E,  25,    0,    0,    0,    0,    0,    0,    0,    0,    0,    0,    0,    0,    0, -999,  23.30,  22.97,  22.90,  22.94,  23.02,  23.10,  24.12,  24.40,  24.39,  24.08,  24.04,  23.84,  23.82,  23.89,  24.02,  23.03,  23.03,  25.09,  25.69,  25.39,  25.34,  25.30,  24.92,  24.53,  24.16,  24.22,  24.14,  24.01,  23.94,  23.86,  23.89
19970225, 0600,  , LO, 23.1S, 107.5E,  20,    0,    0,    0,    0,    0,    0,    0,    0,    0,    0,    0,    0,    0, -999,  23.57,  23.55,  23.42,  23.45,  23.54,  23.61,  24.36,  24.87,  24.90,  24.92,  25.11,  25.09,  25.04,  24.99,  24.95,  23.34,  23.23,  24.73,  25.53,  25.42,  25.41,  25.36,  24.70,  24.34,  24.32,  24.16,  23.76,  23.78,  23.68,  23.35,  23.29
19970225, 1200,  , LO, 22.9S, 106.8E,  20,    0,    0,    0,    0,    0,    0,    0,    0,    0,    0,    0,    0,    0, -999,  24.59,  24.58,  24.67,  24.69,  24.68,  24.69,  24.63,  25.00,  25.12,  25.11,  24.93,  24.93,  24.96,  24.97,  24.98,  23.36,  23.28,  24.85,  25.73,  25.76,  25.81,  25.85,  25.56,  25.09,  25.06,  24.94,  24.79,  24.68,  24.57,  24.35,  24.02
19970225, 1800,  , LO, 22.6S, 106.2E,  20,    0,    0,    0,    0,    0,    0,    0,    0,    0,    0,    0,    0,    0, -999,  24.46,  24.58,  24.71,  24.73,  24.75,  24.85,  24.91,  25.05,  25.31,  25.26,  25.37,  25.42,  25.43,  25.42,  25.41,  24.73,  24.54,  26.05,  26.46,  26.41,  26.38,  26.29,  25.81,  25.21,  25.14,  25.32,  25.25,  25.19,  25.07,  25.03,  24.98
19970226, 0000,  , LO, 22.3S, 105.7E,  15,    0,    0,    0,    0,    0,    0,    0,    0,    0,    0,    0,    0,    0, -999,  24.63,  24.81,  24.86,  24.85,  24.97,  25.13,  25.24,  25.68,  25.58,  25.47,  25.45,  25.47,  25.47,  25.47,  25.50,  25.31,  26.29,  26.49,  26.50,  26.46,  26.40,  25.14,  24.63,  25.17,  25.50,  25.51,  25.51,  25.47,  25.49,  25.55,  25.55
19970226, 0600,  , LO, 21.9S, 105.2E,  15,    0,    0,    0,    0,    0,    0,    0,    0,    0,    0,    0,    0,    0, -999,  25.43,  25.58,  25.57,  25.54,  25.53,  25.56,  25.59,  26.00,  26.13,  25.94,  25.87,  25.89,  25.87,  25.85,  26.23,  25.69,  25.53,  26.49,  26.98,  26.96,  26.92,  25.04,  24.80,  25.15,  25.52,  25.63,  25.59,  25.59,  25.59,  25.67,  25.45
