WP022023,              MAWAR,     65,
20230518, 0000,  , DB,  5.4N, 150.9E,  20, 1007,    0,    0,    0,    0,    0,    0,    0,    0,    0,    0,    0,    0, -999,  29.47,  29.50,  29.55,  29.72,  29.82,  29.93,  30.06,  30.23,  30.34,  30.50,  30.24,  30.04,  30.25,  30.23,  30.21,  30.36,  30.12,  29.92,  29.80,  29.67,  29.47,  29.73,  29.66,  29.68,  29.80,  29.49,  29.25,  29.30,  29.48,  29.56,  29.64
20230518, 0600,  , DB,  5.0N, 150.6E,  20, 1010,    0,    0,    0,    0,    0,    0,    0,    0,    0,    0,    0,    0, -999,  29.91,  29.91,  29.58,  29.73,  29.77,  29.74,  29.98,  30.23,  30.50,  30.56,  30.22,  30.06,  30.19,  30.14,  30.27,  30.24,  30.11,  29.83,  29.71,  29.64,  29.44,  29.65,  29.60,  29.61,  29.66,  29.31,  29.30,  29.41,  29.73,  29.61,  29.56
20230518, 1200,  , DB,  4.7N, 150.4E,  20, 1001,    0,    0,    0,    0,    0,    0,    0,    0,    0,    0,    0,    0, -999,  30.17,  29.92,  29.58,  29.64,  29.67,  29.75,  29.93,  30.33,  30.55,  30.57,  30.18,  30.03,  30.14,  30.17,  30.37,  30.31,  30.07,  29.79,  29.71,  29.66,  29.47,  29.59,  29.55,  29.52,  29.57,  29.50,  29.43,  29.55,  29.70,  29.55,  29.50
20230518, 1800,  , DB,  4.5N, 150.1E,  20, 1001,    0,    0,    0,    0,    0,    0,    0,    0,    0,    0,    0,    0, -999,  30.16,  29.65,  29.58,  29.65,  29.77,  29.79,  29.98,  30.27,  30.47,  30.41,  30.07,  30.09,  30.24,  30.29,  30.42,  30.33,  30.02,  29.86,  29.75,  29.67,  29.46,  29.43,  29.47,  29.44,  29.74,  29.55,  29.58,  29.62,  29.65,  29.50,  29.51
20230519, 0000,  , DB,  4.4N, 149.7E,  20, 1001,    0,    0,    0,    0,    0,    0,    0,    0,    0,    0,    0,    0, -999,  29.52,  29.54,  29.68,  29.78,  29.81,  29.86,  30.06,  30.35,  30.40,  30.23,  30.23,  30.31,  30.32,  30.36,  30.31,  30.12,  29.97,  29.77,  29.58,  29.31,  29.32,  29.51,  29.49,  29.68,  29.66,  29.67,  29.57,  29.62,  29.49,  29.42,  29.57
20230519, 0600,  , DB,  4.4N, 149.3E,  20, 1000,    0,    0,    0,    0,    0,    0,    0,    0,    0,    0,    0,    0, -999,  29.57,  29.55,  29.66,  29.67,  29.77,  29.80,  30.02,  30.29,  30.36,  30.18,  30.26,  30.26,  30.28,  30.32,  30.29,  30.19,  30.03,  29.72,  29.49,  29.27,  29.32,  29.53,  29.50,  29.78,  29.64,  29.66,  29.61,  29.65,  29.47,  29.40,  29.56
20230519, 1200,  , TD,  4.6N, 149.1E,  25,  998,    0,    0,    0,    0,    0,    0,    0,    0,    0,    0,    0,    0, -999,  29.56,  29.48,  29.54,  29.52,  29.62,  29.69,  29.98,  30.19,  30.31,  30.17,  30.22,  30.12,  30.22,  30.31,  30.30,  30.27,  30.09,  29.69,  29.45,  29.23,  29.20,  29.30,  29.40,  29.76,  29.60,  29.68,  29.61,  29.64,  29.45,  29.38,  29.54
20230519, 1800,  , TD,  4.9N, 149.1E,  25,  996,    0,    0,    0,    0,    0,    0,    0,    0,    0,    0,    0,    0, -999,  29.46,  29.41,  29.48,  29.54,  29.60,  29.63,  29.96,  30.13,  30.14,  30.04,  30.20,  30.13,  30.19,  30.23,  30.25,  30.23,  30.22,  29.73,  29.42,  29.16,  29.05,  29.18,  29.22,  29.62,  29.56,  29.55,  29.52,  29.58,  29.43,  29.35,  29.49
20230520, 0000,  , TD,  5.2N, 149.5E,  30,  994,    0,    0,    0,    0,    0,    0,    0,    0,    0,    0,    0,    0, -999,  29.63,  29.72,  29.85,  29.85,  29.79,  30.10,  30.21,  30.09,  29.89,  29.99,  30.03,  30.20,  30.26,  30.23,  30.16,  30.00,  29.79,  29.36,  28.98,  29.05,  29.11,  29.17,  29.49,  29.41,  29.37,  29.36,  29.49,  29.39,  29.31,  29.48,  29.54
20230520, 0600,  , TD,  5.4N, 149.5E,  30,  994,    0,    0,    0,    0,    0,    0,    0,    0,    0,    0,    0,    0, -999,  29.66,  29.73,  29.92,  29.91,  29.85,  30.16,  30.26,  30.13,  29.91,  29.98,  30.00,  30.16,  30.26,  30.21,  30.18,  29.98,  29.78,  29.33,  28.96,  29.04,  29.11,  29.17,  29.48,  29.41,  29.38,  29.35,  29.46,  29.40,  29.33,  29.49,  29.55
20230520, 1200,  , TS,  5.6N, 149.4E,  35,  996,    0,    0,   30,    0,    0,    0,    0,    0,    0,    0,    0,    0, -999,  29.69,  29.77,  29.90,  30.02,  30.13,  30.36,  30.42,  30.29,  30.03,  29.94,  29.95,  30.08,  30.08,  30.08,  30.19,  29.99,  29.81,  29.28,  28.96,  29.00,  29.08,  29.16,  29.47,  29.33,  29.32,  29.31,  29.40,  29.31,  29.31,  29.48,  29.53
20230520, 1800,  , TS,  6.6N, 149.1E,  45,  997,   45,   20,   30,   45,    0,    0,    0,    0,    0,    0,    0,    0, -999,  29.23,  29.25,  29.48,  29.68,  29.76,  29.99,  30.02,  29.92,  29.76,  29.74,  29.98,  30.11,  29.99,  29.68,  29.87,  29.65,  29.53,  29.26,  29.04,  29.01,  29.09,  29.23,  29.48,  29.39,  29.41,  29.35,  29.40,  29.41,  29.44,  29.64,  29.66
20230521, 0000,  , TS,  7.0N, 148.9E,  50,  996,   50,   45,   40,   40,   15,   10,    5,    5,    0,    0,    0,    0, -999,  29.31,  29.49,  29.64,  29.75,  29.94,  30.01,  29.96,  29.84,  29.80,  30.01,  30.04,  29.96,  29.69,  29.90,  29.60,  29.44,  29.18,  29.02,  28.88,  28.89,  28.87,  29.14,  29.07,  29.25,  29.44,  29.39,  29.31,  29.31,  29.56,  29.59,  29.64
20230521, 0600,  , TS,  7.6N, 148.1E,  60,  989,   60,   45,   50,   35,   40,   30,   10,   10,    0,    0,    0,    0, -999,  29.51,  29.61,  29.73,  29.83,  30.11,  30.27,  30.15,  29.96,  29.84,  29.99,  29.80,  29.68,  29.60,  29.92,  29.69,  29.59,  29.23,  28.94,  28.92,  28.99,  29.03,  29.35,  29.25,  29.21,  29.17,  29.07,  29.05,  29.06,  29.26,  29.40,  29.44
20230521, 1200,  , HU,  8.0N, 147.8E,  65,  988,   60,   45,   60,   50,   35,   25,   15,   20,    0,    5,    5,    0, -999,  29.41,  29.53,  29.71,  29.75,  29.99,  30.29,  30.17,  30.05,  29.96,  30.11,  29.90,  29.78,  29.72,  30.03,  29.78,  29.60,  29.20,  28.84,  28.91,  28.98,  29.13,  29.41,  29.21,  29.27,  29.33,  29.28,  29.27,  29.17,  29.14,  29.23,  29.26
20230521, 1800,  , HU,  8.4N, 147.8E,  75,  979,   50,   45,   75,   70,   35,   20,   20,   40,    0,   15,   15,    0, -999,  29.35,  29.47,  29.71,  29.62,  29.88,  30.10,  30.01,  29.95,  29.87,  30.02,  29.84,  29.70,  29.63,  29.99,  29.78,  29.55,  29.10,  28.52,  28.55,  28.68,  28.90,  29.06,  28.91,  29.04,  29.15,  29.12,  29.16,  29.22,  29.32,  29.23,  29.17
20230522, 0000,  , HU,  9.0N, 147.4E,  85,  973,   55,   60,   85,   70,   35,   30,   20,   40,   10,   15,   15,   15, -999,  29.04,  29.34,  29.21,  29.46,  29.75,  29.74,  29.81,  29.71,  29.81,  29.73,  29.60,  29.59,  29.91,  29.68,  29.52,  28.91,  28.35,  28.27,  28.47,  28.57,  28.65,  28.64,  28.77,  29.03,  29.02,  29.02,  29.01,  29.15,  29.14,  29.18,  29.50
20230522, 0600,  , HU,  9.4N, 147.0E,  90,  969,   75,   85,   75,   65,   35,   40,   40,   35,   20,   20,   20,   20, -999,  28.94,  29.34,  29.16,  29.33,  29.32,  29.32,  29.49,  29.53,  29.63,  29.62,  29.55,  29.59,  29.88,  29.62,  29.45,  28.84,  28.41,  28.02,  28.20,  28.38,  28.45,  28.52,  28.69,  28.89,  28.85,  28.87,  28.83,  29.04,  29.09,  29.12,  29.52
20230522, 1200,  , HU, 10.0N, 146.9E,  90,  969,   85,  100,   75,   75,   35,   50,   40,   35,   20,   20,   20,   20, -999,  28.87,  29.35,  29.18,  29.28,  29.14,  29.13,  29.21,  29.25,  29.42,  29.34,  29.25,  29.30,  29.54,  29.25,  29.22,  28.86,  28.24,  27.82,  28.17,  28.55,  28.49,  28.43,  28.51,  28.81,  28.89,  28.86,  28.90,  29.00,  29.01,  29.02,  29.19
20230522, 1800,  , HU, 10.5N, 146.8E, 100,  960,   90,  105,   80,   85,   35,   50,   45,   45,   25,   25,   25,   25, -999,  28.79,  29.31,  29.11,  29.17,  29.09,  29.01,  29.03,  29.07,  29.26,  29.29,  29.21,  29.27,  29.40,  29.21,  29.08,  28.77,  28.09,  27.64,  28.20,  28.65,  28.55,  28.56,  28.71,  28.71,  28.90,  28.85,  28.90,  29.03,  28.98,  28.99,  29.11
20230523, 0000,  , HU, 11.2N, 146.8E, 115,  947,  100,  110,   90,   90,   40,   60,   55,   55,   25,   25,   25,   25, -999,  29.12,  29.00,  29.04,  28.83,  28.73,  28.68,  28.82,  29.04,  29.04,  28.99,  29.06,  29.19,  29.06,  28.89,  28.66,  27.90,  27.32,  27.83,  28.27,  28.27,  28.43,  28.70,  28.74,  28.68,  28.80,  28.68,  28.89,  28.84,  28.95,  28.96,  29.02
20230523, 0600,  , HU, 11.8N, 146.4E, 135,  926,  120,  115,   95,  110,   70,   70,   65,   70,   30,   30,   30,   30, -999,  28.81,  28.69,  28.80,  28.65,  28.48,  28.50,  28.71,  29.06,  29.07,  29.09,  29.11,  29.14,  29.03,  28.86,  28.76,  28.20,  27.57,  28.22,  28.29,  28.12,  28.21,  28.48,  28.59,  28.56,  28.65,  28.64,  28.75,  28.75,  28.79,  28.83,  28.74
20230523, 1200,  , HU, 12.2N, 146.0E, 135,  924,  115,  115,  105,  110,   70,   70,   70,   65,   30,   30,   30,   30, -999,  28.67,  28.52,  28.61,  28.49,  28.39,  28.41,  28.63,  28.96,  29.02,  29.11,  29.05,  29.04,  28.99,  28.87,  28.84,  28.46,  27.85,  28.41,  28.39,  28.11,  27.99,  28.37,  28.44,  28.59,  28.60,  28.64,  28.77,  28.70,  28.75,  28.80,  28.62
20230523, 1800,  , HU, 12.7N, 145.7E, 120,  940,  110,  120,  110,  110,   70,   75,   75,   55,   35,   35,   35,   35, -999,  28.55,  28.52,  28.49,  28.50,  28.51,  28.53,  28.71,  28.95,  28.95,  28.93,  28.94,  28.91,  28.98,  28.84,  28.88,  28.62,  28.01,  28.19,  28.69,  28.66,  27.96,  28.26,  28.49,  28.64,  28.60,  28.58,  28.71,  28.72,  28.62,  28.72,  28.67
20230524, 0000,  , HU, 13.0N, 145.6E, 105,  956,  110,  110,  120,  100,   70,   70,   85,   45,   35,   35,   35,   35, -999,  28.49,  28.45,  28.48,  28.57,  28.60,  28.77,  29.03,  29.04,  28.99,  29.01,  28.95,  29.02,  28.84,  28.90,  28.66,  27.91,  27.96,  28.67,  28.79,  28.05,  28.21,  28.48,  28.66,  28.60,  28.56,  28.70,  28.68,  28.62,  28.69,  28.68,  28.81
20230524, 0600,  , HU, 13.6N, 145.3E, 115,  946,  110,  110,  105,  115,   60,   65,   65,   45,   40,   40,   35,   35, -999,  28.41,  28.39,  28.49,  28.53,  28.66,  28.85,  29.11,  29.12,  29.02,  28.94,  28.84,  29.00,  28.80,  28.78,  28.57,  27.32,  28.21,  28.63,  28.79,  28.49,  28.15,  28.15,  28.53,  28.38,  28.34,  28.54,  28.53,  28.50,  28.59,  28.71,  28.74
20230524, 1200,  , HU, 13.8N, 144.7E, 120,  940,  110,  110,  100,  100,   55,   60,   50,   45,   40,   45,   35,   35, -999,  28.43,  28.33,  28.41,  28.43,  28.70,  28.90,  29.12,  29.10,  29.02,  29.03,  28.88,  28.98,  28.79,  28.93,  28.73,  27.41,  27.32,  28.39,  28.76,  28.72,  28.51,  28.51,  28.37,  28.52,  28.32,  28.46,  28.39,  28.41,  28.48,  28.62,  28.64
20230524, 1800,  , HU, 14.1N, 144.2E, 125,  935,  120,  130,  130,  110,   60,   65,   55,   65,   45,   55,   35,   35, -999,  28.56,  28.53,  28.56,  28.53,  28.89,  29.16,  29.18,  29.14,  29.01,  28.98,  28.89,  29.01,  28.90,  29.05,  28.92,  28.33,  27.26,  27.39,  28.56,  28.81,  28.52,  28.47,  28.44,  28.47,  28.27,  28.71,  28.58,  28.43,  28.39,  28.52,  28.48
20230525, 0000,  , HU, 14.2N, 143.5E, 140,  918,  120,  115,  115,  100,   55,   55,   50,   60,   35,   40,   35,   35, -999,  28.75,  28.83,  28.79,  29.26,  29.52,  29.43,  29.44,  29.39,  29.34,  29.19,  29.15,  28.97,  29.14,  29.08,  28.75,  27.57,  27.57,  27.99,  28.28,  28.61,  28.61,  28.18,  28.15,  28.53,  28.67,  28.55,  28.32,  28.60,  28.75,  28.57,  28.70
20230525, 0600,  , HU, 14.5N, 142.8E, 145,  913,  115,  100,  100,  100,   50,   45,   40,   55,   30,   30,   30,   35, -999,  28.69,  28.82,  28.95,  29.37,  29.55,  29.48,  29.57,  29.56,  29.52,  29.36,  29.39,  29.37,  29.39,  29.53,  29.44,  28.37,  28.32,  28.27,  28.05,  27.84,  27.71,  27.80,  28.08,  28.23,  28.28,  28.10,  28.06,  28.23,  28.32,  28.09,  28.37
20230525, 1200,  , HU, 14.7N, 141.5E, 155,  902,  150,  120,  120,  150,   75,   60,   45,   75,   40,   40,   30,   45, -999,  28.55,  28.83,  29.16,  29.46,  29.56,  29.56,  29.68,  29.42,  29.79,  29.83,  29.75,  29.68,  29.62,  29.59,  29.49,  29.02,  28.51,  28.45,  28.13,  28.04,  27.83,  27.88,  28.05,  28.32,  28.18,  27.80,  27.90,  27.96,  28.02,  28.05,  28.34
20230525, 1800,  , HU, 14.9N, 140.4E, 155,  903,  175,  140,  140,  175,  100,   70,   50,   95,   55,   45,   35,   50, -999,  28.81,  29.15,  29.73,  29.79,  29.96,  29.88,  29.94,  29.65,  29.84,  30.07,  29.90,  29.82,  29.74,  29.84,  29.52,  29.36,  28.83,  28.59,  28.39,  28.70,  28.50,  28.41,  28.44,  28.39,  28.14,  28.26,  28.12,  28.05,  28.00,  28.05,  28.27
20230526, 0000,  , HU, 15.1N, 139.2E, 165,  891,  175,  150,  135,  170,  110,   85,   55,  100,   70,   55,   40,   60, -999,  29.15,  29.69,  29.90,  30.03,  30.18,  30.18,  30.06,  29.87,  29.74,  29.69,  29.93,  29.57,  30.03,  29.95,  29.78,  29.34,  28.91,  28.74,  29.25,  28.91,  28.52,  28.54,  28.60,  28.76,  28.62,  28.74,  28.47,  28.43,  28.45,  28.42,  28.53
20230526, 0600,  , HU, 15.3N, 137.9E, 160,  897,  170,  170,  120,  170,  135,  110,   70,  120,  100,   80,   60,   85, -999,  28.86,  29.18,  29.68,  29.73,  30.12,  30.19,  30.38,  30.05,  29.96,  29.89,  30.08,  29.87,  29.91,  29.87,  29.85,  29.57,  29.34,  29.05,  29.40,  29.14,  28.99,  28.86,  28.83,  28.81,  29.02,  28.80,  28.69,  28.55,  28.53,  28.34,  28.44
20230526, 1200,  , HU, 15.7N, 136.5E, 145,  914,  185,  170,  120,  175,  135,  105,   70,  120,   90,   75,   55,   75, -999,  29.13,  28.94,  29.46,  29.57,  29.88,  29.95,  29.86,  29.70,  29.76,  29.65,  29.80,  30.00,  30.05,  29.81,  29.55,  29.42,  28.68,  28.28,  28.78,  28.97,  28.53,  28.41,  28.44,  28.78,  28.77,  28.86,  29.02,  29.14,  29.17,  29.06,  29.07
20230526, 1800,  , HU, 16.0N, 134.9E, 140,  919,  200,  170,  125,  180,  140,  100,   75,  125,   80,   70,   55,   65, -999,  29.32,  29.17,  29.38,  29.30,  29.68,  29.69,  29.43,  29.40,  29.41,  29.69,  29.80,  30.06,  30.12,  30.27,  30.47,  30.37,  28.91,  29.18,  29.27,  29.07,  28.50,  28.29,  28.54,  28.63,  28.97,  28.74,  28.55,  28.58,  28.51,  28.49,  28.30
20230527, 0000,  , HU, 16.3N, 133.5E, 135,  926,  215,  175,  130,  185,  145,   95,   75,  125,   70,   65,   50,   55, -999,  28.73,  28.80,  28.73,  29.16,  29.24,  28.84,  28.94,  29.21,  29.85,  30.27,  29.99,  30.25,  30.42,  30.34,  30.10,  28.27,  28.43,  27.88,  27.39,  27.37,  27.27,  27.46,  27.79,  27.60,  27.74,  27.21,  27.12,  27.64,  27.79,  27.97,  27.72
20230527, 0600,  , HU, 16.6N, 132.2E, 130,  928,  230,  180,  140,  190,  145,   90,   80,  130,   60,   60,   50,   50, -999,  28.38,  28.39,  28.71,  29.03,  29.43,  29.17,  29.22,  29.34,  29.66,  30.37,  29.96,  30.14,  30.34,  29.79,  29.61,  28.70,  27.16,  26.76,  27.22,  27.56,  28.20,  28.12,  28.51,  28.50,  28.69,  28.41,  28.45,  28.09,  28.20,  27.85,  27.20
20230527, 1200,  , HU, 16.8N, 130.9E, 125,  934,  240,  180,  145,  195,  150,   85,   80,  135,   55,   55,   45,   45, -999,  29.18,  29.27,  29.48,  30.51,  30.12,  29.65,  29.50,  29.45,  29.45,  30.02,  29.95,  30.09,  30.26,  29.58,  29.63,  29.37,  27.40,  27.16,  27.11,  26.96,  27.99,  27.96,  28.21,  28.42,  28.49,  28.28,  28.20,  28.15,  27.48,  26.47,  26.49
20230527, 1800,  , HU, 17.0N, 129.7E, 115,  942,  235,  175,  145,  195,  135,   80,   80,  120,   50,   50,   40,   40, -999,  28.77,  28.72,  28.93,  30.51,  30.45,  29.53,  29.23,  29.60,  29.63,  30.05,  30.15,  30.20,  30.18,  29.74,  29.38,  29.03,  27.32,  26.93,  26.67,  26.63,  27.39,  27.44,  27.87,  28.17,  28.07,  28.17,  28.20,  28.07,  27.46,  25.74,  26.17
20230528, 0000,  , HU, 17.2N, 128.7E, 110,  947,  230,  170,  150,  195,  120,   80,   75,  105,   45,   45,   40,   40, -999,  28.53,  28.57,  29.30,  30.11,  29.24,  28.62,  28.92,  29.31,  29.80,  30.09,  30.14,  30.04,  30.30,  29.79,  29.36,  27.13,  27.72,  27.34,  26.16,  26.33,  26.77,  27.30,  27.70,  28.03,  28.07,  27.99,  27.99,  27.59,  26.54,  26.04,  26.57
20230528, 0600,  , HU, 17.6N, 127.9E, 105,  951,  225,  175,  160,  190,  100,   75,   75,   90,   40,   40,   35,   35, -999,  29.01,  28.86,  29.68,  29.90,  29.58,  29.51,  29.54,  29.73,  30.01,  30.23,  30.19,  29.86,  29.66,  29.48,  29.23,  27.48,  26.65,  26.66,  26.49,  26.61,  25.82,  26.59,  27.35,  28.06,  28.23,  27.81,  27.73,  27.50,  27.37,  26.97,  26.78
20230528, 1200,  , HU, 18.0N, 127.3E, 105,  951,  225,  180,  170,  190,   75,   70,   75,   80,   35,   35,   30,   35, -999,  28.98,  28.96,  29.45,  29.45,  29.20,  29.00,  29.31,  29.71,  30.05,  30.21,  29.84,  29.79,  29.65,  29.66,  29.54,  28.57,  26.84,  26.67,  26.78,  26.45,  26.36,  27.35,  27.84,  27.94,  28.07,  27.77,  27.65,  27.19,  27.28,  27.41,  27.52
20230528, 1800,  , HU, 18.6N, 126.7E, 105,  950,  235,  200,  190,  195,   75,   65,   65,   90,   45,   45,   40,   45, -999,  28.59,  28.89,  29.04,  29.20,  29.00,  28.66,  28.73,  28.92,  29.20,  29.60,  29.44,  29.40,  29.27,  29.07,  29.02,  28.22,  25.45,  25.04,  25.59,  24.84,  25.66,  27.14,  27.67,  27.86,  28.38,  28.33,  28.46,  28.33,  27.94,  27.44,  28.05
20230529, 0000,  , HU, 19.0N, 126.2E, 105,  949,  230,  205,  190,  190,   75,   65,   65,   80,   40,   40,   40,   45, -999,  28.97,  29.14,  29.24,  28.88,  28.68,  28.77,  28.95,  29.12,  29.62,  29.32,  29.11,  28.97,  28.76,  28.62,  27.93,  25.06,  23.78,  25.52,  24.38,  25.22,  26.51,  26.56,  26.70,  26.90,  27.55,  27.69,  27.61,  27.52,  27.75,  27.67,  28.13
20230529, 0600,  , HU, 19.4N, 125.8E, 105,  946,  220,  210,  195,  190,   75,   65,   65,   70,   40,   35,   35,   40, -999,  28.74,  29.14,  29.00,  28.86,  28.44,  28.50,  28.68,  28.77,  28.93,  28.70,  28.80,  28.65,  28.74,  28.48,  28.13,  25.77,  23.65,  25.28,  24.54,  24.96,  25.74,  26.04,  26.29,  26.37,  27.12,  27.47,  27.18,  26.76,  27.57,  27.80,  27.96
20230529, 1200,  , HU, 19.7N, 125.6E,  90,  957,  215,  220,  200,  185,   75,   65,   65,   70,   40,   35,   35,   40, -999,  28.34,  29.03,  28.87,  28.73,  28.35,  28.59,  28.85,  28.69,  28.68,  28.66,  28.68,  28.40,  28.36,  28.17,  27.82,  26.57,  23.69,  24.69,  24.57,  25.06,  25.92,  26.35,  26.17,  26.09,  26.80,  27.14,  27.11,  26.83,  27.50,  27.56,  27.70
20230529, 1800,  , HU, 20.1N, 125.4E,  85,  964,  200,  200,  190,  190,   90,   80,   70,   85,   45,   35,   35,   45, -999,  28.44,  28.50,  28.25,  27.87,  27.69,  28.09,  28.79,  28.70,  28.78,  28.71,  28.34,  28.28,  28.09,  28.21,  28.02,  27.31,  23.94,  24.29,  24.55,  25.21,  25.48,  25.82,  26.25,  26.16,  26.71,  26.97,  27.03,  26.96,  27.46,  27.52,  27.71
20230530, 0000,  , HU, 20.4N, 125.1E,  80,  968,  190,  180,  180,  190,  100,   90,   80,  100,   50,   35,   35,   50, -999,  29.26,  28.90,  28.77,  28.44,  28.55,  29.14,  29.02,  28.88,  28.64,  28.64,  28.60,  28.36,  28.31,  28.04,  27.53,  24.77,  24.21,  24.97,  25.98,  26.15,  26.06,  25.78,  25.99,  26.31,  26.58,  26.75,  26.95,  27.62,  27.58,  27.61,  27.08
20230530, 0600,  , HU, 20.6N, 125.0E,  75,  969,  190,  180,  170,  195,   95,   90,   80,  105,   40,   30,   35,   45, -999,  29.05,  29.12,  28.61,  28.61,  28.66,  29.11,  28.94,  28.85,  28.76,  28.70,  28.61,  28.34,  28.19,  27.95,  27.59,  26.21,  24.01,  25.70,  26.36,  26.27,  26.18,  25.87,  25.98,  26.28,  26.77,  26.93,  27.24,  27.75,  27.41,  27.73,  27.30
20230530, 1200,  , HU, 20.9N, 125.1E,  70,  970,  190,  175,  160,  195,   95,   95,   80,  110,   30,   30,   30,   40, -999,  29.12,  28.88,  28.64,  28.80,  28.64,  28.96,  28.97,  28.88,  28.81,  28.73,  28.67,  28.46,  28.24,  28.04,  27.53,  26.92,  25.10,  25.69,  27.07,  26.63,  26.33,  26.20,  26.39,  26.47,  26.68,  27.12,  27.20,  27.96,  27.52,  27.69,  27.02
20230530, 1800,  , HU, 21.2N, 125.0E,  65,  974,  190,  175,  155,  175,   90,   95,   75,   90,   25,   25,   25,   30, -999,  28.45,  28.52,  28.41,  28.85,  28.98,  29.33,  29.21,  29.15,  28.98,  29.09,  28.80,  28.61,  28.40,  28.27,  27.91,  27.45,  26.21,  26.19,  26.83,  27.21,  26.89,  26.84,  26.49,  26.51,  26.80,  27.23,  27.33,  27.94,  27.90,  28.30,  27.89
20230531, 0000,  , HU, 21.5N, 125.1E,  65,  976,  190,  170,  150,  160,   90,  100,   70,   70,   25,   25,   25,   25, -999,  27.75,  27.75,  27.77,  27.56,  28.28,  28.44,  28.43,  28.54,  28.60,  28.88,  28.70,  28.36,  28.19,  27.79,  27.45,  26.65,  26.28,  26.52,  27.12,  27.09,  27.20,  27.25,  27.29,  27.42,  27.58,  27.57,  28.59,  28.98,  28.40,  27.36,  26.71
20230531, 0600,  , TS, 22.3N, 125.4E,  60,  978,  195,  170,  145,  160,   75,  100,   65,   65,    0,    0,    0,    0, -999,  27.04,  27.00,  27.23,  27.50,  27.79,  27.49,  28.07,  28.01,  27.46,  27.45,  27.34,  26.97,  26.04,  25.88,  25.77,  25.51,  25.38,  24.63,  25.31,  25.70,  25.85,  25.94,  26.06,  26.45,  27.08,  27.21,  27.84,  28.00,  27.55,  27.15,  26.92
20230531, 1200,  , TS, 22.7N, 125.5E,  55,  979,  200,  170,  140,  160,   60,  100,   60,   45,    0,    0,    0,    0, -999,  27.02,  26.41,  26.68,  27.52,  27.95,  27.56,  28.13,  27.85,  27.35,  26.87,  26.32,  25.54,  25.77,  25.69,  25.61,  25.34,  25.25,  25.41,  25.45,  25.39,  25.59,  25.75,  26.23,  26.79,  27.44,  27.61,  28.24,  28.16,  27.80,  27.19,  26.95
20230531, 1800,  , TS, 23.5N, 125.3E,  55,  979,  220,  180,  150,  160,   50,   75,   50,   30,    0,    0,    0,    0, -999,  27.05,  26.74,  26.73,  26.91,  26.27,  25.71,  27.33,  27.66,  26.68,  26.57,  26.96,  26.87,  26.42,  25.79,  25.42,  25.34,  25.36,  25.47,  25.60,  25.46,  25.39,  25.64,  26.01,  26.59,  27.17,  28.04,  28.46,  28.13,  27.57,  27.15,  27.25
20230601, 0000,  , TS, 24.2N, 125.9E,  45,  983,  240,  195,  165,  165,    0,    0,    0,    0,    0,    0,    0,    0, -999,  26.27,  26.30,  26.84,  26.29,  25.57,  25.94,  26.17,  25.43,  25.37,  25.43,  25.57,  25.63,  25.79,  25.73,  25.68,  25.63,  25.62,  25.34,  25.56,  25.60,  25.72,  25.89,  26.20,  27.18,  27.75,  28.32,  28.01,  27.66,  27.32,  27.30,  27.12
20230601, 0600,  , TS, 24.9N, 126.4E,  40,  984,  220,  200,  150,  150,    0,    0,    0,    0,    0,    0,    0,    0, -999,  25.51,  25.64,  25.89,  25.76,  26.03,  26.78,  26.69,  26.27,  25.76,  26.11,  26.24,  25.85,  25.68,  25.66,  25.55,  25.60,  25.69,  25.69,  26.12,  26.25,  26.83,  26.82,  26.74,  27.14,  27.53,  27.94,  27.91,  27.87,  27.52,  27.59,  27.30
20230601, 1200,  , TS, 25.8N, 127.3E,  45,  982,  200,  200,  140,  130,    0,    0,    0,    0,    0,    0,    0,    0, -999,  25.39,  25.40,  25.20,  24.96,  25.18,  25.41,  25.22,  25.07,  25.17,  25.54,  25.67,  25.71,  25.79,  26.26,  25.99,  25.57,  25.59,  25.64,  25.45,  25.83,  26.06,  26.17,  26.37,  27.17,  27.40,  27.76,  27.57,  27.14,  27.02,  27.32,  27.52
20230601, 1800,  , TS, 26.8N, 128.1E,  45,  982,  190,  200,  130,  110,    0,    0,    0,    0,    0,    0,    0,    0, -999,  23.69,  23.71,  24.00,  23.80,  24.16,  24.32,  24.38,  24.10,  23.93,  24.18,  24.21,  24.13,  24.22,  24.83,  24.95,  24.50,  24.46,  24.77,  24.64,  25.08,  25.32,  25.62,  25.48,  26.42,  26.60,  26.55,  26.41,  26.07,  26.13,  25.98,  26.23
20230602, 0000,  , TS, 27.5N, 129.6E,  40,  985,  180,  200,  125,   80,    0,    0,    0,    0,    0,    0,    0,    0, -999,  23.86,  23.80,  23.69,  24.02,  24.17,  23.91,  23.88,  24.19,  23.96,  24.23,  24.45,  24.83,  25.58,  24.77,  23.99,  23.86,  23.93,  24.32,  24.72,  25.58,  25.02,  24.53,  25.70,  26.04,  25.96,  25.86,  25.63,  25.37,  25.41,  25.95,  26.25
20230602, 0600,  , TS, 28.3N, 131.3E,  40,  982,  170,  225,  115,   60,    0,    0,    0,    0,    0,    0,    0,    0, -999,  23.41,  23.67,  23.93,  24.49,  24.47,  24.26,  23.81,  23.87,  23.62,  23.83,  23.89,  24.18,  24.65,  24.61,  24.64,  24.30,  24.42,  24.55,  24.99,  25.29,  25.88,  26.09,  26.19,  26.34,  26.10,  26.00,  26.07,  25.72,  25.66,  25.92,  26.51
20230602, 1200,  , TS, 28.9N, 133.2E,  45,  978,  170,  250,  100,   40,    0,    0,    0,    0,    0,    0,    0,    0, -999,  22.79,  22.84,  22.97,  23.12,  23.69,  23.62,  23.01,  22.78,  22.77,  22.97,  22.82,  23.36,  23.98,  24.60,  24.89,  24.72,  24.50,  24.37,  25.16,  25.73,  24.48,  24.52,  25.24,  25.77,  25.87,  26.22,  25.88,  25.65,  25.51,  25.55,  26.38
20230602, 1800,  , TS, 29.8N, 135.3E,  35,  984,  160,  260,   90,   20,    0,    0,    0,    0,    0,    0,    0,    0, -999,  21.94,  21.99,  22.22,  22.37,  22.45,  23.20,  22.45,  22.42,  22.35,  22.20,  22.17,  22.61,  23.14,  23.70,  24.36,  23.56,  23.74,  24.16,  25.51,  25.67,  25.27,  25.08,  25.36,  25.44,  25.26,  25.10,  25.21,  24.12,  24.61,  25.04,  25.44
20230603, 0000,  , EX, 30.7N, 137.6E,  35,  982,  150,  270,   75,    0,    0,    0,    0,    0,    0,    0,    0,    0, -999,  21.57,  21.89,  22.03,  21.95,  22.08,  21.53,  21.26,  21.11,  21.12,  21.46,  21.84,  22.73,  23.75,  23.52,  23.24,  22.76,  22.89,  23.62,  25.48,  24.30,  23.61,  24.17,  24.57,  24.83,  24.84,  24.37,  23.87,  22.89,  22.74,  24.09,  24.15
