WP092021,              IN-FA,     57,
20210716, 0000,  , DB, 17.8N, 134.5E,  15, 1007,    0,    0,    0,    0,    0,    0,    0,    0,    0,    0,    0,    0, -999,  30.10,  29.84,  29.99,  29.68,  29.43,  29.25,  29.37,  29.53,  29.71,  29.62,  29.59,  29.72,  29.47,  29.57,  29.62,  29.52,  29.63,  29.47,  29.48,  29.22,  29.08,  29.09,  29.17,  29.04,  29.00,  28.90,  28.80,  28.92,  28.92,  28.46,  28.21
20210716, 0600,  , DB, 18.6N, 134.8E,  20, 1004,    0,    0,    0,    0,    0,    0,    0,    0,    0,    0,    0,    0, -999,  29.99,  29.78,  30.11,  30.17,  29.96,  29.87,  29.83,  29.70,  29.95,  29.97,  29.79,  29.86,  29.56,  29.54,  29.65,  29.74,  29.64,  29.53,  29.38,  29.25,  28.96,  28.98,  28.85,  28.77,  28.76,  28.73,  28.48,  28.52,  28.52,  28.47,  28.58
20210716, 1200,  , XX, 19.6N, 134.2E,  25, 1003,    0,    0,    0,    0,    0,    0,    0,    0,    0,    0,    0,    0, -999,  29.81,  29.95,  29.97,  30.00,  29.84,  29.60,  29.62,  29.69,  30.01,  30.01,  30.10,  30.25,  30.02,  29.94,  29.84,  29.98,  29.85,  29.67,  29.72,  29.66,  29.51,  29.34,  29.12,  29.06,  28.78,  28.73,  28.74,  28.51,  28.39,  28.34,  28.43
20210716, 1800,  , XX, 20.0N, 133.9E,  25, 1002,    0,    0,    0,    0,    0,    0,    0,    0,    0,    0,    0,    0, -999,  29.52,  29.91,  30.32,  30.08,  30.07,  29.95,  29.96,  29.98,  30.08,  30.16,  30.22,  30.28,  30.19,  30.04,  29.94,  30.11,  29.96,  29.78,  29.86,  29.74,  29.72,  29.46,  29.12,  29.05,  28.84,  28.78,  28.86,  28.61,  28.63,  28.73,  28.78
20210717, 0000,  , XX, 20.5N, 133.6E,  30, 1000,    0,    0,    0,    0,    0,    0,    0,    0,    0,    0,    0,    0, -999,  29.45,  29.75,  29.67,  29.85,  29.80,  30.05,  30.12,  29.98,  30.07,  30.31,  30.29,  30.08,  30.00,  29.96,  30.34,  29.90,  29.53,  29.54,  29.35,  29.37,  29.08,  28.98,  29.04,  28.87,  28.81,  29.02,  28.69,  28.72,  28.88,  28.80,  29.04
20210717, 0600,  , XX, 21.1N, 133.2E,  30, 1000,    0,    0,    0,    0,    0,    0,    0,    0,    0,    0,    0,    0, -999,  29.10,  29.66,  29.63,  29.70,  29.44,  29.59,  29.73,  29.63,  29.76,  30.16,  29.99,  29.77,  29.68,  29.63,  29.86,  29.69,  29.04,  29.33,  29.28,  29.26,  29.04,  28.92,  28.73,  28.62,  28.66,  28.68,  28.67,  28.14,  28.04,  28.13,  28.75
20210717, 1200,  , XX, 21.6N, 132.8E,  30,  999,    0,    0,    0,    0,    0,    0,    0,    0,    0,    0,    0,    0, -999,  28.64,  29.34,  29.26,  29.44,  29.34,  29.73,  29.93,  29.68,  29.70,  30.02,  29.99,  29.85,  29.62,  29.71,  29.76,  29.47,  29.17,  29.20,  29.12,  28.88,  28.67,  28.46,  28.09,  28.12,  28.30,  28.22,  28.11,  27.45,  27.34,  27.89,  27.83
20210717, 1800,  , XX, 22.0N, 132.6E,  30,  999,    0,    0,    0,    0,    0,    0,    0,    0,    0,    0,    0,    0, -999,  28.60,  29.33,  29.25,  29.29,  29.27,  29.51,  29.66,  29.64,  29.56,  29.89,  29.92,  29.69,  29.57,  29.47,  29.54,  29.41,  29.11,  28.98,  28.58,  28.23,  27.56,  27.68,  27.51,  27.61,  27.80,  27.92,  28.13,  27.68,  27.38,  27.37,  27.60
20210718, 0000,  , XX, 22.4N, 132.5E,  35,  998,   70,    0,    0,    0,    0,    0,    0,    0,    0,    0,    0,    0, -999,  29.20,  29.04,  29.12,  29.09,  29.50,  29.59,  29.41,  29.31,  29.69,  29.66,  29.53,  29.28,  29.28,  29.35,  29.21,  28.63,  28.13,  27.83,  27.59,  26.82,  27.01,  27.10,  27.47,  27.82,  28.14,  28.41,  27.54,  27.30,  27.31,  27.57,  27.66
20210718, 0600,  , XX, 22.8N, 132.4E,  35,  993,  145,  145,    0,  100,    0,    0,    0,    0,    0,    0,    0,    0, -999,  29.30,  29.23,  29.33,  29.25,  29.56,  29.56,  29.32,  29.20,  29.52,  29.68,  29.56,  29.33,  29.18,  29.15,  28.97,  28.44,  28.07,  27.74,  27.34,  26.46,  26.59,  26.62,  26.81,  27.42,  27.89,  28.25,  27.22,  26.88,  27.20,  27.55,  27.62
20210718, 1200,  , XX, 23.0N, 132.3E,  40,  989,  145,  145,   20,  100,    0,    0,    0,    0,    0,    0,    0,    0, -999,  29.18,  29.16,  29.27,  29.14,  29.42,  29.42,  29.21,  29.10,  29.41,  29.77,  29.61,  29.22,  29.03,  28.92,  28.59,  28.21,  27.70,  27.46,  27.07,  26.23,  26.35,  26.44,  26.88,  27.48,  27.95,  28.05,  27.30,  27.12,  27.26,  27.69,  27.65
20210718, 1800,  , XX, 23.5N, 132.3E,  45,  985,  165,  125,   30,  100,    0,    0,    0,    0,    0,    0,    0,    0, -999,  28.78,  28.91,  29.17,  28.91,  29.14,  29.16,  29.02,  29.02,  29.32,  29.47,  29.24,  28.97,  28.60,  28.49,  28.38,  27.82,  27.54,  27.26,  26.99,  26.44,  26.70,  26.74,  27.26,  27.95,  28.32,  28.21,  27.92,  27.36,  27.52,  28.08,  28.00
20210719, 0000,  , TS, 23.8N, 132.0E,  50,  984,  135,  100,   45,  100,   40,   10,   10,   15,    0,    0,    0,    0, -999,  29.08,  29.24,  28.94,  29.15,  29.16,  29.09,  29.16,  29.31,  29.41,  29.25,  29.24,  28.91,  28.82,  28.72,  27.99,  27.92,  27.72,  27.34,  26.73,  26.86,  26.56,  27.08,  27.65,  27.85,  27.56,  27.60,  27.33,  27.47,  28.08,  28.14,  27.78
20210719, 0600,  , TS, 23.9N, 131.7E,  50,  982,  120,   55,   60,  100,   60,   20,   20,   30,    0,    0,    0,    0, -999,  28.98,  29.24,  29.02,  29.23,  29.40,  29.41,  29.36,  29.43,  29.47,  29.32,  29.52,  29.17,  28.91,  28.69,  28.16,  28.08,  27.83,  27.52,  26.91,  26.94,  26.33,  26.60,  26.90,  27.59,  27.01,  27.60,  27.54,  27.75,  28.07,  28.30,  28.16
20210719, 1200,  , TS, 24.0N, 131.5E,  50,  982,  130,   55,   60,  120,   70,   20,   20,   35,    0,    0,    0,    0, -999,  28.79,  29.11,  28.93,  29.14,  29.32,  29.33,  29.26,  29.34,  29.36,  29.32,  29.51,  29.15,  28.88,  28.64,  28.14,  28.00,  27.89,  27.53,  26.76,  26.69,  26.10,  26.34,  26.77,  27.32,  26.95,  27.46,  27.63,  27.73,  28.06,  28.24,  28.20
20210719, 1800,  , TS, 24.2N, 131.1E,  50,  981,  140,   60,   60,  120,   70,   20,   20,   35,    0,    0,    0,    0, -999,  28.79,  29.06,  28.99,  29.18,  29.47,  29.56,  29.52,  29.42,  29.52,  29.73,  30.05,  29.70,  29.28,  29.33,  29.03,  28.96,  28.60,  28.74,  27.86,  27.39,  26.67,  26.66,  26.79,  27.09,  27.24,  27.93,  27.65,  27.70,  28.17,  28.30,  27.83
20210720, 0000,  , TS, 24.4N, 130.6E,  55,  976,  185,   80,   80,  180,   70,   20,   20,   35,    0,    0,    0,    0, -999,  29.09,  29.06,  29.14,  29.38,  29.47,  29.53,  29.55,  29.70,  29.82,  29.95,  29.67,  29.45,  29.61,  29.38,  29.23,  29.22,  28.78,  28.04,  27.72,  26.99,  27.22,  27.98,  28.16,  27.51,  27.71,  27.85,  28.03,  28.41,  28.11,  27.68,  27.75
20210720, 0600,  , HU, 24.7N, 129.7E,  65,  973,  185,   85,   90,  180,   80,   30,   40,   50,   30,   15,   15,   20, -999,  28.97,  29.01,  29.01,  29.52,  29.49,  29.74,  29.80,  29.87,  29.87,  29.64,  29.37,  29.37,  29.47,  29.19,  29.25,  29.23,  28.97,  28.25,  28.08,  27.50,  27.48,  28.04,  28.53,  27.65,  27.82,  28.09,  28.49,  28.47,  28.19,  28.69,  28.56
20210720, 1200,  , HU, 24.4N, 128.9E,  80,  965,  200,   90,   90,  175,   90,   40,   40,   75,   40,   20,   15,   25, -999,  29.02,  29.05,  29.09,  29.38,  29.50,  29.56,  29.70,  29.58,  29.85,  29.43,  29.33,  29.30,  29.26,  29.16,  29.03,  28.85,  28.74,  27.78,  27.40,  26.90,  26.75,  26.97,  27.05,  27.03,  27.46,  28.31,  28.52,  28.22,  28.01,  28.27,  28.11
20210720, 1800,  , HU, 24.1N, 128.2E,  85,  963,  210,  105,  105,  190,   90,   50,   50,   80,   35,   25,   20,   25, -999,  28.90,  28.70,  28.84,  29.26,  29.51,  29.67,  29.67,  29.62,  29.89,  29.56,  29.20,  29.17,  29.17,  29.06,  28.92,  28.68,  28.45,  27.38,  27.23,  26.60,  26.45,  26.17,  26.47,  26.89,  27.27,  28.14,  28.49,  27.85,  27.45,  27.81,  27.82
20210721, 0000,  , HU, 24.1N, 127.9E,  95,  953,  215,  125,  135,  215,   90,   55,   55,   90,   30,   30,   25,   25, -999,  28.65,  28.78,  29.19,  29.21,  29.28,  29.24,  29.39,  29.71,  29.78,  29.21,  29.06,  29.09,  29.02,  28.98,  28.81,  28.34,  27.17,  25.87,  24.49,  24.81,  25.28,  26.13,  26.61,  26.70,  27.13,  27.41,  27.39,  26.76,  27.35,  27.63,  27.62
20210721, 0600,  , HU, 24.2N, 127.2E,  95,  952,  215,  120,  125,  205,   65,   50,   55,   65,   30,   30,   25,   25, -999,  28.76,  28.59,  29.05,  29.08,  29.16,  29.34,  29.50,  29.66,  29.89,  29.53,  29.25,  29.28,  29.19,  29.13,  28.93,  28.45,  27.99,  25.74,  24.64,  24.49,  25.03,  25.41,  26.12,  26.55,  27.40,  27.88,  27.75,  27.24,  27.70,  28.04,  27.94
20210721, 1200,  , HU, 23.9N, 126.6E,  95,  951,  220,  115,  115,  190,   55,   50,   55,   55,   30,   25,   20,   30, -999,  28.58,  28.73,  29.24,  29.07,  29.43,  29.32,  29.51,  29.36,  29.15,  28.97,  28.91,  28.86,  29.05,  29.16,  29.27,  28.53,  28.36,  26.81,  25.32,  24.82,  24.35,  24.80,  25.55,  26.21,  26.51,  27.47,  27.62,  27.14,  27.46,  28.07,  27.07
20210721, 1800,  , HU, 23.6N, 126.2E,  90,  954,  210,  115,  140,  170,   55,   55,   55,   55,   30,   20,   20,   30, -999,  28.69,  28.78,  29.10,  29.19,  29.59,  29.32,  29.40,  29.36,  29.12,  29.11,  29.33,  28.96,  28.85,  28.93,  29.15,  28.74,  28.37,  26.87,  25.65,  25.64,  24.62,  24.37,  25.15,  26.38,  26.87,  27.69,  27.44,  27.05,  27.20,  27.36,  26.98
20210722, 0000,  , HU, 23.5N, 126.1E,  90,  954,  200,  150,  160,  160,   55,   65,   60,   55,   30,   40,   20,   30, -999,  29.12,  29.17,  29.27,  29.59,  29.53,  29.53,  29.39,  29.32,  29.37,  29.41,  29.27,  29.17,  29.21,  29.30,  28.62,  28.22,  27.51,  25.99,  26.31,  25.56,  25.13,  24.86,  26.60,  26.63,  27.10,  26.90,  26.52,  26.66,  27.12,  27.00,  26.56
20210722, 0600,  , HU, 23.5N, 126.0E,  85,  957,  200,  165,  180,  180,   55,   90,   90,   65,   30,   45,   40,   40, -999,  29.12,  29.17,  29.27,  29.59,  29.53,  29.53,  29.39,  29.32,  29.37,  29.41,  29.27,  29.17,  29.21,  29.30,  28.62,  28.22,  27.51,  25.99,  26.31,  25.56,  25.13,  24.86,  26.60,  26.63,  27.10,  26.90,  26.52,  26.66,  27.12,  27.00,  26.56
20210722, 1200,  , HU, 23.6N, 125.8E,  80,  959,  200,  180,  185,  195,   90,   90,   90,   90,   40,   50,   45,   45, -999,  29.13,  29.06,  29.44,  29.82,  29.66,  29.50,  29.36,  29.37,  29.51,  29.36,  29.21,  29.15,  29.18,  29.32,  28.82,  28.16,  28.16,  26.62,  26.36,  25.43,  24.78,  25.19,  26.47,  26.65,  26.89,  26.53,  26.30,  26.52,  27.21,  27.28,  26.66
20210722, 1800,  , HU, 23.8N, 125.6E,  75,  961,  200,  140,  140,  190,  110,  100,   70,   90,   50,   50,   30,   30, -999,  28.87,  29.43,  29.61,  29.76,  29.73,  29.54,  29.30,  29.78,  29.40,  29.26,  29.20,  29.13,  29.27,  29.42,  29.04,  28.55,  28.24,  26.77,  26.67,  25.62,  25.63,  25.41,  26.57,  26.71,  26.88,  26.48,  26.09,  26.47,  27.75,  27.28,  26.54
20210723, 0000,  , HU, 24.2N, 125.4E,  75,  961,  200,  160,  160,  195,  110,   80,   80,   80,   40,   40,   30,   30, -999,  29.01,  29.54,  29.64,  29.69,  29.37,  29.19,  29.46,  29.23,  29.12,  29.16,  29.18,  29.19,  29.29,  29.21,  28.54,  28.38,  26.28,  25.16,  25.13,  26.48,  26.34,  26.43,  27.22,  27.25,  27.07,  26.57,  26.67,  27.74,  27.51,  26.93,  27.24
20210723, 0600,  , HU, 24.5N, 125.1E,  70,  959,  215,  180,  165,  200,  120,   70,   80,   65,   30,   30,   30,   30, -999,  29.07,  29.35,  29.39,  29.44,  29.11,  29.36,  29.91,  29.63,  29.45,  29.42,  29.41,  29.60,  29.62,  28.88,  27.87,  27.43,  26.44,  25.77,  26.78,  28.25,  28.69,  27.89,  28.20,  28.46,  28.49,  28.46,  28.55,  28.77,  28.61,  28.80,  28.75
20210723, 1200,  , TS, 24.8N, 125.0E,  60,  965,  215,  190,  175,  205,  120,   60,   85,   70,    0,    0,    0,    0, -999,  28.93,  29.20,  29.34,  29.53,  29.12,  29.40,  30.01,  29.52,  29.46,  29.35,  29.55,  29.72,  29.67,  29.31,  27.37,  27.21,  25.94,  25.81,  27.37,  28.47,  28.38,  28.11,  28.40,  28.58,  28.57,  28.66,  28.73,  29.02,  29.20,  29.11,  28.77
20210723, 1800,  , HU, 25.5N, 124.9E,  65,  961,  200,  140,  140,  190,  110,  100,   80,   80,   80,   50,   30,   30, -999,  28.92,  28.95,  29.17,  29.42,  29.10,  29.03,  29.52,  29.35,  29.28,  29.19,  29.44,  29.77,  29.78,  29.53,  28.89,  27.68,  26.66,  26.53,  27.95,  28.89,  29.05,  29.12,  29.25,  29.38,  29.18,  29.16,  29.38,  29.59,  29.53,  29.03,  28.94
20210724, 0000,  , HU, 26.4N, 124.7E,  70,  960,  275,  195,  185,  185,  130,  130,   80,   85,  100,  100,   30,   30, -999,  28.67,  28.89,  29.12,  29.08,  28.82,  29.10,  29.01,  28.74,  28.89,  29.53,  29.43,  29.48,  28.92,  27.96,  27.38,  27.16,  25.66,  25.82,  27.54,  28.23,  28.60,  29.00,  28.79,  28.99,  28.83,  28.85,  28.21,  28.13,  28.85,  28.79,  28.75
20210724, 0600,  , HU, 27.3N, 124.3E,  70,  958,  250,  200,  170,  170,  130,  130,   85,  100,   85,   85,   45,   45, -999,  28.56,  28.69,  28.98,  28.52,  28.19,  28.87,  29.27,  29.19,  29.01,  29.24,  29.38,  29.49,  28.91,  28.26,  27.52,  26.94,  25.96,  26.88,  27.36,  27.68,  27.83,  28.22,  28.46,  28.37,  27.91,  27.93,  27.69,  26.76,  27.73,  28.55,  28.84
20210724, 1200,  , HU, 28.1N, 124.0E,  70,  959,  235,  200,  160,  160,  130,  125,  110,  115,   70,   65,   60,   60, -999,  28.17,  28.30,  28.41,  28.68,  28.38,  28.67,  29.12,  29.15,  28.88,  29.17,  29.25,  29.27,  28.91,  28.47,  27.79,  27.63,  27.03,  26.91,  27.31,  27.81,  28.00,  28.22,  28.37,  28.22,  28.07,  27.51,  27.85,  27.61,  27.88,  28.32,  28.48
20210724, 1800,  , TS, 28.6N, 123.8E,  60,  966,  220,  180,  140,  150,  120,  120,   75,   95,    0,    0,    0,    0, -999,  27.79,  27.62,  27.67,  27.97,  28.07,  28.44,  29.02,  29.01,  28.57,  28.46,  28.85,  28.93,  28.76,  28.54,  27.94,  27.60,  26.72,  26.39,  27.01,  27.49,  27.62,  27.87,  28.11,  27.88,  28.04,  27.90,  27.84,  27.59,  27.81,  28.31,  28.27
20210725, 0000,  , TS, 29.7N, 122.9E,  55,  971,  160,  160,  120,  140,   90,   40,   40,   90,    0,    0,    0,    0, -999,  26.15,  26.10,  26.59,  26.89,  27.24,  27.98,  28.29,  27.68,  27.48,  28.07,  28.15,  27.60,  27.10,  26.76,  26.53,  25.53,  24.93,  25.99,  25.75,  26.31,  26.47,  26.71,  26.96,  27.43,  27.17,  27.16,  27.51,  28.11,  28.10,  28.14,  28.32
20210725, 0600,  , TS, 30.0N, 122.5E,  55,  972,  160,  160,   80,  140,   70,   30,   35,   60,    0,    0,    0,    0, -999,  25.50,  24.10,  22.09,  21.31,  21.82,  23.55,  25.78,  25.67,  25.68,  26.58,  27.10,  26.71,  25.98,  25.71,  25.88,  26.07,  25.99,  26.04,  26.18,  26.46,  26.56,  26.30,  26.09,  26.48,  26.24,  26.30,  26.71,  26.96,  26.99,  26.96,  27.09
20210725, 1200,  , TS, 30.3N, 122.2E,  55,  975,  110,  120,   70,   90,   20,   30,   30,   30,    0,    0,    0,    0, -999,  28.17,  28.11,  28.22,  28.38,  28.56,  28.69,  28.76,  28.78,  28.71,  28.66,  28.64,  28.04,  27.95,  27.97,  27.89,  27.68,  27.38,  27.17,  27.29,  27.34,  27.57,  27.62,  27.80,  27.98,  27.98,  28.02,  28.06,  28.09,  28.06,  28.05,  28.02
20210725, 1800,  , TS, 30.4N, 121.4E,  45,  982,   90,   90,   50,   60,    0,    0,    0,    0,    0,    0,    0,    0, -999,  28.62,  28.73,  29.15,  29.52,  29.67,  29.55,  29.53,  29.41,  29.13,  29.05,  28.92,  28.74,  28.44,  28.20,  27.93,  27.36,  26.71,  26.54,  26.60,  26.89,  27.52,  27.99,  28.41,  28.70,  28.62,  28.35,  28.17,  28.08,  27.88,  27.89,  28.07
20210726, 0000,  , TS, 30.7N, 121.2E,  40,  988,   60,   60,   30,   30,    0,    0,    0,    0,    0,    0,    0,    0, -999,    nan,    nan,    nan,    nan,    nan,    nan,    nan,    nan,    nan,    nan,    nan,    nan,    nan,    nan,    nan,    nan,    nan,    nan,    nan,    nan,    nan,    nan,    nan,    nan,    nan,    nan,    nan,    nan,    nan,    nan,    nan
20210726, 0600,  , TS, 30.9N, 120.9E,  35,  983,   30,   30,    0,    0,    0,    0,    0,    0,    0,    0,    0,    0, -999,    nan,    nan,    nan,    nan,    nan,    nan,    nan,    nan,    nan,    nan,    nan,    nan,    nan,    nan,    nan,    nan,    nan,    nan,    nan,    nan,    nan,    nan,    nan,    nan,    nan,    nan,    nan,    nan,    nan,    nan,    nan
20210726, 1200,  , TD, 31.1N, 120.5E,  30,  985,    0,    0,    0,    0,    0,    0,    0,    0,    0,    0,    0,    0, -999,    nan,    nan,    nan,    nan,    nan,    nan,    nan,    nan,    nan,    nan,    nan,    nan,    nan,    nan,    nan,    nan,    nan,    nan,    nan,    nan,    nan,    nan,    nan,    nan,    nan,    nan,    nan,    nan,    nan,    nan,    nan
20210726, 1800,  , TD, 31.2N, 119.9E,  25,  986,    0,    0,    0,    0,    0,    0,    0,    0,    0,    0,    0,    0, -999,    nan,    nan,    nan,    nan,    nan,    nan,    nan,    nan,    nan,    nan,    nan,    nan,    nan,    nan,    nan,    nan,    nan,    nan,    nan,    nan,    nan,    nan,    nan,    nan,    nan,    nan,    nan,    nan,    nan,    nan,    nan
20210727, 0000,  , TD, 31.3N, 119.3E,  25,  987,    0,    0,    0,    0,    0,    0,    0,    0,    0,    0,    0,    0, -999,    nan,    nan,    nan,    nan,    nan,    nan,    nan,    nan,    nan,    nan,    nan,    nan,    nan,    nan,    nan,    nan,    nan,    nan,    nan,    nan,    nan,    nan,    nan,    nan,    nan,    nan,    nan,    nan,    nan,    nan,    nan
20210727, 0600,  , TD, 31.3N, 119.0E,  25,  985,    0,    0,    0,    0,    0,    0,    0,    0,    0,    0,    0,    0, -999,    nan,    nan,    nan,    nan,    nan,    nan,    nan,    nan,    nan,    nan,    nan,    nan,    nan,    nan,    nan,    nan,    nan,    nan,    nan,    nan,    nan,    nan,    nan,    nan,    nan,    nan,    nan,    nan,    nan,    nan,    nan
20210727, 1200,  , TD, 31.6N, 118.9E,  25,  985,    0,    0,    0,    0,    0,    0,    0,    0,    0,    0,    0,    0, -999,    nan,    nan,    nan,    nan,    nan,    nan,    nan,    nan,    nan,    nan,    nan,    nan,    nan,    nan,    nan,    nan,    nan,    nan,    nan,    nan,    nan,    nan,    nan,    nan,    nan,    nan,    nan,    nan,    nan,    nan,    nan
20210727, 1800,  , TD, 32.0N, 118.6E,  25,  985,    0,    0,    0,    0,    0,    0,    0,    0,    0,    0,    0,    0, -999,    nan,    nan,    nan,    nan,    nan,    nan,    nan,    nan,    nan,    nan,    nan,    nan,    nan,    nan,    nan,    nan,    nan,    nan,    nan,    nan,    nan,    nan,    nan,    nan,    nan,    nan,    nan,    nan,    nan,    nan,    nan
20210728, 0000,  , TD, 32.7N, 117.8E,  25,  985,    0,    0,    0,    0,    0,    0,    0,    0,    0,    0,    0,    0, -999,    nan,    nan,    nan,    nan,    nan,    nan,    nan,    nan,    nan,    nan,    nan,    nan,    nan,    nan,    nan,    nan,    nan,    nan,    nan,    nan,    nan,    nan,    nan,    nan,    nan,    nan,    nan,    nan,    nan,    nan,    nan
20210728, 0600,  , DB, 33.3N, 117.5E,  20,  988,    0,    0,    0,    0,    0,    0,    0,    0,    0,    0,    0,    0, -999,    nan,    nan,    nan,    nan,    nan,    nan,    nan,    nan,    nan,    nan,    nan,    nan,    nan,    nan,    nan,    nan,    nan,    nan,    nan,    nan,    nan,    nan,    nan,    nan,    nan,    nan,    nan,    nan,    nan,    nan,    nan
20210728, 1200,  , DB, 33.5N, 117.2E,  20,  989,    0,    0,    0,    0,    0,    0,    0,    0,    0,    0,    0,    0, -999,    nan,    nan,    nan,    nan,    nan,    nan,    nan,    nan,    nan,    nan,    nan,    nan,    nan,    nan,    nan,    nan,    nan,    nan,    nan,    nan,    nan,    nan,    nan,    nan,    nan,    nan,    nan,    nan,    nan,    nan,    nan
20210728, 1800,  , DB, 34.2N, 116.8E,  20,  988,    0,    0,    0,    0,    0,    0,    0,    0,    0,    0,    0,    0, -999,    nan,    nan,    nan,    nan,    nan,    nan,    nan,    nan,    nan,    nan,    nan,    nan,    nan,    nan,    nan,    nan,    nan,    nan,    nan,    nan,    nan,    nan,    nan,    nan,    nan,    nan,    nan,    nan,    nan,    nan,    nan
20210729, 0000,  , DB, 35.1N, 117.0E,  20,  988,    0,    0,    0,    0,    0,    0,    0,    0,    0,    0,    0,    0, -999,    nan,    nan,    nan,    nan,    nan,    nan,    nan,    nan,    nan,    nan,    nan,    nan,    nan,    nan,    nan,    nan,    nan,    nan,    nan,    nan,    nan,    nan,    nan,    nan,    nan,    nan,    nan,    nan,    nan,    nan,    nan
20210729, 0600,  , DB, 35.8N, 117.2E,  20,  990,    0,    0,    0,    0,    0,    0,    0,    0,    0,    0,    0,    0, -999,    nan,    nan,    nan,    nan,    nan,    nan,    nan,    nan,    nan,    nan,    nan,    nan,    nan,    nan,    nan,    nan,    nan,    nan,    nan,    nan,    nan,    nan,    nan,    nan,    nan,    nan,    nan,    nan,    nan,    nan,    nan
20210729, 1200,  , DB, 36.6N, 117.5E,  15,  992,    0,    0,    0,    0,    0,    0,    0,    0,    0,    0,    0,    0, -999,    nan,    nan,    nan,    nan,    nan,    nan,    nan,    nan,    nan,    nan,    nan,    nan,    nan,    nan,    nan,    nan,    nan,    nan,    nan,    nan,    nan,    nan,    nan,    nan,    nan,    nan,    nan,    nan,    nan,    nan,    nan
20210729, 1800,  , DB, 37.4N, 117.9E,  15,  992,    0,    0,    0,    0,    0,    0,    0,    0,    0,    0,    0,    0, -999,    nan,    nan,    nan,    nan,    nan,    nan,    nan,    nan,    nan,    nan,    nan,    nan,    nan,    nan,    nan,    nan,    nan,    nan,    nan,    nan,    nan,    nan,    nan,    nan,    nan,    nan,    nan,    nan,    nan,    nan,    nan
20210730, 0000,  , DB, 39.1N, 119.5E,  15,  992,    0,    0,    0,    0,    0,    0,    0,    0,    0,    0,    0,    0, -999,  23.95,  24.04,  23.85,  24.07,  24.30,  24.93,  25.57,  26.07,  25.99,  26.58,  27.46,  28.00,  27.87,  27.56,  27.75,  26.94,  26.90,  26.99,  26.57,  26.46,  26.41,  26.32,  26.15,  26.34,  26.49,  26.72,  26.62,  26.44,  26.20,  25.94,  25.80
