WP142009,            MUJIGAE,     17,
20090908, 0600,  , DB, 16.3N, 118.0E,  20, 1007,    0,    0,    0,    0,    0,    0,    0,    0,    0,    0,    0,    0, -999,  30.08,  29.90,  30.34,  30.33,  30.12,  30.08,  30.51,  30.43,  30.88,  30.96,  30.80,  30.93,  30.38,  30.70,  30.16,  29.74,  29.85,  28.71,  28.51,  28.74,  29.02,  29.59,  29.74,  29.45,  29.72,  29.07,  29.47,  29.88,  29.93,  29.21,  29.95
20090908, 1200,  , DB, 16.2N, 118.4E,  20, 1007,    0,    0,    0,    0,    0,    0,    0,    0,    0,    0,    0,    0, -999,  30.40,  29.84,  30.07,  30.09,  30.29,  30.29,  30.27,  30.96,  31.26,  31.18,  31.10,  31.08,  30.57,  30.77,  30.16,  30.08,  29.74,  27.95,  28.68,  28.74,  28.66,  29.14,  29.36,  29.45,  29.63,  29.42,  29.67,  30.01,  29.90,  29.54,  29.94
20090908, 1800,  , TD, 16.4N, 118.9E,  25, 1004,    0,    0,    0,    0,    0,    0,    0,    0,    0,    0,    0,    0, -999,  30.04,  29.41,  29.76,  29.95,  30.00,  30.31,  30.28,  30.64,  30.89,  30.95,  30.88,  30.39,  29.59,  30.21,  30.17,  30.27,  30.10,  28.43,  28.16,  28.24,  28.22,  28.90,  29.21,  29.34,  29.59,  29.54,  29.72,  29.76,  29.44,  29.29,  29.64
20090909, 0000,  , TD, 17.1N, 119.0E,  25, 1004,    0,    0,    0,    0,    0,    0,    0,    0,    0,    0,    0,    0, -999,  29.89,  30.38,  30.39,  30.03,  30.51,  30.27,  30.22,  30.46,  30.01,  30.04,  30.20,  29.96,  30.11,  30.37,  29.81,  29.41,  28.74,  28.11,  27.79,  27.89,  28.19,  28.48,  29.04,  28.93,  29.20,  29.44,  29.52,  29.17,  29.05,  29.21,  29.07
20090909, 0600,  , TD, 17.9N, 118.5E,  25,  999,    0,    0,    0,    0,    0,    0,    0,    0,    0,    0,    0,    0, -999,  30.10,  30.36,  30.16,  30.01,  30.79,  30.49,  30.50,  30.22,  29.75,  29.84,  30.23,  30.60,  30.61,  30.54,  29.45,  28.64,  28.35,  27.73,  28.52,  28.66,  27.76,  27.97,  28.73,  29.06,  29.16,  29.17,  29.47,  29.26,  28.35,  28.17,  28.36
20090909, 1200,  , TD, 18.3N, 117.5E,  30,  998,    0,    0,    0,    0,    0,    0,    0,    0,    0,    0,    0,    0, -999,  30.18,  30.23,  30.15,  30.01,  30.31,  30.28,  30.25,  29.69,  28.98,  30.08,  30.15,  30.33,  30.03,  30.22,  29.17,  28.85,  28.57,  28.73,  29.72,  28.45,  28.64,  28.88,  29.20,  29.79,  29.52,  29.32,  29.26,  29.47,  28.73,  29.24,  29.57
20090909, 1800,  , TD, 18.7N, 116.1E,  30, 1000,    0,    0,    0,    0,    0,    0,    0,    0,    0,    0,    0,    0, -999,  29.67,  29.53,  29.79,  29.83,  30.19,  30.03,  29.98,  29.55,  29.07,  28.91,  28.61,  28.93,  29.41,  29.51,  29.25,  28.74,  28.50,  28.60,  28.83,  28.99,  28.23,  28.44,  28.59,  29.07,  29.24,  29.20,  29.32,  29.35,  28.95,  28.97,  28.88
20090910, 0000,  , TD, 19.1N, 114.9E,  30, 1000,    0,    0,    0,    0,    0,    0,    0,    0,    0,    0,    0,    0, -999,  29.70,  30.37,  30.49,  30.55,  30.34,  30.38,  30.45,  29.27,  29.12,  28.52,  28.86,  29.21,  29.55,  29.39,  28.99,  28.65,  28.50,  28.94,  29.23,  28.50,  28.21,  28.40,  28.99,  29.51,  29.69,  29.52,  29.32,  29.18,  28.91,  28.95,  28.84
20090910, 0600,  , TD, 19.3N, 113.7E,  30, 1000,    0,    0,    0,    0,    0,    0,    0,    0,    0,    0,    0,    0, -999,  30.03,  29.91,  30.12,  30.20,  30.30,  30.47,  30.26,  30.03,  29.73,  29.40,  29.32,  29.59,  29.40,  29.51,  29.31,  28.80,  28.30,  28.61,  28.92,  28.86,  28.54,  28.50,  28.51,  28.54,  29.45,  29.59,  29.80,  29.60,  29.05,  29.06,  29.06
20090910, 1200,  , TD, 19.5N, 112.7E,  30,  998,    0,    0,    0,    0,    0,    0,    0,    0,    0,    0,    0,    0, -999,  29.62,  29.94,  29.36,  29.22,  29.26,  29.51,  29.26,  29.07,  28.81,  28.65,  29.12,  29.58,  29.45,  29.54,  29.62,  29.35,  29.26,  28.98,  29.04,  28.77,  28.32,  28.45,  28.31,  28.09,  28.99,  29.42,  29.46,  29.46,  28.80,  28.72,  28.76
20090910, 1800,  , TD, 19.5N, 111.4E,  30, 1000,    0,    0,    0,    0,    0,    0,    0,    0,    0,    0,    0,    0, -999,  30.30,  29.42,  29.17,  29.01,  29.33,  29.69,  29.62,  29.59,  29.91,  29.82,  30.11,  29.67,  29.16,  29.34,  29.55,  29.33,  29.04,  28.93,  29.34,  29.13,  29.01,  28.83,  29.41,  29.28,  29.79,  30.04,  29.91,  30.20,  28.68,  28.38,  28.53
20090911, 0000,  , TD, 19.7N, 110.0E,  30, 1000,    0,    0,    0,    0,    0,    0,    0,    0,    0,    0,    0,    0, -999,    nan,    nan,    nan,    nan,    nan,    nan,    nan,    nan,    nan,    nan,    nan,    nan,    nan,    nan,    nan,    nan,    nan,    nan,    nan,    nan,    nan,    nan,    nan,    nan,    nan,    nan,    nan,    nan,    nan,    nan,    nan
20090911, 0600,  , TD, 19.9N, 108.5E,  30, 1000,    0,    0,    0,    0,    0,    0,    0,    0,    0,    0,    0,    0, -999,  30.28,  30.33,  30.41,  30.76,  30.51,  30.41,  30.27,  30.24,  30.25,  30.25,  30.00,  29.72,  29.91,  30.03,  30.02,  29.93,  29.98,  30.01,  29.98,  29.81,  29.77,  29.73,  29.83,  29.77,  29.69,  29.62,  29.46,  29.42,  29.32,  29.31,  29.33
20090911, 1200,  , TD, 19.8N, 107.8E,  30, 1000,    0,    0,    0,    0,    0,    0,    0,    0,    0,    0,    0,    0, -999,  30.44,  30.23,  30.25,  30.81,  30.76,  30.45,  30.43,  30.45,  30.49,  30.47,  30.15,  29.90,  29.98,  30.24,  30.28,  30.29,  30.16,  30.19,  30.13,  29.87,  29.88,  29.81,  29.97,  29.90,  29.89,  29.94,  29.91,  29.89,  29.77,  29.72,  29.68
20090911, 1800,  , TD, 19.8N, 106.9E,  25, 1004,    0,    0,    0,    0,    0,    0,    0,    0,    0,    0,    0,    0, -999,  30.37,  30.34,  30.36,  30.67,  30.68,  30.56,  30.63,  30.66,  30.57,  30.61,  30.15,  30.14,  30.26,  30.37,  30.48,  30.50,  30.58,  30.68,  30.57,  30.00,  30.06,  29.98,  30.01,  30.16,  30.25,  30.57,  30.42,  30.34,  29.94,  29.99,  30.00
20090912, 0000,  , TD, 19.8N, 106.3E,  25, 1004,    0,    0,    0,    0,    0,    0,    0,    0,    0,    0,    0,    0, -999,  31.24,  31.25,  31.43,  31.58,  31.50,  31.48,  31.49,  31.46,  31.44,  30.64,  30.55,  30.63,  30.73,  30.89,  30.93,  30.91,  31.01,  30.99,  30.09,  30.16,  30.11,  30.20,  30.44,  30.68,  31.01,  30.93,  30.75,  30.21,  30.02,  29.96,  29.81
20090912, 0600,  , TD, 20.1N, 105.8E,  25, 1004,    0,    0,    0,    0,    0,    0,    0,    0,    0,    0,    0,    0, -999,    nan,    nan,    nan,    nan,    nan,    nan,    nan,    nan,    nan,    nan,    nan,    nan,    nan,    nan,    nan,    nan,    nan,    nan,    nan,    nan,    nan,    nan,    nan,    nan,    nan,    nan,    nan,    nan,    nan,    nan,    nan
