WP142004,            UNNAMED,     27,
20040802, 1800,  , DB, 15.8N, 165.8E,  20, 1004,    0,    0,    0,    0,    0,    0,    0,    0,    0,    0,    0,    0, -999,  29.13,  29.03,  29.04,  28.88,  28.77,  28.90,  29.02,  29.02,  29.06,  29.08,  29.05,  28.93,  28.76,  28.66,  28.74,  28.74,  28.79,  28.64,  28.91,  29.37,  29.34,  29.37,  29.29,  29.24,  29.15,  29.31,  29.32,  29.21,  29.34,  29.30,  29.39
20040803, 0000,  , TD, 16.7N, 166.1E,  25, 1002,    0,    0,    0,    0,    0,    0,    0,    0,    0,    0,    0,    0, -999,  28.83,  28.89,  28.83,  28.95,  28.91,  28.95,  28.88,  28.96,  28.91,  28.85,  28.82,  28.66,  28.69,  28.74,  28.75,  28.77,  28.28,  28.25,  28.95,  29.14,  29.33,  29.21,  29.13,  29.14,  29.36,  29.41,  29.29,  29.19,  29.09,  29.19,  29.02
20040803, 0600,  , TD, 17.6N, 166.4E,  25, 1002,    0,    0,    0,    0,    0,    0,    0,    0,    0,    0,    0,    0, -999,  29.12,  29.19,  29.12,  29.12,  29.03,  29.02,  28.97,  29.06,  28.94,  28.87,  28.80,  28.65,  28.64,  28.58,  28.58,  28.61,  28.39,  28.31,  29.17,  29.23,  29.55,  29.41,  29.31,  29.32,  29.37,  29.42,  29.49,  29.38,  29.26,  29.25,  29.24
20040803, 1200,  , TD, 18.5N, 166.5E,  25, 1002,    0,    0,    0,    0,    0,    0,    0,    0,    0,    0,    0,    0, -999,  29.21,  29.28,  29.07,  29.13,  29.06,  29.12,  28.86,  28.79,  28.77,  28.73,  28.65,  28.55,  28.58,  28.51,  28.36,  28.40,  28.33,  28.12,  29.32,  29.48,  29.38,  29.35,  28.84,  28.86,  29.04,  29.05,  28.90,  28.94,  29.10,  29.29,  29.41
20040803, 1800,  , TD, 19.4N, 166.2E,  30, 1000,    0,    0,    0,    0,    0,    0,    0,    0,    0,    0,    0,    0, -999,  29.08,  28.92,  28.98,  29.02,  29.14,  29.25,  29.10,  28.85,  28.80,  28.79,  28.81,  28.77,  28.81,  28.84,  28.74,  28.78,  28.69,  28.43,  29.09,  29.40,  28.95,  29.16,  29.11,  29.02,  28.86,  29.00,  29.04,  28.95,  28.66,  28.75,  28.79
20040804, 0000,  , TS, 20.6N, 166.0E,  35,  997,    0,    0,    0,    0,    0,    0,    0,    0,    0,    0,    0,    0, -999,  29.00,  28.98,  28.98,  29.21,  29.21,  29.21,  29.05,  28.91,  28.90,  28.91,  28.85,  28.76,  28.72,  28.61,  28.62,  28.63,  28.44,  28.62,  28.95,  29.17,  29.11,  29.06,  29.01,  28.80,  29.34,  29.23,  29.27,  28.91,  28.98,  29.13,  29.13
20040804, 0600,  , TS, 21.9N, 165.8E,  35,  997,    0,    0,    0,    0,    0,    0,    0,    0,    0,    0,    0,    0, -999,  29.18,  29.01,  28.98,  28.96,  28.93,  28.96,  28.87,  28.85,  28.75,  28.71,  28.70,  28.80,  28.77,  28.76,  28.59,  28.48,  28.52,  28.71,  28.90,  29.10,  28.86,  28.72,  28.56,  28.80,  29.71,  29.67,  29.66,  29.74,  29.66,  29.80,  29.79
20040804, 1200,  , TS, 23.2N, 165.5E,  35,  997,    0,    0,    0,    0,    0,    0,    0,    0,    0,    0,    0,    0, -999,  29.87,  29.57,  29.55,  29.52,  29.42,  29.40,  29.36,  29.03,  28.72,  28.72,  28.87,  29.00,  28.72,  28.68,  28.65,  28.59,  28.30,  28.45,  28.20,  27.96,  27.38,  27.49,  27.55,  27.70,  28.32,  28.95,  29.08,  29.30,  29.23,  28.96,  28.87
20040804, 1800,  , TS, 24.4N, 165.5E,  35,  997,    0,    0,    0,    0,    0,    0,    0,    0,    0,    0,    0,    0, -999,  29.73,  29.61,  29.63,  29.56,  29.44,  29.23,  29.11,  29.14,  29.05,  28.92,  28.80,  28.79,  28.82,  28.80,  28.97,  28.94,  28.97,  27.93,  27.87,  27.82,  27.59,  27.28,  27.48,  27.30,  27.87,  28.89,  28.72,  29.12,  29.16,  29.38,  29.43
20040805, 0000,  , TS, 25.5N, 165.8E,  45,  991,   50,   50,   50,   50,    0,    0,    0,    0,    0,    0,    0,    0, -999,  28.89,  28.99,  28.83,  28.81,  28.48,  28.34,  28.34,  28.16,  27.55,  27.29,  27.36,  27.87,  27.96,  28.25,  28.12,  27.11,  25.56,  26.95,  26.77,  26.49,  26.21,  25.98,  26.00,  26.79,  26.82,  27.03,  28.09,  28.51,  28.82,  29.20,  29.18
20040805, 0600,  , TS, 26.3N, 166.3E,  55,  984,   60,   50,   50,   60,   15,   15,   15,   15,    0,    0,    0,    0, -999,  28.60,  28.81,  28.70,  28.73,  28.52,  28.34,  28.16,  28.07,  27.70,  27.46,  27.57,  27.89,  28.20,  28.68,  28.46,  27.59,  25.90,  27.18,  26.78,  25.86,  25.67,  25.78,  26.39,  27.52,  28.09,  28.16,  28.44,  28.79,  29.28,  29.56,  29.89
20040805, 1200,  , HU, 27.1N, 166.8E,  70,  972,   70,   55,   55,   70,   20,   15,   20,   15,   15,   10,   15,   10, -999,  28.67,  28.93,  28.97,  29.02,  28.91,  28.73,  28.76,  28.68,  28.52,  28.56,  28.62,  28.91,  29.04,  29.41,  28.88,  28.84,  28.19,  28.06,  27.92,  27.47,  27.05,  26.83,  26.98,  27.15,  27.25,  27.19,  27.71,  28.33,  28.77,  28.79,  28.73
20040805, 1800,  , HU, 27.9N, 167.5E,  90,  954,   90,   80,   80,   90,   30,   30,   30,   30,   20,   20,   20,   20, -999,  28.60,  28.50,  28.54,  28.64,  28.64,  28.58,  28.54,  28.35,  28.22,  28.29,  28.35,  28.42,  28.41,  29.10,  28.77,  28.58,  28.34,  26.32,  25.80,  26.50,  26.67,  27.02,  26.99,  26.98,  27.06,  27.30,  27.07,  27.61,  28.42,  28.83,  28.47
20040806, 0000,  , HU, 28.7N, 168.1E,  90,  954,  100,  100,   75,  100,   40,   40,   40,   40,   20,   20,   20,   20, -999,  27.70,  27.80,  27.87,  27.90,  28.16,  28.30,  27.78,  27.67,  27.83,  27.91,  28.09,  28.45,  28.82,  28.94,  28.75,  27.93,  26.20,  25.79,  25.78,  24.64,  24.86,  25.31,  26.08,  26.29,  26.61,  26.55,  27.43,  28.26,  28.02,  27.59,  27.72
20040806, 0600,  , HU, 29.5N, 168.8E,  90,  954,  100,  100,   75,  100,   40,   40,   40,   40,   20,   20,   20,   20, -999,  27.69,  27.82,  27.84,  28.05,  28.38,  28.36,  27.99,  27.75,  27.62,  27.95,  28.41,  28.99,  29.02,  29.04,  28.53,  27.70,  26.51,  26.69,  26.57,  25.53,  25.25,  24.81,  25.12,  25.20,  25.86,  26.07,  27.20,  27.81,  27.27,  26.94,  26.88
20040806, 1200,  , HU, 30.3N, 169.5E,  90,  954,  100,  100,   75,  100,   40,   40,   40,   40,   20,   20,   20,   20, -999,  26.67,  26.41,  27.15,  27.49,  28.37,  28.01,  28.00,  27.71,  27.71,  28.47,  29.13,  29.17,  29.66,  29.12,  28.58,  28.12,  27.50,  27.33,  27.21,  26.71,  27.17,  27.10,  25.95,  26.27,  27.21,  27.03,  26.84,  27.02,  26.72,  26.54,  26.27
20040806, 1800,  , HU, 31.2N, 170.2E,  65,  976,  100,  100,   70,   70,   35,   35,   35,   35,    0,    0,    0,    0, -999,  26.68,  26.87,  27.04,  27.15,  27.21,  26.72,  26.67,  26.89,  26.99,  27.70,  27.66,  27.82,  28.12,  27.61,  27.72,  26.82,  26.42,  25.59,  25.66,  25.06,  25.53,  25.46,  25.43,  25.65,  26.20,  26.40,  26.73,  26.52,  26.36,  25.47,  25.59
20040807, 0000,  , TS, 32.1N, 171.0E,  60,  980,  100,  100,   70,   70,   25,   25,   25,   25,    0,    0,    0,    0, -999,  26.32,  26.77,  26.70,  27.29,  27.12,  27.40,  28.08,  28.35,  28.46,  27.64,  27.05,  27.04,  27.09,  27.25,  26.69,  26.65,  26.00,  25.55,  25.88,  26.02,  25.32,  24.98,  25.14,  25.69,  25.92,  26.12,  25.80,  26.23,  25.50,  25.30,  25.23
20040807, 0600,  , TS, 32.9N, 171.7E,  55,  984,   80,   80,   60,   60,   15,   15,   15,   15,    0,    0,    0,    0, -999,  26.73,  26.84,  26.72,  27.02,  27.19,  28.19,  28.71,  27.66,  28.02,  26.85,  27.03,  27.12,  26.66,  26.39,  26.42,  25.20,  24.86,  25.36,  25.33,  24.99,  24.87,  24.81,  24.69,  25.02,  25.91,  26.65,  25.91,  25.78,  24.86,  24.71,  25.15
20040807, 1200,  , TS, 34.0N, 172.0E,  55,  984,  100,   80,   80,   80,    0,    0,    0,    0,    0,    0,    0,    0, -999,  26.04,  26.98,  27.31,  27.62,  27.72,  28.61,  27.71,  27.30,  27.96,  27.11,  26.86,  26.30,  25.94,  25.82,  25.77,  25.52,  25.16,  24.77,  24.95,  24.89,  25.09,  24.66,  23.85,  24.36,  25.18,  25.34,  24.92,  24.65,  23.97,  23.75,  23.73
20040807, 1800,  , TS, 34.9N, 171.4E,  45,  991,  100,   80,   80,   80,    0,    0,    0,    0,    0,    0,    0,    0, -999,  26.23,  26.71,  27.72,  27.61,  28.03,  28.11,  27.48,  26.56,  26.86,  26.10,  25.78,  25.73,  25.72,  25.71,  25.88,  25.53,  25.35,  24.35,  24.07,  24.02,  23.94,  24.63,  24.10,  24.67,  25.23,  24.70,  24.18,  24.07,  23.32,  23.31,  23.35
20040808, 0000,  , TS, 35.9N, 171.6E,  45,  991,  100,   80,   80,   80,    0,    0,    0,    0,    0,    0,    0,    0, -999,  24.96,  25.54,  26.61,  27.45,  26.53,  26.26,  26.16,  25.68,  25.53,  25.25,  24.56,  24.73,  24.98,  24.91,  24.81,  24.64,  24.30,  23.95,  23.99,  23.06,  23.51,  22.95,  23.74,  23.78,  23.77,  23.90,  23.55,  22.68,  22.59,  22.46,  22.53
20040808, 0600,  , TS, 37.1N, 171.7E,  35,  997,   60,   80,   60,   60,    0,    0,    0,    0,    0,    0,    0,    0, -999,  24.22,  24.31,  24.62,  24.89,  25.11,  24.99,  25.05,  24.52,  24.06,  24.17,  24.28,  23.95,  23.41,  23.14,  23.17,  22.91,  22.67,  22.54,  22.27,  22.14,  22.54,  22.61,  23.09,  22.72,  22.80,  22.58,  22.59,  21.37,  21.48,  20.95,  20.97
20040808, 1200,  , TS, 37.8N, 172.1E,  35,  997,   60,   80,   60,   60,    0,    0,    0,    0,    0,    0,    0,    0, -999,  23.27,  24.20,  24.46,  24.95,  24.96,  25.28,  25.06,  24.46,  24.38,  24.30,  24.95,  23.83,  23.67,  23.53,  23.33,  23.16,  23.27,  22.91,  22.14,  21.81,  22.39,  22.58,  23.16,  22.63,  22.46,  22.49,  22.77,  21.75,  21.13,  20.59,  20.12
20040808, 1800,  , TD, 38.4N, 172.7E,  25, 1002,    0,    0,    0,    0,    0,    0,    0,    0,    0,    0,    0,    0, -999,  22.18,  22.78,  22.89,  23.35,  23.25,  23.14,  23.48,  22.17,  23.46,  24.13,  24.00,  23.62,  21.71,  22.30,  22.77,  22.71,  23.23,  21.79,  20.13,  20.53,  20.32,  20.94,  22.31,  21.41,  21.51,  22.14,  21.93,  20.38,  18.88,  18.18,  18.67
20040809, 0000,  , TD, 39.2N, 172.6E,  25, 1002,    0,    0,    0,    0,    0,    0,    0,    0,    0,    0,    0,    0, -999,  20.61,  21.01,  21.33,  20.70,  20.62,  20.60,  20.27,  20.44,  20.22,  19.99,  20.71,  20.69,  21.49,  23.83,  22.85,  21.51,  18.26,  18.25,  18.05,  18.59,  19.39,  20.07,  20.65,  20.19,  20.03,  19.94,  18.68,  17.18,  16.74,  15.66,  15.49
20040809, 0600,  , DB, 40.0N, 172.6E,  20, 1004,    0,    0,    0,    0,    0,    0,    0,    0,    0,    0,    0,    0, -999,  18.96,  19.52,  19.93,  19.77,  20.16,  19.78,  20.00,  20.15,  20.10,  20.01,  20.12,  19.90,  19.70,  20.23,  19.87,  19.96,  19.88,  18.85,  18.76,  19.03,  19.32,  19.92,  19.39,  19.36,  19.15,  18.95,  17.36,  15.94,  15.58,  14.75,  15.12
