WP171988,            UNNAMED,     14,
19880918, 1800,  , LO, 14.6N, 126.2E,  25,    0,    0,    0,    0,    0,    0,    0,    0,    0,    0,    0,    0,    0, -999,  29.71,  29.69,  29.64,  29.90,  29.82,  29.84,  30.00,  30.00,  28.96,  29.33,  29.64,  29.57,  29.19,  29.08,  28.92,  28.84,  28.77,  28.72,  28.68,  28.50,  30.12,  30.36,  30.30,  29.93,  29.96,  30.29,  30.38,  30.34,  29.53,  29.36,  29.24
19880919, 0000,  , LO, 15.7N, 125.3E,  25,    0,    0,    0,    0,    0,    0,    0,    0,    0,    0,    0,    0,    0, -999,  29.56,  29.83,  30.02,  30.20,  30.01,  29.97,  29.98,  29.66,  29.56,  29.68,  30.03,  30.02,  30.41,  30.32,  28.89,  28.72,  28.72,  28.72,  28.69,  28.98,  29.21,  29.68,  29.96,  30.15,  30.19,  30.05,  29.83,  29.25,  29.20,  28.96,  28.93
19880919, 0600,  , LO, 16.7N, 124.2E,  30,    0,    0,    0,    0,    0,    0,    0,    0,    0,    0,    0,    0,    0, -999,  29.63,  30.34,  30.54,  30.18,  29.94,  29.55,  29.51,  29.96,  29.47,  29.64,  30.26,  30.19,  30.18,  30.30,  30.33,  30.15,  29.97,  29.95,  29.93,  29.85,  29.88,  29.54,  29.67,  29.82,  29.97,  30.03,  29.80,  29.37,  29.25,  29.61,  29.78
19880919, 1200,  , LO, 17.5N, 122.9E,  30,    0,    0,    0,    0,    0,    0,    0,    0,    0,    0,    0,    0,    0, -999,  30.38,  30.56,  30.37,  30.45,  30.39,  30.38,  30.49,  30.48,  30.33,  29.99,  30.06,  29.87,  30.01,  30.71,  30.72,  30.53,  30.33,  29.61,  29.08,  28.94,  28.97,  29.07,  29.13,  29.18,  29.20,  29.96,  30.26,  29.77,  29.41,  29.44,  29.53
19880919, 1800,  , TS, 18.0N, 121.8E,  35,    0,    0,    0,    0,    0,    0,    0,    0,    0,    0,    0,    0,    0, -999,    nan,    nan,    nan,    nan,    nan,    nan,    nan,    nan,    nan,    nan,    nan,    nan,    nan,    nan,    nan,    nan,    nan,    nan,    nan,    nan,    nan,    nan,    nan,    nan,    nan,    nan,    nan,    nan,    nan,    nan,    nan
19880920, 0000,  , TS, 18.3N, 120.8E,  35,    0,    0,    0,    0,    0,    0,    0,    0,    0,    0,    0,    0,    0, -999,    nan,    nan,    nan,    nan,    nan,    nan,    nan,    nan,    nan,    nan,    nan,    nan,    nan,    nan,    nan,    nan,    nan,    nan,    nan,    nan,    nan,    nan,    nan,    nan,    nan,    nan,    nan,    nan,    nan,    nan,    nan
19880920, 0600,  , TS, 18.7N, 119.8E,  35,    0,    0,    0,    0,    0,    0,    0,    0,    0,    0,    0,    0,    0, -999,  30.10,  30.32,  30.35,  30.82,  30.06,  30.06,  30.43,  30.79,  30.78,  30.52,  30.09,  29.96,  29.99,  30.01,  30.05,  29.73,  29.20,  29.47,  29.41,  29.61,  29.59,  29.54,  29.48,  29.36,  28.52,  29.10,  29.21,  29.58,  29.72,  29.71,  29.62
19880920, 1200,  , TS, 19.3N, 119.1E,  40,    0,    0,    0,    0,    0,    0,    0,    0,    0,    0,    0,    0,    0, -999,  30.12,  30.28,  30.25,  30.16,  29.52,  29.53,  29.84,  30.14,  30.09,  30.04,  29.96,  29.91,  30.43,  30.25,  29.95,  29.65,  29.00,  28.56,  28.37,  29.39,  29.68,  29.81,  29.68,  29.46,  28.56,  28.86,  29.34,  29.44,  28.98,  28.96,  28.91
19880920, 1800,  , TS, 19.8N, 118.5E,  45,    0,    0,    0,    0,    0,    0,    0,    0,    0,    0,    0,    0,    0, -999,  29.64,  29.80,  29.80,  29.57,  29.01,  29.05,  29.41,  29.84,  29.61,  29.32,  29.19,  29.21,  30.45,  30.29,  29.86,  29.48,  29.00,  28.28,  28.01,  28.97,  29.13,  29.20,  29.13,  28.89,  28.27,  28.44,  29.27,  29.76,  28.83,  28.69,  28.62
19880921, 0000,  , TS, 20.4N, 118.0E,  50,    0,    0,    0,    0,    0,    0,    0,    0,    0,    0,    0,    0,    0, -999,  29.50,  29.50,  29.37,  29.04,  28.99,  29.04,  29.32,  29.18,  29.02,  29.18,  29.25,  30.53,  30.69,  30.46,  30.45,  30.04,  28.88,  28.66,  28.87,  28.63,  28.54,  28.56,  28.42,  27.92,  27.81,  28.63,  28.13,  27.42,  27.22,  27.14,  27.38
19880921, 0600,  , TS, 20.8N, 117.5E,  55,    0,    0,    0,    0,    0,    0,    0,    0,    0,    0,    0,    0,    0, -999,  29.28,  29.30,  29.25,  29.13,  29.04,  29.27,  29.57,  29.52,  29.37,  29.45,  29.48,  29.42,  29.69,  29.46,  29.46,  29.18,  28.26,  28.06,  28.16,  27.78,  28.16,  28.26,  28.25,  27.80,  27.37,  27.96,  27.36,  26.79,  26.69,  26.48,  26.80
19880921, 1200,  , TS, 21.4N, 117.0E,  60,    0,    0,    0,    0,    0,    0,    0,    0,    0,    0,    0,    0,    0, -999,  28.50,  28.86,  28.82,  28.71,  28.73,  28.85,  29.00,  28.95,  28.87,  29.41,  29.55,  27.77,  27.11,  27.09,  27.45,  27.44,  27.18,  27.17,  27.22,  26.90,  26.86,  26.86,  27.10,  27.02,  26.31,  26.70,  26.45,  26.18,  26.21,  26.17,  25.75
19880921, 1800,  , TS, 22.3N, 116.5E,  55,    0,    0,    0,    0,    0,    0,    0,    0,    0,    0,    0,    0,    0, -999,  27.16,  27.26,  27.68,  28.58,  28.75,  28.93,  28.91,  28.81,  28.39,  28.12,  28.11,  27.44,  27.54,  27.40,  26.46,  26.23,  26.58,  26.60,  26.72,  27.03,  26.56,  26.87,  27.14,  27.19,  27.00,  26.58,  25.94,  25.76,  25.91,  26.24,  25.13
19880922, 0000,  , TS, 23.1N, 116.1E,  45,    0,    0,    0,    0,    0,    0,    0,    0,    0,    0,    0,    0,    0, -999,    nan,    nan,    nan,    nan,    nan,    nan,    nan,    nan,    nan,    nan,    nan,    nan,    nan,    nan,    nan,    nan,    nan,    nan,    nan,    nan,    nan,    nan,    nan,    nan,    nan,    nan,    nan,    nan,    nan,    nan,    nan
