WP182009,           EIGHTEEN,     17,
20090926, 0000,  , DB, 10.4N, 163.0E,  15, 1010,    0,    0,    0,    0,    0,    0,    0,    0,    0,    0,    0,    0, -999,  29.77,  30.06,  30.10,  30.07,  30.02,  30.00,  29.97,  29.91,  29.85,  29.80,  29.76,  29.68,  29.67,  29.71,  29.71,  29.69,  29.51,  29.49,  29.49,  29.50,  29.49,  29.92,  29.70,  29.59,  29.50,  29.40,  29.37,  29.03,  29.11,  29.57,  29.62
20090926, 0600,  , DB, 10.7N, 161.8E,  15, 1010,    0,    0,    0,    0,    0,    0,    0,    0,    0,    0,    0,    0, -999,  29.52,  29.99,  30.01,  29.88,  29.77,  29.76,  29.75,  29.65,  29.89,  29.98,  29.95,  29.78,  29.78,  29.84,  29.87,  29.85,  29.45,  29.13,  29.08,  29.09,  29.10,  29.37,  29.46,  29.52,  29.36,  29.12,  29.03,  28.55,  28.97,  29.36,  29.28
20090926, 1200,  , DB, 10.8N, 160.6E,  20, 1007,    0,    0,    0,    0,    0,    0,    0,    0,    0,    0,    0,    0, -999,  29.56,  29.91,  30.02,  29.77,  29.52,  29.52,  29.51,  29.51,  30.08,  30.17,  30.00,  29.81,  29.77,  29.76,  29.76,  29.74,  29.55,  29.42,  29.34,  29.12,  29.07,  29.08,  29.38,  29.64,  29.86,  29.64,  29.44,  29.16,  29.95,  29.95,  29.59
20090926, 1800,  , DB, 10.4N, 159.5E,  20, 1007,    0,    0,    0,    0,    0,    0,    0,    0,    0,    0,    0,    0, -999,  29.95,  30.14,  30.19,  30.02,  29.56,  29.53,  29.51,  29.50,  29.83,  29.99,  30.15,  30.04,  29.96,  30.11,  30.12,  30.17,  30.00,  29.89,  29.80,  29.54,  29.45,  29.44,  29.49,  29.62,  29.58,  29.46,  29.44,  29.51,  29.75,  29.70,  29.71
20090927, 0000,  , DB, 10.4N, 158.6E,  20, 1007,    0,    0,    0,    0,    0,    0,    0,    0,    0,    0,    0,    0, -999,  30.22,  30.10,  29.40,  28.96,  29.00,  29.03,  28.95,  28.88,  28.84,  29.43,  29.55,  29.64,  29.86,  29.92,  30.07,  30.01,  29.99,  29.97,  29.96,  29.95,  29.92,  29.89,  29.86,  29.69,  29.59,  29.53,  29.48,  29.48,  29.43,  29.46,  29.51
20090927, 0600,  , DB, 10.3N, 157.7E,  20, 1007,    0,    0,    0,    0,    0,    0,    0,    0,    0,    0,    0,    0, -999,  30.25,  30.10,  29.71,  29.40,  29.42,  29.44,  29.24,  29.28,  29.29,  29.95,  30.07,  30.07,  30.04,  30.05,  30.19,  30.16,  30.13,  30.09,  30.06,  30.03,  29.80,  29.65,  29.61,  29.72,  29.68,  29.55,  29.49,  29.43,  29.41,  29.50,  29.48
20090927, 1200,  , TD, 10.3N, 157.0E,  25, 1004,    0,    0,    0,    0,    0,    0,    0,    0,    0,    0,    0,    0, -999,  30.36,  30.22,  30.15,  30.12,  30.08,  30.04,  29.71,  29.65,  29.63,  30.10,  30.19,  30.05,  29.80,  29.73,  29.70,  29.69,  29.70,  29.71,  29.71,  29.71,  29.49,  29.36,  29.34,  29.60,  29.74,  29.95,  30.00,  29.84,  29.74,  29.88,  29.73
20090927, 1800,  , TD, 10.0N, 156.4E,  30, 1000,    0,    0,    0,    0,    0,    0,    0,    0,    0,    0,    0,    0, -999,  30.25,  30.01,  29.89,  29.87,  29.86,  29.84,  29.71,  29.73,  29.74,  30.14,  30.16,  30.01,  29.76,  29.82,  29.88,  29.87,  29.85,  29.83,  29.82,  29.81,  29.62,  29.50,  29.49,  29.67,  29.73,  29.66,  29.56,  29.53,  29.55,  29.75,  29.71
20090928, 0000,  , TD,  9.4N, 155.9E,  30, 1000,    0,    0,    0,    0,    0,    0,    0,    0,    0,    0,    0,    0, -999,  30.18,  29.98,  29.95,  29.94,  29.93,  29.78,  29.80,  29.81,  30.21,  30.17,  30.15,  30.13,  30.07,  30.04,  30.04,  30.02,  29.99,  29.95,  29.93,  29.79,  29.76,  29.76,  29.96,  29.95,  29.85,  29.32,  29.44,  29.45,  29.27,  29.27,  29.30
20090928, 0600,  , TD,  9.1N, 154.9E,  30, 1000,    0,    0,    0,    0,    0,    0,    0,    0,    0,    0,    0,    0, -999,  29.96,  29.96,  29.95,  29.90,  29.89,  29.66,  29.60,  29.62,  29.84,  29.82,  29.83,  29.82,  29.87,  29.92,  29.83,  29.76,  29.73,  29.70,  29.75,  29.58,  29.45,  29.43,  29.82,  29.83,  29.87,  29.23,  29.35,  29.26,  28.71,  28.63,  28.65
20090928, 1200,  , TD,  9.3N, 154.0E,  30, 1000,    0,    0,    0,    0,    0,    0,    0,    0,    0,    0,    0,    0, -999,  30.04,  30.13,  30.08,  30.04,  30.01,  29.79,  29.71,  29.75,  29.70,  29.74,  29.81,  29.81,  29.82,  29.81,  29.81,  29.80,  29.80,  29.79,  29.16,  28.96,  28.95,  28.97,  29.49,  29.48,  29.13,  28.99,  29.54,  29.63,  29.23,  29.22,  29.26
20090928, 1800,  , TD,  9.8N, 153.1E,  30,  999,    0,    0,    0,    0,    0,    0,    0,    0,    0,    0,    0,    0, -999,  29.98,  30.01,  29.98,  29.94,  29.91,  29.87,  29.84,  30.00,  29.81,  29.76,  29.76,  29.76,  29.67,  29.66,  29.66,  29.67,  29.67,  29.66,  29.20,  29.04,  29.05,  29.07,  29.39,  29.39,  29.32,  29.15,  29.53,  29.64,  29.29,  29.20,  29.25
20090929, 0000,  , TD, 10.5N, 151.9E,  30, 1000,    0,    0,    0,    0,    0,    0,    0,    0,    0,    0,    0,    0, -999,  29.05,  29.05,  28.50,  28.41,  28.44,  28.50,  29.56,  29.66,  29.58,  29.63,  29.77,  29.65,  29.67,  29.67,  29.65,  29.63,  29.62,  29.60,  29.58,  29.72,  30.19,  29.71,  29.22,  28.73,  28.74,  29.16,  29.25,  29.21,  29.02,  28.97,  29.04
20090929, 0600,  , TD, 11.4N, 150.5E,  30, 1000,    0,    0,    0,    0,    0,    0,    0,    0,    0,    0,    0,    0, -999,  29.91,  30.08,  28.82,  28.61,  28.60,  28.60,  29.33,  29.63,  29.59,  29.55,  29.52,  29.49,  29.45,  29.40,  29.39,  29.42,  29.40,  29.39,  29.06,  28.81,  28.77,  29.16,  29.03,  28.16,  28.02,  29.19,  29.39,  29.27,  29.25,  29.26,  29.25
20090929, 1200,  , TD, 12.0N, 149.0E,  30, 1000,    0,    0,    0,    0,    0,    0,    0,    0,    0,    0,    0,    0, -999,  29.82,  29.99,  28.93,  28.51,  28.47,  28.52,  28.78,  28.87,  28.92,  29.01,  29.33,  29.22,  29.19,  29.17,  29.37,  29.45,  29.45,  29.45,  29.29,  29.23,  29.09,  28.96,  29.00,  29.29,  29.40,  29.82,  29.24,  29.11,  29.28,  29.36,  29.17
20090929, 1800,  , TD, 12.6N, 147.5E,  30, 1000,    0,    0,    0,    0,    0,    0,    0,    0,    0,    0,    0,    0, -999,  29.78,  29.77,  29.76,  29.72,  29.68,  29.65,  29.24,  29.11,  29.22,  29.24,  29.41,  29.41,  29.38,  29.34,  29.29,  29.30,  29.33,  29.31,  29.27,  29.18,  29.17,  29.19,  28.61,  28.50,  28.56,  29.11,  29.05,  29.04,  29.29,  29.32,  29.33
20090930, 0000,  , DB, 13.1N, 146.0E,  20, 1007,    0,    0,    0,    0,    0,    0,    0,    0,    0,    0,    0,    0, -999,  29.74,  29.72,  29.69,  29.66,  29.63,  29.68,  29.60,  29.75,  29.47,  29.23,  29.55,  29.56,  29.61,  29.55,  29.52,  29.36,  29.25,  29.20,  29.16,  29.23,  29.51,  29.58,  29.42,  29.17,  29.05,  29.08,  29.10,  29.00,  29.10,  29.12,  29.02
