WP202021,           MINDULLE,     41,
20210922, 0600,  , DB, 10.8N, 150.0E,  20, 1007,    0,    0,    0,    0,    0,    0,    0,    0,    0,    0,    0,    0, -999,  29.76,  29.59,  29.61,  29.50,  29.54,  29.53,  29.50,  29.42,  29.68,  29.80,  29.82,  29.83,  29.80,  29.97,  30.27,  30.22,  29.97,  29.84,  29.80,  30.07,  30.15,  30.16,  30.03,  29.83,  29.69,  29.68,  29.57,  29.45,  29.41,  29.69,  30.01
20210922, 1200,  , DB, 11.5N, 148.7E,  20, 1007,    0,    0,    0,    0,    0,    0,    0,    0,    0,    0,    0,    0, -999,  29.87,  29.47,  29.64,  29.58,  29.56,  29.63,  29.49,  29.42,  29.60,  29.64,  29.79,  29.75,  29.63,  29.64,  29.87,  29.92,  29.76,  29.61,  29.65,  29.91,  29.95,  29.99,  29.89,  29.79,  29.75,  29.65,  29.56,  29.53,  29.47,  29.69,  30.12
20210922, 1800,  , TD, 11.9N, 147.7E,  25, 1006,    0,    0,    0,    0,    0,    0,    0,    0,    0,    0,    0,    0, -999,  29.72,  29.35,  29.48,  29.46,  29.49,  29.58,  29.65,  29.57,  29.48,  29.77,  29.83,  29.81,  29.69,  29.70,  29.79,  29.78,  29.82,  29.72,  29.72,  29.82,  29.94,  30.05,  29.93,  29.79,  29.66,  29.57,  29.47,  29.42,  29.33,  29.28,  29.49
20210923, 0000,  , TD, 12.7N, 146.0E,  30, 1007,    0,    0,    0,    0,    0,    0,    0,    0,    0,    0,    0,    0, -999,  29.30,  29.41,  29.59,  29.47,  29.55,  29.46,  29.37,  29.33,  29.47,  29.73,  29.58,  29.67,  29.88,  30.01,  29.87,  29.73,  29.47,  29.37,  29.76,  29.97,  29.95,  29.96,  29.89,  29.79,  29.79,  29.79,  29.70,  29.61,  29.50,  29.52,  29.52
20210923, 0600,  , TD, 13.3N, 144.7E,  30, 1008,    0,    0,    0,    0,    0,    0,    0,    0,    0,    0,    0,    0, -999,  29.02,  29.09,  29.14,  29.10,  29.05,  29.24,  29.30,  29.22,  29.13,  29.60,  29.58,  29.63,  29.75,  29.75,  29.92,  29.88,  29.60,  29.43,  29.62,  29.63,  29.61,  29.64,  29.65,  29.68,  29.71,  29.79,  29.75,  29.73,  29.61,  29.54,  29.49
20210923, 1200,  , TS, 13.9N, 142.8E,  35, 1001,  130,    0,    0,    0,    0,    0,    0,    0,    0,    0,    0,    0, -999,  29.33,  29.16,  29.23,  29.26,  29.21,  29.27,  29.74,  29.62,  29.32,  29.37,  29.79,  29.69,  29.88,  30.09,  29.75,  29.60,  29.61,  29.45,  29.26,  29.27,  29.23,  29.19,  29.22,  29.47,  29.44,  29.37,  29.36,  29.41,  29.29,  29.09,  28.98
20210923, 1800,  , TS, 14.2N, 141.9E,  35, 1001,  135,    0,   50,    0,    0,    0,    0,    0,    0,    0,    0,    0, -999,  29.38,  29.18,  29.16,  29.13,  29.31,  29.31,  29.61,  29.48,  29.36,  29.37,  29.61,  29.68,  29.92,  30.02,  29.76,  29.65,  29.51,  29.17,  29.01,  28.91,  28.87,  29.00,  29.07,  29.41,  29.39,  29.34,  29.34,  29.48,  29.36,  29.20,  29.08
20210924, 0000,  , TS, 14.8N, 141.0E,  40, 1000,  100,   55,    0,  100,    0,    0,    0,    0,    0,    0,    0,    0, -999,  29.21,  29.35,  29.30,  29.72,  29.66,  29.58,  29.51,  29.48,  29.42,  29.63,  29.59,  29.81,  29.91,  29.85,  29.76,  29.48,  29.30,  29.14,  29.20,  29.38,  29.45,  29.42,  29.64,  29.53,  29.32,  29.24,  29.41,  29.27,  29.24,  29.11,  28.98
20210924, 0600,  , TS, 15.4N, 140.1E,  45,  997,  115,   55,   15,  100,    0,    0,    0,    0,    0,    0,    0,    0, -999,  29.22,  29.30,  29.53,  29.99,  30.02,  29.71,  29.61,  29.48,  29.44,  29.61,  29.58,  29.71,  30.01,  29.84,  29.76,  29.63,  29.28,  29.01,  29.43,  29.19,  29.10,  28.97,  29.22,  29.33,  29.10,  29.23,  29.41,  29.19,  29.20,  29.00,  28.94
20210924, 1200,  , TS, 16.1N, 139.3E,  50,  994,  130,   50,   30,  100,   15,    0,    0,   15,    0,    0,    0,    0, -999,  29.17,  29.23,  29.32,  29.73,  29.84,  29.67,  29.70,  29.55,  29.53,  29.56,  29.61,  29.84,  29.98,  29.72,  29.81,  29.71,  29.20,  28.89,  28.99,  28.65,  29.32,  29.31,  29.40,  29.33,  29.04,  29.03,  29.05,  28.97,  28.98,  28.99,  28.77
20210924, 1800,  , HU, 16.7N, 138.5E,  65,  983,  140,   60,   45,  120,   20,   10,   10,   40,   15,    5,    5,   20, -999,  29.22,  29.22,  29.11,  29.41,  29.64,  29.64,  29.64,  29.50,  29.58,  29.64,  29.68,  30.12,  30.10,  30.19,  29.98,  29.73,  29.26,  28.87,  28.98,  28.71,  29.42,  29.41,  29.34,  28.88,  28.70,  28.97,  28.81,  28.74,  28.62,  28.72,  28.42
20210925, 0000,  , HU, 17.1N, 138.1E,  80,  974,  150,   70,   60,  125,   30,   20,   25,   50,   25,   10,   10,   25, -999,  29.38,  29.28,  29.33,  29.51,  29.60,  29.68,  29.61,  29.69,  29.82,  29.88,  30.25,  30.16,  30.35,  29.94,  29.72,  29.22,  28.55,  28.67,  28.47,  29.18,  28.93,  28.92,  28.92,  28.70,  29.17,  29.30,  29.24,  28.96,  28.84,  28.54,  28.51
20210925, 0600,  , HU, 17.6N, 137.7E,  90,  965,  150,  110,   70,  125,   80,   50,   40,   60,   50,   30,   30,   30, -999,  29.22,  29.14,  29.34,  29.52,  29.70,  29.88,  29.84,  29.89,  29.92,  30.10,  30.44,  30.33,  30.34,  29.83,  29.64,  29.10,  28.09,  28.42,  28.22,  28.93,  28.94,  29.17,  29.30,  29.06,  29.48,  29.45,  29.48,  29.20,  29.16,  28.96,  29.02
20210925, 1200,  , HU, 18.1N, 137.4E, 115,  944,  160,  110,   80,  125,   85,   50,   45,   60,   50,   30,   25,   40, -999,  29.27,  29.24,  29.48,  29.56,  29.46,  29.62,  29.73,  29.82,  29.81,  29.89,  30.29,  30.23,  30.18,  29.84,  29.65,  28.96,  27.63,  27.35,  27.53,  28.11,  28.50,  29.18,  29.05,  28.63,  29.06,  29.25,  29.18,  28.96,  29.09,  28.95,  28.99
20210925, 1800,  , HU, 18.4N, 137.1E, 125,  933,  165,  110,   90,  125,   95,   55,   45,   65,   50,   30,   20,   50, -999,  29.20,  29.17,  29.40,  29.42,  29.41,  29.56,  29.82,  29.78,  29.75,  29.77,  30.21,  29.98,  29.89,  29.96,  29.85,  29.26,  27.35,  24.90,  26.56,  26.81,  28.19,  28.48,  28.92,  28.66,  29.14,  29.35,  29.13,  28.67,  28.70,  28.83,  28.90
20210926, 0000,  , HU, 18.6N, 136.8E, 140,  916,  200,  135,  100,  130,  100,   70,   40,   75,   45,   40,   35,   45, -999,  29.24,  29.46,  29.47,  29.49,  29.74,  29.97,  29.81,  29.72,  29.85,  29.83,  29.74,  29.65,  29.61,  29.59,  29.36,  27.65,  24.06,  25.42,  26.48,  27.86,  28.88,  29.37,  28.69,  28.76,  29.08,  29.02,  28.77,  28.75,  28.72,  28.81,  28.56
20210926, 0600,  , HU, 18.8N, 136.7E, 135,  919,  190,  160,  110,  130,   90,   70,   50,   80,   45,   40,   40,   45, -999,  29.30,  29.46,  29.45,  29.49,  29.66,  29.95,  29.87,  29.77,  29.91,  30.08,  29.77,  29.60,  29.55,  29.55,  29.32,  27.80,  23.00,  24.61,  25.39,  27.16,  28.20,  28.83,  28.36,  28.52,  28.85,  28.68,  28.50,  28.51,  28.70,  28.61,  28.39
20210926, 1200,  , HU, 19.0N, 136.7E, 125,  928,  210,  180,  135,  175,   80,   70,   60,   80,   40,   40,   40,   40, -999,  29.39,  29.53,  29.50,  29.50,  29.60,  29.89,  29.82,  29.79,  29.89,  30.12,  29.90,  29.61,  29.57,  29.55,  29.29,  27.39,  22.41,  23.86,  24.55,  26.44,  27.78,  28.57,  28.10,  28.36,  28.69,  28.57,  28.15,  28.35,  28.55,  28.51,  28.32
20210926, 1800,  , HU, 19.4N, 136.7E, 105,  949,  190,  170,  135,  175,  100,   90,   80,  110,   50,   50,   50,   55, -999,  29.52,  29.62,  29.59,  29.59,  29.73,  29.99,  29.86,  29.86,  29.79,  29.92,  30.08,  29.93,  29.84,  29.67,  29.28,  28.21,  21.88,  22.46,  23.66,  25.22,  25.24,  27.58,  27.80,  27.98,  28.34,  28.22,  27.55,  27.74,  28.59,  28.32,  28.17
20210927, 0000,  , HU, 19.6N, 136.7E,  95,  956,  215,  200,  140,  175,  100,   85,   85,  100,   70,   60,   60,   70, -999,  29.62,  29.60,  29.61,  29.79,  30.06,  29.91,  29.92,  29.77,  29.84,  30.11,  30.02,  30.00,  29.84,  29.34,  28.46,  22.34,  22.55,  23.47,  25.68,  25.19,  26.70,  27.41,  28.18,  28.19,  28.24,  27.54,  27.88,  28.61,  28.31,  28.22,  28.06
20210927, 0600,  , HU, 19.9N, 136.6E,  90,  959,  200,  190,  145,  170,   90,   80,   75,   85,   55,   45,   40,   40, -999,  29.58,  29.62,  29.64,  29.73,  30.07,  30.01,  30.04,  29.69,  29.56,  30.00,  30.00,  30.05,  29.99,  29.78,  28.63,  24.66,  22.69,  23.33,  25.57,  25.95,  26.52,  26.33,  27.60,  28.30,  28.45,  28.00,  28.03,  28.29,  28.35,  28.28,  28.10
20210927, 1200,  , HU, 20.2N, 136.4E,  85,  965,  190,  180,  155,  160,   80,   80,   60,   70,   45,   35,   35,   35, -999,  29.39,  29.51,  29.74,  29.78,  30.10,  30.04,  30.00,  29.67,  29.65,  29.83,  29.85,  30.01,  29.94,  29.76,  28.95,  25.33,  22.53,  23.14,  25.21,  25.54,  26.21,  25.74,  27.56,  28.23,  28.14,  27.82,  27.82,  27.95,  27.80,  27.71,  27.70
20210927, 1800,  , HU, 20.5N, 136.3E,  90,  961,  190,  185,  155,  160,   80,   80,   65,   70,   40,   45,   40,   40, -999,  29.34,  29.49,  29.72,  29.70,  30.13,  30.12,  30.03,  29.62,  29.61,  29.80,  29.86,  29.96,  29.91,  29.75,  29.11,  26.43,  22.15,  23.07,  25.41,  25.88,  26.57,  26.58,  27.68,  28.20,  28.42,  28.38,  28.29,  28.40,  27.91,  28.20,  28.14
20210928, 0000,  , HU, 21.0N, 136.2E, 100,  953,  180,  190,  155,  160,   85,   85,   65,   65,   45,   50,   45,   45, -999,  29.52,  29.77,  29.50,  29.96,  30.20,  30.17,  29.65,  29.62,  29.86,  30.00,  30.01,  29.87,  29.74,  29.25,  28.06,  24.59,  22.71,  25.92,  25.69,  26.61,  26.76,  28.06,  28.49,  28.66,  28.47,  28.75,  28.61,  28.48,  28.31,  28.40,  28.60
20210928, 0600,  , HU, 21.6N, 135.8E,  95,  954,  190,  195,  175,  175,  100,  100,   75,   75,   50,   50,   50,   50, -999,  29.58,  29.75,  29.58,  29.79,  30.20,  30.05,  29.71,  29.58,  29.68,  29.94,  29.83,  29.77,  29.65,  29.29,  28.50,  27.76,  22.95,  25.79,  26.41,  26.69,  26.72,  26.93,  27.87,  28.33,  28.59,  28.22,  28.39,  28.64,  28.31,  28.51,  28.58
20210928, 1200,  , HU, 22.0N, 135.4E, 105,  945,  195,  200,  195,  190,  110,  110,   85,   85,   55,   50,   50,   55, -999,  29.72,  29.76,  29.82,  29.88,  30.32,  30.21,  29.73,  29.81,  29.99,  30.34,  30.09,  29.78,  29.56,  29.37,  28.77,  28.01,  24.93,  26.95,  27.10,  26.88,  27.05,  26.83,  26.81,  27.15,  27.69,  28.63,  28.63,  28.62,  28.12,  28.40,  28.56
20210928, 1800,  , HU, 22.7N, 135.4E, 115,  935,  205,  220,  195,  190,  100,  120,   80,   85,   60,   60,   50,   60, -999,  29.52,  29.56,  29.59,  29.86,  30.21,  29.98,  29.56,  29.85,  30.11,  30.40,  30.32,  30.13,  29.93,  29.79,  29.24,  28.78,  23.07,  24.02,  25.92,  27.19,  26.97,  27.19,  27.08,  27.05,  27.00,  27.28,  27.77,  28.59,  27.86,  27.72,  28.13
20210929, 0000,  , HU, 23.4N, 135.4E, 120,  928,  235,  240,  180,  215,  100,  120,   70,   90,   65,   65,   55,   60, -999,  29.51,  29.29,  29.99,  30.37,  30.00,  29.69,  29.89,  30.06,  30.19,  30.15,  30.00,  29.99,  29.87,  29.31,  29.09,  26.98,  23.48,  25.50,  26.38,  26.10,  27.02,  27.44,  27.48,  27.29,  26.93,  27.09,  27.53,  27.05,  27.68,  28.27,  28.01
20210929, 0600,  , HU, 24.2N, 135.3E, 115,  933,  220,  240,  180,  210,  100,  140,   85,  100,   75,   75,   55,   65, -999,  29.58,  29.17,  29.77,  30.19,  29.73,  29.68,  30.31,  30.31,  30.75,  30.35,  29.65,  29.57,  29.74,  29.58,  29.09,  28.25,  26.12,  26.39,  26.32,  25.87,  26.05,  26.97,  27.21,  27.40,  27.28,  27.40,  26.95,  26.56,  27.33,  27.43,  27.36
20210929, 1200,  , HU, 24.9N, 135.6E, 110,  937,  210,  240,  200,  210,  100,  130,   90,  100,   70,   90,   55,   65, -999,  29.74,  29.47,  29.59,  30.05,  29.38,  29.64,  30.05,  29.85,  30.02,  30.09,  29.36,  29.27,  29.56,  29.64,  29.39,  28.71,  26.33,  25.11,  25.89,  25.87,  25.85,  26.27,  26.90,  26.97,  26.90,  27.17,  27.22,  27.16,  27.26,  27.11,  27.07
20210929, 1800,  , HU, 25.9N, 135.9E, 105,  940,  220,  220,  200,  200,  115,  130,  140,  120,   70,  100,   55,   65, -999,  29.92,  29.73,  29.58,  29.71,  29.27,  29.81,  30.07,  30.80,  29.75,  29.98,  29.55,  29.59,  29.61,  29.58,  29.17,  28.51,  26.59,  26.41,  26.36,  25.73,  25.75,  25.80,  25.83,  25.87,  26.22,  26.20,  26.13,  26.31,  26.47,  26.21,  26.08
20210930, 0000,  , HU, 26.7N, 136.4E, 100,  949,  230,  240,  200,  200,  120,  130,  130,  120,   65,  110,  110,   80, -999,  29.86,  29.84,  29.70,  29.21,  29.96,  30.33,  29.82,  29.44,  29.83,  29.53,  29.60,  29.58,  29.40,  29.04,  28.86,  27.84,  27.31,  27.03,  27.24,  27.10,  26.89,  26.75,  26.56,  26.70,  26.72,  26.67,  26.68,  26.70,  26.69,  26.48,  26.52
20210930, 0600,  , HU, 28.1N, 137.4E,  90,  956,  230,  250,  210,  200,  140,  160,  160,  120,   65,  120,  120,   90, -999,  29.71,  29.96,  29.02,  28.76,  28.95,  29.03,  29.09,  29.53,  29.49,  29.46,  29.11,  28.93,  29.19,  29.21,  28.52,  27.58,  26.37,  26.58,  26.49,  26.36,  26.02,  25.60,  25.31,  25.65,  25.80,  25.68,  25.83,  26.24,  26.34,  26.47,  26.53
20210930, 1200,  , HU, 29.3N, 138.2E,  85,  958,  245,  275,  215,  190,  140,  160,  120,  105,   65,  100,  100,   75, -999,  28.70,  28.99,  28.48,  28.39,  28.78,  28.52,  28.79,  29.14,  29.58,  29.42,  28.79,  28.66,  28.67,  28.36,  27.99,  27.43,  26.75,  27.10,  27.13,  26.65,  26.20,  25.92,  25.63,  25.73,  25.85,  26.07,  26.06,  25.98,  26.26,  26.87,  27.18
20210930, 1800,  , HU, 30.4N, 139.3E,  85,  958,  265,  270,  220,  200,  155,  155,  125,  110,   65,   80,   75,   65, -999,  28.60,  28.42,  28.37,  28.51,  28.30,  27.95,  28.01,  28.20,  28.65,  28.96,  28.70,  28.34,  28.08,  28.32,  28.42,  27.82,  26.56,  26.50,  26.93,  26.64,  26.30,  26.37,  26.49,  26.46,  25.62,  25.77,  25.56,  25.76,  26.05,  26.17,  26.49
20211001, 0000,  , HU, 32.2N, 141.2E,  80,  961,  260,  300,  230,  215,  150,  150,  130,  120,   65,   70,   60,   60, -999,  27.39,  27.44,  27.18,  26.81,  26.65,  26.44,  26.45,  27.05,  27.62,  27.87,  27.34,  27.26,  27.02,  27.12,  26.72,  26.61,  25.30,  24.46,  24.51,  24.79,  24.96,  25.02,  24.77,  24.73,  24.76,  24.69,  25.01,  25.32,  25.33,  25.01,  25.38
20211001, 0600,  , HU, 33.7N, 142.4E,  75,  964,  260,  300,  230,  215,  150,  145,  130,  120,   60,   65,   55,   55, -999,  26.60,  26.69,  26.87,  26.75,  27.04,  26.52,  26.91,  27.05,  27.23,  27.40,  27.07,  27.13,  27.16,  27.22,  27.14,  26.31,  25.57,  25.02,  24.55,  24.46,  24.47,  24.76,  24.27,  24.48,  24.30,  24.78,  25.28,  25.18,  25.09,  24.77,  24.63
20211001, 1200,  , HU, 35.6N, 143.8E,  65,  972,  250,  290,  230,  220,  160,  135,  130,  120,   55,   60,   50,   50, -999,  25.83,  25.86,  25.79,  26.06,  26.13,  25.63,  25.59,  25.78,  26.17,  25.96,  25.70,  24.86,  25.23,  25.49,  25.30,  24.99,  24.83,  24.70,  24.84,  24.38,  24.61,  24.45,  24.10,  24.42,  24.62,  24.71,  24.49,  24.77,  24.75,  24.52,  24.61
20211001, 1800,  , EX, 37.4N, 145.6E,  75,  965,  245,  290,  230,  210,  140,  120,  120,   95,   50,   55,   40,   40, -999,  24.40,  24.08,  23.89,  24.21,  24.26,  23.87,  24.43,  24.27,  23.71,  22.91,  22.32,  22.54,  22.85,  24.25,  25.26,  25.36,  23.01,  23.29,  24.27,  23.70,  24.79,  23.14,  23.48,  23.86,  23.59,  24.38,  24.92,  24.69,  25.07,  25.17,  25.61
20211002, 0000,  , EX, 39.6N, 147.8E,  60,  974,  240,  280,  230,  200,  120,  105,   85,   95,    0,    0,    0,    0, -999,  19.46,  19.10,  19.13,  18.36,  18.23,  18.13,  18.52,  19.51,  18.95,  18.09,  18.44,  19.12,  19.58,  21.97,  22.34,  19.98,  19.62,  17.86,  15.49,  15.04,  15.41,  15.27,  16.04,  15.52,  15.49,  16.34,  16.93,  15.20,  15.14,  16.73,  17.11
20211002, 0600,  , EX, 41.8N, 150.3E,  40,  983,  235,  290,  230,  195,    0,    0,    0,    0,    0,    0,    0,    0, -999,  15.75,  16.82,  17.39,  16.77,  17.11,  17.33,  18.25,  18.19,  17.60,  17.00,  16.11,  16.27,  15.20,  15.04,  15.35,  14.91,  15.86,  14.31,  13.32,  12.46,  13.12,  13.35,  13.61,  13.07,  13.04,  13.61,  14.18,  14.89,  15.11,  14.61,  15.03
