WP211994,            UNNAMED,     39,
19940820, 0000,  , LO, 10.0N, 143.5E,  10,    0,    0,    0,    0,    0,    0,    0,    0,    0,    0,    0,    0,    0, -999,  28.87,  28.93,  29.32,  29.48,  29.52,  29.32,  29.30,  29.30,  29.30,  29.25,  29.23,  29.23,  29.46,  29.30,  29.14,  29.70,  29.65,  29.02,  29.21,  29.17,  29.61,  29.50,  29.53,  29.59,  28.98,  29.48,  29.40,  29.52,  29.63,  29.60,  29.24
19940820, 0600,  , LO, 10.5N, 142.5E,  10,    0,    0,    0,    0,    0,    0,    0,    0,    0,    0,    0,    0,    0, -999,  28.60,  28.83,  29.31,  29.53,  29.52,  29.22,  29.20,  29.41,  29.23,  29.41,  29.54,  29.50,  29.43,  28.99,  28.97,  29.22,  29.23,  28.96,  29.19,  29.28,  29.72,  29.72,  29.64,  29.72,  29.10,  29.29,  29.38,  29.62,  29.65,  29.68,  29.72
19940820, 1200,  , LO, 11.0N, 141.5E,  10,    0,    0,    0,    0,    0,    0,    0,    0,    0,    0,    0,    0,    0, -999,  28.40,  28.53,  29.08,  29.38,  29.45,  29.30,  29.38,  29.65,  29.64,  29.68,  29.73,  29.66,  29.62,  29.05,  28.92,  28.96,  28.93,  28.93,  29.26,  29.30,  29.51,  29.53,  29.35,  29.46,  29.60,  29.46,  29.34,  29.61,  29.73,  29.74,  29.74
19940820, 1800,  , LO, 11.5N, 140.5E,  10,    0,    0,    0,    0,    0,    0,    0,    0,    0,    0,    0,    0,    0, -999,  28.65,  28.96,  29.04,  29.13,  29.06,  28.73,  28.42,  28.37,  28.60,  28.88,  29.15,  29.05,  29.03,  29.28,  29.04,  28.95,  28.92,  28.91,  29.35,  29.44,  29.49,  29.47,  29.74,  30.42,  30.55,  29.97,  29.71,  29.84,  29.98,  29.95,  29.99
19940821, 0000,  , LO, 12.0N, 139.5E,  10,    0,    0,    0,    0,    0,    0,    0,    0,    0,    0,    0,    0,    0, -999,  28.75,  28.88,  28.81,  29.13,  28.94,  28.77,  28.90,  28.99,  29.08,  29.20,  29.25,  29.14,  29.07,  29.08,  29.14,  29.15,  28.83,  28.59,  28.58,  28.79,  29.42,  29.78,  30.01,  29.96,  29.86,  29.65,  30.05,  30.19,  30.14,  30.24,  30.34
19940821, 0600,  , LO, 12.5N, 138.5E,  10,    0,    0,    0,    0,    0,    0,    0,    0,    0,    0,    0,    0,    0, -999,  27.88,  28.31,  28.59,  28.91,  28.99,  29.03,  29.37,  29.36,  29.42,  29.54,  29.42,  29.21,  28.94,  28.85,  28.88,  29.05,  28.94,  28.93,  29.28,  29.28,  29.46,  29.48,  29.63,  29.65,  29.71,  29.30,  29.89,  29.93,  29.78,  29.74,  29.84
19940821, 1200,  , LO, 12.9N, 137.4E,  10,    0,    0,    0,    0,    0,    0,    0,    0,    0,    0,    0,    0,    0, -999,  28.59,  28.34,  28.11,  28.76,  28.79,  28.83,  29.03,  29.39,  29.55,  29.64,  29.37,  29.23,  29.29,  29.24,  29.04,  28.87,  28.75,  29.11,  29.30,  29.34,  29.35,  29.41,  29.55,  29.55,  29.49,  29.37,  30.12,  30.28,  30.17,  29.72,  28.78
19940821, 1800,  , LO, 13.3N, 136.3E,  10,    0,    0,    0,    0,    0,    0,    0,    0,    0,    0,    0,    0,    0, -999,  29.01,  28.93,  28.82,  29.21,  28.85,  28.77,  28.87,  28.95,  29.04,  29.02,  28.85,  28.83,  28.94,  29.26,  29.25,  29.03,  28.55,  28.71,  29.01,  29.35,  29.42,  29.28,  29.46,  29.47,  29.46,  29.48,  30.10,  30.31,  30.22,  29.44,  28.59
19940822, 0000,  , LO, 13.7N, 135.2E,  10,    0,    0,    0,    0,    0,    0,    0,    0,    0,    0,    0,    0,    0, -999,  28.60,  28.86,  29.33,  29.41,  29.43,  29.16,  28.50,  28.32,  28.15,  27.93,  28.42,  28.82,  29.36,  28.76,  28.73,  28.96,  28.96,  28.82,  28.86,  28.96,  28.80,  29.22,  29.43,  29.32,  29.42,  29.88,  30.30,  30.32,  29.94,  28.74,  28.64
19940822, 0600,  , LO, 14.0N, 134.0E,  15,    0,    0,    0,    0,    0,    0,    0,    0,    0,    0,    0,    0,    0, -999,  28.88,  29.26,  29.51,  29.50,  29.50,  29.28,  28.81,  28.68,  28.39,  27.98,  28.23,  28.81,  28.27,  27.70,  28.51,  29.01,  28.97,  28.64,  28.80,  28.72,  28.41,  28.46,  28.86,  28.75,  29.00,  29.81,  30.08,  30.22,  29.75,  28.99,  29.17
19940822, 1200,  , LO, 14.3N, 132.8E,  15,    0,    0,    0,    0,    0,    0,    0,    0,    0,    0,    0,    0,    0, -999,  29.42,  29.25,  29.15,  29.18,  29.23,  29.19,  29.23,  29.35,  29.08,  28.45,  28.69,  29.03,  28.06,  28.20,  28.52,  28.99,  29.13,  29.19,  29.14,  29.03,  29.13,  29.17,  29.77,  29.23,  28.86,  29.71,  29.85,  29.78,  29.73,  28.90,  28.94
19940822, 1800,  , LO, 14.6N, 131.6E,  15,    0,    0,    0,    0,    0,    0,    0,    0,    0,    0,    0,    0,    0, -999,  28.62,  28.83,  28.98,  29.25,  29.36,  29.21,  28.96,  29.06,  29.96,  29.74,  29.64,  29.69,  28.54,  28.26,  28.31,  28.71,  28.76,  29.26,  29.29,  29.22,  29.21,  29.25,  30.58,  30.48,  29.61,  29.46,  29.49,  29.35,  29.29,  29.04,  28.72
19940823, 0000,  , LO, 14.9N, 130.4E,  15,    0,    0,    0,    0,    0,    0,    0,    0,    0,    0,    0,    0,    0, -999,  28.87,  28.85,  29.05,  29.13,  29.01,  28.38,  28.25,  29.54,  29.60,  29.61,  29.56,  29.42,  29.21,  28.84,  28.56,  28.76,  29.18,  29.03,  28.49,  28.51,  28.92,  30.52,  30.51,  30.39,  29.22,  28.93,  29.01,  29.16,  29.37,  28.69,  28.69
19940823, 0600,  , LO, 15.2N, 129.2E,  15,    0,    0,    0,    0,    0,    0,    0,    0,    0,    0,    0,    0,    0, -999,  29.23,  29.45,  28.98,  28.85,  28.99,  28.96,  29.34,  29.45,  29.31,  29.27,  29.16,  29.01,  28.41,  28.36,  28.24,  28.11,  29.08,  29.14,  28.81,  28.78,  29.07,  29.87,  29.80,  29.65,  29.31,  29.12,  28.95,  29.23,  29.25,  28.88,  28.76
19940823, 1200,  , LO, 15.6N, 128.0E,  15,    0,    0,    0,    0,    0,    0,    0,    0,    0,    0,    0,    0,    0, -999,  28.64,  28.80,  28.54,  28.86,  28.89,  28.99,  29.31,  29.32,  29.20,  28.99,  28.94,  28.95,  28.05,  27.95,  27.91,  27.66,  28.31,  28.08,  28.27,  28.85,  28.80,  29.47,  29.75,  29.54,  29.33,  29.10,  29.03,  29.02,  29.01,  29.00,  28.94
19940823, 1800,  , LO, 16.0N, 126.8E,  15,    0,    0,    0,    0,    0,    0,    0,    0,    0,    0,    0,    0,    0, -999,  28.17,  27.97,  28.19,  28.78,  28.87,  28.75,  28.66,  29.28,  29.18,  28.56,  28.32,  28.47,  28.45,  28.58,  28.19,  28.08,  28.27,  28.16,  28.10,  28.26,  28.62,  28.79,  29.31,  29.46,  29.25,  29.01,  28.93,  28.91,  28.99,  29.04,  29.06
19940824, 0000,  , LO, 16.4N, 125.6E,  20,    0,    0,    0,    0,    0,    0,    0,    0,    0,    0,    0,    0,    0, -999,  28.33,  28.31,  28.40,  28.43,  27.98,  27.96,  28.81,  29.09,  28.77,  28.15,  28.22,  28.77,  28.95,  28.91,  27.93,  27.22,  26.81,  26.55,  27.43,  28.44,  28.67,  28.86,  29.09,  29.04,  29.03,  29.16,  29.17,  29.30,  29.32,  29.39,  29.55
19940824, 0600,  , LO, 16.8N, 124.3E,  20,    0,    0,    0,    0,    0,    0,    0,    0,    0,    0,    0,    0,    0, -999,  27.58,  27.55,  29.18,  29.31,  28.88,  28.05,  28.86,  28.93,  28.90,  28.92,  28.93,  27.35,  27.69,  28.18,  27.91,  27.39,  27.01,  26.87,  28.37,  28.70,  28.71,  28.72,  28.67,  28.40,  28.54,  28.53,  28.55,  28.42,  28.65,  29.39,  29.52
19940824, 1200,  , LO, 17.2N, 123.0E,  20,    0,    0,    0,    0,    0,    0,    0,    0,    0,    0,    0,    0,    0, -999,  28.36,  28.37,  29.10,  29.04,  29.49,  29.44,  29.32,  29.18,  29.48,  29.62,  29.60,  29.58,  29.28,  29.08,  28.82,  28.61,  28.83,  28.86,  29.10,  28.96,  28.98,  28.93,  29.45,  29.29,  29.27,  29.40,  28.82,  28.51,  28.59,  28.70,  29.11
19940824, 1800,  , LO, 17.6N, 121.7E,  20,    0,    0,    0,    0,    0,    0,    0,    0,    0,    0,    0,    0,    0, -999,    nan,    nan,    nan,    nan,    nan,    nan,    nan,    nan,    nan,    nan,    nan,    nan,    nan,    nan,    nan,    nan,    nan,    nan,    nan,    nan,    nan,    nan,    nan,    nan,    nan,    nan,    nan,    nan,    nan,    nan,    nan
19940825, 0000,  , LO, 18.0N, 120.5E,  25,    0,    0,    0,    0,    0,    0,    0,    0,    0,    0,    0,    0,    0, -999,  27.99,  28.13,  28.18,  28.23,  28.23,  28.21,  28.21,  28.23,  28.24,  28.27,  27.52,  28.64,  29.11,  29.09,  28.98,  28.93,  28.80,  29.10,  28.67,  28.14,  28.25,  28.73,  28.76,  28.37,  28.03,  27.84,  27.76,  27.94,  28.10,  28.16,  28.39
19940825, 0600,  , LO, 18.3N, 119.3E,  30,    0,    0,    0,    0,    0,    0,    0,    0,    0,    0,    0,    0,    0, -999,  27.97,  27.72,  27.93,  27.80,  27.77,  27.96,  28.17,  29.17,  29.21,  28.78,  27.99,  28.25,  29.09,  29.26,  28.93,  28.95,  28.86,  28.80,  28.43,  27.33,  28.21,  28.69,  28.81,  28.79,  28.18,  27.90,  27.97,  27.96,  27.99,  28.06,  28.26
19940825, 1200,  , LO, 18.6N, 118.1E,  30,    0,    0,    0,    0,    0,    0,    0,    0,    0,    0,    0,    0,    0, -999,  28.24,  28.15,  28.45,  27.96,  28.04,  28.38,  28.83,  29.43,  29.09,  28.15,  27.50,  27.96,  28.38,  28.35,  28.64,  28.23,  28.41,  27.99,  28.18,  27.78,  28.38,  28.62,  28.62,  28.11,  27.92,  28.03,  27.94,  27.99,  27.94,  27.67,  27.52
19940825, 1800,  , TS, 18.9N, 117.0E,  35,    0,    0,    0,    0,    0,    0,    0,    0,    0,    0,    0,    0,    0, -999,  28.02,  28.83,  28.95,  28.46,  28.21,  28.23,  28.55,  29.65,  29.51,  28.38,  27.65,  27.75,  28.25,  28.19,  28.14,  28.10,  28.28,  26.87,  26.95,  27.57,  28.28,  28.11,  27.96,  27.85,  27.91,  27.93,  27.87,  28.07,  28.14,  27.95,  27.81
19940826, 0000,  , TS, 19.1N, 116.0E,  35,    0,    0,    0,    0,    0,    0,    0,    0,    0,    0,    0,    0,    0, -999,  28.47,  28.55,  28.59,  28.52,  28.56,  28.82,  29.25,  29.32,  28.85,  28.10,  28.15,  28.18,  28.34,  28.38,  28.32,  28.28,  27.14,  27.07,  27.40,  28.25,  28.28,  28.26,  27.77,  27.82,  27.76,  27.92,  27.96,  27.30,  27.20,  27.31,  27.39
19940826, 0600,  , TS, 19.4N, 115.0E,  40,    0,    0,    0,    0,    0,    0,    0,    0,    0,    0,    0,    0,    0, -999,  28.52,  28.74,  28.65,  28.64,  28.62,  29.06,  28.90,  29.07,  28.97,  28.52,  28.57,  28.67,  28.86,  28.89,  28.85,  28.79,  28.44,  27.20,  26.94,  28.32,  28.37,  28.66,  28.03,  27.58,  27.60,  27.90,  28.06,  27.79,  27.52,  27.56,  27.60
19940826, 1200,  , TS, 19.8N, 114.0E,  45,    0,    0,    0,    0,    0,    0,    0,    0,    0,    0,    0,    0,    0, -999,  28.53,  28.65,  28.54,  28.31,  28.10,  28.59,  29.02,  29.17,  29.19,  28.79,  28.50,  28.66,  28.72,  28.60,  28.53,  28.53,  27.95,  26.54,  26.64,  27.04,  27.03,  28.53,  28.60,  27.89,  27.55,  27.71,  27.47,  27.80,  27.99,  27.74,  27.29
19940826, 1800,  , TS, 20.0N, 113.1E,  50,    0,    0,    0,    0,    0,    0,    0,    0,    0,    0,    0,    0,    0, -999,  28.35,  28.39,  28.35,  28.16,  28.13,  28.38,  28.85,  29.16,  29.52,  29.35,  29.00,  28.73,  28.55,  28.49,  28.38,  28.37,  28.04,  27.19,  27.22,  26.93,  26.88,  28.50,  28.60,  28.02,  27.63,  27.79,  27.76,  27.79,  27.90,  27.71,  27.46
19940827, 0000,  , TS, 20.2N, 112.2E,  55,    0,    0,    0,    0,    0,    0,    0,    0,    0,    0,    0,    0,    0, -999,  27.77,  27.81,  27.92,  27.94,  27.98,  27.62,  28.01,  28.87,  28.80,  28.35,  27.95,  27.95,  28.58,  28.69,  28.65,  28.56,  28.57,  28.43,  28.24,  27.77,  28.31,  28.40,  27.87,  27.68,  27.70,  27.60,  27.60,  28.55,  28.29,  28.22,  28.22
19940827, 0600,  , TS, 20.3N, 111.4E,  60,    0,    0,    0,    0,    0,    0,    0,    0,    0,    0,    0,    0,    0, -999,  27.25,  27.35,  27.42,  27.51,  27.58,  27.09,  28.09,  28.31,  28.12,  28.03,  27.68,  27.69,  27.84,  27.91,  27.84,  27.76,  27.79,  27.87,  27.86,  27.51,  27.69,  28.05,  27.40,  26.95,  26.93,  26.98,  27.09,  29.04,  29.19,  29.07,  29.05
19940827, 1200,  , TS, 20.4N, 110.6E,  60,    0,    0,    0,    0,    0,    0,    0,    0,    0,    0,    0,    0,    0, -999,  28.10,  28.22,  28.19,  28.20,  28.22,  26.92,  27.42,  27.70,  27.89,  27.94,  27.96,  27.41,  27.40,  27.55,  27.84,  27.88,  27.72,  27.78,  27.78,  27.44,  27.48,  27.51,  26.96,  27.05,  27.28,  27.27,  27.37,  29.00,  28.83,  28.37,  28.43
19940827, 1800,  , TS, 20.5N, 109.9E,  55,    0,    0,    0,    0,    0,    0,    0,    0,    0,    0,    0,    0,    0, -999,  29.14,  29.22,  29.19,  29.17,  29.16,  27.88,  28.34,  28.72,  29.13,  29.20,  29.17,  28.40,  28.74,  29.22,  29.51,  29.38,  29.01,  28.96,  28.92,  28.46,  28.28,  27.91,  27.31,  27.34,  27.52,  27.58,  27.59,  29.11,  28.88,  28.77,  28.77
19940828, 0000,  , TS, 20.6N, 109.2E,  55,    0,    0,    0,    0,    0,    0,    0,    0,    0,    0,    0,    0,    0, -999,  28.50,  28.55,  28.59,  28.62,  27.67,  28.38,  28.55,  28.48,  28.49,  29.06,  28.51,  28.71,  29.20,  29.34,  29.01,  28.73,  28.75,  28.08,  27.81,  28.38,  28.36,  27.91,  27.90,  27.89,  27.87,  27.97,  29.49,  29.47,  29.27,  29.02,  28.87
19940828, 0600,  , TS, 20.7N, 108.5E,  55,    0,    0,    0,    0,    0,    0,    0,    0,    0,    0,    0,    0,    0, -999,  28.79,  28.81,  28.83,  28.84,  28.10,  28.24,  28.37,  28.43,  28.47,  29.26,  28.91,  28.43,  29.10,  29.59,  29.47,  29.22,  29.17,  28.13,  27.93,  28.74,  28.78,  28.31,  28.17,  27.97,  27.86,  27.96,  28.95,  29.16,  29.20,  28.91,  28.73
19940828, 1200,  , TS, 20.9N, 107.7E,  50,    0,    0,    0,    0,    0,    0,    0,    0,    0,    0,    0,    0,    0, -999,  29.30,  29.30,  29.30,  29.30,  28.32,  28.26,  28.54,  28.74,  28.77,  29.66,  29.42,  28.78,  29.25,  29.61,  29.66,  29.67,  29.61,  28.73,  28.61,  28.91,  29.20,  29.09,  29.21,  28.97,  28.60,  28.64,  28.70,  28.86,  29.16,  29.45,  29.49
19940828, 1800,  , TS, 21.0N, 106.7E,  40,    0,    0,    0,    0,    0,    0,    0,    0,    0,    0,    0,    0,    0, -999,    nan,    nan,    nan,    nan,    nan,    nan,    nan,    nan,    nan,    nan,    nan,    nan,    nan,    nan,    nan,    nan,    nan,    nan,    nan,    nan,    nan,    nan,    nan,    nan,    nan,    nan,    nan,    nan,    nan,    nan,    nan
19940829, 0000,  , LO, 21.0N, 105.7E,  25,    0,    0,    0,    0,    0,    0,    0,    0,    0,    0,    0,    0,    0, -999,    nan,    nan,    nan,    nan,    nan,    nan,    nan,    nan,    nan,    nan,    nan,    nan,    nan,    nan,    nan,    nan,    nan,    nan,    nan,    nan,    nan,    nan,    nan,    nan,    nan,    nan,    nan,    nan,    nan,    nan,    nan
19940829, 0600,  , LO, 21.0N, 104.6E,  15,    0,    0,    0,    0,    0,    0,    0,    0,    0,    0,    0,    0,    0, -999,    nan,    nan,    nan,    nan,    nan,    nan,    nan,    nan,    nan,    nan,    nan,    nan,    nan,    nan,    nan,    nan,    nan,    nan,    nan,    nan,    nan,    nan,    nan,    nan,    nan,    nan,    nan,    nan,    nan,    nan,    nan
19940829, 1200,  , LO, 21.0N, 103.4E,  10,    0,    0,    0,    0,    0,    0,    0,    0,    0,    0,    0,    0,    0, -999,    nan,    nan,    nan,    nan,    nan,    nan,    nan,    nan,    nan,    nan,    nan,    nan,    nan,    nan,    nan,    nan,    nan,    nan,    nan,    nan,    nan,    nan,    nan,    nan,    nan,    nan,    nan,    nan,    nan,    nan,    nan
