WP212018,             RUMBIA,     18,
20180814, 0000,  , DB, 23.6N, 127.7E,  15, 1007,    0,    0,    0,    0,    0,    0,    0,    0,    0,    0,    0,    0, -999,  28.68,  28.73,  28.99,  28.69,  28.89,  28.98,  29.29,  29.14,  28.94,  28.79,  29.03,  29.08,  28.94,  28.98,  29.07,  29.23,  29.13,  29.04,  28.61,  28.80,  29.21,  29.86,  29.54,  28.62,  28.65,  29.28,  29.62,  29.43,  29.43,  29.43,  29.24
20180814, 0600,  , DB, 24.4N, 127.5E,  15, 1007,    0,    0,    0,    0,    0,    0,    0,    0,    0,    0,    0,    0, -999,  28.77,  29.49,  29.69,  29.31,  29.15,  29.41,  29.67,  29.67,  29.55,  29.42,  29.48,  29.31,  29.45,  29.36,  29.30,  28.81,  28.79,  28.77,  28.62,  28.83,  29.48,  29.65,  29.13,  28.66,  28.72,  29.22,  29.42,  29.27,  28.94,  28.74,  28.82
20180814, 1200,  , DB, 25.2N, 127.5E,  20, 1007,    0,    0,    0,    0,    0,    0,    0,    0,    0,    0,    0,    0, -999,  29.32,  29.42,  29.27,  28.98,  28.70,  29.42,  29.68,  29.60,  29.58,  29.38,  29.51,  29.58,  29.49,  29.25,  28.99,  28.47,  28.56,  28.61,  28.35,  28.38,  28.81,  29.06,  29.06,  29.08,  28.76,  29.02,  29.01,  28.71,  28.51,  28.65,  28.76
20180814, 1800,  , TD, 26.1N, 127.5E,  25, 1004,    0,    0,    0,    0,    0,    0,    0,    0,    0,    0,    0,    0, -999,  28.58,  28.53,  28.80,  28.68,  28.06,  28.65,  29.34,  29.51,  29.26,  29.16,  29.22,  29.35,  29.06,  28.23,  28.03,  27.79,  28.37,  27.46,  27.56,  27.73,  28.69,  28.99,  28.75,  28.17,  27.99,  28.31,  28.97,  28.70,  27.82,  27.82,  28.12
20180815, 0000,  , TD, 27.1N, 127.3E,  30,  997,    0,    0,    0,    0,    0,    0,    0,    0,    0,    0,    0,    0, -999,  28.74,  28.84,  28.79,  28.54,  29.07,  29.41,  29.95,  29.49,  29.19,  29.43,  29.47,  29.48,  29.07,  29.16,  28.88,  28.97,  28.81,  28.74,  28.81,  28.79,  29.14,  28.99,  28.88,  28.47,  28.24,  28.77,  28.52,  28.44,  29.01,  29.18,  28.88
20180815, 0600,  , TD, 27.9N, 126.9E,  30,  993,    0,    0,    0,    0,    0,    0,    0,    0,    0,    0,    0,    0, -999,  29.13,  29.13,  29.18,  29.01,  29.06,  29.54,  29.75,  29.38,  29.52,  29.70,  29.32,  28.97,  28.77,  29.09,  29.09,  29.21,  29.11,  29.16,  29.09,  29.15,  29.46,  29.36,  28.97,  29.24,  28.82,  29.43,  29.00,  29.05,  29.04,  29.06,  29.29
20180815, 1200,  , TS, 29.0N, 125.9E,  35,  990,   90,  120,   40,   60,    0,    0,    0,    0,    0,    0,    0,    0, -999,  28.70,  28.95,  27.90,  28.38,  28.97,  29.14,  29.91,  29.66,  29.45,  29.42,  29.28,  29.19,  28.40,  28.84,  28.66,  28.83,  28.63,  28.38,  28.39,  28.73,  28.94,  28.49,  28.27,  28.20,  28.68,  29.21,  28.74,  29.04,  29.26,  29.53,  29.71
20180815, 1800,  , TS, 29.7N, 125.2E,  35,  989,  120,  160,   70,   80,    0,    0,    0,    0,    0,    0,    0,    0, -999,  28.36,  27.99,  27.59,  27.57,  27.94,  28.08,  28.68,  29.06,  28.47,  28.66,  28.77,  28.98,  28.69,  28.85,  28.40,  28.78,  28.58,  28.62,  28.55,  29.00,  29.03,  28.73,  28.79,  28.61,  28.44,  28.93,  28.17,  28.76,  28.87,  29.10,  29.21
20180816, 0000,  , TS, 29.9N, 124.7E,  40,  985,  130,  160,   90,   90,    0,    0,    0,    0,    0,    0,    0,    0, -999,  28.90,  28.30,  28.14,  28.34,  28.69,  28.77,  29.37,  29.36,  29.39,  29.50,  29.65,  29.31,  29.04,  28.32,  28.72,  28.44,  28.60,  28.42,  28.94,  28.91,  28.55,  28.88,  28.73,  28.29,  28.66,  27.77,  28.37,  28.47,  28.79,  28.96,  28.66
20180816, 0600,  , TS, 30.1N, 124.1E,  40,  984,  160,  160,   90,  100,    0,    0,    0,    0,    0,    0,    0,    0, -999,  28.44,  27.90,  27.50,  28.07,  28.59,  28.63,  28.99,  29.09,  29.20,  29.47,  29.60,  29.41,  28.78,  28.11,  28.32,  28.22,  28.24,  28.02,  28.35,  28.39,  28.25,  28.73,  28.57,  28.38,  28.19,  27.82,  28.42,  28.64,  29.08,  29.23,  28.98
20180816, 1200,  , TS, 30.3N, 123.0E,  45,  978,  160,  160,   90,  110,    0,    0,    0,    0,    0,    0,    0,    0, -999,  27.87,  27.39,  27.09,  27.22,  27.82,  28.14,  28.36,  28.61,  28.82,  29.09,  29.24,  28.93,  28.45,  26.98,  26.95,  27.15,  26.77,  26.46,  26.55,  26.65,  26.96,  27.70,  27.43,  27.22,  26.88,  26.62,  26.84,  27.38,  27.85,  28.04,  27.93
20180816, 1800,  , TS, 30.7N, 121.8E,  50,  978,  160,  160,   80,  120,   86,   86,   36,   61,    0,    0,    0,    0, -999,  28.95,  28.73,  28.51,  28.48,  28.80,  29.01,  29.18,  29.13,  29.08,  29.32,  29.51,  29.25,  28.78,  28.34,  28.45,  28.51,  28.26,  28.01,  28.19,  28.10,  28.31,  28.77,  28.55,  28.22,  28.04,  27.80,  27.87,  28.30,  28.52,  28.73,  28.72
20180817, 0000,  , TS, 31.3N, 120.5E,  45,  981,  130,  130,   60,  100,    0,    0,    0,    0,    0,    0,    0,    0, -999,    nan,    nan,    nan,    nan,    nan,    nan,    nan,    nan,    nan,    nan,    nan,    nan,    nan,    nan,    nan,    nan,    nan,    nan,    nan,    nan,    nan,    nan,    nan,    nan,    nan,    nan,    nan,    nan,    nan,    nan,    nan
20180817, 0600,  , TS, 31.6N, 118.7E,  40,  985,  120,   80,   40,  100,    0,    0,    0,    0,    0,    0,    0,    0, -999,    nan,    nan,    nan,    nan,    nan,    nan,    nan,    nan,    nan,    nan,    nan,    nan,    nan,    nan,    nan,    nan,    nan,    nan,    nan,    nan,    nan,    nan,    nan,    nan,    nan,    nan,    nan,    nan,    nan,    nan,    nan
20180817, 1200,  , TS, 31.6N, 117.2E,  35,  987,   60,   50,   30,   60,    0,    0,    0,    0,    0,    0,    0,    0, -999,    nan,    nan,    nan,    nan,    nan,    nan,    nan,    nan,    nan,    nan,    nan,    nan,    nan,    nan,    nan,    nan,    nan,    nan,    nan,    nan,    nan,    nan,    nan,    nan,    nan,    nan,    nan,    nan,    nan,    nan,    nan
20180817, 1800,  , TD, 31.9N, 116.2E,  30,  990,    0,    0,    0,    0,    0,    0,    0,    0,    0,    0,    0,    0, -999,    nan,    nan,    nan,    nan,    nan,    nan,    nan,    nan,    nan,    nan,    nan,    nan,    nan,    nan,    nan,    nan,    nan,    nan,    nan,    nan,    nan,    nan,    nan,    nan,    nan,    nan,    nan,    nan,    nan,    nan,    nan
20180818, 0000,  , TD, 32.3N, 115.7E,  25,  995,    0,    0,    0,    0,    0,    0,    0,    0,    0,    0,    0,    0, -999,    nan,    nan,    nan,    nan,    nan,    nan,    nan,    nan,    nan,    nan,    nan,    nan,    nan,    nan,    nan,    nan,    nan,    nan,    nan,    nan,    nan,    nan,    nan,    nan,    nan,    nan,    nan,    nan,    nan,    nan,    nan
20180818, 0600,  , DB, 32.9N, 115.1E,  20,  995,    0,    0,    0,    0,    0,    0,    0,    0,    0,    0,    0,    0, -999,    nan,    nan,    nan,    nan,    nan,    nan,    nan,    nan,    nan,    nan,    nan,    nan,    nan,    nan,    nan,    nan,    nan,    nan,    nan,    nan,    nan,    nan,    nan,    nan,    nan,    nan,    nan,    nan,    nan,    nan,    nan
