WP252013,              WIPHA,     29,
20131009, 1200,  , DB, 14.0N, 147.5E,  15, 1010,    0,    0,    0,    0,    0,    0,    0,    0,    0,    0,    0,    0, -999,  29.10,  29.71,  30.74,  30.12,  29.98,  30.08,  29.70,  30.05,  29.90,  29.78,  29.66,  29.68,  29.69,  29.88,  30.11,  30.22,  30.27,  29.59,  29.44,  29.42,  29.61,  29.46,  29.73,  29.51,  29.61,  29.57,  29.14,  29.58,  29.57,  29.12,  29.18
20131009, 1800,  , DB, 13.9N, 146.7E,  15, 1010,    0,    0,    0,    0,    0,    0,    0,    0,    0,    0,    0,    0, -999,  29.24,  29.32,  30.03,  29.91,  29.90,  30.23,  30.18,  30.20,  30.29,  30.00,  29.83,  29.71,  29.80,  29.62,  29.76,  29.89,  29.81,  29.55,  29.73,  30.02,  29.91,  29.76,  29.62,  29.40,  29.37,  28.92,  29.05,  29.14,  29.16,  28.79,  28.57
20131010, 0000,  , DB, 13.8N, 145.9E,  15, 1010,    0,    0,    0,    0,    0,    0,    0,    0,    0,    0,    0,    0, -999,  29.95,  30.10,  30.05,  29.95,  30.64,  29.96,  29.64,  29.92,  29.70,  29.57,  29.76,  30.14,  29.89,  30.00,  30.19,  30.22,  29.99,  29.68,  29.81,  29.90,  29.92,  29.59,  28.99,  29.07,  28.93,  28.87,  28.89,  29.06,  29.14,  29.22,  28.27
20131010, 0600,  , DB, 13.6N, 144.7E,  20, 1004,    0,    0,    0,    0,    0,    0,    0,    0,    0,    0,    0,    0, -999,  29.09,  29.49,  30.15,  29.74,  29.91,  29.75,  29.86,  29.91,  29.76,  29.76,  29.70,  29.94,  29.84,  29.70,  29.91,  29.85,  29.86,  28.41,  28.65,  28.89,  29.23,  29.40,  28.20,  28.20,  28.26,  28.05,  28.38,  28.71,  28.91,  28.92,  28.34
20131010, 1200,  , TD, 13.3N, 143.7E,  25, 1004,    0,    0,    0,    0,    0,    0,    0,    0,    0,    0,    0,    0, -999,  29.54,  29.76,  30.09,  29.88,  30.02,  30.05,  29.86,  29.99,  29.83,  29.90,  29.91,  30.21,  30.14,  29.66,  29.74,  29.24,  29.15,  28.23,  28.12,  28.19,  28.68,  29.33,  28.10,  28.12,  28.01,  27.78,  27.78,  28.72,  28.77,  28.68,  27.65
20131010, 1800,  , TS, 13.5N, 143.0E,  35,  996,    0,    0,    0,    0,    0,    0,    0,    0,    0,    0,    0,    0, -999,  29.44,  29.46,  29.92,  29.64,  29.94,  30.10,  29.94,  30.04,  29.94,  29.94,  29.79,  30.09,  30.22,  29.94,  30.05,  29.59,  29.29,  28.40,  28.43,  28.42,  28.90,  28.92,  28.28,  27.99,  27.96,  27.95,  27.94,  28.39,  28.25,  28.58,  27.83
20131011, 0000,  , TS, 13.9N, 142.2E,  40,  993,   60,   55,   55,   60,    0,    0,    0,    0,    0,    0,    0,    0, -999,  29.44,  29.91,  29.81,  29.88,  29.80,  29.80,  29.74,  29.95,  30.11,  30.00,  30.10,  30.21,  30.09,  30.23,  29.80,  29.41,  28.44,  28.58,  28.61,  28.83,  29.10,  28.71,  27.99,  27.68,  27.73,  27.76,  28.00,  28.44,  28.41,  28.06,  28.60
20131011, 0600,  , TS, 14.4N, 141.4E,  50,  985,   50,   60,   70,   65,    0,    0,    0,    0,    0,    0,    0,    0, -999,  29.98,  30.14,  29.96,  30.05,  29.85,  29.91,  29.97,  30.16,  30.01,  29.81,  30.14,  30.27,  30.09,  30.35,  30.15,  29.81,  29.16,  29.17,  29.24,  29.31,  29.18,  28.71,  28.02,  28.01,  27.91,  27.91,  28.22,  28.57,  28.66,  28.39,  28.35
20131011, 1200,  , TS, 14.9N, 140.6E,  50,  985,   80,   80,   85,   75,   25,   25,   25,   25,    0,    0,    0,    0, -999,  29.67,  30.12,  29.95,  29.89,  29.18,  29.23,  29.46,  29.76,  30.14,  30.03,  30.15,  30.23,  29.72,  29.77,  29.75,  29.42,  29.58,  29.38,  29.58,  29.25,  29.03,  28.91,  28.62,  28.08,  28.11,  28.14,  28.57,  28.47,  28.68,  28.45,  28.51
20131011, 1800,  , TS, 15.5N, 139.9E,  60,  978,  115,  110,  100,  105,   35,   35,   35,   35,    0,    0,    0,    0, -999,  29.73,  30.10,  29.97,  29.87,  29.44,  29.31,  29.48,  29.68,  29.95,  29.66,  29.74,  29.62,  29.38,  29.55,  29.89,  29.46,  29.49,  29.49,  29.63,  29.56,  29.27,  29.09,  28.91,  28.36,  28.40,  28.32,  28.42,  28.22,  28.52,  28.39,  28.39
20131012, 0000,  , TS, 16.0N, 139.2E,  60,  978,  160,  110,  110,  130,   80,   60,   60,   80,    0,    0,    0,    0, -999,  30.13,  29.90,  29.77,  29.63,  29.43,  29.54,  29.57,  29.96,  29.83,  29.65,  29.78,  29.63,  29.72,  29.92,  29.55,  29.50,  29.10,  29.36,  29.33,  28.71,  28.64,  28.50,  28.19,  28.13,  27.80,  27.95,  28.05,  28.12,  28.04,  27.96,  28.35
20131012, 0600,  , TS, 16.7N, 138.8E,  60,  978,  160,  110,  110,  130,   80,   60,   60,   80,    0,    0,    0,    0, -999,  30.31,  30.11,  30.17,  30.09,  29.67,  29.65,  29.79,  30.31,  30.02,  29.68,  29.62,  29.63,  29.70,  29.73,  29.61,  29.77,  28.92,  29.10,  29.23,  28.53,  28.46,  28.42,  28.04,  28.62,  28.20,  27.76,  28.01,  28.14,  27.98,  28.13,  28.52
20131012, 1200,  , HU, 17.2N, 138.4E,  65,  974,  160,  110,  110,  130,   80,   60,   60,   80,    0,    0,    0,    0, -999,  30.31,  29.98,  29.83,  29.72,  29.99,  29.99,  30.03,  30.33,  29.97,  29.71,  29.85,  29.72,  29.52,  29.53,  29.48,  29.47,  29.14,  28.88,  29.17,  28.59,  28.68,  28.20,  28.93,  28.73,  27.18,  27.29,  27.75,  27.97,  27.90,  28.08,  28.46
20131012, 1800,  , HU, 17.9N, 137.9E,  80,  963,  160,  140,  140,  160,   70,   60,   60,   70,   25,   25,   25,   25, -999,  29.89,  29.47,  29.46,  29.64,  29.71,  29.47,  29.46,  29.64,  29.70,  29.33,  29.58,  29.45,  29.28,  29.48,  29.62,  29.57,  29.34,  29.20,  29.50,  28.92,  28.60,  28.27,  28.21,  28.05,  26.93,  26.84,  27.52,  27.84,  27.43,  27.52,  27.91
20131013, 0000,  , HU, 18.4N, 137.4E,  85,  959,  190,  190,  190,  170,   80,   80,   75,   75,   35,   35,   35,   35, -999,  29.35,  29.39,  29.84,  29.68,  29.28,  29.37,  29.49,  29.57,  29.06,  29.35,  29.40,  29.24,  29.57,  29.37,  29.61,  29.43,  29.18,  29.41,  28.90,  28.63,  27.84,  27.91,  27.73,  26.55,  26.79,  26.68,  27.25,  27.13,  27.20,  27.50,  27.47
20131013, 0600,  , HU, 19.1N, 137.1E, 105,  944,  190,  190,  190,  170,   80,   80,   75,   75,   35,   35,   35,   35, -999,  29.53,  29.14,  29.47,  29.48,  29.45,  29.76,  29.80,  29.55,  29.05,  29.27,  29.39,  29.17,  29.25,  29.03,  29.34,  28.95,  27.67,  27.48,  27.73,  28.04,  27.46,  27.42,  27.70,  26.22,  25.81,  26.43,  26.75,  26.94,  26.88,  27.20,  27.31
20131013, 1200,  , HU, 19.8N, 136.4E, 110,  941,  190,  190,  190,  180,  100,   90,   85,  100,   45,   40,   40,   45, -999,  29.55,  29.39,  29.51,  29.55,  29.37,  29.32,  29.47,  29.40,  28.83,  29.10,  29.50,  28.65,  28.64,  28.05,  28.34,  27.85,  26.79,  27.60,  27.84,  26.73,  26.19,  26.56,  26.55,  26.78,  24.26,  24.97,  25.74,  25.93,  26.18,  26.24,  27.00
20131013, 1800,  , HU, 20.6N, 135.9E, 120,  933,  225,  225,  195,  195,  120,  110,   85,  115,   55,   55,   50,   55, -999,  29.31,  29.20,  29.04,  29.23,  29.28,  29.15,  29.35,  29.33,  29.04,  29.23,  29.30,  28.98,  28.93,  28.90,  29.08,  28.87,  27.83,  27.38,  27.66,  26.77,  26.31,  26.45,  26.66,  26.66,  24.72,  25.62,  24.75,  25.08,  25.45,  25.70,  25.95
20131014, 0000,  , HU, 21.7N, 135.4E, 110,  941,  215,  215,  190,  190,  115,  105,   80,  110,   50,   50,   45,   50, -999,  29.23,  29.24,  29.04,  28.92,  29.20,  29.23,  29.25,  29.05,  28.96,  29.03,  28.88,  29.12,  28.97,  29.02,  28.68,  27.47,  28.43,  28.77,  27.51,  27.57,  27.38,  27.89,  28.02,  25.60,  27.04,  26.18,  26.23,  26.54,  26.16,  26.44,  27.00
20131014, 0600,  , HU, 23.0N, 134.9E, 110,  941,  215,  215,  190,  190,  115,  105,   80,  110,   50,   50,   45,   50, -999,  28.38,  28.89,  28.93,  28.61,  28.79,  28.78,  28.77,  28.37,  27.87,  27.69,  27.79,  27.97,  28.08,  28.12,  28.14,  28.19,  27.52,  27.30,  26.80,  26.46,  26.53,  26.50,  26.97,  26.92,  25.06,  25.45,  25.91,  25.87,  26.03,  25.86,  26.03
20131014, 1200,  , HU, 24.2N, 134.3E, 100,  948,  215,  215,  190,  190,  115,  105,   80,  110,   50,   50,   45,   50, -999,  28.90,  28.86,  28.86,  29.12,  28.96,  28.91,  28.67,  28.20,  27.84,  27.95,  27.67,  28.02,  28.15,  28.06,  28.19,  28.09,  27.51,  26.92,  26.60,  26.45,  26.40,  26.55,  26.25,  26.12,  25.78,  26.15,  26.26,  26.44,  25.90,  25.69,  25.89
20131014, 1800,  , HU, 25.6N, 133.9E, 100,  948,  230,  205,  200,  210,  135,  115,   95,  125,   65,   65,   55,   55, -999,  27.04,  26.84,  27.13,  27.31,  27.29,  27.39,  27.23,  27.06,  26.86,  26.86,  26.95,  27.09,  27.36,  27.24,  27.25,  26.80,  24.44,  25.89,  25.31,  24.48,  24.54,  24.67,  24.27,  24.46,  24.84,  25.21,  24.73,  24.87,  24.77,  24.57,  24.52
20131015, 0000,  , HU, 27.0N, 133.9E,  85,  959,  230,  215,  185,  205,  135,  125,  100,  125,   80,   70,   55,   70, -999,  27.09,  27.06,  26.83,  26.98,  26.96,  26.76,  26.55,  26.01,  25.95,  26.50,  26.85,  26.85,  26.84,  26.79,  26.78,  26.73,  25.47,  25.05,  24.54,  24.44,  24.88,  24.83,  24.40,  24.30,  24.37,  24.23,  24.42,  24.47,  24.51,  24.50,  24.89
20131015, 0300,  , HU, 27.8N, 134.2E,  85,  959,  230,  215,  185,  205,  135,  125,  100,  125,   80,   70,   55,   70, -999,  27.02,  27.01,  26.66,  27.05,  26.86,  26.46,  26.38,  26.17,  25.90,  26.34,  26.88,  26.95,  26.87,  26.86,  26.95,  27.05,  26.43,  25.59,  25.19,  25.18,  25.71,  25.99,  25.32,  24.93,  25.38,  25.33,  25.01,  25.09,  24.49,  24.22,  24.26
20131015, 0600,  , HU, 28.4N, 134.6E,  85,  959,  230,  215,  185,  205,  135,  125,  100,  125,   80,   70,   55,   70, -999,  26.85,  26.70,  26.59,  27.31,  26.72,  26.67,  26.64,  26.54,  26.64,  26.73,  26.91,  26.71,  26.79,  26.67,  25.84,  25.60,  25.97,  25.92,  25.56,  25.35,  25.04,  25.16,  25.05,  24.92,  25.01,  25.25,  24.36,  24.23,  24.07,  24.14,  24.29
20131015, 1200,  , HU, 30.4N, 136.4E,  70,  970,  220,  205,  175,  195,  125,  115,   95,  115,   50,   50,   45,   45, -999,  26.17,  25.69,  25.57,  25.80,  25.30,  25.23,  25.52,  25.53,  25.43,  25.76,  26.03,  25.93,  26.17,  26.27,  26.13,  25.98,  25.46,  25.53,  25.39,  25.12,  25.06,  24.99,  24.87,  24.62,  24.83,  25.15,  24.63,  24.67,  24.32,  24.19,  24.06
20131015, 1800,  , HU, 32.8N, 138.9E,  70,  970,  220,  205,  175,  195,  125,  115,   95,  115,    0,    0,    0,    0, -999,  24.70,  24.29,  24.47,  24.85,  24.36,  24.73,  24.82,  24.75,  25.03,  25.18,  25.18,  25.25,  25.30,  24.66,  24.20,  23.96,  23.66,  23.05,  23.33,  22.99,  22.84,  23.90,  22.14,  21.88,  23.68,  24.68,  24.35,  23.56,  23.20,  23.22,  22.91
20131016, 0000,  , EX, 36.1N, 142.1E,  55,  982,  220,  205,  175,  195,  125,  115,   95,  115,    0,    0,    0,    0, -999,  24.46,  25.66,  25.46,  25.39,  25.29,  26.08,  25.83,  26.23,  25.29,  25.25,  25.33,  25.32,  25.43,  25.08,  25.25,  24.72,  24.70,  23.57,  24.34,  24.73,  24.19,  24.57,  23.20,  24.65,  24.26,  23.99,  24.38,  24.39,  25.02,  24.47,  24.51
20131016, 0600,  , EX, 40.2N, 145.4E,  45,  989,  220,  205,  175,  195,    0,    0,    0,    0,    0,    0,    0,    0, -999,  21.74,  20.17,  20.21,  20.74,  20.48,  20.20,  21.27,  20.69,  21.11,  21.08,  20.79,  20.98,  20.93,  20.81,  20.60,  20.94,  19.79,  19.28,  19.49,  18.07,  18.47,  17.98,  17.77,  17.53,  17.16,  18.02,  18.75,  16.65,  16.87,  17.43,  17.15
