WP271991,            UNNAMED,     51,
19911027, 0000,  , LO,  6.0N, 148.8E,  15,    0,    0,    0,    0,    0,    0,    0,    0,    0,    0,    0,    0,    0, -999,  29.15,  29.11,  28.40,  28.13,  28.17,  28.43,  28.87,  28.93,  28.44,  28.78,  28.85,  28.80,  28.79,  28.89,  28.63,  28.48,  28.29,  28.54,  28.86,  28.82,  28.44,  28.37,  28.46,  29.15,  30.24,  29.01,  28.75,  28.89,  28.78,  28.75,  29.28
19911027, 0600,  , LO,  6.2N, 148.1E,  15,    0,    0,    0,    0,    0,    0,    0,    0,    0,    0,    0,    0,    0, -999,  29.37,  29.33,  28.52,  28.25,  28.46,  28.48,  28.60,  28.74,  28.59,  28.90,  28.94,  28.86,  28.84,  28.63,  28.52,  28.36,  28.25,  28.43,  28.57,  28.56,  28.36,  28.40,  28.52,  28.95,  29.66,  28.92,  28.74,  29.04,  28.78,  28.76,  30.17
19911027, 1200,  , LO,  6.5N, 147.5E,  15,    0,    0,    0,    0,    0,    0,    0,    0,    0,    0,    0,    0,    0, -999,  29.38,  29.32,  28.89,  28.68,  28.99,  28.74,  28.54,  28.62,  28.43,  28.62,  28.64,  28.61,  28.63,  28.52,  28.58,  28.32,  28.35,  28.44,  28.55,  28.71,  28.56,  28.61,  28.62,  28.75,  29.45,  28.85,  28.72,  29.17,  28.77,  28.79,  30.38
19911027, 1800,  , LO,  6.7N, 146.8E,  20,    0,    0,    0,    0,    0,    0,    0,    0,    0,    0,    0,    0,    0, -999,  29.30,  29.41,  29.20,  28.90,  29.11,  28.83,  28.71,  28.72,  28.74,  28.48,  28.39,  28.39,  28.38,  28.31,  28.46,  28.16,  28.19,  28.63,  28.74,  28.69,  28.44,  28.39,  28.42,  28.60,  29.28,  28.91,  28.93,  29.23,  28.62,  29.00,  30.25
19911028, 0000,  , LO,  7.0N, 146.0E,  20,    0,    0,    0,    0,    0,    0,    0,    0,    0,    0,    0,    0,    0, -999,  29.20,  29.15,  28.33,  28.09,  28.18,  28.37,  28.47,  28.66,  28.60,  28.28,  28.22,  28.19,  28.31,  28.44,  27.99,  27.79,  28.08,  28.49,  28.53,  28.19,  28.13,  28.36,  28.63,  28.98,  28.65,  28.80,  29.02,  28.56,  29.11,  29.81,  29.88
19911028, 0600,  , LO,  7.2N, 145.3E,  20,    0,    0,    0,    0,    0,    0,    0,    0,    0,    0,    0,    0,    0, -999,  29.00,  28.95,  28.09,  27.89,  27.80,  27.93,  27.96,  28.18,  28.19,  28.34,  28.40,  28.33,  28.41,  28.45,  28.12,  28.00,  27.95,  28.27,  28.40,  28.25,  28.23,  28.06,  28.77,  29.09,  28.68,  28.80,  29.01,  28.88,  29.32,  29.98,  30.06
19911028, 1200,  , LO,  7.4N, 144.6E,  20,    0,    0,    0,    0,    0,    0,    0,    0,    0,    0,    0,    0,    0, -999,  28.94,  29.00,  28.89,  28.62,  28.33,  28.17,  28.19,  28.22,  28.29,  28.41,  28.42,  28.32,  28.45,  28.48,  28.51,  28.54,  27.97,  28.08,  28.47,  28.77,  28.68,  28.02,  28.58,  28.74,  28.62,  28.80,  29.03,  29.05,  29.29,  29.93,  30.11
19911028, 1800,  , LO,  7.6N, 143.9E,  20,    0,    0,    0,    0,    0,    0,    0,    0,    0,    0,    0,    0,    0, -999,  28.99,  28.86,  29.11,  29.09,  28.86,  28.64,  28.68,  28.69,  28.70,  28.71,  28.63,  28.40,  28.63,  28.84,  28.94,  28.92,  28.47,  28.34,  28.75,  29.12,  29.01,  28.33,  28.64,  28.50,  28.47,  28.77,  28.82,  28.58,  28.69,  29.40,  29.58
19911029, 0000,  , LO,  7.9N, 143.1E,  20,    0,    0,    0,    0,    0,    0,    0,    0,    0,    0,    0,    0,    0, -999,  28.49,  28.62,  29.06,  28.82,  28.31,  28.31,  28.33,  28.35,  28.38,  28.34,  28.15,  28.41,  28.73,  28.79,  28.81,  28.64,  28.69,  28.73,  28.73,  28.98,  28.65,  28.26,  28.34,  28.48,  28.87,  28.88,  28.68,  28.62,  29.36,  29.47,  29.38
19911029, 0600,  , LO,  8.1N, 142.3E,  20,    0,    0,    0,    0,    0,    0,    0,    0,    0,    0,    0,    0,    0, -999,  27.89,  28.16,  29.33,  29.12,  28.03,  28.00,  27.94,  27.94,  27.98,  28.01,  28.05,  28.08,  27.96,  27.93,  28.01,  27.93,  28.08,  27.97,  28.20,  28.82,  28.79,  28.42,  28.31,  28.43,  28.80,  28.73,  28.58,  29.27,  29.66,  29.63,  29.53
19911029, 1200,  , LO,  8.3N, 141.6E,  20,    0,    0,    0,    0,    0,    0,    0,    0,    0,    0,    0,    0,    0, -999,  27.79,  28.29,  29.95,  29.85,  28.08,  28.00,  27.86,  27.89,  27.94,  27.98,  28.02,  27.88,  27.73,  27.76,  27.90,  28.04,  28.20,  27.77,  27.81,  28.23,  28.37,  28.24,  28.14,  28.30,  28.61,  28.80,  28.56,  28.87,  29.37,  29.34,  29.26
19911029, 1800,  , LO,  8.6N, 140.9E,  20,    0,    0,    0,    0,    0,    0,    0,    0,    0,    0,    0,    0,    0, -999,  28.23,  29.10,  30.11,  30.05,  28.01,  27.94,  28.01,  28.09,  28.15,  28.20,  28.25,  28.23,  28.15,  28.35,  28.57,  28.75,  28.82,  27.95,  27.94,  28.12,  28.43,  28.41,  28.06,  28.08,  28.50,  28.64,  28.23,  28.42,  29.15,  29.17,  29.13
19911030, 0000,  , LO,  8.8N, 140.2E,  20,    0,    0,    0,    0,    0,    0,    0,    0,    0,    0,    0,    0,    0, -999,  28.92,  29.44,  29.26,  28.00,  28.29,  28.69,  28.80,  28.82,  28.83,  28.84,  28.84,  29.00,  29.24,  29.36,  29.43,  29.43,  28.19,  28.19,  28.48,  28.69,  28.28,  28.00,  28.01,  28.28,  28.32,  28.00,  28.25,  29.03,  29.22,  29.22,  29.10
19911030, 0600,  , LO,  9.1N, 139.6E,  20,    0,    0,    0,    0,    0,    0,    0,    0,    0,    0,    0,    0,    0, -999,  28.47,  28.59,  28.79,  28.30,  28.82,  29.12,  29.19,  29.18,  29.17,  29.16,  29.15,  29.14,  29.13,  29.18,  29.31,  29.32,  28.00,  28.15,  28.69,  28.93,  28.35,  28.11,  28.08,  28.05,  28.07,  27.97,  28.18,  28.84,  29.29,  29.38,  29.08
19911030, 1200,  , LO,  9.3N, 138.9E,  25,    0,    0,    0,    0,    0,    0,    0,    0,    0,    0,    0,    0,    0, -999,  27.85,  28.01,  28.40,  28.37,  28.76,  28.97,  29.06,  29.06,  29.07,  29.07,  29.07,  29.07,  29.07,  29.07,  29.07,  29.08,  27.48,  27.68,  28.51,  28.78,  28.38,  28.21,  28.19,  28.00,  28.13,  28.21,  28.42,  28.94,  29.36,  29.41,  29.10
19911030, 1800,  , LO,  9.6N, 138.2E,  25,    0,    0,    0,    0,    0,    0,    0,    0,    0,    0,    0,    0,    0, -999,  27.66,  28.02,  28.06,  28.13,  28.39,  28.54,  28.70,  28.73,  28.75,  28.77,  28.79,  28.80,  29.03,  29.14,  29.17,  29.16,  27.62,  27.88,  28.47,  28.61,  28.36,  28.22,  28.31,  28.02,  28.08,  28.27,  28.62,  28.94,  29.19,  29.19,  29.29
19911031, 0000,  , LO, 10.0N, 137.5E,  25,    0,    0,    0,    0,    0,    0,    0,    0,    0,    0,    0,    0,    0, -999,  28.85,  28.36,  28.49,  28.50,  28.48,  28.63,  28.63,  28.64,  28.64,  28.65,  28.65,  28.90,  28.95,  28.96,  28.95,  28.14,  28.37,  28.57,  28.48,  28.34,  28.27,  28.46,  28.10,  28.09,  28.07,  28.55,  28.75,  29.17,  29.32,  29.76,  29.73
19911031, 0600,  , LO, 10.4N, 136.8E,  25,    0,    0,    0,    0,    0,    0,    0,    0,    0,    0,    0,    0,    0, -999,  29.24,  28.45,  28.54,  28.43,  28.39,  28.46,  28.42,  28.43,  28.44,  28.45,  28.46,  28.71,  28.76,  28.78,  28.76,  28.32,  28.56,  28.61,  28.60,  28.40,  28.33,  28.23,  27.94,  27.97,  28.03,  28.47,  28.58,  29.04,  29.30,  29.55,  29.44
19911031, 1200,  , LO, 10.9N, 136.1E,  25,    0,    0,    0,    0,    0,    0,    0,    0,    0,    0,    0,    0,    0, -999,  29.59,  28.23,  28.11,  28.17,  28.14,  28.10,  28.10,  28.11,  28.12,  28.14,  28.15,  28.17,  28.15,  28.15,  28.17,  27.95,  28.28,  28.29,  28.43,  28.29,  28.24,  28.04,  27.62,  27.63,  28.03,  28.47,  28.67,  29.05,  29.20,  29.22,  29.23
19911031, 1800,  , LO, 11.4N, 135.5E,  25,    0,    0,    0,    0,    0,    0,    0,    0,    0,    0,    0,    0,    0, -999,  29.65,  28.31,  28.08,  28.14,  27.92,  27.89,  27.91,  27.95,  27.97,  28.00,  28.02,  28.00,  28.03,  28.03,  28.11,  27.69,  28.20,  28.41,  28.61,  28.41,  28.34,  28.27,  27.66,  27.55,  27.74,  28.18,  28.56,  28.94,  28.90,  28.83,  28.86
19911101, 0000,  , LO, 12.0N, 135.0E,  25,    0,    0,    0,    0,    0,    0,    0,    0,    0,    0,    0,    0,    0, -999,  28.50,  28.84,  29.12,  28.31,  28.15,  28.14,  28.13,  28.09,  28.34,  28.48,  28.31,  28.25,  28.31,  28.62,  28.41,  28.62,  28.41,  28.26,  27.98,  28.07,  28.06,  27.77,  27.86,  27.79,  27.92,  28.30,  28.96,  29.03,  29.07,  28.85,  28.45
19911101, 0600,  , LO, 12.5N, 134.5E,  25,    0,    0,    0,    0,    0,    0,    0,    0,    0,    0,    0,    0,    0, -999,  28.52,  28.99,  29.12,  28.17,  28.09,  28.10,  28.09,  28.05,  28.26,  28.53,  28.49,  28.72,  28.70,  28.90,  28.88,  29.01,  28.66,  28.48,  28.25,  28.19,  27.93,  27.70,  27.72,  27.70,  27.78,  28.28,  28.84,  29.13,  29.22,  28.62,  28.42
19911101, 1200,  , LO, 12.9N, 134.0E,  30,    0,    0,    0,    0,    0,    0,    0,    0,    0,    0,    0,    0,    0, -999,  28.44,  28.99,  29.08,  28.15,  28.07,  28.09,  28.34,  28.31,  28.39,  28.58,  28.58,  29.24,  29.03,  28.79,  28.69,  28.69,  28.49,  28.40,  28.14,  28.10,  27.73,  27.63,  27.47,  27.63,  28.24,  28.53,  28.71,  28.92,  29.01,  28.20,  28.44
19911101, 1800,  , LO, 13.2N, 133.3E,  30,    0,    0,    0,    0,    0,    0,    0,    0,    0,    0,    0,    0,    0, -999,  28.59,  28.76,  28.69,  28.29,  28.17,  28.17,  28.43,  28.41,  27.86,  27.60,  27.58,  28.60,  28.73,  28.48,  28.34,  28.42,  28.38,  28.22,  28.11,  28.11,  27.93,  27.73,  27.38,  27.47,  28.40,  28.42,  28.38,  28.53,  28.54,  27.95,  28.02
19911102, 0000,  , LO, 13.3N, 132.5E,  30,    0,    0,    0,    0,    0,    0,    0,    0,    0,    0,    0,    0,    0, -999,  28.32,  28.19,  28.12,  27.84,  27.74,  27.63,  27.72,  27.79,  27.84,  27.82,  28.56,  28.53,  28.31,  28.56,  28.52,  28.49,  28.35,  28.34,  28.33,  27.75,  27.70,  27.20,  27.22,  27.49,  27.52,  27.89,  28.43,  28.56,  27.90,  27.92,  27.91
19911102, 0600,  , LO, 13.3N, 131.6E,  30,    0,    0,    0,    0,    0,    0,    0,    0,    0,    0,    0,    0,    0, -999,  28.53,  28.37,  28.23,  28.00,  27.81,  27.50,  27.28,  27.35,  27.40,  27.53,  28.22,  28.20,  28.19,  28.71,  28.71,  28.71,  28.34,  28.27,  28.20,  27.94,  27.95,  27.42,  27.28,  27.40,  27.28,  27.41,  27.68,  27.82,  27.31,  27.60,  28.01
19911102, 1200,  , LO, 13.2N, 130.8E,  30,    0,    0,    0,    0,    0,    0,    0,    0,    0,    0,    0,    0,    0, -999,  28.88,  28.50,  28.29,  28.09,  27.76,  27.47,  27.22,  27.34,  27.47,  27.60,  28.48,  28.56,  28.46,  29.16,  28.85,  28.95,  28.40,  28.38,  28.30,  28.20,  28.26,  27.97,  27.32,  27.24,  27.22,  27.32,  27.32,  27.34,  27.38,  28.29,  28.49
19911102, 1800,  , LO, 13.2N, 130.1E,  30,    0,    0,    0,    0,    0,    0,    0,    0,    0,    0,    0,    0,    0, -999,  28.13,  28.17,  28.16,  27.98,  27.69,  27.59,  27.48,  27.61,  27.75,  27.79,  28.75,  28.80,  28.71,  29.01,  28.87,  28.54,  27.93,  28.13,  28.16,  28.24,  28.24,  28.01,  27.45,  27.33,  27.30,  27.33,  27.32,  27.45,  27.86,  28.24,  28.28
19911103, 0000,  , LO, 13.1N, 129.7E,  30,    0,    0,    0,    0,    0,    0,    0,    0,    0,    0,    0,    0,    0, -999,  28.22,  28.31,  28.08,  27.85,  27.79,  27.90,  27.96,  28.04,  27.91,  28.75,  28.81,  28.80,  28.83,  28.70,  28.20,  27.70,  28.24,  28.29,  28.26,  28.12,  27.85,  27.45,  27.31,  27.23,  27.28,  27.28,  27.45,  27.99,  27.93,  28.06,  27.82
19911103, 0600,  , LO, 13.1N, 129.3E,  30,    0,    0,    0,    0,    0,    0,    0,    0,    0,    0,    0,    0,    0, -999,  28.34,  28.36,  28.08,  27.91,  27.87,  27.99,  28.05,  28.11,  28.00,  28.74,  28.84,  28.87,  28.80,  28.68,  28.19,  27.77,  28.38,  28.36,  28.11,  27.82,  27.63,  27.36,  27.20,  27.13,  27.24,  27.19,  27.44,  28.03,  27.96,  28.08,  27.83
19911103, 1200,  , LO, 13.0N, 128.8E,  30,    0,    0,    0,    0,    0,    0,    0,    0,    0,    0,    0,    0,    0, -999,  28.56,  28.40,  28.03,  27.97,  27.99,  28.09,  28.08,  28.08,  27.85,  28.41,  28.73,  28.92,  28.85,  28.67,  28.36,  28.14,  28.60,  28.60,  27.91,  27.51,  27.47,  27.43,  27.15,  27.07,  27.35,  27.35,  27.35,  28.06,  28.16,  28.24,  27.76
19911103, 1800,  , LO, 12.9N, 128.3E,  30,    0,    0,    0,    0,    0,    0,    0,    0,    0,    0,    0,    0,    0, -999,  28.53,  28.32,  28.04,  28.00,  28.01,  28.08,  28.02,  28.00,  28.00,  28.20,  28.68,  29.04,  28.91,  28.78,  28.64,  28.58,  28.63,  28.76,  27.95,  27.73,  27.72,  27.65,  27.21,  27.11,  27.50,  27.77,  27.85,  28.28,  28.32,  28.49,  27.80
19911104, 0000,  , TS, 12.7N, 127.7E,  35,    0,    0,    0,    0,    0,    0,    0,    0,    0,    0,    0,    0,    0, -999,  28.51,  28.12,  27.98,  27.97,  28.04,  27.98,  27.94,  28.02,  28.10,  28.56,  28.95,  28.91,  28.90,  28.96,  28.90,  28.40,  28.21,  28.05,  27.98,  27.99,  28.02,  27.50,  27.25,  27.82,  27.90,  27.74,  27.65,  27.75,  28.18,  27.86,  27.73
19911104, 0600,  , TS, 12.4N, 127.1E,  40,    0,    0,    0,    0,    0,    0,    0,    0,    0,    0,    0,    0,    0, -999,  28.62,  28.09,  27.92,  28.03,  28.12,  28.05,  27.98,  28.08,  28.08,  28.48,  28.85,  28.84,  28.82,  28.85,  28.82,  28.42,  28.39,  28.06,  27.81,  27.73,  27.92,  27.64,  27.15,  27.54,  27.64,  27.51,  27.54,  28.19,  28.38,  28.08,  27.98
19911104, 1200,  , TS, 12.1N, 126.4E,  45,    0,    0,    0,    0,    0,    0,    0,    0,    0,    0,    0,    0,    0, -999,  28.51,  28.04,  27.79,  27.90,  27.94,  27.77,  27.61,  27.65,  27.84,  28.02,  28.26,  28.19,  28.28,  28.52,  28.52,  28.55,  28.29,  27.80,  27.44,  27.21,  27.34,  27.93,  27.68,  27.32,  27.30,  27.79,  27.91,  28.03,  27.95,  28.27,  28.31
19911104, 1800,  , TS, 11.7N, 125.6E,  45,    0,    0,    0,    0,    0,    0,    0,    0,    0,    0,    0,    0,    0, -999,  28.16,  27.72,  27.98,  27.89,  27.82,  27.62,  27.48,  27.62,  27.96,  27.98,  28.08,  27.99,  28.16,  28.50,  28.48,  28.51,  27.27,  27.08,  26.83,  26.54,  26.34,  27.39,  28.15,  27.80,  27.34,  27.88,  27.84,  27.23,  27.34,  27.95,  28.09
19911105, 0000,  , TS, 11.2N, 124.7E,  40,    0,    0,    0,    0,    0,    0,    0,    0,    0,    0,    0,    0,    0, -999,    nan,    nan,    nan,    nan,    nan,    nan,    nan,    nan,    nan,    nan,    nan,    nan,    nan,    nan,    nan,    nan,    nan,    nan,    nan,    nan,    nan,    nan,    nan,    nan,    nan,    nan,    nan,    nan,    nan,    nan,    nan
19911105, 0600,  , TS, 10.8N, 123.7E,  35,    0,    0,    0,    0,    0,    0,    0,    0,    0,    0,    0,    0,    0, -999,  29.12,  28.84,  28.84,  28.88,  28.87,  28.84,  28.82,  28.86,  28.11,  27.75,  27.91,  28.20,  28.28,  28.29,  28.33,  28.34,  28.56,  28.25,  27.32,  26.95,  26.96,  27.61,  27.84,  28.69,  28.87,  28.79,  28.69,  28.25,  28.20,  28.32,  28.42
19911105, 1200,  , TS, 10.4N, 122.6E,  35,    0,    0,    0,    0,    0,    0,    0,    0,    0,    0,    0,    0,    0, -999,  28.76,  28.37,  28.05,  28.03,  28.05,  28.08,  28.11,  28.13,  27.82,  27.82,  28.18,  28.32,  28.23,  28.01,  27.90,  28.08,  27.79,  27.46,  27.28,  26.97,  26.91,  27.17,  27.67,  28.21,  28.31,  28.24,  28.24,  27.93,  27.97,  28.42,  28.54
19911105, 1800,  , TS, 10.2N, 121.4E,  35,    0,    0,    0,    0,    0,    0,    0,    0,    0,    0,    0,    0,    0, -999,  29.46,  29.25,  29.31,  29.31,  29.32,  29.33,  29.34,  29.24,  28.67,  28.48,  28.50,  28.50,  27.98,  27.93,  28.23,  28.24,  28.08,  28.05,  27.99,  27.71,  27.73,  27.84,  27.80,  27.86,  28.08,  28.26,  27.90,  27.55,  27.67,  28.54,  28.67
19911106, 0000,  , TS, 10.3N, 120.1E,  35,    0,    0,    0,    0,    0,    0,    0,    0,    0,    0,    0,    0,    0, -999,  28.76,  28.71,  28.94,  28.99,  29.01,  29.02,  28.47,  28.19,  28.15,  28.04,  28.45,  28.41,  28.14,  28.20,  28.12,  28.00,  28.00,  27.87,  27.78,  27.52,  27.84,  28.22,  28.32,  28.89,  28.51,  28.27,  28.13,  28.87,  28.66,  28.09,  28.11
19911106, 0600,  , TS, 10.4N, 118.7E,  35,    0,    0,    0,    0,    0,    0,    0,    0,    0,    0,    0,    0,    0, -999,  29.33,  28.70,  28.68,  28.68,  28.61,  28.80,  28.21,  28.01,  28.49,  28.72,  28.66,  28.69,  29.59,  29.17,  28.92,  28.89,  27.96,  27.91,  28.26,  28.40,  28.38,  27.80,  27.79,  28.45,  28.68,  28.68,  28.47,  29.27,  29.14,  28.62,  28.60
19911106, 1200,  , TS, 10.6N, 117.4E,  35,    0,    0,    0,    0,    0,    0,    0,    0,    0,    0,    0,    0,    0, -999,  29.43,  28.97,  28.94,  28.85,  28.68,  28.86,  28.93,  28.91,  28.78,  28.15,  28.75,  28.88,  29.19,  28.63,  28.03,  28.18,  27.93,  27.63,  27.72,  27.78,  27.20,  27.12,  27.19,  28.09,  28.51,  28.32,  27.91,  28.30,  28.35,  28.34,  28.52
19911106, 1800,  , TS, 10.8N, 116.1E,  35,    0,    0,    0,    0,    0,    0,    0,    0,    0,    0,    0,    0,    0, -999,  28.57,  28.30,  28.29,  28.27,  28.05,  28.08,  28.12,  27.64,  27.55,  27.38,  28.64,  28.84,  29.05,  28.51,  28.04,  28.53,  28.70,  27.65,  27.57,  27.53,  27.29,  26.94,  27.00,  27.82,  27.94,  27.64,  27.52,  27.72,  27.97,  27.93,  28.40
19911107, 0000,  , TS, 11.0N, 114.8E,  35,    0,    0,    0,    0,    0,    0,    0,    0,    0,    0,    0,    0,    0, -999,  28.13,  28.39,  28.40,  28.25,  28.17,  28.17,  27.84,  27.74,  27.55,  28.54,  28.66,  28.65,  28.18,  27.80,  28.22,  28.38,  27.11,  27.03,  26.93,  26.60,  26.95,  27.46,  27.75,  27.77,  27.82,  27.86,  27.92,  27.87,  27.96,  28.09,  28.02
19911107, 0600,  , TS, 11.1N, 113.5E,  35,    0,    0,    0,    0,    0,    0,    0,    0,    0,    0,    0,    0,    0, -999,  28.93,  28.44,  28.08,  28.03,  28.03,  28.51,  28.69,  27.87,  27.65,  28.01,  28.10,  28.48,  28.07,  27.43,  27.43,  27.46,  26.55,  26.81,  26.59,  26.52,  26.90,  26.92,  26.93,  26.99,  27.50,  27.62,  27.46,  27.26,  27.45,  27.58,  27.85
19911107, 1200,  , LO, 11.1N, 112.2E,  30,    0,    0,    0,    0,    0,    0,    0,    0,    0,    0,    0,    0,    0, -999,  28.64,  28.56,  28.57,  28.58,  28.56,  28.57,  28.49,  28.04,  27.65,  27.46,  27.77,  28.24,  28.32,  27.84,  27.67,  27.84,  27.57,  27.84,  27.08,  26.89,  26.80,  26.90,  26.77,  26.63,  26.51,  26.98,  27.04,  26.77,  26.98,  26.90,  26.99
19911107, 1800,  , LO, 11.0N, 110.7E,  30,    0,    0,    0,    0,    0,    0,    0,    0,    0,    0,    0,    0,    0, -999,  28.27,  28.35,  28.45,  28.49,  28.40,  28.12,  28.43,  28.53,  28.15,  27.78,  27.71,  28.26,  28.37,  28.28,  28.01,  27.59,  27.66,  27.76,  27.37,  27.13,  26.83,  26.80,  26.87,  26.90,  26.67,  26.57,  26.81,  26.94,  26.54,  26.73,  26.67
19911108, 0000,  , LO, 10.9N, 109.4E,  30,    0,    0,    0,    0,    0,    0,    0,    0,    0,    0,    0,    0,    0, -999,  28.06,  28.14,  28.16,  27.89,  27.49,  27.19,  27.12,  27.00,  26.76,  26.96,  27.03,  27.45,  27.47,  27.50,  27.59,  27.78,  27.85,  27.24,  26.82,  26.33,  25.86,  25.87,  25.91,  25.81,  25.84,  26.25,  26.50,  26.17,  25.92,  25.69,  25.62
19911108, 0600,  , LO, 10.6N, 108.0E,  30,    0,    0,    0,    0,    0,    0,    0,    0,    0,    0,    0,    0,    0, -999,  28.40,  28.31,  28.29,  27.73,  27.58,  27.72,  27.79,  27.78,  27.41,  27.27,  27.43,  28.01,  27.78,  27.59,  27.60,  27.56,  27.65,  26.49,  26.33,  26.29,  26.07,  26.32,  26.69,  26.79,  26.26,  26.41,  26.69,  26.56,  26.19,  26.22,  26.13
19911108, 1200,  , LO, 10.4N, 106.8E,  25,    0,    0,    0,    0,    0,    0,    0,    0,    0,    0,    0,    0,    0, -999,  28.12,  28.26,  28.06,  27.68,  27.67,  28.52,  28.87,  28.86,  28.67,  28.49,  28.38,  28.11,  27.66,  27.68,  27.78,  27.70,  27.71,  27.21,  27.24,  27.23,  27.16,  28.03,  28.33,  28.05,  27.77,  27.82,  27.76,  27.57,  27.19,  27.56,  27.36
