WP272007,            UNNAMED,     21,
20071002, 1200,  , XX, 28.3N, 167.3E,  25, 1004,    0,    0,    0,    0,    0,    0,    0,    0,    0,    0,    0,    0, -999,  28.70,  28.69,  28.55,  28.37,  28.56,  28.52,  28.49,  28.60,  28.91,  28.89,  28.58,  28.60,  28.69,  28.68,  28.51,  28.54,  28.30,  28.21,  27.97,  27.93,  27.72,  27.72,  27.67,  27.58,  27.64,  27.34,  27.39,  27.05,  27.19,  27.22,  27.12
20071002, 1800,  , XX, 28.3N, 168.4E,  25, 1004,    0,    0,    0,    0,    0,    0,    0,    0,    0,    0,    0,    0, -999,  28.77,  28.66,  28.69,  28.53,  28.63,  28.59,  28.50,  28.41,  28.82,  28.69,  28.02,  28.13,  28.37,  28.29,  27.66,  27.83,  27.70,  27.28,  27.03,  26.96,  26.99,  26.95,  27.08,  27.04,  27.23,  27.02,  27.09,  26.95,  26.99,  26.87,  26.83
20071003, 0000,  , XX, 28.2N, 169.3E,  25, 1004,    0,    0,    0,    0,    0,    0,    0,    0,    0,    0,    0,    0, -999,  28.52,  28.50,  28.09,  28.06,  28.21,  28.46,  28.64,  29.05,  28.70,  28.24,  28.26,  28.14,  28.20,  27.90,  28.02,  27.78,  27.90,  27.26,  26.50,  26.70,  26.94,  27.05,  27.05,  27.48,  27.41,  27.52,  27.32,  27.52,  26.65,  26.43,  26.66
20071003, 0600,  , XX, 28.0N, 169.9E,  25, 1004,    0,    0,    0,    0,    0,    0,    0,    0,    0,    0,    0,    0, -999,  28.16,  28.62,  28.62,  28.59,  28.78,  28.86,  28.87,  28.94,  28.82,  28.47,  28.38,  28.31,  28.20,  28.14,  28.26,  28.20,  28.22,  27.78,  27.31,  27.22,  26.97,  27.05,  27.25,  27.62,  27.55,  27.45,  26.98,  26.24,  25.85,  26.44,  26.80
20071003, 1200,  , TD, 27.7N, 170.5E,  30, 1000,    0,    0,    0,    0,    0,    0,    0,    0,    0,    0,    0,    0, -999,  28.43,  28.72,  28.64,  28.58,  29.05,  29.02,  28.69,  28.78,  28.70,  28.62,  28.58,  28.37,  28.19,  28.14,  28.05,  28.18,  28.26,  27.72,  27.80,  27.60,  26.96,  27.02,  27.00,  26.99,  26.76,  26.51,  26.26,  25.98,  25.65,  26.08,  26.24
20071003, 1800,  , TD, 27.6N, 171.2E,  30, 1000,    0,    0,    0,    0,    0,    0,    0,    0,    0,    0,    0,    0, -999,  28.64,  28.78,  28.78,  28.65,  28.81,  28.60,  28.28,  28.37,  28.29,  28.24,  28.37,  28.20,  28.15,  28.26,  28.14,  28.21,  28.26,  27.94,  27.87,  27.59,  26.77,  26.62,  26.48,  26.32,  26.27,  26.46,  26.33,  25.71,  25.39,  25.58,  25.86
20071004, 0000,  , TD, 27.5N, 171.4E,  30, 1000,    0,    0,    0,    0,    0,    0,    0,    0,    0,    0,    0,    0, -999,  28.89,  28.83,  28.62,  28.76,  28.48,  28.45,  28.60,  28.50,  28.48,  28.78,  28.70,  28.48,  28.45,  28.27,  28.35,  28.30,  28.23,  27.98,  27.61,  26.80,  26.57,  26.43,  26.24,  26.29,  26.69,  26.55,  25.61,  25.66,  25.87,  26.24,  26.24
20071004, 0600,  , TS, 27.4N, 171.6E,  35,  996,    0,    0,    0,    0,    0,    0,    0,    0,    0,    0,    0,    0, -999,  28.75,  28.73,  28.50,  28.57,  28.20,  28.25,  28.43,  28.40,  28.28,  28.45,  28.26,  27.94,  27.96,  27.88,  28.03,  28.04,  28.03,  27.90,  27.22,  26.57,  26.44,  26.34,  26.22,  26.24,  26.51,  26.45,  25.47,  26.00,  26.31,  26.52,  26.50
20071004, 1200,  , TS, 27.4N, 171.7E,  35,  996,    0,    0,    0,    0,    0,    0,    0,    0,    0,    0,    0,    0, -999,  28.75,  28.73,  28.50,  28.57,  28.20,  28.25,  28.43,  28.40,  28.28,  28.45,  28.26,  27.94,  27.96,  27.88,  28.03,  28.04,  28.03,  27.90,  27.22,  26.57,  26.44,  26.34,  26.22,  26.24,  26.51,  26.45,  25.47,  26.00,  26.31,  26.52,  26.50
20071004, 1800,  , TS, 27.5N, 171.8E,  40,  993,    0,    0,    0,    0,    0,    0,    0,    0,    0,    0,    0,    0, -999,  28.78,  28.79,  28.50,  28.52,  28.08,  28.15,  28.35,  28.26,  28.03,  28.12,  28.04,  27.82,  27.95,  27.87,  28.06,  28.07,  28.06,  28.00,  27.16,  26.50,  26.48,  26.38,  26.30,  26.29,  26.48,  26.43,  25.48,  26.11,  26.46,  26.70,  26.73
20071005, 0000,  , TS, 27.8N, 171.9E,  45,  989,    0,    0,    0,    0,    0,    0,    0,    0,    0,    0,    0,    0, -999,  28.52,  28.26,  28.07,  27.96,  28.08,  28.23,  28.20,  27.98,  28.10,  28.08,  27.94,  28.05,  28.09,  28.21,  28.20,  28.18,  27.99,  26.98,  26.35,  26.55,  26.31,  26.22,  26.21,  26.44,  26.31,  25.53,  26.03,  26.27,  26.69,  26.52,  26.98
20071005, 0600,  , TS, 28.1N, 171.9E,  50,  985,    0,    0,    0,    0,    0,    0,    0,    0,    0,    0,    0,    0, -999,  28.54,  28.31,  28.08,  28.02,  28.09,  28.19,  28.18,  28.03,  28.18,  28.14,  28.04,  28.14,  28.14,  28.18,  28.10,  28.00,  27.77,  26.85,  26.22,  26.53,  26.28,  26.12,  26.13,  26.41,  26.27,  25.61,  26.04,  26.16,  26.58,  26.31,  26.73
20071005, 1200,  , TS, 28.3N, 171.7E,  50,  985,    0,    0,    0,    0,    0,    0,    0,    0,    0,    0,    0,    0, -999,  28.25,  28.19,  27.96,  27.95,  27.83,  27.98,  28.10,  27.95,  28.01,  27.67,  27.49,  27.79,  28.01,  28.17,  28.15,  27.72,  27.39,  26.68,  26.26,  26.78,  26.85,  26.81,  26.95,  27.09,  26.86,  26.52,  26.73,  26.59,  27.25,  27.23,  27.31
20071005, 1800,  , TS, 28.4N, 171.4E,  45,  989,    0,    0,    0,    0,    0,    0,    0,    0,    0,    0,    0,    0, -999,  27.95,  28.10,  27.98,  28.05,  27.77,  27.98,  28.00,  27.95,  28.10,  27.92,  27.80,  27.84,  28.04,  28.06,  27.97,  27.38,  27.28,  27.05,  26.71,  27.17,  27.07,  26.83,  26.72,  26.93,  26.51,  26.36,  26.54,  26.48,  26.89,  26.97,  27.05
20071006, 0000,  , TS, 28.8N, 171.0E,  40,  993,    0,    0,    0,    0,    0,    0,    0,    0,    0,    0,    0,    0, -999,  28.19,  28.27,  28.47,  27.90,  27.97,  28.01,  27.91,  27.96,  27.32,  27.12,  27.44,  27.79,  27.88,  27.86,  27.50,  27.61,  27.35,  27.02,  27.05,  27.13,  27.30,  27.32,  27.21,  26.54,  26.67,  26.73,  26.45,  26.80,  27.07,  27.07,  26.70
20071006, 0600,  , TS, 29.4N, 170.5E,  40,  993,    0,    0,    0,    0,    0,    0,    0,    0,    0,    0,    0,    0, -999,  27.83,  28.18,  28.30,  27.35,  27.01,  27.06,  26.88,  27.23,  27.16,  27.07,  26.89,  27.08,  27.23,  27.56,  27.53,  27.12,  27.10,  26.67,  26.72,  26.74,  26.94,  26.98,  26.90,  26.62,  26.76,  26.75,  26.26,  26.94,  27.46,  27.03,  26.61
20071006, 1200,  , TS, 30.3N, 170.1E,  35,  996,    0,    0,    0,    0,    0,    0,    0,    0,    0,    0,    0,    0, -999,  28.10,  28.11,  27.79,  27.59,  27.47,  27.86,  27.73,  27.77,  27.67,  27.59,  27.43,  27.48,  27.57,  27.73,  27.37,  27.36,  27.42,  27.24,  27.39,  27.33,  27.51,  27.48,  27.17,  27.08,  26.79,  26.70,  26.84,  26.88,  27.17,  26.89,  26.57
20071006, 1800,  , TD, 31.6N, 170.2E,  30, 1000,    0,    0,    0,    0,    0,    0,    0,    0,    0,    0,    0,    0, -999,  27.92,  28.04,  27.59,  27.60,  26.86,  26.54,  27.14,  26.76,  27.07,  26.48,  26.76,  27.18,  27.18,  26.91,  26.92,  26.96,  27.02,  27.19,  27.57,  27.11,  27.37,  27.51,  27.15,  26.81,  26.64,  26.97,  27.06,  26.86,  27.05,  27.13,  26.63
20071007, 0000,  , TD, 33.6N, 170.8E,  30, 1000,    0,    0,    0,    0,    0,    0,    0,    0,    0,    0,    0,    0, -999,  27.12,  26.64,  26.70,  26.55,  26.05,  26.46,  26.70,  26.50,  26.90,  26.76,  26.71,  26.40,  27.10,  26.69,  26.65,  26.29,  26.51,  26.48,  26.32,  26.24,  26.68,  27.10,  26.29,  25.69,  25.58,  25.89,  25.84,  25.95,  24.74,  23.80,  23.72
20071007, 0600,  , TD, 36.2N, 172.0E,  30, 1000,    0,    0,    0,    0,    0,    0,    0,    0,    0,    0,    0,    0, -999,  21.99,  22.63,  22.80,  22.87,  22.49,  23.25,  23.35,  23.28,  23.91,  23.70,  23.79,  23.59,  23.71,  23.44,  23.04,  22.97,  23.21,  23.11,  23.24,  23.41,  23.39,  23.25,  23.61,  24.22,  24.30,  24.15,  23.93,  24.45,  24.57,  24.55,  24.73
20071007, 1200,  , DB, 39.1N, 174.1E,  20, 1007,    0,    0,    0,    0,    0,    0,    0,    0,    0,    0,    0,    0, -999,  19.09,  18.95,  19.38,  19.32,  19.13,  19.33,  19.23,  19.02,  18.87,  18.80,  19.26,  19.84,  19.66,  18.81,  18.92,  18.74,  19.42,  19.45,  19.27,  18.52,  18.18,  18.57,  18.40,  18.44,  18.19,  17.91,  18.14,  18.03,  17.85,  17.74,  17.54
