WP272000,            UNNAMED,     13,
20000927, 1800,  , TD, 23.9N, 165.1E,  20,    0,    0,    0,    0,    0,    0,    0,    0,    0,    0,    0,    0,    0, -999,  28.81,  28.72,  28.83,  28.73,  28.64,  28.54,  28.57,  28.75,  28.34,  28.07,  28.09,  27.86,  26.39,  25.45,  25.41,  25.81,  26.50,  26.26,  26.78,  26.41,  26.92,  26.88,  27.13,  27.42,  27.34,  27.50,  27.78,  27.62,  27.41,  27.45,  27.48
20000928, 0000,  , TD, 24.5N, 165.1E,  20,    0,    0,    0,    0,    0,    0,    0,    0,    0,    0,    0,    0,    0, -999,  28.86,  28.85,  28.77,  28.67,  28.50,  28.41,  28.45,  28.16,  27.94,  27.89,  27.99,  26.92,  25.95,  25.58,  25.56,  25.77,  25.45,  25.96,  26.24,  26.69,  26.70,  26.84,  27.16,  27.11,  27.24,  27.57,  27.33,  27.16,  27.25,  27.29,  27.55
20000928, 0600,  , TD, 25.1N, 165.1E,  20,    0,    0,    0,    0,    0,    0,    0,    0,    0,    0,    0,    0,    0, -999,  28.91,  28.81,  28.67,  28.65,  28.54,  28.64,  28.54,  28.40,  28.35,  28.33,  28.07,  27.01,  26.33,  25.75,  25.68,  25.69,  25.76,  26.19,  26.31,  26.32,  26.49,  26.72,  26.88,  27.12,  27.48,  27.67,  26.92,  26.86,  27.21,  27.11,  27.15
20000928, 1200,  , TD, 25.8N, 165.2E,  25,    0,    0,    0,    0,    0,    0,    0,    0,    0,    0,    0,    0,    0, -999,  28.77,  28.71,  28.58,  28.48,  28.46,  28.54,  28.50,  28.43,  28.41,  28.32,  28.06,  27.30,  26.98,  26.63,  26.46,  26.39,  26.39,  26.80,  27.04,  27.10,  27.05,  26.96,  26.92,  26.73,  26.68,  27.00,  26.58,  26.57,  26.80,  26.90,  26.84
20000928, 1800,  , TD, 26.7N, 165.4E,  25,    0,    0,    0,    0,    0,    0,    0,    0,    0,    0,    0,    0,    0, -999,  28.59,  28.44,  28.56,  28.57,  28.70,  28.56,  28.52,  28.30,  28.19,  28.04,  27.80,  26.97,  26.85,  26.89,  26.94,  27.02,  27.22,  27.22,  27.06,  27.12,  27.03,  27.21,  27.20,  27.15,  27.36,  27.56,  27.07,  26.91,  26.94,  26.82,  26.73
20000929, 0000,  , TS, 27.3N, 165.7E,  35,    0,    0,    0,    0,    0,    0,    0,    0,    0,    0,    0,    0,    0, -999,  28.47,  28.62,  28.68,  28.80,  28.58,  28.35,  28.26,  28.29,  27.99,  27.79,  26.80,  26.48,  26.42,  26.36,  26.32,  26.21,  26.37,  26.42,  26.95,  27.06,  27.25,  27.23,  27.17,  27.11,  27.36,  26.93,  26.80,  26.88,  26.75,  26.62,  26.89
20000929, 0600,  , TS, 27.9N, 166.1E,  35,    0,    0,    0,    0,    0,    0,    0,    0,    0,    0,    0,    0,    0, -999,  28.73,  28.87,  28.89,  29.05,  28.68,  28.35,  28.22,  28.25,  27.82,  27.74,  26.99,  26.51,  26.12,  26.02,  26.01,  25.98,  25.97,  25.82,  25.90,  25.87,  25.82,  25.80,  25.84,  25.59,  25.92,  25.58,  25.55,  25.59,  25.57,  25.65,  26.02
20000929, 1200,  , TD, 28.3N, 166.4E,  30,    0,    0,    0,    0,    0,    0,    0,    0,    0,    0,    0,    0,    0, -999,  28.63,  28.88,  28.78,  28.67,  28.47,  28.28,  28.12,  28.13,  27.84,  27.65,  27.20,  26.69,  25.79,  25.54,  25.50,  25.37,  25.39,  25.22,  25.23,  25.49,  25.46,  25.58,  25.62,  25.48,  25.82,  25.52,  25.39,  25.54,  25.56,  25.50,  25.72
20000929, 1800,  , TD, 28.7N, 166.8E,  30,    0,    0,    0,    0,    0,    0,    0,    0,    0,    0,    0,    0,    0, -999,  28.44,  28.84,  28.84,  28.64,  28.52,  28.22,  27.97,  27.96,  27.79,  27.67,  26.88,  25.95,  25.06,  24.85,  25.02,  25.00,  25.37,  24.96,  24.95,  25.02,  24.80,  25.03,  25.11,  25.03,  25.55,  25.31,  25.04,  25.29,  25.52,  25.46,  25.46
20000930, 0000,  , TD, 29.1N, 167.3E,  25,    0,    0,    0,    0,    0,    0,    0,    0,    0,    0,    0,    0,    0, -999,  28.71,  28.71,  28.38,  28.28,  28.11,  27.62,  27.47,  27.30,  27.27,  26.73,  25.59,  24.92,  24.46,  24.53,  24.83,  25.00,  24.56,  24.28,  24.39,  23.98,  24.10,  24.38,  24.32,  25.09,  25.05,  24.99,  25.17,  25.48,  25.50,  25.16,  25.20
20000930, 0600,  , TD, 29.4N, 167.8E,  25,    0,    0,    0,    0,    0,    0,    0,    0,    0,    0,    0,    0,    0, -999,  28.54,  28.36,  28.02,  27.94,  27.86,  27.55,  27.50,  27.41,  27.35,  27.05,  25.45,  24.09,  23.64,  23.52,  23.52,  23.57,  23.54,  23.28,  23.35,  23.07,  23.40,  23.86,  23.98,  24.50,  24.46,  23.87,  23.60,  23.90,  23.92,  23.78,  24.16
20000930, 1200,  , TD, 29.8N, 168.1E,  25,    0,    0,    0,    0,    0,    0,    0,    0,    0,    0,    0,    0,    0, -999,  28.42,  28.09,  27.81,  27.70,  27.61,  27.36,  27.28,  27.20,  27.19,  27.08,  25.45,  24.59,  24.47,  24.36,  24.21,  24.08,  24.07,  23.83,  23.70,  23.52,  23.98,  24.33,  24.46,  24.67,  24.86,  24.31,  24.02,  24.35,  24.35,  24.38,  24.64
20000930, 1800,  , TD, 30.0N, 168.2E,  25,    0,    0,    0,    0,    0,    0,    0,    0,    0,    0,    0,    0,    0, -999,  28.47,  28.10,  27.88,  27.77,  27.63,  27.40,  27.35,  27.29,  27.25,  27.16,  25.59,  25.00,  24.84,  24.72,  24.46,  24.35,  24.35,  24.05,  23.66,  23.37,  23.81,  24.17,  24.40,  24.64,  24.95,  24.55,  24.43,  24.77,  24.50,  24.42,  24.73
