WP291995,            UNNAMED,     74,
19951020, 0600,  , LO,  5.0N, 176.5E,  15,    0,    0,    0,    0,    0,    0,    0,    0,    0,    0,    0,    0,    0, -999,  29.75,  30.14,  29.52,  29.69,  29.67,  29.84,  29.34,  29.76,  29.53,  29.54,  29.88,  29.61,  29.66,  29.52,  29.28,  29.38,  29.21,  29.29,  29.51,  29.71,  29.47,  29.85,  29.57,  29.05,  28.87,  29.00,  29.17,  28.97,  28.81,  28.76,  28.91
19951020, 1200,  , LO,  5.0N, 175.1E,  15,    0,    0,    0,    0,    0,    0,    0,    0,    0,    0,    0,    0,    0, -999,  29.84,  30.42,  29.84,  30.10,  29.94,  29.55,  29.41,  29.62,  29.58,  29.56,  29.80,  29.48,  29.55,  29.55,  29.73,  29.88,  29.77,  29.55,  29.37,  29.67,  29.65,  29.59,  29.55,  29.23,  29.31,  29.26,  29.56,  29.73,  29.75,  29.18,  29.05
19951020, 1800,  , LO,  5.0N, 173.5E,  15,    0,    0,    0,    0,    0,    0,    0,    0,    0,    0,    0,    0,    0, -999,  29.48,  30.16,  29.58,  29.89,  30.25,  29.82,  29.51,  29.60,  29.64,  29.55,  29.77,  29.61,  29.48,  29.52,  30.16,  30.30,  30.43,  29.96,  30.02,  30.53,  30.30,  29.82,  28.68,  30.11,  29.24,  29.06,  29.38,  29.41,  29.23,  29.21,  28.96
19951021, 0000,  , LO,  5.2N, 172.0E,  15,    0,    0,    0,    0,    0,    0,    0,    0,    0,    0,    0,    0,    0, -999,  29.85,  29.42,  29.46,  29.76,  30.01,  29.39,  29.37,  29.44,  29.87,  30.14,  30.02,  30.06,  30.15,  30.16,  29.88,  29.90,  29.17,  29.35,  29.73,  29.84,  29.34,  29.69,  29.31,  29.29,  29.26,  29.58,  29.84,  29.78,  29.08,  28.92,  29.30
19951021, 0600,  , LO,  5.6N, 170.7E,  15,    0,    0,    0,    0,    0,    0,    0,    0,    0,    0,    0,    0,    0, -999,  30.54,  30.52,  29.96,  30.23,  30.11,  29.25,  29.56,  29.61,  29.83,  30.09,  29.75,  29.55,  29.74,  29.84,  29.64,  29.91,  29.86,  30.08,  29.91,  29.69,  29.34,  29.85,  29.79,  29.40,  29.39,  28.80,  28.23,  29.46,  29.31,  27.77,  28.51
19951021, 1200,  , LO,  6.1N, 169.4E,  15,    0,    0,    0,    0,    0,    0,    0,    0,    0,    0,    0,    0,    0, -999,  30.35,  30.15,  29.62,  29.76,  29.88,  29.78,  29.98,  29.76,  29.79,  30.08,  29.90,  29.64,  29.59,  29.30,  28.87,  29.31,  29.15,  29.41,  29.34,  29.30,  29.44,  29.77,  29.68,  29.18,  29.03,  28.99,  29.15,  28.91,  29.00,  28.94,  29.02
19951021, 1800,  , LO,  6.5N, 168.3E,  15,    0,    0,    0,    0,    0,    0,    0,    0,    0,    0,    0,    0,    0, -999,  30.17,  30.02,  29.61,  29.72,  29.79,  29.70,  30.05,  29.80,  29.96,  29.97,  29.82,  29.44,  29.42,  29.14,  29.03,  29.42,  29.65,  29.98,  29.93,  29.80,  29.71,  29.86,  29.52,  29.29,  29.18,  29.32,  29.68,  29.39,  29.39,  28.92,  29.15
19951022, 0000,  , LO,  7.0N, 167.0E,  15,    0,    0,    0,    0,    0,    0,    0,    0,    0,    0,    0,    0,    0, -999,  29.82,  29.56,  29.55,  29.74,  30.02,  29.66,  29.42,  29.52,  29.64,  29.64,  29.39,  29.48,  29.49,  29.57,  29.95,  29.49,  29.64,  29.50,  29.54,  29.50,  29.60,  29.50,  29.57,  29.58,  29.56,  29.78,  29.64,  29.20,  28.81,  29.07,  29.32
19951022, 0600,  , LO,  7.3N, 165.7E,  15,    0,    0,    0,    0,    0,    0,    0,    0,    0,    0,    0,    0,    0, -999,  29.79,  29.73,  29.51,  29.74,  29.92,  29.48,  29.22,  29.53,  29.70,  29.68,  29.62,  29.83,  29.62,  29.63,  29.66,  29.53,  29.50,  29.52,  29.53,  29.56,  29.72,  29.57,  29.69,  29.80,  29.59,  29.70,  29.44,  29.30,  29.35,  29.32,  29.52
19951022, 1200,  , LO,  7.5N, 164.5E,  15,    0,    0,    0,    0,    0,    0,    0,    0,    0,    0,    0,    0,    0, -999,  29.97,  29.81,  29.61,  29.71,  30.06,  29.76,  30.02,  29.58,  29.81,  30.03,  29.84,  29.59,  29.49,  29.68,  29.59,  29.25,  29.26,  29.29,  29.44,  29.71,  29.82,  29.73,  29.48,  29.57,  29.60,  29.69,  29.47,  29.34,  29.29,  29.29,  29.52
19951022, 1800,  , LO,  7.7N, 163.4E,  15,    0,    0,    0,    0,    0,    0,    0,    0,    0,    0,    0,    0,    0, -999,  30.09,  29.77,  29.76,  29.81,  30.20,  30.05,  29.87,  29.64,  29.70,  30.02,  29.74,  29.70,  29.66,  29.61,  29.38,  29.10,  29.17,  29.17,  29.10,  29.43,  29.49,  29.44,  29.54,  29.49,  29.48,  29.63,  29.57,  29.67,  29.13,  29.11,  29.43
19951023, 0000,  , LO,  7.9N, 161.9E,  15,    0,    0,    0,    0,    0,    0,    0,    0,    0,    0,    0,    0,    0, -999,  29.80,  29.86,  29.76,  30.01,  30.07,  29.77,  29.51,  29.50,  29.80,  29.49,  29.33,  29.38,  29.23,  29.16,  28.97,  28.91,  28.96,  29.01,  29.28,  29.41,  29.33,  29.31,  29.43,  29.42,  29.40,  29.48,  29.63,  29.21,  29.34,  29.58,  29.62
19951023, 0600,  , LO,  8.1N, 160.2E,  15,    0,    0,    0,    0,    0,    0,    0,    0,    0,    0,    0,    0,    0, -999,  29.91,  29.81,  29.37,  29.28,  29.56,  29.25,  28.69,  28.86,  29.52,  29.48,  29.30,  29.44,  29.05,  29.19,  29.16,  29.26,  29.16,  29.34,  29.48,  29.36,  29.26,  29.16,  29.02,  28.80,  28.72,  29.02,  29.36,  28.88,  29.08,  29.26,  29.10
19951023, 1200,  , LO,  8.4N, 158.3E,  15,    0,    0,    0,    0,    0,    0,    0,    0,    0,    0,    0,    0,    0, -999,  30.03,  30.11,  29.75,  29.34,  29.47,  30.06,  29.33,  29.36,  29.80,  29.49,  29.38,  29.17,  29.06,  29.14,  29.06,  29.07,  28.97,  29.15,  29.18,  28.53,  28.15,  28.00,  28.27,  28.41,  28.84,  28.94,  29.51,  29.37,  29.34,  29.10,  28.89
19951023, 1800,  , LO,  8.7N, 156.3E,  15,    0,    0,    0,    0,    0,    0,    0,    0,    0,    0,    0,    0,    0, -999,  30.09,  30.27,  29.94,  29.75,  29.98,  30.09,  29.80,  29.80,  29.74,  29.54,  29.77,  29.68,  29.61,  29.62,  29.53,  29.46,  29.17,  29.24,  29.22,  29.16,  29.12,  29.16,  29.39,  29.48,  29.63,  29.83,  29.86,  29.65,  29.34,  29.24,  29.26
19951024, 0000,  , LO,  9.0N, 154.5E,  15,    0,    0,    0,    0,    0,    0,    0,    0,    0,    0,    0,    0,    0, -999,  29.87,  29.72,  29.81,  29.63,  29.83,  29.92,  30.16,  30.00,  29.94,  30.09,  30.04,  29.90,  29.84,  29.76,  29.79,  29.29,  29.31,  29.32,  29.19,  29.23,  29.26,  29.31,  29.43,  29.31,  29.41,  29.23,  29.13,  29.02,  28.98,  29.00,  28.97
19951024, 0600,  , LO,  9.3N, 152.9E,  20,    0,    0,    0,    0,    0,    0,    0,    0,    0,    0,    0,    0,    0, -999,  29.28,  29.65,  29.68,  29.59,  29.75,  30.00,  30.25,  30.18,  29.80,  29.84,  29.74,  29.50,  29.57,  29.59,  29.66,  29.35,  29.54,  29.67,  29.62,  29.62,  29.59,  29.46,  29.54,  29.42,  29.51,  29.47,  29.34,  29.20,  29.15,  29.13,  29.06
19951024, 1200,  , LO,  9.7N, 151.4E,  20,    0,    0,    0,    0,    0,    0,    0,    0,    0,    0,    0,    0,    0, -999,  29.16,  29.38,  29.50,  29.61,  29.55,  29.55,  29.71,  29.46,  29.33,  29.38,  29.12,  28.97,  29.12,  29.11,  29.23,  29.22,  29.20,  29.39,  29.37,  29.31,  29.26,  29.11,  29.21,  29.02,  28.97,  29.22,  29.39,  29.27,  29.11,  29.06,  28.97
19951024, 1800,  , LO, 10.0N, 150.0E,  20,    0,    0,    0,    0,    0,    0,    0,    0,    0,    0,    0,    0,    0, -999,  29.16,  29.08,  29.14,  29.20,  29.24,  29.49,  29.51,  29.41,  29.18,  29.37,  29.20,  29.26,  29.61,  29.34,  29.41,  29.52,  29.44,  29.31,  29.15,  28.97,  28.90,  28.89,  29.09,  29.23,  29.14,  29.34,  29.69,  29.46,  29.10,  29.02,  28.93
19951025, 0000,  , LO, 10.1N, 149.0E,  20,    0,    0,    0,    0,    0,    0,    0,    0,    0,    0,    0,    0,    0, -999,  29.43,  29.55,  29.61,  29.78,  29.90,  29.75,  29.88,  29.64,  29.61,  29.55,  29.63,  29.77,  29.69,  29.59,  29.59,  29.55,  29.21,  28.98,  28.81,  28.69,  28.75,  29.16,  29.36,  29.26,  29.36,  30.08,  29.75,  29.54,  29.51,  29.38,  29.23
19951025, 0600,  , LO, 10.2N, 148.2E,  20,    0,    0,    0,    0,    0,    0,    0,    0,    0,    0,    0,    0,    0, -999,  29.40,  29.42,  29.39,  29.42,  29.49,  28.95,  29.08,  29.19,  29.21,  29.36,  29.54,  29.84,  29.66,  29.47,  29.37,  29.27,  29.04,  28.84,  29.02,  28.62,  28.81,  29.01,  29.29,  29.30,  29.38,  29.86,  29.72,  29.50,  29.43,  29.31,  29.09
19951025, 1200,  , LO, 10.2N, 147.5E,  25,    0,    0,    0,    0,    0,    0,    0,    0,    0,    0,    0,    0,    0, -999,  29.58,  29.62,  29.60,  29.61,  29.71,  29.00,  28.96,  29.21,  29.24,  29.38,  29.37,  29.54,  29.46,  29.36,  29.27,  29.13,  28.88,  28.87,  29.04,  28.61,  28.70,  28.92,  29.16,  29.27,  29.23,  29.62,  29.58,  29.35,  29.28,  29.23,  29.00
19951025, 1800,  , LO, 10.2N, 146.5E,  30,    0,    0,    0,    0,    0,    0,    0,    0,    0,    0,    0,    0,    0, -999,  29.37,  29.34,  29.34,  29.51,  29.53,  29.12,  28.83,  28.88,  28.88,  29.15,  29.21,  29.40,  29.47,  29.40,  29.46,  29.23,  28.93,  28.80,  29.12,  28.80,  29.05,  29.37,  29.51,  29.59,  29.40,  29.57,  29.38,  29.25,  29.26,  29.33,  29.14
19951026, 0000,  , TS, 10.4N, 145.4E,  35,    0,    0,    0,    0,    0,    0,    0,    0,    0,    0,    0,    0,    0, -999,  29.43,  29.43,  29.42,  29.35,  29.27,  28.94,  28.76,  28.70,  29.04,  29.09,  29.23,  29.41,  29.23,  29.33,  29.16,  28.77,  28.64,  28.96,  29.05,  28.91,  29.12,  29.23,  29.13,  29.10,  29.32,  29.20,  29.16,  29.22,  29.32,  29.21,  29.23
19951026, 0600,  , TS, 10.9N, 144.3E,  40,    0,    0,    0,    0,    0,    0,    0,    0,    0,    0,    0,    0,    0, -999,  29.48,  29.39,  29.37,  29.33,  29.26,  29.07,  28.90,  28.92,  29.21,  29.37,  29.20,  29.30,  29.15,  29.19,  29.12,  29.10,  28.86,  28.75,  28.69,  28.51,  28.79,  28.87,  28.93,  28.79,  29.17,  28.95,  29.03,  29.01,  29.25,  29.20,  29.16
19951026, 1200,  , TS, 11.4N, 143.2E,  40,    0,    0,    0,    0,    0,    0,    0,    0,    0,    0,    0,    0,    0, -999,  29.26,  29.10,  29.00,  28.95,  28.91,  28.98,  29.00,  29.28,  29.36,  29.49,  29.54,  29.41,  29.26,  29.26,  29.22,  29.20,  29.08,  29.06,  29.14,  28.60,  29.11,  29.04,  29.04,  28.59,  28.81,  28.87,  29.00,  28.97,  29.12,  29.14,  29.08
19951026, 1800,  , TS, 11.8N, 142.2E,  45,    0,    0,    0,    0,    0,    0,    0,    0,    0,    0,    0,    0,    0, -999,  29.26,  29.20,  29.38,  29.44,  29.50,  29.51,  29.52,  29.58,  29.48,  29.60,  29.53,  29.45,  29.39,  29.34,  29.36,  29.32,  29.09,  29.07,  29.10,  28.60,  29.13,  29.10,  29.12,  29.21,  29.01,  29.08,  28.86,  28.88,  28.83,  28.87,  29.00
19951027, 0000,  , TS, 12.1N, 141.6E,  50,    0,    0,    0,    0,    0,    0,    0,    0,    0,    0,    0,    0,    0, -999,  29.46,  29.48,  29.39,  29.32,  29.30,  29.35,  29.42,  29.31,  29.51,  29.54,  29.47,  29.47,  29.35,  29.35,  29.33,  29.17,  29.11,  29.12,  28.98,  29.30,  29.36,  29.38,  29.39,  29.06,  29.10,  28.89,  28.91,  29.01,  28.93,  28.89,  28.83
19951027, 0600,  , TS, 12.3N, 140.9E,  55,    0,    0,    0,    0,    0,    0,    0,    0,    0,    0,    0,    0,    0, -999,  29.37,  29.41,  29.45,  29.50,  29.46,  29.55,  29.55,  29.52,  29.69,  29.78,  29.62,  29.60,  29.55,  29.48,  29.52,  29.51,  29.35,  29.29,  29.30,  29.42,  29.43,  29.47,  29.45,  29.19,  29.31,  29.15,  29.09,  29.09,  28.99,  29.01,  28.97
19951027, 1200,  , TS, 12.5N, 140.4E,  60,    0,    0,    0,    0,    0,    0,    0,    0,    0,    0,    0,    0,    0, -999,  29.40,  29.42,  29.32,  29.47,  29.40,  29.42,  29.41,  29.35,  29.43,  29.49,  29.48,  29.39,  29.33,  29.21,  29.31,  29.37,  29.19,  29.08,  29.02,  29.04,  29.11,  29.23,  29.27,  29.11,  29.19,  28.81,  28.70,  28.76,  28.81,  28.84,  28.88
19951027, 1800,  , TS, 12.8N, 139.7E,  60,    0,    0,    0,    0,    0,    0,    0,    0,    0,    0,    0,    0,    0, -999,  29.29,  29.36,  29.36,  29.33,  29.18,  29.42,  29.60,  29.39,  29.47,  29.52,  29.34,  29.43,  29.17,  29.09,  29.29,  29.43,  29.26,  29.03,  28.88,  28.77,  28.94,  29.00,  29.13,  29.04,  29.16,  29.00,  29.05,  29.10,  29.12,  29.10,  28.96
19951028, 0000,  , HU, 13.0N, 138.9E,  65,    0,    0,    0,    0,    0,    0,    0,    0,    0,    0,    0,    0,    0, -999,  29.33,  29.34,  29.24,  29.24,  29.45,  29.61,  29.47,  29.32,  29.23,  29.20,  29.29,  29.26,  29.28,  29.33,  29.32,  29.15,  28.74,  28.23,  28.25,  28.58,  28.47,  28.62,  28.68,  28.75,  28.81,  28.96,  28.99,  29.07,  29.26,  29.16,  29.10
19951028, 0600,  , HU, 13.1N, 138.2E,  70,    0,    0,    0,    0,    0,    0,    0,    0,    0,    0,    0,    0,    0, -999,  29.26,  29.42,  29.31,  29.47,  29.70,  29.61,  29.46,  29.50,  29.43,  29.23,  29.22,  29.12,  29.24,  29.23,  29.41,  29.38,  28.72,  28.25,  28.87,  29.00,  28.87,  28.61,  28.72,  28.92,  28.70,  28.84,  28.89,  28.91,  28.91,  28.73,  28.68
19951028, 1200,  , HU, 12.9N, 137.9E,  70,    0,    0,    0,    0,    0,    0,    0,    0,    0,    0,    0,    0,    0, -999,  29.15,  29.26,  29.17,  29.36,  29.58,  29.73,  29.44,  29.39,  29.50,  29.49,  29.51,  29.17,  29.16,  29.21,  29.33,  29.23,  29.22,  26.62,  26.95,  28.29,  29.06,  29.01,  29.07,  29.16,  28.93,  29.04,  29.11,  29.39,  29.35,  29.12,  29.03
19951028, 1800,  , HU, 12.7N, 137.9E,  75,    0,    0,    0,    0,    0,    0,    0,    0,    0,    0,    0,    0,    0, -999,  29.20,  29.31,  29.19,  29.37,  29.61,  29.61,  29.34,  29.30,  29.41,  29.39,  29.49,  29.18,  29.08,  29.14,  29.27,  29.20,  29.20,  26.99,  27.10,  27.78,  28.33,  28.73,  28.88,  29.04,  28.89,  28.96,  29.15,  29.46,  29.45,  29.26,  29.23
19951029, 0000,  , HU, 12.7N, 138.0E,  75,    0,    0,    0,    0,    0,    0,    0,    0,    0,    0,    0,    0,    0, -999,  29.37,  29.18,  29.30,  29.58,  29.52,  29.28,  29.31,  29.35,  29.31,  29.31,  29.05,  29.10,  29.09,  29.23,  29.23,  29.00,  27.94,  27.74,  28.46,  29.16,  28.73,  28.98,  29.17,  29.05,  29.11,  29.26,  29.27,  29.20,  28.96,  28.94,  28.81
19951029, 0600,  , HU, 12.5N, 138.0E,  75,    0,    0,    0,    0,    0,    0,    0,    0,    0,    0,    0,    0,    0, -999,  29.30,  29.12,  29.16,  29.40,  29.47,  29.27,  29.27,  29.33,  29.25,  29.35,  29.11,  29.05,  29.03,  29.27,  29.14,  28.97,  28.20,  27.77,  28.32,  28.41,  28.35,  28.67,  29.00,  28.93,  29.25,  29.40,  29.48,  29.47,  29.22,  29.16,  28.89
19951029, 1200,  , HU, 12.1N, 137.9E,  75,    0,    0,    0,    0,    0,    0,    0,    0,    0,    0,    0,    0,    0, -999,  29.20,  29.04,  29.01,  29.22,  29.35,  29.32,  29.17,  29.19,  29.16,  29.21,  29.10,  29.06,  29.02,  29.20,  29.13,  29.16,  28.81,  28.71,  28.92,  29.25,  28.73,  28.45,  28.70,  29.34,  29.38,  29.39,  29.34,  29.18,  29.01,  28.95,  28.83
19951029, 1800,  , HU, 11.8N, 137.5E,  75,    0,    0,    0,    0,    0,    0,    0,    0,    0,    0,    0,    0,    0, -999,  29.19,  29.03,  28.94,  29.09,  29.32,  29.21,  29.18,  29.20,  29.26,  29.18,  29.16,  29.14,  29.07,  29.20,  29.16,  29.16,  28.61,  29.13,  29.27,  29.46,  29.29,  29.15,  29.41,  29.36,  29.17,  28.92,  29.01,  28.77,  28.66,  28.71,  28.85
19951030, 0000,  , HU, 11.7N, 136.6E,  75,    0,    0,    0,    0,    0,    0,    0,    0,    0,    0,    0,    0,    0, -999,  29.05,  28.95,  29.07,  29.11,  29.08,  29.09,  29.14,  29.22,  29.10,  29.33,  29.32,  29.15,  29.12,  29.01,  29.08,  29.20,  29.26,  29.11,  29.04,  29.05,  29.13,  28.87,  28.55,  28.40,  28.49,  28.80,  28.65,  28.49,  28.58,  28.70,  28.85
19951030, 0600,  , HU, 11.7N, 135.9E,  75,    0,    0,    0,    0,    0,    0,    0,    0,    0,    0,    0,    0,    0, -999,  29.39,  29.31,  29.45,  29.46,  29.31,  29.29,  29.19,  29.21,  29.03,  29.25,  29.29,  29.12,  29.10,  29.10,  29.14,  29.17,  28.95,  28.69,  28.68,  29.19,  29.45,  28.94,  28.62,  28.47,  28.40,  28.66,  28.75,  28.67,  28.62,  28.70,  28.68
19951030, 1200,  , HU, 11.7N, 135.1E,  85,    0,    0,    0,    0,    0,    0,    0,    0,    0,    0,    0,    0,    0, -999,  29.41,  29.28,  29.51,  29.53,  29.31,  29.31,  29.16,  29.27,  28.97,  29.29,  29.20,  29.24,  29.30,  29.32,  29.26,  29.24,  28.59,  29.08,  29.11,  29.28,  29.32,  29.08,  28.82,  28.83,  28.58,  28.78,  28.86,  28.80,  28.68,  28.54,  28.37
19951030, 1800,  , HU, 11.8N, 134.3E,  90,    0,    0,    0,    0,    0,    0,    0,    0,    0,    0,    0,    0,    0, -999,  29.42,  29.42,  29.48,  29.37,  29.26,  29.32,  29.39,  29.58,  29.42,  29.17,  29.27,  29.29,  29.31,  29.33,  29.40,  29.37,  28.88,  29.19,  28.88,  29.27,  29.49,  29.36,  29.26,  29.10,  28.68,  28.77,  28.71,  28.70,  28.82,  28.49,  28.30
19951031, 0000,  , HU, 11.9N, 133.4E,  90,    0,    0,    0,    0,    0,    0,    0,    0,    0,    0,    0,    0,    0, -999,  29.04,  29.44,  29.52,  29.47,  29.38,  29.44,  29.55,  29.48,  29.42,  29.45,  29.44,  29.35,  29.27,  29.48,  29.20,  29.02,  28.95,  28.69,  28.84,  28.82,  28.73,  28.49,  28.63,  28.38,  28.62,  28.98,  29.23,  28.89,  28.63,  28.35,  28.46
19951031, 0600,  , HU, 12.0N, 132.4E,  90,    0,    0,    0,    0,    0,    0,    0,    0,    0,    0,    0,    0,    0, -999,  29.01,  29.37,  29.45,  29.43,  29.43,  29.45,  29.50,  29.48,  29.39,  29.37,  29.48,  29.39,  29.33,  29.51,  29.27,  29.22,  29.15,  28.87,  28.87,  29.01,  28.91,  28.72,  28.46,  28.64,  28.39,  28.77,  29.26,  29.03,  28.83,  28.78,  28.82
19951031, 1200,  , HU, 12.2N, 131.3E, 115,    0,    0,    0,    0,    0,    0,    0,    0,    0,    0,    0,    0,    0, -999,  29.12,  29.24,  29.27,  29.42,  29.55,  29.59,  29.34,  29.58,  29.40,  29.34,  29.41,  29.33,  29.39,  29.58,  29.51,  29.43,  29.26,  29.21,  29.05,  29.08,  28.99,  28.91,  28.77,  29.03,  29.08,  29.21,  29.27,  29.21,  29.05,  29.09,  29.06
19951031, 1800,  , HU, 12.4N, 130.4E, 135,    0,    0,    0,    0,    0,    0,    0,    0,    0,    0,    0,    0,    0, -999,  28.95,  29.26,  29.27,  29.49,  29.84,  30.04,  29.52,  29.59,  29.51,  29.35,  29.34,  29.29,  29.35,  29.53,  29.58,  29.27,  29.26,  28.72,  29.13,  28.84,  28.88,  28.81,  28.67,  28.70,  29.12,  29.27,  29.16,  29.21,  29.13,  28.99,  29.06
19951101, 0000,  , HU, 12.7N, 129.6E, 155,    0,    0,    0,    0,    0,    0,    0,    0,    0,    0,    0,    0,    0, -999,  29.19,  29.21,  29.06,  29.45,  29.79,  29.41,  29.85,  29.37,  29.47,  29.67,  29.43,  29.29,  29.34,  29.49,  29.13,  29.28,  28.22,  28.46,  28.66,  28.76,  28.67,  28.71,  28.60,  28.81,  29.20,  28.98,  28.99,  28.84,  28.69,  28.51,  28.42
19951101, 0600,  , HU, 13.4N, 128.9E, 155,    0,    0,    0,    0,    0,    0,    0,    0,    0,    0,    0,    0,    0, -999,  29.56,  29.60,  29.49,  29.63,  29.77,  29.12,  29.24,  29.31,  29.34,  29.38,  29.09,  29.28,  29.39,  29.58,  29.22,  28.91,  28.83,  28.92,  28.89,  28.29,  28.63,  28.87,  28.62,  28.56,  28.86,  28.89,  28.89,  28.78,  28.72,  28.62,  28.62
19951101, 1200,  , HU, 14.0N, 128.1E, 155,    0,    0,    0,    0,    0,    0,    0,    0,    0,    0,    0,    0,    0, -999,  29.21,  29.30,  29.45,  29.64,  29.46,  29.41,  29.30,  29.43,  29.48,  29.44,  29.49,  29.46,  29.37,  29.45,  29.22,  28.90,  28.53,  28.24,  28.78,  28.79,  28.96,  28.40,  28.60,  28.64,  28.65,  28.69,  28.72,  28.73,  28.62,  28.62,  28.74
19951101, 1800,  , HU, 14.3N, 127.0E, 155,    0,    0,    0,    0,    0,    0,    0,    0,    0,    0,    0,    0,    0, -999,  28.91,  29.32,  29.38,  29.31,  29.34,  29.36,  29.33,  29.31,  29.17,  29.18,  29.31,  29.31,  29.30,  29.42,  29.23,  29.02,  28.69,  28.03,  27.99,  27.95,  27.85,  27.80,  28.01,  28.28,  28.14,  28.42,  28.32,  28.89,  29.19,  29.28,  28.95
19951102, 0000,  , HU, 14.2N, 126.0E, 155,    0,    0,    0,    0,    0,    0,    0,    0,    0,    0,    0,    0,    0, -999,  29.09,  29.13,  29.03,  29.07,  29.07,  29.02,  29.11,  29.11,  29.08,  29.03,  29.02,  29.06,  29.04,  29.16,  28.94,  28.88,  28.70,  28.51,  28.90,  28.24,  28.51,  28.35,  28.62,  28.50,  28.86,  28.66,  28.72,  28.78,  29.20,  29.23,  28.90
19951102, 0600,  , HU, 14.2N, 125.1E, 155,    0,    0,    0,    0,    0,    0,    0,    0,    0,    0,    0,    0,    0, -999,  29.15,  29.25,  29.26,  29.32,  29.17,  28.96,  29.11,  29.30,  29.31,  29.23,  29.17,  29.11,  29.16,  29.29,  28.94,  28.95,  28.79,  28.89,  28.97,  28.54,  28.32,  28.08,  28.22,  28.31,  28.61,  28.77,  28.58,  28.90,  29.23,  29.21,  28.97
19951102, 1200,  , HU, 14.1N, 124.1E, 155,    0,    0,    0,    0,    0,    0,    0,    0,    0,    0,    0,    0,    0, -999,  28.12,  28.23,  28.21,  28.59,  28.37,  28.62,  28.51,  28.42,  28.40,  28.34,  28.13,  27.84,  27.94,  28.63,  27.94,  28.12,  28.53,  28.12,  27.77,  27.38,  27.25,  27.32,  27.69,  27.79,  27.92,  28.01,  28.21,  28.38,  28.53,  28.50,  28.50
19951102, 1800,  , HU, 14.1N, 123.1E, 140,    0,    0,    0,    0,    0,    0,    0,    0,    0,    0,    0,    0,    0, -999,  29.08,  29.31,  29.17,  29.37,  29.36,  29.69,  29.66,  29.62,  29.77,  29.69,  29.81,  29.59,  29.54,  29.62,  29.70,  29.52,  28.56,  28.28,  28.38,  28.35,  28.30,  28.73,  28.69,  28.70,  28.75,  28.93,  28.96,  29.03,  29.14,  29.12,  29.38
19951103, 0000,  , HU, 14.3N, 121.6E, 140,    0,    0,    0,    0,    0,    0,    0,    0,    0,    0,    0,    0,    0, -999,    nan,    nan,    nan,    nan,    nan,    nan,    nan,    nan,    nan,    nan,    nan,    nan,    nan,    nan,    nan,    nan,    nan,    nan,    nan,    nan,    nan,    nan,    nan,    nan,    nan,    nan,    nan,    nan,    nan,    nan,    nan
19951103, 0600,  , HU, 14.5N, 120.1E, 120,    0,    0,    0,    0,    0,    0,    0,    0,    0,    0,    0,    0,    0, -999,  29.14,  27.91,  29.56,  29.08,  29.26,  28.45,  27.72,  27.76,  28.38,  27.93,  27.71,  27.70,  27.79,  28.69,  27.96,  27.47,  26.79,  27.84,  28.22,  27.84,  27.66,  27.79,  27.91,  28.23,  27.63,  27.74,  27.72,  28.22,  28.64,  28.46,  27.89
19951103, 1200,  , HU, 14.6N, 119.0E, 125,    0,    0,    0,    0,    0,    0,    0,    0,    0,    0,    0,    0,    0, -999,  29.12,  29.44,  29.87,  29.88,  29.72,  30.06,  28.51,  28.12,  28.30,  28.52,  28.65,  28.00,  27.97,  28.52,  28.69,  27.95,  28.04,  28.16,  28.27,  28.54,  28.37,  27.51,  28.32,  28.80,  28.23,  28.16,  28.14,  28.22,  28.82,  28.76,  28.13
19951103, 1800,  , HU, 14.7N, 118.0E, 125,    0,    0,    0,    0,    0,    0,    0,    0,    0,    0,    0,    0,    0, -999,  28.68,  28.04,  28.55,  28.33,  29.18,  29.45,  28.69,  27.96,  28.33,  28.36,  29.07,  28.31,  28.10,  28.31,  28.47,  28.19,  28.02,  27.83,  28.20,  28.48,  28.44,  27.87,  28.08,  28.16,  28.47,  28.38,  28.61,  27.50,  27.72,  27.66,  27.97
19951104, 0000,  , HU, 14.8N, 116.9E, 115,    0,    0,    0,    0,    0,    0,    0,    0,    0,    0,    0,    0,    0, -999,  28.43,  29.13,  29.14,  29.26,  29.84,  28.66,  28.29,  28.27,  28.20,  28.33,  28.18,  28.08,  27.82,  27.99,  27.87,  27.41,  27.23,  27.80,  28.47,  28.16,  28.17,  27.82,  27.69,  27.76,  27.92,  27.95,  27.84,  28.06,  28.21,  28.09,  27.86
19951104, 0600,  , HU, 14.9N, 115.9E, 115,    0,    0,    0,    0,    0,    0,    0,    0,    0,    0,    0,    0,    0, -999,  27.79,  27.80,  28.05,  28.03,  28.33,  28.31,  27.87,  27.72,  27.57,  27.66,  27.76,  27.85,  27.95,  28.06,  28.14,  26.86,  26.37,  26.31,  27.54,  26.95,  27.95,  27.77,  28.11,  27.89,  28.00,  27.86,  27.99,  27.75,  27.65,  27.50,  27.27
19951104, 1200,  , HU, 15.0N, 114.9E, 115,    0,    0,    0,    0,    0,    0,    0,    0,    0,    0,    0,    0,    0, -999,  28.07,  28.13,  28.69,  28.54,  28.51,  28.43,  28.07,  28.02,  27.95,  27.98,  28.13,  27.80,  27.21,  27.58,  27.71,  27.21,  26.42,  25.69,  26.40,  26.00,  25.61,  26.39,  26.84,  26.78,  26.39,  26.84,  26.92,  26.65,  26.34,  26.07,  25.97
19951104, 1800,  , HU, 15.2N, 113.9E, 115,    0,    0,    0,    0,    0,    0,    0,    0,    0,    0,    0,    0,    0, -999,  28.28,  27.70,  27.82,  27.98,  28.04,  27.99,  28.06,  27.97,  28.00,  27.87,  27.83,  27.86,  26.17,  26.74,  26.71,  26.71,  26.73,  24.28,  25.55,  25.42,  25.12,  25.31,  24.94,  25.34,  25.34,  25.68,  25.30,  25.21,  25.31,  25.98,  26.17
19951105, 0000,  , HU, 15.6N, 112.9E, 110,    0,    0,    0,    0,    0,    0,    0,    0,    0,    0,    0,    0,    0, -999,  28.27,  28.04,  27.65,  27.54,  27.78,  27.78,  27.79,  27.75,  27.40,  27.47,  27.40,  23.93,  25.68,  25.40,  25.45,  25.23,  24.40,  24.60,  24.82,  24.97,  25.31,  25.12,  25.03,  25.44,  25.59,  25.67,  25.01,  25.33,  25.29,  25.57,  24.75
19951105, 0600,  , HU, 16.1N, 112.0E, 100,    0,    0,    0,    0,    0,    0,    0,    0,    0,    0,    0,    0,    0, -999,  28.18,  28.33,  27.92,  27.65,  27.22,  27.15,  27.08,  27.06,  26.51,  26.73,  26.84,  24.11,  25.41,  25.35,  26.54,  25.75,  24.89,  24.73,  24.48,  24.93,  24.27,  24.90,  24.45,  24.79,  25.29,  25.45,  25.51,  25.39,  25.55,  25.30,  25.12
19951105, 1200,  , HU, 16.4N, 111.5E,  90,    0,    0,    0,    0,    0,    0,    0,    0,    0,    0,    0,    0,    0, -999,  27.71,  27.70,  27.67,  27.83,  27.76,  27.29,  27.08,  27.05,  26.87,  26.92,  26.44,  24.44,  24.43,  23.73,  25.43,  25.47,  25.33,  25.31,  24.92,  24.23,  24.50,  24.26,  24.03,  24.51,  24.86,  24.60,  24.41,  24.20,  24.55,  24.69,  24.68
19951105, 1800,  , HU, 16.8N, 110.9E,  75,    0,    0,    0,    0,    0,    0,    0,    0,    0,    0,    0,    0,    0, -999,  27.78,  27.79,  27.83,  27.74,  27.09,  27.27,  26.93,  27.22,  26.88,  26.82,  26.54,  25.80,  25.41,  25.07,  25.05,  24.90,  24.76,  24.51,  25.32,  25.07,  25.29,  24.98,  24.88,  25.27,  24.80,  25.20,  24.80,  24.85,  25.10,  25.28,  25.18
19951106, 0000,  , HU, 17.2N, 110.3E,  65,    0,    0,    0,    0,    0,    0,    0,    0,    0,    0,    0,    0,    0, -999,  26.82,  27.03,  27.00,  26.93,  27.07,  26.72,  26.70,  26.29,  26.26,  26.30,  26.27,  26.07,  26.01,  25.63,  25.46,  25.07,  25.20,  25.88,  25.48,  25.73,  25.53,  25.80,  25.83,  25.92,  25.64,  25.54,  25.93,  25.83,  25.96,  25.77,  25.02
19951106, 0600,  , TS, 17.6N, 109.5E,  55,    0,    0,    0,    0,    0,    0,    0,    0,    0,    0,    0,    0,    0, -999,  26.74,  26.89,  26.91,  26.97,  26.90,  26.47,  26.53,  26.29,  26.20,  26.37,  26.42,  26.30,  26.22,  26.14,  26.12,  25.87,  25.98,  25.87,  25.87,  25.73,  25.25,  24.87,  24.98,  25.17,  24.92,  24.76,  24.75,  24.80,  24.73,  24.83,  24.93
19951106, 1200,  , TS, 18.1N, 108.7E,  40,    0,    0,    0,    0,    0,    0,    0,    0,    0,    0,    0,    0,    0, -999,  27.84,  27.79,  27.79,  27.70,  27.54,  27.05,  26.94,  26.77,  26.60,  27.05,  26.98,  26.85,  26.30,  26.23,  26.09,  25.51,  25.30,  25.28,  25.18,  25.13,  24.68,  24.49,  25.10,  25.54,  25.56,  25.50,  25.41,  25.52,  25.73,  26.00,  26.05
19951106, 1800,  , LO, 18.6N, 108.2E,  30,    0,    0,    0,    0,    0,    0,    0,    0,    0,    0,    0,    0,    0, -999,  27.92,  28.00,  28.08,  27.91,  27.74,  27.38,  27.38,  27.31,  27.06,  27.17,  26.94,  26.70,  26.85,  26.57,  26.19,  25.42,  25.06,  25.26,  25.79,  25.47,  25.20,  25.16,  25.38,  25.58,  25.41,  25.38,  25.56,  25.35,  25.63,  25.87,  26.06
19951107, 0000,  , LO, 19.2N, 108.0E,  20,    0,    0,    0,    0,    0,    0,    0,    0,    0,    0,    0,    0,    0, -999,  28.11,  28.20,  27.86,  27.47,  27.17,  26.99,  26.85,  26.74,  26.92,  26.93,  26.68,  26.09,  25.89,  25.94,  25.81,  25.80,  25.73,  25.43,  25.09,  25.01,  25.11,  25.24,  25.46,  25.23,  25.04,  24.94,  24.80,  25.06,  25.44,  25.83,  25.94
19951107, 0600,  , LO, 19.8N, 107.5E,  15,    0,    0,    0,    0,    0,    0,    0,    0,    0,    0,    0,    0,    0, -999,  27.40,  27.33,  27.02,  26.64,  26.43,  26.27,  26.27,  26.21,  26.34,  26.20,  26.00,  25.77,  25.58,  25.30,  25.06,  24.92,  24.89,  25.08,  24.79,  24.44,  24.39,  24.41,  24.58,  24.26,  24.01,  24.05,  24.05,  24.38,  24.48,  24.27,  23.91
19951107, 1200,  , LO, 19.8N, 106.8E,  15,    0,    0,    0,    0,    0,    0,    0,    0,    0,    0,    0,    0,    0, -999,  27.63,  27.48,  27.21,  27.03,  26.91,  26.73,  26.65,  26.67,  26.93,  26.81,  26.73,  26.44,  26.10,  25.91,  25.85,  25.70,  25.47,  25.20,  24.87,  24.54,  24.56,  24.83,  25.04,  24.80,  24.64,  24.55,  24.03,  23.76,  23.75,  23.55,  23.30
