WP332000,            UNNAMED,     45,
20001127, 0000,  , TD,  8.0N, 132.8E,  15,    0,    0,    0,    0,    0,    0,    0,    0,    0,    0,    0,    0,    0, -999,  29.12,  28.99,  28.92,  28.87,  28.88,  28.92,  28.91,  29.01,  28.87,  28.95,  28.93,  28.73,  28.77,  28.74,  28.73,  28.76,  28.89,  28.89,  28.79,  28.88,  28.96,  29.22,  29.13,  28.89,  28.93,  28.86,  28.83,  28.83,  28.93,  28.93,  29.00
20001127, 0600,  , TD,  8.3N, 132.0E,  20,    0,    0,    0,    0,    0,    0,    0,    0,    0,    0,    0,    0,    0, -999,  29.11,  28.94,  28.98,  28.86,  28.74,  28.89,  28.95,  28.95,  28.86,  28.90,  28.84,  28.57,  28.61,  28.64,  28.88,  28.99,  28.97,  28.88,  28.92,  29.04,  29.06,  29.14,  29.02,  28.82,  28.71,  28.75,  28.76,  28.78,  28.90,  28.89,  28.86
20001127, 1200,  , TD,  8.5N, 131.4E,  20,    0,    0,    0,    0,    0,    0,    0,    0,    0,    0,    0,    0,    0, -999,  28.74,  28.70,  29.00,  28.98,  28.96,  28.98,  28.96,  29.05,  28.89,  28.76,  28.66,  28.73,  28.76,  28.67,  28.66,  28.72,  28.89,  28.86,  28.96,  29.08,  28.83,  28.96,  28.86,  28.62,  28.56,  28.58,  28.68,  28.78,  28.91,  29.00,  28.87
20001127, 1800,  , TD,  8.6N, 130.9E,  25,    0,    0,    0,    0,    0,    0,    0,    0,    0,    0,    0,    0,    0, -999,  28.54,  28.50,  28.72,  28.74,  28.67,  28.86,  28.91,  28.99,  28.92,  28.87,  28.75,  28.65,  28.61,  28.70,  28.82,  28.71,  28.58,  28.78,  28.81,  28.82,  28.76,  28.96,  28.68,  28.56,  28.49,  28.47,  28.58,  28.61,  28.69,  28.70,  28.73
20001128, 0000,  , TD,  8.6N, 130.6E,  30,    0,    0,    0,    0,    0,    0,    0,    0,    0,    0,    0,    0,    0, -999,  28.52,  28.79,  28.82,  28.73,  28.84,  28.85,  28.89,  28.90,  28.88,  28.83,  28.66,  28.66,  28.63,  28.74,  28.77,  28.62,  28.77,  28.78,  28.79,  28.76,  28.93,  28.66,  28.55,  28.49,  28.40,  28.59,  28.64,  28.73,  28.71,  28.73,  28.78
20001128, 0600,  , TD,  8.6N, 130.4E,  30,    0,    0,    0,    0,    0,    0,    0,    0,    0,    0,    0,    0,    0, -999,  28.44,  28.66,  28.76,  28.79,  28.90,  28.86,  28.86,  28.69,  28.74,  28.73,  28.68,  28.69,  28.72,  28.74,  28.63,  28.54,  28.83,  28.73,  28.73,  28.61,  28.86,  28.81,  28.76,  28.71,  28.49,  28.63,  28.68,  28.72,  28.77,  28.81,  28.78
20001128, 1200,  , TS,  8.7N, 130.0E,  35,    0,    0,    0,    0,    0,    0,    0,    0,    0,    0,    0,    0,    0, -999,  28.40,  28.58,  28.73,  28.78,  28.86,  28.81,  28.85,  28.69,  28.77,  28.73,  28.68,  28.65,  28.61,  28.66,  28.62,  28.53,  28.68,  28.58,  28.56,  28.57,  28.71,  28.91,  28.95,  28.95,  28.59,  28.66,  28.70,  28.80,  28.75,  28.75,  28.77
20001128, 1800,  , TS,  9.0N, 129.4E,  45,    0,    0,    0,    0,    0,    0,    0,    0,    0,    0,    0,    0,    0, -999,  28.46,  28.41,  28.49,  28.57,  28.71,  28.71,  28.71,  28.66,  28.75,  28.81,  28.78,  28.76,  28.70,  28.67,  28.60,  28.46,  28.61,  28.49,  28.50,  28.63,  28.81,  28.90,  28.98,  29.13,  28.61,  28.58,  28.50,  28.63,  28.65,  28.59,  28.56
20001129, 0000,  , TS,  9.3N, 128.7E,  50,    0,    0,    0,    0,    0,    0,    0,    0,    0,    0,    0,    0,    0, -999,  28.37,  28.21,  28.25,  28.45,  28.52,  28.55,  28.57,  28.57,  28.62,  28.60,  28.73,  28.82,  28.81,  28.85,  28.69,  28.59,  28.49,  28.61,  28.61,  28.63,  28.78,  28.95,  29.05,  28.71,  28.66,  28.71,  28.78,  28.80,  28.43,  28.49,  28.38
20001129, 0600,  , TS,  9.6N, 127.9E,  50,    0,    0,    0,    0,    0,    0,    0,    0,    0,    0,    0,    0,    0, -999,  28.45,  28.07,  27.89,  28.01,  28.09,  28.20,  28.40,  28.55,  28.60,  28.54,  28.68,  28.67,  28.69,  28.66,  28.54,  28.64,  28.64,  28.77,  28.86,  28.90,  28.78,  28.57,  28.62,  28.50,  28.40,  28.47,  28.56,  28.85,  28.91,  29.11,  28.92
20001129, 1200,  , TS, 10.1N, 127.0E,  50,    0,    0,    0,    0,    0,    0,    0,    0,    0,    0,    0,    0,    0, -999,  28.77,  28.78,  28.71,  28.70,  28.78,  28.69,  28.56,  28.40,  28.53,  28.47,  28.74,  28.74,  28.55,  28.29,  28.18,  28.55,  28.68,  28.79,  28.87,  28.98,  28.90,  28.64,  28.55,  28.55,  28.51,  28.32,  28.21,  28.44,  28.51,  28.77,  28.84
20001129, 1800,  , TS, 10.6N, 126.1E,  50,    0,    0,    0,    0,    0,    0,    0,    0,    0,    0,    0,    0,    0, -999,  28.78,  28.83,  28.96,  29.05,  29.08,  29.13,  29.05,  28.96,  28.99,  29.00,  29.00,  29.11,  28.78,  28.50,  28.51,  28.34,  28.36,  28.43,  28.88,  28.89,  28.86,  28.87,  28.77,  28.74,  28.55,  28.59,  28.43,  28.69,  28.70,  28.68,  28.73
20001130, 0000,  , TS, 11.0N, 125.2E,  55,    0,    0,    0,    0,    0,    0,    0,    0,    0,    0,    0,    0,    0, -999,  29.73,  29.76,  29.86,  29.81,  29.79,  29.60,  29.43,  29.52,  29.48,  29.58,  29.66,  29.40,  29.24,  29.18,  29.06,  28.86,  28.95,  29.07,  29.14,  29.13,  29.08,  28.96,  29.00,  28.99,  28.80,  28.89,  28.92,  28.96,  28.82,  28.85,  28.74
20001130, 0600,  , TS, 11.4N, 124.2E,  55,    0,    0,    0,    0,    0,    0,    0,    0,    0,    0,    0,    0,    0, -999,  29.60,  29.64,  29.69,  29.62,  29.62,  29.23,  29.15,  29.15,  29.02,  29.20,  29.12,  28.77,  28.70,  28.68,  28.84,  28.48,  29.05,  29.08,  29.14,  29.15,  29.05,  29.00,  28.92,  28.97,  28.71,  28.86,  28.88,  28.71,  28.46,  28.54,  28.30
20001130, 1200,  , TS, 11.7N, 123.2E,  55,    0,    0,    0,    0,    0,    0,    0,    0,    0,    0,    0,    0,    0, -999,  29.65,  29.63,  29.54,  29.50,  29.47,  29.01,  28.80,  28.81,  28.91,  29.14,  29.31,  29.01,  28.99,  28.86,  28.68,  28.47,  28.47,  28.45,  28.39,  28.64,  28.83,  28.73,  28.58,  28.56,  28.40,  28.34,  28.37,  28.28,  28.07,  27.99,  27.61
20001130, 1800,  , TS, 11.9N, 122.3E,  55,    0,    0,    0,    0,    0,    0,    0,    0,    0,    0,    0,    0,    0, -999,  28.05,  28.39,  28.32,  28.39,  28.41,  28.26,  28.38,  28.26,  28.26,  28.59,  28.63,  28.29,  28.28,  28.25,  28.10,  27.54,  27.40,  27.36,  27.36,  27.64,  28.01,  28.44,  28.38,  28.20,  28.12,  27.92,  27.96,  27.79,  27.56,  27.50,  27.34
20001201, 0000,  , TS, 11.8N, 121.7E,  50,    0,    0,    0,    0,    0,    0,    0,    0,    0,    0,    0,    0,    0, -999,  28.52,  28.45,  28.39,  28.35,  28.12,  28.02,  28.18,  28.31,  28.35,  28.38,  28.28,  28.35,  28.40,  28.30,  27.34,  26.66,  26.96,  27.57,  28.00,  28.52,  28.17,  28.13,  28.04,  27.44,  27.19,  27.44,  27.43,  27.67,  27.73,  27.63,  27.44
20001201, 0600,  , TS, 11.6N, 121.2E,  50,    0,    0,    0,    0,    0,    0,    0,    0,    0,    0,    0,    0,    0, -999,  28.31,  28.35,  28.34,  28.35,  28.32,  28.30,  28.20,  28.18,  28.01,  28.01,  27.96,  27.88,  27.93,  27.92,  27.99,  27.98,  27.98,  27.72,  27.95,  27.94,  28.13,  28.02,  27.66,  27.82,  27.72,  27.76,  27.80,  28.09,  27.79,  27.82,  27.81
20001201, 1200,  , TS, 11.5N, 120.6E,  45,    0,    0,    0,    0,    0,    0,    0,    0,    0,    0,    0,    0,    0, -999,  27.61,  27.65,  27.73,  27.77,  27.81,  27.88,  27.91,  27.88,  27.88,  27.89,  27.81,  27.71,  27.66,  27.49,  27.52,  27.66,  28.08,  27.70,  27.82,  27.62,  27.67,  27.65,  27.66,  27.76,  27.90,  27.77,  27.35,  27.39,  27.48,  27.36,  27.37
20001201, 1800,  , TD, 11.4N, 119.8E,  30,    0,    0,    0,    0,    0,    0,    0,    0,    0,    0,    0,    0,    0, -999,  28.94,  28.67,  28.62,  28.60,  28.60,  28.60,  28.51,  28.51,  28.65,  28.81,  28.79,  28.71,  28.91,  28.90,  28.81,  28.85,  28.68,  28.57,  28.18,  28.12,  28.17,  27.95,  27.90,  27.87,  28.01,  28.09,  28.06,  28.08,  28.15,  28.20,  28.20
20001202, 0000,  , TD, 11.6N, 121.2E,  30,    0,    0,    0,    0,    0,    0,    0,    0,    0,    0,    0,    0,    0, -999,  28.35,  28.34,  28.35,  28.32,  28.30,  28.20,  28.18,  28.01,  28.01,  27.96,  27.88,  27.93,  27.92,  27.99,  27.98,  27.98,  27.72,  27.95,  27.94,  28.13,  28.02,  27.66,  27.82,  27.72,  27.76,  27.80,  28.09,  27.79,  27.82,  27.81,  27.72
20001202, 0600,  , TD, 11.5N, 120.6E,  30,    0,    0,    0,    0,    0,    0,    0,    0,    0,    0,    0,    0,    0, -999,  27.65,  27.73,  27.77,  27.81,  27.88,  27.91,  27.88,  27.88,  27.89,  27.81,  27.71,  27.66,  27.49,  27.52,  27.66,  28.08,  27.70,  27.82,  27.62,  27.67,  27.65,  27.66,  27.76,  27.90,  27.77,  27.35,  27.39,  27.48,  27.36,  27.37,  27.18
20001202, 1200,  , TD, 11.4N, 119.8E,  25,    0,    0,    0,    0,    0,    0,    0,    0,    0,    0,    0,    0,    0, -999,  28.67,  28.62,  28.60,  28.60,  28.60,  28.51,  28.51,  28.65,  28.81,  28.79,  28.71,  28.91,  28.90,  28.81,  28.85,  28.68,  28.57,  28.18,  28.12,  28.17,  27.95,  27.90,  27.87,  28.01,  28.09,  28.06,  28.08,  28.15,  28.20,  28.20,  28.11
20001202, 1800,  , TD, 11.4N, 118.7E,  25,    0,    0,    0,    0,    0,    0,    0,    0,    0,    0,    0,    0,    0, -999,  28.54,  28.78,  28.54,  28.28,  28.35,  28.43,  28.64,  28.97,  28.88,  28.81,  28.68,  28.89,  28.66,  28.62,  28.56,  28.30,  28.35,  28.35,  28.34,  28.37,  28.25,  27.70,  27.66,  27.68,  28.58,  28.46,  28.31,  28.24,  28.23,  28.45,  28.58
20001203, 0000,  , TD, 11.4N, 117.4E,  25,    0,    0,    0,    0,    0,    0,    0,    0,    0,    0,    0,    0,    0, -999,  28.44,  28.06,  28.30,  28.22,  27.98,  28.11,  28.37,  28.50,  28.10,  28.30,  28.61,  28.07,  28.11,  27.83,  27.60,  27.49,  27.59,  27.42,  27.45,  27.57,  27.41,  27.43,  27.63,  27.71,  28.07,  28.39,  28.69,  28.82,  28.07,  28.13,  28.24
20001203, 0600,  , TD, 11.3N, 116.0E,  25,    0,    0,    0,    0,    0,    0,    0,    0,    0,    0,    0,    0,    0, -999,  27.64,  27.74,  27.89,  28.06,  28.26,  28.50,  28.22,  28.04,  28.10,  28.22,  28.25,  28.40,  28.56,  28.13,  27.78,  27.67,  28.01,  28.04,  27.78,  27.71,  27.66,  27.79,  27.85,  27.85,  27.95,  27.32,  27.60,  27.69,  27.64,  27.54,  27.18
20001203, 1200,  , TD, 11.0N, 115.0E,  25,    0,    0,    0,    0,    0,    0,    0,    0,    0,    0,    0,    0,    0, -999,  28.00,  28.07,  28.18,  28.29,  28.59,  28.56,  28.39,  28.68,  28.64,  28.37,  28.31,  28.32,  28.34,  28.00,  27.71,  27.72,  28.14,  28.23,  27.99,  27.67,  27.42,  27.25,  27.28,  27.33,  27.53,  28.33,  28.78,  28.09,  28.24,  28.10,  27.81
20001203, 1800,  , TD, 10.7N, 114.5E,  25,    0,    0,    0,    0,    0,    0,    0,    0,    0,    0,    0,    0,    0, -999,  27.65,  27.80,  27.90,  28.02,  28.36,  28.40,  28.23,  28.75,  28.65,  28.54,  28.20,  28.01,  27.98,  27.77,  27.52,  27.45,  27.94,  28.00,  27.92,  27.79,  27.77,  27.50,  27.26,  27.90,  27.85,  27.49,  28.73,  27.38,  27.56,  28.14,  28.05
20001204, 0000,  , TD, 10.2N, 114.1E,  25,    0,    0,    0,    0,    0,    0,    0,    0,    0,    0,    0,    0,    0, -999,  28.21,  28.43,  28.60,  28.86,  28.92,  28.80,  29.25,  28.95,  28.81,  28.91,  28.87,  28.79,  28.59,  28.25,  28.09,  28.20,  27.85,  27.46,  27.48,  27.96,  27.79,  27.87,  27.99,  28.33,  28.71,  28.99,  28.17,  28.08,  28.09,  28.00,  27.81
20001204, 0600,  , TD,  9.9N, 114.0E,  20,    0,    0,    0,    0,    0,    0,    0,    0,    0,    0,    0,    0,    0, -999,  28.45,  28.72,  28.92,  28.91,  28.83,  28.80,  28.99,  28.96,  28.73,  28.61,  28.51,  28.09,  27.86,  27.55,  27.72,  27.84,  27.86,  27.55,  27.59,  28.07,  27.75,  28.08,  27.92,  28.41,  28.80,  29.30,  28.24,  28.02,  28.11,  27.96,  27.94
20001204, 1200,  , TD,  9.7N, 113.9E,  20,    0,    0,    0,    0,    0,    0,    0,    0,    0,    0,    0,    0,    0, -999,  28.66,  28.69,  28.78,  28.76,  28.71,  28.66,  28.85,  28.84,  28.42,  28.23,  28.14,  27.97,  27.85,  27.62,  27.75,  27.84,  27.84,  27.58,  27.50,  28.03,  27.89,  28.15,  27.97,  28.47,  28.95,  29.25,  28.23,  27.90,  27.94,  28.00,  28.01
20001204, 1800,  , TD,  9.6N, 113.7E,  25,    0,    0,    0,    0,    0,    0,    0,    0,    0,    0,    0,    0,    0, -999,  28.62,  28.61,  28.41,  28.46,  28.34,  28.29,  28.58,  28.84,  28.67,  28.61,  28.59,  28.42,  28.26,  27.86,  27.87,  27.91,  27.98,  27.75,  27.80,  28.38,  27.76,  28.07,  28.03,  28.29,  28.69,  29.13,  27.79,  27.64,  27.94,  27.95,  27.82
20001205, 0000,  , TD,  9.4N, 113.4E,  25,    0,    0,    0,    0,    0,    0,    0,    0,    0,    0,    0,    0,    0, -999,  28.62,  28.34,  28.27,  28.24,  28.08,  28.21,  28.46,  28.43,  28.54,  28.64,  28.59,  28.43,  28.16,  28.20,  28.21,  28.17,  27.95,  28.06,  28.57,  27.55,  27.90,  28.07,  28.30,  28.60,  28.79,  27.53,  27.93,  27.93,  27.78,  27.77,  27.56
20001205, 0600,  , TD,  9.3N, 113.1E,  25,    0,    0,    0,    0,    0,    0,    0,    0,    0,    0,    0,    0,    0, -999,  28.43,  28.72,  28.56,  28.64,  28.58,  28.51,  28.69,  28.44,  28.63,  28.77,  28.80,  28.70,  28.46,  28.55,  28.51,  28.57,  28.44,  28.16,  28.30,  27.95,  28.19,  28.08,  28.11,  28.48,  28.81,  27.53,  27.81,  27.80,  27.64,  27.61,  27.38
20001205, 1200,  , TS,  9.2N, 112.7E,  35,    0,    0,    0,    0,    0,    0,    0,    0,    0,    0,    0,    0,    0, -999,  27.71,  28.00,  28.41,  28.42,  28.41,  28.54,  28.70,  28.64,  28.62,  28.72,  28.62,  28.40,  28.20,  28.14,  28.09,  28.23,  27.85,  27.36,  27.52,  27.30,  27.68,  27.77,  27.88,  28.43,  28.78,  27.62,  27.61,  27.55,  27.64,  27.60,  27.07
20001205, 1800,  , TS,  9.2N, 112.3E,  35,    0,    0,    0,    0,    0,    0,    0,    0,    0,    0,    0,    0,    0, -999,  27.23,  27.47,  27.89,  27.86,  27.77,  27.91,  28.24,  27.99,  28.05,  28.20,  28.16,  28.00,  27.84,  27.77,  27.75,  27.87,  27.45,  27.16,  27.24,  27.16,  27.60,  27.56,  27.79,  28.46,  28.70,  28.00,  27.91,  27.74,  27.31,  27.13,  27.13
20001206, 0000,  , TS,  9.3N, 111.9E,  35,    0,    0,    0,    0,    0,    0,    0,    0,    0,    0,    0,    0,    0, -999,  27.25,  27.34,  27.32,  27.29,  27.30,  27.38,  27.43,  27.49,  27.69,  27.76,  27.75,  27.67,  27.64,  27.57,  27.75,  27.42,  27.14,  27.08,  26.73,  26.98,  26.70,  27.30,  27.71,  28.20,  27.77,  27.54,  26.91,  27.05,  27.11,  27.47,  27.45
20001206, 0600,  , TS,  9.5N, 111.4E,  35,    0,    0,    0,    0,    0,    0,    0,    0,    0,    0,    0,    0,    0, -999,  27.69,  27.52,  27.30,  27.23,  27.11,  27.09,  27.11,  27.16,  27.46,  27.60,  27.67,  27.64,  27.60,  27.52,  27.67,  27.37,  27.24,  27.12,  26.84,  26.66,  26.51,  27.08,  27.50,  27.99,  27.48,  27.15,  26.84,  26.64,  26.79,  27.06,  27.36
20001206, 1200,  , TS,  9.9N, 110.8E,  35,    0,    0,    0,    0,    0,    0,    0,    0,    0,    0,    0,    0,    0, -999,  27.96,  28.20,  28.22,  28.28,  28.15,  28.04,  27.81,  27.37,  27.39,  27.39,  27.46,  27.52,  27.60,  27.62,  27.50,  27.19,  27.00,  26.94,  26.58,  26.44,  26.27,  26.76,  27.02,  27.47,  27.17,  27.05,  26.92,  26.95,  26.69,  26.65,  26.36
20001206, 1800,  , TD,  9.7N, 110.0E,  30,    0,    0,    0,    0,    0,    0,    0,    0,    0,    0,    0,    0,    0, -999,  27.31,  27.62,  27.55,  27.51,  27.52,  27.41,  27.23,  27.11,  27.24,  27.62,  27.81,  28.10,  28.00,  27.47,  26.47,  27.18,  26.74,  26.63,  26.69,  26.50,  26.09,  26.59,  27.07,  27.18,  27.18,  26.86,  26.65,  26.75,  26.55,  26.53,  26.33
20001207, 0000,  , TD, 10.0N, 109.3E,  30,    0,    0,    0,    0,    0,    0,    0,    0,    0,    0,    0,    0,    0, -999,  26.48,  26.60,  26.44,  26.83,  26.65,  26.71,  26.44,  26.73,  26.80,  26.69,  26.35,  25.55,  25.59,  25.76,  25.61,  25.20,  25.32,  25.38,  25.85,  25.77,  26.16,  25.17,  25.39,  26.27,  25.41,  25.18,  25.61,  25.97,  25.61,  25.19,  25.78
20001207, 0600,  , TD,  9.7N, 108.1E,  25,    0,    0,    0,    0,    0,    0,    0,    0,    0,    0,    0,    0,    0, -999,  26.13,  26.09,  26.14,  26.20,  26.16,  26.14,  26.33,  26.27,  26.26,  26.25,  26.22,  26.24,  26.25,  26.16,  26.09,  26.08,  25.71,  25.51,  25.50,  25.37,  25.31,  25.42,  26.05,  26.22,  26.04,  26.02,  25.62,  25.23,  25.10,  24.93,  25.09
20001207, 1200,  , TD,  9.5N, 107.6E,  25,    0,    0,    0,    0,    0,    0,    0,    0,    0,    0,    0,    0,    0, -999,  26.29,  26.17,  26.20,  26.30,  26.29,  26.30,  26.58,  26.39,  26.36,  26.34,  26.32,  26.38,  26.43,  26.33,  26.26,  26.20,  25.82,  25.62,  25.60,  25.48,  25.44,  25.57,  26.23,  26.31,  26.13,  26.10,  25.71,  25.31,  25.13,  25.13,  25.40
20001207, 1800,  , TD,  9.0N, 106.9E,  25,    0,    0,    0,    0,    0,    0,    0,    0,    0,    0,    0,    0,    0, -999,  26.64,  26.53,  26.58,  26.62,  26.60,  26.60,  26.75,  26.51,  26.51,  26.49,  26.48,  26.48,  26.75,  26.71,  26.54,  26.44,  26.12,  25.92,  25.65,  25.52,  25.59,  25.75,  26.36,  26.22,  26.14,  26.18,  25.82,  25.45,  25.05,  25.04,  25.23
20001208, 0000,  , TD,  8.6N, 106.3E,  20,    0,    0,    0,    0,    0,    0,    0,    0,    0,    0,    0,    0,    0, -999,  26.63,  26.63,  26.68,  26.72,  26.84,  27.00,  26.94,  26.84,  26.68,  26.62,  26.59,  26.96,  26.99,  26.81,  26.72,  26.45,  26.26,  25.94,  25.76,  25.84,  26.13,  26.67,  26.37,  26.22,  26.26,  25.97,  25.71,  25.39,  25.39,  25.51,  25.78
