WP341993,            UNNAMED,     29,
19931117, 1200,  , LO,  8.7N, 137.4E,  15,    0,    0,    0,    0,    0,    0,    0,    0,    0,    0,    0,    0,    0, -999,  34.12,  34.14,  34.14,  34.06,  34.08,  34.05,  34.04,  34.02,  33.97,  33.95,  33.94,  33.90,  33.89,  33.86,  33.82,  33.89,  33.86,  33.95,  33.98,  34.06,  34.20,  34.35,  34.36,  34.45,  34.37,  34.38,  34.18,  34.07,  34.01,  34.01,  33.97
19931117, 1800,  , LO,  8.8N, 136.2E,  20,    0,    0,    0,    0,    0,    0,    0,    0,    0,    0,    0,    0,    0, -999,  34.19,  34.22,  34.23,  34.22,  34.23,  34.23,  34.22,  34.18,  34.17,  34.17,  34.16,  34.13,  34.13,  34.12,  34.11,  34.10,  34.11,  34.11,  34.09,  34.07,  34.04,  34.03,  34.00,  34.00,  34.02,  34.18,  34.24,  34.37,  34.28,  34.24,  34.30
19931118, 0000,  , LO,  9.0N, 135.0E,  20,    0,    0,    0,    0,    0,    0,    0,    0,    0,    0,    0,    0,    0, -999,  34.16,  34.18,  34.19,  34.19,  34.19,  34.18,  34.14,  34.13,  34.13,  34.11,  34.08,  34.06,  34.06,  34.11,  34.06,  34.08,  34.06,  34.08,  34.09,  34.05,  34.11,  34.14,  33.57,  33.78,  34.09,  34.12,  34.10,  34.06,  34.04,  34.02,  34.05
19931118, 0600,  , LO,  9.1N, 133.8E,  20,    0,    0,    0,    0,    0,    0,    0,    0,    0,    0,    0,    0,    0, -999,  34.13,  34.16,  34.17,  34.14,  34.14,  34.12,  34.11,  34.07,  34.06,  34.07,  34.05,  34.06,  34.10,  34.10,  34.07,  34.10,  34.10,  33.84,  33.94,  34.14,  34.13,  34.12,  31.88,  33.71,  34.10,  34.06,  34.08,  34.01,  34.02,  34.02,  34.04
19931118, 1200,  , LO,  9.2N, 132.6E,  20,    0,    0,    0,    0,    0,    0,    0,    0,    0,    0,    0,    0,    0, -999,  34.18,  34.18,  34.14,  34.19,  34.21,  34.17,  34.16,  34.15,  34.16,  34.18,  34.17,  34.14,  34.11,  34.08,  34.05,  34.04,  34.03,  34.03,  34.04,  34.07,  34.06,  34.07,  34.08,  34.09,  34.08,  34.01,  34.14,  34.12,  34.09,  34.14,  34.10
19931118, 1800,  , LO,  9.3N, 131.5E,  20,    0,    0,    0,    0,    0,    0,    0,    0,    0,    0,    0,    0,    0, -999,  34.21,  34.19,  34.17,  34.18,  34.20,  34.18,  34.25,  34.25,  34.24,  34.23,  34.23,  34.20,  34.20,  34.19,  34.11,  34.00,  33.87,  33.97,  33.91,  33.95,  33.97,  34.03,  34.06,  34.02,  34.04,  34.03,  34.04,  34.01,  34.06,  34.04,  34.12
19931119, 0000,  , LO,  9.4N, 130.5E,  25,    0,    0,    0,    0,    0,    0,    0,    0,    0,    0,    0,    0,    0, -999,  34.12,  34.13,  34.19,  34.19,  34.17,  34.17,  34.20,  34.22,  34.22,  34.25,  34.27,  34.27,  34.27,  34.26,  34.16,  34.17,  34.13,  34.03,  33.98,  33.90,  33.93,  33.95,  34.02,  34.05,  34.04,  34.03,  33.99,  34.01,  34.05,  34.01,  34.02
19931119, 0600,  , LO,  9.9N, 129.6E,  25,    0,    0,    0,    0,    0,    0,    0,    0,    0,    0,    0,    0,    0, -999,  34.09,  34.10,  34.13,  34.18,  34.21,  34.20,  34.22,  34.28,  34.30,  34.27,  34.24,  34.25,  34.26,  34.28,  34.26,  34.05,  34.17,  34.14,  34.01,  33.99,  33.99,  33.98,  34.03,  34.14,  34.16,  34.17,  34.12,  34.17,  34.17,  34.16,  34.17
19931119, 1200,  , LO, 10.4N, 128.6E,  30,    0,    0,    0,    0,    0,    0,    0,    0,    0,    0,    0,    0,    0, -999,  34.22,  34.16,  34.14,  34.18,  34.16,  34.13,  34.19,  34.24,  34.23,  34.23,  34.26,  34.31,  34.34,  34.35,  34.34,  34.21,  34.10,  34.08,  34.07,  34.09,  34.13,  34.14,  34.11,  34.06,  34.10,  34.14,  34.15,  34.08,  34.07,  34.05,  33.98
19931119, 1800,  , TS, 10.7N, 127.4E,  35,    0,    0,    0,    0,    0,    0,    0,    0,    0,    0,    0,    0,    0, -999,  34.14,  34.12,  34.12,  34.12,  34.13,  34.13,  34.14,  34.15,  34.16,  34.17,  34.19,  34.18,  34.20,  34.20,  34.20,  34.21,  34.20,  34.18,  34.20,  34.20,  34.17,  34.18,  34.20,  34.23,  34.26,  34.18,  34.20,  34.15,  34.19,  34.17,  34.08
19931120, 0000,  , TS, 10.7N, 126.4E,  35,    0,    0,    0,    0,    0,    0,    0,    0,    0,    0,    0,    0,    0, -999,  34.13,  34.11,  34.11,  34.11,  34.12,  34.13,  34.15,  34.16,  34.16,  34.17,  34.23,  34.22,  34.15,  34.14,  34.12,  34.04,  34.06,  34.11,  34.12,  34.12,  34.15,  34.16,  34.21,  34.11,  34.08,  34.16,  34.26,  34.27,  34.24,  34.19,  34.16
19931120, 0600,  , TS, 10.8N, 125.3E,  35,    0,    0,    0,    0,    0,    0,    0,    0,    0,    0,    0,    0,    0, -999,  34.31,  34.30,  34.32,  34.33,  34.33,  34.32,  34.36,  34.35,  34.36,  34.38,  34.38,  34.37,  34.36,  34.32,  34.27,  34.32,  34.30,  34.16,  34.20,  34.02,  34.11,  34.18,  34.18,  34.16,  34.02,  34.09,  34.00,  34.06,  34.05,  34.07,  34.07
19931120, 1200,  , TS, 11.0N, 124.2E,  35,    0,    0,    0,    0,    0,    0,    0,    0,    0,    0,    0,    0,    0, -999,  34.39,  34.40,  34.40,  34.40,  34.39,  34.39,  34.39,  34.39,  34.39,  34.39,  34.39,  34.40,  34.40,  34.39,  34.40,  34.40,  34.36,  34.37,  34.38,  34.37,  34.38,  34.38,  34.37,  34.37,  34.37,  34.37,  34.37,  34.37,  34.38,  34.37,  34.38
19931120, 1800,  , TS, 11.3N, 123.0E,  40,    0,    0,    0,    0,    0,    0,    0,    0,    0,    0,    0,    0,    0, -999,    nan,    nan,    nan,    nan,    nan,    nan,    nan,    nan,    nan,    nan,    nan,    nan,    nan,    nan,    nan,    nan,    nan,    nan,    nan,    nan,    nan,    nan,    nan,    nan,    nan,    nan,    nan,    nan,    nan,    nan,    nan
19931121, 0000,  , TS, 11.6N, 121.8E,  40,    0,    0,    0,    0,    0,    0,    0,    0,    0,    0,    0,    0,    0, -999,  33.99,  33.98,  33.98,  33.97,  33.92,  33.90,  33.85,  33.84,  33.87,  33.88,  33.89,  33.90,  33.90,  33.91,  33.90,  33.80,  33.90,  33.86,  33.87,  33.89,  33.88,  33.88,  33.88,  33.90,  33.90,  33.90,  33.90,  33.85,  33.87,  33.89,  33.89
19931121, 0600,  , TS, 11.7N, 120.7E,  40,    0,    0,    0,    0,    0,    0,    0,    0,    0,    0,    0,    0,    0, -999,  33.69,  33.71,  33.71,  33.72,  33.70,  33.57,  33.67,  33.68,  33.72,  33.71,  33.74,  33.77,  33.77,  33.74,  33.74,  33.61,  33.61,  33.64,  33.68,  33.74,  33.74,  33.74,  33.76,  33.72,  33.73,  33.70,  33.59,  33.63,  33.67,  33.67,  33.66
19931121, 1200,  , TS, 11.9N, 119.6E,  40,    0,    0,    0,    0,    0,    0,    0,    0,    0,    0,    0,    0,    0, -999,  33.61,  33.61,  33.59,  33.53,  33.46,  33.54,  33.64,  33.66,  33.61,  33.64,  33.66,  33.64,  33.62,  33.59,  33.62,  33.67,  33.54,  33.66,  33.68,  33.68,  33.73,  33.66,  33.66,  33.70,  33.70,  33.71,  33.65,  33.63,  33.61,  33.67,  33.69
19931121, 1800,  , TS, 12.1N, 118.1E,  45,    0,    0,    0,    0,    0,    0,    0,    0,    0,    0,    0,    0,    0, -999,  33.61,  33.59,  33.60,  33.59,  33.56,  33.55,  33.56,  33.56,  33.56,  33.58,  33.57,  33.57,  33.53,  33.49,  33.50,  33.63,  33.62,  33.62,  33.62,  33.61,  33.61,  33.64,  33.64,  33.62,  33.62,  33.59,  33.52,  33.43,  33.52,  33.58,  33.57
19931122, 0000,  , TS, 12.2N, 116.8E,  50,    0,    0,    0,    0,    0,    0,    0,    0,    0,    0,    0,    0,    0, -999,  33.55,  33.56,  33.54,  33.52,  33.50,  33.49,  33.48,  33.45,  33.43,  33.46,  33.49,  33.51,  33.52,  33.53,  33.58,  33.52,  33.60,  33.55,  33.57,  33.57,  33.56,  33.55,  33.57,  33.61,  33.63,  33.56,  33.47,  33.55,  33.55,  33.54,  33.55
19931122, 0600,  , TS, 12.4N, 115.4E,  60,    0,    0,    0,    0,    0,    0,    0,    0,    0,    0,    0,    0,    0, -999,  33.49,  33.48,  33.47,  33.48,  33.48,  33.48,  33.48,  33.46,  33.45,  33.45,  33.48,  33.55,  33.63,  33.60,  33.59,  33.51,  33.48,  33.49,  33.48,  33.45,  33.46,  33.48,  33.52,  33.50,  33.49,  33.46,  33.41,  33.43,  33.46,  33.46,  33.43
19931122, 1200,  , HU, 12.6N, 114.2E,  65,    0,    0,    0,    0,    0,    0,    0,    0,    0,    0,    0,    0,    0, -999,  33.55,  33.54,  33.59,  33.68,  33.66,  33.67,  33.63,  33.62,  33.57,  33.55,  33.52,  33.50,  33.48,  33.50,  33.54,  33.53,  33.54,  33.52,  33.50,  33.44,  33.48,  33.49,  33.52,  33.51,  33.53,  33.54,  33.53,  33.53,  33.52,  33.52,  33.51
19931122, 1800,  , HU, 12.7N, 113.0E,  70,    0,    0,    0,    0,    0,    0,    0,    0,    0,    0,    0,    0,    0, -999,  33.60,  33.63,  33.61,  33.61,  33.59,  33.56,  33.55,  33.53,  33.50,  33.50,  33.56,  33.59,  33.60,  33.61,  33.59,  33.56,  33.50,  33.46,  33.48,  33.53,  33.53,  33.51,  33.53,  33.50,  33.50,  33.48,  33.49,  33.44,  33.38,  33.40,  33.40
19931123, 0000,  , HU, 12.8N, 111.7E,  85,    0,    0,    0,    0,    0,    0,    0,    0,    0,    0,    0,    0,    0, -999,  33.62,  33.56,  33.54,  33.52,  33.54,  33.48,  33.49,  33.58,  33.59,  33.51,  33.54,  33.57,  33.58,  33.54,  33.59,  33.54,  33.61,  33.60,  33.56,  33.49,  33.48,  33.45,  33.47,  33.48,  33.51,  33.52,  33.47,  33.44,  33.43,  33.46,  33.45
19931123, 0600,  , HU, 12.8N, 110.5E,  95,    0,    0,    0,    0,    0,    0,    0,    0,    0,    0,    0,    0,    0, -999,  33.71,  33.70,  33.72,  33.71,  33.66,  33.63,  33.64,  33.64,  33.63,  33.63,  33.63,  33.63,  33.61,  33.56,  33.59,  33.54,  33.59,  33.47,  33.49,  33.53,  33.52,  33.54,  33.56,  33.57,  33.61,  33.61,  33.61,  33.59,  33.56,  33.58,  33.61
19931123, 1200,  , HU, 12.9N, 109.3E,  85,    0,    0,    0,    0,    0,    0,    0,    0,    0,    0,    0,    0,    0, -999,    nan,    nan,    nan,    nan,    nan,    nan,    nan,    nan,    nan,    nan,    nan,    nan,    nan,    nan,    nan,    nan,    nan,    nan,    nan,    nan,    nan,    nan,    nan,    nan,    nan,    nan,    nan,    nan,    nan,    nan,    nan
19931123, 1800,  , HU, 13.0N, 107.9E,  65,    0,    0,    0,    0,    0,    0,    0,    0,    0,    0,    0,    0,    0, -999,    nan,    nan,    nan,    nan,    nan,    nan,    nan,    nan,    nan,    nan,    nan,    nan,    nan,    nan,    nan,    nan,    nan,    nan,    nan,    nan,    nan,    nan,    nan,    nan,    nan,    nan,    nan,    nan,    nan,    nan,    nan
19931124, 0000,  , LO, 13.3N, 106.6E,  30,    0,    0,    0,    0,    0,    0,    0,    0,    0,    0,    0,    0,    0, -999,    nan,    nan,    nan,    nan,    nan,    nan,    nan,    nan,    nan,    nan,    nan,    nan,    nan,    nan,    nan,    nan,    nan,    nan,    nan,    nan,    nan,    nan,    nan,    nan,    nan,    nan,    nan,    nan,    nan,    nan,    nan
19931124, 0600,  , LO, 13.9N, 105.4E,  30,    0,    0,    0,    0,    0,    0,    0,    0,    0,    0,    0,    0,    0, -999,    nan,    nan,    nan,    nan,    nan,    nan,    nan,    nan,    nan,    nan,    nan,    nan,    nan,    nan,    nan,    nan,    nan,    nan,    nan,    nan,    nan,    nan,    nan,    nan,    nan,    nan,    nan,    nan,    nan,    nan,    nan
19931124, 1200,  , LO, 14.4N, 103.9E,  25,    0,    0,    0,    0,    0,    0,    0,    0,    0,    0,    0,    0,    0, -999,    nan,    nan,    nan,    nan,    nan,    nan,    nan,    nan,    nan,    nan,    nan,    nan,    nan,    nan,    nan,    nan,    nan,    nan,    nan,    nan,    nan,    nan,    nan,    nan,    nan,    nan,    nan,    nan,    nan,    nan,    nan
